0.719865 0.586767 0.228821 0.557747 0.499517 0.669075 0.456771 1.00653 0.737135 0.509105 0.798088 0.953028 0.814313 1.03836 1.47926 2.12525 14.8146 70.2365 102.119 127.853 149.438 165.364 171.83 182.347 194.178 203.52 204.257 169.603 155.689 144.398 138.911 132.545 127.834 128.129 126.844 126.227 128.272 130.314 133.154 136.816 144.581 154.486 169.841 205.749 202.227 195.932 182.935 172.919 169.934 155.167 135.975 112.606 83.021 37.4295 0.491656 -0.296519 -0.919272 -1.12114 -1.25312 -1.41892 -1.06637 -1.12936 -1.10302 -1.12564 
0.35536 0.866641 0.563286 1.24072 0.338535 0.291367 0.549777 0.490155 0.518037 0.735492 0.304327 0.522244 0.538447 0.925577 1.11742 2.17592 14.7625 69.9341 101.778 128.054 148.636 165.55 173.463 183.172 194.416 203.549 206.78 171.179 155.453 145.005 138.448 132.332 129.083 127.369 125.926 126.946 127.85 129.811 133.438 137.019 145.475 155.223 170.682 205.469 202.01 194.915 183.523 172.078 170.266 154.471 136.204 112.262 83.028 37.644 0.372345 -0.198176 -1.21382 -0.916488 -1.10133 -1.11452 -1.00188 -1.19749 -0.907591 -0.898086 
1.08927 0.577738 0.864979 1.0144 0.9159 0.66825 0.706133 0.992763 0.711501 0.974144 0.336762 1.17304 0.688873 1.08583 1.44443 2.11861 15.3109 69.0346 101.121 127.76 149.27 166.586 173.639 181.433 194.547 201.138 207.886 171.33 155.573 145.547 139.023 133.032 129.003 126.803 125.943 126.929 127.961 130.711 132.65 137.04 143.969 155.85 170.093 205.927 203.912 195.447 182.74 173.547 171.894 154.395 135.713 112.534 84.0264 37.1867 0.0998893 -0.39406 -0.97153 -1.40342 -0.486682 -0.837931 -1.09053 -0.731506 -0.960835 -0.863139 
0.710792 0.380859 0.557326 0.900666 0.679855 0.967718 0.644859 0.412148 0.351648 0.319171 0.874116 0.669902 1.04273 1.25795 1.71558 2.14324 13.1454 69.3044 102.788 127.192 148.667 165.4 171.745 183.18 195.574 205.47 208.345 172.144 154.718 146.116 139.249 132.978 129.395 128.765 126.268 127.053 130.967 132.938 136.185 138.325 144.661 155.886 171.135 207.391 204.685 197.212 185.108 175.528 171.066 154.856 136.181 112.681 83.1022 37.4671 0.604914 -0.311533 -1.40238 -0.719732 -1.23397 -1.19109 -0.806975 -1.50653 -1.41566 -1.46884 
0.793631 1.06283 0.613672 1.10153 0.195314 1.2074 0.622427 1.00397 0.939276 0.716359 0.987583 1.16784 0.707648 0.846976 1.76364 2.226 13.7721 68.851 101.598 127.893 148.837 166.303 174.654 182.926 196.452 204.19 209.19 171.86 156.917 147.789 139.437 135.172 129.553 128.804 126.297 128.591 129.897 131.327 134.571 138.718 145.568 155.339 172.648 207.933 205.32 196.692 185.563 174.56 170.44 155.606 136.293 112.869 83.9906 37.8271 0.6354 0.249083 -0.384388 -0.669625 -0.842143 -1.01886 -1.07406 -0.973852 -1.0827 -0.947797 
0.892203 0.48718 0.945045 0.74648 0.767667 0.902945 0.730651 0.560176 1.03749 0.519915 1.1099 0.822903 0.646445 1.0068 1.29291 2.66369 13.3841 69.5797 102.02 129.282 148.544 165.656 174.163 183.629 197.81 204.8 209.62 173.165 157.326 148.351 139.922 135.717 130.246 129.577 127.506 127.517 131.444 135.076 134.917 138.483 145.633 156.877 173.189 209.287 205.923 198.062 187.763 173.863 171.58 156.045 137.746 114.319 85.3636 38.8441 1.09544 0.316705 -0.295962 -0.715466 -0.674591 -0.819423 -1.36597 -0.977449 -0.873838 -1.50997 
0.848849 0.956373 0.753354 0.886007 0.405025 0.812461 0.856314 1.02956 0.941476 1.24183 1.04008 0.759695 0.698779 1.28558 1.66837 2.94602 8.07744 65.6302 100.546 126.434 148.273 165.888 173.921 186.01 196.847 204.838 215.315 176.923 160.545 150.195 141.324 137.688 131.188 131.166 128.626 128.615 130.342 131.582 136.287 139.196 146.005 156.27 172.985 205.657 208.924 200.312 189.948 178.919 175.165 159.646 141.686 117.838 90.2882 47.537 -0.155689 0.683544 -0.197925 -0.249294 -0.960505 -0.803496 -1.20002 -1.13032 -1.22548 -0.920625 
1.05552 0.855045 0.756174 0.74566 0.669375 0.981677 0.398548 1.21937 0.661233 0.94924 0.90225 0.782784 1.25722 1.38236 2.26282 3.20624 7.63972 65.2526 98.3261 125.647 147.646 164.836 176.73 186.459 195.277 205.733 218.305 177.488 162.26 151.404 144.037 137.457 132.177 131.195 129.169 129.074 130.946 133.42 135.697 139.646 145.532 156.096 171.556 205.273 207.621 199.576 191.008 175.178 176.597 158.931 141.06 118.065 90.5065 52.5226 0.289809 1.12603 -0.320424 -0.575205 -0.512617 -0.88874 -1.41126 -1.02371 -1.00189 -0.841037 
1.12776 0.783665 0.90459 0.909888 0.624723 0.588113 0.697806 0.86504 0.925067 0.797102 1.05677 0.859003 1.21443 1.36854 2.4795 3.79363 6.76094 63.4573 99.1301 126.8 147.065 165.643 176.358 187.754 199.213 209.924 222.948 181.697 166.87 153.719 145.92 140.398 133.825 133.791 130.95 131.047 132.579 134.808 137.373 140.857 149.01 157.534 173.996 208.237 209.603 201.792 191.954 178.683 178.792 161.057 143.19 120.109 91.4261 50.8999 -0.278362 1.19294 -0.35042 -0.465608 -1.28615 -1.38071 -1.34724 -1.17357 -1.37749 -0.975552 
0.747698 0.735498 1.19468 0.626758 1.2932 0.94714 1.0513 0.964029 1.27171 0.536221 1.15511 1.0276 1.20868 1.16417 1.95943 3.30892 7.44997 70.6786 107.792 136.755 161.705 179.107 190.28 197.395 207.702 217.126 235.144 195.267 179.844 168.087 157.742 149.699 142.424 140.035 136.141 136.796 138.849 141.063 144.596 148.885 156.346 168.043 182.412 219.203 220.8 214.611 202.463 190.536 183.498 167.833 150.056 128.209 102.976 63.6837 11.4441 0.720863 -0.0623819 -0.639419 -0.522487 -0.856655 -1.10661 -1.39849 -1.2719 -0.945559 
0.850418 0.805233 0.530392 1.07415 0.712607 0.552587 0.612155 1.14259 0.578392 0.709879 0.58718 0.949969 1.30444 1.46451 2.44577 1.93777 58.3282 97.3411 125.996 150.595 169.199 187.608 203.679 217.976 231.726 243.354 260.278 221.184 199.953 186.588 173.133 169.188 164.992 162.805 161.254 160.798 160.63 162.462 164.27 167.141 173.237 181.252 196.175 233.107 239.182 229.997 219.978 209.967 198.977 186.854 169.444 149.231 126.594 101.06 65.9859 4.70115 0.187069 -0.791458 -0.682677 -1.0442 -0.648822 -1.2013 -1.20173 -1.10951 
1.47341 0.788057 1.06743 0.887283 0.448636 0.708869 0.971948 0.850673 0.564996 1.21693 0.969429 1.36401 1.34358 1.75377 1.97608 11.9858 80.6397 118.776 146.412 173.16 194.67 209.534 221.753 230.857 239.463 253.685 266.239 232.038 208.597 192.361 182.179 175.515 169.679 167.039 165.963 166.742 169.951 171.71 176.935 182.908 192.552 204.584 220.386 257.764 266.016 260.494 250.675 241.482 233.643 216.826 200.794 179.868 155.149 129.383 98.3203 54.9905 13.5446 -0.547347 -1.24949 -1.06756 -1.73068 -1.63587 -1.0505 -1.32531 
0.36851 0.577057 0.800198 1.24574 0.788482 1.0114 0.592295 1.1428 1.08047 1.08375 0.889222 1.51507 1.24941 1.40139 5.02461 61.5922 105.918 132.643 158.43 180.243 197.667 211.434 226.109 236.439 243.797 259.077 251.049 248.691 222.198 200.186 187.634 181.764 175.785 174.385 176.233 176.686 176.25 179.085 185.235 190.852 201.191 212.933 226.393 260.059 272.383 264.809 257.812 249.045 238.519 226.398 212.326 192.886 171.86 149.259 123.624 95.3114 60.3613 2.47582 -0.911093 -0.923747 -1.07944 -0.984428 -1.35582 -0.873033 
0.878029 0.512249 1.18663 0.70863 0.622477 1.1177 1.01095 0.680759 0.821333 1.2108 0.701821 0.735188 1.23367 0.623821 37.2247 87.2468 114.406 140.751 163.72 184.46 201.953 217.422 229.475 239.927 243.25 229.264 250.042 271.531 229.504 205.772 190.858 185.232 180.64 179.89 180.616 179.784 180.171 179.654 188.945 195.453 203.359 214.972 223.014 255.871 272.051 265.86 257.112 249.72 238.451 224.583 211.4 191.986 173.179 150.967 129.203 101.81 66.4067 6.137 -1.37458 -1.13407 -1.20875 -1.25316 -1.24768 -0.848783 
0.279898 0.562121 0.840961 0.959077 0.767285 1.19101 0.703493 0.854483 0.557629 0.868104 0.985521 0.928874 1.27267 1.20202 52.7705 94.234 121.178 139.528 157.443 176.386 192.175 206.532 215.845 222.425 196.681 187.428 190.69 207.172 205.463 194.164 173.469 164.23 155.29 151.384 150.106 151.247 152.355 154.783 159.813 176.726 187.662 200.32 206.595 236.462 250.445 246.996 240.215 231.749 220.007 207.918 191.445 174.599 155.303 131.133 95.4128 47.5825 27.4702 -0.97446 -1.07512 -1.34587 -1.33636 -0.790711 -1.28296 -0.865193 
0.931402 0.802397 0.756281 1.14097 0.823626 0.81715 1.11721 1.00026 0.780275 0.341059 1.19722 0.949803 1.70856 1.99364 14.3711 24.3197 51.6998 94.2296 123.492 144.882 164.693 180.18 192.996 192.151 156.838 148.857 170.267 174.139 159.503 161.308 158.027 147.455 141.399 139.482 139.164 138.562 138.558 139.494 140.471 160.319 178.199 187.546 181.805 212.796 227.117 221.644 211.672 199.756 185.904 171.054 150.547 125.388 94.6166 49.0138 1.75037 -0.229613 0.552116 -0.419082 -0.786391 -1.0334 -1.33541 -1.18152 -0.714755 -1.02963 
0.580985 1.16456 1.00166 0.784505 0.45965 0.677111 1.07373 0.609421 1.13036 0.927694 0.558853 0.895839 1.46114 1.74839 1.87289 2.6493 2.10402 28.6565 81.0378 112.061 136.24 153.098 165.717 160.244 125.955 121.792 115.814 154.657 132.548 127.153 128.645 128.897 123.157 120.763 120.189 119.89 119.469 120.642 123.386 139.294 143.468 147.085 159.82 192.084 203.192 197.482 186.502 175.081 161.582 145.322 124.762 98.9976 64.8667 6.68958 1.9586 1.07462 0.282496 -0.310538 -1.20093 -0.81398 -1.20306 -1.00751 -1.00481 -0.745379 
0.797617 0.879519 0.774425 0.749206 0.881456 0.425452 0.804795 1.05563 0.547012 0.753622 0.834837 0.846041 1.29258 2.14578 1.92832 2.89041 3.98356 14.7247 71.4526 103.663 128.654 147.271 161.055 145.94 121.262 108.214 108.503 130.495 126.926 119.512 116.161 114.485 121.195 119.042 118.2 117.2 118.243 119.501 122.042 135.838 135.017 141.729 155.879 185.542 201.44 193.205 185.296 173.318 159.502 142.753 121.26 95.8574 63.554 5.70836 1.99026 0.711327 0.0150367 -0.0696904 -0.967902 -0.901439 -0.676107 -0.811151 -1.07499 -0.823191 
0.693726 0.956202 0.943141 0.954985 0.786425 1.05095 1.37502 1.27462 1.10226 0.857831 1.17293 1.10014 1.60375 1.41085 1.88674 2.3765 3.35423 11.6766 65.8915 99.8822 125.303 143.809 161.546 133.116 111.766 102.093 99.3737 123.586 109.939 116.028 112.356 107.605 108.02 116.702 117.188 117.002 117.685 118.516 121.103 134.563 132.717 141.39 153.017 180.438 199.548 193.633 183.728 172.935 159.515 141.156 118.331 92.7817 61.0137 4.47818 0.930808 0.208063 -0.56541 -0.667487 -0.857115 -0.89218 -0.875626 -1.00676 -0.965886 -0.771531 
1.0684 0.820781 0.556183 0.987795 1.50002 0.898914 1.18653 1.0763 1.66458 1.29058 0.844913 0.936479 1.08196 1.13602 1.67811 2.54844 3.1223 8.8146 62.783 97.674 122.409 142.662 161.666 122.365 107.992 99.0961 96.547 121.615 103.811 101.769 108.212 104.734 102.167 103.399 114.73 116.455 116.661 118.476 125.263 129.313 131.078 139.119 151.139 177.571 199.173 190.775 182.591 170.723 157.355 140.804 117.414 91.0637 58.0066 3.42934 0.814969 -0.387943 -1.13126 -1.30258 -1.32612 -1.03579 -1.23044 -0.902759 -1.69273 -1.24312 
1.38411 0.810339 0.559429 1.20736 1.09464 0.150061 0.87981 1.15978 1.02998 0.787005 0.828908 1.01975 0.648363 1.22122 1.52167 1.70578 2.53119 4.78984 60.0467 94.4969 121.033 141.536 157.923 120.576 107.71 98.5274 93.6947 121.41 101.12 97.3168 98.9503 104.418 99.5805 100.922 104.381 115.002 116.245 116.478 122.449 128.38 129.708 137.927 150.314 173.562 199.596 191.116 181.989 168.584 156.335 140.864 117.098 89.9475 56.2351 2.79438 0.0389241 -1.00878 -1.50053 -0.856978 -1.59679 -1.62829 -1.228 -1.20151 -1.25822 -1.15754 
0.856712 0.820342 1.12494 0.521023 0.903926 0.392398 0.876831 1.204 0.981774 0.85458 0.620148 0.861106 0.988525 0.821906 1.25737 1.43034 2.30111 0.656512 58.8411 92.9045 119.089 140.467 160.095 121.466 107.045 98.851 92.5748 123.11 100.395 96.6999 96.8091 99.7923 99.9508 98.7881 101.335 110.961 115.235 116.749 122.625 127.383 129.339 136.238 148.795 164.976 203.189 191.545 180.999 170.093 156.237 139.993 118.077 89.112 54.6223 2.14873 -0.224457 -0.651246 -1.30951 -1.24754 -0.912012 -1.11624 -0.980749 -1.56025 -1.30334 -1.06234 
0.87662 1.20255 1.0318 1.25718 0.874931 0.726434 0.863497 0.829685 1.13015 1.25752 0.932655 1.06565 1.11655 0.988634 1.36751 1.34143 1.83241 -1.00759 56.0662 91.3596 117.763 139.72 157.137 129.952 110.775 100.773 93.1937 125.46 102.822 97.5775 95.7077 96.2935 99.9276 99.8193 100.84 107.108 115.456 115.639 123.91 126.938 130.368 136.693 147.148 163.009 205.062 191.18 181.716 170.189 155.036 139.329 117.234 89.6427 54.2125 1.46742 -0.23785 -0.769196 -1.34276 -1.40713 -1.19796 -0.8358 -1.50418 -1.46762 -0.798515 -1.6577 
0.965593 1.12309 0.907011 0.57544 1.28617 0.618674 1.30901 1.27269 1.25797 0.856041 1.45501 0.990042 0.643125 1.23052 1.08197 1.11581 1.94499 1.7104 44.9971 86.8017 114.593 137.566 152.647 140.094 114.723 103.827 94.829 127.347 106.82 99.7716 96.4183 94.3935 100.216 99.5531 100.596 103.711 116.255 115.35 123.198 125.83 128.863 135.563 144.32 160.928 198.299 191.669 181.791 170.2 158.279 140.801 118.827 92.7092 59.3785 4.36522 0.0276499 -0.960937 -0.838406 -1.10581 -1.01628 -0.983045 -0.915195 -1.4053 -1.23569 -0.989765 
0.960075 1.61502 1.41529 0.683278 0.858444 0.844221 0.767761 0.658157 1.14585 1.20193 0.897729 0.880156 0.916 1.33235 1.41255 2.00552 1.96771 2.4159 36.5276 84.6553 112.403 134.028 151.306 153.114 119.259 106.879 98.3174 129.272 108.695 104.276 99.243 94.838 99.3489 101.126 101.391 103.92 114.661 114.92 123.447 124.042 126.714 134.578 144.1 160.253 196.406 191.267 182.948 171.067 158.205 142.103 119.77 93.5834 61.2705 6.04423 0.235765 -0.938242 -0.681932 -1.25823 -1.52049 -1.41309 -1.04763 -0.908282 -0.738499 -1.43109 
0.606525 1.22972 0.7925 0.535424 0.931596 0.931038 0.97712 0.84586 1.38544 1.21344 1.16123 0.539367 0.632197 1.13347 1.5099 1.41365 2.17061 2.9752 34.8252 83.827 111.11 135.061 150.115 162.024 124.62 110.461 100.316 130.462 111.344 105.87 101.326 96.4317 100.838 102.2 102.624 106.689 116.082 113.395 125.25 123.103 126.66 132.41 143.535 156.777 193.707 191.994 183.541 171.758 158.031 141.233 120.009 93.3826 62.4141 6.32411 0.299493 -0.866889 -1.24949 -1.40745 -0.972727 -1.44818 -1.27133 -0.777702 -1.449 -0.787815 
1.13934 1.59402 1.37123 1.14745 1.02081 0.393147 1.02223 1.01453 0.767626 1.26126 0.955904 1.41182 0.781974 1.09694 1.33057 1.43634 2.19487 2.5933 31.9048 82.1713 110.78 133.303 150.343 167.352 130.449 113.065 104.509 132.384 116.08 108.557 103.997 99.2253 102.242 103.716 105.135 109.61 115.347 114.566 124.55 122.808 125.98 132.546 141.34 154.861 192.285 191.398 181.726 170.968 158.161 142.764 119.661 93.3203 60.9974 6.88954 0.135206 -0.748212 -1.0118 -1.24825 -1.43593 -0.975318 -1.03614 -1.2433 -1.1265 -0.884405 
0.749457 1.44012 0.894897 1.78816 0.883645 0.774758 1.07806 0.684646 0.823594 0.69662 0.933872 1.26555 1.24217 1.50312 1.28382 1.28073 1.93059 2.35994 29.5448 81.8529 109.89 131.671 151.348 171.125 137.643 118.714 108.726 131.135 124.647 112.885 107.529 102.041 107.226 106.421 107.544 113.043 114.266 113.497 123.077 121.531 125.585 132.128 140.453 155.014 189.33 191.16 183.011 170.336 157.897 141.51 120.641 92.7771 61.7483 7.29203 0.223498 -0.770421 -1.17064 -0.62332 -1.35491 -1.33538 -1.6806 -1.52393 -1.11374 -0.731085 
1.27351 0.829592 1.06974 1.44639 1.21524 0.811394 0.462445 1.34037 1.25766 1.12252 1.12206 0.725172 0.859968 0.781408 0.833979 1.6545 2.09491 2.72729 28.5049 79.9996 108.383 132.677 150.58 164.871 157.718 124.959 112.759 133.466 132.61 117.974 111.951 108.786 109.222 110.603 112.892 116.765 115.178 116.286 121.459 121.642 125.635 131.316 140.208 153.088 187.788 189.777 182.894 171.257 158.772 141.694 119.76 93.869 62.634 7.10754 0.292838 -0.421189 -0.880533 -1.64909 -1.11523 -1.4782 -1.10202 -1.36983 -1.11217 -1.42914 
0.805074 1.87345 1.5615 1.2558 1.14865 0.478019 1.05226 0.503041 0.868014 1.01751 0.918322 0.706203 0.498695 1.62727 1.10652 1.1023 1.54519 2.52252 27.6666 79.3742 108.25 130.3 149.309 159.891 173.67 134.031 119.424 140.885 142.573 125.184 119.418 119.355 113.827 115.707 116.758 114.798 114.647 117.513 118.347 121.297 125.118 129.964 138.934 151.63 185.607 190.01 183.106 170.723 159.885 142.069 122.939 95.3357 61.6996 7.25362 0.610699 -1.06419 -1.77666 -1.08892 -1.38898 -1.1106 -1.29314 -1.28236 -0.677116 -1.23128 
0.747571 1.29305 1.3456 0.887951 1.42237 0.796511 1.13131 0.273669 0.585657 0.805163 0.978137 0.835128 1.57558 1.19372 1.54786 1.63958 1.97569 2.75205 25.4681 79.0592 107.773 131.793 149.119 162.402 190.202 146.607 128.648 151.129 154.02 137.512 133.394 126.725 123.092 118.974 117.396 114.948 114.734 117.253 118.526 121.108 124.422 129.304 137.537 151.169 182.285 191.173 182.411 171.677 158.367 141.384 127.021 93.7334 61.6777 7.73984 -0.0721326 -1.21358 -1.22941 -0.990499 -1.44097 -1.55053 -1.00244 -1.32479 -1.06488 -1.36378 
1.22491 1.48597 -0.0975333 1.54388 1.28827 1.17879 1.26878 1.00933 1.0604 0.711037 0.908529 0.842911 1.03247 1.04933 0.933836 1.16166 1.7872 2.9703 24.0351 79.41 106.666 130.989 147.988 163.922 178.34 189.788 144.552 181.178 178.836 155.459 144.792 132.836 124.367 120.416 117.145 115.108 114.147 117.234 117.851 120.463 123.724 128.933 137.531 150.186 181.149 190.422 182.068 171.385 158.862 148.895 120.37 93.8826 62.2988 7.72506 0.369662 -0.409361 -1.38666 -1.16962 -0.515757 -0.910333 -0.798244 -0.411515 -0.854994 -0.62748 
1.01497 0.668195 0.307578 0.339193 0.234056 -0.0544661 0.238419 0.216772 -0.00885927 0.380464 -0.14918 0.302376 0.698105 0.0679416 0.361049 0.694755 1.39908 2.20902 23.6602 77.8572 106.882 130.752 148.224 163.48 173.639 209.245 197.587 205.302 193.936 161.415 145.867 134.338 124.677 121.25 118.162 115.804 115.288 117.055 118.255 119.549 123.65 128.475 136.131 147.106 177.649 190.795 183.09 172.965 166.472 141.604 121.086 94.2711 62.881 9.32745 1.53494 1.17516 0.0221115 0.556573 0.500535 0.0214981 0.484649 0.297782 1.01486 0.13383 
0.913002 0.0505022 0.0985102 0.347039 -0.0379223 -0.440408 0.497051 0.263794 0.155986 0.284092 0.404478 -0.41505 0.219287 0.225468 0.101047 0.348744 1.35709 1.83827 22.7897 76.8254 106.319 130.111 148.896 162.884 174.347 216.947 194.719 207.479 195.625 163.862 148.525 136.081 124.736 120.722 118.797 116.887 116.025 117.244 117.745 119.732 122.826 127.778 134.922 146.65 176.906 190.208 182.336 174.534 162.572 143.259 121.562 94.2622 63.3465 9.25489 2.65246 0.878233 0.0537209 0.383075 0.21224 0.794051 0.712126 0.458011 0.276098 0.336199 
-0.282234 0.652129 -0.239874 -0.0962887 0.0423041 0.165912 0.00767574 0.460002 -0.0648447 0.359532 0.00661732 0.197581 0.513187 0.690502 0.263418 0.569031 0.88232 1.96509 21.4737 75.9518 106.06 131.597 149.271 163.208 175.551 190.399 221.895 206.461 199.636 166.714 149.662 136.58 125.289 122.892 119.012 116.751 115.6 117.813 117.211 120.205 122.548 127.765 135.517 146.524 173.427 191.122 181.923 176.954 160.331 143.623 122.178 96.53 63.4178 10.413 1.83014 0.708327 0.3938 0.380671 0.167906 0.638584 0.336161 0.789555 0.984794 0.717284 
0.874042 0.725627 0.540502 0.37297 -0.273593 0.58962 0.321441 -0.390647 0.0784894 -0.624419 0.08941 0.588557 -0.18258 0.121142 0.171294 0.217135 0.697845 2.32979 20.8544 75.8072 106.11 129.921 148.314 165.43 175.228 181.383 226.201 206.21 203.211 167.25 150.463 137.049 126.902 122.132 119.738 117.071 115.902 117.709 116.541 119.564 123.384 126.941 134.645 145.456 172.013 191.049 182.348 177.613 160.629 144.303 122.364 96.3568 64.5531 11.543 1.5673 0.405411 0.698003 0.593179 -0.0396565 0.617164 0.076517 0.453714 0.122786 0.600084 
0.379058 0.302525 -0.155864 -0.100141 -0.351586 -0.225889 0.412407 0.102168 0.152743 0.0471833 -0.116477 0.28417 0.715136 0.0797743 0.0775502 0.390247 0.907972 2.6573 19.8985 74.917 104.692 128.918 149.057 163.967 175.146 185.217 220.716 206.765 205.439 167.669 151.833 138.44 126.902 122.086 119.35 116.76 116.329 116.428 117.134 120.002 122.812 126.831 134.806 145.921 170.169 191.586 183.275 175.682 160.365 144.494 124.199 97.5288 65.1048 12.4263 1.51553 0.339585 0.608032 0.488372 1.26109 0.595004 0.26974 0.306856 0.646683 1.00677 
-0.0513438 0.713137 -0.514084 0.200333 0.103313 0.574468 0.478403 0.706178 0.166362 0.628753 -0.0652859 -0.16558 -0.531447 0.627714 0.281216 0.333912 1.09053 2.25806 18.9692 72.9427 105.407 129.421 147.755 165.028 175.944 187.217 214.072 210.014 207.009 168.819 153.118 138.585 127.427 121.992 119.959 117.535 115.12 114.745 121.014 119.846 121.935 126.146 134.929 144.666 165.049 194.12 186.639 174.98 161.37 145.186 125.411 97.9247 65.4375 22.6678 1.86637 0.731806 0.158519 0.564309 0.122219 0.667688 0.665312 0.359985 0.79937 0.235454 
0.424871 -0.79397 0.0908481 0.037051 -0.139617 0.330766 -0.204803 0.873515 0.330048 0.106719 0.475039 0.298371 0.230575 0.541861 0.587806 0.859767 0.828678 1.9457 19.905 74.0741 104.536 128.59 147.788 164.289 175.016 185.205 206.849 213.735 209.19 169.712 154.181 140.114 127.621 123.195 119.928 117.077 115.891 114.881 118.721 119.462 121.201 126.493 134.149 143.415 160.161 197.759 186.51 175.449 161.263 144.139 123.199 99.2009 66.3518 14.3001 1.88479 1.15926 0.608787 1.11716 0.464619 0.399948 -0.445406 0.356708 0.601844 0.647803 
-0.234048 0.183692 0.608011 0.0238013 0.00373358 0.302644 0.153227 0.211945 0.00654137 0.302044 -0.0799565 0.114164 0.840074 0.465075 0.535596 0.296656 0.743387 2.13259 17.8755 74.2944 105.375 128.951 148.564 163.27 174.934 184.985 202.042 217.826 212.03 172.959 156.125 140.843 129.628 124.055 119.716 117.65 115.939 119.351 119.119 120.015 122.251 127.425 132.824 142.842 158.956 199.036 186.938 175.685 161.878 145.242 124.638 100.065 68.1329 15.9435 2.52334 1.23409 1.03776 0.576675 1.61983 0.195457 0.600647 0.795987 0.339765 1.05954 
0.673858 -0.12622 -0.0619771 0.0747372 -0.221776 -0.60983 -0.163929 0.319518 0.49797 0.527215 -0.109031 0.398229 0.240645 0.38143 -0.153848 0.715696 1.07462 2.65117 14.1559 73.1841 102.9 127.334 147.173 162.27 175.17 185.125 193.378 225.463 219.018 174.25 156.983 142.484 129.993 124.04 120.562 117.807 116.847 118.062 117.491 119.888 122.343 126.384 132.662 142.355 159.718 195.967 185.502 177.754 162.893 147.313 128.183 102.144 72.6057 20.6484 2.92353 1.9255 0.985495 1.10044 1.14965 0.8676 0.336017 0.530596 0.457811 0.733833 
-0.326708 0.473449 -0.151242 0.350703 0.30077 0.459639 0.12006 0.9546 -0.0294485 0.180492 0.352835 -0.161109 0.255761 0.556297 0.0624691 0.353526 1.53622 2.92783 11.0032 70.4052 101.178 126.6 145.907 160.973 172.683 185.028 194.497 219.333 222.817 176.492 159.629 144.009 130.522 124.317 121.02 118.104 116.717 116.184 115.856 118.781 123.867 126.205 134.4 141.529 159.18 193.868 187.293 177.886 165.02 150.569 130.652 105.856 75.346 25.8178 3.54679 2.90316 2.52126 1.14077 1.38142 1.25313 0.806813 0.695879 0.594457 0.45199 
0.00546553 0.00521542 0.230095 0.188264 0.169733 0.190352 -0.0848913 0.186477 0.370732 0.241413 -0.0708811 0.647708 0.298062 0.613899 0.356439 0.150529 1.28542 1.69442 10.6848 70.5193 100.626 125.084 144.663 161.553 173.668 184.871 195.468 219.912 226.389 179.702 161.753 144.825 131.024 124.812 121.151 119.201 117.279 116.644 116.847 119.273 122.931 125.611 134.012 141.221 158.718 193.038 188.575 178.969 166.167 150.969 132.291 107.556 76.7955 27.7554 4.14716 2.96662 3.08309 1.88843 1.06483 0.838725 0.839098 0.0273287 0.10399 0.765258 
0.215257 0.11147 0.482725 0.112967 1.22185 0.515586 0.745806 0.647611 0.777651 1.05762 -0.0628386 -0.253742 -0.400074 -0.014491 0.759671 0.587902 1.61807 3.2798 9.6578 70.2577 101.101 126.508 145.818 161.779 175.044 185.553 194.846 218.265 224.505 181.047 161.576 146.054 132.175 126.057 121.108 119.336 117.562 115.733 116.737 118.683 125.134 124.832 134.338 143.008 157.043 194.593 193.278 183.54 170.794 153.013 133.148 108.209 79.3137 30.8099 4.7995 3.92168 2.78571 3.26823 1.70992 1.34235 1.37208 0.650503 0.216184 0.439288 
0.833944 0.913516 -0.032498 0.918385 -0.0127803 0.313729 0.0997711 -0.239358 0.553332 0.451255 0.696076 -0.138185 0.312706 0.264696 0.726165 0.04705 1.33827 1.84338 21.7735 74.2021 104.475 129.963 150.929 168.188 179.944 189.781 199.639 223.413 243.301 188.936 170.125 148.904 135.44 129.8 125.268 122.375 119.917 120.281 119.437 119.469 133.301 129.219 138.616 149.369 166.621 194.371 190.29 179.261 166.211 150.945 134.575 111.604 83.0449 37.5548 3.81175 4.3664 3.80621 2.81521 2.10694 1.66607 0.725102 0.212184 0.694201 0.951516 
-0.161683 0.0152547 -0.332183 -0.271291 0.385211 0.498421 -0.476476 0.433826 0.394617 0.55375 0.196801 0.235567 0.585447 0.578607 0.330237 0.450596 0.942611 8.28302 66.0088 98.8184 124.496 147.748 166.909 181.815 194.563 205.665 213.353 245.232 290.339 251.713 210.173 175.299 148.216 141.062 135.358 134.025 133.752 135.388 136.619 137.39 152.581 161.728 174.699 183.89 183.787 212.752 217.558 207.434 199.169 185.885 170.687 152.287 129.614 106.357 69.0282 49.021 43.8458 35.8077 18.7263 0.36847 0.634696 0.658205 0.203225 0.28531 
0.91148 0.227117 0.175004 -0.0964548 0.237243 -0.0448584 0.174328 0.290438 0.284797 0.0435256 -0.373038 -0.113262 0.479042 -0.504001 0.307538 0.510511 0.852764 25.7434 78.5175 108.077 133.708 158.139 175.24 192.165 204.633 215.003 223.185 252.828 293.173 261.634 220.416 195.015 166.861 161.269 157.28 155.183 155.124 155.825 156.033 162.328 200.123 212.344 211.555 194.37 200.545 237.612 244.972 241.815 234.601 226.803 216.077 206.375 195.057 182.245 161.52 139.079 118.133 96.3197 67.3681 6.6087 1.0959 0.430176 0.361578 0.145124 
0.640567 0.109395 0.459319 0.193715 1.08536 0.384511 -0.388286 -0.189366 -0.125178 -0.104459 0.964369 -0.160107 0.038249 -0.255909 0.157764 0.999222 0.827489 58.1313 93.9701 120.867 144.91 167.77 184.886 200.502 215.377 225.922 234.839 240.782 290.433 252.45 215.188 195.718 174.139 168.288 165.264 163.024 161.559 161.157 162.936 180.583 204.528 220.548 229.872 193.614 212.546 255.781 263.135 257.375 251.407 240.977 231.887 218.145 203.733 187.672 169.18 148.299 128.21 106.558 76.3266 23.3532 0.927234 0.093779 0.575312 -0.0425029 
0.310902 0.108704 -0.399581 0.822082 0.224697 -0.00852893 0.209106 -0.29687 0.833838 0.763519 -0.0405902 1.11521 0.646907 0.332919 0.396025 0.641777 -0.692908 54.1031 90.4855 118.175 145.614 168.831 186.309 201.16 215.87 227.537 239.568 250.345 267.939 249.546 215.783 197.82 179.905 174.158 171.878 169.578 169.151 168.993 169.332 186.033 201.453 215.814 210.333 205.973 215.9 254.442 266.23 261.826 253.636 243.89 232.998 222.136 206.885 190.94 173.253 152.597 131.318 106.034 74.4137 13.2935 1.01114 0.645086 -0.133421 0.448761 
0.924618 -0.227274 -0.271845 0.297009 -0.00706055 -0.323752 -0.336379 -0.0626154 0.658652 0.301046 0.228077 0.786423 0.708149 0.591733 0.111304 0.730817 1.02187 21.4077 76.2865 107.894 133.37 157.698 178.031 193.745 207.803 224.163 232.936 246.013 258.364 244.384 211.652 195.358 182.103 175.475 171.483 169.453 171.445 171.613 169.908 184.698 191.399 200.268 201.669 210.407 213.226 252.696 264.625 258.17 251.902 242.134 231.829 219.997 204.368 189.905 171.588 150.055 127.184 97.7816 48.4171 0.419662 0.99826 0.549478 0.728634 0.608941 
0.526826 -0.0194263 -0.0882411 -0.394581 0.487605 -0.0228998 -0.0688586 0.717619 0.392781 -0.474023 0.0203618 0.330667 0.169456 0.013608 0.20505 0.956283 1.55315 0.428711 42.0893 89.2251 117.421 144.682 164.657 180.919 195.765 206.41 219.968 230.999 242.683 233.874 204.298 191.153 179.514 173.677 167.564 164.263 164.685 165.701 169.156 178.252 180.542 187.754 193.503 202.923 209.5 248.055 259.312 255.562 246.001 236.054 228.853 213.951 200.524 184.242 163.973 140.384 110.415 70.9768 6.92739 1.79589 0.987026 0.609235 0.571765 0.28248 
0.0322611 0.389368 -0.568385 0.141247 0.504862 0.274965 0.163823 0.359752 0.660382 0.423173 0.153123 0.604512 -0.00419881 0.388247 0.292228 0.0848675 1.26412 1.77149 3.53406 55.9978 94.7649 123.357 147.467 164.456 179.374 192.087 203.88 213.946 220.87 210.659 182.208 172.43 160.906 155.541 153.206 150.932 151.808 151.809 155.379 162.415 166.292 171.868 179.361 187.786 199.546 229.564 248.455 242.661 234.025 222.762 214.963 202.616 187.001 168.011 143.725 115.321 82.8432 19.9089 2.62567 1.98757 0.976439 0.505658 0.952311 0.458633 
-0.290169 0.910984 -0.3713 -0.280693 0.174964 0.143277 0.267931 -0.731662 0.254102 0.561799 0.285169 0.656007 -0.0040097 0.532421 0.189644 0.978309 1.44257 2.17374 2.98491 40.3101 86.1785 114.903 139.918 158.782 174.907 184.592 195.769 205.067 212.509 204.015 171.49 156.919 143.758 137.33 134.896 134.34 136.4 133.699 136.599 140.089 146.964 151.31 160.152 169.587 181.909 215.065 230.964 222.766 214.259 204.61 194.088 182.295 165.223 141.108 113.859 79.4148 19.0929 2.88662 2.519 1.79905 1.177 0.642141 0.416545 0.172895 
-0.595406 0.140286 1.07353 0.666163 0.347645 0.362227 -0.131694 0.265215 0.0006785 0.328967 0.0285729 0.348242 0.0329252 -0.266884 0.201638 0.506134 0.934421 2.03868 2.41188 37.8987 86.3527 115.175 139.971 157.782 174.821 181.605 193.052 203.845 212 201.468 169.831 157.465 143.872 137.954 134.32 133.262 133.146 130.903 133.352 134.593 135.966 140.338 145.5 154.049 166.708 196.713 212.463 203.28 196.316 184.634 175.977 166.085 148.463 127.79 103.047 69.843 12.3493 3.27983 2.24045 1.19463 0.280747 0.420281 0.448218 0.722769 
0.340423 -0.707109 0.0985055 0.105123 -0.28228 0.153773 0.351788 0.0921997 0.38422 0.552143 -0.1355 0.292408 -0.507858 0.251107 0.0773138 0.203946 0.639914 1.22514 2.50016 37.156 85.7399 114.118 138.796 157.174 173.002 180.655 191.416 203.055 211.967 205.066 169.372 156.168 142.877 135.934 133.632 131.654 130.393 129.845 130.576 133.63 134.905 138.297 145.126 152.568 165.15 193.893 210.765 204.975 197.5 186.766 173.54 165.876 147.466 127.889 102.152 68.5938 11.1242 3.00881 1.72452 0.98126 0.548806 0.425126 0.557771 0.895667 
1.05605 0.268868 -0.257824 -0.369921 0.269996 -0.173619 0.492447 0.128965 -0.113803 0.364928 0.285154 -0.72555 -0.0812224 0.194964 0.519904 0.323094 1.05517 1.58261 2.25203 36.4057 84.5381 115.139 138.633 158.446 173.654 180.112 190.647 201.24 210.902 203.46 168.666 155.191 141.54 135.979 133.569 130.96 130.442 129.103 130.841 132.697 136.796 138.697 144.085 151.148 164.57 192.218 210.766 205.459 196.439 185.4 174.861 164.857 147.457 127.751 101.73 69.669 13.1705 2.38089 0.984645 0.422136 0.0121152 0.0946953 0.49867 0.256553 
0.150497 0.692728 0.253082 0.256418 0.371255 0.551444 -0.274925 0.230417 -0.264143 0.0980647 0.390555 0.139455 0.484828 0.162375 0.759712 0.0628738 -0.405979 1.39624 1.42302 37.17 83.9794 113.685 138.014 157.895 173.479 178.584 189.141 199.402 208.943 200.513 167.724 153.734 141.143 136.038 133.005 130.311 129.496 129.422 129.366 132.249 135.008 138.001 142.665 152.502 163.115 192.69 211.105 203.482 195.456 186.043 175.52 165.74 147.933 127.706 101.131 69.3099 13.8006 1.875 0.767246 0.52445 0.417271 0.389936 0.342771 0.423209 
-0.209799 -0.325644 0.475113 0.936746 0.533736 0.260958 -0.389609 0.411646 0.752886 -0.0916464 -1.15114 0.490173 0.514128 0.420087 0.0057749 0.301576 0.546588 0.71074 1.69214 37.5401 82.9292 113.088 138.055 155.711 172.261 178.047 190.182 200.283 208.891 202.38 168.836 154.415 140.166 134.011 132.441 130.067 129.617 128.147 128.77 131.611 133.008 135.071 140.676 149.223 161.105 181.761 212.066 204.225 195.069 184.768 172.268 166.757 149.839 127.904 103.245 70.5178 15.6673 1.92513 0.459052 0.225015 0.169609 0.00310431 -0.0347987 0.53006 
0.490042 0.210974 -0.278295 0.170218 -0.344042 -0.0022763 0.296138 0.0245698 0.0639656 0.363797 -0.289603 0.450484 0.176967 0.470473 0.753968 0.0362077 -0.211889 1.61545 2.12148 29.4152 79.8292 110.194 136.63 155.818 171.851 177.317 187.74 199.26 207.601 202.232 170.046 155.512 142.247 134.582 132.051 129.808 128.011 127.065 128.492 129.961 134.007 134.997 140.993 148.15 159.056 176.228 213.946 204.645 195.691 185.676 174.403 167.62 151.123 130.933 105.575 74.7457 21.2268 2.11399 0.864333 0.686539 0.021487 0.400389 0.31096 0.278545 
0.462198 -0.641389 -0.155567 -0.747737 0.530531 0.725196 -0.194139 -0.00340653 1.10162 0.152465 -0.0529562 -0.0664325 0.145369 -0.124832 0.250543 -0.0677305 0.43665 1.47523 1.33878 30.8491 80.4993 111.018 135.374 154.565 171.204 175.886 186.07 198.851 206.652 204.412 169.764 154.014 141.136 134.322 130.74 130.222 127.914 127.587 128.069 129.131 132.23 135.242 140.739 147.695 158.305 174.659 213.579 202.874 196.151 185.139 174.394 166.688 151.452 130.818 105.983 75.1648 22.1902 1.79683 0.612335 0.434775 0.114712 0.243184 0.365752 -0.0320555 
0.120142 0.0084479 -0.362937 -0.315733 -0.172903 0.312885 0.63858 0.095856 -0.106885 0.408603 0.393883 -0.0711866 0.372854 0.572135 0.232335 -0.278919 0.384661 1.32434 1.90326 29.571 80.3738 110.763 135.012 155.033 171.864 176.217 185.804 198.164 206.596 203.972 168.579 154.307 140.41 134.776 130.89 129.734 127.828 127.383 127.237 128.935 132.155 134.306 139.272 147.937 158.908 174.383 213.264 206.215 195.795 184.152 173.401 167.971 150.343 130.78 107.158 75.5646 23.1241 2.18971 1.08789 0.106292 0.659412 0.552597 0.365494 0.429276 
-0.619341 0.58565 -0.00351418 -0.513192 -0.550778 0.953368 0.543563 -0.175231 -0.0231403 0.0476486 0.0861321 0.0394733 0.119406 0.530464 -0.451438 0.272629 0.489018 0.94144 1.71783 30.8873 80.2252 110.83 136.663 155.339 171.732 175.361 186.705 196.281 206.659 203.337 168.899 154.277 139.522 133.551 130.132 142.988 126.471 125.586 125.792 128.34 130.853 133.312 139.03 146.454 157.65 174.179 210.98 204.708 196.069 184.313 174.428 168.815 151.525 132.647 106.923 76.1724 23.5599 2.26639 0.950423 0.776584 0.799908 1.14081 0.464089 0.277228 
0.230131 0.372051 -0.136174 -0.596448 0.492351 -0.165687 0.0991388 0.159962 -0.445099 0.381163 0.794693 0.00322353 -0.017917 0.847726 0.172024 0.355718 0.41136 1.3255 2.57244 29.8317 80.3303 110.727 135.121 155.589 171.346 174.102 186.463 197.498 204.762 203.549 169.386 156.031 141.215 134.73 130.015 129.323 128.654 127.712 127.73 128.657 131.542 134.271 138.253 146.999 157.419 174.369 209.994 206.422 195.884 186.635 173.806 169.118 152.282 132.429 108.376 78.0563 24.5097 2.73019 1.94026 0.980102 1.14981 0.688136 0.604326 0.3205 
-0.0839571 0.475037 0.115502 0.127317 0.0108508 0.251926 -0.0416549 0.201034 -0.36443 -0.0721901 -0.159832 -0.238313 0.139497 0.184188 0.241251 0.699735 0.757407 2.32189 2.80678 30.8622 80.7639 110.253 136.448 155.403 171.089 174.651 183.259 196.761 205.499 203.184 168.275 154.242 140.938 134.54 130.604 129.523 126.75 127.185 126.953 128.968 130.887 134.941 137.756 147.178 155.577 172.473 208.172 205.396 196.774 187.002 175.775 169.594 153.059 133.571 108.087 78.1721 28.336 3.14301 2.27502 1.54363 1.68326 1.96313 0.996844 -0.107336 
