0.992988 1.18182 0.329233 0.939272 0.767354 1.0414 0.891445 1.06308 1.3519 0.972287 1.24129 1.36651 1.24219 1.32872 0.81879 1.17195 1.56726 2.2801 3.31893 59.9593 94.8978 121.661 143.379 160.824 174.405 181.137 191.818 199.298 207.811 171.251 157.413 145.016 135.542 132.336 129.489 127.223 126.052 127.143 128.425 129.534 133.572 138.02 144.459 154.711 169.878 207.032 209.664 199.794 188.109 164.064 176.935 158.923 139.843 117.989 89.3959 51.9749 -2.11848 0.0861513 -0.897402 -0.938483 -0.47369 -0.888096 -0.556433 -1.02138 
0.812306 0.8974 0.915062 1.27628 0.883077 0.921579 0.95616 1.31757 1.06336 0.881501 0.842694 1.21789 0.694492 1.20692 1.09043 0.902129 2.00826 2.46259 3.11538 59.0773 93.6285 122.122 144.662 161.894 173.187 182.276 192.46 200.488 208.962 171.798 157.232 144.094 135.491 132.629 128.792 128.093 125.985 127.411 127.844 130.273 134.47 138.044 145.963 154.31 170.128 208.092 210.07 198.193 187.716 163.227 179.081 158.995 140.792 117.332 89.5635 52.8685 -2.151 0.0834851 -0.654764 -0.630613 -0.420682 -0.776731 -0.45758 -0.635878 
1.38064 0.768281 1.20175 1.09159 1.62084 0.944904 1.10308 0.964173 1.17716 1.77624 0.934641 1.02875 0.640106 1.16237 0.747458 1.25799 1.88027 2.43675 2.9196 59.9241 94.032 121.577 143.997 160.933 173.268 182.506 193.317 199.348 210.662 170.485 158.364 144.516 135.844 132.421 129.27 127.312 125.385 126.86 128.786 130.31 133.77 139.134 145.249 155.727 169.301 208.866 210.408 200.387 190.656 164.115 178.453 159.098 140.428 118.876 90.4417 52.8424 -2.02085 -0.0377216 -0.583591 -0.436012 -0.631401 -0.693789 -0.547027 -0.909187 
0.987609 0.550366 1.27279 1.1131 1.10613 1.41001 0.801567 1.08646 0.994797 0.761944 1.25849 0.732848 0.945436 1.3269 1.23793 1.01 1.65468 2.6302 2.25548 58.1508 92.7042 121.543 143.308 161.354 171.389 181.499 192.102 200.514 206.063 171.969 157.782 146.186 136.359 132.566 131.183 130.366 131.63 128.874 129.231 131.307 134.515 139.178 145.316 155.657 170.852 209.523 208.772 200.021 190.487 169.664 176.65 158.951 141.072 117.806 90.2092 52.8445 -1.34454 0.605366 -0.733146 -0.648781 -0.649768 -0.847081 -1.16808 -0.852043 
1.26135 1.0731 1.02605 1.40121 0.54196 1.44269 0.568826 1.00299 0.989349 1.05872 1.48604 1.38411 1.28387 0.81592 1.0715 0.973917 1.67506 2.29386 1.36574 58.8184 93.6651 120.922 144.179 161.566 172.99 183.258 192.449 201.154 211.567 174.223 158.55 145.737 138.002 132.987 132.087 127.529 128.467 128.457 129.919 131.932 134.472 139.413 145.947 155.93 172.195 210.098 209.209 201.253 189.625 169.083 176.945 159.233 141.256 118.633 91.2776 53.6518 -1.22206 0.637588 -0.437738 -0.395496 -0.684916 -0.690235 -0.693833 -0.635888 
1.37148 0.751922 1.18108 0.901055 1.07252 1.13058 1.05366 1.03968 1.13763 0.929344 1.39073 1.18371 0.501142 0.989054 0.947337 1.2829 2.06475 2.48915 1.31742 58.8868 92.9373 121.087 143.779 162.649 174.104 182.652 191.461 200.85 213.795 174.15 158.87 147.358 137.505 133.789 131.805 131.508 131.777 127.342 130.668 131.444 135.42 141.121 147.543 156.637 172.254 210.098 211.216 201.092 190.153 170.72 179.218 160.994 142.111 119.832 91.8423 55.2804 -0.905674 0.968091 0.0794462 -0.813085 -0.681252 -0.635697 -0.810024 -0.948587 
1.1398 1.25193 1.04543 0.711462 0.961508 1.13392 1.09631 1.23971 1.02739 1.51787 1.29741 1.0074 0.943222 1.54628 1.01704 1.49725 1.7597 2.37328 2.36739 51.8268 90.9904 118.569 141.784 160.481 175.929 181.946 192.472 202.536 210.301 186.248 162.589 150.857 139.483 135.836 132.79 129.993 128.103 128.24 131.581 132.83 135.592 140.737 147.392 155.783 172.157 207.439 213.3 204.479 194.074 172.746 183.251 163.14 146.393 124.209 96.765 60.7609 2.15484 1.27273 -0.152816 -0.630147 -1.22241 -0.715718 -0.616642 -0.573156 
1.18553 1.42536 1.3275 1.41342 0.958183 1.35743 0.954255 1.35746 1.35232 1.24075 1.07023 1.22838 1.16372 0.986575 1.34643 1.35285 2.20887 3.18532 2.0977 48.2398 90.2263 118.612 141.489 161.097 175.48 182.235 194.119 202.442 208.675 189.568 164.515 152.143 141.21 136.129 134.208 130.516 129.738 130.667 132.475 134.194 137.118 141.489 146.918 155.803 172.19 207.522 213.552 203.773 195.258 172.866 184.403 163.218 146.544 124.512 97.8637 63.4301 4.49629 1.22506 0.161256 -0.318613 -0.809548 -0.557253 -0.568991 -0.290223 
1.43875 1.08895 1.15848 0.748375 1.15516 1.05727 0.877891 1.34595 1.17806 1.03932 1.35832 0.926091 1.00584 1.00266 1.64862 1.70671 2.2271 3.25311 2.80647 48.9317 90.6255 119.116 141.779 160.384 176.896 181.785 193.947 202.563 209.236 190.426 165.417 153.376 142.356 138.27 134.603 132.263 132.749 132.937 134.243 136.572 139.78 143.919 149.492 159.303 173.712 210.678 215.346 207.145 197.416 175.414 183.808 163.351 146.551 124.953 98.2725 62.3108 3.29008 1.6621 0.194698 -0.395795 -0.630776 -1.05897 -0.961352 -0.63041 
1.2634 1.21848 1.39144 1.05301 1.72159 1.36748 1.24389 1.38505 1.33018 1.0742 1.12527 1.52542 1.18468 0.991561 0.93953 1.28705 2.46917 3.71518 1.81336 41.632 89.269 119.783 144.044 163.343 180.874 184.657 198.343 210.623 217.842 202.782 175.461 163.102 152.07 148.009 145.006 141.065 140.492 142.6 145.688 150.173 152.99 158.549 163.097 172.433 184.427 220.188 223.252 215.299 207.375 189.233 192.828 175.78 158.551 134.03 107.344 72.1486 14.0905 0.942287 0.573817 -0.278248 -0.611954 -0.737901 -0.698043 -0.811647 
1.2043 1.54561 1.38894 1.34334 1.13759 0.82784 1.0469 1.46816 0.910779 0.958629 1.11142 1.23102 1.26056 1.20125 1.35945 1.35612 2.19244 2.64677 29.4833 82.3667 112.242 137.316 160.032 178.917 197.085 203.152 216.182 226.811 234.213 217.301 188.42 175.643 166.957 164.575 162.385 161.269 160.459 163.937 168.467 172.241 179.144 183.417 181.156 192.73 208.17 245.357 256.274 247.556 236.535 222.517 212.927 194.974 176.847 154.668 126.751 100.931 66.0385 5.13903 0.180478 -0.445577 -0.526425 -0.503489 -0.733839 -0.715845 
1.3841 1.1199 1.03998 1.13806 0.930128 1.3101 1.57485 0.800819 1.1335 1.49775 1.67837 1.20662 1.19987 1.37663 1.22611 1.79901 1.99712 0.937712 57.3769 94.1559 122.743 149.207 170.034 189.951 206.502 218.185 228.235 239.06 246.58 227.718 208.009 195.155 186.75 184.132 181.203 179.085 183.697 189.515 191.458 196.814 199.184 203.116 201.583 211.46 224.157 262.556 274.597 266.849 256.887 244.979 235.268 219.081 198.722 180.144 157.337 127.474 92.2395 43.8669 6.33612 -0.5963 -0.827373 -0.915026 -0.49144 -0.595195 
0.53078 1.02526 0.973926 1.45377 1.24253 1.27767 1.06875 0.998058 1.39946 1.10313 1.34519 1.51807 0.94873 1.61986 1.52344 1.79681 2.08074 9.81025 70.4114 108.291 136.946 162.692 186.552 207.182 223.766 235.196 243.87 251.275 246.472 234.571 216.66 204.772 196.866 192.674 190.74 183.868 182.646 189.046 193.828 200.663 211.5 221.772 206.423 216.121 231.507 264.961 282.588 276.958 267.83 257.154 242.671 230.447 212.781 194.766 171.64 148.027 122.06 93.0329 50.9071 -2.94456 -0.316238 -0.704215 -0.791363 -0.801768 
1.10513 1.22856 1.24098 1.23352 1.30692 1.23333 1.17039 1.39641 1.08095 1.65638 1.02618 1.32728 1.3208 1.45327 1.69441 1.17936 0.599651 47.2493 95.1545 126.277 152.431 176.472 197.805 215.594 229.676 240.133 243.203 224.826 228.386 241.034 216.045 210.414 203.834 197.482 189.173 184.451 184.576 187.539 197.375 202.761 216.026 228.543 220.576 214.737 233.659 268.223 288.65 282.224 271.747 263.072 249.96 233.582 218.484 197.741 176.327 152.783 126.211 99.1072 61.2749 -4.31346 -0.792687 -0.895556 -0.633904 -0.739327 
1.23318 0.662888 1.22453 1.30934 0.942602 1.55268 0.939751 1.40233 1.00214 1.25111 1.12664 1.02857 1.15423 1.21405 1.74917 1.60183 1.45029 65.6622 102.104 131.417 155.389 177.268 200.108 215.691 225.955 237.442 211.009 197.79 199.63 223.74 205.496 198.86 195.975 186.723 174.082 169.18 168.593 168.075 169.057 172.637 186.514 203.99 194.291 191.265 201.212 231.077 250.19 244.496 236.155 227.255 220.063 204.289 185.391 162.007 138.024 111.182 78.4903 24.1313 -0.0653307 -0.747667 -0.753983 -0.682824 -1.00608 -0.703948 
1.53937 1.31213 1.35396 1.5534 0.975254 1.01706 1.42615 1.63644 1.42095 0.840635 1.47794 1.65778 1.90102 1.54351 1.33925 1.63002 5.93207 38.8005 62.916 97.903 120.621 144.854 162.981 174.157 186.867 197.847 161.602 151.152 145.189 182.391 164.609 164.774 181.364 172.434 152.869 148.706 147.435 147.563 148.677 147.499 155.12 153.666 162.649 165.894 174.568 203.179 223.161 214.044 204.766 192.547 174.197 155.843 142.52 123.578 98.2602 66.4018 14.5542 0.563152 0.661605 -0.331002 -0.754063 -0.792175 -0.590808 -0.450846 
0.910509 1.61865 1.30841 1.37081 0.982162 1.31703 1.39514 1.15033 1.7562 1.23051 0.83542 1.43541 1.35845 1.26311 1.2659 1.21447 1.98582 2.53193 1.9333 16.2443 63.7396 95.912 123.236 142.485 157.32 164.264 126.66 115.758 110.531 140.178 134.216 125.583 151.358 138.903 128.283 125.847 123.626 122.917 124.333 123.861 132.164 134.562 146.003 144.044 155.766 181.646 206.115 198.176 189.363 177.775 166.952 150.517 131.174 106.303 78.0037 26.3313 2.31726 1.52784 0.0889167 -0.0928474 -0.554318 -0.555913 -0.751136 -0.620669 
1.41922 1.46871 1.54469 0.980872 1.08149 0.737651 1.33317 1.23823 0.830416 1.40999 1.39799 1.22931 1.28697 2.00844 1.32423 1.61617 1.78686 2.41729 3.72037 2.38928 47.0639 88.0164 115.792 136.818 154.346 152.98 118.87 107.506 100.323 123.302 117.269 120.475 117.824 124.701 125.865 123.757 122.27 122.652 123.337 123.896 135.716 139.985 133.863 140.986 152.734 170.433 208.548 195.134 187.68 177.212 165.087 149.744 130.429 104.923 76.4076 23.7006 1.92838 1.15976 0.318407 -0.38406 -0.145507 -0.317336 -1.09192 -0.740629 
1.1682 1.19232 1.50908 1.07713 1.55994 1.05555 1.24812 1.38724 1.2476 1.15734 1.21598 1.37433 1.59168 1.43839 1.22009 1.20713 1.89337 2.20747 3.475 3.72312 38.3032 83.4379 112.532 135.598 152.4 142.742 112.818 102.133 94.2027 116.562 104.813 107.809 111.061 113.182 111.921 122.129 120.619 121.071 122.158 123.818 136.949 150.641 131.642 139.227 149.666 165.443 205.577 193.377 184.865 174.939 163.723 149.418 129.037 105.506 75.2016 20.1185 1.85071 0.71149 -0.394713 -0.309149 -0.370821 -0.865307 -0.59813 -0.690959 
1.70286 1.52804 1.24638 1.47299 1.61039 1.56217 1.33769 1.2603 1.82989 1.36868 1.50222 1.22603 1.17482 1.34138 1.48552 1.55509 1.67841 2.15792 3.22165 4.15314 33.1968 79.7848 108.893 133.578 149.822 134.757 109.11 98.0951 90.1414 113.986 99.9067 97.5969 106.934 106.661 106.241 108.558 120.117 123.929 121.88 122.777 136.196 150.205 131.323 137.42 147.529 163.172 202.992 193.122 184.892 173.251 161.916 147.406 128 103.927 74.6153 18.8745 0.878779 0.0307251 -0.385526 -0.577975 -0.944241 -0.805852 -1.03738 -0.996244 
1.61088 1.43684 1.07359 1.18558 1.27191 0.780867 1.47711 1.46163 1.2201 1.11394 1.40485 1.13751 0.81773 1.20789 1.49976 1.50748 1.31851 1.62449 2.31702 2.89818 27.9919 76.6487 105.585 131.668 148.486 134.011 107.42 97.0958 89.4919 112.53 98.1696 93.5403 96.1468 106.053 103.488 104.147 108.635 119.742 121.122 121.712 141.457 146.043 131.095 136.397 146.456 161.748 199.917 192.597 184.373 172.887 160.068 147.565 127.824 103.965 72.8367 16.9584 0.897178 -0.231391 -0.74862 -1.11498 -0.844925 -0.770003 -0.38405 -0.658191 
1.45319 1.1608 0.915366 1.09915 1.52368 0.947664 1.05443 1.61074 1.31998 1.33292 1.19496 1.20223 1.21779 0.736387 1.50069 1.51926 1.31914 1.36377 2.11663 3.35978 24.7128 73.0817 102.638 129.162 146.83 137.643 107.463 96.7494 89.1583 112.363 98.3427 93.4266 92.4574 102.196 102.525 102.4 104.15 113.246 121.407 122.42 149.551 143.623 131.793 134.837 145.152 159.97 198.128 192.344 182.72 173.208 160.512 146.225 127.211 103.027 72.6459 17.836 0.64814 -0.434859 -0.511187 -1.10952 -0.440796 -0.98953 -0.849546 -0.682754 
1.20418 1.3409 1.24195 1.70625 1.31195 1.37162 1.04949 0.964452 1.34074 1.37061 1.25157 1.60909 1.40667 1.43316 1.60001 1.24653 1.12127 1.43452 2.17225 3.17011 21.2308 70.287 100.867 127.32 146.12 140.824 110.152 97.4383 90.359 114.095 98.8826 94.7986 92.25 101.316 103.41 102.196 103.991 107.653 120.314 121.697 156.002 146.78 131.122 134.466 143.966 158.334 193.624 190.995 182.296 173.097 159.952 146.535 128.192 103.27 72.8926 16.8253 0.526466 -0.751534 -0.97881 -0.345548 -1.20876 -0.692589 -0.406627 -0.853327 
1.46817 1.56667 1.40637 1.05165 1.30488 1.15191 1.31591 1.48629 1.29543 1.19768 1.68888 0.974157 1.18242 1.38882 1.58427 1.19315 1.23814 1.71795 1.89543 2.81541 14.7022 66.5723 97.2536 123.637 142.758 149.257 113.854 100.357 93.4282 107.676 107.294 96.3257 93.1673 98.1307 104.195 103.8 104.141 106.341 115.936 123.607 158.893 144.085 130.55 134.527 142.48 154.938 190.81 190.872 183.356 173.065 161.113 147.389 130.907 106.025 76.6089 22.5589 0.714187 -0.142947 -0.28792 -0.920099 -0.683682 -0.989993 -0.687121 -0.553221 
1.44672 2.09239 2.00869 1.14653 1.69071 1.37941 1.35856 1.68102 1.30757 1.66087 1.60319 1.69702 1.08239 1.36068 2.08634 1.69772 1.70117 1.3877 1.59339 3.02898 9.09306 61.4412 93.8659 121.691 141.755 157.411 119.44 104.487 95.3287 104.464 116.885 99.477 94.5261 98.3513 106.797 103.464 104.657 106.678 111.802 122.144 156.611 145.19 129.246 135.048 141.029 152.27 186.98 192.051 183.932 174.745 161.941 147.689 129.666 107.437 77.8415 24.3145 1.17907 -0.233011 -1.18973 -1.0628 -0.655144 -0.689369 -0.533539 -1.13999 
0.914002 1.60779 1.67866 1.26557 1.33954 0.955156 1.26135 1.53665 1.39981 1.61658 1.55153 1.14386 1.33267 1.52469 1.27315 1.69207 1.48059 1.32992 1.54279 3.15204 7.27395 61.0339 92.1994 119.503 141.311 161.185 124.146 108.755 98.2801 104.912 120.839 102.564 98.668 98.7604 108.171 105.052 105.555 107.668 112.768 120.257 155.198 146.212 130.626 134.822 139.358 150.756 184.654 193.057 184.732 173.766 162.613 149.279 129.507 107.483 78.2501 25.4558 0.877738 -0.245061 -1.05071 -0.96218 -0.993615 -0.306942 -0.98225 -0.423602 
1.75432 1.90862 2.03031 1.5393 1.29529 0.751076 1.3132 1.42869 0.773399 1.57658 1.35723 1.66349 1.10521 1.48775 1.90556 1.69535 1.42701 1.18566 1.87097 2.42734 6.4866 57.3831 91.9123 117.603 140.418 154.49 139.365 112.665 102.553 106.626 126.119 106.519 102.995 104.093 110.042 107.526 106.846 108.988 112.081 120.676 148.326 143.762 138.056 134.459 137.887 149.382 178.086 191.741 184.49 174.29 162.313 148.966 130.101 107.205 78.8394 25.9178 1.14577 -0.267109 -0.696709 -0.81481 -0.619832 -0.752036 -0.670967 -0.622372 
1.38175 1.79059 1.56307 1.8177 1.65627 1.21744 1.45316 1.19675 1.03964 1.04838 1.51702 1.10746 1.50024 1.84297 1.50043 1.3067 1.17402 1.20788 1.83944 2.81455 4.93875 55.4139 90.5069 117.339 140.555 154.555 148.896 117.362 106.352 108.529 131.424 111.441 106.711 109.88 109.406 108.217 108.199 109.744 114.798 120.794 143.843 143.063 147.175 128.496 137.959 148.601 175.275 191.861 184.023 174.484 161.977 149.13 130.692 107.935 79.6397 26.5422 1.36883 -0.0184846 -0.666325 -0.942164 -1.01078 -0.929134 -0.703482 -0.569259 
1.41071 1.02612 1.87772 1.74095 1.5032 1.42581 0.780953 1.82839 1.34587 1.61825 1.44268 0.802173 1.40375 1.40601 0.839213 2.02871 1.81465 1.10762 1.76301 2.4278 2.76252 54.9156 88.8591 116.943 139.667 155.741 158.764 125.407 111.694 113.32 138.4 117.875 112.911 115.26 113.175 111.991 110.602 112.433 120.347 121.959 142.882 143.821 142.738 133.626 135.952 147.588 173.483 191.945 185.206 173.943 163.184 149.04 130.779 109.021 79.6713 28.0716 0.725913 -0.449657 -1.09965 -0.863204 -0.545737 -0.794265 -0.53059 -0.983977 
1.21478 1.79079 1.7332 1.57392 1.22522 1.03601 1.27533 0.947525 1.20329 1.52351 1.47405 1.24157 1.104 1.39236 1.55185 1.36043 1.36725 0.943634 1.13841 2.76237 2.84905 54.2435 87.9374 115.344 137.251 155.424 168.7 133.526 120.145 120.707 146.806 125.803 122.863 119.628 115.744 112.851 113.575 119.011 119.849 121.085 140.509 148.824 132.147 135.442 136.08 143.968 165.9 195.039 184.648 174.672 162.544 149.801 132.576 108.384 80.5357 29.2043 0.584948 -0.399501 -0.908982 -0.343116 -0.87963 -0.646838 -0.240006 -0.473225 
1.39007 1.68145 1.68575 1.72674 1.58986 1.28319 1.5359 1.00697 1.09617 0.949607 1.48591 1.8356 2.00622 1.67858 1.67507 1.33391 1.27398 1.7881 1.35588 2.27608 1.9109 50.5874 86.5161 115.362 138.12 154.485 167.466 157.194 131.045 130.444 163.304 140.855 129.502 122.438 119.237 119.988 121.962 119.595 121.145 122.081 146.343 141.304 132.331 134.928 138.224 144.312 161.337 199.104 184.348 174.958 163.754 150.163 132.475 108.938 81.2054 29.6515 0.470841 -0.313575 -0.803276 -0.772254 -0.76968 -1.08034 -0.60081 -1.00623 
1.36088 1.05904 1.12882 1.65975 1.42247 1.35692 1.22063 1.72172 1.09539 1.26349 1.55531 1.15552 1.43009 1.67452 0.999371 1.63464 1.25592 1.40662 1.43206 2.21168 -0.314634 51.7361 86.4385 114.012 137.219 154.39 169.148 179.204 152.248 159.489 184.162 151.525 140.71 133.042 128.682 124.464 121.838 120.597 120.274 122.733 144.271 137.029 129.907 134.665 138.895 142.826 157.858 195.109 184.81 174.391 163.486 149.59 131.857 108.931 81.732 31.7307 0.560199 -0.395067 -0.800081 -0.73989 -0.794523 -0.790672 -1.2121 -0.915544 
1.20417 0.753759 0.982525 0.615833 1.00279 1.0598 0.555517 1.20564 0.5078 0.822376 0.407423 0.872255 1.17694 0.76777 1.22652 1.18988 0.883703 1.77943 1.50419 2.30645 -0.877187 50.4431 84.1205 112.963 137.312 154.607 168.408 178.41 188.507 196.299 202.128 164.452 141.128 132.817 126.82 122.68 119.955 117.521 118.894 123.515 127.354 140.807 126.486 129.26 134.265 141.84 154.549 189.614 182.355 172.337 162.206 147.631 130.54 107.99 80.7184 32.2993 -0.153354 -1.25254 -1.37573 -1.90877 -1.40796 -1.85009 -1.4631 -1.84538 
0.903427 0.72988 1.20089 0.809649 0.753195 0.00473627 0.602053 1.06508 0.92844 0.770373 1.02997 0.297197 0.785485 0.685718 0.63276 0.837812 0.984451 1.01643 0.936202 1.51581 -1.25857 48.0449 84.4816 112.669 136.361 155.033 168.547 180.054 189.403 198.6 205.43 167.775 142.588 133.618 127.341 123.102 120.735 119.651 121.57 122.272 124.685 135.75 127.443 128.323 133.102 142.558 152.45 188.804 183.866 172.782 161.824 147.128 131.216 109.208 82.7082 34.3809 -0.183988 -0.545454 -1.93056 -1.67496 -1.21539 -1.73068 -1.44575 -1.651 
0.360822 1.05294 0.507961 1.0979 0.35411 1.14905 0.637561 0.665196 0.428533 1.02411 0.579303 0.608262 0.994469 0.825885 0.712223 1.11748 0.494598 0.778596 0.910113 1.42526 0.357576 45.6833 83.9157 111.637 135.833 154.432 168.015 181.575 189.697 197.944 208.908 168.216 143.645 134.598 127.889 123.927 120.719 120.668 121.611 122.364 118.616 135.437 128.941 127.984 133 141.796 153.217 186.515 182.367 174.104 161.594 149.098 131.936 109.746 82.8105 36.0443 -0.248068 -1.31854 -1.84403 -1.20601 -1.50522 -1.56706 -1.40351 -1.29107 
0.904853 1.34833 1.57089 1.03757 0.00455643 1.06408 0.198673 0.512733 1.08549 -0.248437 0.938342 1.4922 0.154744 0.355845 0.539808 0.403923 0.720757 1.34658 0.923137 2.08116 1.23561 43.3226 83.3822 111.401 135.307 153.862 169.435 179.566 190.74 198.973 207.451 174.641 146.668 134.7 128.497 123.845 121.598 120.704 120.202 122.27 117.664 134.225 127.84 127.588 132.616 140.441 152.401 185.157 183.125 174.505 163.09 149.391 132.648 110.457 83.2494 37.5648 -0.646843 -1.59923 -2.35351 -1.39215 -1.89497 -1.6211 -2.54292 -1.55318 
0.879053 0.965601 0.48227 0.94343 0.401 0.679509 0.791749 0.851051 0.621739 0.463834 0.91454 0.778882 1.01878 0.226807 0.974339 0.959109 0.532819 1.11501 1.00689 1.54624 1.37408 40.6117 81.2936 110.627 134.074 154.753 168.651 180.344 191.143 199.877 205.412 180.852 146.529 134.623 129.289 124.073 122.418 120.541 120.413 120.075 117.025 133.795 128.614 125.92 131.287 138.893 152.141 182.784 183.346 174.689 163.516 150.15 133.272 111.249 84.004 39.8978 -0.75153 -0.84088 -1.13943 -1.48801 -1.58823 -1.42111 -1.43751 -1.61441 
0.496039 0.963484 0.190919 1.09512 0.334859 1.20648 1.23077 1.29893 0.789286 1.09927 0.812586 0.83756 0.272827 1.45903 1.09324 0.460653 0.706761 0.86603 0.960066 1.73529 2.39378 39.0101 79.7127 109.852 133.906 153.827 168.812 179.931 191.586 198.256 204.771 184.899 147.829 135.736 129.702 125.885 120.994 124.235 119.868 117.203 118.871 130.09 126.743 127.585 130.874 138.502 150.806 181.617 185.11 174.319 164.305 151.249 132.87 123.159 85.5401 42.7009 -1.20085 -0.768276 -1.87689 -1.67228 -1.35474 -2.15677 -1.46867 -1.67538 
1.08927 -0.157176 0.809798 0.801606 0.381689 0.958058 -0.329687 1.51939 0.953871 0.652294 0.966632 0.566743 0.486475 1.03395 0.749114 0.80311 0.72737 0.75134 1.21268 1.90606 1.81237 38.3965 79.9695 109.664 134.23 154.007 167.393 179.849 190.098 198.212 204.665 188.879 148.889 137.565 131.032 126.626 123.513 122.281 118.255 118.73 119.373 128.045 126.383 127.382 130.995 136.834 149.285 180.496 183.733 174.92 164.495 152.027 133.931 112.566 85.9813 46.032 -1.20432 -0.417962 -1.39133 -1.74214 -1.81854 -2.00176 -1.09259 -1.22771 
0.214209 1.31339 1.08214 0.699718 0.886649 1.11692 0.216429 0.296758 0.827394 0.382476 0.735242 0.718864 1.74309 0.909701 0.861845 0.102843 0.586155 0.597628 1.21041 1.52682 2.36599 38.066 79.7351 107.953 134.102 152.627 167.315 180.64 190.377 198.332 205.538 192.872 150.591 139.509 130.207 125.23 126.721 120.006 118.637 117.426 117.867 130.424 125.717 127.183 130.569 141.198 149.001 178.926 184.086 175.502 164.753 152.32 135.287 114.464 88.0053 49.5678 -1.96015 -0.222935 -0.667064 -1.45198 -1.00237 -0.976972 -1.2529 -1.05999 
1.486 0.880564 0.430444 0.884501 0.54909 0.0963448 0.668643 0.872956 1.04924 0.582581 0.606279 0.676019 0.496923 0.851571 0.194808 0.86086 0.69849 0.958882 1.11855 2.4322 2.39162 33.0726 78.0732 106.886 132.041 152.055 166.825 179.557 190.258 200.393 204.776 196.486 155.976 141.957 131.775 132.283 123.795 120.72 119.445 118.189 118.553 126.128 127.093 129.439 130.415 137.621 148.331 174.565 185.587 176.875 167.038 153.594 137.726 117.244 91.6833 56.4588 -0.0677775 0.585888 0.05738 -0.627216 -1.05361 -1.26375 -1.21982 -1.23326 
0.874971 1.25742 0.433677 0.876075 1.2457 0.948056 1.22136 1.17904 0.639168 0.634426 0.857489 0.552452 0.386103 1.18577 0.685793 0.434762 1.20351 1.22797 1.39604 1.60843 2.70398 27.4858 74.9001 105.18 129.575 151.121 166.992 179.557 188.198 197.259 204.975 201.544 152.544 143.364 136.922 131.96 123.414 120.565 118.809 118.122 119.715 125.007 128.162 129.545 129.409 135.155 145.685 170.303 187.321 178.903 167.827 154.934 140.534 119.877 95.6404 62.2982 3.39721 1.11685 0.162246 0.393258 -0.0611737 -0.495883 -1.0723 -1.24116 
0.537155 0.534321 0.70879 0.812395 0.77241 1.32627 0.574459 0.503679 1.04102 0.690428 0.701807 1.10737 0.846631 0.954224 0.936732 0.141701 1.04143 0.254801 1.06074 2.35716 2.43661 27.0047 74.964 106.298 130.837 151.064 166.693 179.955 190.737 198.011 204.718 203.003 154.533 142.354 142.561 128.126 123.846 121.828 120.192 119.2 118.253 124.703 129.568 128.386 130.575 134.963 145.251 165.451 188.762 179.196 169.174 155.744 141.823 121.597 97.9226 63.8637 5.18498 1.46612 0.847478 0.095845 0.463829 -0.869692 -1.37945 -1.49742 
0.488077 0.797972 1.22984 1.33352 1.37935 0.995029 1.04145 1.33371 1.25331 1.65137 0.557138 0.364073 0.616893 1.12216 1.08393 0.648317 1.05 1.26498 1.32247 1.94891 2.79125 26.5097 73.6478 104.908 130.67 149.484 166.491 178.689 189.662 198.16 204.687 204.997 156.123 143.867 151.17 133.543 129.013 124.553 122.591 120.725 119.376 122.428 128.475 130.599 130.64 135.288 144.543 157.217 193.847 181.067 168.859 157.165 143.568 124.453 100.469 66.6387 7.18511 3.34841 1.06649 0.668326 0.269448 -0.151509 -1.22397 -1.47702 
0.781762 0.852751 0.275295 1.22774 1.10156 1.25952 1.06151 0.485781 0.716718 1.36587 0.836124 0.173772 0.809011 0.514513 1.14321 0.331293 0.740337 0.537615 1.38902 1.91515 1.63387 28.3574 78.105 109.295 133.417 152.055 168.717 181.213 192.883 201.398 207.821 209.348 160.292 164.668 158.229 133.414 128.208 124.492 121.55 120.328 119.325 126.913 138.833 139.458 140.602 140.425 143.793 158.048 199.005 186.105 175.507 160.946 144.767 128.218 103.94 71.5669 16.1013 2.30165 0.829391 0.270109 -0.390213 -0.518575 -0.970456 -1.05389 
0.571242 0.535846 0.278945 0.654346 0.854585 1.17065 0.107436 0.798548 1.05539 1.07667 0.668882 0.6061 1.36507 0.855954 0.566181 0.515939 0.68476 0.661638 1.287 2.23414 11.4547 66.5388 101.924 127.161 149.72 170.038 183.299 195.008 205.884 212.862 219.808 225.793 174.61 199.804 165.215 139.721 134.868 132.016 130.734 128.926 136.318 165.621 186.118 191.664 161.529 143.8 153.989 170.197 211.003 201.784 197.554 191.734 180.498 171.981 156.996 137.719 115.616 86.8165 91.8093 76.6334 52.4219 9.18842 -1.25595 -1.71662 
1.63243 0.738519 0.637809 0.395792 0.813921 0.930003 0.564027 0.759548 0.886686 0.813867 0.229419 0.416403 0.892781 0.98897 0.8687 0.487499 0.952935 0.828364 1.29194 2.3923 12.8818 74.6317 107.492 135.662 158.04 178.696 194.017 207.829 215.847 224.771 231.75 236.794 217.19 226.845 200.943 158.563 148.807 146.573 144.921 141.97 161.916 182.563 201.972 210.221 189.007 182.369 195.979 214.488 257.852 256.222 248.348 239.037 230.531 219.692 207.09 194.863 174.884 158.284 138.299 115.622 88.1097 50.1501 -1.55121 -1.66276 
1.14964 0.599225 0.887475 0.359041 1.5391 0.841715 0.107711 0.650632 0.416984 0.648176 0.924609 1.06697 0.449255 0.706538 0.726537 1.36575 0.462225 0.653875 1.21432 1.46014 41.7163 89.3706 119.256 145.507 169.827 186.037 202.192 216.197 225.147 235.074 241.058 249.924 225.967 225.949 202.572 182.353 164.49 160.673 159.899 160.305 175.035 187.369 199.55 196.227 192.158 192.55 203.427 220.785 267.646 263.18 257.858 248.7 240.635 230.684 219.052 201.647 185.873 168.618 148.054 122.955 95.2215 58.7582 0.261739 -1.62744 
1.44849 0.91592 0.70169 1.12768 1.12025 0.20729 0.597315 0.588889 0.153832 1.19577 0.706138 1.37001 0.864109 0.646135 0.957641 1.04018 1.01346 0.800378 0.976691 1.2846 33.0504 88.113 120.53 147.387 170.347 190.271 204.879 220.28 228.976 240.513 248.012 257.899 220.669 217.27 199.648 187.259 172.989 168.368 166.577 167.918 175.173 183.168 187.298 189.989 193.157 197.362 210.037 228.072 271.681 271.502 265.035 258.613 247.756 236.543 223.628 206.167 188.716 168.919 145.103 118.661 88.2374 43.752 -2.93941 -1.20769 
0.92941 0.611603 0.478526 0.927987 0.00862953 0.22989 0.982343 0.942732 1.01114 1.1562 0.45524 1.42233 1.27644 1.05078 0.536252 0.920788 0.68635 0.950597 1.31796 1.7132 6.9979 71.2627 110.239 137.634 162.608 183.035 199.223 214.32 226.267 238.043 247.092 259.433 210.13 207.031 192.668 184.283 175.49 167.406 167.824 170.636 173.375 178.465 184.21 189.883 192.3 200.366 210.349 227.73 270.261 271.021 265.715 256.067 245.307 233.583 218.991 202.708 183.494 160.778 134.79 105.392 70.7325 8.7076 -0.679503 -0.877215 
0.899052 0.550667 0.327655 0.426378 1.39268 0.444024 0.481312 1.32679 0.968195 0.301234 0.471847 0.54872 0.836536 0.541169 0.688212 0.646424 0.866474 0.476834 0.868328 2.19709 1.78503 36.4075 89.447 120.738 146.538 167.634 187.087 201.052 212.328 223.41 235.201 247.089 209.532 191.114 182.584 175.957 172.338 162.351 162.223 165.387 169.095 175.757 179.002 184.666 190.64 199.872 210.337 226.523 265.662 264.135 257.046 245.396 234.858 221.856 206.136 189.005 169.014 145.166 115.208 82.4021 24.9579 -0.742819 -0.444184 -1.44384 
0.377015 1.47961 -0.016706 0.71246 0.678553 1.00492 0.91703 0.650365 0.960858 0.729685 0.556302 1.21112 0.152731 0.739281 0.643846 0.366967 0.952728 0.662003 1.42013 1.81634 2.64111 6.43087 67.5329 99.9314 127.153 151.857 170.712 187.272 195.178 206.626 217.192 227.949 192.161 176.95 170.51 164.264 161.229 155.005 152.123 155.472 155.725 158.447 161.752 169.072 174.623 181.071 187.138 203.293 243.457 244.335 235.898 224.258 209.637 205.267 189.086 170.383 148.345 121.76 86.5308 34.8954 -0.585029 -0.10601 -1.06128 -1.09819 
0.603574 1.18934 0.664468 0.493632 0.673141 0.996086 1.16491 -0.288037 0.986011 1.38319 0.757064 1.31924 0.760142 1.13785 0.703215 0.749524 0.761285 0.649607 1.24469 2.02241 2.21259 0.0447327 50.0012 91.1838 119.523 142.974 161.47 177.187 185.603 196.26 208.362 214.08 177.065 160.877 155.676 151.243 147.544 146.26 143.477 144.297 143.203 144.056 145.97 148.568 151.307 157.771 164.784 179.118 217.673 218.892 210.064 200.914 176.401 187.838 164.217 146.586 124.078 96.9865 62.2896 4.36328 1.42838 -0.0613542 -0.834848 -1.22772 
0.292445 0.94641 1.50269 0.852635 0.861151 1.08677 0.625402 0.647136 0.624685 0.722911 0.479317 1.0859 0.593996 0.325339 0.63235 0.65063 0.424727 1.38726 0.884472 1.7383 2.36209 0.97438 49.9092 89.533 119.151 141.797 160.72 175.945 184.391 195.826 205.542 212.868 174.665 153.407 144.474 136.789 132.761 131.961 129.907 129.181 128.011 128.989 130.962 135.412 138.58 145.698 152.534 168.14 207.378 209.266 202.871 195.035 172.417 182.001 161.851 144.331 123.533 96.6435 60.988 3.79048 0.608246 -0.408523 -0.933554 -1.21503 
0.909148 0.117579 0.216608 0.816845 0.625512 0.108077 0.724467 0.787175 0.989335 1.58462 0.460115 0.722225 0.318458 1.05864 0.371785 0.912999 0.634546 0.491833 0.588169 1.06071 2.15534 1.63122 45.7676 88.5065 117.535 140.784 159.443 176.545 182.134 196.942 203.408 210.348 172.751 152.678 143.829 138.02 131.781 131.174 128.997 128.071 127.043 128.62 130.589 132.803 137.808 143.432 152.966 167.194 200.761 209.144 203.136 192.174 172.633 177.168 160.287 144.027 121.984 96.0422 63.7999 6.19064 0.601941 -0.733223 -1.08684 -1.18107 
1.30679 1.24269 0.149624 0.365098 1.01891 0.728262 1.08477 0.487999 0.707859 1.11879 0.683306 -0.371548 0.324701 0.450858 0.594418 0.972553 1.07598 1.4584 1.12947 1.3039 2.32659 1.33163 45.7451 88.0665 116.868 139.935 159.57 175.559 181.793 196.443 203.741 210.734 172.817 153.157 143.106 138.718 133.548 129.251 128.071 127.847 126.987 128.43 130.258 133.01 136.98 143.081 150.498 165.21 201.045 209.018 201.678 192.319 175.554 174.502 161.793 143.999 122.58 95.9567 61.9001 5.71173 -0.192314 -1.45509 -1.429 -1.71182 
0.445914 0.805848 0.946622 0.646617 0.979828 0.877998 0.570554 0.961738 0.641096 0.556542 0.84808 0.496453 0.749318 0.802141 1.40661 0.321392 0.561129 0.70586 0.706935 0.668874 1.69626 0.729813 43.9257 87.1044 116.129 139.677 158.726 175.316 180.4 193.699 202.278 208.566 171.717 152.034 143.942 137.731 132.96 130.216 126.949 126.148 126.853 127.078 128.488 133.097 136.085 142.447 151.121 163.767 197.58 209.215 202.807 193.06 177.593 172.396 161.206 144.492 122.861 97.1834 63.5802 6.52753 -0.445593 -1.49097 -1.39373 -1.38832 
0.536776 0.224806 0.657079 0.989031 0.534905 0.722175 0.355048 0.934054 1.12654 0.585707 -0.380305 0.580933 0.917019 1.04753 0.504428 0.935622 0.843891 0.822084 0.819449 0.657255 1.60952 1.50056 41.0938 85.42 115.956 139.871 159.903 174.704 179.342 191.438 200.593 209.267 172.262 152.428 143.25 137.134 132.887 130.005 127.038 126.498 125.661 126.802 128.167 131.027 134.963 141.558 147.841 163.184 195.297 209.22 202.227 192.205 177.451 168.752 161.497 144.564 123.802 97.5193 65.0017 9.07322 0.0652916 -1.99047 -1.71369 -1.24427 
0.866989 0.539063 0.555841 0.575403 0.4583 0.66551 0.679633 0.787522 0.693521 0.603717 0.885545 0.958333 0.304083 1.01408 1.11597 0.699622 0.510644 0.912326 0.936304 0.716571 1.82648 1.94595 34.5788 82.3882 111.893 136.652 156.4 173.874 179.805 189.752 201.528 207.27 178.069 152.693 144.639 137.984 132.215 129.672 126.274 126.038 125.165 125.553 127.786 130.474 133.945 138.718 147.113 159.479 188.669 210.064 203.363 192.819 179.868 168.249 164.022 147.766 125.783 101.632 70.4451 16.1429 -0.534973 -1.0559 -1.15634 -1.50367 
0.992301 0.191669 0.188029 0.0683764 1.11403 0.94644 0.650605 0.393441 1.63834 0.713418 0.469831 0.726888 0.657413 0.759104 0.795854 1.05696 0.145855 1.22979 0.443157 0.695758 1.76921 2.18303 32.6145 81.9418 112.647 137.539 157.321 173.455 178.006 190.003 200.23 205.582 175.788 153.213 142.763 136.628 130.791 129.704 125.74 125.368 124.483 125.913 127.616 130.813 133.403 139.001 147.825 159.1 187.779 209.808 203.216 194.117 182.374 169.517 163.283 146.247 126.365 100.684 70.0512 15.9415 -0.178352 -0.911799 -1.36084 -1.73879 
0.652625 0.67809 0.558942 0.307539 0.180584 0.590728 0.814735 0.797235 0.363836 1.22081 0.996519 0.810268 0.919348 1.09268 0.669922 0.75992 0.627756 0.888965 1.1842 0.798551 1.76246 2.68903 32.0334 80.8979 110.295 135.63 156.124 172.922 177.491 189.066 199.203 205.46 177.015 153.373 143.107 136.341 132.096 128.22 126.373 124.879 124.873 125.175 126.732 129.941 133.382 138.3 147.047 157.753 181.964 212.653 203.103 194.527 183.38 167.819 164.862 148.053 127.361 102.133 70.3211 15.9557 0.118931 -0.888699 -1.41078 -1.44594 
0.829198 1.07324 0.590819 -0.147069 0.201722 1.54622 1.34215 0.322865 0.421187 0.643999 0.352576 0.422101 0.654546 1.37244 0.300204 0.463194 0.788946 0.593109 0.389471 0.977389 1.46728 2.52115 28.931 81.1939 110.628 136.21 155.497 171.94 177.732 189.486 198.53 205.123 175.863 152.288 152.117 141.545 130.787 127.453 125.383 124.907 124.128 124.282 126.413 129.247 133.217 137.463 145.677 157.48 178.284 212.465 203.141 192.891 182.577 169.865 165.396 149.261 128.43 103.321 72.6548 18.4458 0.225414 -0.422892 -0.676932 -1.16912 
0.986549 0.923565 0.247863 0.109222 0.785554 0.123817 0.318177 0.774517 -0.129645 0.769325 0.909025 0.759199 0.414331 0.859261 0.236391 0.56847 0.121743 0.165237 1.26108 0.98868 1.64362 3.25822 29.7934 80.4607 111.744 137.052 156.229 172.898 177.8 188.929 197.633 205.419 177.62 153.076 142.485 136.737 130.823 128.856 126.23 123.369 125.131 125.306 127.034 129.697 133.694 138.037 145.907 156.982 175.692 217.797 203.691 195.781 182.183 170.514 166.09 148.457 128.398 103.949 73.8582 18.7062 0.922329 -0.16016 -0.520346 -0.48692 
0.670459 1.02678 0.645479 0.477462 0.543011 0.804832 0.31888 0.6837 0.379607 0.8923 0.483866 -0.11562 0.229718 0.388712 0.438459 0.704524 0.333765 0.820069 1.48002 1.67157 2.33571 2.89331 28.8076 80.4913 110.434 134.899 154.932 171.922 178.202 186.705 197.24 204.116 176.302 153.475 143.425 137.088 132.7 128.197 126.038 124.129 124.352 125.082 128.201 129.085 132.646 137.736 145.873 155.695 174.52 216.618 204.861 195.942 183.948 168.771 166.66 149.362 131.7 106.513 76.8669 23.1133 1.63861 1.33728 0.494716 0.0773187 
