-0.0330269 0.322704 -0.0723386 -0.0167833 0.246445 0.426672 -0.147778 0.0939969 0.0940947 -0.0333042 0.180808 0.444148 0.344029 -0.0352736 -0.26486 0.0621537 0.665839 1.27563 7.86568 64.3439 97.5051 123.421 144.412 162.51 173.288 181.614 190.56 198.77 202.6 167.222 154.195 143.725 135.211 131.899 128.417 126.705 125.796 126.414 127.855 129.678 133.118 137.523 144.46 155.848 171.848 211.248 206.108 197.339 184.269 168.986 170.993 155.856 137.504 114.247 84.7225 40.027 0.109102 -0.525315 -1.30303 -1.33225 -0.987648 -1.6104 -0.882297 -1.40969 
-0.318117 -0.105236 -0.0226414 0.167301 -0.248774 -0.242195 -0.0461117 0.0323911 -0.196531 -0.153934 -0.622824 -0.076983 -0.104144 -0.172317 -0.0218546 -0.181609 1.17586 1.35285 7.8255 62.9048 96.5677 123.465 144.867 162.7 171.124 181.464 193.733 200.117 204.04 167.522 154.274 143.648 134.649 131.105 128.339 126.116 125.514 126.771 128.02 131.215 133.717 137.907 145.831 156.11 171.904 212.008 205.007 196.049 186.882 166.993 171.733 156.163 137.6 113.152 84.3096 40.6647 -0.18215 -0.26921 -1.27959 -1.11826 -1.21555 -1.31551 -1.25596 -1.28335 
-0.0715234 -0.273631 0.152566 0.212095 0.361701 -0.240685 0.229327 0.182351 0.213786 0.21283 -0.310189 0.167442 -0.0392018 0.187794 -0.296054 0.105903 1.24501 1.26419 7.46847 63.5202 96.9055 123.93 145.248 161.887 171.497 182.532 191.572 199.211 203.996 167.296 154.83 143.346 135.38 130.15 128.205 126.545 124.688 126.66 128.244 131.793 132.466 138.677 145.115 156.955 172.167 211.98 206.401 196.896 187.889 168.552 172.177 156.266 137.308 114.374 85.9817 40.8013 -0.0413473 -0.511362 -0.966809 -0.761534 -1.11582 -1.06302 -0.963272 -1.1664 
-0.318792 -0.695798 0.241029 0.0834895 -0.122979 0.194969 0.00950703 -0.287499 -0.0531116 0.0272678 0.113046 -0.040009 -0.041097 0.218328 0.270056 -0.130189 0.805428 1.93489 6.98632 61.9108 95.6039 123.711 144.937 162.017 171.474 182.076 191.785 199.687 202.003 168.44 154.673 144.462 135.623 132.611 130.038 130.235 130.961 128.312 128.095 132.856 133.417 139.455 146.211 157.222 172.681 212.305 206.982 197.662 186.772 171.705 172.838 156.935 137.515 113.898 84.8285 40.7504 0.156341 -0.276912 -1.23693 -1.11336 -1.06917 -1.21902 -1.6071 -1.48826 
0.0729037 0.167017 0.0288469 0.48479 -0.544208 0.288609 -0.269041 0.204792 0.143686 -0.137781 0.414944 0.448257 0.154136 -0.0594517 0.251285 -0.0957913 0.617118 1.42996 6.11154 63.0132 96.1401 123.685 145.231 162.425 171.989 182.633 192.018 200.018 206.553 171.017 156.873 143.641 136.054 132.24 130.35 128.847 128.143 128.249 128.807 132.314 134.547 138.901 146.739 156.215 174.37 213.867 207.072 198.357 185.872 171.018 172.023 156.822 137.124 114.611 86.2732 41.3132 0.0671829 0.142868 -0.608784 -1.10961 -1.40725 -0.921726 -1.11958 -1.07927 
0.0487483 -0.277853 0.0207636 -0.248513 0.0487531 0.259842 -0.214459 0.0236427 0.215029 0.0256142 0.191685 0.189143 -0.0936329 0.122727 -0.181442 0.101653 1.13104 1.44162 5.44195 62.8751 95.9364 123.503 146.232 162.223 172.394 183.219 192.773 201.148 207.212 170.631 156.124 144.374 136.432 133.298 130.095 130.577 131.089 127.753 130.43 132.736 135.709 140.302 147.7 157.485 173.84 214.747 207.546 198.732 187.738 172.425 173.411 157.632 138.812 115.993 87.299 43.1505 0.284171 0.250837 -0.847909 -1.06699 -1.38344 -1.31918 -1.35935 -1.52919 
0.160332 0.027928 -0.298897 -0.123348 -0.35497 0.0421916 0.0144775 0.0954137 -0.183776 0.256798 0.10919 0.0525285 -0.326116 0.416677 -0.271066 0.329673 0.863286 1.65852 3.00724 58.8607 93.5759 120.911 143.531 161.247 173.718 182.094 193.038 202.77 215.132 175.183 158.268 148.349 137.56 133.91 131.603 129.29 126.983 127.546 129.807 133.552 135.108 141.244 147.776 157.02 173.402 211.756 211.402 203.057 192.185 177.382 175.614 160.224 142.407 119.975 91.9222 53.0743 -1.53947 0.723303 -0.686666 -0.97745 -1.61881 -1.03147 -1.31408 -1.21818 
-0.197102 0.158205 -0.023343 0.142432 -0.268852 0.279046 -0.0757947 0.387918 0.349806 0.163757 0.356778 0.301925 0.0764268 0.0239233 0.315599 0.112889 1.02484 1.9912 0.576718 57.6164 92.9805 120.49 141.882 160.637 173.452 184.102 192.491 201.855 212.939 178.483 160.367 149.289 139.107 135.419 132.898 129.843 128.903 130.428 132.276 133.865 136.614 141.402 147.761 156.985 172.944 211.947 210.938 201.775 193.117 177.334 176.864 160.211 142.379 121.024 93.2093 56.8177 -0.872475 0.934798 -0.507929 -0.462012 -1.37294 -0.950317 -0.979054 -1.2618 
0.222489 -0.0903536 -0.0114247 -0.254677 -0.0572796 -0.1973 0.12091 0.0168985 0.161381 -0.129245 -0.0289445 -0.121773 -0.227235 -0.298319 0.631081 0.820289 1.13185 2.15699 0.502824 58.5337 93.4557 121.007 142.901 161.653 173.708 183.933 193.647 201.226 211.882 181.709 162.597 151.183 140.624 137.831 135.075 132.181 132.501 132.142 133.767 136.511 138.972 143.875 150.617 159.061 175.118 215.545 213.724 204.922 196.593 178.38 177.802 160.609 143.685 121.631 93.1634 55.2634 -1.46626 0.985396 -0.743907 -0.776316 -1.39232 -1.43 -1.39774 -1.18542 
0.00537166 -0.188926 0.300686 -0.238726 0.429194 0.0498807 0.109961 -0.162086 0.165958 -0.476523 -0.0319541 0.199204 0.0249311 -0.186404 -0.185772 0.572221 1.48954 2.60656 -1.8025 53.0754 92.9074 122.104 146.404 164.804 177.49 189.137 200.148 212.44 217.672 194.436 172.69 160.493 150.8 146.954 143.339 140.275 141.826 144.841 145.579 149.82 152.454 157.289 162.854 171.091 186.059 219.675 222.413 214.253 205.2 192.216 186.276 173.068 155.102 130.352 102.438 65.2434 7.14463 0.763678 0.090543 -0.825694 -1.19387 -1.60373 -1.24532 -1.29993 
0.0432354 0.220716 0.143263 -0.0589015 0.229881 -0.288554 -0.293471 -0.17706 -0.546982 -0.223964 -0.103382 -0.0819172 -0.0244953 -0.125253 0.571442 0.198333 1.15554 1.03188 38.1409 86.2445 113.87 139.647 162.276 180.015 194.425 205.17 215.808 227.89 232.394 208.868 185.735 174.87 167.174 165.989 163.009 162.503 164.956 166.845 169.92 171.391 178.325 175.069 183.971 192.103 208.603 249.553 253.272 245.01 233.022 219.617 207.085 191.427 172.591 149.857 123.198 97.4499 58.9724 0.263848 -0.0327481 -0.88407 -1.04603 -1.30666 -1.09187 -1.18958 
0.699505 0.0221792 -0.183129 0.204727 -0.470177 0.107456 0.0780029 -0.0855817 0.0174681 0.328535 0.0753074 -0.0381084 0.214988 0.0819044 0.389931 0.829257 0.846919 3.87212 62.0683 97.26 125.276 151.616 172.933 193.04 207.89 217.507 229.548 238.452 247.727 221.233 202.563 192.075 183.36 181.68 179.022 179.127 185.404 189.672 195.636 196.239 196.376 193.642 201.646 211.877 228.021 269.14 273.898 263.249 255.08 242.851 232.11 215.31 196.376 177.705 152.884 122.156 87.0008 36.5171 2.35379 -1.03798 -1.67497 -1.47748 -1.34126 -1.20069 
-0.488564 -0.166421 -0.203442 0.0883872 0.0683441 0.130684 -0.110603 0.0156329 0.226218 -0.205926 0.0299892 0.119226 0.0533679 0.378054 0.290552 0.745151 0.87961 14.9548 75.7206 111.924 140.932 166.983 189.44 207.452 225.309 234.902 244.715 246.529 241.682 233.434 210.243 200.624 192.305 191.297 189.42 183.571 186.971 190.203 196.253 207.232 212.759 198.762 205.945 215.73 232.434 272.272 282.414 274.628 264.178 254.322 241.156 227.614 209.184 190.309 168.647 143.9 117.5 88.659 39.4559 -2.34495 -1.12058 -0.798682 -1.43901 -1.16811 
-0.168673 0.0680642 0.0189607 0.238556 -0.0387483 0.0873346 0.0271938 -0.134593 -0.180346 0.479071 -0.191635 -0.0102672 0.153448 0.0741253 0.524011 0.375574 -0.0710316 56.059 99.3086 128.214 155.249 177.823 200.384 216.79 229.657 238.314 238.812 222.408 227.58 242.476 211.137 202.385 199.057 196.445 191.573 184.461 184.571 194.632 200.865 209.842 223.571 213.06 205.17 217.873 237.67 275.564 286.284 278.908 267.913 257.827 246.478 231.412 214.395 193.275 172.194 149.509 123.088 93.3005 48.9883 -2.69765 -1.20628 -0.958064 -1.20781 -1.15714 
-0.0825046 -0.455836 0.164616 0.00271553 -0.362539 0.701295 -0.178268 0.0493122 -0.0997379 0.163705 -0.0293205 0.0202884 0.0882232 0.0541911 0.535078 0.388367 7.6235 70.6565 106.406 133.339 157.154 180.573 202.998 214.816 223.842 235.158 201.034 193.602 195.252 228.017 200.544 187.4 190.623 187.741 176.984 168.34 164.721 166.577 169.148 180.318 208.191 185.732 182.128 189.524 199.828 234.827 249.699 242.66 234.133 226.485 216.675 204.744 183.787 161.22 135.623 107.46 72.9203 20.0381 -0.53853 -1.05794 -1.12055 -0.929726 -1.6635 -1.33281 
0.249689 -0.247908 -0.129212 0.355969 -0.0788145 -0.331521 -0.11095 0.0978559 0.17602 -0.39116 0.154025 0.411878 0.564248 0.151543 0.352085 0.639905 9.15326 40.7835 65.2879 98.7174 122.589 143.748 158.926 173.79 188.785 191.666 157.635 146.988 141.394 185.308 166.646 161.13 167.284 180.862 159.382 148.219 145.464 146.533 148.092 158.394 156.567 154.984 156.721 162.734 175.565 207.32 221.509 213.357 202.035 192.597 173.57 153.379 138.417 118.762 93.5293 59.3683 8.86192 -0.0744639 -0.167405 -1.03323 -1.16056 -1.26836 -1.28805 -1.23703 
-0.176541 0.0312497 0.0334283 -0.0415512 -0.467439 0.215629 0.344537 -0.0740125 0.365038 -0.178711 -0.263218 0.129941 0.181162 0.1172 0.390208 0.403096 0.702454 1.48821 0.780578 22.5567 66.9845 99.175 124.171 142.565 158.12 157.776 123.365 113.359 105.802 141.128 132.352 127.897 133.792 148.364 130.133 125.266 122.783 123.49 124.716 129.35 140.948 130.261 136.128 144.494 157.214 187.788 204.088 196.734 186.775 176.493 163.955 147.036 127.475 102.564 72.285 17.9524 1.71471 0.601048 -0.360309 -0.832668 -1.10983 -1.34453 -1.40223 -1.01144 
0.192393 0.112631 0.346815 -0.224263 0.0926441 -0.502285 0.028847 0.336262 -0.182985 0.068273 -0.165901 0.177726 0.289824 0.948188 0.0610415 0.387817 0.853851 1.54363 3.10049 0.994097 57.5553 91.8038 117.255 139.488 155.549 146.128 116 104.961 95.463 125.096 113.188 118.205 120.232 127.642 126.564 122.263 121.746 121.363 122.361 136.128 133.187 127.329 133.395 141.989 154.149 180.503 200.889 194.205 185.17 174.427 162.095 146.138 126.608 100.858 70.557 16.1722 1.46156 0.239278 -0.603793 -0.80796 -0.944845 -1.03439 -1.37186 -1.05625 
-0.00249726 0.102744 0.0407907 -0.131345 -0.102414 -0.038325 -0.174327 0.218594 0.241096 -0.00497516 0.725845 0.202521 0.23917 0.279216 0.344403 0.496938 0.534431 1.17365 2.36066 0.663997 48.9289 86.7097 115.115 136.58 153.081 134.782 109.694 99.7559 89.2373 118.57 100.196 103.055 113.356 111.853 119.017 122.853 120.627 120.931 121.667 136.138 140.507 128.335 132.457 139.021 151.259 175.247 200.861 192.317 183.015 172.747 161.606 145.995 125.186 100.865 69.9689 12.2443 1.21352 -0.389631 -0.894213 -0.89017 -0.900243 -1.67291 -1.04161 -1.32997 
0.395036 0.193093 -0.173709 -0.011044 0.434102 0.278487 0.0757098 0.1221 0.553943 0.136373 0.223339 0.0418936 0.308843 0.313046 0.131906 1.05616 0.677956 1.25037 2.1315 1.7227 42.7041 83.2577 112.425 135.033 152.607 124.863 105.634 95.623 85.3599 116.62 96.0602 92.7658 108.939 105.276 107.281 114.631 120.656 124.339 120.123 155.223 126.253 128.451 130.558 136.998 148.505 166.672 204.395 192.297 182.13 170.352 159.388 144.307 124.436 100.143 68.1759 11.0828 0.414886 -0.599806 -0.918058 -1.2897 -1.53457 -1.83745 -1.50836 -1.75466 
0.245344 0.337607 0.245554 0.0803903 0.00607644 -0.169779 -0.168176 0.323797 0.223571 -0.311027 0.193246 0.163894 -0.252797 -0.127077 0.355567 0.114944 0.207376 0.216661 1.23376 2.08827 35.3498 80.2896 109.045 133.399 152.312 123.849 104.141 95.5437 84.9128 115.43 95.0463 89.972 95.716 104.407 105.004 105.575 114.351 118.882 120.7 161.394 117.076 126.48 130.906 136.157 146.963 162.784 202.128 190.846 181.379 170.501 157.947 143.104 124.426 99.2096 66.3785 9.38776 0.148557 -1.01101 -1.69327 -1.81896 -1.33516 -1.11322 -1.15768 -1.57687 
0.059818 -0.040135 -0.314471 -0.136138 -0.269441 -0.146744 -0.041307 0.145361 0.0852072 -0.0314442 0.228763 0.0258949 0.334021 -0.0575182 0.159577 0.117382 0.0462705 0.447865 1.19125 2.27749 32.4828 76.9116 105.409 130.769 146.293 129.537 104.286 94.9167 84.8427 114.749 96.3097 89.3396 93.6376 98.1878 104.351 103.149 105.916 119.186 120.162 174.54 116.378 125.978 132.393 136.17 145.834 161.823 200.868 190.709 180.188 170.969 157.067 142.863 123.283 98.6408 66.6993 9.67847 -0.0165976 -1.09415 -1.29395 -1.58614 -1.17142 -1.74423 -1.35341 -1.27734 
-0.0973607 0.0341027 -0.0346609 0.548782 -0.0658898 -0.0888988 -0.0532001 -0.158733 0.106139 0.166592 0.0528722 -0.175605 0.153786 0.331678 0.401025 0.0686562 -0.124092 0.146528 1.17213 1.9353 27.7204 74.891 104.151 128.886 146.851 134.378 105.939 95.8108 86.2491 114.367 97.2864 90.1688 93.8721 96.3758 105.793 102.896 105.006 113.559 120.636 178.639 119.97 126.194 130.13 136.248 145.765 160.255 196.218 189.394 180.189 170.231 157.828 143.814 123.513 99.2262 67.0927 9.06992 0.0910017 -1.24492 -1.52644 -0.979422 -1.53071 -1.21756 -1.04972 -1.37024 
0.241348 0.374175 -0.094018 -0.498749 0.17781 -0.409257 0.1485 0.200231 0.219975 0.215792 -0.0397918 -0.29664 -0.360191 0.412831 0.314449 0.0496707 0.391954 0.826699 0.765793 1.67572 20.6968 69.9147 100.693 126.048 144.309 141.569 109.65 98.5153 89.8795 112.653 100.172 92.1928 95.1211 94.5943 105.387 103.278 104.806 108.95 119.95 179.687 124.617 125.963 128.907 137.098 141.78 157.162 193.347 189.713 181.6 170.284 158.811 143.998 126.149 101.126 70.7126 13.9047 0.155733 -0.832477 -0.952973 -1.43282 -1.26298 -1.68605 -1.064 -1.0768 
-0.321912 0.72986 0.766665 -0.260175 0.472038 -0.0747576 0.392531 -0.169998 0.0879151 0.343896 0.0757479 0.258373 -0.131318 0.336613 0.719531 0.58419 0.169294 -0.258542 0.508003 1.79037 14.6465 65.5707 97.3398 123.185 143.203 152.142 115.918 102.394 92.9015 109.061 110.903 95.8439 97.5619 96.8648 105.853 103.991 104.505 107.854 117.394 168.39 132.82 124.318 129.224 135.52 143.026 154.776 190.097 191.538 182.296 170.99 158.553 144.866 125.705 102.051 71.8181 15.3434 0.460273 -1.14159 -1.60371 -1.63283 -1.54458 -1.45725 -1.41801 -1.82301 
-0.178886 0.201472 0.370619 -0.518475 -0.208562 -0.34639 -0.102115 0.28307 0.305962 0.0670155 0.428902 0.0775861 -0.0997029 0.281376 0.375743 0.463915 0.159656 0.398733 0.890056 2.16548 13.0495 65.1874 96.2484 122.595 141.584 157.237 119.381 106.363 96.1475 108.902 115.618 98.8887 100.337 99.0441 105.603 105.39 106.468 108.845 114.841 165.04 138.127 123.934 128.649 134.04 141.79 152.32 186.609 190.638 180.826 171.37 159.761 146.018 125.454 103.289 72.8602 16.3377 0.225044 -0.992688 -1.2458 -1.432 -1.48865 -0.94791 -1.55183 -1.26025 
0.199055 0.436472 0.378885 0.0210959 0.0516894 -0.657552 0.341029 -0.173491 -0.169564 0.112871 -0.058165 0.502057 -0.12698 0.0226805 0.568937 0.516462 0.342108 0.227069 0.482555 1.83587 12.4064 61.3181 94.4574 120.272 141.596 159.685 127.469 109.419 100.016 109.563 120.958 103.41 102.919 102.586 108.655 108.636 107.182 110.367 115.461 159.687 139.473 124.793 128.119 135.835 139.208 150.541 182.265 190.006 181.845 171.505 158.96 145.243 126.076 103.353 72.5177 16.2618 0.281587 -1.13187 -1.30475 -1.13183 -1.47654 -1.4259 -1.80363 -1.51078 
0.17015 0.345786 0.255715 0.794278 0.211676 0.31272 0.200188 0.0502401 -0.170869 -0.244046 0.0453423 0.269316 0.327121 0.137057 0.396624 0.108127 -0.0771564 -0.0610706 0.688205 1.43922 10.6149 60.0675 93.5301 119.481 140.865 155.225 142.855 113.27 103.744 111.519 126.711 107.964 106.482 107.232 109.689 108.852 108.779 111.485 117.903 151.763 138.22 130.985 127.237 139.918 136.758 149.477 180.164 189.753 182.198 172.054 160.024 145.693 127.007 102.927 73.1559 17.5317 0.265774 -1.32859 -1.37556 -1.56429 -1.55096 -1.20132 -1.43915 -1.05855 
0.0432527 -0.197954 0.168157 0.238333 0.0892841 -0.355917 -0.65771 0.303445 0.165226 0.113131 0.245619 -0.282685 0.235946 -0.173628 -0.416221 0.702688 0.357324 0.0704086 0.717846 1.57448 8.40763 58.882 92.0224 118.879 140.932 156.707 152.49 121.417 109.625 115.62 134.09 114.849 112.238 113.917 112.574 111.721 111.223 115.711 120.822 141.538 141.723 134.412 133.088 134.629 136.947 148.117 177.492 190.076 183.13 172.662 161.321 145.283 127.241 103.942 73.8489 18.4127 0.158591 -0.882096 -1.61612 -1.18597 -1.16368 -1.5481 -1.25443 -1.40207 
-0.343202 0.184517 0.267844 0.0262773 -0.142942 0.0875686 -0.00795773 -0.0976743 0.104268 -0.0118915 0.00167577 -0.112464 -0.137583 0.390181 0.237627 0.192514 0.294895 -0.112866 0.26287 1.48734 7.18316 58.2371 91.0857 117.919 139.238 156.636 164.59 129.551 116.871 122.445 142.271 122.612 123.172 118.675 115.293 113.727 115.722 120.342 119.569 135.464 140.086 131.609 140.92 129.048 136.139 145.623 173.426 190.311 183.122 171.934 160.19 146.291 127.926 103.857 74.9973 19.9127 0.0473543 -0.721008 -1.80415 -1.06638 -1.65294 -1.26669 -1.01039 -1.06894 
-0.175321 0.357624 0.124661 0.415182 0.246347 0.0172359 0.172653 -0.558925 -0.16974 -0.0842956 0.00591066 0.34073 0.890518 0.376009 0.193941 0.325113 0.195488 0.167903 0.464898 1.26634 4.518 57.1391 90.3418 117.773 139.023 155.652 170.24 147.787 127.012 132.939 158.519 137.319 130.343 122.513 120.033 121.181 121.651 119.62 121.179 131.059 143.509 140.534 134.525 128.801 134.425 145.47 171.545 189.73 182.671 172.312 161.963 146.37 128.289 103.854 75.3812 20.1452 0.032866 -0.864879 -1.26038 -1.41162 -1.13139 -1.49851 -1.56902 -1.42333 
0.00707688 -0.0470511 -0.630109 0.44383 0.0348084 0.330956 -0.1072 0.377855 -0.368866 -0.0443212 0.302031 0.00364005 0.39874 0.716004 -0.212075 0.197442 0.102053 0.101562 0.313499 1.0908 3.64878 56.718 89.7553 115.994 139.016 154.834 169.312 175.959 145.586 163.369 179.525 148.689 139.922 132.743 128.121 124.017 121.583 120.171 119.533 124.705 152.596 134.872 131.125 131.198 133.989 144.42 165.238 192.509 182.158 173.034 161.004 146.793 128.42 105.228 76.2138 21.6984 0.0216769 -0.857982 -1.04134 -1.1685 -1.38458 -1.05328 -1.3658 -1.37811 
1.3708 1.01631 0.727776 0.83622 0.940401 0.643844 0.980481 0.955261 0.743774 1.12966 0.830228 0.981789 1.40284 0.751868 1.54818 1.28733 1.0243 1.33047 1.65763 2.3637 4.52422 56.2314 89.2143 118.394 141.309 157.794 169.923 181.082 190.637 196.876 198.032 162.931 143.106 131.86 126.533 122.52 119.436 118.755 118.389 117.672 156.935 128.581 127.344 129.748 130.34 140.769 155.343 194.774 181.366 171.52 159.04 144.651 127.669 103.918 75.8769 22.905 -1.09047e-05 -1.27099 -1.4108 -1.77557 -1.344 -1.47783 -1.3142 -1.42893 
1.31745 1.16058 1.3053 1.32017 1.2775 0.487933 1.39067 1.69918 0.976904 0.957584 1.1593 0.610947 1.33905 1.14675 0.986133 1.2328 1.15523 1.24198 1.10615 2.09724 4.05723 55.1829 89.7668 117.91 139.932 157.433 171.465 182.906 191.555 200.012 203.355 165.673 143.222 132.479 126.996 123.158 121.393 119.394 118.236 117.645 154.203 125.005 125.032 128.574 132.406 140.215 155.351 191.752 182.274 171.582 160.527 145.844 128.245 104.946 77.4396 24.7225 -0.0262774 -1.06231 -1.76181 -1.12344 -1.08131 -1.46805 -1.35259 -1.3874 
0.868766 1.79955 0.44164 1.57776 0.790864 1.29971 1.4609 0.981703 1.08875 1.50738 1.54388 0.783746 1.53605 1.3343 1.04598 1.63176 0.944467 1.02908 1.48223 2.42965 3.25727 55.5187 88.4679 116.61 139.728 157 170.7 183.055 192.125 198.463 205.031 168.081 144.384 133.644 126.077 123.934 122.025 119.067 119.101 117.774 145.555 127.742 125.09 128.377 133.965 138.501 153.99 189.526 180.398 172.168 159.899 146.564 128.148 106.241 77.8055 26.6124 0.057727 -1.32568 -1.57735 -1.11471 -1.72282 -1.32929 -1.26915 -1.26646 
1.28705 1.81928 2.17688 1.61525 0.228868 1.65019 1.01753 1.02366 0.897229 0.285481 1.35537 1.60818 0.986237 0.923056 0.945199 1.00158 1.26002 1.90905 1.34184 2.49549 1.37432 54.7595 87.9931 116.151 139.412 156.774 171.35 181.607 191.78 200.754 208.791 169.64 145.403 134.253 127.619 124.007 121.953 119.608 119.893 118.266 140.929 129.083 124.05 127.824 132.777 139.028 154.004 188.767 181.932 172.337 161.118 147.086 129.438 106.645 78.3187 27.6042 0.107621 -1.27128 -1.98752 -1.45424 -1.55984 -1.39346 -2.36358 -1.25211 
1.83015 1.05554 0.815753 1.21071 0.816265 0.983636 1.80705 1.19167 1.22067 0.602875 0.958322 0.849547 1.32741 1.03942 1.03256 1.60106 1.07064 1.73149 1.64593 2.33126 0.242403 53.8012 86.0888 115.212 138.457 156.747 171.232 183.135 193.864 200.887 211.855 170.549 145.037 133.759 127.979 124.596 121.873 119.764 121.893 118.894 137.672 129.305 124.318 127.512 131.377 138.922 151.653 188.559 182.112 173.276 162.137 147.395 129.65 108.009 79.531 29.1703 0.0252076 -0.936687 -1.09419 -1.3959 -1.93233 -1.54041 -1.32437 -1.50393 
1.16759 1.51764 0.64959 1.24498 1.07842 2.08001 2.14448 1.37022 1.05026 1.43796 1.07877 1.15844 0.93583 2.06108 1.29945 1.195 1.11391 1.27886 1.54 2.53472 0.402235 52.7041 85.8092 113.566 138.886 156.791 171.164 182.46 194.141 200.107 210.919 175.143 146.192 134.435 128.646 124.326 122.35 121.165 122.313 117.115 133.087 133.236 122.876 126.704 130.662 139.195 150.832 186.098 182.963 174.114 162.749 148.573 129.836 120.212 81.2567 31.1396 -0.0923867 -0.812907 -1.79034 -1.66916 -1.13116 -1.96538 -1.36032 -1.73743 
1.60654 0.516062 1.4276 1.11789 1.27001 1.06543 1.03097 2.06938 1.57655 0.941637 1.23763 1.31462 0.947187 1.54369 1.15199 1.21654 1.41983 0.995345 1.76701 2.1921 0.306066 51.1074 85.0473 115.117 137.486 156.506 170.703 183.087 192.232 200.691 206.945 183.542 146.795 135.414 129.162 126.003 122.283 121.445 120.876 118.205 129.446 130.764 123.907 126.015 131.942 138.493 148.916 184.029 182.921 174.127 162.298 149.921 131.228 109.696 81.9527 33.8927 0.114533 -0.460199 -1.32723 -1.76623 -1.95841 -2.06695 -1.08575 -1.12596 
0.810483 1.33995 1.82413 0.948022 1.69678 1.27985 0.671383 0.428442 0.656803 1.21426 1.24325 1.25737 2.0734 1.39785 1.27178 1.31574 0.844094 0.946455 1.8205 2.07058 0.478051 50.9216 84.9192 113.809 137.715 155.875 170.857 182.386 193.416 201.04 207.749 186.374 147.922 138.659 128.991 126.51 122.586 125.437 118.546 118.388 126.868 126.909 127.273 125.102 130.907 144.205 147.613 181.515 183.646 174.262 162.771 149.599 132.195 111.134 84.2182 36.7363 0.568606 0.062769 -0.82863 -1.41319 -0.992095 -1.04123 -1.41966 -0.98136 
1.93953 1.14564 1.08908 1.0662 0.916252 0.942425 1.00152 1.48502 1.56323 1.32256 0.920525 1.15468 1.26894 1.40584 1.1101 0.959262 0.774242 1.73837 1.47166 2.98314 0.636148 45.4668 84.111 112.224 136.656 154.455 169.545 181.571 192.881 201.712 205.797 192.426 149.902 139.616 132.87 125.897 130.125 120.375 119.257 119.381 124.112 128.877 129.09 125.637 130.518 139.553 145.932 178.769 185.773 175.203 164.921 150.93 135.406 113.663 87.5686 45.3762 -0.158482 0.810872 0.38205 -0.370441 -1.19826 -0.580456 -1.21832 -1.41767 
1.21234 1.56834 0.945366 1.57682 1.90524 1.31448 1.06316 1.83219 1.00929 1.10368 1.35086 1.19359 1.00193 1.26263 1.05503 0.932047 1.30464 1.62721 1.99436 2.5791 2.23897 38.8593 81.3558 108.676 133.428 154.169 169.655 183.071 190.059 199.734 206.176 197.45 150.596 140.247 136.749 128.306 125.16 120.993 118.885 119.23 122.767 129.923 129.389 126.734 129.849 136.949 145.278 173.753 186.476 178.087 166.017 153.308 137.784 117.117 91.1641 54.6913 -1.18642 0.821505 0.19561 0.594166 -0.28273 -0.431918 -0.988685 -1.34415 
1.12001 1.33605 1.53405 1.57973 1.12804 1.57912 0.885044 1.31782 1.63996 1.11524 1.21848 1.40382 1.63433 1.5738 0.646871 0.938225 1.22118 -0.0373102 1.38723 2.70332 2.04583 37.7276 80.4045 110.552 134.325 154.691 169.214 183.081 192.044 199.193 206.241 198.743 152.324 141.825 135.341 131.916 123.187 121.32 120.486 119.293 122.551 129.922 128.645 127.667 128.977 136.229 144.464 172.97 186.281 177.099 167.369 153.436 139.717 118.835 93.3241 58.2247 -0.516369 1.31725 0.867515 0.565088 -0.10781 -0.974541 -1.23177 -1.36941 
1.21324 1.17862 1.5083 1.36845 1.87571 1.70983 1.5279 1.15979 1.54376 1.65304 1.36446 0.941352 0.995858 1.13915 1.83284 0.888142 1.4669 1.84084 1.99221 2.38678 2.48035 36.7134 78.8706 110.053 135.375 153.88 169.564 181.64 191.752 199.417 205.537 201.43 153.963 141.784 141.667 135.418 129.485 125.746 123.009 121.756 125.062 131.168 127.692 127.616 130.672 133.672 143.441 169.159 187.582 178.717 167.282 154.924 140.551 121.07 95.8249 60.8005 -0.250252 3.10158 1.18698 0.589998 0.604662 -0.338755 -0.882824 -1.60645 
1.6136 1.82948 0.869142 1.81902 1.47798 1.10685 1.47641 1.23281 0.800616 1.55694 1.72341 0.895136 1.35642 0.977634 1.19051 1.33353 1.04383 1.49682 1.8645 2.32345 1.28962 40.8334 85.4047 113.078 137.906 156.069 172.412 184.666 194.583 202.975 210.19 205.852 157.52 142.143 167.063 142.499 129.273 124.746 121.645 120.539 123.195 142.143 138.779 138.665 131.662 136.65 146.103 168.665 194.662 184.492 172.87 157.597 142.902 125.586 99.3701 66.0855 8.11315 2.25089 0.70975 0.189227 -0.210623 -0.756384 -0.631887 -0.645049 
0.950465 0.481035 0.80393 0.951301 1.29353 1.19742 0.538195 0.80178 1.46112 1.53745 1.16317 1.02472 1.36168 1.64013 1.13014 1.06242 0.907431 1.1221 1.85258 3.05446 21.1906 73.4144 108.03 132.618 153.84 173.059 186.883 197.246 208.617 215.009 221.793 221.345 167.7 162.984 196.276 146.648 134.828 131.93 130.327 133.045 162.68 185.282 197.069 150.291 140.384 146.027 158.141 175.75 213.472 200.641 196.118 188.709 179.717 169.598 153.123 133.429 109.704 82.5114 88.7277 72.0584 46.2963 3.66729 -1.0179 -1.30969 
1.72812 1.23681 1.48548 1.17283 1.28134 0.948569 0.781004 0.920095 1.27886 1.14493 0.861835 0.938151 1.32442 0.926406 1.24686 0.934167 1.51625 1.35287 1.90881 2.477 22.996 82.2002 112.872 139.863 163.549 180.902 197.033 210.489 217.389 228.32 235.44 235.013 186.038 214.619 222.509 175.499 149.904 145.824 143.891 158.264 179.495 199.18 203.654 180.252 172.989 182.465 198.211 215.13 265.145 256.884 248.202 238.005 227.53 218.499 205.645 191.448 173.67 155.225 134.704 111.937 83.1155 40.3562 -2.82423 -1.3338 
1.61712 1.38871 1.51461 1.00763 1.60461 1.65565 -0.171309 1.28708 1.10102 1.20771 1.26257 1.56547 0.996575 1.13508 0.962586 1.89451 1.20004 1.30516 1.89385 -0.460918 57.074 96.1327 124.253 149.929 173.801 190.008 205.298 219.081 226.72 236.629 242.686 245.036 202.039 220.758 212.844 190.261 169.97 159.026 157.883 172.579 185.737 197.649 190.105 187.698 185.048 193.228 205.574 225.008 273.888 261.612 256.219 248.691 239.052 229.439 216.648 199.405 181.779 165.173 143.634 119.164 90.4381 51.1975 -3.9722 -1.52523 
1.76035 1.43533 1.08867 1.85125 1.41764 0.863093 1.22007 0.684681 0.90939 1.45756 1.34153 1.7856 1.11892 1.50711 1.20017 1.4057 1.38575 1.48357 1.5069 0.655332 46.5386 95.5514 126.121 152.24 174.537 193.755 208.213 221.705 231.521 241.458 249.853 252.859 201.148 215.604 203.025 190.902 180.598 167.872 165.508 173.366 180.342 184.694 185.79 186.402 189.194 200.19 209.704 230.144 276.903 271.234 263.827 256.759 245.966 233.816 221.317 204.582 185.914 165.893 142.433 114.85 82.8012 31.9793 -1.63089 -1.27388 
1.82894 1.0896 0.938015 1.40389 0.205159 0.750067 1.20387 1.52516 1.21347 1.45855 1.21422 1.86158 1.32947 1.46197 1.00828 1.122 1.08096 1.42611 1.71301 2.17383 16.3561 78.7818 116.099 143.14 166.598 185.83 200.959 216.049 226.274 238.6 246.887 253.481 203.3 199.141 194.487 185.194 181.378 170.523 169.719 172.68 176.562 181.649 184.381 186.258 192.007 201.232 211.507 230.994 279.327 272.383 263.317 256.364 243.589 233.665 217.626 199.617 180.065 157.148 130.425 100.933 62.9463 3.19617 -0.649257 -0.997639 
1.45475 0.844844 1.34791 0.632335 1.75613 0.922264 0.96313 1.89719 1.27029 0.665492 0.878796 0.952017 1.12325 1.2449 1.04277 1.07995 1.57997 1.16543 1.72654 2.83845 1.4861 49.3313 95.8808 125.464 151.896 171.66 188.952 203.703 214.953 225.846 234.669 248.445 199.696 187.885 181.868 176.457 173.582 168.818 162.622 167.968 171.541 177.19 180.771 186.52 192.944 200.433 209.115 227.934 269.596 263.105 257.327 245.065 233.774 221.275 204.522 186.577 166.909 141.278 111.339 76.2873 15.5613 0.387897 -0.449044 -1.52056 
0.926166 0.912789 0.582174 1.0565 1.24484 1.43868 1.41512 1.0241 1.52269 1.39508 0.92604 1.55044 0.775949 1.13495 1.26683 0.723934 1.12684 1.43298 1.73898 2.39184 3.34645 14.2786 74.3792 105.037 131.945 155.066 172.371 187.563 197.866 208.6 218.057 234.57 183.667 174.228 168.408 163.75 160.96 156.431 153.284 155.614 157.123 160.086 165.476 169.73 175.845 181.216 190.482 208.28 248.401 242.994 236.487 223.329 210.532 202.734 187.598 167.157 143.973 118.016 81.5456 25.6616 -0.0948255 -0.05215 -0.832085 -1.16902 
1.19709 1.57922 1.02103 0.854779 0.866227 1.08822 1.66772 0.475623 0.789114 1.75341 1.29328 1.82373 0.638423 1.22728 1.54387 1.37996 1.0263 1.04793 1.79003 2.22311 2.89112 2.5863 61.1082 96.8483 124.601 146.788 165.155 178.228 187.465 199.304 210.011 221.74 170.269 157.326 152.098 149.201 148.806 144.885 143.896 142.978 144.161 144.918 146.875 148.952 152.444 158.485 169.349 183.458 218.661 218.451 209.64 201.143 182.256 179.149 162.096 144.251 120.244 92.9986 55.265 -1.22926 1.43013 -0.120166 -0.86969 -1.29799 
0.729103 1.029 1.8982 1.30275 1.07572 1.19844 0.924947 1.13751 1.33124 1.1318 0.946867 1.26255 1.06158 0.289269 1.23239 1.33131 0.762743 1.37571 1.3346 2.55121 2.91586 3.69119 60.0222 95.0498 123.862 145.658 163.97 176.972 187.567 198.271 206.059 219.724 168.828 152.248 143.645 137.85 131.887 131.703 130.017 129.499 128.431 128.858 131.121 134.792 139.021 146.428 155.703 171.885 210.857 210.36 201.923 193.403 177.014 174.115 159.006 141.96 119.489 91.5113 54.3992 -1.56616 0.701972 -0.265499 -0.771167 -1.0652 
1.40934 0.810116 1.01943 1.32983 1.04828 0.961133 1.23488 1.08865 1.20143 2.11094 0.690641 1.09027 0.551562 1.1511 0.892338 1.9647 1.49398 0.70785 1.20279 1.67068 2.64408 1.29895 59.0589 94.2136 121.723 144.918 162.919 177.83 186.024 197.95 206.08 217.792 167.324 152.37 142.666 137.447 133.467 131.727 128.452 126.618 128.389 129.649 131.7 133.522 138.719 144.888 154.645 169.85 209.664 207.863 201.043 191.635 167.416 178.257 158.583 141.363 119.276 91.4245 57.9737 -0.595394 0.417847 -0.96143 -1.05973 -1.09415 
1.87722 1.57001 0.749728 0.602049 1.09211 1.05575 1.51967 1.0764 0.95742 1.41482 0.72185 0.298898 0.672002 0.937343 1.51655 1.53488 1.53167 1.34426 1.6713 1.81933 2.84358 0.466835 58.7333 94.0992 122.627 144.624 162.417 175.473 186.367 198.286 205.183 217.417 167.018 152.234 143.32 136.737 133.194 129.444 127.924 126.055 126.973 128.83 130.539 132.76 138.019 144.809 153.844 168.474 206.757 208.37 202.025 190.346 164.299 181.861 158.633 140.828 118.874 91.3282 55.8025 -1.21888 -0.228547 -1.00835 -1.11347 -1.4624 
1.16246 1.34463 1.59338 0.710513 1.50558 1.32845 0.867181 1.25815 1.00072 1.28825 1.54903 1.05518 1.35054 1.35637 2.02357 0.853979 1.35434 1.42156 1.01823 1.27418 2.10953 0.226061 57.7465 92.6237 120.779 144.29 161.91 175.304 183.693 195.222 204.895 215.726 167.072 152.083 142.115 136.619 132.591 131.071 126.973 125.214 127.006 128.055 130.027 134.226 136.481 143.787 152.6 167.095 203.069 208.266 202.176 189.081 165.595 181.354 158.413 141.16 119.269 92.7289 57.3582 -0.729291 -0.289782 -1.29477 -1.65471 -1.19386 
0.637058 0.772678 0.89125 1.93932 1.11759 1.19674 0.954062 1.21344 1.42477 0.347676 -0.452151 1.07971 1.12825 1.18628 0.723303 1.29455 1.31024 1.2466 0.853371 1.13044 2.40341 -0.149736 55.2899 92.2832 119.702 144.09 162.629 173.602 182.215 192.8 203.188 213.993 168.395 151.553 142.246 135.896 132.74 129.618 126.385 125.138 125.798 127.059 128.878 133.397 135.245 142.23 150.321 166.396 202.711 208.808 201.07 189.506 169.216 176.523 159.338 142.654 119.956 92.6492 58.6414 2.26253 -0.094386 -1.67002 -1.53994 -1.37039 
0.906356 0.988631 0.830744 1.20131 0.948135 0.876076 1.24933 1.10451 1.02982 1.37192 0.883961 1.25032 0.952295 1.40486 1.4978 1.06007 1.03998 1.29184 1.38892 1.40048 2.35645 1.26647 47.4292 87.9188 117.107 141.557 160.143 175.622 182.515 192.623 203.244 210.562 177.438 152.687 142.762 137.152 131.239 129.705 125.768 125.832 125.42 126.465 128.162 130.776 134.215 140.143 149.271 162.272 195.742 208.509 201.44 189.743 176.41 170.461 161.163 144.24 122.992 97.4245 64.6015 8.75265 -0.486636 -1.3322 -1.06448 -1.20019 
0.946051 0.613044 0.739616 0.603108 1.20579 1.17176 0.60303 0.890416 2.02394 1.29533 0.840741 0.92114 0.723681 0.879807 1.18953 1.30783 0.78852 1.80605 0.611826 1.11364 2.49132 1.60515 45.2902 87.6868 117.795 141.427 160.993 174.624 180.881 192.973 202.131 207.57 176.492 150.99 142.149 136.321 130.965 128.31 125.838 124.506 124.886 126.342 128.506 131.665 134.28 140.378 149.018 161.779 194.01 208.689 201.914 190.95 179.545 171.051 161.577 143.498 122.347 95.8417 64.2577 8.55089 -0.257065 -1.00942 -1.21562 -1.56449 
1.09862 1.13042 0.867747 0.699451 0.46172 0.741301 0.991553 1.16748 0.776715 1.38643 1.27568 1.01187 1.1748 1.66288 1.30288 0.876266 1.06403 0.950773 1.32376 1.13593 2.23191 2.33743 44.4915 87.4622 116.158 140.438 159.383 175.935 178.833 191.106 200.607 208.06 177.165 150.707 142.402 135.465 131.898 127.261 126.496 123.716 124.564 125.579 127.388 130.925 134.329 138.855 147.868 161.228 192.68 209.184 201.436 191.974 178.459 169.566 162.143 144.814 123.781 98.0683 63.9227 7.88583 -0.0239302 -1.01921 -1.30155 -1.26764 
1.03508 1.41873 0.976286 0.510005 0.714502 1.80262 1.60519 0.8634 0.691975 0.365355 1.0665 0.928338 1.19215 1.8354 0.737367 1.11769 1.16431 0.986007 1.00309 1.72451 2.26834 2.44501 41.5179 86.979 115.966 140.037 159.454 177.378 176.443 190.974 201.208 206.602 175.693 150.628 150.154 142.24 130.653 128.101 125.283 123.823 122.906 125.117 127.202 130.362 133.939 139.054 147.5 159.61 190.561 208.205 201.567 192.8 179.031 170.237 162.598 146.376 124.342 98.7214 66.4565 10.7666 0.466198 -0.478727 -0.729583 -1.15643 
1.39247 1.24587 0.618852 0.453767 1.26836 0.389808 0.891551 1.19768 0.312068 1.24866 1.43351 1.29251 1.12052 1.24762 0.60245 0.79988 0.468366 0.688217 1.66825 1.4905 2.32207 2.94775 41.5721 86.8092 117.389 141.108 160.103 178.914 175.02 189.619 199.585 208.446 175.909 151.579 140.831 136.21 130.661 129.119 125.545 124.288 124.546 125.69 127.172 130.806 134.439 139.667 147.137 160.235 188.808 210.484 203.968 192.759 180.498 170.816 163.281 145.995 125.744 99.8763 67.6002 10.7142 1.03885 -0.155873 -0.191083 -0.0726146 
0.981543 1.38913 1.08558 0.568589 1.35808 1.00169 0.817555 1.23257 0.72656 1.0088 0.574852 0.531616 0.769682 0.932225 0.640358 0.762963 0.635174 1.14749 2.06798 1.93908 2.48519 2.89646 41.0663 86.1875 115.231 139.365 158.754 180.584 173.767 189.301 198.355 206.31 174.668 152.071 141.921 136.02 131.721 128.397 125.913 124.561 124.192 124.623 127.226 130.703 132.453 138.64 147.236 158.969 188.604 210.089 204.831 193.417 181.703 168.287 164.213 147.338 127.524 101.922 70.82 15.0002 1.60818 1.7599 0.460151 -0.00248758 
