-0.761354 -0.232763 -0.881295 -0.89397 -0.740429 -0.609141 -0.961256 -0.902574 -0.85283 -0.570675 -0.833036 -0.628255 -0.948124 -0.971224 -0.994041 -0.557983 0.404423 0.334406 34.7574 80.8545 110.318 134.908 153.333 169.24 170.689 184.757 196.189 202.396 187.985 159.388 148.649 138.929 133.612 129.096 127.534 127.058 126.919 126.929 128.287 131.048 134.953 139.601 146.749 158.399 186.603 205.469 202.109 194.464 182.845 173.786 162.9 146.434 124.711 99.4658 66.3601 10.0308 0.329067 -0.502563 -0.913411 -0.607795 -0.828345 -0.788881 -1.01951 -0.985323 
-0.940986 -0.805597 -1.07109 -0.908271 -0.847601 -1.3708 -0.812876 -1.07455 -0.678002 -0.985543 -1.15996 -1.07716 -0.560762 -0.860903 -0.858349 -0.750348 0.463105 0.895774 34.1421 81.426 110.339 134.679 153.243 168.619 170.592 184.606 195.525 204.48 189.135 159.494 146.563 138.409 132.028 129.151 127.738 127.761 127.097 127.142 128.196 132.47 135.454 139.96 147.755 159.094 186.025 205.212 201.71 193.972 183.127 174.081 163.396 145.082 125.658 98.4862 66.2531 9.3201 0.422823 -0.787502 -0.991792 -1.06664 -0.707737 -0.688338 -0.581012 -0.556599 
-0.475765 -1.04638 -1.2188 -0.549263 -0.654557 -0.949209 -0.687534 -0.60212 -0.571503 -0.540144 -0.842657 -0.754546 -0.779895 -0.903196 -1.00573 -0.591929 0.64755 0.376947 34.1122 81.6162 111.372 135.012 153.257 168.361 171.381 185.331 197.334 204.174 188.442 159.566 147.543 139.492 132.722 128.935 128.237 126.961 126.634 126.544 128.196 132.683 134.42 139.642 146.328 159.33 185.816 206.629 201.751 193.843 182.4 173.271 162.233 145.427 124.72 98.6057 65.4839 9.34228 0.742139 -0.541014 -0.856322 -0.647965 -0.725646 -1.14365 -0.686514 -1.26179 
-0.884409 -1.66072 -1.17062 -0.588114 -0.678056 -0.57904 -0.957001 -0.95757 -0.80914 -1.058 -0.933394 -1.09539 -0.933736 -0.822218 -0.72867 -0.66917 0.348106 0.963498 34.7115 80.4848 110.111 135.417 154.299 168.855 171.375 186.3 196.864 203.326 187.126 168.675 147.46 139.84 132.598 128.9 128.871 126.893 127.357 127.681 129.295 131.616 135.713 140.421 148.638 160.785 188.054 207.806 200.876 194.233 183.003 174.466 163.13 146.394 125.388 100.135 67.6856 10.1057 1.01599 -0.503874 -0.836887 -0.686868 -0.971621 -0.93015 -0.997607 -1.37891 
-0.91365 -0.949706 -0.69732 -0.932004 -1.38754 -0.686408 -1.20159 -0.528918 -0.813205 -0.855832 -0.806446 -0.539557 -0.727724 -1.09142 -0.689505 -0.346951 0.454731 0.937238 33.0708 81.8219 111.047 135.145 153.843 168.301 171.42 187.878 196.689 204.49 191.122 162.309 148.337 141.345 134.353 129.962 128.113 128.254 126.359 128.989 129.79 133.127 135.805 141.726 147.969 160.15 188.496 206.114 200.259 193.718 180.477 174.278 163.424 145.757 124.402 99.0775 66.4963 10.1183 1.0341 0.390155 -0.207116 -0.454152 -0.543414 -0.657339 -0.751224 -0.67999 
-0.623488 -1.0632 -0.723951 -1.52355 -0.937487 -0.660769 -1.30845 -0.884727 -0.741672 -0.937943 -0.486332 -0.651687 -1.06832 -0.504122 -0.635482 -0.407633 0.96249 1.42762 35.4504 82.654 111.242 135.777 153.97 169.638 172.017 188.711 197.137 204.809 191.65 162.796 149.879 140.178 133.635 131.306 128.493 128.166 126.743 128.584 130.223 132.269 135.48 141.548 148.719 161.18 190.145 209.257 203.378 193.405 182.358 174.636 164.095 146.91 126.75 101.106 69.1971 11.5521 1.40727 0.730762 0.125558 -0.32627 -0.46105 -0.762556 -0.666582 -0.829232 
-0.791923 -0.909581 -1.22021 -0.903706 -1.16882 -0.607833 -0.894573 -0.938371 -0.974383 -0.661603 -0.915815 -0.786757 -0.82908 -0.325011 -0.0441627 0.184403 1.14685 2.09876 30.557 81.3828 110.339 134.257 153.888 169.491 172.587 186.405 197.891 204.734 194.917 163.095 150.052 142.788 135.348 131.104 129.667 127.939 127.3 128.637 129.488 133.262 136.343 142.376 148.387 161.001 185.993 211.132 203.798 196.03 183.684 175.338 166.67 150.187 129.933 105.421 74.343 18.8937 2.15958 1.17035 0.0863012 0.346163 -0.678905 -0.64478 -0.680491 -0.604148 
-0.875329 -1.12395 -0.851279 -0.921415 -0.90911 -0.659965 -0.6745 -0.470273 -0.7653 -0.677491 -0.887376 -0.79904 -0.534421 -0.00577875 0.258987 0.184971 1.7258 2.61754 26.2594 80.0853 109.306 134.558 153.153 170.753 173.68 187.631 199.86 205.467 194.757 165.082 151.532 143.915 136.504 132.681 129.971 130.187 128.835 129.908 131.294 134.786 137.493 142.735 149.745 161.622 187.755 211.977 205.092 196.381 185.502 177.342 166.404 149.737 130.359 104.902 73.9164 18.2498 2.94985 1.59586 0.678468 0.461695 -0.158547 -0.402277 -0.484957 -0.547679 
-1.06509 -1.32096 -0.695482 -0.831294 -1.03574 -0.695738 -0.78894 -0.82778 -0.911908 -1.00997 -0.343348 -0.442319 -0.592794 -0.227142 0.737756 1.21072 2.02483 2.6367 30.9807 80.9551 110.051 134.443 153.443 169.735 175.56 188.395 197.902 206.239 197.307 164.928 151.592 143.893 135.747 132.768 130.558 129.165 127.963 129.937 130.685 134.2 137.738 142.9 150.895 161.717 189.513 212.206 205.382 197.517 187.507 175.44 166.479 150.632 130.779 105.78 75.5408 19.9065 2.16394 1.7992 0.831921 0.353319 -0.202364 -0.747052 -0.960072 -0.744634 
-0.536395 -0.94211 -0.933997 -1.2389 -0.51764 -0.659489 -0.779623 -0.998534 -1.12691 -0.981509 -0.733237 -0.603001 -0.178708 -0.196438 0.543729 1.0538 1.99577 6.26204 40.5111 84.7491 112.92 134.78 153.769 170.165 178.892 189.004 201.012 206.823 198.337 166.358 150.881 141.381 135.572 133.105 129.237 129.167 129.706 130.295 132.096 134.52 138.743 143.732 152.416 162.947 191.772 213.895 208.947 201.334 189.918 183.716 174.655 161.405 147.738 126.322 102.567 75.5284 20.1708 -0.318613 0.187436 0.364503 0.410727 -0.500478 -0.426658 -1.03472 
-0.906568 -0.604129 -0.819136 -0.991567 -0.801874 -1.12879 -1.16761 -0.669327 -1.13418 -0.982642 -0.855079 -0.576137 -0.536753 0.452218 0.469886 0.161969 5.11701 54.9134 89.9727 116.036 140.599 162.606 179.112 191.341 201.019 208.895 218.978 225.565 215.228 181.314 168.562 157.503 149.208 144.819 141.256 139.973 140.444 141.012 141.434 144.706 150.569 156.854 165.688 177.943 206.299 229.145 225.931 218.158 208.154 200.816 189.995 176.341 160.904 140.611 114.705 89.9955 69.5506 58.4244 45.3484 8.29398 -0.701245 -0.222349 -0.166694 -0.43881 
-0.708805 -0.67143 -0.973646 -1.35631 -1.20718 -1.19857 -0.931053 -1.02619 -0.898034 -0.60564 -0.618171 -0.608613 -0.497197 -0.358326 3.91416 37.7826 70.2115 100.93 124.578 144.203 162.268 178.014 192.3 206.383 213.58 221.659 229.466 233.417 224.141 188.981 173.84 162.885 153.907 148.939 144.974 144.499 144.112 145.403 147.466 149.4 153.195 159.804 169.246 182.375 207.97 236.332 232.407 223.95 216.646 210.203 199.937 188.885 174.081 160.794 147.05 130.763 112.182 90.6116 65.4732 23.7245 6.3914 -1.0741 -0.439449 -0.788829 
-1.08649 -0.994792 -0.706151 -0.900028 -0.707231 -0.980456 -0.800649 -0.870526 -0.819784 -1.04985 -0.663487 -0.491592 -0.463877 3.28124 25.9551 64.5657 96.999 120.796 138.74 156.171 173.643 190.349 204.668 216.946 228.179 235.798 241.204 247.059 233.582 198.765 183.246 173.003 165.3 160.721 150.222 147.846 149.266 151.543 157.318 159.993 166.771 173.69 182.186 195.644 219.298 256.238 249.547 242.785 237.066 228.433 219.357 207.196 192.902 176.54 159.343 139.537 119.358 97.4378 71.5057 41.8812 17.0292 5.45507 -0.368717 -0.820047 
-0.873743 -1.14985 -1.16741 -1.06346 -1.03059 -1.06658 -0.527116 -1.04412 -1.29874 -0.831117 -0.617785 -0.738377 0.579333 16.9396 29.4492 74.9871 103.138 126.528 143.81 162.873 180.896 197.433 211.293 223.828 233.754 239.45 248.178 252.939 239.848 203.751 189.934 178.278 168.368 152.536 148.047 147.205 148.17 157.805 165.064 168.174 172.058 179.243 187.913 200.304 221.323 265.293 255.345 249.79 243.172 235.432 224.271 209.202 196.248 178.206 159.624 140.57 120.399 99.3942 70.6982 38.3902 19.8823 13.8517 8.08112 3.7532 
-1.19939 -1.46491 -0.734447 -0.955436 -1.13937 -0.622321 -0.97 -0.695189 -0.995335 -0.590434 -0.837439 -0.161879 8.50637 17.7845 26.7604 73.198 102.98 125.275 142.263 161.002 178.835 194.459 210.172 222.524 233.075 240.595 246.387 253.419 243.313 205.576 190.593 174.266 152.214 146.353 142.467 142.06 142.053 144.311 149.924 161.132 170.026 174.571 184.381 196.454 215.848 261.6 251.112 245.695 236.727 226.058 213.52 198.929 180.551 161.017 136.171 109.179 80.3175 57.6663 33.8887 14.8409 10.0833 8.30964 6.01999 3.81708 
-1.05554 -1.26437 -0.901992 -0.876924 -0.380889 -1.09232 -1.08811 -1.00956 -1.03415 -0.991156 -0.708233 5.19875 7.57593 10.4626 12.1253 35.0498 59.2587 75.188 85.6994 117.613 140.672 158.734 176.917 185.842 195.357 204.183 210.775 215.045 206.844 172.879 149.942 134.468 125.226 121.749 121.068 119.516 118.209 119.185 122.154 125.419 128.922 140.336 156.83 165.838 181.37 219.16 209.079 201.243 192.537 182.364 168.836 152.064 129.96 103.361 68.185 12.9591 3.81915 2.33061 2.04581 2.42191 1.33607 1.22129 1.19199 0.894582 
-0.569103 -1.0539 -0.966732 -0.982997 -1.53141 -0.922193 -0.98515 -0.935691 -0.835115 -0.950206 -0.932503 4.67797 13.0935 3.85116 2.27296 2.51382 3.24992 4.39617 5.58001 24.5014 80.3672 109.846 132.968 151.367 166.031 176.735 186.427 194.514 182.26 136.069 121.92 112.273 105.831 102.908 101.742 101.039 101.066 101.776 103.926 106.08 109.328 115.978 124.206 143.741 170.065 209.546 198.365 191.883 181.395 170.862 156.763 137.527 115.048 87.3803 44.9851 4.01741 2.35029 2.25567 0.812419 1.10909 0.654959 0.391314 0.246159 0.155227 
-0.669654 -0.724161 -1.27197 -0.841355 -0.734515 -1.0207 -0.949817 -0.775458 -1.02044 -0.823052 -0.671134 -0.627375 5.62369 3.99774 2.31586 2.08195 2.06998 2.57794 3.91641 17.3613 72.7121 103.087 127.943 147.501 162.242 173.291 182.978 180.24 164.381 127.666 115.218 107.352 101.707 98.9534 97.6704 95.8291 97.0906 98.0192 99.7586 101.813 105.027 109.403 117.536 129.327 151.527 204.607 199.054 190.505 180.818 169.745 155.218 136.062 114.725 86.5145 42.8095 3.11585 1.75789 1.51478 0.811154 0.880779 0.794881 0.820643 0.252129 0.264759 
-0.966411 -1.14687 -0.825764 -0.907735 -1.12369 -0.973189 -1.18626 -0.705127 -0.725444 -0.862122 -0.575948 -0.575986 -1.67354 9.36279 4.94052 1.53875 1.48654 2.05828 3.01814 13.8413 69.4263 99.9791 125.503 145.674 159.419 170.361 174.476 163.04 157.338 123.726 111.561 104.899 99.2059 96.1639 94.812 94.1902 94.8375 94.967 97.7437 99.0262 102.155 107.077 112.614 122.245 141.106 184.803 194.8 189.73 180.35 167.895 153.256 134.445 111.841 84.4088 40.6133 2.46776 1.46764 0.973266 0.712061 0.992358 0.512727 0.410012 0.387116 0.466904 
-0.784252 -1.12261 -0.852927 -0.939385 -0.7382 -1.1501 -0.680106 -0.839658 -0.862458 -0.819445 -0.356028 -0.525212 -1.08559 7.57435 6.76269 0.596909 1.69824 1.89012 2.32401 9.85131 66.973 98.581 123.638 144.218 157.323 170.498 160.43 154.6 155.948 121.275 110.093 103.139 97.7806 94.381 93.7899 93.2628 92.994 93.7616 95.013 96.7825 100.005 104.149 110.83 119.239 134.588 174.281 178.388 188.688 178.116 166.669 153.486 133.634 110.469 83.8803 38.2008 1.91405 0.660186 0.388378 0.951364 0.381075 0.0968057 0.780657 0.00825439 0.595272 
-0.932974 -1.24573 -1.10538 -1.20497 -1.25376 -1.71532 -0.850788 -0.5133 -0.967744 -0.967038 -1.03463 -0.846081 -0.76957 5.57642 8.57722 0.240973 0.55092 1.34788 1.58952 6.51599 65.0904 96.0002 122.041 142.077 155.851 167.17 151.335 149.943 150.935 119.467 109.195 102.132 96.4193 94.5278 92.7371 91.7777 92.0338 92.306 94.0159 95.2921 98.2536 102.076 108.933 117.663 131.712 168.989 168.691 184.049 176.944 165.912 152.295 131.514 110.043 82.5447 37.5319 1.27712 0.693648 0.186782 0.038748 0.13208 0.651925 0.592733 0.636527 0.879696 
-0.62214 -1.33712 -1.35054 -1.22341 -0.929923 -0.969363 -1.31966 -0.924463 -0.818971 -0.772171 -1.08413 -0.652892 -0.660801 5.83964 11.9791 -0.220127 0.633895 0.877313 1.49909 4.46757 62.5935 94.442 119.703 140.317 154.182 164.854 147.975 146.712 149.97 121.403 109.8 102.564 96.5765 93.1178 93.3048 91.8523 91.4126 91.9259 93.0899 95.1483 97.3893 101.323 107.638 116.889 129.505 165.988 163.122 178.91 177.428 165.865 152.67 131.005 109.165 81.4547 37.1984 1.18223 0.782324 0.291684 0.621648 0.542547 1.20154 0.0833973 0.368436 0.792986 
-0.866398 -0.793909 -1.40353 -0.720175 -0.944877 -0.970071 -1.43392 -0.703048 -1.19243 -0.580567 -0.807624 -0.533987 -0.593612 6.79638 15.4212 -1.31615 0.424539 1.0123 2.12586 2.97082 60.477 93.339 119.444 139.792 152.739 164.866 147.571 144.499 151.787 122.045 109.302 102.174 96.667 94.2275 93.1261 91.7831 91.3965 91.3755 93.0317 94.1934 96.9786 101.991 106.87 115.734 129.16 164.427 159.975 174.877 176.407 165.939 151.407 130.929 109.705 81.409 38.1632 1.74744 1.46504 0.387519 0.223479 0.938157 0.575208 0.538218 1.56559 0.871376 
-0.958225 -0.711848 -0.948619 -1.36663 -1.04278 -1.24782 -1.11353 -0.553573 -0.945088 -0.950125 -0.83166 -0.858956 -0.345304 2.12592 15.1525 3.4261 0.873259 1.45529 2.56692 0.483887 54.7731 89.9139 115.583 137.467 151.186 164.562 151.957 144.53 153.748 123.453 110.975 103.368 97.7944 94.0896 92.3801 91.7374 92.0357 92.4488 93.1943 95.1822 96.9047 101.708 106.328 115.116 128.09 160.25 157.824 172.92 177.545 166.649 153.503 133.806 111.293 83.6093 46.6715 0.71625 1.60513 0.371402 1.09636 1.12212 1.41483 0.678642 1.5097 1.49038 
-0.721846 -0.599897 -0.675205 -1.06114 -0.918704 -1.10451 -1.37775 -0.881677 -0.944768 -1.00614 -0.830743 -0.856973 1.43897 1.1612 11.1152 8.23445 1.37805 0.488887 2.10654 0.670466 48.6049 86.9974 114.327 134.946 150.537 162.74 159.707 145.847 155.693 124.677 112.786 104.491 97.6502 96.4099 94.0492 92.1776 91.7997 91.704 93.0003 95.3581 97.6025 101.758 107.509 114.797 128.138 159.456 156.738 174.879 178.516 167.004 154.857 133.975 111.912 84.7149 49.5787 -0.345317 2.07492 0.726266 1.28139 0.984004 0.909161 1.37569 1.27118 1.11456 
-1.23581 -1.17171 -1.19475 -1.34455 -0.800658 -0.717371 -1.07157 -0.621445 -0.784977 -0.908104 -0.676584 0.792055 1.5118 0.905633 7.53832 9.15711 1.19203 0.733549 1.38107 1.71181 45.9888 86.5083 113.154 135.031 150.06 162.678 165.464 148.004 158.455 125.903 114.79 105.464 99.4343 96.8712 94.5529 93.6339 92.7051 93.3945 93.2688 95.7545 99.1922 102.611 106.935 115.605 127.56 158.655 157.682 179.131 177.633 167.358 153.681 135.75 111.69 84.8916 49.6979 -0.253315 2.07748 1.07195 1.21987 1.30246 1.3485 1.36945 1.41165 1.14576 
-0.861447 -0.826342 -0.503529 -0.960899 -1.08004 -1.27408 -1.04152 -1.10165 -0.84276 -0.898613 -0.282914 1.01222 0.991467 1.20128 7.88697 10.2159 1.33482 0.881803 1.34775 2.13974 43.0116 84.1212 111.829 133.118 149.925 161.797 174.356 150.889 159.045 129.378 116.928 107.391 100.659 97.2296 95.8722 95.4286 93.5253 94.1887 94.1578 96.8083 99.0179 102.744 107.441 116.599 127.813 159.552 159.105 183.383 179.023 167.922 152.382 135.454 112.539 85.4511 50.9155 -0.653355 1.97302 1.07071 1.15736 1.26647 1.00255 1.17672 1.07219 0.855732 
-0.884617 -1.16553 -1.25616 -0.70634 -0.954141 -1.31618 -0.99379 -1.16993 -0.818427 0.0939629 0.615561 0.380543 0.783359 1.16721 7.57395 7.78246 1.09938 0.471515 1.69023 2.22152 40.7595 83.4557 111.27 133.01 149.595 161.757 174.292 163.456 160.213 134.413 117.813 108.632 101.613 99.1726 96.2423 94.9722 94.7705 94.3453 95.4158 97.2516 99.4498 103.564 109.341 117.535 129.564 163.083 163.027 188.943 177.504 166.709 153.496 134.943 112.856 85.5173 52.0306 -1.24909 1.59871 0.776731 0.810981 0.629965 0.724049 0.961464 1.1051 1.28565 
-1.27161 -1.1671 -1.09157 -0.769969 -1.05784 -1.17177 -1.32857 -0.525051 -0.949818 0.674299 1.01768 0.755612 0.862576 -0.107874 1.33535 12.4013 0.957018 0.800298 1.06694 2.35669 38.628 83.8359 109.847 132.557 148.83 161.185 173.074 177.909 164.41 141.331 119.732 111.065 103.327 100.626 97.4254 97.1659 95.3511 95.4353 96.8396 98.2896 101.539 105.6 110.36 119.212 132.182 166.619 176.969 188.25 178.901 167.719 154.395 135.532 113.354 86.5 53.6578 -1.19396 1.77778 0.586232 0.968384 0.74201 1.23833 0.785046 0.751802 0.780218 
-1.45822 -0.914173 -0.85651 -1.07762 -0.791729 -1.32958 -1.05435 -1.41569 0.309774 0.965299 0.763429 0.372975 0.345294 0.943839 -0.702427 13.7282 0.853792 0.638668 0.701112 2.66457 37.0458 82.5877 109.718 131.958 148.59 161.193 172.165 184.005 177.334 149.906 124.376 113.932 105.94 104.568 99.7605 96.9077 96.9942 97.242 97.9627 100.241 103.69 106.839 112.463 121.533 134.907 170.086 189.177 187.642 179.179 166.943 153.675 135.497 112.772 86.3935 54.5176 -0.972545 1.07614 0.915868 0.826165 0.913796 0.704424 0.439403 1.10969 0.584079 
-1.27645 -0.755007 -0.827439 -0.862676 -1.11318 -0.757157 -0.741407 -0.437819 1.10749 0.477379 0.920457 0.844708 0.89944 0.383652 0.479949 13.8573 1.30713 0.766143 1.00874 2.43569 35.2256 81.1017 109.184 131.215 148.914 161.279 172.739 182.301 189.357 163.876 132.129 118.559 110.045 104.91 103.12 101.138 99.992 99.8986 100.79 102.973 105.664 110.593 115.489 126.352 140.38 182.482 195.718 187.61 179.037 168.072 154.801 136.398 114.486 86.7133 54.9802 -0.837553 1.67889 0.413136 0.642043 0.640721 1.03414 0.432733 1.23267 0.707589 
-1.4387 -0.903328 -1.76727 -0.816663 -1.17819 -1.4611 -1.15714 0.423661 0.642008 0.259509 0.550051 0.517966 0.282304 0.476411 0.632948 16.3899 1.46655 1.00877 1.30638 2.81253 33.6803 80.6967 108.05 131.772 147.943 160.13 173.678 182.035 189.943 170.227 144.858 130.147 119.967 112.291 107.456 106.03 105.313 103.954 104.607 106.955 111.502 117.317 122.93 136.861 152.759 190.059 195.191 187.848 179.567 167.864 154.659 136.111 113.639 86.8293 54.9204 0.486765 1.64529 0.766083 0.965463 0.852845 1.0165 0.814595 1.17873 1.10753 
-0.209833 -1.22743 -0.778217 -0.800688 -0.700318 -1.10331 -0.529391 0.70051 0.441051 0.583538 0.842707 0.898796 0.951596 0.723625 0.993315 12.2828 0.386533 1.14404 1.38471 3.06006 31.6479 81.2656 108.796 132.657 150.004 162.161 173.473 182.925 190.636 176.966 147.092 135.97 124.147 121.057 118.569 116.082 114.746 114.516 115.708 116.656 119.73 123.863 129.38 138.818 153.633 187.778 195.01 189.104 179.904 167.15 154.591 135.09 114.79 87.7212 56.4597 2.92917 2.17896 1.3378 1.38123 1.57857 1.28393 1.68132 1.82892 1.94825 
-0.709896 -0.502126 -0.508998 -0.501891 -0.992758 -0.592557 0.511199 0.604808 0.56335 0.61669 1.15043 0.0157543 0.667157 0.697223 0.785798 10.0771 -0.79213 0.77126 1.27638 2.72129 30.5499 80.5245 108.103 131.715 148.31 160.839 174.077 183.345 192.12 179.67 149.572 136.78 125.308 121.65 118.373 116.194 114.934 114.253 115.687 116.946 119.284 123.79 129.782 139.89 152.483 188.242 195.171 187.991 180.382 168.958 154.213 136.949 114.71 88.1287 57.9038 3.00002 2.256 1.26771 1.42948 1.6108 1.80555 1.37837 1.55143 1.47602 
-0.689834 -0.6338 -0.589803 -0.846566 -0.717843 -0.737538 0.382301 0.198368 0.536926 0.768218 0.567702 0.995957 0.108363 0.601046 1.45568 5.67979 1.78316 0.48953 0.86661 1.97064 30.2656 80.5955 108.112 130.926 149.042 161.417 173.605 183.419 190.754 180.861 149.656 137.488 125.626 122.231 118.662 116.667 115.846 115.263 116.02 116.924 119.346 125.379 129.902 139.792 154.03 185.811 195.69 189.346 180.638 170.15 154.716 137.312 114.909 89.6178 56.6471 4.01283 2.14624 1.46319 1.42347 1.36117 1.29216 1.35093 1.75271 1.62063 
-0.490834 -0.506404 -0.894795 -0.568314 -0.713091 -0.79595 -0.372386 0.691503 0.606201 -0.113659 0.442657 2.44432 0.091129 -0.00430402 0.747829 -1.21113 7.36566 0.60966 1.39825 2.81782 30.1363 79.8966 107.686 131.089 148.3 161.172 173.967 182.489 191.14 181.808 151.609 138.545 126.081 121.738 119.015 116.352 115.525 115.966 115.676 117.179 120.027 124.368 130.02 138.509 152.939 187.27 196.922 188.721 179.521 168.758 156.284 137.378 115.993 89.193 57.2383 5.59888 2.22952 1.24022 1.36423 1.15162 1.1106 1.54703 1.16946 1.96665 
-0.95602 -0.540148 -0.642912 -0.804992 -0.570058 -0.851575 -0.124333 0.319099 0.448711 0.155249 0.546971 2.25122 0.454235 0.516219 1.09027 2.38764 3.02214 0.399243 0.912942 2.64636 28.2982 78.9517 107.613 131.064 148.557 161.309 173.51 183.324 192.619 183.36 151.8 139.065 126.705 122.196 118.784 116.884 116.409 115.505 115.672 117.154 119.827 125.141 131.382 138.578 151.367 185.542 196.415 189.977 179.587 169.101 156.705 139.072 116.988 90.3416 59.0965 5.54774 2.02708 1.35525 1.54361 1.72532 1.08173 1.18158 1.09366 1.45676 
-0.677364 -0.739909 -1.16143 -0.647988 -1.25091 -0.362854 -0.698789 -0.000224922 -0.0395925 0.320148 1.58769 0.777772 -0.183926 1.09132 1.20183 1.25991 2.11686 0.475251 0.874503 2.18142 27.967 78.5789 107.881 129.706 148.813 161.782 175.143 184.36 191.515 185.06 152.61 139.26 130.111 124.666 118.615 116.752 116.2 116.869 116.23 117.177 119.751 125.058 130.232 139.031 152.412 186.143 197.093 189.79 181.305 169.544 157.578 138.51 116.533 90.9315 60.2778 6.64075 2.19027 1.56413 1.04562 1.09168 1.31432 0.976238 1.22973 1.36504 
-0.421516 -1.34709 -0.762674 -0.718434 -0.694612 -0.553671 -1.70352 0.759361 0.635864 0.941503 2.22125 1.20336 -0.163694 1.64996 1.53143 0.864356 0.919029 0.712789 1.19074 2.32203 26.7062 77.8239 106.631 130.105 148.463 161.118 173.095 183.501 191.868 186.33 152.944 140.529 127.839 122.554 118.986 117.55 115.954 116.621 115.982 118.101 119.766 124.133 130.163 139.035 150.96 183.398 197.194 191.28 181.005 169.866 156.69 139.527 117.492 91.5152 60.6884 8.06517 2.27811 1.41418 0.86621 1.06344 1.22304 1.18775 1.79409 1.35048 
-0.593714 -0.740401 -0.74498 -0.604797 -0.477952 -0.619782 -1.28654 0.10987 0.12338 1.46944 1.79459 1.18071 1.09658 1.89849 0.642339 0.712443 0.418874 0.123489 1.02799 1.76392 26.9529 77.9373 106.913 129.248 148.311 161.169 173.23 184.746 191.772 189.075 154.923 140.442 127.696 123.6 119.476 117.142 116.789 116.114 116.812 118.66 119.629 124.395 129.939 137.863 150.958 182.532 197.128 190.065 181.352 173.571 157.522 140.753 117.625 93.628 61.9306 10.2727 3.01902 1.56273 1.65453 1.11795 1.18219 1.92625 1.29498 1.81789 
-0.493216 -0.617684 -0.855774 -0.833623 -0.740084 -1.07142 -0.746431 -0.635183 0.864376 2.84462 2.47075 2.3157 1.70103 0.403584 0.392173 0.3797 0.0133245 0.341843 1.14188 1.84857 22.8605 76.4715 106.067 128.406 147.066 161.102 173.243 184.373 192.436 192.274 156.912 143.078 129.551 124.429 121.422 118.249 117.051 116.293 117.071 118.619 119.768 123.47 129.801 136.515 151.777 177.306 198.143 192.303 183.05 173.285 160.079 141.339 120.87 96.2008 66.1095 13.6957 3.13164 2.44847 2.06969 1.63254 1.42091 1.87009 1.60435 1.53526 
-0.524147 -0.550724 -1.1266 -1.03948 -0.769121 -0.149707 -0.671428 0.0210833 -0.2705 3.94165 3.79155 1.70087 2.11312 0.656345 0.49233 0.703442 0.519459 0.816469 1.55601 2.30837 18.8576 75.4016 103.925 127.244 146.124 160.108 172.887 184.399 192.737 194.423 157.604 143.595 130.817 124.941 121.006 118.697 117.111 116.843 116.217 117.607 120.7 123.876 130.291 136.96 148.261 169.708 202.701 192.105 183.043 171.634 159.326 143.394 123.823 98.8684 69.3288 17.9249 4.00445 2.67259 2.57715 2.75247 1.97882 1.92402 1.86299 2.07052 
-1.06749 -0.750856 -0.722261 -1.22755 -0.680331 -0.479168 -0.912062 -0.663534 -1.60898 5.90113 7.48177 -0.116154 1.94622 0.655541 0.441595 0.397962 0.930117 0.676911 1.88253 3.17287 19.0543 75.791 104.986 128.683 146.67 159.66 173.051 184.623 193.722 196.068 159.161 144.139 131.184 125.673 121.176 119.599 117.489 116.163 116.376 118.278 119.101 123.933 129.488 136.82 146.615 165.536 204.369 192.775 183.338 172.174 159.692 144.51 124.649 99.934 71.3542 21.1804 5.29434 3.72818 2.53433 2.60916 2.23692 2.09007 1.73903 1.95302 
-0.270599 -0.919853 -0.717949 -0.529993 -0.867653 -0.559437 0.21422 -1.15325 10.4994 9.84243 8.08794 -0.0201311 1.07022 0.460981 1.39175 1.17367 1.04573 1.78748 2.27273 3.19965 19.2674 75.5688 104.765 128.496 147.236 160.834 173.033 184.324 192.542 195.324 159.035 145.139 131.412 125.645 121.52 120.064 118.567 117.021 117.04 118.006 120.514 124.29 128.371 136.503 146.68 163.345 203.381 192.148 184.749 173.325 161.347 146.759 127.024 103.104 72.809 21.7306 5.43946 4.79112 3.77296 3.10147 2.85617 2.62103 2.30045 1.45446 
-0.985517 -0.45908 -0.599798 -0.547759 -1.00247 -0.623547 -0.976516 -1.4187 10.4028 7.54892 4.44294 2.12453 1.52324 1.40893 1.90033 1.75682 1.46459 2.2824 2.79679 3.55579 18.8649 76.0838 106.215 129.844 147.896 160.979 174.691 185.832 193.065 198.337 160.957 145.672 132.195 126.548 122.529 120.022 118.632 118.996 118.344 120.285 123.122 127.8 131.895 138.206 149.023 165.985 206.099 196.521 188.656 178.054 166.012 152.236 135.378 116.286 90.3144 52.6519 5.8566 4.89948 4.64844 4.03883 3.56537 2.86648 3.04751 2.6371 
-0.892109 -1.02763 -0.804045 -1.21595 -0.415038 -0.586705 -2.20183 -0.501982 1.16798 9.55442 9.85368 9.17261 7.05872 4.13945 2.54316 2.23944 2.55977 2.80555 3.62084 5.41965 46.9271 89.373 118.331 139.486 154.423 169.879 182.729 198.71 211.42 216.518 179.147 165.879 151.131 145.727 143.046 141.317 139.817 140.073 141.664 142.862 146.824 154.172 159.497 167.987 178.506 196.893 237.707 230.696 223.362 212.797 203.761 189.833 177.203 157.871 136.369 112.345 76.2622 38.0957 31.2671 16.3912 17.7605 17.5875 15.0243 13.2016 
-0.911112 -0.628431 -0.78799 -0.911025 -0.406265 -0.690352 -0.868793 -0.441492 -0.0609632 0.591759 8.34377 10.9619 12.9493 14.1156 14.4021 13.1899 12.8677 12.128 13.6086 49.0745 103.234 135.264 157.047 182.154 203.76 217.479 227.694 237.176 242.829 247.614 206.996 188.889 174.969 167.801 163.324 159.48 158.83 158.576 159.366 161.169 163.959 168.761 174.912 183.625 195.502 212.137 257.082 251.312 242.672 235.506 223.639 213.094 199.905 186.55 167.501 146.406 121.096 94.6049 77.8063 42.6709 23.4285 20.5844 16.8734 14.1377 
-0.603049 -0.824753 -0.648569 -0.795389 -0.141111 0.00813184 -0.799902 -0.46945 -0.519783 -0.752838 0.0722073 6.30188 11.1011 14.9083 17.6829 19.8323 18.6596 19.6612 58.4199 105.051 133.438 155.642 175.272 194.875 210.645 221.729 232.383 243.628 249.954 254.452 212.929 194.952 179.907 173.144 169.302 167.058 164.65 163.634 163.843 166.267 169.48 174.112 178.908 186.917 199.023 216.65 259.458 253.773 249.467 241.423 232.45 220.774 208.238 193.208 176.054 157.793 136.524 114.54 87.2184 68.0862 21.8477 15.3882 8.26642 3.49084 
-0.498752 -0.635405 -0.247838 -0.696311 -0.184603 -1.18862 -1.36813 -0.523572 -0.470543 -0.0841003 0.0386913 -0.293557 2.70068 8.34416 15.2868 23.6117 22.4147 31.3189 86.2595 116.329 143.422 164.856 183.87 200.101 213.313 225.202 235.433 243.898 251.295 257.604 214.019 194.902 179.8 171.39 167.127 163.297 161.83 161.321 162.24 164.172 165.803 170.287 176.618 184.834 198.007 215.769 258.594 254.058 247.3 239.189 231.489 219.768 208.289 191.885 176.535 157.321 137.049 117.65 92.3437 72.2939 29.1231 2.7156 0.208373 0.809276 
-0.500911 -0.464361 -0.757979 -0.432827 -1.04815 -1.09548 -1.01552 -0.11649 -0.0329142 -0.227002 -0.542505 -0.47754 0.386637 0.0394763 3.24731 23.1617 26.3342 45.5159 91.892 118.605 143.535 163.196 183.754 199.356 214.151 223.686 230.998 239.951 245.82 253.952 209.304 191.283 173.968 167.114 161.931 157.826 156.43 155.832 155.681 157.721 160.891 164.713 169.456 178.234 189.717 208.617 252.041 246.263 239.315 231.906 223.021 212.337 199.087 185.201 168.375 149.731 128.56 106.717 83.4087 59.5247 19.8799 0.636436 0.323707 0.54489 
-0.596048 -0.841558 -0.841861 -1.1937 -0.70607 -0.802224 -0.972971 -0.505478 -0.567172 -0.562285 -0.984187 -0.512309 -0.322667 -0.720266 -0.0735834 3.97828 30.4613 53.4801 85.0381 112.516 136.976 158.116 178.226 190.08 202.808 212.181 222.186 228.622 236.135 245.526 202.417 184.823 167.349 159.056 154.886 150.908 148.987 148.984 148.502 149.903 151.785 155.807 160.058 168.792 179.888 196.306 237.213 235.936 227.107 217.207 210.274 198.612 184.462 170.562 152.55 131.149 109.41 86.7316 61.9509 29.2648 8.65915 1.23121 0.612848 0.299989 
-0.519554 -1.09901 -0.982771 -0.66789 -0.5286 -0.256612 -0.676157 -0.994345 -0.435548 -0.620824 -0.539584 0.0911 -0.913004 -0.255891 -0.359327 -0.0178943 9.18446 42.0965 72.9767 96.168 121.372 142.895 162.913 177.548 189.349 200.766 211.096 217.877 224.455 237.03 192.379 176.084 157.564 150.334 145.915 142.156 139.49 138.329 138.731 139.798 140.151 142.925 147.648 154.916 165.039 180.822 219.942 216.553 209.703 199.064 188.141 179.276 165.102 148.645 128.983 106.692 78.5794 44.2559 11.5027 0.410174 0.881265 0.814993 0.877449 0.29604 
-1.04201 -0.394267 -0.859057 -0.94236 -0.612543 -0.752444 -0.414844 -1.13071 -0.180212 -0.650841 -0.602635 -0.26362 -0.820909 -0.150922 -0.277502 0.355978 0.0408383 9.37306 33.9471 66.4649 92.8197 119.981 143.473 158.256 172.864 184.717 191.961 203.631 211.315 224.05 182.509 164.973 147.725 139.622 135.777 132.478 132 131.213 131.926 132.785 134.45 137.957 142.547 147.509 156.851 174.59 213.218 209.053 201.865 191.289 181.413 173.788 158.701 138.434 116.675 86.521 38.399 4.00587 2.87349 1.75159 1.525 0.712481 0.459393 0.16413 
-0.553085 -0.44183 -0.599823 -0.855174 -0.524242 -0.365197 -0.519453 -0.383106 -0.211202 -0.321943 -0.4679 -0.636447 -0.982426 -0.534004 -0.274971 -0.082554 0.350209 1.61699 1.51927 -0.0883469 61.7505 94.7827 120.935 143.906 163.751 175.542 185.046 197.368 207.945 219.112 181.876 163.561 146.88 140.057 134.852 132.53 130.102 130.415 129.906 131.834 132.675 136.717 140.987 147.225 155.91 172.373 209.099 208.969 202.561 192.6 181.482 172.198 156.475 137.739 115.919 86.2259 38.7034 5.1292 2.55054 1.45824 0.799764 0.66842 0.502281 0.318525 
-0.66968 -1.21493 -0.691571 -0.679572 -0.703088 -0.702928 -0.622193 -0.658124 -0.918235 -0.510668 -0.559465 -0.620601 -0.835848 -0.452052 -0.404164 -0.409429 0.267908 0.877 2.28648 -1.19566 56.1222 93.8571 121.952 144.701 161.709 175.034 182.986 198.258 205.032 217.592 180.887 162.072 144.654 137.017 133.948 131.224 130.068 129.45 130.126 131.247 132.383 135.134 139.36 146.294 156.009 170.569 208.67 208.185 200.394 194.038 179.05 174.163 157.383 138.935 115.308 86.4944 38.9609 2.71771 1.82376 0.950201 0.440392 0.135508 0.377267 0.320064 
-0.709448 -0.722996 -1.1272 -0.868732 -0.702832 -0.554024 -0.677823 -0.656208 -0.676278 -0.325656 -0.365631 -1.30465 -1.17352 -0.66178 -0.793042 0.00805403 0.608017 0.783852 1.87024 -0.6647 56.2854 92.1539 120.611 142.333 160.901 174.389 184.867 196.862 205.27 218.718 181.397 161.358 145.375 137.47 132.83 131.112 129.395 128.079 128.111 129.204 132.007 136.445 139.341 145.825 154.26 168.416 206.832 205.921 200.673 192.814 176.219 172.797 157.023 138.732 114.429 86.8087 41.9195 1.55818 1.25262 0.551339 0.28427 0.341978 -0.1024 0.141064 
-0.933082 -0.293065 -0.687553 -1.26136 -0.296829 -0.634584 -0.997253 -0.844108 -0.731199 -0.572208 -0.45273 -0.853228 -0.294787 -0.370097 -0.254099 -0.250607 -0.182707 0.225206 1.22048 -1.60507 54.2342 91.6168 120.399 141.816 160.719 175.181 182.121 195.038 204.335 215.978 180.922 162.379 144.823 137.249 133.651 130.26 129.256 129.042 128.267 130.659 131.48 133.92 137.754 145.431 153.67 168.46 204.12 205.672 200.298 192.557 178.643 172.227 156.676 138.776 115.31 85.7461 45.6436 1.05292 1.09694 0.347826 -0.0287928 0.00180758 -0.194241 -0.184581 
-0.851257 -0.857705 -0.801129 -0.344049 -0.843479 -0.682861 -0.947342 -0.789622 -0.335319 -1.18101 -1.35403 -0.0971847 -0.338557 -0.37314 -0.649645 -0.303178 -0.291021 -0.0574848 1.19937 -1.26574 51.1686 90.7267 119.747 142.363 161.436 173.501 181.142 194.17 203.266 212.364 181.241 161.161 144.26 136.58 132.278 129.785 128.163 127.844 127.904 127.495 130.533 134.625 138.055 144.525 151.635 166.768 199.73 207.246 201.748 193.606 178.594 174.973 159.283 139.323 116.754 87.1612 47.8754 -0.195891 0.758873 0.332288 -0.0598976 -0.00576223 -0.344839 0.24762 
-0.697385 -0.597787 -0.889534 -0.571897 -0.821321 -0.487171 -0.343836 -0.747449 -0.175644 -0.681468 -1.05647 0.227838 -0.520416 -0.373923 -0.462039 -0.6349 -0.454754 0.134415 0.549439 0.582463 41.1894 85.5159 115.434 139.323 156.964 171.073 180.078 193.785 202.933 210.844 191.522 163.287 145.955 138.457 132.854 130.028 128.965 128.96 127.68 127.924 131.104 132.787 136.887 142.392 150.794 164.46 197.398 207.287 202.603 192.56 174.849 180.308 161.002 142.698 120.186 90.5858 57.1521 0.246663 0.969862 0.280601 -0.592452 0.12074 -0.0179458 0.0971155 
-0.855182 -1.20046 -0.526625 -0.632567 -0.207603 -0.408515 -0.324119 -0.513 -0.185694 -0.431008 -0.880268 -0.801645 -0.273066 -0.548571 -0.610739 -0.424656 -0.464708 -0.305359 0.466545 0.324198 41.0128 85.7789 114.835 139.439 159.125 171.368 180.536 192.566 201.798 209.793 190.479 161.59 144.663 137.425 132.953 129.986 128.36 127.78 126.336 127.098 130.098 133.647 137.684 142.89 149.916 162.75 194.792 207.165 201.863 192.174 173.954 180.655 161.154 141.788 119.69 91.3578 57.7275 -0.0332734 1.13747 0.57312 -0.0695631 0.0250773 0.369526 -0.024346 
-0.719875 -0.509664 -0.424536 -0.835446 -0.762591 -0.948609 -0.88429 -0.500638 -1.08437 -0.463183 -1.04202 -0.603278 -0.362629 -0.136354 -0.210815 -0.354646 -0.794452 -0.426382 0.635313 0.710855 39.0157 85.1885 114.03 138.078 157.65 170.306 178.455 191.795 201.555 209.531 190.022 162.375 145.863 136.29 132.075 129.537 127.415 127.077 127.03 127.793 129.827 131.903 137.304 141.472 150.026 161.921 192.513 207.473 200.456 193.972 177.701 179.924 159.893 142.514 120.099 92.7055 56.872 0.98976 1.2608 -0.141692 0.496257 0.367157 0.209603 0.487218 
-0.545084 -0.509627 -0.6868 -1.18884 -0.717994 -0.305965 -0.400091 -0.657734 -0.7628 -1.58731 -0.612219 -0.748902 -0.796057 -0.554955 -0.800018 -0.897274 -0.623726 -0.34274 0.615453 1.05827 37.7637 85.1743 115.475 138.548 157.162 169.658 177.508 190.611 201.248 209.511 196.041 167.986 145.739 136.559 132.416 129.843 128.305 125.991 126.079 127.294 129.49 131.513 136.775 140.308 148.752 160.986 192.568 208.057 201.231 193.928 176.638 177.281 161.744 144.568 121.732 93.8124 58.7575 1.96827 1.93137 0.943221 0.557029 0.800848 0.183487 0.190485 
-0.368474 -0.847935 -1.3363 -1.27968 -0.617286 -0.855926 -0.765453 -0.433575 -1.18245 -0.689923 -0.168438 -0.452856 -0.611818 -0.533731 -0.638551 0.0232709 -0.173833 -0.175676 0.83363 1.30394 37.0131 84.4442 114.042 139.165 158.696 172.234 175.785 191.507 200.591 208.806 190.287 163.354 146.365 136.361 132.498 129.778 127.93 127.857 126.652 126.22 130.56 131.667 137.356 141.299 150.672 160.063 192.192 207.991 202.609 195.804 179.38 178.268 162.477 144.363 123.82 94.5258 59.8188 3.05235 2.34415 0.922575 1.53468 0.748581 0.601711 0.771281 
-0.275804 -0.228639 -0.569194 -0.864654 -0.527268 -0.586692 -0.729421 -0.450457 -0.345511 -0.822011 -0.811605 -0.656182 -0.333433 -0.338924 -0.297915 -0.0421258 -0.19306 0.354578 1.73727 1.86968 37.1025 84.9754 114.553 138.099 157.837 171.92 174.553 190.886 201.98 206.684 190.601 160.865 145.806 136.784 132.01 128.943 128.353 127.93 127.236 127.477 130.936 132.641 136.693 141.489 149.582 160.416 187.665 206.74 202.68 195.369 181.536 177.748 163.236 146.286 123.901 96.511 62.8786 5.12315 2.97102 2.30905 1.12324 2.10762 0.928168 0.417963 
