0.567647 0.609643 -0.0433683 0.212818 0.696676 0.87569 0.523327 0.560979 0.446311 0.489331 0.880684 0.746864 0.577215 0.280608 0.348193 0.664573 1.18531 1.83265 14.8398 69.7959 102.172 127.618 148.082 165.028 173.862 183.581 192.808 201.543 198.522 166.743 154.083 143.207 133.748 131.868 129.349 126.284 124.5 126.443 128.613 130.457 133.69 138.505 145.553 157.811 173.758 214.77 205.776 195.8 182.827 168.252 169.786 154.236 134.271 110.407 80.193 30.58 0.516088 -0.536706 -1.39219 -1.32945 -1.00656 -1.47171 -1.07933 -1.45099 
0.363266 0.442431 0.418283 0.780794 0.457253 0.20679 0.515528 0.538906 0.375543 0.405378 0.378522 0.509428 0.236544 0.708117 0.648375 0.706109 1.40373 1.89173 14.4942 69.2508 101.714 128.163 148.866 165.346 173.303 186.377 193.76 202.696 201.917 167.107 153.491 142.53 134.071 130.958 128.46 126.096 126.025 127.052 127.89 131.281 134.374 139.238 146.008 157.471 174.831 214.37 205.153 195.808 183.56 167.342 170.343 153.434 134.584 109.353 80.1428 31.4142 0.295201 -0.463098 -0.829839 -1.03119 -1.07885 -1.28936 -1.35099 -1.42368 
0.595528 0.214612 0.550518 0.737288 1.0535 0.248646 0.581435 0.598325 0.77984 0.695789 0.34437 0.968956 0.532927 0.73499 0.557151 0.300508 1.60584 1.77617 14.2971 69.7472 101.749 128.093 147.792 164.713 173.694 184.808 193.522 201.041 201.892 166.731 152.896 142.946 133.611 130.438 127.762 126.578 124.527 126.957 128.638 131.28 133.586 139.677 146.037 158.313 173.985 216.024 206.711 196.406 185.875 168.102 169.269 153.243 134.524 111.105 81.5903 31.2475 0.526438 -0.715815 -1.02811 -0.814285 -0.974179 -1.0859 -1.0708 -0.964762 
0.401571 0.119091 0.610608 0.595217 0.668383 0.794216 0.463572 0.187302 0.252556 0.239624 0.713057 0.327921 0.531036 0.414345 0.788427 0.446332 1.26499 2.14427 13.4808 68.3612 100.533 127.721 148.687 165.243 172.469 185.328 192.478 202.569 201.052 166.366 154.405 143.575 135.264 131.861 129.366 130.27 129.339 129.344 128.238 132.245 134.669 140.007 147.43 159.373 175.36 216.583 205.158 198.003 184.473 171.264 169.737 154.56 134.684 110.299 80.8882 31.4151 0.483528 -0.5232 -1.24821 -1.33206 -1.19641 -1.37634 -1.55612 -1.43654 
0.864096 0.535558 0.793076 0.763567 0.0637595 0.56639 0.22281 0.917959 0.552131 0.468752 1.00462 0.805476 0.523127 0.573608 0.834463 0.407942 1.41501 2.03991 12.6114 68.5592 101.131 127.999 149.686 165.407 173.943 186.79 192.877 202.943 203.196 170.048 154.226 143.688 136.39 132.303 130.594 127.839 126.543 128.486 129.903 131.175 134.555 140.007 147.568 159.23 175.824 215.851 205.933 197.322 183.888 171.206 170.443 154.628 135.145 111.372 82.0686 32.0489 0.766227 0.436079 -0.84793 -0.847587 -1.10002 -1.13516 -0.974428 -1.13779 
0.688345 0.104465 0.803354 0.466454 0.605572 0.639018 0.421094 0.428238 0.461785 0.22522 0.953012 0.703214 0.59876 0.556863 0.308322 0.658711 1.78836 2.19564 12.2374 68.852 100.629 127.608 149.036 166.364 174.305 185.989 192.619 203.405 205.05 170.758 155.232 144.967 136.106 133.452 129.677 129.584 131.781 127.933 130.71 133.495 135.752 141.12 148.438 159.849 176.616 217.32 206.71 199.053 184.592 172.619 171.083 156.405 136.006 111.987 83.2366 33.4639 1.06801 0.37096 -0.82064 -0.778242 -1.26958 -1.12412 -1.03778 -1.23838 
0.444479 0.795192 0.571708 0.527235 0.411794 0.636029 0.583759 0.714501 0.347647 0.698117 0.910331 0.467437 0.30748 0.914235 0.0387852 0.915396 1.45853 2.40626 9.35756 64.8594 98.6818 124.819 146.984 164.507 175.541 185.492 194.686 203.614 211.533 174.595 157.459 148.182 137.727 133.141 131.473 129.397 127.66 128.491 130.949 133.97 136.093 141.348 149.054 158.694 175.764 215.509 210.555 203.7 189.245 177.112 173.596 159.035 139.534 116.849 87.5066 40.8074 0.81894 0.740918 -0.799664 -0.703598 -1.5877 -0.851835 -1.42045 -1.01199 
0.779802 0.791167 0.427569 0.718493 0.274216 0.743798 0.456767 0.887639 0.795153 0.828548 0.681846 0.758185 0.649572 0.434811 0.968077 0.786482 1.76341 3.09912 6.51465 64.1794 98.0473 125.177 146.255 164.395 175.497 187.133 195.208 203.808 212.255 175.798 161.112 149.583 138.525 134.967 133.265 130.865 129.004 130.859 131.322 135.291 136.046 142.204 148.757 159.312 175.747 215.755 209.58 202.773 189.802 176.666 173.897 158.003 139.191 117.223 89.4838 45.6538 0.557791 0.552459 -0.906286 -0.574847 -1.36561 -0.97367 -0.821442 -0.974276 
0.825381 0.626916 0.966141 0.411659 0.51259 0.28633 0.6526 0.323038 0.58447 0.444003 0.390112 0.436734 0.426764 0.443499 1.06301 1.56533 1.96938 2.75279 6.51856 64.8601 97.9808 125.332 147.209 165.23 175.424 186.602 194.52 203.865 214.435 176.719 161.371 150.863 140.75 137.149 135.245 133.818 131.731 132.393 134.597 136.755 140.747 143.959 150.929 162.072 177.082 218.063 212.516 206.087 192.51 178.629 175.368 158.742 141.313 118.106 88.9894 43.4807 0.756994 0.789518 -0.559346 -0.745823 -1.22859 -1.2853 -1.55193 -0.931214 
0.488663 0.64271 0.893088 0.493222 0.885461 0.829916 0.74619 0.689643 0.780135 0.674679 0.920061 0.56429 0.512625 0.253219 0.389709 1.11238 2.1885 3.39032 2.33362 61.0862 99.1242 127.634 149.185 168.25 182.113 192.213 203.493 212.493 223.764 185.882 170.69 160.303 149.338 145.47 142.704 142.532 142.423 145.36 147.295 148.938 151.525 158.383 163.38 173.219 184.686 226.01 220.924 215.438 203.705 191.292 184.939 169.176 150.175 125.74 98.1231 56.0647 5.41732 0.779413 -0.0202008 -0.67334 -0.761741 -1.37935 -1.26326 -1.24166 
0.40795 0.705412 0.356791 0.564328 0.675045 0.315038 0.441835 0.664812 0.413804 0.436 0.444314 0.962929 0.4342 0.62528 0.728212 0.992584 2.22876 1.88967 48.9367 90.6341 118.211 144.063 166.322 182.897 197.36 206.23 219.076 227.52 239.689 198.897 185.462 174.633 169.304 166.222 164.785 167.492 167.087 169.832 169.441 171.991 168.608 177.657 185.629 195.065 212.174 251.854 250.105 242.063 229.492 217.258 203.646 187.782 169.007 146.477 121.245 92.7744 50.9226 -1.45916 -0.132558 -0.621029 -0.806415 -1.28937 -0.979203 -1.05827 
1.23104 0.743301 0.398648 0.94511 0.234237 0.707569 0.685605 0.609871 0.444284 0.993285 0.796496 0.926755 0.813249 0.765578 0.869874 1.57509 1.55121 10.4516 67.9844 102.55 129.734 156.017 176.716 197.443 211.419 222.816 231.561 242.65 250.895 214.574 201.626 190.341 181.712 178.955 178.336 184.43 185.725 191.491 195.413 197.596 188.297 194.095 201.415 214.328 231.537 276.422 272.195 265.319 254.406 243.487 229.89 212.644 194.433 175.663 148.929 117.917 82.0862 29.9004 0.0278639 -1.13376 -1.11475 -1.32242 -1.01756 -1.19913 
0.117001 0.203042 0.344946 0.764601 0.60396 0.574465 0.457324 0.782533 0.994919 0.678939 0.489427 1.04331 0.582479 0.815395 1.05042 1.38259 1.49279 24.0006 83.329 117.603 147.376 173.598 193.742 212.001 227.539 236.124 246.899 246.182 238.323 232.798 210.52 197.561 191.288 190.087 188.429 192.91 190.817 194.615 202.577 205.349 194.298 199.208 206.14 217.282 235.835 277.759 280.762 273.509 262.674 254.92 240.009 223.626 205.821 188.907 165.392 140.723 114.802 84.4658 30.3047 -1.29788 -0.892622 -0.958021 -1.38522 -1.31189 
0.532642 0.439971 0.711942 0.968267 0.642513 0.497439 0.707307 0.543225 0.579834 0.683518 0.328117 1.0828 0.685076 0.72165 1.43696 0.711625 4.85197 66.1923 105.077 134.38 159.694 183.293 202.675 219.001 231.949 241.328 234.62 223.608 228.162 245.913 210.239 198.534 196.472 194.881 193.761 189.185 193.179 200.143 208.572 221.727 200.706 200.222 209.137 220.576 240.293 278.541 284.424 276.974 265.21 256.974 244.9 227.157 212.068 189.144 168.906 146.106 119.896 88.6051 39.38 -1.74505 -1.33996 -1.11141 -1.19155 -1.23351 
0.528291 -0.0591511 0.920323 0.684408 0.469725 0.973518 0.24549 0.693308 0.538674 0.775851 0.541133 0.848599 0.677575 0.514478 0.972622 0.971953 15.5332 78.628 112.073 137.406 162.064 186.465 206.661 216.329 226.866 231.99 199.107 192.85 200.153 229.311 198.469 185.305 184.738 185.757 181.402 170.577 164.263 166.826 172.36 214.219 183.898 173.499 179.41 188.599 202.748 241.082 249.717 243.545 234.675 225.468 215.137 203.198 183.808 159.145 133.888 104.499 67.9909 16.9267 -0.617751 -1.15223 -1.27429 -0.866564 -1.25865 -1.41084 
0.711603 0.716131 0.753677 0.917617 0.216682 0.435139 0.531163 1.30336 0.778438 0.283434 0.819543 0.895929 1.14087 0.99153 1.03199 0.97066 14.1602 43.7306 70.8269 100.735 126.935 144.466 161.66 178.628 191.028 188.908 154.556 146.044 147.988 183.657 170.163 159.308 151.761 171.354 175.885 152.217 145.197 146.003 152.589 160.532 154.65 150.694 156.982 164.449 178.49 213.143 222.693 213.23 202.13 191.315 174.893 152.467 134.368 114.61 88.9994 52.6958 5.23694 0.165352 -0.0217743 -0.759513 -1.03254 -1.12013 -0.913454 -1.26502 
0.454199 0.766771 0.612452 0.857009 0.358875 0.789377 0.667141 0.705189 1.05968 0.479752 0.463643 0.689331 0.75529 0.798094 0.878698 0.978353 1.38461 2.27945 1.62301 30.5872 73.0539 105.294 127.132 146.212 161.928 153.636 121.674 113.107 109.003 137.419 132.099 132.703 130.051 139.824 138.046 126.324 124.085 123.761 129.262 139.374 127.653 131.484 137.708 145.884 158.596 192.397 203.165 194.818 185.551 175.26 161.307 144.653 124.249 98.7817 66.9567 10.6815 1.75379 0.617688 -0.637635 -0.729787 -1.26307 -1.44344 -1.2425 -0.993777 
0.778388 0.804817 1.04674 0.333622 0.486891 0.000943219 0.543248 0.714768 0.64517 0.538211 0.569229 0.718348 0.767796 1.80022 0.888051 1.18048 1.60498 2.33669 3.56001 7.52495 63.5997 96.1255 121.53 143.175 158.592 141.008 114.739 104.585 99.6755 122.514 111.784 119.042 120.284 130.649 127.797 121.762 121.495 122.042 137.008 130.156 126.754 127.818 135.231 142.999 156.328 186.182 200.628 193.162 183.554 173.005 160.518 143.397 123.535 97.5479 64.7855 9.11093 1.43257 0.116954 -0.409094 -0.845918 -0.976301 -0.882221 -1.44686 -0.989895 
0.816431 0.522487 0.541674 0.655872 0.893491 0.231239 0.756866 0.790628 0.86295 0.548105 0.730212 0.74192 0.720729 1.01436 0.912434 0.963337 1.32281 2.2075 3.19187 3.48271 59.0021 91.6584 119.399 141.06 160.243 124.752 108.736 99.0129 93.0052 117.128 99.453 101.81 111.98 113.944 124.589 122.286 121.469 119.862 147.745 124.735 125.531 129.701 133.019 140.402 153.298 182.312 198.72 190.563 181.954 170.446 159 142.91 122.283 97.0717 64.5627 5.55381 0.98173 -0.294822 -0.913301 -0.587295 -0.860372 -1.27359 -1.03987 -1.21712 
1.01725 0.715782 0.247331 0.7831 1.07063 0.565656 0.923611 0.468365 1.19303 0.860631 1.01011 0.594497 0.92434 0.780202 0.860027 1.54578 1.11854 2.01375 3.03127 0.711128 55.202 88.4526 116.617 138.607 155.478 118.761 105.238 95.7129 90.4167 115.507 94.9174 93.046 103.383 106.607 111.045 120.271 120.178 124.26 164.676 116.955 124.398 127.859 133.425 139.264 150.423 177.758 198.381 190.613 181.165 170.364 157.959 141.789 121.307 96.1449 62.4228 4.80815 0.356747 -0.812406 -1.10222 -0.91862 -1.47371 -1.17283 -1.44463 -1.65578 
1.00451 0.819537 0.672396 0.837267 0.90882 0.596786 0.596032 0.846315 0.52574 0.396153 1.16993 0.837253 0.246402 0.275319 0.986121 0.872199 1.12834 1.35455 2.02165 -0.953758 50.5187 85.1897 114.491 136.462 154.563 117.371 103.386 94.7446 87.1227 115.291 93.7547 90.3408 91.8568 103.44 107.099 108.212 120.221 119.053 176.026 117.831 123.316 126.536 131.895 139.095 149.326 173.716 197.706 188.927 180.146 168.364 156.151 140.906 121.062 95.3893 61.3332 2.84283 -0.0159339 -0.599465 -1.42566 -1.73896 -1.63071 -0.991266 -1.10168 -1.0533 
0.746729 0.797881 0.382976 0.629013 0.665259 0.148253 0.600847 0.956502 0.583469 0.351999 0.703575 0.595531 0.697008 0.499854 0.728371 0.826231 0.615955 0.859666 1.77967 0.817407 45.0642 81.8346 111.706 133.63 155.882 118.255 104.317 94.9346 86.1835 116.819 94.4986 89.5795 90.8992 96.9207 105.526 104.861 112.215 118.353 175.188 120.466 122.982 125.955 131.851 138.891 147.771 164.611 202.369 189.125 179.893 169.31 156.389 140.828 119.04 94.759 61.2627 3.36938 -0.0571781 -0.836438 -1.05301 -1.53508 -0.786148 -1.77544 -1.76831 -1.01733 
0.619578 0.909882 0.659488 1.12922 0.207315 0.657658 0.253431 0.715916 0.507333 0.695323 0.747576 0.684867 0.633911 0.87396 1.12828 0.870086 0.400089 1.04758 1.89058 1.85739 39.1799 80.3252 109.675 133.19 150.112 127.062 105.568 95.6794 86.2412 117.728 95.9589 90.2454 91.7681 94.2842 106.562 104.691 107.318 117.262 186.129 118.499 123.424 127.08 130.674 138.205 148.008 161.481 200.629 188.589 178.84 168.686 156.214 140.109 120.47 94.6777 61.2135 3.02184 -0.035582 -1.33831 -1.60645 -0.643079 -1.45485 -1.38373 -0.973597 -1.31808 
1.03677 0.901873 0.674474 0.544434 0.456813 0.691787 0.683012 0.924379 1.22456 0.406892 0.86186 0.469235 0.470943 0.781906 1.11789 0.45912 0.983315 1.35198 1.53088 2.09349 29.2998 76.4639 106.021 129.717 147.111 138.807 108.587 98.1288 88.7115 118.582 98.1017 92.2517 92.4902 93.6289 104.599 105.54 107.177 112.736 189.243 116.104 123.356 126.423 129.235 136.541 147.613 158.961 196.97 188.342 180.483 168.831 157.244 142.203 122.339 96.7821 65.102 7.34847 -0.154315 -0.911999 -0.813852 -1.31517 -0.907745 -1.71066 -1.29515 -1.12458 
0.349605 1.17051 1.26037 0.483367 1.04231 0.789386 0.484539 0.632658 0.79179 0.787629 0.550302 0.918299 0.182242 0.876848 1.52982 1.04967 0.915285 0.78409 1.28365 2.69726 22.6131 71.4199 103.223 127.795 145.85 147.56 114.537 102.121 92.4217 120.392 101.655 95.2284 93.42 95.8901 104.946 105.754 106.763 110.22 195.356 115.917 122.053 124.184 128.722 135.2 147.497 157.5 193.613 189.934 182.016 170.968 158.069 142.524 122.368 97.583 66.1531 8.02215 0.573874 -1.11286 -1.3859 -1.53831 -1.39618 -1.436 -1.71642 -1.68273 
0.393858 0.807412 1.0592 0.410602 0.403558 0.428532 0.793873 0.783799 0.954134 1.15564 0.62929 0.584823 0.657007 0.882132 1.09956 0.903157 1.06501 0.797602 1.58122 3.02792 21.7114 71.2037 100.367 127.144 145.869 154.414 117.685 105.02 95.3646 119.57 106.747 99.0681 97.6472 98.5238 104.578 107.802 108.301 109.652 180.635 124.371 122.855 124.574 128.463 134.686 145.767 156.018 191.499 189.848 180.436 170.145 158.682 143.471 122.952 99.2151 67.5347 9.11212 0.239302 -0.966921 -1.29393 -1.24203 -1.14551 -0.837516 -1.40448 -0.939444 
1.04712 1.14048 1.32134 0.685421 0.355281 0.178873 0.607583 0.793125 0.446042 0.889823 0.73421 1.02527 0.670013 0.748208 1.3161 1.02413 0.889252 0.993443 1.29138 2.69004 19.8248 69.2975 98.9369 125.28 144.854 159.131 123.462 108.335 99.5483 117.222 115.626 103.015 100.767 101.935 108.04 110.809 109.036 112.132 172.446 130.44 122.22 124.308 127.185 134.617 146.252 152.385 187.089 189.027 180.657 170.343 157.91 142.346 122.195 98.3622 67.332 9.0501 0.115985 -1.27593 -1.27362 -1.23125 -1.35007 -1.45017 -1.15503 -1.30315 
0.835134 0.910053 0.89154 1.2788 1.15676 0.691994 0.835812 0.739265 0.299492 0.359823 0.44648 1.23392 0.795734 0.974453 1.08011 0.613187 0.765449 0.641722 1.76347 2.14274 17.5635 67.596 98.0889 124.52 145.719 161.941 132.949 112.542 103.749 118.214 123.105 107.02 104.33 106.02 109.832 111.562 111.064 114.297 158.064 140.213 120.424 124.285 126.411 133.997 145.829 151.196 184.515 189.533 180.775 170.122 158.403 142.801 123.915 99.0784 67.4082 9.70469 0.26285 -0.826829 -0.955128 -1.69116 -1.493 -1.62472 -1.23553 -1.23948 
0.877032 0.313191 1.08675 0.997868 1.11023 0.520508 0.263249 1.15198 0.723469 0.945809 0.671661 0.372936 0.943657 0.431017 0.407176 1.37491 1.05591 0.963165 1.31036 2.2384 15.8233 66.4891 97.1485 123.906 144.105 158.43 148.395 120.032 108.677 121.329 130.221 113.106 109.967 113.86 112.42 113.022 113.485 119.404 150.084 144.301 126.136 123.44 127.449 138.894 141.409 149.995 182.604 189.22 180.564 169.55 159.262 142.915 124.154 99.876 67.7119 10.4953 0.127742 -1.24296 -1.18604 -1.52456 -1.12687 -1.42094 -1.078 -1.35448 
0.405742 1.08278 0.756632 0.637584 0.581679 0.39938 1.0871 0.240244 0.635639 0.731055 1.13299 0.583314 0.392512 1.12576 0.943416 0.714528 0.779941 0.676237 1.13551 2.50638 14.7416 64.6099 96.7801 122.645 142.817 158.714 160.101 127.308 115.29 128.667 139.645 121.496 120.952 119.1 114.828 115.056 118.887 121.315 136.073 150.557 129.768 122.983 128.374 139.909 138.436 147.588 180.067 190.608 182.626 170.318 158.76 143.331 124.941 99.5635 69.2816 11.5117 -0.150215 -0.930803 -1.30808 -1.00791 -1.55718 -1.15207 -0.622559 -0.880435 
0.355831 0.937817 0.790439 0.821999 0.903773 0.687757 0.858362 0.172163 0.364569 0.489912 1.03165 0.899075 1.61802 0.683809 1.24616 1.14268 0.943386 1.0517 1.35027 1.95014 12.2435 64.2034 95.606 123.169 142.535 159.017 172.821 141.529 125.571 140.069 155.712 135.863 128.225 122.465 122.007 123.168 121.584 120.185 122.133 161.91 129.154 125.813 138.216 129.947 136.536 147.693 176.671 189.566 180.871 170.862 159.304 144.009 125.264 100.308 69.6162 12.0364 0.103704 -1.07928 -1.25089 -1.50312 -0.858806 -1.50999 -1.11081 -1.50217 
0.9733 0.88959 -0.107745 1.20467 0.702944 0.698333 0.816212 1.06975 0.498247 0.479762 0.819891 0.601098 0.977812 1.18832 0.542826 0.897782 0.881825 0.845747 1.21292 1.6405 11.0225 62.6888 94.4997 122.418 142.364 158.787 171.65 174.81 141.948 170.625 177.123 148.353 137.729 133.211 127.082 123.821 121.482 120.692 117.709 155.175 127.435 133.544 129.776 130.984 133.724 146.41 173.664 187.882 181.679 171.032 159.039 144.51 124.092 100.913 70.6132 14.1005 -0.157776 -1.18271 -0.951768 -1.19877 -1.44333 -1.13494 -1.20813 -1.14471 
2.3538 1.79535 1.92818 1.58735 1.62526 1.65138 1.92093 1.84481 1.67977 1.63953 1.25322 1.5391 2.21239 1.55678 2.0191 1.87037 1.84439 1.83346 2.44257 3.27206 11.1826 63.1071 94.9208 123.96 145.422 161.261 172.63 183.627 193.105 198.408 194.998 160.613 139.138 130.374 125.865 121.671 119.914 118.553 111.746 154.41 127.917 130.025 125.49 125.542 131.213 142.238 167.579 188.918 179.99 169.28 157.467 141.63 124.033 99.7222 69.9237 13.5703 -0.124669 -1.67999 -1.49404 -2.05757 -1.56387 -1.73475 -1.42102 -1.68256 
1.90023 1.73477 2.44967 2.1508 1.85377 1.17686 2.22708 2.30313 1.75504 2.05171 2.00499 1.27444 1.82662 2.02756 1.63494 1.5503 2.15068 2.06075 2.17832 3.1957 10.8141 62.1522 95.4614 122.203 143.829 160.77 173.607 185.042 192.438 201.808 200.759 164.216 139.728 131.192 125.53 122.687 120.965 118.857 113.513 152.679 125.686 127.54 127.519 124.161 131.289 141.173 160.122 191.372 181.178 170.149 158.562 144.031 124.838 100.52 71.3456 15.2938 -0.450782 -1.44976 -1.70377 -1.50379 -1.60748 -2.08398 -1.79242 -1.83045 
1.35978 2.79408 1.58322 2.11941 1.37971 1.94941 2.06167 1.71974 1.70205 2.636 1.6941 1.91738 2.17126 1.70132 1.71442 2.27383 2.16093 2.07486 2.32348 3.02968 9.56203 62.463 94.3907 121.385 144.368 161.194 173.674 185.54 193.664 200.778 202.193 165.156 140.282 132.205 126.074 123.091 121.725 119.433 115.941 152.063 122.997 126.283 126.409 125.508 131.749 140.459 155.554 194.011 179.124 169.841 158.09 144.07 125.085 101.329 72.1174 16.7668 -0.426118 -1.60834 -2.05916 -1.30378 -1.68705 -1.72176 -1.92396 -1.61977 
2.48464 2.96902 2.70561 2.42089 1.27603 2.48408 1.81176 1.60459 2.29809 1.12084 1.83981 2.29662 1.53262 1.63232 1.50568 1.84007 1.71314 2.78871 2.13767 3.09125 9.58226 61.2077 94.5512 121.911 143.387 160.365 173.966 183.901 195.175 202.762 206.903 168.595 142.142 132.495 127.132 122.729 120.659 120.19 116.213 145.238 126.116 124.726 127.065 126.089 130.068 139.456 155.033 190.638 180.375 170.384 158.8 143.544 126.529 102.028 72.1969 18.279 -0.36118 -1.5621 -2.2389 -1.77282 -2.07489 -1.73163 -2.63165 -1.48668 
2.70744 2.03631 1.77476 2.12348 1.66808 2.09813 2.17472 2.25591 2.02195 1.51012 1.65898 2.15823 2.45983 1.76052 1.76124 2.0742 1.84469 2.56297 2.07133 3.20096 7.43957 59.8576 93.1477 120.462 143.132 160.684 174.815 186.504 196.388 203.038 209.168 169.262 141.845 132.747 126.953 122.355 121.804 119.508 116.991 139.719 128.836 126.17 126.942 127.414 128.931 138.802 154.267 191.732 180.325 171.227 159.1 144.406 126.126 103.18 74.3104 19.2933 -0.188368 -1.34498 -1.54945 -1.53824 -2.08995 -1.68694 -1.82439 -1.77142 
1.98148 2.22459 1.53104 1.95262 1.98373 2.4958 2.45821 1.85404 1.84095 2.26796 1.82049 2.12535 1.34554 2.68984 2.00248 1.85524 2.09257 2.24631 2.02973 3.17078 6.67003 60.3133 92.4433 119.809 143.555 160.418 174.744 186.649 194.958 201.815 212.403 170.624 143.577 133.126 128.028 123.41 121.267 120.159 119.829 137.137 126.948 123.784 127.965 126.716 129.751 138.062 152.441 189.726 181.191 171.366 160.02 145.932 126.462 115.302 75.5711 21.2354 -0.376791 -1.11534 -2.20646 -2.09882 -1.4231 -2.38181 -1.96205 -1.84187 
2.35323 1.52748 2.01842 2.36827 1.59693 1.83692 1.17322 2.95202 1.8399 1.86865 2.20725 2.10781 2.04642 2.11346 1.47149 2.06217 1.93536 2.02502 2.43703 3.15599 6.17869 59.7159 90.9099 120.08 141.277 159.743 173.706 185.597 195.796 201.391 212.468 172.7 142.98 133.714 128.087 124.801 122.713 119.898 121.013 133.051 127.127 122.808 126.811 127.362 129.961 137.198 151.169 188.933 182.13 171.317 160.323 145.547 126.985 104.996 76.4384 23.3201 0.0451353 -0.832283 -1.49024 -2.00764 -2.13231 -2.24344 -1.76009 -1.30252 
1.72351 2.46084 2.91482 1.98037 2.36611 1.95866 1.41272 1.60318 1.65024 1.43552 1.63729 2.35223 2.73914 2.32866 1.57689 1.57618 1.61392 1.58034 2.70772 2.72019 5.97047 58.7813 90.1335 118.906 142.901 158.821 172.892 185.973 196.287 203.988 213.965 175.135 144.141 136.183 129.124 125.142 122.306 120.652 123.074 132.16 123.871 122.31 125.566 127.778 135.648 136.173 150.669 186.092 182.404 171.682 160.719 146.982 128.76 107.429 78.3914 25.75 0.504435 -0.743814 -1.27403 -1.43568 -1.38734 -1.0108 -1.56526 -1.37815 
2.87741 2.0668 1.87937 2.1623 1.92116 1.52315 1.85729 2.17465 2.27742 1.99252 1.91209 2.12318 2.3512 2.05329 1.45658 2.20919 1.7577 2.18544 2.4127 4.23665 3.57107 55.7734 90.233 117.224 140.487 158.89 173.362 185.389 195.915 202.761 209.668 185.547 146.748 137.962 131.052 126.178 121.703 127.65 118.789 124.97 130.146 124.795 124.507 127.508 130.397 135.846 148.884 183.801 183.107 173.32 163.07 149.561 131.643 109.416 82.4562 32.9276 0.865322 0.21442 -0.51661 -0.743709 -1.39062 -1.46433 -1.8525 -1.42915 
2.33601 2.37449 1.59201 2.35342 2.49289 2.42777 2.08936 2.39201 1.77467 2.21996 1.80407 2.09835 1.47705 2.13441 1.6534 1.77058 2.43931 2.30537 2.7925 3.52982 0.973857 53.6283 86.5823 115.457 138.447 159.208 172.64 184.437 193.298 202.512 208.44 193.136 148.533 134.919 134.89 129.64 128.352 119.677 118.811 122.008 131.333 125.457 124.847 126.496 129.187 134.634 146.946 179.026 183.951 175.983 164.337 150.023 134.261 113.376 86.2522 39.8269 1.69242 0.55718 -0.143777 -0.0812849 -0.53753 -0.711184 -1.25421 -1.38341 
1.83799 2.15063 2.13036 2.32977 1.88163 2.53758 2.00373 1.75272 2.2013 1.67612 1.76725 2.33012 2.30341 1.9042 1.64346 1.35088 1.76591 1.32544 2.30871 3.65679 0.258459 51.9286 87.0149 116.682 139.82 158.088 172.452 185.04 194.667 202.208 208.364 193.314 149.594 136.559 129.324 130.808 130.482 121.059 120.105 121.46 132.315 125.871 125.455 127.624 127.981 135.091 145.653 177.592 185.381 176.22 164.625 151.686 136.218 114.304 87.9 42.9602 1.8477 1.04906 0.673777 0.185029 -0.211224 -0.716337 -1.5873 -1.58407 
2.38523 1.87372 2.26576 2.3304 3.01841 2.29507 2.30463 2.36138 2.57273 2.46883 2.00583 1.56866 1.51953 1.95311 2.51456 1.87988 2.11834 2.34438 2.78812 3.34385 0.87991 50.4477 86.5997 115.43 139.28 157.996 172.554 184.167 193.91 201.053 208.038 196.301 151.71 138.255 132.736 138.259 128.588 125.956 122.659 122.094 139.238 126.912 125.539 127.095 127.657 132.648 145.121 174.924 185.122 176.565 165.149 152.477 136.921 117.117 90.3121 46.7109 1.67462 2.61784 0.648949 0.386384 0.301944 -0.378561 -1.7501 -1.73654 
2.25158 2.8205 1.28068 2.05649 1.81783 2.35969 1.99945 1.78505 1.94008 2.37924 2.27709 2.03938 2.11369 1.92574 1.91397 1.74648 1.90094 2.04299 2.71762 3.38948 1.72586 54.2117 91.7635 119.082 141.259 160.467 175.528 187.383 197.916 206.392 212.542 201.51 155.998 141.874 138.032 157.967 136.477 125.8 121.905 119.064 146.308 136.284 134.266 125.878 130.11 137.479 147.307 177.018 192.085 183.017 169.219 154.573 140.123 121.351 94.034 57.1672 2.84285 2.08714 0.66371 0.169309 -0.20726 -1.27417 -1.24085 -1.32298 
1.893 2.03139 1.42928 1.96157 1.97177 2.36575 1.83528 2.04245 2.76928 2.11965 2.12472 1.822 2.26012 2.75408 1.83558 1.76086 1.31975 2.06433 2.51945 3.56687 31.9107 81.7343 112.63 137.668 158.58 177.501 190.774 199.49 210.984 220.144 224.986 216.17 166.038 151.278 170.074 181.898 134.273 132.11 133.099 160.981 189.699 196.802 141.072 136.648 140.02 147.879 160.322 188.667 208.289 200.822 193.79 186.459 177.981 167.196 148.745 130.142 102.903 77.9067 83.8255 68.0925 39.9852 -0.438227 -1.24463 -1.63886 
2.57688 2.17801 2.25349 1.83291 2.01118 1.85448 1.52313 1.95288 1.87476 1.93696 1.66448 1.97683 2.40373 2.14254 1.99086 1.8532 2.41378 2.35431 2.97416 2.21829 37.5114 90.277 118.861 145.696 167.969 185.163 199.288 213.162 221.06 231.09 237.947 228.557 180.43 180.183 213.085 207.508 155.736 143.871 158.873 179.818 195.716 196.634 173.945 165.739 173.3 183.9 199.629 230.452 257.997 254.401 246.321 236.977 225.554 214.487 202.447 186.815 169.605 150.835 131.053 106.636 77.6926 28.0411 -1.50992 -1.5189 
2.77896 1.96216 2.4668 1.81439 2.59431 2.5044 1.332 1.73611 1.74152 2.2479 2.14739 2.01521 1.37437 1.79384 1.74797 2.50909 1.72236 2.01118 2.60302 7.67771 66.5428 102.771 130.639 156.723 177.532 193.068 208.713 223.336 228.47 240.982 245.9 240.301 186.691 201.117 216.99 200.73 178.89 158.726 169.871 184.352 195.267 187.684 181.815 178.681 185.566 194.096 207.656 236.306 269.941 261.857 256.658 247.301 237.116 226.509 213.205 195.261 178.658 160.908 139.282 114.58 85.0206 37.1105 -1.54528 -1.79975 
2.51848 2.10308 1.7267 2.7729 2.5141 1.71592 1.74289 1.66158 1.46767 2.13442 2.20403 2.4726 2.00717 2.22303 2.24484 2.31077 1.59466 1.9888 2.46173 1.18414 62.9993 103.164 132.992 156.915 179.23 196.582 212.026 225.464 234.252 244.065 251.936 248.829 193.132 196.018 210.73 194.486 186.01 171.273 171.253 178.222 181.355 182.343 182.571 182.406 190.054 200.032 213.603 236.707 278.044 271.148 261.738 254.861 244.235 231.791 217.574 201.266 181.713 161.592 137.883 110.307 77.2139 21.3746 -1.47328 -1.15896 
2.55073 1.53721 1.72017 2.05396 1.07688 1.60629 1.69395 2.67013 2.13525 2.03964 1.36651 2.83842 2.27416 2.34508 2.26069 1.92291 2.06033 2.33529 2.47707 2.72411 27.8936 86.6442 121.398 150.829 171.037 189.677 204.211 220.184 229.655 240.806 248.344 249.468 196.777 189.25 194.102 185.885 182.213 179.698 170.373 174.717 178.342 180.154 181.106 186.445 192.955 201.239 212.412 233.453 282.095 268.649 262.012 253.856 242.247 229.926 214.787 196.178 175.905 153.196 125.934 95.9825 53.0889 -0.615896 -1.05913 -1.63525 
2.07235 1.58805 1.49066 1.57108 2.40384 1.74175 1.96081 2.45169 2.02068 1.33023 1.76791 1.8399 1.80891 1.81265 1.72975 2.03211 2.34955 1.56215 2.13257 3.9014 4.24531 61.7831 102.411 131.858 155.51 175.747 194.016 205.683 216.97 227.522 237.378 243.376 193.6 185.137 178.567 175.367 172.241 172.807 168.093 170.104 174.068 177.725 180.409 188.394 192.81 198.976 210.461 229.225 274.822 262.024 255.305 243.109 232.133 219.858 201.277 184.34 161.815 137.428 106.527 69.2302 7.74773 -0.213594 -0.726612 -1.89039 
1.97554 2.10619 1.26653 1.85524 1.96228 1.99616 1.88183 1.63762 2.32355 1.89064 1.52054 2.0307 1.36617 1.93983 1.67443 1.75782 2.1531 2.29548 2.56103 3.14067 4.02433 23.5069 81.5991 111.104 137.497 158.726 176.205 189.685 201.017 211.508 219.36 228.167 178.662 168.963 165.617 162.43 160.338 157.192 154.933 156.157 158.532 161.403 165.375 169.805 175.434 183.421 191.995 210.108 253.645 243.274 233.454 222.469 209.041 200.999 183.695 163.719 141.119 113.056 75.2423 16.202 0.15864 -0.321371 -1.35652 -1.44997 
1.99687 2.53852 1.81747 1.46619 1.66857 1.84416 2.02581 1.31515 1.81978 2.52399 2.29225 2.25703 1.79574 2.07378 1.70285 2.01647 1.91348 2.20325 2.77991 3.17379 3.74372 10.1546 69.5329 102.698 128.53 150.39 169.158 181.208 190.698 201.663 213.147 219.644 167.852 153.527 148.721 147.274 146.397 144.776 142.417 142.075 143.535 145.648 146.946 150.445 153.444 160.738 172.112 187.907 226.747 218.766 208.937 197.946 182.362 176.127 158.14 141.34 116.855 87.13 40.6855 0.914499 1.07561 -0.297557 -1.36668 -1.3954 
1.49574 1.9282 2.69054 1.95607 2.11253 1.97831 1.58783 2.10791 2.08967 1.92681 1.82394 2.32385 1.82621 1.1896 1.75594 1.81031 1.89565 1.97956 2.01579 2.87268 3.83598 11.4728 67.1932 101.285 128.375 150.305 168.05 179.819 190.571 200.291 209.36 217.002 165.865 150.181 142.276 136.699 131.453 129.731 129.698 129.362 128.96 130.571 131.722 134.946 139.746 147.048 157.994 175.005 212.317 207.408 201.067 191.167 174.866 170.73 156.713 138.207 115.208 86.8147 39.0546 1.00841 -0.0708397 -0.557346 -1.27252 -1.23416 
2.22271 1.48259 1.78669 1.9703 1.7026 1.5774 1.90422 1.98919 1.86097 2.61015 1.5024 1.82567 1.31207 2.25269 1.53425 2.24205 2.15335 1.36961 2.20121 2.17804 3.78415 8.41282 66.7345 99.7368 126.88 149.335 167.364 178.322 189.578 199.949 208.23 215.048 163.966 149.805 141.391 135.796 131.925 130.573 128.426 126.676 127.946 129.096 131.287 133.933 139.205 146.729 155.241 173.405 212.807 208.996 198.973 188.486 171.285 170.924 155.437 137.414 114.009 85.7206 43.9178 0.145897 -0.0566291 -1.13044 -1.40078 -1.40147 
2.57266 2.64065 1.59226 1.23089 1.94262 1.74238 2.21258 1.7379 1.73688 1.79444 1.74432 1.14266 1.45066 2.07406 2.01645 2.29368 2.32208 2.06235 2.33122 2.43774 3.6933 8.4025 65.6245 99.9415 127.718 149.323 167.12 176.987 189.121 201.403 207.77 214.611 164.398 149.823 142.542 136.55 132.372 129.25 128.213 126.136 127.042 128.995 131.055 133.834 138.281 145.704 154.488 171.191 213.692 206.866 199.163 186.281 171.072 172.273 155.777 137.185 114.588 85.5517 43.3116 -0.89084 -0.807333 -1.74837 -1.72933 -1.85305 
2.14964 2.07599 1.89325 1.54587 2.12329 2.35825 1.16462 2.09239 1.78013 1.65034 2.06638 1.76558 1.95172 1.97289 2.67773 1.5138 2.53983 2.21037 1.78742 2.16428 3.32559 7.8452 65.2222 99.1728 126.261 148.523 165.091 176.584 188.361 196.633 206.491 213.445 163.712 149.947 141.34 135.268 131.48 128.981 127.015 124.668 126.411 129.43 130.573 133.777 137.458 144.595 154.701 170.212 207.543 209.2 199.018 186.148 173.775 170.605 156.49 137.925 113.957 86.6322 45.6831 -1.56099 -0.904267 -1.58783 -1.72758 -1.46029 
1.70094 1.26958 1.54147 2.56669 1.7341 1.80786 1.12476 1.69717 2.59784 1.09766 0.894771 1.74083 2.03201 2.06213 1.46935 1.88606 1.84414 2.02469 1.73148 1.84248 3.17734 6.23225 64.485 97.4271 126.321 147.86 167.167 176.943 186.153 195.518 204.328 213.218 164.153 148.685 141.016 136.149 131.313 128.742 126.137 125.176 125.083 127.515 129.537 132.43 135.747 143.501 152.856 169.371 206.416 208.153 198.427 186.276 168.931 172.876 156.27 138.323 115.216 87.6529 49.76 -2.02189 -0.764431 -2.17098 -1.746 -1.548 
2.05226 1.84576 1.43526 1.77736 1.33405 1.6491 1.93026 2.12077 1.83022 2.11585 1.62196 2.05276 1.78442 2.1628 2.31534 1.92621 1.74394 2.11708 2.10593 2.18975 3.04387 2.85016 59.7234 94.9082 122.008 145.853 164.789 177.118 186.947 194.053 203.978 217.489 164.869 150.924 142.166 135.387 130.666 128.29 126.34 125.845 125.491 125.561 130.061 130.864 135.29 141.552 150.781 165.971 202.177 206.234 200.81 186.941 166.882 176.039 158.212 140.957 117.706 91.6088 57.5256 1.04041 -1.04475 -1.48489 -1.51227 -1.17891 
1.84574 1.34999 1.41857 1.16228 1.92875 2.28505 1.12037 1.65224 3.02018 1.78846 1.33263 1.6101 1.55078 1.4522 1.89374 2.01419 1.80396 2.74386 1.24281 2.37738 3.44883 1.45217 58.966 94.0874 123.049 146.423 164.935 175.727 184.449 194.429 203.901 216.443 165.153 149.387 140.76 135.602 130.716 127.658 125.96 124.1 123.777 127.42 127.925 131.801 134.814 140.543 151.234 164.462 200.672 206.914 200.294 189.911 169.862 175.126 158.865 140.555 117.209 91.1843 57.0202 1.19381 -0.888098 -1.43061 -1.54517 -1.87101 
1.65513 1.74593 1.5814 1.49596 1.15992 1.70725 1.70822 1.88867 1.67049 1.80603 2.10598 1.73473 1.97822 2.02554 1.88878 1.40713 1.59901 1.74736 2.07954 1.81357 2.8214 1.9702 59.1489 93.2295 121.71 145.342 162.547 177.664 183.698 194.685 203.154 216.54 164.833 149.828 140.191 136.001 130.24 128.34 125.055 124.452 124.008 124.509 128.105 131.447 134.051 140.374 150.355 163.585 197.201 206.817 200.675 190.921 170.718 173.012 158.764 141.523 119.073 92.7016 57.0272 0.583224 -0.394089 -1.20523 -1.39792 -1.41507 
2.09225 2.11204 1.99853 1.24739 1.22232 2.35377 2.53889 1.53239 1.61428 1.21334 1.58969 2.04952 1.48055 2.52179 1.20966 1.61495 1.77708 1.84143 1.28436 2.07647 3.01345 0.982482 56.4792 93.6381 121.518 144.71 162.994 175.277 183.127 194.365 203.58 214.377 164.596 148.945 146.467 142.895 130.031 126.787 124.472 123.861 123.651 123.891 128.011 129.6 133.679 139.044 149.323 163.516 197.459 207.764 201.593 190.557 175.266 169.736 159.18 142.328 120.402 93.7807 59.5547 3.30193 -0.240321 -0.758953 -0.954262 -1.29788 
1.93614 2.13874 1.48042 1.37482 1.48503 1.26816 1.48092 2.14106 0.742095 1.77194 2.27308 2.12737 1.6648 2.09482 1.10736 1.62685 1.43241 1.38802 2.37079 1.96037 3.13104 1.14015 57.0854 92.9414 122.416 145.981 162.767 175.719 180.988 193.167 201.258 216.218 165.733 149.891 140.33 135.5 130.668 127.375 125.687 123.187 125.275 124.618 128.061 130.565 135.175 139.68 148.559 164.009 196.035 208.473 199.97 191.111 176.522 168.947 160.544 142.032 120.381 93.9706 60.9504 3.36983 0.686842 -0.5721 -0.436262 -0.494176 
1.41959 2.14541 1.78881 1.22572 2.06213 1.74224 1.7123 1.60741 1.50504 1.83418 1.02179 1.09079 1.60139 1.38369 1.39037 1.85018 1.19218 2.22571 2.30102 2.8666 3.40554 1.10064 57.3298 92.9991 121.148 143.818 162.768 173.995 182.55 191.998 200.858 212.701 167.301 149.943 141.847 134.792 131.175 127.206 125.642 123.685 124.631 125.047 127.958 130.366 132.905 139.195 148.82 161.384 194.001 208.156 200.571 191.503 177.813 170.216 161.241 143.734 122.63 96.934 64.5263 7.43002 1.57077 1.1538 0.350154 -0.0817402 
