0.0680202 0.0244116 -0.28454 -0.440163 -0.176908 0.0816291 -0.384507 0.000682837 0.010081 -0.316048 -0.00672184 0.142337 0.509985 0.880834 5.57025 60.9657 94.8646 122.437 143.758 160.271 169.688 179.064 192.52 200.685 213.685 175.669 156.682 145.686 137.685 133.571 131.233 127.757 128.122 127.453 128.538 130.464 133.162 137.187 142.755 150.453 162.345 191.785 207.47 197.792 189.048 176.598 172.202 159.877 142.091 119.899 93.096 58.5204 0.579825 0.87403 0.187865 -0.0580314 -0.0327475 -0.148887 -0.239948 -0.133275 -0.031114 -0.290155 -0.284447 -0.202388 
-0.582585 -0.400262 -0.467778 0.080754 -0.634724 -0.553524 -0.55393 -0.296513 -0.270718 -0.384526 -0.736928 0.0289503 0.0779969 1.10524 4.69295 60.9808 94.9198 122.629 144.42 160.89 171.175 178.614 193.195 201.708 212.744 176.339 157.108 147.64 139.273 133.774 130.814 128.163 127.511 127.453 128.28 129.641 133.92 136.717 143.25 151.489 162.559 192.901 207.013 198.784 188.499 178.11 171.664 160.218 143.284 119.675 93.3781 57.1854 0.747359 1.09785 -0.312222 0.261488 0.0619177 0.0560479 -0.117567 0.133177 0.160161 0.17377 0.299404 -0.0610026 
-0.154584 -0.42741 -0.188854 -0.337564 -0.275014 -0.346379 -0.256504 -0.00798944 -0.146575 0.043409 -0.478027 0.311505 0.257061 1.65906 4.84931 61.4169 95.4992 121.654 144.578 160.743 171.34 178.287 193.388 201.079 211.721 176.482 157.188 147.697 139.268 133.861 130.878 128.767 127.879 126.356 128.449 129.678 133.219 137.957 142.318 152.084 162.47 192.142 206.485 198.79 189.02 178.027 171.642 159.8 143.553 120.481 92.9953 58.2554 0.494922 1.00023 0.128499 0.322486 0.173526 0.202926 0.505606 0.507995 0.0701598 0.427205 -0.0066807 0.137633 
-0.174544 -0.70176 0.239572 -0.16763 0.045696 0.0954451 -0.426495 -0.47686 -0.438296 -0.34903 -0.131603 -0.390187 0.357104 1.80688 4.23899 61.2889 94.84 123.081 144.015 162.207 168.45 179.571 193.02 201.513 211.804 179.225 158.093 146.798 138.104 134.542 131.374 129.541 128.227 128.226 127.896 130.848 137.509 139.317 147.334 152.792 163.708 194.521 207.12 199.892 190.882 180.661 172.893 160.169 141.451 119.506 92.7225 58.0005 0.929244 1.444 0.230642 -0.0763765 0.165706 0.206738 -0.0538292 0.14373 0.198023 -0.200714 -0.302587 -0.186608 
-0.197863 0.0469999 -0.172017 0.119271 -0.932637 0.277263 -0.397351 -0.170465 -0.0697616 -0.156965 0.143246 0.262591 0.39758 1.58478 4.61716 61.1197 95.125 122.039 145.059 162.582 170.996 180.921 193.532 202.716 211.86 180.822 158.699 148.119 139.687 136.024 131.335 129.126 128.525 129.768 129.659 130.846 137.795 138.318 144.404 152.254 164.727 195.843 206.802 200.016 191.022 180.083 171.544 160.477 142.021 120.531 93.1584 58.2443 0.751786 1.46034 -0.0839227 0.149239 0.0698064 0.390691 0.221702 0.356262 0.0639742 -0.0474699 0.193964 0.10977 
0.037253 -0.573019 0.0992438 -0.561644 0.0230316 -0.011664 -0.437101 -0.0926934 -0.119534 -0.127081 0.289252 0.228377 0.796516 1.90817 4.33837 61.5884 96.5881 123.275 144.958 162.973 170.302 182.299 193.465 203.449 211.396 182.861 160.1 147.948 139.845 135.764 132.124 129.75 129.259 130.037 128.865 130.361 136.981 143.89 144.683 152.445 164.223 196.481 208.371 201.866 191.599 180.851 173.737 160.118 143.532 122.507 94.745 58.5524 1.26132 1.89214 0.963365 0.341352 0.401073 0.136652 0.139129 0.0650422 0.0734021 0.113066 -0.014235 -0.191864 
-0.241653 0.0642475 -0.078015 -0.382549 -0.502629 -0.0377096 -0.146784 -0.08575 -0.0631782 -0.110375 0.39208 0.156757 0.932799 2.65152 0.0555938 58.5269 94.4065 121.576 143.911 161.033 177.064 176.009 192.536 202.669 210.511 191.292 162.883 151.033 142.722 138.058 133.958 130.92 130.673 131.089 129.743 132.674 135.943 138.966 146.105 153.697 163.838 194.137 210.863 202.457 193.903 185.055 177.039 163.562 147.055 125.873 98.7008 64.5656 5.36926 2.46932 1.03055 0.444112 0.527195 0.323748 -0.275375 0.366324 -0.153642 0.217308 -0.207843 0.194697 
-0.24758 -0.110266 -0.449133 -0.0660345 -0.106205 -0.0843832 -0.246055 0.304843 -0.325421 0.0491159 0.475981 0.408162 1.46672 2.4626 0.469068 57.0906 93.7699 120.722 143.117 162.205 181.968 176.85 194.645 202.523 209.72 193.577 163.834 150.793 142.765 138.348 134.462 131.362 131.777 130.09 131.007 132.016 136.184 139.415 144.91 152.846 163.9 193.916 209.375 203.033 194.642 184.107 176.979 164.43 146.571 125.575 99.6547 65.7638 7.98012 3.2376 2.00625 0.923299 0.502113 0.228537 0.237291 0.451565 -0.384479 0.254945 0.305489 0.244967 
0.0702914 -0.185258 -0.368378 -0.371222 -0.406054 -0.350375 0.0498314 -0.239099 -0.259868 -0.316307 0.705186 0.728048 1.34263 2.10052 0.53557 54.4305 92.3363 122.883 146.476 165.277 186.881 177.036 196.535 205.731 212.879 197.781 166.168 155.191 146.168 140.351 137.171 133.41 132.124 131.345 132.315 133.629 136.429 139.772 146.146 153.799 164.746 195.127 211.452 205.828 195.812 186.323 177.695 165.87 149.254 127.014 101.191 65.0796 7.13496 2.97315 1.81148 0.847416 0.38519 0.00843497 -0.263174 0.0377327 -0.151227 -0.2435 0.0956613 0.373798 
-0.0412025 -0.407344 -0.0349505 -0.339886 0.0649512 -0.365222 0.043243 -0.0133199 0.236929 -0.104094 0.614577 0.68183 1.50388 1.96449 13.8595 74.1952 111.044 138.246 156.675 176.841 199.169 193.008 210.276 218.514 223.467 208.142 174.973 161.188 151.82 146.93 142.029 139.589 139.279 139.185 138.847 140.734 142.541 146.337 152.057 160.173 172.328 203.916 219.783 215.461 204.183 193.167 184.389 172.43 155.93 135.543 110.913 80.8342 33.4247 2.66434 1.47411 0.797993 0.118997 0.351714 0.120994 0.165848 0.118365 -0.155802 0.0640367 0.245245 
-0.196715 0.0409868 -0.397711 -0.0893596 -0.162642 -0.524032 -0.0685166 -0.317856 -0.341865 -0.213755 0.237186 0.227625 1.49644 2.79269 62.3865 100.833 133.211 157.815 187.177 207.312 220.076 225.658 226.255 234.473 243.07 224.464 194.822 182.04 172.72 166.479 161.478 156.751 152.789 151.243 151.146 151.477 155.783 158.075 163.203 171.605 183.708 216.105 232.995 225.492 219.034 209.643 202.394 193.408 178.521 159.215 139.403 114.828 83.1998 33.3503 -0.498612 1.31686 0.553255 0.0380998 0.0390133 0.0835567 0.109431 0.0218929 -0.162871 0.102097 
-0.114915 -0.239512 0.0673485 -0.0723819 -0.63496 -0.191433 -0.345991 -0.179721 -0.5689 0.323861 0.309775 0.883942 1.30822 39.3869 93.6876 127.052 150.476 173.549 201.365 221.475 230.76 233.625 236.323 242.394 248.198 232.027 198.979 187.98 179.436 173.837 170.137 165.964 165.038 163.619 162.326 164.469 166.038 170.717 175.437 185.089 198.608 232.198 256.09 254.867 247.085 239.377 228.456 213.916 201.514 185.267 166.15 145.518 124.577 96.9114 54.8487 8.30397 0.642218 0.56083 -0.585655 -0.030588 -0.254033 0.135772 -0.0380197 -0.264877 
-0.733918 -0.405315 -0.232677 -0.413679 0.00934086 -0.0700676 -0.363243 -0.0792869 0.0370502 0.183645 0.421012 0.28221 41.0109 78.8194 105.94 132.129 156.539 179.623 216.465 232.575 237.908 238.683 239.671 246.137 254.792 221.335 192.612 190.622 182.726 175.888 172.325 169.038 167.572 167.843 168.462 169.722 173.382 177.909 186.022 195.89 207.379 238.351 269.244 265.443 260.772 253.621 240.834 223.901 210.603 196.125 178.687 159.744 139.425 117.404 88.5896 45.9554 -1.73807 -0.0485291 0.0819086 -0.0274279 0.29516 0.18296 -0.0278473 0.393773 
-0.323699 -0.548175 -0.0225484 0.0841588 -0.268963 -0.00462111 -0.234226 -0.081904 -0.152867 0.163389 -0.00990931 8.25714 61.2222 91.2817 117.877 140.897 160.829 178.958 231.967 245.015 244.295 242.662 241.405 251.083 239.91 219.297 193.096 190.936 184.97 179.038 174.233 171.136 171.143 169.968 171.723 172.039 175.481 180.371 186.233 194.887 206.51 235.913 264.26 266.866 263.447 256.747 243.455 224.034 211.416 197.416 182.047 164.799 143.303 118.453 90.9625 54.0241 -2.74127 0.140528 -0.570466 -0.219008 -0.0118324 0.0476281 0.16369 0.0565346 
-0.783032 -0.664708 -0.0562058 -0.114476 -0.712974 0.204885 -0.380451 -0.336605 -0.356579 0.735635 0.274301 9.27057 67.2605 90.234 107.741 126.978 144.766 169.715 186.177 205.495 218.988 226.017 228.419 203.551 192.931 184.15 157.523 152.499 159.698 157.35 154.746 151.948 152.174 152.907 154.069 157.033 159.13 163.537 170.304 179.188 193.006 218.46 244.276 251.135 248.933 246.192 231.448 208.351 195.403 179.435 159.455 137.622 117.72 85.3643 67.4728 30.4583 -0.208672 0.587778 -0.080742 -0.0440594 -0.398118 0.578037 -0.1097 0.0572862 
-0.23094 0.108456 -0.328232 -0.235802 -0.547947 -0.458072 -0.048975 0.145508 -0.0808757 -0.188426 0.787563 0.00331977 5.22037 10.1154 32.2441 83.3247 117.455 140.731 162.518 178.926 191.719 200.442 185.08 170.371 169.693 170.423 145.509 137.592 133.653 138.343 143.081 139.899 139.49 139.927 140.604 143.213 144.535 148.8 155.522 161.95 170.379 192.966 224.547 225.421 229.779 225.592 202.815 180.003 161.429 140.438 114.358 74.5532 15.3359 3.13316 -0.754769 -0.115505 0.979419 -0.0185631 0.312706 0.105917 0.125116 0.341359 0.299801 0.14927 
-0.404375 -0.059687 -0.222502 0.112453 -0.211645 -0.274113 0.0655495 -0.0816802 -0.0320453 -0.560959 -0.259848 0.366599 1.13764 2.39409 4.21213 22.3472 75.539 106.553 132.784 153.594 168.272 179.833 142.694 133.098 136.374 152.306 126.029 118.001 113.615 110.741 110.451 116.307 121.592 120.027 121.683 122.572 124.869 128.085 133.337 140.009 151.219 170.807 212.187 199.523 191.805 181.118 169.388 153.718 132.72 106.729 75.3259 16.194 4.0033 2.1087 1.91591 1.46261 1.0061 0.437544 -0.634038 0.329517 0.0163807 0.494915 0.332192 0.560727 
-0.0302866 -0.607543 0.109073 -0.161887 -0.233457 -0.723662 -0.407719 0.342455 -0.0316421 -0.0929892 0.267726 0.518947 1.2007 3.94904 4.64628 13.9101 71.8097 102.248 127.48 146.781 162.208 163.495 125.188 116.575 112.342 151.59 123.648 115.806 110.797 106.521 104.111 103.851 111.524 120.453 119.733 120.098 122.791 126.632 130.705 137.093 149.369 164.974 211.77 199.491 187.617 175.669 164.247 147.955 127.086 102.223 69.1786 14.7906 3.56082 2.02155 1.9509 1.29494 0.576795 0.409735 0.271609 0.3062 0.250001 0.396769 0.0603924 0.318312 
-0.0947055 -0.346755 -0.096583 -0.0647913 -0.323104 -0.200856 -0.0805308 0.307824 -0.175157 -0.10831 0.4546 0.511148 1.5784 3.76195 3.97888 10.4535 67.1825 99.5482 124.359 143.051 159.855 152.007 116.075 107.116 97.7563 138.59 123.015 113.904 108.435 104.512 101.404 100.411 101.853 105.011 116.761 119.31 122.009 125.867 130.296 137.584 147.922 164.458 212.992 195.715 186.425 174.372 162.225 146.113 125.5 99.0827 65.9085 11.228 3.86899 1.7471 1.15505 0.890135 0.916556 0.183691 -0.306373 0.411864 0.164134 0.0424993 0.358382 -0.0155302 
0.135886 -0.144967 -0.279883 -0.0312577 0.389814 -0.0419166 0.263834 -0.273028 0.649301 -0.0250779 0.355205 0.0353254 2.55112 2.90412 4.00666 8.88304 63.523 96.7679 122.856 143.608 157.328 143.992 109.969 102.08 90.4505 126.342 118.595 112.089 107.275 103.154 100.205 98.458 98.091 99.5824 102.918 116.553 121.292 124.853 131.996 137.627 146.065 162.67 211.123 192.067 184.885 173.336 160.208 144.822 123.549 98.4013 64.8448 9.02684 3.15739 1.44587 1.07374 0.425768 -0.0161653 -0.116948 0.0929359 -0.0150568 0.0024752 -0.242487 0.160598 -0.102963 
-0.0992086 -0.38234 -0.172412 0.242624 -0.13067 -0.350803 -0.254977 0.0425696 -0.491009 -0.102676 0.371116 -0.0226488 2.24568 2.71527 3.89275 5.43414 62.5388 94.9471 119.987 141.74 156.713 141.384 107.739 97.9736 87.439 122.249 109.139 113.567 106.348 102.338 99.8551 98.3421 96.7743 97.8501 99.4936 104.795 120.322 122.107 128.981 134.914 145.254 160.804 207.976 192.014 183.531 172.368 158.441 143.128 121.6 97.2201 63.9278 6.84715 3.06771 1.80362 0.135281 0.18229 0.0283288 0.448096 0.306508 -0.202335 0.136253 0.337079 -0.0256828 0.276219 
-0.130962 0.152833 -0.379419 -0.510095 -0.351589 -0.548945 -0.120825 -0.15911 -0.0692479 -0.232783 -0.443065 0.316326 2.61542 3.24657 4.09513 3.87288 59.2014 92.4741 119.309 141.436 155.749 141.107 106.842 98.6874 85.7697 121.704 104.509 110.734 106.507 101.579 99.3219 97.2873 96.7225 95.673 98.4254 102.52 113.783 122.823 127.685 135.114 144.272 161.684 206.112 191.069 183.61 171.863 159.203 142.984 121.538 97.2164 63.2011 5.84421 2.64602 1.93551 1.02122 0.359571 0.178008 0.04457 0.456554 -0.100216 0.589365 -0.27046 0.229568 0.258584 
0.0227097 0.287565 -0.108449 0.319486 -0.459332 -0.0579928 -0.455139 -0.325869 0.31617 -0.106604 0.0745275 0.523161 4.14356 4.34706 5.16045 4.99868 57.143 92.2414 118.021 140.872 155.95 143.952 109.573 99.4525 87.562 120.96 104.048 104.892 107.65 103.004 99.8246 97.1778 96.7931 96.8659 98.9882 101.528 110.753 122.155 127.159 134.447 143.824 160.276 205.127 191.6 182.94 171.355 157.636 142.804 121.684 96.486 61.7884 5.30293 2.76897 1.62662 2.10218 0.609071 0.0531919 -0.000423906 0.221803 0.482753 -0.169205 0.256127 0.213313 -0.0829928 
-0.354542 -0.0443958 -0.137217 -0.552841 -0.178298 -0.425991 0.211248 0.145704 0.0817774 -0.223845 0.166443 1.25493 1.4649 2.69704 5.39524 3.77769 51.3552 89.6298 115.682 139.771 154.553 152.173 114.34 102.915 90.9028 119.283 104.118 103.783 107.062 103.13 100.239 98.1964 96.8089 96.8108 97.7755 100.278 107.352 124.094 126.866 134.169 143.186 160.324 199.974 192.007 183.468 171.958 158.904 144.228 123.976 98.0868 64.6752 7.71707 3.68559 1.24005 1.84302 1.89761 0.283566 0.178743 0.482279 -0.14453 0.299528 -0.370088 0.0149318 0.595066 
0.00181433 0.292705 0.0839035 -0.352066 0.249818 -0.474283 -0.130891 -0.316755 0.387056 0.16494 -0.363129 1.32927 2.36271 4.09217 5.58922 4.70349 46.4184 86.1389 112.834 137.97 154.156 159.649 119.472 105.939 95.2219 122.214 105.862 103.611 105.319 104.648 101.561 98.8278 97.1923 98.0993 99.2338 101.187 106.672 123.942 126.151 131.998 140.88 158.989 195.343 192.503 184.251 173.156 159.149 144.549 124.44 99.9793 65.141 7.92816 2.64194 2.05238 1.69747 2.15074 2.01354 0.323976 -0.0338039 -0.334779 -0.00807087 0.0188518 0.457306 -0.107321 
-0.423629 -0.428026 0.124015 -0.621633 -0.271669 -0.297062 -0.359912 -0.429341 0.363655 0.266423 0.0633877 0.8996 3.46988 4.2021 4.83737 4.41771 43.5537 85.8481 113.058 137.788 154.151 165.678 123.471 110.233 98.404 122.765 110.193 105.505 106.301 105.675 101.708 99.7876 98.9402 98.2499 100.067 102.521 110.578 122.082 125.604 132.253 140.168 158.568 194.035 191.427 183.506 170.963 158.782 144.363 124.021 98.7683 65.6513 7.82441 2.78368 1.38792 1.56539 2.07598 2.35969 0.329065 0.484965 0.123349 -0.0986353 0.729038 0.131792 0.465236 
-0.10289 0.455325 0.121884 -0.281909 -0.24501 -0.846476 -0.606117 -0.210534 -0.0283347 -0.175635 -0.0591826 0.857089 4.43135 4.08993 5.52906 5.52432 41.506 84.9213 111.985 136.703 154.688 170.433 128.809 112.023 102.05 121.175 118.22 107.409 107.355 106.364 103.29 100.127 100.172 100.255 101.743 106.433 113.652 121.575 124.487 130.874 139.259 159.828 189.759 192.86 183.966 172.291 159.095 143.724 123.698 97.9391 65.3044 7.51054 2.74818 1.52953 1.7034 2.33568 2.10828 1.49383 0.348446 0.301171 -0.0164153 0.0654159 0.106728 0.558142 
-0.237444 0.213406 0.0538128 0.563738 -0.167879 -0.419708 0.107135 -0.363429 -0.436417 -0.329311 -0.382415 0.596102 5.34838 4.80513 5.32979 5.27766 39.3356 83.6906 111.653 135.558 153.703 165.444 145.464 116.151 106.449 123.955 125.433 110.028 112.747 108.062 104.786 100.944 101.504 102.894 103.507 107.351 116.46 120.088 124.884 130.772 138.34 157.377 189.645 192.194 183.423 173.232 159.783 144.43 122.918 97.422 64.2839 7.00848 2.32045 1.40347 2.13658 1.59706 2.35869 2.82891 0.427304 -0.107415 -0.411805 -0.0528645 -0.0122032 0.309681 
-0.422702 -0.419657 -0.0575837 0.137765 0.226923 -0.463263 -0.833926 0.537745 0.186544 0.29842 -0.0962009 -0.360553 4.58561 4.17855 4.39905 6.23228 38.5485 83.035 110.767 134.65 153.567 166.722 156.641 123.653 112.099 127.924 130.534 117.691 115.609 109.934 105.884 104.728 103.39 105.863 107.84 113.795 118.302 120.9 124.85 130.447 138.731 157.846 188.871 191.483 182.611 172.441 159.428 143.679 124.025 97.7293 63.9715 6.92913 3.16789 1.8512 1.27423 2.72972 2.68533 2.09485 0.073987 -0.161882 0.0427261 -0.0793715 -0.0981718 0.273035 
-0.442598 0.45709 -0.110714 -0.186361 -0.495158 -0.466093 -0.334154 -0.333747 -0.216012 -0.283357 -0.133298 -0.71983 4.52053 4.75532 5.05927 5.67745 37.5479 82.6431 110.231 135.212 153.943 166.155 169.485 131.508 117.764 133.86 138.364 126.995 118.268 113.417 108.866 107.959 107.275 110.296 114.072 115.704 117.574 120.458 123.482 129.632 135.386 157.821 185.792 190.463 183.141 170.47 158.997 144.303 123.514 96.9748 62.9988 6.64068 2.60769 1.73327 3.71636 2.68325 1.73206 1.44848 0.0233152 0.461615 -0.284061 0.396295 0.332786 0.433163 
-0.205898 -0.131747 -0.049382 -0.157274 0.0921781 -0.527976 -0.135073 -0.754778 -0.581481 -0.104745 0.0555725 -0.19161 4.4493 6.29602 6.08266 5.98636 37.4048 82.2366 110.456 133.409 154.338 166.877 178.33 149.346 125.833 147.883 154.894 131.407 122.748 117.751 113.86 112.342 116.118 115.591 115.584 115.712 117.571 119.721 124.088 129.74 135.206 156.211 182.978 192.123 182.25 172.383 159.475 144.407 122.438 96.7728 64.4223 6.70734 2.6089 2.35954 3.80103 1.94338 1.53443 1.42299 0.399805 0.14406 0.222147 0.0443559 0.315606 -0.0989998 
0.018515 -0.0968258 -0.904135 0.294964 -0.0185345 -0.318687 -0.171205 -0.295994 -0.267937 -0.0984734 0.253429 -0.00675734 2.46117 6.33719 5.12859 5.3113 35.7774 82.1766 111.047 135.017 152.022 166.25 177.888 183.269 148.812 176.526 166.712 140.62 132.308 126.069 123.15 120.84 118.64 117.309 116.051 116.521 117.249 119.279 123.408 128.399 135.114 153.977 182.566 191.846 180.981 171.106 159.021 143.282 123.136 97.8294 64.4415 7.52823 2.54693 2.85457 1.1261 1.06084 1.30797 0.983081 0.322187 0.241911 -0.0350753 0.0604582 -0.223 -0.294412 
0.939658 1.36366 0.922294 0.583348 0.734821 0.32583 0.365954 0.613524 0.39151 0.72205 0.410067 0.714949 0.793227 7.00548 7.04935 6.61152 37.5631 83.4318 112.03 136.95 154.333 169.277 178.535 189.136 195.461 199.739 185.866 153.646 141.211 132.649 126.777 123.033 115.913 114.646 114.402 113.814 114.802 116.499 119.812 125.233 133.25 149.676 178.253 185.908 179.768 169.166 156.693 140.443 120.413 94.7603 62.3382 5.82792 7.65813 -0.0590358 0.328142 0.50284 0.123146 0.325536 0.120386 -1.05742 -0.477702 -0.793091 -0.325566 -0.946006 
1.79569 0.57419 0.861155 0.896741 0.506538 0.342873 1.42752 1.02463 0.864853 1.07756 1.27342 0.410679 1.52586 5.28457 6.92968 6.70594 37.0753 82.665 111.794 136.637 153.68 169.688 179.955 189.205 194.866 201.037 190.193 157.42 142.405 135.086 128.854 124.263 115.738 113.851 114.07 113.386 115.083 116.979 119.971 125.018 132.939 148.062 176.152 188.636 179.478 168.739 156.297 140.98 121.186 95.205 62.4668 9.41831 1.77803 0.332417 0.783221 0.661999 0.15635 -0.0012955 -0.514138 -0.237786 -0.398413 -0.735887 -0.540945 -0.848243 
0.574188 1.89181 0.203193 0.519543 0.636024 0.983051 0.897233 0.843257 0.805942 0.688552 0.738955 0.747477 1.17294 2.28139 9.26595 7.49194 35.017 82.7148 111.542 136.108 155.343 169.664 180.279 190.564 196.783 201.691 191.162 157.766 143.505 134.729 127.95 124.495 115.625 114.687 114.455 114.062 115.504 117.232 119.434 125.131 132.358 146.98 174.749 187.981 179.76 169.681 157.151 141.143 119.909 95.0758 61.782 9.56287 1.22682 0.899145 0.649474 0.251282 0.183751 -0.00694158 -0.390849 -0.242689 -0.768846 -0.306694 -0.800434 -0.576447 
1.27835 1.48432 1.82726 1.17908 0.439398 1.35556 0.78416 0.350681 0.777952 0.364739 0.882178 1.09178 0.923202 0.392814 8.92766 7.52465 35.0492 83.2284 111.263 134.697 154.911 170.267 179.837 191.552 197.019 202.396 193.849 158.185 144.838 135.894 128.51 124.608 116.624 115.082 114.489 113.53 114.482 116.72 119.123 124.927 131.75 146.123 174.219 189.567 180.651 170.128 157.873 140.867 120.851 95.7559 63.5141 9.20599 1.28183 0.598965 0.265674 0.0492374 -0.0981874 0.0566397 -0.669115 -0.732227 -1.05347 -0.733757 -1.09829 -0.465378 
1.389 0.70022 0.267439 0.245462 0.355489 0.56078 1.03004 0.810622 1.07411 0.401802 0.463829 0.956566 1.42278 1.29641 7.04251 8.65136 34.8477 81.886 111.473 135.159 154.098 169.371 181.253 190.798 197.217 203.236 197.5 159.865 145.604 136.552 129.985 125.23 116.49 114.34 114.767 113.585 114.879 116.3 119.516 125.241 131.289 147.355 172.749 189.582 179.928 170.379 157.749 141.522 121.096 96.1685 63.7202 9.04861 1.8314 0.741966 0.302545 0.00764649 0.601596 0.183888 0.13772 -0.64542 -0.674817 -0.493156 -0.907042 -0.548938 
0.884507 1.35249 0.120007 1.04058 0.692331 1.53663 1.7377 1.9026 0.747109 1.09293 0.594086 0.716861 0.469378 2.22888 3.44761 11.241 35.2904 82.438 111.573 134.558 153.849 171.416 182.03 189.682 199.59 204.56 200.026 161.601 146.169 136.755 130.562 125.626 116.504 114.627 114.717 114.044 115.234 117.949 119.259 123.863 130.905 144.958 172.134 189.986 179.713 169.673 156.929 142.523 121.54 96.1984 68.4214 14.7276 2.16833 0.696565 0.446541 0.411268 -0.118615 0.431252 -1.54947 -0.881313 -0.218635 -0.854392 -0.771646 -0.878761 
1.29233 -0.477854 0.80505 1.08356 0.659868 1.32885 -0.205584 1.56185 1.03997 0.614107 0.854336 1.11695 0.789978 1.87053 1.61501 12.6455 36.3468 82.0052 112.147 135.19 154.305 169.714 180.096 190.852 197.909 203.289 198.941 162.995 146.864 138.115 130.734 125.705 117.097 114.513 113.695 114.16 114.742 117.171 118.752 124.055 130.972 143.457 170.081 188.689 181.305 170.574 158.199 143.227 122.202 96.6668 63.565 12.8204 2.18817 0.12388 0.0448755 0.242768 0.5852 0.523725 -1.00878 -0.722707 -1.19089 -0.881073 -0.55926 -0.548203 
0.643536 0.759626 1.3323 0.906561 1.02858 1.00288 0.422646 0.767218 1.11685 0.698103 0.690481 0.802305 1.86943 1.3841 1.82172 11.7341 33.8036 81.2492 112.56 136.191 155.105 171.722 181.832 191.408 198.902 201.745 199.974 163.917 147.682 138.583 132.533 126.848 119.622 116.103 114.356 114.144 115.62 117.06 119.707 124.46 130.705 144.232 170.34 189.609 181.608 169.722 158.854 142.437 122.815 97.7747 66.9344 10.7493 2.88215 0.652149 0.519132 0.451475 0.664694 0.139361 -0.337464 -0.970817 -0.850052 -0.470971 -0.555424 0.246381 
0.729537 0.845161 1.22781 0.744735 0.703967 0.597897 0.542467 0.967091 1.32765 1.5969 0.671583 0.933869 1.22566 1.81222 1.75196 3.86927 37.2101 82.0042 111.214 135 153.956 168.588 180.906 190.456 197.893 203.173 204.23 166.961 150.951 139.708 131.748 126.605 118.939 116.18 114.721 114.64 115.778 116.544 120.072 124.648 130.584 139.857 164.28 192.689 183.082 171.336 159.466 145.304 125.314 101.096 69.1873 15.3566 3.51933 1.34763 0.819816 0.614262 0.676716 0.45757 -0.203806 -0.579002 -0.997981 -0.598833 -1.08228 -0.687169 
1.20877 1.14408 0.0598931 0.954075 1.26525 0.944396 1.49009 1.5225 0.596865 1.01953 0.419156 0.790373 0.795324 1.60397 2.32981 3.00797 36.0886 79.3937 109.905 133.598 153.087 168.765 180.931 190.036 197.346 203.157 206.718 169.181 150.631 140.679 132.938 126.917 118.803 116.412 115.557 115.468 115.836 117.33 118.605 123.468 130.22 139.854 157.551 196.331 183.553 173.465 160.826 146.779 127.857 105.171 73.5894 20.1799 4.0468 3.12547 1.65548 1.7076 1.64812 -0.355826 -0.648105 -0.28935 -0.68706 -0.562114 -0.837056 0.0273213 
0.703019 0.919274 1.21915 0.785386 0.613374 1.05328 0.237618 1.01673 1.16955 0.579325 0.973822 1.38914 1.214 1.77949 2.04566 2.71822 36.2977 76.3136 110.01 134.459 153.495 169.514 180.429 192.099 198.117 205.855 208.657 170.615 153.131 141.052 133.557 127.018 119.504 116.624 116.145 114.575 115.337 116.964 119.815 123.665 129.488 139.669 156.097 197.29 183.609 175.053 161.98 147.43 128.942 106.677 74.6446 21.2932 5.2084 3.72949 2.56925 2.65026 1.23222 -0.222599 -0.783302 -0.809221 -0.742823 -1.24385 -0.86617 -0.626081 
0.972378 0.835871 1.17526 1.20897 1.27777 1.19782 1.54748 1.4779 1.48236 1.43825 0.669132 0.411655 0.538713 1.73573 3.39659 3.65001 28.1725 84.4734 111.303 135.729 154.636 171.2 181.633 193.4 198.404 204.961 208.065 168.568 151.542 139.875 133.062 128.105 120.009 117.18 115.326 114.989 115.708 117.071 119.524 123.106 130.468 138.884 156.944 195.564 186.657 176.411 164.678 147.06 131.685 108.522 78.5831 27.5597 11.1436 8.4676 3.50176 1.21768 0.930178 0.677398 -0.87969 -0.844641 -0.489855 -0.364088 -0.442983 -1.27182 
1.21634 1.51657 0.823914 1.38094 0.36164 1.17477 1.07244 0.61251 1.19463 1.61995 1.23594 0.82647 1.15645 1.45984 2.15588 2.25702 43.3708 100.407 123.262 142.189 161.656 177.646 188.033 199.442 204.667 208.598 212.6 173.969 156.93 144.943 137.993 131.883 123.133 121.099 118.668 116.008 116.797 118.495 119.828 124.357 128.642 139.116 157.462 194.296 188.317 178.121 166.855 151.525 138.12 117.643 85.451 27.4733 4.29454 3.11353 2.5089 1.4909 1.31076 0.325049 -0.776728 -0.863469 -0.792614 -1.03703 -0.539951 -0.189189 
0.494692 0.419311 0.189508 0.881634 0.955574 1.13148 0.365292 0.87043 1.69187 1.39846 0.774712 1.12721 1.44503 2.33974 1.72845 26.8807 79.3661 118.919 156.523 181.973 201.591 214.729 227.309 225.465 220.52 227.44 228.627 187.634 173.686 163.151 155.505 151.246 143.266 141.067 140.406 141.081 141.333 141.54 144.462 148.21 156.848 167.26 186.132 225.671 220.271 213.923 207.712 195.021 181.41 155.102 123.752 91.8402 44.1034 22.6339 18.596 15.6839 2.01526 0.0472297 -0.204661 -0.412012 -0.660663 -0.271899 -0.910439 -1.06963 
1.67227 0.569858 0.880203 0.347178 0.948899 0.739921 0.304558 1.11302 0.874945 0.779127 0.837691 0.754628 1.48091 1.37447 8.84207 63.1054 96.6538 121.13 157.47 195.114 218.519 237.973 240.125 239.118 235.427 243.51 249.985 209.174 191.077 180.872 174.13 167.033 159.354 158.748 156.939 156.65 157.149 158.638 161.393 166.024 175.243 184.801 202.556 267.649 275.985 261.721 251.031 231.459 206.778 191.365 177.186 162.244 150.087 133.315 107.866 76.4448 40.6966 -0.736035 0.423543 -0.758607 -0.60693 -0.741755 -1.15855 -0.966668 
0.872542 0.693716 1.3717 0.877357 1.7265 1.1522 0.447598 0.838088 0.488215 0.636013 1.61879 1.33222 1.04134 0.611956 33.518 81.4422 109.065 136.144 159.588 186.322 223.82 235.388 242.31 242.702 244.911 250.602 258.249 216.13 198.023 187.09 179.734 174.897 165.052 163.85 163.727 164.147 163.692 166.45 168.844 173.053 180.968 191.672 208.279 276.766 284.07 290.03 267.507 230.742 217.961 207.506 192.461 176.464 159.797 140.779 119.743 92.7145 62.6882 11.0562 -0.375754 -0.643699 -0.522918 -1.18249 -0.662671 -1.27216 
1.21085 0.817067 0.527347 1.74377 1.11695 0.172064 0.982369 0.283592 0.694768 1.25681 0.378382 1.22089 1.52847 1.14088 34.6785 80.7034 107.72 134.294 159.014 177.338 211.827 226.5 237.962 241.287 244.793 253.681 263.284 220.732 203.377 192.009 184.73 179.205 171.656 168.111 166.31 166.465 168.718 169.847 173.734 177.413 184.037 193.641 209.653 273.09 282.044 284.713 266.583 229.872 220.684 209.75 194.877 179.883 161.977 142.767 122.639 96.6434 65.759 15.8128 -0.18215 -0.253412 -0.514519 -0.679507 -0.819418 -0.641455 
1.2615 -0.0450775 0.596105 1.31461 0.521622 0.509122 0.752765 0.794145 0.722712 0.824114 0.651823 1.69395 1.36657 1.91732 9.584 62.7075 95.368 122.634 148.375 174.587 196.206 216.076 231.21 237.556 245.971 252.163 260.853 217.314 203.771 189.752 181.406 175.474 167.515 164.151 163.951 163.54 165.434 167.449 170.999 177.285 185.242 193.993 212.331 269.305 269.542 268.097 253.977 231.085 220.225 206.305 193.449 177.125 159.382 139.679 117.379 91.6682 60.9819 4.79617 -0.512404 -0.36913 -0.682419 -0.714099 -0.639658 -0.401004 
0.738873 0.583966 0.915468 0.141652 1.32063 0.592734 0.856561 1.07259 0.427281 0.118664 0.561081 1.28596 1.16715 1.56466 1.52132 19.1836 72.4157 104.849 131.231 158.151 177.991 203.063 220.575 229.423 241.634 247.48 256.71 208.741 192.165 180.83 174.087 168.585 159.684 155.198 155.289 156.187 156.465 158.623 163.196 170.697 177.82 192.08 209.681 257.467 256.051 251.062 242.558 230.433 215.289 202.481 189.043 171.984 152.529 132.585 108.815 80.2384 26.6279 -0.32421 -0.308823 -0.22331 -0.792845 -0.516583 -0.404482 -0.16521 
0.580203 1.80384 0.000181953 0.90479 0.99634 0.886034 0.782324 0.969387 1.47773 1.03006 0.961651 0.989586 1.0396 1.59172 2.27935 2.01839 21.1662 76.0923 108.617 135.59 156.594 175.419 194.967 203.659 214.227 225.135 239.951 198.173 180.519 168.599 161.009 155.488 145.503 144.204 143.733 142.725 145.302 147.06 151.33 156.832 163.204 175.927 195.018 236.408 242.097 237.215 226.92 217.218 205.664 194.388 180.542 163.114 141.993 117.85 87.0382 34.1173 -0.874201 0.451972 0.0304211 -0.591918 -0.628862 -0.709142 -0.496912 -0.513139 
0.183563 0.821421 0.391784 0.00156231 0.773209 0.661011 0.790409 -0.415624 0.421084 1.15508 0.8022 1.09955 0.62717 1.56684 2.0901 3.34551 7.45677 67.841 102.442 129.46 149.255 168.289 180.371 189.918 202.028 209.683 222.302 184.058 165.076 155.555 148.283 141.283 133.801 131.434 130.526 131.511 132.047 134.396 138.195 141.768 150.796 161.225 176.715 216.592 223.738 218.22 209.817 198.478 192.389 179.761 161.25 140.839 114.057 75.8934 21.5903 0.919229 1.35309 0.574599 -0.0900425 -0.452542 -0.319019 -0.960176 -0.860015 -0.463752 
-0.219594 0.730487 1.55824 1.08355 0.898708 1.21022 0.843566 0.914458 0.762929 1.25904 1.00763 0.550307 1.21695 0.552226 2.23699 3.36048 7.47482 66.9545 99.9868 127.355 149.96 167.886 178.584 188.319 199.232 208.357 220.229 184.691 166.043 155.751 145.232 141.565 132.576 130.139 129.719 131.13 129.847 132.656 136.969 142.006 147.277 156.68 169.4 204.284 207.093 200.546 190.024 180.622 173.661 157.016 137.217 113.958 86.3579 42.5235 1.6266 2.18372 0.928901 0.733471 -0.0789136 -0.614593 -0.616345 -0.715859 -0.723233 -0.392457 
0.970202 -0.0195448 0.731804 0.829133 0.333571 0.969131 0.9665 0.745005 0.72912 0.77254 0.811295 1.09163 0.645465 1.50598 1.75473 3.13425 7.67979 64.7717 99.7135 126.383 150.246 166.531 177.115 187.808 198.442 207.808 218.42 187.277 165.228 153.491 144.485 139.926 131.857 129.928 128.478 129.26 128.355 132.085 134.883 138.617 145.543 153.897 167.835 201.903 207.222 200.595 189.46 175.99 176.634 158.066 138.942 114.596 86.1048 43.1481 1.91023 1.57717 0.482146 -0.0653879 0.339418 -0.427787 -0.720787 -0.745122 -0.671306 -0.472269 
2.42613 1.40404 0.32995 0.307373 0.579458 0.81803 1.005 0.970498 0.679419 0.908892 0.713402 0.218424 0.824937 0.975855 1.82843 3.23212 8.57611 66.2315 99.7647 126.919 148.821 167.897 176.773 186.823 199.14 205.778 217.881 184.56 163.321 153.579 143.677 139.045 131.998 129.424 129.35 128.254 129.698 132.055 133.891 138.937 146.186 153.996 167.787 200.574 207.313 199.09 189.887 174.968 175.201 156.456 138.943 114.9 86.6425 44.1627 0.932762 1.27302 0.156346 -0.482473 -1.16372 -0.736111 -0.567234 -1.13268 -0.76501 -1.00525 
0.464424 0.752461 0.965245 0.700482 0.998416 1.07847 0.570515 0.790916 0.762068 1.03166 0.598462 0.829225 1.07752 1.21215 2.18712 2.5896 9.0276 65.9648 99.8913 128.028 148.357 166.329 175.234 186.241 197.778 208.094 216.823 183.295 162.653 151.06 143.143 139.089 132.362 129.681 127.851 126.89 128.969 131.223 133.543 137.804 145.309 154.214 165.798 201.459 206.404 200.332 189.817 177.294 174.816 157.281 138.83 115.49 87.1372 43.8058 0.391295 0.956773 -0.638388 -0.493976 -0.772191 -0.695107 -0.872766 -0.619343 -0.736894 -0.720139 
0.497971 0.465783 0.527947 1.59454 1.20017 0.636375 0.565527 0.66312 0.990752 0.213384 -0.569724 0.84522 1.01247 1.17435 1.01005 2.17955 8.63654 66.0983 97.8789 126.285 147.976 166.734 174.942 185.695 197.184 207.531 216.773 184.547 162.224 150.102 142.536 137.843 131.354 126.571 126.609 127.764 128.61 130.425 132.298 137.033 143.847 150.713 163.419 194.174 205.035 198.147 189.053 176.395 173.784 157.323 138.406 116.407 88.3662 48.7215 -0.340989 0.817915 -0.339332 -0.677002 -0.723147 -1.21275 -1.00812 -1.49524 -1.04309 -0.303214 
0.920428 0.731766 0.399113 0.680217 0.357532 0.587125 0.78363 0.90953 0.896293 0.849171 0.509759 0.973915 0.944095 0.897984 1.46973 2.36444 4.70795 62.5247 97.1685 123.203 146.535 164.558 177.752 179.034 194.963 205.051 212.714 191.856 164.19 150.811 142.409 138.064 131.395 126.458 127.284 126 126.606 129.315 132.127 136.355 142.375 151.555 162.054 190.17 207.206 200.043 190.239 180.897 170.43 159.008 140.365 117.705 91.2557 55.1794 -1.09404 0.630022 -0.904606 -0.292426 -0.416881 -0.497336 -0.82679 -0.705963 -0.425968 -0.697911 
0.842742 0.300364 0.626251 -0.0432929 0.781171 1.47007 0.968156 0.423675 1.93424 0.628283 0.273494 0.819006 0.735276 0.61141 1.3792 2.28636 5.8494 63.4506 95.4086 123.254 146.548 164.471 175.287 175.972 195.78 204.436 212.816 191.103 162.613 151.191 143.182 137.509 131.182 126.549 127.059 126.215 127.453 129.736 131.592 135.796 142.342 150.186 161.496 191.243 204.248 198.6 190.663 180.177 170.253 157.647 139.743 116.932 90.8103 56.0216 0.435415 -0.12344 -0.610144 -0.735085 -0.739017 -0.505279 -1.15279 -0.490533 -0.58209 -0.777148 
0.983934 0.478521 0.821419 0.124214 0.190662 1.08871 0.963105 0.763035 0.444293 0.979514 0.61902 1.05593 1.18953 1.37823 1.61617 1.86162 5.49517 62.6819 97.1508 124.938 147.424 164.352 174.918 177.025 196.752 205.025 212.296 190.974 162.016 150.822 143.214 136.816 130.628 127.695 126.157 125.946 127.276 128.205 131.749 135.766 141.043 149.036 160.277 190.003 206.793 198.532 190.874 180.092 171.099 158.933 141.041 117.983 89.8891 56.2582 -0.361471 0.873183 -0.285074 -0.470489 -0.172079 -1.22634 -0.437785 -0.566061 -0.553911 -0.641051 
0.486255 1.18614 0.440715 0.00122616 0.155145 1.482 0.987217 0.411004 0.791544 0.348236 0.756409 0.481501 0.532918 2.16144 1.35147 2.27858 5.90759 63.3115 96.8791 125.219 146.845 165.397 176.18 178.281 194.766 203.512 211.351 190.205 161.448 150.454 142.245 137.424 130.37 125.876 126.363 139.721 126.052 127.287 131.234 134.405 141.177 148.27 159.628 186.237 204.124 198.731 190.587 179.284 171.257 158.688 141.283 118.391 90.9393 57.2218 -0.181724 0.855157 -0.783273 -0.320684 -0.369932 -0.285868 -0.591936 -0.245381 -0.522797 -0.697759 
1.00997 0.770367 0.362334 0.191747 0.809318 0.241679 0.514359 0.675537 0.043194 0.999847 1.42391 0.93122 0.955743 1.64153 1.5926 2.81771 6.82131 63.9986 98.3893 124.557 146.072 165.153 174.525 175.428 196.023 205.598 211.982 189.957 161.686 150.255 142.135 137.887 131.921 126.601 125.927 126.261 127.135 129.985 131.477 134.829 142.142 148.37 159.9 185.645 204.592 198.206 190.909 180.669 171.18 159.121 140.569 118.478 91.7631 56.8149 1.88258 1.11847 -0.0890357 -0.0139275 0.408488 -0.460064 -0.418966 -0.560838 -0.860417 -0.697569 
0.325631 0.988054 1.00529 0.0507856 0.34364 0.807033 0.206984 0.587025 0.323853 0.602483 0.56334 0.567736 1.13551 1.51568 2.02718 3.04807 7.48608 65.8502 98.6669 125.595 147.601 164.56 174.013 175.002 195.996 203.878 212.062 191.267 161.898 148.592 142.652 136.71 130.034 127.383 125.269 125.876 126.334 129.345 130.518 135.145 141.329 148.267 159.58 184.976 204.823 200.134 190.665 181.069 172.006 159.933 142.406 120.009 93.9839 59.4002 1.94144 1.62849 1.47744 0.663331 0.233944 -0.48992 -0.0175208 0.0316147 -0.0307641 -0.652768 
