-0.506123 0.0416061 -0.894226 -0.515511 -0.562081 -0.579761 -0.666097 -0.592501 -0.806884 -0.471196 -0.299595 -0.254968 -0.542025 -0.556081 -0.751253 -0.419651 -0.137808 0.588355 -1.1487 54.0258 89.4083 117.833 140.468 158.634 169.098 177.129 187.306 198.059 209.092 173.621 156.56 143.787 134.567 132.543 126.795 125.412 125.248 125.148 128.021 128.203 131.028 134.247 141.216 149.851 161.926 195.057 205.617 198.551 189.688 178.064 172.973 158.093 139.422 117.817 89.9658 54.6215 -2.85151 -0.697318 -1.51516 -1.59142 -1.55395 -1.76064 -1.63356 -1.67176 
-0.744094 -0.651268 -0.79679 -0.457066 -0.777847 -0.790923 -0.70021 -0.450989 -0.41028 -0.812987 -0.989808 -0.838053 -0.68468 -0.403502 -0.545512 -0.465108 0.271649 0.787946 -1.66407 54.3047 89.501 117.415 140.092 158.369 168.022 176.048 188.664 199.517 210.387 172.012 155.499 144.313 133.497 131.429 127.313 125.722 125.438 126.435 127.58 128.754 132.049 135.175 141.242 150.691 163.59 196.291 204.531 198.564 190.157 179.228 172.909 158.051 140.061 116.811 89.6457 53.5919 -2.98533 -0.77567 -1.4865 -2.0453 -1.3705 -1.80171 -1.99636 -1.54589 
-0.209978 -0.587602 -0.611686 -0.61304 -0.68986 -0.629163 -0.765453 -0.22263 -0.439527 -0.534709 -0.526279 -0.262219 -0.870456 -0.354926 -0.76976 -0.542068 0.298327 0.593576 -1.63153 54.3828 89.6363 118.222 140.706 158.298 169.485 176.028 189.318 199.984 210.906 173.107 156.787 143.869 133.73 131.345 128.017 126.284 125.028 126.195 127.071 127.783 131.255 135.332 141.278 150.5 162.68 196.837 205.572 199.165 188.168 177.217 174.124 158.621 140.534 118.751 90.551 56.4155 -1.93986 -0.738606 -1.40852 -1.71427 -1.62994 -1.70921 -1.5208 -1.93174 
-0.791989 -1.31347 -0.755666 -0.518234 -0.535809 -0.454533 -0.386642 -0.671926 -0.7159 -0.807064 -0.967192 -1.00701 -0.48003 -0.505719 -0.625882 -0.572401 -0.208284 0.737477 -1.21848 54.5009 89.3692 117.893 140.61 157.791 168.728 177.251 189.427 197.712 207.642 172.547 164.526 144.739 133.86 131.368 127.545 126.138 125.962 125.93 127.771 129.726 132.125 135.711 141.891 151.126 164.288 199.63 205.424 199.138 189.552 178.141 173.196 158.222 139.603 117.536 90.5151 54.6223 -2.31198 -0.546347 -1.21563 -1.60144 -1.59753 -1.58764 -1.82304 -2.12671 
-0.653811 -0.69935 -0.698101 -0.542698 -1.09401 -0.225182 -0.779024 -0.508808 -0.721969 -0.4866 -0.554297 -0.506481 -0.585844 -0.596566 -0.517948 -0.607769 0.367626 0.780627 -1.09081 52.625 89.9123 117.672 140.806 158.353 168.605 179.669 189.449 198.821 212.122 175.922 158.125 144.139 135.171 132.549 128.819 126.493 125.173 126.796 127.603 129.006 132.064 136.365 141.957 151.557 164.012 199.577 205.803 198.632 188.637 176.861 174.287 157.538 139.633 118.209 91.7721 56.8705 -1.32141 0.490784 -0.580738 -1.23922 -1.55064 -1.38322 -1.72259 -1.64594 
-0.467936 -0.675006 -0.495596 -1.00674 -0.797739 -0.49514 -0.719937 -0.429879 -0.630951 -0.52898 -0.318617 -0.432421 -0.742191 -0.43657 -0.657632 -0.31452 0.546329 1.16165 -0.420774 55.2772 90.1273 118.505 140.933 159.001 169.509 178.823 190.632 199.411 212.427 176.163 158.102 147.444 134.912 132.863 128.522 126.675 125.791 127.104 128.377 128.15 132.531 137.452 142.87 151.335 166.535 200.946 205.808 199.265 189.704 179.527 174.286 158.492 140.725 119.008 92.0877 56.1754 -1.23361 0.485098 -0.461239 -0.967409 -1.32833 -1.43217 -1.77846 -2.08725 
-0.404418 -0.71044 -0.967478 -0.435847 -0.71472 -0.600169 -0.497364 -0.771512 -0.582312 -0.397675 -0.484675 -0.646836 -0.390203 -0.350068 -0.398419 0.360026 0.437172 1.62754 1.12423 47.9661 88.8228 116.982 139.532 157.892 171.09 176.711 190.091 199.174 207.079 184.173 159.731 147.208 137.218 132.293 128.802 128.28 125.558 127.021 128.629 129.666 131.683 136.803 143.915 151.399 164.841 197.985 208.04 201.355 192.865 172.022 181.985 161.603 144.61 123.793 98.0185 64.6654 5.34735 1.28672 0.049948 -0.346568 -1.27813 -1.124 -1.71608 -1.35767 
-0.470353 -0.286382 -0.733219 -0.562867 -0.46904 -0.38478 -0.556809 -0.429969 -0.516384 -0.559685 -0.598024 -0.948138 -0.389607 -0.259428 0.0568902 0.143105 1.14976 2.38659 2.03572 43.722 87.4118 116.436 139.638 158.965 172.18 179.609 191.601 199.568 207.64 188.01 161.48 149.169 138.332 133.68 131.278 128.993 127.772 128.248 129.78 131.632 133.811 138.291 144.122 151.98 166.788 198.163 208.359 201.876 194.762 175.863 180.741 161.793 144.925 123.831 97.6922 63.1192 6.34807 1.48706 0.00758295 -0.0891165 -0.958969 -1.24111 -1.46404 -1.62823 
-0.628091 -0.826409 -0.539591 -0.729952 -0.793869 -0.271283 -0.417155 -0.578667 -0.624988 -0.784967 -0.731429 -0.598801 -0.36574 -0.412039 0.41091 0.674116 1.37441 1.99941 2.26818 46.7882 89.2911 116.943 139.351 159.455 171.767 178.738 191.886 200.31 207.048 186.751 161.488 148.581 137.994 133.423 130.194 127.634 127.197 128.83 129.895 130.81 133.925 138.081 144.307 153.181 166.023 198.646 209.608 202.857 194.2 174.584 180.175 161.528 145.677 125.668 99.9381 66.3944 4.30692 1.64915 0.452403 -0.177753 -0.835215 -1.1698 -1.93993 -1.36609 
-0.651138 -0.670055 -0.420882 -1.10939 -0.124465 -0.370088 -0.620783 -0.576779 -0.662509 -0.65006 -0.619306 -0.444974 -0.487836 -0.570087 0.137842 0.55607 1.68372 2.30654 5.88285 49.9079 90.02 118.29 140.61 159.266 174.505 182.908 191.911 202.54 208.861 189.54 162.331 148.641 137.267 133.36 131.473 128.301 128.171 129.062 130.95 132.048 135.121 140.615 146.725 156.47 169.379 203.436 213.332 208.623 200.363 184.868 191.715 174.795 160.488 141.235 118.635 92.728 56.7328 4.82295 1.14351 -1.11941 -0.713365 -1.11626 -1.62095 -1.48444 
-0.72939 -0.716129 -0.751049 -0.87107 -0.452434 -0.968114 -0.896853 -0.66158 -0.985198 -0.983943 -0.386548 -0.347986 -0.334679 -0.183283 0.349747 0.666519 1.08816 4.00265 60.5378 94.4608 121.772 143.572 165.28 180.763 195.586 203.115 212.475 221.485 227.927 206.756 178.86 164.046 152.705 147.816 143.705 141.076 139.7 139.719 140.556 142.179 146.553 151.419 158.202 168.621 182.9 217.187 230.178 223.91 215.79 207.592 200.29 186.38 172.023 154.595 135.709 118.03 94.7518 66.5045 63.6293 18.4568 -1.21019 -1.1327 -1.42133 -1.79555 
-0.459376 -0.528924 -0.699433 -1.01997 -0.975645 -0.636701 -0.411851 -0.818539 -0.558748 -0.349985 -0.436167 -0.647839 -0.4888 -0.329968 0.10354 -0.138671 17.7324 63.7606 104.667 131.632 153.945 172.328 187.038 201.682 211.158 219.456 228.201 234.145 237.237 218.29 188.042 172.455 158.16 153.483 149.116 145.826 144.798 144.092 144.789 147.125 150.519 156.595 162.48 173.703 188.596 224.897 237.851 230.772 225.822 217.598 210.706 200.201 188.559 174.337 157.543 139.153 121.69 102.456 88.9882 59.2289 1.71403 -1.73094 -1.37856 -1.7872 
-1.05219 -0.850602 -0.745779 -0.509809 -0.642668 -0.706527 -1.08641 -0.343226 -0.715432 -0.673861 -0.529859 0.017632 -0.43563 -0.103311 -0.397633 17.1727 60.2653 91.6256 118.56 141.538 162.345 179.797 195.052 209.535 222.595 231.372 238.165 244.448 248.531 225.852 196.45 182.76 170.26 156.095 151.764 152.825 153.773 159.158 159.804 162.461 166.046 172.189 179.671 189.647 205.075 239.213 256.894 252.366 245.805 237.135 228.991 216.228 203.173 188.95 171.085 150.54 131.638 109.694 94.6654 77.263 20.6152 3.72114 -1.17071 -1.80955 
-0.841 -0.817406 -0.569684 -0.615349 -0.773006 -0.700213 -0.184832 -0.748421 -0.728409 -0.518499 -0.666328 -0.375318 -0.484927 -0.444831 9.13068 25.3008 72.7387 103.521 127.199 148.985 168.035 185.682 200.905 216.93 228.017 237.1 245.812 251.657 253.978 233.477 201.898 187.589 163.181 154.083 152.064 151.476 157.673 164.956 165.619 168.172 170.949 177.048 182.035 192.603 209.218 241.752 260.528 257.682 249.604 241.141 232.567 219.396 207.045 189.095 171.91 154.095 133.538 109.451 91.4255 76.2167 21.4463 11.8937 6.79122 2.18717 
-0.63534 -0.995764 -0.545725 -0.644168 -1.24187 -0.53416 -0.539693 -0.655453 -0.586622 -0.449814 -0.608953 -0.807064 -0.542518 3.8924 16.0104 21.2117 72.2049 103.181 126.837 148.086 167.263 184.935 200.582 214.722 227.146 238.388 243.337 250.278 254.561 234.231 201.356 176.438 159.317 152.876 148.121 146.918 147.178 150.798 158.615 167.397 168.845 174.092 181.495 189.824 201.153 233.372 254.365 248.096 238.331 228.79 217.366 203.79 186.569 169.234 146.802 122.311 93.4503 57.3604 41.0586 27.1679 7.21573 6.35804 4.59715 2.58444 
-0.630058 -0.803595 -0.462097 -0.413198 -0.61917 -0.759846 -0.847798 -0.623738 -0.863418 -0.564877 -0.422617 -0.563523 -0.504507 9.83844 10.1189 11.0079 30.9533 63.9961 78.616 103.948 129.99 150.989 169.99 180.144 191.184 203.901 213.194 221.138 226.159 199.482 155.254 137.916 121.759 118.339 116.785 117.553 116.064 117.485 120.639 125.682 131.05 136.995 144.883 152.936 167.51 196.15 213.74 207.351 198.764 191.78 179.298 163.925 145.83 123.74 93.4337 54.3581 5.60484 1.83163 1.21251 1.74184 0.523026 0.662518 0.130646 -0.258794 
-0.763123 -0.577801 -0.69182 -0.516442 -0.886234 -0.647883 -0.787311 -0.776816 -0.602624 -0.462795 -0.9596 0.0430962 -0.798191 12.5848 6.15693 4.76492 3.74808 3.17814 3.93798 4.29758 39.3727 86.7532 115.166 137.567 154.967 168.038 179.511 190.651 183.962 158.722 129.143 115.256 105.497 103.047 101.279 99.4775 99.3103 99.2875 102.696 105.038 107.561 112.446 123.893 142.043 155.849 184.848 202.819 198.693 188.795 179.429 167.189 151.263 131.833 107.892 78.5776 27.2882 2.30887 1.64253 0.342769 0.461211 -0.199952 -0.412964 -0.855188 -0.439751 
-0.834191 -0.357216 -0.787236 -0.620038 -0.534923 -0.859272 -0.887801 -0.220685 -0.583855 -0.417883 -0.755486 -0.600553 -0.499973 -0.0588729 7.17434 3.91986 4.50843 2.11389 3.57139 3.91583 27.3739 81.2984 109.319 133.259 151.654 164.097 176.683 169.988 163.853 151.786 122.884 111.213 103.185 100.067 97.9568 95.7184 96.5369 96.5607 97.7001 99.9658 102.302 106.292 113.635 122.865 145.858 181.422 202.502 197.486 189.282 177.64 165.168 150.372 130.891 106.484 77.9981 25.2088 1.87509 0.951665 0.206303 0.0617119 0.076718 0.149707 -0.893375 -0.645563 
-0.651089 -0.636483 -1.03778 -0.831549 -0.789399 -0.694405 -0.521571 -0.592874 -0.602706 -0.612826 -0.438376 -0.510407 -0.292437 -0.191742 4.96896 4.16431 3.08998 4.34367 2.76407 3.83485 21.4519 78.4817 107.411 131.543 148.58 162.143 167.445 153.368 153.503 147.658 118.397 108.471 100.036 97.9391 95.4647 94.1218 93.8136 94.1738 95.1455 96.837 99.925 105.085 108.295 115.838 130.943 167.924 200.641 194.807 186.268 177.108 162.417 149.806 130.018 105.78 76.5529 23.4258 1.45259 0.477196 -0.319921 0.152772 -0.303693 -0.456617 -0.447123 -0.818719 
-0.122471 -0.495706 -0.430951 -0.652368 -0.41596 -0.841032 -0.74062 -0.443076 -0.533183 -0.760784 -0.238153 -0.751293 -0.123006 -0.162446 1.87711 5.62145 3.03322 5.87809 2.68069 3.07159 16.8303 75.5189 105.622 129.785 147.013 159.951 157.106 144.226 146.581 148.347 117.231 107.093 98.5105 95.4042 93.9506 92.3906 92.3273 92.6447 93.2918 95.0571 97.6799 100.465 104.941 111.797 124.069 153.905 190.728 193.2 186.556 174.663 161.105 147.876 127.942 105.407 74.7519 21.8833 0.646785 0.018273 -0.416385 -0.39398 -0.516853 -0.341837 -0.685176 -0.701293 
-0.260696 -0.68664 -0.778324 -0.805422 -1.07559 -1.29524 -0.314552 -0.505096 -0.147714 -1.04734 -0.764266 -0.465329 -0.852333 -0.230715 -1.75216 8.39175 2.35481 6.48472 1.71054 2.2422 14.893 72.2114 103.206 126.954 145.574 157.554 149.494 139.673 141.094 144.216 116.678 106.3 97.57 95.0619 92.6834 91.4583 91.1655 91.6012 92.3448 94.0405 96.3395 100.17 103.38 109.825 120.957 147.095 177.744 192.539 184.632 174.045 159.519 148.01 128.21 104.452 74.2213 19.3972 0.61426 0.159481 -0.815931 -0.753927 -0.559006 -0.499306 -0.592324 -0.338107 
-0.615688 -0.742381 -0.742981 -0.92942 -0.817251 -0.885579 -1.35144 -0.495449 -0.88806 -0.819026 -0.443009 -0.465156 -0.516049 0.0644207 -0.105066 7.74043 3.60075 9.02731 1.52826 2.25314 12.6723 68.6747 100.596 124.889 143.287 156.534 147.574 135.038 137.61 145.3 118.715 106.717 98.0314 94.6589 92.9711 90.5355 91.0012 91.1096 91.6285 93.0754 95.6105 98.051 102.996 108.745 118.765 140.405 173.782 188.018 184.138 173.28 159.918 146.922 128.069 103.687 74.3333 20.846 0.972423 0.143588 -0.350249 -0.407113 0.325244 -0.751178 -0.523119 -0.593327 
-0.814597 -0.436663 -0.723154 -0.210265 -0.889867 -0.737052 -0.827629 -0.635533 -0.565223 -0.51815 -0.675164 -0.323582 -0.418948 -0.323093 -0.0545023 7.5648 5.55236 9.76702 1.6028 2.87329 10.4393 66.4699 97.739 123.342 142.188 155.99 148.748 135.473 134.798 146.498 119.798 107.57 97.9465 94.9241 92.6616 91.2959 90.0292 90.1396 91.4917 92.1988 94.9699 99.1309 103.233 108.008 118.14 136.164 172.385 183.586 183.525 173.632 159.56 146.141 128.718 104.444 74.6185 20.5086 1.5937 -0.193648 -0.245308 0.235607 -0.249333 -0.00133717 0.571736 0.0738194 
-0.774878 -0.175297 -0.689174 -0.85697 -0.4895 -0.886359 -0.868599 -0.41888 -0.522723 -0.84785 -0.536397 -0.767826 -0.920174 -0.0241501 0.0641972 3.22495 9.79118 11.3683 0.988567 2.84481 5.95858 62.0393 93.6993 120.114 140.051 154.746 154.465 136.166 134.355 149.744 120.586 110.291 98.9792 94.9796 92.4094 91.3892 91.1132 90.7052 91.6484 93.9469 95.0285 99.2953 102.088 108.628 116.792 130.506 169.106 179.918 184.436 174.516 161.561 148.393 130.158 107.207 78.056 27.8131 1.73462 0.216562 0.0184938 0.263158 0.520413 -0.134158 0.156523 0.653126 
-0.243454 -0.195668 -0.40673 -0.684769 -0.444416 -0.744586 -0.99121 -0.514574 -0.334207 -0.496411 -0.800649 -0.599252 -0.591178 -0.492527 0.185798 -0.490285 14.4649 12.3875 0.0210844 2.63362 3.71967 58.3941 92.4997 118.105 138.036 154.092 160.455 138.685 133.332 152.157 123.95 111.359 99.3366 95.4852 93.096 91.9141 91.3111 90.5574 91.5716 93.4343 95.2852 98.7962 103.468 108.975 116.756 130.18 167.831 180.278 185.034 175.128 162.892 148.162 130.126 107.707 79.3681 29.482 1.59836 0.505386 0.0259792 0.605595 -0.031086 0.745921 0.539506 0.234407 
-0.860356 -0.826462 -0.517803 -1.12712 -0.67408 -0.957054 -0.322726 -0.619138 -0.423927 -0.554925 -0.792495 -0.574334 -0.644267 -0.209705 -0.242122 1.04412 10.935 13.4333 -1.42467 2.34893 1.48975 57.025 91.0237 117.052 137.483 152.709 165.724 142.399 135.94 155.347 124.707 112.601 101.209 97.6911 94.1753 93.1896 92.1774 92.3284 92.7389 93.3963 95.4961 99.3629 103.617 109.636 117.488 129.992 166.673 182.987 184.76 175.332 162.855 148.347 131.176 108.824 80.0683 30.3453 1.91431 0.625803 0.54213 -0.0254325 0.18324 0.86134 0.427372 0.462593 
-0.576391 -0.615281 -0.396961 -0.438406 -0.770228 -1.04217 -0.883786 -0.998489 -0.757012 -0.569192 -0.802956 -0.414102 -0.908339 -0.372162 1.24576 1.98252 10.5343 13.3164 -0.00866156 2.21176 1.1883 55.1397 88.7719 115.104 137.322 151.999 167.356 151.948 138.396 157.7 126.374 113.692 102.654 98.0902 96.0663 94.3655 92.8459 93.1075 93.4845 94.5346 96.0632 99.4956 103.029 110.186 117.837 131.557 167.657 185.963 184.554 174.568 161.782 149.134 131.58 108.364 80.3857 30.9851 1.87195 0.442754 0.146329 0.200399 0.368188 0.468548 0.455864 0.143785 
-0.954817 -0.734403 -0.579357 -0.318483 -0.811801 -1.15833 -0.779924 -1.22224 -1.08548 -0.602964 -0.471768 -0.516914 -0.708872 0.75622 0.904525 1.54029 10.2815 11.2426 -1.15931 1.74902 0.318207 53.9023 88.0644 114.679 137.029 152.4 164.751 165.695 143.129 161.605 128.357 116.06 104.251 99.196 96.5991 94.8706 93.8962 94.1503 93.6067 95.9041 97.5915 101.102 105.095 110.098 118.369 133.592 171.217 189.916 184.376 175.258 163.169 148.845 130.964 108.565 81.0983 32.2698 1.37115 0.230532 -0.0395714 -0.137344 -0.143999 0.104983 0.308125 0.379485 
-0.717706 -0.642084 -0.723559 -0.496023 -0.595023 -0.778624 -0.906651 -0.297968 -0.398459 -0.822444 -0.38551 -0.892339 0.68911 1.30499 1.39733 1.36842 6.51132 11.4952 -0.0201962 1.6265 0.249547 51.4252 86.8527 114.016 136.356 151.902 164.766 178.157 152.345 164.868 131.648 118.578 104.63 101.183 97.7534 96.177 95.2466 95.4157 95.372 97.4001 99.266 102.308 106.394 112.154 120.49 135.893 176.829 193.869 184.99 175.325 163.836 149.311 131.771 109.521 81.6819 33.3162 1.2668 0.336764 -0.0995055 -0.115882 0.0639037 -0.157279 0.112203 0.0421441 
-1.11062 -0.83618 -0.470823 -0.795002 -0.547089 -1.06314 -0.969337 -1.10452 -0.664054 -0.707268 -0.820542 -0.677003 1.62527 1.53716 1.21987 1.33135 5.27983 12.6712 -1.01638 2.05147 0.892095 48.4134 86.61 112.889 134.883 151.623 164.554 177.002 174.471 168.467 140.377 122.07 108.78 104.204 100.374 97.4769 96.9222 96.8963 96.8748 98.7602 100.658 103.737 108.286 114.311 123.102 137.836 188.17 192.165 185.775 174.862 162.901 149.882 132.073 109.503 82.3762 34.9612 0.787757 0.345314 -0.387389 -0.121744 -0.384625 -0.00966284 0.0522034 0.109564 
-1.08933 -0.603674 -0.635597 -0.757336 -0.972742 -0.594399 -0.527944 -0.841819 -0.98931 -0.857975 -0.360589 0.901231 1.73718 1.32758 1.27887 1.35037 0.364018 16.5351 -0.33156 1.59342 0.86192 45.6579 85.2081 112.375 134.489 151.92 164.55 174.76 185.44 184.036 152.547 127.627 112.439 106.425 102.845 100.69 99.9034 99.1625 100.714 102.306 103.795 107.043 111.187 118.021 128.486 150.628 192.885 192.717 185.762 176.095 164.698 150.452 133.118 109.906 82.307 36.2205 1.33614 0.415077 -0.606903 -0.392205 0.512423 -0.41946 0.15524 -0.326288 
-0.559902 -0.890091 -1.35978 -0.433538 -0.728026 -0.77436 -0.967442 -0.556751 -0.523087 -0.888802 -0.800348 1.52297 1.20253 1.03163 0.696436 0.682648 -1.65853 21.5399 -1.11172 1.74624 1.36538 43.6348 84.8201 112.297 133.819 150.336 165.707 175.2 184.56 191.05 171.323 139.786 121.247 112.811 107.783 105.561 104.563 103.531 104.729 106.112 109.291 113.82 119.498 129.051 139.706 154.495 189.846 192.332 186.096 176.449 163.47 151.077 132.642 109.892 83.7407 37.6847 0.960619 0.521414 0.459864 0.014464 0.40967 0.418343 0.666491 0.65352 
-0.0585136 -1.12464 -0.926181 -0.679308 -0.448466 -0.839745 -0.750804 -0.497041 -0.862028 -0.881254 1.07802 0.380142 1.06423 0.847666 0.886437 1.15814 0.393422 15.0189 -1.58104 1.68736 1.73816 41.2881 84.332 112.269 134.495 152.845 164.347 176.957 185.181 191.72 175.238 147.441 131.382 125.036 121.017 117.99 115.555 115.478 114.917 115.958 118.269 121.301 125.045 130.535 139.933 154.161 189.71 195.989 187.424 177.606 166.032 151.308 134.161 112.365 85.8538 42.5115 2.59214 2.37832 1.90807 1.6282 1.98043 2.09432 2.42812 2.09102 
-0.716035 -0.768648 -0.930262 -1.01316 -1.13705 -0.663309 -0.264075 -0.625923 -0.675107 -0.327468 0.725659 0.117799 0.430305 1.32675 0.319497 0.534303 0.0833033 12.9355 -2.21223 1.20217 1.95388 38.6373 83.4425 111.291 134.15 151.53 165.041 176.876 185.43 194.079 178.728 148.877 131.544 125.441 121.068 118.12 116.728 115.396 115.251 116.239 118.423 120.432 124.831 131.292 139.52 153.551 187.972 195.468 187.779 178.121 165.328 152.299 135.442 113.451 86.9707 43.5873 2.47015 2.13474 1.71203 1.9517 2.07427 1.51819 1.54063 2.0442 
-1.15548 -1.09661 -0.865665 -1.15128 -1.18148 -0.828818 -0.969252 -1.21229 -1.00836 -0.0919389 0.115313 0.199652 0.550233 0.447343 1.55502 0.236349 0.0873806 12.3932 -2.38349 1.20827 1.88746 37.6497 83.395 109.784 133.972 151.443 164.371 176.86 186.215 193.019 179.472 150.719 132.166 127.134 122.099 118.972 117.127 115.456 115.268 117.198 117.58 122.736 125.031 130.105 140.043 152.938 186.861 195.045 187.22 179.017 166.045 153.477 135.564 113.692 86.7838 45.5457 0.994914 2.2987 1.64996 1.86041 1.59932 1.55028 1.87015 1.89811 
-0.666506 -0.737013 -0.472118 -1.15466 -1.03231 -0.874618 -1.04178 -0.707984 -0.417567 -0.506055 0.467539 0.7794 0.28709 0.441074 1.43713 0.258572 0.988838 8.66052 -0.205441 1.08114 2.38573 36.1572 82.926 110.232 133.468 150.844 164.403 176.157 185.899 193.901 182.029 152.814 133.659 127.027 122.466 119.052 117.083 116.34 115.097 116.678 118.438 120.925 124.927 130.338 139.122 152.752 186.956 194.53 187.474 178.786 166.401 153.275 136.468 114.74 87.0022 48.6586 0.718061 2.11637 1.56712 1.47978 1.24251 1.62617 1.33177 1.69638 
-0.913679 -0.579336 -0.645316 -1.28259 -0.961292 -0.914378 -0.642771 -0.702462 -1.1491 -0.770188 0.156633 0.354641 0.729504 1.51215 1.56731 0.112443 0.99123 5.324 2.14938 1.09886 1.8169 34.2916 81.9602 109.026 132.863 150.742 165.38 176.258 186.397 194.299 185.202 153.14 133.462 127.264 122.022 118.827 117.749 116.206 115.489 116.913 118.411 121.014 125.682 130.892 139.345 151.495 184.158 195.937 188.397 179.608 168.275 154.459 136.625 114.668 88.4426 51.5634 0.176166 2.02631 1.87506 1.56188 1.50783 1.67988 1.3902 1.84466 
-1.27044 -0.80835 -1.70718 -0.566831 -0.955587 -0.709047 -1.78107 -0.505367 -1.04048 -0.315926 -0.0504073 0.097154 0.792466 2.30059 0.915237 0.1457 1.58872 1.87105 3.34402 0.759281 1.98489 33.6295 82.0307 108.972 132.8 151.192 165.167 175.891 185.829 193.845 188.454 153.542 133.832 126.672 122.978 119.788 124.747 116.893 116.221 116.33 118.661 120.523 125.08 130.349 138.761 151.684 182.942 195.235 189.513 178.767 169.493 154.381 136.214 115.154 89.4805 53.5738 -0.333333 2.53349 1.17109 1.4123 1.54738 0.99733 1.81978 1.96641 
-0.622032 -2.04407 -1.14742 -1.19022 -0.75066 -0.921271 -2.26005 -0.536354 -0.308669 -0.745609 0.12172 0.0512496 0.82831 1.89805 1.5484 1.59784 2.12245 1.45465 1.50363 1.2249 1.4734 31.8231 80.7428 109.198 132.199 150.078 163.353 176.243 185.593 193.31 189.19 155.09 135.569 127.377 122.982 120.728 118.59 117.252 115.317 117.845 119.133 120.72 124.063 129.633 138.329 150.163 181.328 196.623 188.464 179.096 167.692 155.553 137.262 116.337 89.772 55.213 1.30705 2.58071 1.07909 1.23803 1.443 1.3474 1.81762 1.98754 
-1.05597 -0.979677 -0.894037 -1.13426 -0.801129 -0.877161 -1.41031 -0.411281 -0.986958 -1.0145 -0.370111 0.0761777 3.15184 1.10823 1.60259 3.34162 1.03723 0.526603 -0.0461853 1.19369 1.9013 31.0781 81.3018 108.478 131.622 149.839 164.082 176.45 186.865 194.125 191.437 156.034 137.071 129.282 123.725 120.496 118.1 117.261 115.907 117.37 118.953 121.64 123.845 129.473 138.728 149.443 180.1 196.823 188.933 179.957 169.797 158.016 139.183 116.879 91.5022 57.7119 2.10915 2.99335 2.17404 1.44371 1.71573 2.20828 2.02476 2.12594 
-0.549978 -0.831901 -1.03509 -0.785126 -1.06857 -0.976393 -1.05118 -0.744941 -0.469249 -0.930923 -0.715525 0.923937 2.10159 3.91845 3.13683 -0.172289 0.0587795 0.562111 0.218069 1.28775 1.36529 26.9573 80.2074 107.314 130.924 149.235 163.141 175.853 186.847 195.497 194.389 157.658 137.755 130.16 124.88 121.962 119.228 117.251 116.988 117.203 119.827 121.03 123.855 128.64 138.439 148.971 170.478 200.05 190.335 180.619 170.711 158.574 140.508 120.196 95.0384 61.15 6.50311 3.77492 2.59605 2.65308 1.74283 1.91955 1.69889 1.87761 
-0.986397 -1.06589 -1.48325 -1.32882 -0.458014 -0.739658 -1.11451 -0.447635 -0.858518 -0.590825 -0.197665 1.93776 2.15434 5.63078 2.20579 0.27694 0.469222 0.672528 0.50681 1.36949 1.93341 21.3594 78.3011 106.099 129.639 148 162.399 174.657 184.872 194.431 199.172 160.212 140.12 130.89 125.755 122.477 119.179 117.334 117.347 116.479 118.902 120.884 125.363 128.617 137.818 148.181 164.64 204.079 191.817 183.576 171.269 158.205 142.695 122.649 97.5774 65.6893 10.5808 3.54242 3.41089 3.01962 2.86984 2.3735 1.9928 2.22462 
-0.896876 -0.676824 -0.685771 -1.36696 -0.773445 -0.924501 -1.33917 -0.792033 -1.09317 -0.433767 -0.97997 4.26214 3.37314 8.17029 -0.262294 0.283743 1.34167 0.136563 0.92872 1.54038 2.236 21.0514 78.5428 106.647 130.593 147.626 162.363 177.287 186.642 194.483 198.707 160.624 140.872 132.452 126.138 122.588 118.954 118.481 118.326 117.443 118.069 120.862 124.428 129.425 135.73 146.9 162.515 201.508 189.252 181.58 171.69 159.021 142.781 123.333 100.261 67.6133 13.38 5.01273 3.25282 3.37703 3.41488 2.70606 2.40385 2.44005 
-0.701245 -1.09566 -0.790846 -0.494708 -1.14197 -0.433342 -0.262873 -0.592691 -0.0934409 -0.270561 3.57485 11.7658 5.19559 6.56353 0.742147 0.51271 1.28245 1.16451 1.46775 2.26726 2.43974 21.6427 78.8936 107.177 131.295 149.263 162.256 174.626 185.945 193.36 199.554 163.059 140.784 131.772 126.306 123.185 120.406 117.077 117.327 117.759 118.823 120.304 123.516 129.017 135.009 145.302 162.15 199.932 192.045 183.267 172.344 160.089 144.805 125.908 101.544 70.2691 15.092 6.26669 4.46022 4.14882 3.30035 3.26664 2.47226 2.62345 
-1.27104 -0.468838 -1.27016 -0.772542 -1.07808 -0.942322 -1.11098 -0.805899 -0.468099 -0.439404 7.96525 9.55188 4.9351 1.29797 1.46119 1.44596 1.83768 1.37971 1.70966 2.81053 3.61344 19.9255 78.3637 108.331 131.96 150.177 164.902 175.224 185.963 195.293 201.264 162.965 142.896 133.987 128.06 123.718 121.4 120.766 119.324 120.759 121.209 122.596 126.485 130.658 137.032 148.167 163.573 201.746 197.547 188.717 177.817 165.193 150.844 134.436 111.151 83.9344 49.9263 4.74207 5.77014 5.31835 4.54641 3.93953 3.02627 2.95581 
-0.892918 -1.32645 -1.07605 -0.994674 -0.732321 -0.989899 -2.28905 -0.916014 -1.17771 -0.689251 0.947632 9.55549 10.5863 10.3228 5.77722 2.70278 2.43258 2.23225 2.36515 3.74133 7.66309 55.4611 92.5374 119.723 142.968 159.395 172.385 181.937 190.247 200.805 209.042 177.746 156.379 149.182 145.769 142.496 139.851 138.198 138.991 140.913 143.634 147.463 152.388 156.527 163.876 176.684 193.155 234.495 230.912 222.941 214.722 204.226 191.195 176.621 158.394 137.367 114.382 88.2588 63.5354 48.9653 22.02 19.0269 16.5923 13.8414 
-0.822698 -0.674164 -0.955099 -1.02708 -0.606638 -0.726172 -1.1771 -1.04734 -0.00209705 -1.00799 -1.19877 2.25061 10.5867 11.6178 13.9626 15.1227 14.0427 12.537 12.6306 11.5576 45.3617 87.986 120.593 153.481 179.24 197.237 208.509 223.843 234.017 244.311 254.988 209.259 185.835 175.689 168.725 165.18 162.987 162.173 160.756 160.461 163.202 166.009 169.973 175.748 184.168 193.645 211.907 255.024 251.645 245.109 235.873 225.912 212.765 202.138 186.105 168.228 147.898 126.243 113.491 101.66 70.0418 20.979 18.7907 15.2626 
0.07104 -0.904909 -1.33991 -1.18598 -0.400422 -0.599756 -0.969925 -0.862278 -0.964994 -0.886644 -0.439283 -0.645033 1.23853 9.40232 13.1774 17.0802 18.2003 18.9507 19.0519 30.7165 92.0088 124.593 150.94 174.152 193.539 207.995 219.822 231.459 239.535 248.463 258.819 214.85 192.071 182.145 176.675 172.668 168.459 166.299 166.51 166.772 168.821 171.295 175.286 180.301 187.282 199.44 217.478 259.412 257.516 251.072 241.775 232.282 223.111 209.174 194.85 178.305 160.118 137.358 120.594 107.244 90.4427 31.6778 10.2119 3.95787 
-0.708433 -0.927402 -0.519096 -0.557501 -0.645008 -1.20008 -1.33671 -0.737205 -0.637554 -0.601469 -0.515096 -0.470042 -0.38266 0.316525 4.71875 11.7761 19.6389 22.8325 20.1918 62.9296 105.606 133.895 158.349 180.492 196.378 211.843 223.093 235.095 242.315 249.994 261.477 215.506 192.424 182.115 175.105 170.749 167.375 165.453 164.444 164.803 166.759 169.013 172.595 177.749 185.913 197.27 214.69 256.845 255.517 250.488 241.813 233.494 223.057 207.997 194.475 178.482 160.446 143.032 121.497 106.385 89.0567 32.5293 0.310782 0.894828 
-0.786775 -0.656178 -1.09895 -0.50767 -1.03404 -1.52547 -1.33124 -0.812172 -0.124966 -0.340676 -0.926917 -0.46083 -0.313598 -0.00364567 -0.913847 1.37299 9.2584 27.0069 30.6319 69.3769 106.056 132.775 157.094 179.527 195.448 207.662 223.311 232.425 240.764 247.132 258.084 213.876 187.765 177.614 170.462 163.704 161.393 160.421 159.113 160.206 160.763 162.203 166.407 171.464 178.446 191.113 206.971 247.64 249.131 241.7 232.937 224.485 211.847 201.669 188.006 171.501 153.195 133.924 115.244 96.4724 75.6229 15.7517 0.832323 0.974635 
-1.03599 -1.1504 -0.796498 -1.32104 -0.805257 -0.851424 -0.981665 -0.501432 -1.29515 -1.39219 -1.53639 -0.74632 -0.696131 -0.568301 -0.654006 -0.0499497 -0.374967 16.178 36.1944 58.7775 98.9909 126.429 152.63 172.072 190.851 203.62 215.53 224.247 231.405 238.779 246.262 213.056 181.889 170.497 163.182 157.629 154.463 151.815 150.709 151.011 151.179 154.228 157.004 162.168 169.672 179.615 195.12 238.564 237.054 227.723 219.852 210.804 199.337 187.734 172.935 155.567 136.991 118.828 98.4362 77.1473 33.8759 5.70701 1.02364 0.806382 
-0.901359 -1.32513 -1.10272 -1.23577 -0.864282 -0.830356 -0.692336 -1.07677 -0.203512 -0.518285 -0.71473 -0.46775 -0.862475 -0.443335 -0.772343 -0.595855 -0.061678 -1.09083 20.5884 44.3212 81.5792 114.921 140.446 161.018 176.527 190.945 202.421 211.287 218.622 224.753 232.08 208.693 172.781 161.058 153.19 148.307 144.19 141.29 140.312 141.382 140.74 141.372 143.734 148.408 155.045 164.645 178.017 216.765 218.266 210.726 200.26 190.761 181.994 168.436 152.597 133.252 111.881 91.0815 51.3118 15.8551 0.348234 1.58867 1.15034 1.01298 
-0.693503 -0.532602 -0.975761 -0.835463 -0.674888 -1.48402 -0.607663 -1.34369 -1.00099 -0.57327 -0.426074 -0.308496 -1.28491 -0.396281 -0.554415 -0.245619 -0.127522 -0.153005 0.444525 12.4584 41.167 89.89 118.735 140.932 158.741 174.298 188.003 194.766 203.746 211.709 218.865 197.472 162.153 150.332 143.922 137.625 134.365 132.23 132.006 131.415 133.035 134.792 138.293 140.316 146.802 156.512 170.514 205.711 210.232 204.584 193.99 183.108 176.933 161.367 143.828 122.112 94.3523 57.0002 1.97935 3.76725 2.59228 1.44916 0.759589 0.315993 
-0.735263 -0.699647 -0.506637 -1.27547 -0.793027 -0.91116 -0.901211 -0.576908 -0.754486 -0.230227 -0.888797 -1.08505 -1.02549 -0.635957 -0.629099 -0.519282 -0.49929 0.329911 1.06858 2.37651 0.191461 44.5418 90.9841 116.375 140.365 158.865 174.181 183.209 196.132 203.659 211.723 194.071 159.514 146.122 140.085 136.372 131.816 131.297 130.017 131.568 131.9 132.4 136.46 140.568 146.233 155.577 167.912 206.68 210.684 203.798 194.139 183.118 176.49 160.407 143.136 120.488 93.1988 57.7815 2.62082 2.23004 1.80554 1.16769 0.797724 0.174165 
-0.817732 -1.08095 -0.932508 -0.632108 -1.0973 -1.24094 -0.873847 -0.744201 -0.531395 -0.92184 -0.769233 -0.673466 -1.19635 -0.854889 -0.839586 -0.741206 -0.466442 0.0386737 0.329835 0.941601 1.62314 40.4608 87.7628 116.385 139.34 158.51 171.937 180.868 194.856 203.208 211.901 194.023 156.746 145.592 139.772 135.627 132.136 130.923 128.543 129.309 129.79 132.204 134.547 140.193 145.506 154.601 166.44 201.287 209.202 203.131 193.49 181.281 177.208 161.038 143.564 121.266 93.8002 59.5175 0.576652 2.15996 0.924578 1.10863 0.752752 0.498356 
-0.81127 -0.525313 -1.09099 -0.944171 -1.01396 -0.71315 -0.700623 -0.685489 -0.643796 -0.94861 -0.523908 -1.23376 -1.08579 -0.739244 -0.717298 -0.593469 -0.149601 -0.0609718 0.136159 1.12524 1.96462 37.4799 86.0585 114.548 139.333 158.031 173.855 179.268 195.34 204.317 211.247 193.26 157.647 145.561 139.152 134.884 131.529 128.724 128.875 128.918 131.105 131.815 134.743 138.202 144.576 153.985 165.498 200.221 210.602 201.053 193.145 175.316 179.292 161.739 142.777 120.81 94.135 58.348 1.61843 1.71791 0.729784 0.32442 0.406367 0.528941 
-1.15464 -0.611601 -0.779993 -0.791393 -0.725669 -0.575028 -1.04957 -0.929685 -0.940935 -0.650246 -0.824185 -1.07303 -0.604307 -0.428268 -0.436129 -0.510535 -0.260141 -0.368906 0.31612 0.56736 0.982178 37.5747 85.0483 113.892 138.402 157.761 172.316 178.686 193.956 202.586 210.057 192.826 156.946 145.164 138.712 134.061 131.287 129.388 128.922 129.382 129.935 130.863 133.993 140.444 143.533 151.37 164.739 196.892 207.301 202.67 193.554 175.383 179.981 160.578 142.676 120.84 93.9393 59.4275 3.9366 1.38972 0.349569 0.279512 -0.0385165 0.283857 
-1.11535 -1.17242 -0.793919 -0.46445 -0.911139 -0.839596 -0.854569 -0.952417 -0.756999 -1.36216 -1.71561 -0.2801 -0.684954 -0.636028 -0.719012 -0.671994 -0.703811 -0.624326 -0.238428 0.329138 1.25643 36.3859 83.7468 112.683 137.89 157.546 173.253 176.397 192.321 200.41 208.476 193.936 156.178 144.42 138.668 133.759 130.586 127.65 127.182 127.611 129.331 130.667 133.527 137.454 141.924 150.977 163.248 193.382 210.506 203.288 194.47 178.799 179.813 162.127 144.53 122.59 95.1266 59.5585 5.38736 0.736056 0.0596506 0.0115157 -0.382336 0.644554 
-0.453278 -0.746882 -1.14966 -0.574495 -0.857488 -0.721174 -0.460582 -0.989154 -0.257262 -0.677892 -1.02614 -0.150461 -0.582931 -0.685169 -0.461184 -0.874086 -0.853351 -0.246645 -0.317185 0.474168 0.969727 26.9654 79.0744 109.593 134.174 154.217 172.988 173.593 190.078 200.186 208.505 199.069 158.755 145.884 139.23 134.557 131.274 129.01 127.83 127.755 129.083 130.055 132.366 136.167 141.819 149.407 161.146 189.574 209.364 203.058 195.622 184.403 174.666 164.471 146.766 124.853 98.1592 64.8922 10.3663 1.82086 -0.0762419 0.211409 0.391465 0.252421 
-0.548865 -0.992944 -0.403259 -1.03004 -0.659125 -0.580211 -0.913144 -0.875332 0.00573994 -0.964914 -1.22718 -0.782785 -0.704531 -0.97011 -0.757613 -0.615726 -0.817493 -0.678633 -0.341966 -0.10969 0.438071 28.0488 78.3075 109.281 134.486 153.255 172.256 174.098 189.174 200.333 207.838 198.466 158.107 145.18 138.333 133.846 130.34 128.155 126.439 127.48 128.004 131.442 132.553 136.464 141.638 148.583 160.53 185.85 209.812 203.18 195.005 182.489 176.96 163.94 147.623 125.806 98.7136 65.8101 10.3097 1.91835 0.30557 0.254567 0.428186 -0.220548 
-0.405182 -0.691831 -0.61545 -1.05354 -0.957578 -1.03077 -0.664969 -0.800568 -1.00635 -0.435925 -1.0117 -0.589656 -0.338015 -0.375127 -0.734989 -0.624507 -0.850636 -0.529889 -0.590427 0.194541 0.532903 25.3403 76.9607 108.211 133.85 153.313 172.886 169.436 188.001 200.944 207.568 199.108 158.428 145.238 138.403 134.346 130.865 127.73 127.189 127.873 128.104 130.064 131.79 136.225 141.272 148.035 159.422 182.946 210.83 203.939 195.653 184.882 177.289 165.096 146.618 126.1 99.8744 66.2006 10.3372 1.36156 0.39478 0.402128 0.454834 0.659169 
-0.770861 -0.969412 -0.688815 -1.04271 -0.875207 -0.368876 -0.754943 -0.481251 -0.81918 -1.60921 -0.953689 -0.850967 -0.929287 -0.352686 -0.816916 -0.8622 -1.08588 -0.725917 -0.594727 0.251306 1.51892 24.9115 77.5579 108.01 133.805 152.708 172.419 170.453 186.445 199.709 206.412 212.491 158.392 145.682 137.834 134.209 129.661 127.809 126.387 127.215 127.525 129.571 131.747 135.755 140.07 148.085 159.207 178.027 213.344 204.74 196.879 184.127 178.193 166.062 148.437 126.517 100.524 68.7175 12.4974 2.06458 0.814476 0.978536 0.425376 0.294992 
-0.611005 -0.833702 -1.1157 -1.41462 -0.698893 -0.90135 -0.732585 -0.55278 -1.46259 -1.11207 -0.28274 -0.585112 -0.867819 -0.359968 -0.962951 -0.660171 -0.823018 -0.816618 0.0971513 0.738829 1.14964 25.2441 76.7579 107.474 133.929 154.35 173.263 168.861 185.713 198.117 207.297 199.673 160.54 145.918 137.602 133.781 130.894 128.69 126.76 127.034 128.985 130.054 132.82 136.015 141.044 147.859 157.78 175.632 217.618 204.17 196.802 185.537 176.99 166.358 149.665 127.268 102.672 70.2457 13.8698 2.51327 1.67417 1.2654 1.00732 0.989472 
-0.329299 -0.33672 -0.626461 -1.1121 -0.480018 -0.629097 -0.932256 -0.707012 -1.07793 -0.564266 -0.737361 -0.783476 -0.695865 -0.764526 -0.585291 -0.503417 -0.481514 0.0133411 0.276436 1.06805 1.62316 22.9198 77.1889 106.804 132.514 152.996 171.725 169.499 186.433 197.151 206.328 198.164 160.543 146.19 138.411 133.18 130.101 127.365 126.33 127.568 129.051 128.568 132.227 134.806 140.351 147.661 158.091 174.248 215.442 205.342 196.634 187.239 178.674 166.667 150.622 129.622 104.557 71.7862 16.4443 3.06825 2.22813 2.39241 1.69069 0.808398 
