-0.485863 -0.0682733 -0.591839 -0.50255 -0.283007 -0.26113 -0.408405 -0.257389 -0.571676 -0.534934 -0.0730575 -0.0293323 -0.130746 -0.360771 -0.763077 -0.39804 -0.184313 0.545915 1.06963 21.1822 73.6139 104.601 130.325 149.234 166.733 172.481 185.582 193.962 200.932 194.534 162.823 146.682 138.038 133.001 128.045 127.921 126.96 127.684 127.991 128.724 130.411 133.966 141.38 147.539 161.008 188.223 210.532 204.911 196.263 182.92 166.831 167.021 149.921 131.568 105.301 73.6504 19.3104 0.332029 -0.84132 -1.32932 -0.904359 -1.19662 -1.02044 -1.40326 
-0.453832 -0.196245 -0.37181 -0.380332 -0.494869 -1.14564 -0.563757 -0.555939 -0.494048 -0.675221 -0.621276 -0.609044 -0.688009 -0.130356 -0.327325 -0.509188 0.0632927 0.527862 1.30914 20.1886 73.6284 103.595 130.826 150.129 167.004 171.387 184.558 194.019 203.33 193.992 162.398 147.668 137.59 133.128 128.476 128.164 127.655 127.498 126.685 129.566 131.246 135.445 141.488 149.34 160.385 189.37 210.092 202.539 196.677 181.973 166.539 167.196 150.95 129.919 104.413 74.1936 20.331 0.587951 -0.5292 -1.24235 -1.16721 -0.902439 -0.874962 -1.23209 
-0.309798 -0.64638 -0.348895 -0.251963 -0.17315 -0.524329 -0.151243 -0.285663 -0.444115 0.15962 -0.548947 -0.254948 -0.583534 0.0229268 -0.420913 -0.574274 0.180675 0.261356 1.6622 20.1374 73.779 104.952 130.09 149.057 165.706 172.88 185.907 194.115 202.816 194.505 163.113 147.567 137.502 132.179 128.274 128.585 127.547 127.455 127.799 128.026 130.118 136.682 141.46 150.24 161.797 189.658 211.912 204.88 197.204 182.393 168.537 167.864 151.455 130.912 105.845 75.157 19.7787 0.573918 -0.691838 -0.759409 -0.905623 -1.05361 -1.20027 -0.779962 
-0.477263 -0.905422 -0.295339 -0.557897 -0.0707801 -0.0390187 -0.402913 -0.498459 -0.505926 -0.514944 -0.378135 -0.473587 -0.383039 -0.0285903 -0.265972 -0.373112 -0.086882 0.432774 1.4819 20.0609 72.9244 103.521 129.538 149.723 166.437 172.754 184.362 193.617 198.696 196.76 162.623 147.927 138.449 133.714 132.062 131.543 129.861 127.983 127.815 129.514 132.875 135.797 141.627 150.085 161.925 190.231 212.776 204.524 196.656 181.846 171.171 167.902 150.199 130.51 105.444 74.4795 20.6841 0.823501 -0.637875 -0.934772 -0.640964 -1.18384 -1.33132 -0.85063 
-0.289551 -0.269191 -0.501617 -0.0909017 -0.975121 -0.224668 -0.740976 -0.31663 -0.650279 -0.292219 -0.231836 -0.318376 -0.225275 -0.493431 -0.340902 -0.212339 -0.131908 0.596201 1.40686 18.1329 72.6853 104.529 130.804 149.959 166.332 171.345 184.677 194.507 202.005 199.158 163.946 149.101 139.354 134.8 129.876 129.637 127.677 130.218 128.683 129.389 132.051 136.788 142.049 150.062 162.354 191.298 212.732 206.01 195.446 183.439 170.304 167.85 151.407 131.227 107.088 75.6545 20.9806 1.33174 0.103681 -0.694042 -0.860088 -1.11126 -1.01838 -0.715111 
-0.168575 -0.480621 -0.218704 -0.720601 -0.516926 -0.206699 -0.548197 -0.431117 -0.31572 -0.429349 0.0290251 -0.308146 -0.531268 -0.388646 -0.695891 -0.398089 0.0265249 0.60906 1.5261 18.6313 72.3601 104.181 130.084 150.157 167.318 172.622 187.134 195.415 202.312 200.905 163.27 151.001 140.157 135.132 132.455 131.748 128.411 128.922 129.592 130.297 133.042 137.81 142.426 152.366 162.836 192.026 214.29 206.146 198.564 185.508 171.139 169.176 153.299 132.294 107.715 76.5193 22.2066 1.19188 0.295623 -0.821078 -0.887547 -1.01947 -0.964177 -1.16856 
-0.503195 -0.329878 -0.562498 -0.430611 -0.796735 -0.396651 -0.462221 -0.563386 -0.443974 -0.38466 -0.5742 -0.442869 -0.464097 0.105098 -0.607847 -0.155608 0.0716718 0.57621 1.86894 15.3636 69.8061 101.209 127.153 148.256 165.542 174.923 184.28 195.6 203.773 204.818 167.813 153.573 141.525 136.599 132.557 128.98 129.425 129.418 130.772 131.317 133.012 137.466 142.913 150.692 161.86 179.988 221.94 208.603 201.294 187.67 176.077 171.144 156.112 136.542 112.279 81.7415 27.9926 1.73957 0.316225 -0.35175 -1.29375 -0.789516 -1.10447 -1.10687 
-0.0519212 -0.389283 -0.42912 -0.467665 -0.693262 -0.599273 -0.513428 -0.0461209 -0.425512 -0.303879 -0.256194 -0.443397 -0.600502 -0.541084 -0.294453 -0.3252 0.0208835 1.19171 1.95881 11.9256 67.7353 101.204 126.949 148.926 164.261 176.126 185.806 195.966 203.605 207.355 170.767 154.576 143.124 137.237 134.235 130.194 130.968 130.356 130.986 132.484 134.232 139 142.703 151.114 162.982 179.431 224.62 208.918 202.65 190.461 177.088 171.803 156.469 137.112 113.032 83.8143 32.877 1.76416 0.682028 0.0454627 -1.45629 -0.905122 -0.811792 -0.798975 
-0.125951 -0.368057 -0.154589 -0.556195 -0.243152 -0.362459 -0.273868 -0.140734 -0.359837 -0.502776 -0.320531 -0.182474 -0.48402 -0.593256 -0.0225134 0.0662917 0.257364 0.887934 2.27983 12.5886 68.8308 102.055 128.557 148.431 164.93 175.89 185.28 195.566 203.992 209.192 172.027 155.184 142.549 137.263 133.869 131.668 131.527 131.889 133.066 134.003 137.418 141.177 146.646 154.097 165.633 181.586 226.972 211.558 205.247 190.507 179.58 173.674 156.33 136.156 112.358 82.9686 30.8298 1.94783 0.363373 -0.861968 -0.921377 -1.27164 -0.974094 -1.06854 
-0.430257 -0.433893 -0.28044 -0.541068 0.2613 -0.200183 -0.243063 -0.399306 -0.0822599 -0.579862 -0.35928 -0.141635 -0.265983 -0.678968 -0.699095 -0.364341 0.309553 1.29075 1.94595 8.14752 64.8977 100.333 127.049 148.138 165.92 178.474 188.862 200.694 208.309 216.482 180.272 163.216 153.407 147.885 144.178 141.679 141.122 141.494 142.265 143.15 144.602 152.081 159.26 168.948 179.442 194.575 240.125 225.299 216.831 203.081 188.424 183.135 167.45 148.997 124.008 93.2082 49.0141 4.2696 0.967748 -0.559532 -0.900447 -1.2059 -1.04643 -1.16167 
-0.336847 -0.0730756 -0.530435 -0.45326 -0.406683 -0.704315 -0.668076 -0.587253 -0.520141 -0.995699 -0.52577 -0.571333 -0.438182 -0.284669 -0.15256 -0.410347 0.246421 1.14679 4.34116 56.0426 94.7333 122.539 146.101 168.539 185.317 195.64 206.36 217.555 225.772 231.561 194.838 177.929 163.318 157.043 152.54 152.397 152.451 153.836 157.841 159.876 166.607 174.373 182.609 193.35 206.815 223.128 262.556 251.391 245.478 232.812 221.896 210.728 192.607 173.662 149.52 118.458 84.5591 35.5968 -0.603148 -0.0413272 -0.467164 -0.986631 -0.752772 -0.859059 
-0.044488 -0.383274 -0.590657 -0.187079 -0.759242 -0.355377 -0.380292 -0.488251 -0.562755 -0.372411 -0.293623 -0.423259 -0.418743 -0.48708 -0.24264 0.195684 0.206658 1.23219 20.3985 75.4084 106.732 132.343 155.144 175.17 191.176 204.008 216.222 228.366 238.178 249.498 214.217 200.259 191.415 188.609 186.311 183.073 181.232 181.374 182.433 181.914 184.212 190.531 199.84 209.23 224.382 242.19 279.735 266.242 258.553 246.879 237.06 224.166 208.546 191.94 172.356 145.489 115.922 76.228 32.4664 -2.31919 -0.859546 -1.46489 -0.736834 -1.19008 
-1.12892 -0.574889 -0.688332 -0.244693 -0.624287 -0.315772 -0.63998 -0.264194 -0.101845 -0.312193 -0.58634 -0.193142 -0.443885 -0.528203 -0.336696 0.217518 0.30764 -0.153213 38.9575 85.6534 116.496 144.571 169.627 191.771 211.023 227.816 238.304 248.032 255.418 254.049 222.646 212.615 195.134 189.656 187.016 184.994 184.106 184.055 185.019 188.375 191.323 193.33 205.772 215.454 232.364 258.003 303.185 275.087 270.482 260.6 252.111 237.203 220.871 204.67 184.849 162.444 136.952 108.412 75.5164 18.6753 -0.997214 -1.08999 -1.11322 -1.12991 
-0.582527 -0.417548 -0.429038 -0.225854 -0.700535 -0.432263 -0.597703 -0.142533 -0.580519 -0.166948 -0.45844 -0.199762 -0.342348 -0.126385 0.12115 -0.465905 0.4909 11.4679 71.3665 105.917 134.173 159.614 182.487 201.634 217.509 232.244 242.967 242.752 234.749 249.367 231.199 214.327 197.705 192.23 189.1 187.206 186.258 185.382 186.984 188.501 190.19 194.257 203.689 219.274 238.681 262.47 315.443 290.664 271.709 262.506 254.453 241.108 226.064 209.528 188.788 167.406 139.749 112.873 84.9365 21.1042 -1.0795 -0.797412 -1.13559 -1.16841 
-0.677648 -0.721452 -0.667328 -0.471511 -0.978198 0.121547 -0.702697 -0.00531097 -0.339012 0.256475 -0.306944 -0.540734 -0.289207 -0.391175 -0.142827 -0.352857 0.0279951 22.9292 77.7903 109.897 137.69 164.309 185.917 205.804 223.105 232.517 238.484 211.817 219.599 240.993 212.785 205.426 189.312 183.469 178.415 175.637 172.856 173.11 172.29 173.697 173.277 173.922 177.5 182.731 201.738 226.751 274.747 264.186 251.45 237.256 221.683 203.306 188.189 166.502 145.311 121.664 97.0418 50.2375 1.44571 -2.03483 -1.10044 -0.975492 -1.33963 -0.88494 
-0.365126 -0.704039 -0.348911 -0.297755 -0.485619 -0.212248 -0.329544 -0.196634 -0.203634 -0.860666 -0.049027 -0.274311 -0.0184286 0.0690326 -0.500338 0.00133323 0.026832 16.1641 51.5079 76.5427 110.146 132.95 154.647 164.011 177.13 190.093 185.305 158.475 158.735 200.997 180.799 162.536 158.846 157.715 153.97 151.089 146.64 145.426 146.202 146.575 144.67 144.932 149.018 153.962 169.248 179.527 220.466 216.672 202.018 191.587 181.277 169.301 155.003 135.324 113.528 86.2495 42.5231 0.681986 0.665933 -0.170651 -0.824706 -0.86346 -1.19035 -1.01272 
-0.73761 -0.426134 -0.468012 -0.412532 -0.836229 -0.204976 -0.128221 -0.701301 -0.478433 -0.249893 -0.622548 -0.17021 0.250604 -0.213383 -0.480197 -0.242262 0.347438 0.496242 0.930071 1.26185 30.0774 75.4092 104.007 126.561 146.085 161.551 148.394 121.718 115.133 149.506 152.219 131.63 118.508 118.932 124.299 124.753 121.746 122.411 123.202 123.873 126.423 128.336 134.45 140.1 152.782 165.633 203.417 204.324 197.426 186.48 173.233 159.92 143.187 120.519 95.8004 61.478 4.96442 1.80323 -0.0041988 -0.0720565 -0.775253 -0.936752 -0.951263 -0.840628 
-0.208068 -0.427929 -0.487178 -0.314844 -0.721098 -0.817975 -0.58639 -0.27002 -0.71481 -0.106166 -0.434536 -0.304354 -0.36433 0.41752 -0.40708 -0.0817469 0.189707 0.316444 1.63549 2.17263 7.02411 66.1229 97.2028 121.708 142.226 157.592 135.093 111.026 103.619 117.132 141.839 123.419 114.806 111.231 109.806 113.611 120.394 120.095 120.375 120.798 123.808 126.468 131.984 136.672 151.016 163.221 197.203 208.202 194.284 182.352 172.145 158.794 141.073 119.093 94.4141 58.82 4.34199 1.34944 -0.0418537 -0.223265 -0.684172 -0.5289 -0.863525 -1.02984 
-0.471243 -0.473869 -0.505164 -0.527291 -0.555673 -0.309061 -0.479571 -0.476666 -0.295757 -0.534168 -0.301234 -0.410009 -0.186158 -0.0449491 -0.061878 -0.184373 -0.011241 0.347161 0.840862 1.99719 3.09937 59.3583 95.1985 119.64 138.795 159.288 118.626 103.655 96.0062 105.279 124.005 121.754 111.379 107.415 106.142 104.436 106.22 115.518 119.496 120.598 122.883 126.061 129.68 135.199 148.937 161.119 193.432 204.125 193.391 182.7 171.679 158.178 139.645 119.052 92.155 58.0422 2.15217 0.876761 -0.346127 -0.47488 -0.757772 -1.19104 -0.804973 -1.13427 
-0.157967 -0.246305 -0.552652 -0.35087 0.0213043 -0.210035 -0.461132 0.0456772 0.129664 -0.596311 -0.0681574 -0.401127 -0.0880795 -0.140246 -0.158619 0.137688 0.110956 0.303166 0.632314 1.92703 -1.32105 57.3298 92.8682 117.82 136.612 154.179 115.372 100.347 91.8295 99.4978 116.425 107.721 109.96 105.453 103.211 101.648 105.019 105.234 113.379 119.477 120.762 124.878 128.202 133.856 147.182 159.597 192.094 205.653 192.028 181.291 170.17 156.601 138.466 118.175 92.0126 57.8762 0.461054 0.46283 -0.795402 -0.943683 -1.48975 -1.27215 -1.68459 -1.06496 
-0.442444 -0.238532 -0.912556 -0.238623 -0.443045 -1.0799 -0.426628 0.0644313 -0.391413 -0.569046 0.0266473 -0.196461 -0.803356 -0.429112 -0.141235 -0.153445 -0.205448 -0.221367 0.130935 1.08011 -1.0269 50.1199 88.3827 114.928 135.914 153.037 114.362 99.2873 88.4306 97.1955 116.038 102.747 108.806 104.766 101.669 98.503 99.1408 100.897 103.932 115.828 120.977 123.127 127.982 133.102 146.699 156.94 188.442 205.736 189.235 180.336 168.509 155.681 139.49 117.602 91.0419 56.1579 0.127305 0.343802 -0.972347 -1.69638 -1.02466 -0.986867 -1.05332 -1.27048 
-0.411307 -0.406014 -0.995598 -0.853203 -0.835378 -0.691143 -0.227633 -0.394036 -0.349972 -0.380372 -0.293439 -0.106356 -0.236527 -0.378347 -0.0871279 -0.196818 -0.36968 -0.481053 0.119849 0.765774 -0.237108 43.6799 85.6234 112.046 132.894 154.483 114.532 99.3467 87.7174 96.155 117.314 100.871 105.372 104.143 101.874 99.43 99.1003 101.182 102.762 106.364 119.87 122.773 126.43 132.299 147.901 157.031 185.393 206.188 190.461 180.135 167.666 155.132 138.35 117.631 90.7254 56.6543 0.47833 -0.128619 -1.14801 -1.33847 -0.779003 -1.5622 -0.885699 -1.14442 
-0.524722 -0.299565 -0.444762 -0.150231 -0.799184 -0.181286 -0.571976 -0.496868 -0.177457 -0.327616 -0.4379 -0.31757 -0.275214 0.0287591 -0.341388 -0.616385 -0.453415 -0.348529 0.113053 0.818251 1.20238 38.8068 81.7845 109.573 132.264 149.706 124.197 102.024 89.4126 95.9441 119.761 101.711 102.433 106.419 102.27 99.6328 99.493 101.238 103.622 103.39 114.816 122.573 126.247 130.964 148.167 158.095 184.659 205.437 193.562 180.009 168.684 154.629 139.744 117.783 91.2437 56.2736 -0.0148239 -0.132861 -1.34323 -0.659877 -1.26133 -1.3093 -0.726865 -1.18145 
-0.317374 -0.19692 -0.368811 -0.55284 -0.546083 -0.512905 -0.406126 -0.0756603 -0.154606 -0.55304 -0.234838 -0.432608 -0.580025 -0.175255 0.279539 -0.25483 -0.0825621 -0.00167616 -0.14545 0.326947 1.19892 29.9778 76.6672 105.607 128.754 146.819 135.799 104.831 93.7572 93.025 122.34 103.74 100.804 106.289 102.796 100.032 99.7918 101.108 105.495 103.346 109.563 122.571 124.985 130.927 145.721 156.335 175.772 211.65 192.054 180.901 168.867 155.236 141.095 119.919 94.6088 60.9774 4.5237 0.0734076 -0.813363 -1.36834 -1.23723 -1.43074 -0.962621 -0.762658 
-0.352574 0.0425083 -0.0271271 -0.970339 -0.502198 -0.550551 -0.329096 -0.69961 -0.0889408 -0.119905 -0.208109 -0.449458 -0.521845 0.158292 0.270979 -0.0715856 -0.00793177 -0.319453 -0.390097 0.505531 1.55236 23.5672 73.1294 102.501 127.087 145.703 145.74 109.946 97.6159 93.2214 126.967 108.012 101.534 107.699 104.746 101.353 100.588 101.61 106.718 104.095 107.149 118.733 124.876 129.224 143.659 155.514 169.079 213.413 196.49 181.221 169.755 156.709 140.421 119.593 95.4247 61.9793 5.94435 0.0744378 -1.55598 -1.44509 -1.16944 -1.1541 -0.963685 -1.85242 
-1.09081 -0.596893 -0.273032 -1.02709 -0.363564 -0.564789 -0.588723 -0.00533611 -0.263135 -0.392422 -0.445317 -0.4468 -0.225885 -0.289231 -0.0459084 -0.0865018 -0.0918774 -0.264872 -0.274604 0.801754 1.22342 21.0503 71.4723 102.665 126.203 144.248 150.553 114.624 100.921 95.8815 129.588 109.597 104.918 108.78 105.693 103.675 101.774 102.609 109.184 103.004 108.337 117.856 123.707 128.669 143.79 153.131 167.023 209.137 197.792 184.222 169.376 157.162 140.525 121.551 95.5305 62.9373 6.41764 0.0787555 -1.0191 -0.682596 -1.12943 -0.680063 -1.13713 -0.901944 
-0.541609 0.340692 -0.135682 -0.22851 -0.810885 -0.81597 -0.489329 -0.482501 -0.747001 -0.33707 -0.234783 0.0418006 -0.670788 -0.251235 0.179851 -0.30512 -0.147432 -0.528652 -0.127627 0.304764 1.61454 17.8368 70.0843 99.6848 125.261 143.452 159.662 119.188 105.366 100.591 132.641 114.13 107.621 112.058 107.627 105.7 103.638 105.242 111.965 104.111 109.651 118.54 123.707 127.832 142.202 151.563 165.849 201.786 197.542 187.464 169.453 156.549 141.528 121.261 95.8048 63.1077 6.97718 0.291374 -0.914315 -0.76349 -1.22293 -0.952063 -1.16653 -0.932691 
-0.566208 -0.0145391 -0.605599 -0.013667 -0.456574 -0.503782 -0.655272 -0.575794 -0.773201 -0.647295 -0.553221 -0.52184 -0.0585267 -0.0185171 -0.320721 -0.189179 -0.159197 -0.573778 0.0953251 0.413317 1.43637 15.609 68.4554 98.3835 124.739 143.984 160.997 128.495 110.197 106.1 136.292 118.696 113.662 113.701 108.376 106.169 104.634 104.4 115.942 106.705 111.165 120.955 123.08 127.215 140.792 148.709 164.168 197.91 195.964 187.352 171.22 157.638 141.723 121.772 96.5985 64.1207 7.78297 0.086112 -1.02371 -1.24136 -1.78929 -1.12155 -0.938622 -1.09385 
-0.331412 -0.951347 -0.399312 -0.226879 -0.286258 -0.724246 -0.812283 -0.144758 -0.182379 -0.361217 -0.504693 -0.735877 -0.301761 -0.508958 -0.652 -0.0335503 -0.302977 -0.393192 -0.311696 0.556948 1.25005 14.7495 66.245 97.4947 124.197 143.714 157.532 146.858 116.441 111.496 136.086 129.305 121.055 115.761 111.124 109.085 107.045 118.993 107.676 109.188 116.184 120.56 123.733 127.564 138.748 148.733 162.187 196.972 196.43 187.218 174.896 158.175 142.259 122.872 97.165 64.4135 8.71258 -0.0978612 -0.889624 -1.26619 -1.14767 -1.17033 -1.21069 -0.972693 
-0.660356 -0.285209 -0.195954 0.0047298 -0.407243 -0.806037 -0.518885 -0.545069 -0.266497 -0.426289 -0.158002 -0.520698 -0.82077 -0.197896 -0.110447 -0.455072 -0.514272 -0.63783 -0.69909 0.340346 1.37133 12.5482 65.1101 97.0654 122.455 142.265 157.203 159.788 126.449 119.546 139.944 143.15 125.592 119.728 113.965 110.633 112.636 121.417 107.415 114.403 118.584 120.411 122.948 126.755 138.192 145.386 159.592 193.412 196.628 185.696 174.754 159.138 143.481 122.66 97.8157 65.6569 8.97398 0.503903 -1.05653 -1.03007 -1.23462 -0.998185 -0.793593 -0.788022 
-0.611169 -0.381969 -0.298075 -0.32709 -0.290449 -0.443057 -0.327369 -0.905335 -0.939639 -0.587558 0.0863371 -0.207063 0.126635 -0.461142 -0.164055 -0.248595 -0.174482 -0.216382 -0.313432 0.34268 1.15852 11.2926 63.2899 95.6128 122.009 141.999 157.357 171.594 141.306 128.628 156.183 158.614 130.563 123.115 118.32 114.929 123.943 118.164 117.059 118.556 118.634 119.871 122.719 126.419 135.976 144.666 157.962 190.294 195.296 186.99 176.12 163.282 143.59 122.941 98.208 65.9058 10.5192 0.319484 -0.913997 -1.14032 -1.08209 -1.4068 -0.981715 -1.64344 
-0.483278 -0.264448 -1.15726 -0.400089 -0.889216 -0.317381 -0.306588 -0.690631 -0.37911 -0.588753 -0.472801 -0.418358 0.0784369 -0.186931 -0.763039 -0.367615 -0.323848 -0.0751706 -0.6844 -0.159871 0.391864 9.75425 63.3723 95.1843 121.654 141.103 157.561 170.417 173.623 151.997 179.897 170.267 141.222 131.745 126.929 129.202 126.413 122.917 117.866 117.444 117.854 118.91 122.557 126.826 135.15 142.703 154.736 186.664 194.978 186.987 175.954 163.111 144.854 123.398 99.1768 67.2351 11.4933 -0.0676411 -0.897176 -0.828356 -1.18329 -1.19684 -1.10416 -1.16452 
-0.0121671 -0.486645 -0.364976 -0.226827 -0.231779 -0.200837 -0.181236 -0.257944 -0.404595 -0.248242 -0.296789 -0.445207 0.452888 -0.07521 0.398696 0.222204 -0.056219 0.0630226 0.273732 0.540404 1.04299 8.1157 61.49 95.2242 122.077 142.217 157.452 170.084 180.381 193.4 199.243 190.241 148.129 136.862 134.16 130.697 124.148 117.167 116.596 116.07 116.739 116.815 119.469 123.322 130.606 140.006 150.263 182.103 193.28 184.132 173.509 160.547 145.4 122.528 98.9606 67.738 12.9616 -0.190886 -1.00867 -1.61941 -1.4231 -1.47478 -1.31755 -1.31373 
0.10425 -0.495595 0.0580417 0.159394 -0.00193516 -0.601481 0.176144 -0.0143144 -0.012927 -0.0757494 0.284946 -0.288262 -0.137909 0.0127885 -0.168466 0.0576193 0.0731096 -0.144034 -0.0318131 0.205692 1.02031 7.88972 60.5354 94.6605 120.308 140.847 158.135 170.496 181.517 195.46 200.194 194.924 148.426 138.124 136.222 130.512 122.758 117.979 116.754 116.085 116.963 117.137 118.68 121.922 130.693 138.13 150.117 177.195 192.755 183.914 173.775 160.643 145.552 123.598 99.1313 68.4277 14.2598 0.159009 -1.48958 -1.38109 -1.22845 -1.53783 -1.49431 -1.32001 
-0.626509 -0.175683 -0.738162 0.0593374 -0.521838 -0.126686 -0.116493 -0.406193 -0.266608 0.26675 -0.23176 -0.188843 -0.0469637 -0.235803 0.0024437 0.163408 -0.247993 -0.189318 -0.108577 -0.298469 1.57787 6.25073 59.9339 93.0204 120.656 140.47 158.466 171.676 181.979 193.66 199.974 197.602 151.552 139.95 137.255 131.773 121.918 118.709 117.03 116 117.329 118.154 118.984 122.133 129.66 137.294 148.194 174.006 192.152 183.899 173.933 161.162 145.485 126.003 99.7063 69.2547 16.105 -0.242903 -1.08693 -1.60003 -1.47305 -1.42494 -1.28891 -1.43503 
0.0657231 0.262376 0.438352 0.00621242 -1.27507 -0.144628 -0.19516 -0.15049 0.0512501 -0.715148 0.0846933 0.526598 -0.157231 -0.319529 -0.217441 -0.255331 -0.206885 0.978668 -0.155343 0.596538 1.70712 4.68278 59.1643 93.116 119.578 140.002 158.204 169.849 182 194.089 201.601 200.504 153.019 141.964 137.295 132.366 122.172 119.162 116.42 116.173 116.13 117.137 118.921 121.115 129.323 136.058 147.368 167.136 195.718 184.51 173.619 161.224 146.552 127.165 99.6083 69.8405 17.8393 -0.0682739 -1.50929 -1.47478 -1.59595 -1.7976 -2.25686 -1.38947 
-0.60736 0.0865522 -0.370035 -0.252646 -0.699851 0.0304359 -0.11402 -0.0253743 -0.0785182 -0.179267 0.0731051 -0.620529 0.422966 -0.187619 -0.0246062 0.153994 -0.234998 0.29567 0.0454751 0.236297 1.08326 3.97112 57.175 91.9592 118.273 139.976 158.011 169.635 182.003 193.234 200.795 203.658 152.846 143.444 134.631 134.548 122.131 119.17 117.409 116.291 116.561 117.698 118.805 122.642 128.053 135.537 145.501 162.242 199.19 184.656 175.031 163.407 147.023 126.865 101.561 71.2317 19.3516 0.231697 -0.38696 -1.33211 -1.93752 -1.38716 -1.65688 -1.52514 
-0.0814366 -0.211954 -0.269419 0.0275208 -0.254614 0.0851396 -0.025775 0.252333 -0.195649 0.465351 0.0274505 -0.429987 -0.441027 0.548336 -0.372457 0.0151735 0.230941 0.160689 -0.311358 0.0374903 1.92761 3.21486 56.1113 90.816 118.781 140 157.976 170.335 181.997 193.294 203.205 205.943 156.188 144.088 135.427 135.369 121.94 120.491 117.354 115.674 116.273 117.154 119.422 121.627 126.301 135.063 144.237 158.646 198.638 184.815 176.108 163.796 158.589 128.225 102.764 72.187 20.4938 0.084854 -1.5394 -2.10088 -1.15905 -1.97848 -1.6147 -1.32589 
0.223951 -1.16482 -0.161106 -0.481565 -0.293939 -0.0808933 -1.32027 0.404604 -0.0980329 -0.220448 0.129027 -0.347903 -0.863723 0.391581 -0.452413 0.156193 0.0803456 -0.153351 -0.103561 0.441024 1.0945 2.16044 56.1197 91.0178 118.319 138.172 157.384 170.17 181.971 192.064 200.812 211.423 158.312 147.844 134.007 133.335 125.438 120.087 117.336 116.608 116.05 117.728 118.804 120.745 125.425 134.716 142.536 159.077 197.58 186.257 174.914 163.988 149.829 129.172 104.227 73.3963 24.0394 0.382119 -1.04255 -1.92842 -1.45977 -1.888 -0.838863 -1.54317 
-0.568065 -0.323549 0.160033 0.131719 -0.0752184 -0.26711 -0.371555 -0.487225 -0.402184 -0.313152 -0.07095 -0.203716 0.907645 -0.251638 -0.0131607 -0.178974 -0.0270023 -0.27589 0.273112 0.10473 1.54703 1.04974 56.818 90.6748 116.906 137.505 157.138 170.237 181.494 192.822 202.961 211.75 162.738 145.259 134.376 127.477 129.403 119.253 118.27 118.017 115.965 117.11 118.972 120.498 124.49 134.188 143.918 158.291 200.059 187.102 176.023 164.211 149.709 130.546 105.703 75.4527 26.4086 0.655509 -0.346287 -1.25512 -1.03706 -1.14931 -1.04473 -1.16533 
0.32069 -0.387008 -0.391878 -0.434449 -0.361875 -0.579674 -0.230328 -0.0325628 0.641522 -0.0354315 -0.190871 -0.118913 -0.55654 0.314359 -0.1912 0.195337 0.117746 0.211204 -0.143246 0.720543 0.977915 -0.6368 52.4111 88.2311 115.692 137.511 156.787 168.574 182.045 191.126 205.002 209.717 163.799 146.671 136.429 129.979 130.518 120.061 117.993 116.842 116.902 117.642 118.43 119.733 124.883 132.257 142.496 157.08 194.953 188.023 177.583 166.39 151.382 132.959 108.639 79.7891 33.0781 1.15211 0.775203 -0.296732 -0.704188 -0.830639 -0.889575 -1.42251 
0.0479183 -0.0181407 -0.857663 -0.228723 0.288647 0.284528 -0.446271 0.474952 -0.326453 0.0156322 -0.77558 -0.374136 -0.385567 0.236551 -0.0947896 -0.566744 0.325076 0.230817 0.0906013 0.866848 1.20405 -0.237087 45.5803 85.9315 113.582 136.499 153.894 168.299 180.458 192.026 201.962 215.755 167.317 147.467 138.445 131.764 128.115 119.744 118.013 116.512 117.388 116.911 119.61 120.456 123.765 131.894 140.829 154.483 189.171 190.694 179.442 166.352 154.036 136.265 111.267 83.242 41.8751 0.470173 0.944344 0.630267 0.0572446 -0.322396 -0.615954 -0.794135 
-0.566159 -0.13777 0.0492667 -0.264856 -0.381937 -0.11682 -0.152992 -0.153735 -0.163385 0.0521392 -0.45058 0.0557972 0.202832 0.410795 -0.104572 -0.837118 -0.0798819 -0.895764 -0.210485 0.674193 0.738215 0.697081 44.4754 86.5622 113.261 136.219 155.342 169.937 181.858 191.584 208.401 209.064 170.482 148.589 138.628 131.587 127.067 120.139 118.258 116.418 115.475 117.195 118.802 121.344 123.43 131.472 139.982 153.855 185.847 190.781 182.308 167.816 154.337 137.51 113.013 85.2504 45.3192 0.46483 1.30963 0.79099 0.747008 -0.38658 -0.701784 -0.747651 
-0.070289 -0.219761 0.0776353 -0.368711 0.424873 0.203818 -0.013751 0.0594285 0.471056 0.466067 0.145148 -0.406294 -0.1034 0.151821 0.26974 -0.285008 0.395282 0.352238 0.0766905 0.5071 1.11623 1.05302 43.7136 85.2422 113.28 136.281 155.635 168.654 180.516 190.465 215.824 210.03 176.257 153.47 141.707 132.922 126.837 121.188 119.161 117.135 117.265 116.75 118.161 120.615 123.26 131.912 141.013 152.935 184.805 191.386 182.521 169.803 156.077 137.646 114.989 87.9964 49.0514 1.02978 1.76014 1.14251 1.07483 0.264476 -0.698078 -1.22293 
-0.555127 0.58688 -0.081056 0.274672 0.0482072 -0.156896 -0.198259 -0.189733 -0.449228 0.396667 0.142699 -0.564001 -0.114744 0.0951229 0.428031 -0.800778 -0.345124 0.0348092 0.0705217 0.464485 1.28292 -0.0989919 45.3304 87.6671 116.427 140.445 156.521 171.859 183.106 195.83 236.589 214.8 176.514 152.746 140.785 134.709 128.318 125.745 122.017 121.064 120.748 120.667 122.1 121.883 125.319 136.082 144.739 157.457 190.008 200.866 192.523 178.246 159.9 143.602 120.854 93.2322 58.8267 2.40478 0.340386 -0.29302 -1.14045 -1.0786 0.00914198 -0.720719 
-0.496133 -0.227596 -1.42781e-05 0.0914244 0.0864452 0.0449265 -0.601975 -0.122025 0.0531473 0.157675 -0.289908 -0.0984713 0.0309791 0.540931 -0.06904 -0.474171 -0.225481 -0.367976 -0.552437 1.19885 0.979071 23.0214 79.7511 108.031 133.997 155.024 172.053 186.153 196.143 223.014 254.102 230.715 186.994 160.782 150.602 142.236 136.477 132.477 130.21 128.135 128.741 128.908 130.651 131.885 135.439 161.452 183.705 201.717 236.703 234.808 211.162 196.5 189.91 179.758 166.03 151.489 134.15 112.577 106.844 91.8821 72.5449 38.9262 -1.06542 -1.63759 
0.358896 -0.241657 -0.235953 -0.449337 0.294405 -0.130737 -0.41478 -0.233494 -0.342281 -0.116573 -0.0673441 -0.158777 0.173651 -0.230815 -0.00295852 -0.121204 -0.203844 -0.262614 0.155591 0.888266 0.917712 28.9495 80.0946 112.341 141.532 164.999 181.174 195.77 202.146 254.943 275.847 274.713 212.391 176.696 165.061 157.578 151.845 148.905 148.412 147.898 151.255 155.317 157.639 161.311 174.779 195.614 217.129 243.221 288.942 272.112 250.689 245.272 236.376 227.696 215.637 204.192 186.511 169.804 151.489 129.349 106.295 77.5463 24.6989 -1.30984 
0.544921 0.0848227 -0.309152 -0.201063 0.33799 0.20299 -0.877347 -0.135006 -0.430512 -0.54639 -0.0223139 0.323637 -0.383617 -0.137386 0.406206 0.0997517 -0.517083 -0.074664 -0.0150916 0.261082 1.46323 59.9577 97.0002 124.887 151.6 172.706 191.552 206.92 211.783 263.688 276.967 282.052 229.185 191.71 177.716 173.379 169.154 167.013 165.661 164.978 166.203 168.071 169.532 172.38 181.388 199.11 216.632 240.421 264.612 267.726 262.152 253.791 245.462 234.865 225.752 210.89 196.412 180.602 159.601 138.261 114.511 84.8238 33.6736 -1.74507 
-0.0878297 0.0219134 -0.212264 0.425494 0.0987445 -0.491711 -0.595575 -0.430035 -0.445885 0.335766 0.0422642 0.386061 0.335581 0.0567685 -0.0625365 -0.184121 -0.23881 -0.34907 0.0230142 0.307558 -1.2198 58.8622 96.6246 126.975 152.082 176.311 193.747 210.514 221.817 249.106 271.855 279.197 236.386 198.53 182.665 177.331 172.557 170.341 169.052 168.28 170.053 172.558 174.227 177.222 187.315 197.909 210.853 226.767 254.628 275.199 267.092 262.123 252.634 239.982 230.791 215.156 198.683 181.762 159.308 136.246 109.357 76.5769 18.7695 -0.802417 
0.432819 -0.255818 -0.679614 -0.073142 -0.763231 -0.471232 -0.0871477 0.145635 0.04131 -0.0669639 -0.294963 0.0934107 0.214587 0.105873 -0.509924 -0.16475 -0.0787721 -0.0116271 0.213502 0.642622 0.310914 30.5873 84.3839 116.167 144.828 169.214 186.89 205.319 222.327 234.982 261.48 268.534 236.489 200.579 182.74 175.876 171.226 169.64 167.276 167.455 167.891 168.902 174.686 178.468 185.999 195.326 206.562 222.051 249.182 276.431 269.489 260.605 250.695 240.926 226.198 209.976 193.768 173.566 150.04 124.752 94.795 50.8603 -1.31566 -1.03826 
-0.0164658 -0.176376 -0.50339 -0.424648 0.184694 -0.501305 -0.0198517 0.407864 -0.490621 -0.70242 -0.197468 -0.330389 0.0470812 -0.603352 -0.370166 -0.323425 0.087503 0.318465 -0.287021 0.879257 1.46091 4.25025 63.1178 98.8393 129.05 152.906 175.207 192.343 209.813 226.877 245.634 255.098 229.193 200.235 179.412 171.89 167.932 165.098 163.685 163.748 162.98 165.641 168.294 172.803 179.455 188.24 199.313 214.012 237.704 276.555 263.52 252.708 239.146 229.342 213.056 197.97 180.303 158.713 132.594 103.981 65.87 5.94709 -0.151935 -1.24803 
-0.134239 0.582292 -0.623789 -0.135532 -0.0317244 0.0487158 0.224386 -0.0418637 0.235503 -0.175496 -0.469289 -0.0451619 -0.111841 0.151002 0.0550838 -0.292117 -0.0432665 -0.410107 0.0672972 0.693201 1.11921 1.92694 26.1754 79.1548 110.778 137.145 158.461 177.055 192.013 205.173 223.095 236.747 217.971 188.302 173.341 164.249 160.297 157.208 155.002 155.346 153.797 154.524 155.162 158.427 162.718 168.784 176.298 189.037 206.453 249.639 238.91 229.426 218.981 206.205 193.957 179.301 160.009 137.95 105.404 68.8913 10.8735 0.661 0.0226779 -0.858636 
-0.346143 0.196438 -0.309418 -0.428623 -0.0421311 -0.612135 -0.0372104 -0.713632 -0.427277 0.384305 0.166618 0.00292222 -0.404137 -0.0451503 0.341519 0.128425 0.140287 -0.563347 0.313378 0.688335 0.793893 1.51933 9.95397 67.5147 101.435 128.165 149.789 166.816 179.856 190.567 205.11 214.027 204.992 176.615 164.335 155.38 152.785 146.487 144.766 141.853 141.425 140.931 142.136 143.059 145.194 150.508 157.074 166.673 182.692 223.206 214.113 205.065 193.602 179.264 172.215 156.179 137.549 112.721 85.6528 39.1335 1.31822 0.855936 -0.826421 -0.957202 
-0.445698 -0.194473 0.204019 0.00573367 -0.161847 -0.138177 -0.222516 -0.237113 0.0781949 -0.140146 -0.31078 0.0549007 -0.176676 -0.468048 0.14905 -0.416006 -0.399349 0.413976 -0.0953978 0.793779 0.799147 1.47242 9.87323 65.7966 99.726 126.961 148.515 165.698 178.362 187.272 198.85 207.801 191.314 160.626 148.302 141.665 135.532 133.522 130.616 129.742 128.077 128.743 130.267 132.126 135.463 141.61 148.356 158.549 176.659 216.107 208.507 201.019 189.432 177.872 171.516 156.495 138.067 113.558 83.895 37.1923 0.934543 0.362604 -0.643846 -1.03261 
0.0312495 -0.796547 -0.00888673 -0.253935 -0.383932 -0.352682 -0.251807 -0.00390089 0.0951306 0.745591 -0.442692 -0.40879 -0.765885 0.116126 -0.302794 -0.0184693 0.554848 -0.400622 -0.0546764 -0.0657522 0.640032 1.79174 6.63481 64.5826 98.1303 124.839 146.9 164.882 176.582 188.541 197.797 207.127 190.621 161.778 148.991 140.391 135.059 131.503 128.55 128.233 127.68 128.448 129.213 131.769 135.286 140.036 147.109 158.248 174.265 214.727 208.345 198.242 185.635 173.567 169.982 155.749 135.796 112.691 86.6808 41.1451 0.694474 -0.0626931 -0.804848 -0.70523 
0.0663629 -0.0338711 -0.351786 -0.493869 -0.398386 -0.235834 0.137517 -0.0876192 -0.245645 0.163924 -0.184116 -1.03945 -0.615768 0.000855969 -0.0828029 0.0232693 0.162928 0.216936 0.180967 -0.11344 0.887631 -0.103212 7.47793 64.0101 97.7647 125.023 145.903 163.964 176.392 187.7 198.278 205.779 191.304 161.127 148.662 141.839 134.886 129.553 130.063 127.949 127.244 127.741 128.834 130.204 134.349 138.655 146.469 156.554 172.834 211.561 207.89 198.805 186.719 174.6 170.965 156.043 136.995 113.453 84.6655 41.7304 -0.0860677 -0.524259 -1.39729 -1.51781 
-0.114184 0.0397888 0.171611 -0.407753 0.19012 -0.123296 -0.486784 -0.0375923 -0.157001 -0.351494 0.348616 -0.26452 0.509805 0.331127 0.433179 -0.420372 0.319356 -0.0080095 -0.372447 -0.410459 0.501598 0.998019 5.97629 63.369 97.4934 123.539 145.109 163.13 174.016 185.694 196.816 204.127 191.207 161.684 147.525 140.844 136.018 130.887 128.02 127.092 127.589 126.468 128.153 130.255 132.792 138.981 145.915 154.997 170.247 212.438 206.392 199.833 187.535 175.388 171.64 155.806 136.895 113.583 85.9795 42.2985 -1.06539 -0.605755 -1.5764 -1.43385 
-0.268827 -0.419314 -0.0221876 0.283988 -0.186482 -0.203882 -0.599806 -0.111446 0.217908 -1.614 -1.25818 0.0567058 0.0954785 0.0151032 -0.370592 -0.179183 -0.0458104 -0.299717 -0.302525 -0.383597 0.682523 0.728709 4.3183 60.3842 95.5811 123.512 146.311 162.946 173.289 183.71 194.75 202.873 190.541 159.009 147.904 139.257 134.051 129.442 127.763 127.917 126.405 126.556 127.796 129.943 132.751 137.792 144.2 154.38 169.333 207.687 205.588 199.231 188.273 167.363 173.218 155.541 137.438 114.23 86.9032 49.7783 -1.64926 -1.07132 -1.7215 -1.2101 
-0.190485 -0.440757 -0.499725 -0.0442287 -0.441126 -0.556975 0.212978 -0.0360407 0.204765 -0.551333 -0.363717 0.292706 -0.246854 0.504847 0.191726 -0.191174 -0.386748 0.163922 -0.00485704 -0.134007 0.320835 0.961715 0.265981 57.3725 91.9087 120.696 143.472 161.867 173.092 181.06 194.727 201.318 195.279 162.785 148.741 141.351 135.037 130.829 128.483 126.666 126.438 124.806 127.427 128.275 131.405 135.149 142.967 152.049 165.159 202.939 207.139 201.009 188.685 163.11 182.432 157.441 140.599 119.17 91.9011 56.6183 -0.953131 -0.312305 -0.868331 -1.16636 
0.258407 -0.652847 -0.296402 -0.647141 0.0729009 0.447322 -0.428907 -0.119674 0.756205 -0.0991437 -0.466972 -0.0277336 -0.106261 -0.574239 0.0569729 0.0568663 -0.381903 0.408144 -0.410024 -0.525174 0.402913 1.19105 -0.46402 56.6131 92.016 120.154 144.203 161.398 172.889 181.615 194.103 201.837 194.683 161.349 148.424 139.539 134.431 128.707 126.598 126.234 125.195 126.334 127.044 129.096 131.25 135.88 142.458 152.138 165.774 203.99 206.565 200.747 189.925 163.801 180.947 158.007 139.441 117.295 91.0282 56.9055 -0.144607 -0.35551 -1.3589 -1.65911 
-0.112044 -0.329126 -0.219638 -0.457467 -0.905838 -0.485566 0.295064 -0.0486241 -0.485468 0.118597 -0.169763 -0.123534 0.0403121 0.721159 -0.00535928 -0.0687672 -0.428198 0.0609146 -0.17814 -0.0737667 0.367196 1.4167 -0.980163 55.5671 91.1446 119.309 142.032 161.967 172.193 181.383 192.755 200.501 195.077 160.906 148.251 139.418 134.308 128.701 127.343 127.147 125.259 125.578 125.409 128.524 131.003 133.825 142.53 150.789 164.377 201.841 207.224 200.911 189.96 165.888 176.555 159.005 142.629 118.694 91.8221 57.6009 0.780719 -0.0653842 -1.17971 -1.17899 
-0.205966 0.139026 -0.153183 -0.754006 -0.291025 0.764309 0.357515 -0.0523772 -0.0935432 -0.770717 0.15028 -0.470282 -0.462182 0.294293 -0.40849 -0.263993 -0.172947 -0.00286018 -0.0846787 -0.120862 0.380929 1.70497 -2.41798 53.1581 89.8185 118.745 142.274 160.371 172.713 179.892 192.448 199.771 195.866 161.389 162.102 139.419 134.269 128.387 125.245 125.997 124.825 125.515 126.119 128.115 129.172 133.275 141.489 149.247 163.657 198.341 207.935 201.037 190.812 169.857 177.919 160.413 142.553 121.319 93.3701 59.1175 1.76827 0.356431 -0.656329 -1.14998 
0.012629 0.187494 -0.701574 -0.994044 -0.204515 -0.390266 -0.0770048 -0.138476 -0.538914 -0.21581 0.509902 -0.369585 -0.332471 0.148988 -0.293725 0.0188701 -0.288819 -0.677149 0.197568 0.470751 0.168376 1.74793 -0.772298 52.8687 90.8678 119.564 142.311 161.697 172.05 178.704 192.414 199.977 196.953 160.813 146.433 139.735 134.259 129.594 125.724 124.815 126.304 125.582 126.097 128.4 131.322 134.042 140.703 150.544 163.297 197.826 208.682 201.931 191.974 171.225 176.755 160.312 143.105 120.902 94.3959 60.1946 3.58578 0.843727 -0.10348 -0.252942 
-0.357733 0.70274 0.433283 -0.441565 0.0208904 -0.324908 -0.476864 -0.290053 -0.0447993 -0.1557 -0.459502 -0.564928 -0.203128 -0.353534 -0.57596 0.0661416 -0.31763 -0.107147 0.304959 0.54077 0.959693 1.83272 -0.0841284 51.0473 89.7696 117.842 141.848 160.793 172.766 178.267 191.508 199.059 198.339 162.445 148.466 139.782 134.039 129.469 126.998 125.687 126.36 124.883 127.404 127.266 129.963 133.714 140.515 149.531 163.583 196.775 209.864 201.881 194.112 172.908 173.098 161.759 144.023 123.034 97.217 64.5542 5.57765 2.44709 0.999841 0.0716123 
