-0.80272 -0.267474 -0.86305 -0.734826 -0.519848 -0.591388 -0.607687 -0.65942 -0.552916 -0.619649 -0.438967 -0.254488 -0.618752 -0.815846 -0.991034 -0.847628 -0.403572 -0.619707 0.519436 2.56931 57.2322 91.6678 119.471 142.068 159.654 169.886 178.396 191.431 199.255 207.291 169.805 151.08 137.69 133.022 129.892 127.829 125.811 124.175 125.759 126.249 128.985 132.297 136.724 144.822 154.276 170.108 208.984 205.346 196.614 185.893 169.801 172.257 156.127 138.1 114.984 85.6855 44.4408 -1.76644 -1.3474 -2.14566 -1.8401 -2.20646 -1.99512 -2.53212 
-0.666458 -0.599526 -0.881776 -0.506055 -0.988369 -1.5197 -1.01652 -0.969948 -0.953605 -1.04295 -1.05681 -0.57261 -0.867228 -0.504134 -0.744153 -0.828404 -0.368407 -0.112271 0.671046 1.03476 57.2588 91.8711 120.226 141.866 159.119 168.492 178.687 192.01 199.351 208.561 169.705 149.694 137.741 131.553 129.216 127.573 126.512 124.796 125.461 127.394 130.365 131.568 137.787 144.804 153.775 171.302 208.394 205.546 196.811 186.61 168.201 171.017 156.437 137.813 114.266 86.2362 45.5105 -1.76931 -1.05087 -2.21523 -1.70041 -2.06158 -1.87934 -2.17277 
-0.469184 -0.968704 -0.786826 -0.403764 -0.699601 -0.815427 -0.632084 -0.570183 -0.682488 -0.169374 -1.19271 -0.63452 -0.67634 -0.777899 -0.794488 -0.917343 -0.546413 -0.50322 0.586853 0.669022 57.2877 91.7838 120.266 140.902 159.673 169.616 180.399 190.847 198.784 209.137 170.852 151.556 137.529 131.626 129.986 127.677 126.149 123.491 127.348 127.165 127.722 133.071 136.856 145.517 154.42 170.963 209.829 205.672 197.836 186.372 168.497 171.286 156.325 139.531 115.117 87.0901 45.6116 -2.29673 -1.18335 -1.80036 -2.08006 -2.34774 -1.91539 -2.10379 
-0.86833 -1.30716 -0.587111 -0.544052 -1.02231 -0.441113 -0.875345 -0.935526 -0.67253 -1.04632 -0.638992 -0.964986 -0.645334 -0.772758 -0.630104 -0.560748 -0.362507 -0.0363204 0.839773 0.934936 56.7099 92.364 119.059 141.454 159.178 168.978 180.308 190.555 195.58 208.289 170.547 150.918 138.706 135.476 133.303 128.565 125.562 124.84 126.203 127.375 129.215 133.826 138.403 146.988 155.562 171.483 210.176 205.822 198.725 187.048 172.747 171.773 157.171 139.391 115.591 86.7479 47.2245 -2.08168 -1.04153 -1.59615 -1.70037 -1.91745 -2.27819 -2.08828 
-0.611003 -0.785501 -0.665709 -0.666377 -1.22365 -0.684683 -1.2763 -0.484693 -0.694228 -0.714839 -0.409248 -0.628204 -0.538724 -0.947386 -0.493836 -0.830544 -0.526505 -0.327289 1.0147 -0.890035 56.567 92.3167 119.664 142.123 160.177 167.053 181.96 191.631 199.271 211.213 170.397 151.507 140.695 133.176 130.496 129.033 125.253 126.27 126.691 127.69 130.57 134.216 138.817 145.719 155.65 172.575 209.762 207.683 197.424 187.889 170.637 171.977 157.179 138.883 116.414 88.4539 46.8986 -1.66534 -0.341662 -1.50362 -1.9432 -2.23356 -1.82529 -2.00124 
-0.610422 -1.00535 -0.559355 -1.20851 -1.00818 -0.389012 -0.928113 -0.562501 -0.656626 -0.510466 -0.481168 -0.496064 -1.15492 -0.856519 -0.790795 -0.850459 -0.125953 -0.212504 0.861388 0.162587 56.4176 91.3445 119.753 142.351 160.219 169.605 181.911 192.06 199.184 210.818 172.088 152.936 139.775 136.337 133.349 128.723 126.313 125.846 126.732 128.274 130.378 134.66 138.833 146.556 156.963 172.533 211.59 207.922 199.963 188.016 172.583 173.697 157.48 139.912 117.283 88.7032 49.1456 -1.73239 -0.268572 -1.65684 -2.06195 -1.74678 -2.02117 -1.95106 
-0.719487 -0.516884 -0.918982 -1.01863 -0.932048 -0.48964 -0.867865 -0.620434 -0.690069 -0.638237 -0.711059 -0.686023 -1.08764 -0.364191 -0.865316 -0.711698 -0.651048 -0.0138372 1.20598 0.491893 51.2799 89.3338 117.555 139.815 158.139 170.77 180.135 190.221 199.457 209.417 179.763 157.31 141.02 135.637 131.606 130.583 127.475 127.468 128.341 130.257 131.22 135.945 138.493 146.006 155.203 170.871 208.546 209.765 201.703 191.492 177.431 176.335 160.779 143.452 120.218 93.3349 56.34 -0.976936 0.0018515 -0.769704 -2.11188 -2.15524 -2.2231 -1.84289 
-0.769376 -0.64041 -0.933305 -0.790009 -0.978473 -0.462463 -0.635187 -0.499033 -0.518007 -0.722845 -0.498036 -0.73434 -0.680372 -0.768906 -0.543865 -0.678511 -0.0985699 0.39567 1.4785 0.167664 46.3623 88.2076 117.731 139.939 159.263 172.081 181.45 192.211 200.74 207.67 186.287 159.054 143.226 136.196 133.921 130.065 129.397 128.405 128.789 129.943 131.753 135.961 139.734 146.559 156.842 171.35 209.671 209.799 202.941 195.269 179.018 176.932 161.966 144.932 122.87 95.6731 60.8944 1.45034 0.184884 -0.766621 -2.08898 -1.77675 -1.75229 -1.83079 
-0.770233 -0.971783 -0.534411 -0.729144 -0.838823 -0.676736 -0.707998 -0.776205 -0.980691 -0.824898 -0.788812 -0.932309 -0.762958 -1.06477 -0.451098 -0.511978 -0.290674 0.115165 1.80419 0.643418 49.0981 89.4777 117.481 141.247 157.898 173.287 181.426 191.538 201.013 206.968 188.341 159.39 143.68 137.06 133.227 130.528 128.797 127.93 128.452 130.187 133.339 137.597 142.379 148.905 156.775 173.523 209.871 213.012 204.588 195.649 180.686 179.218 163.062 144.826 121.184 93.7194 59.2247 0.421282 0.0656493 -1.17361 -1.938 -2.39046 -2.24212 -2.08777 
-0.658535 -0.996107 -0.774221 -1.02625 -0.413349 -0.864275 -0.580813 -0.972184 -0.806303 -1.07357 -0.737929 -0.634613 -0.855457 -0.570753 -1.05407 -0.668258 -0.0595808 0.651523 1.24678 0.0379342 42.906 85.9256 114.71 139.732 160.363 174.361 181.757 195.234 204.274 213.399 193.674 164.404 149.072 143.567 140.397 138.93 137.822 137.597 137.979 138.89 142.347 146.998 150.704 157.726 167.603 180.849 219.531 225.856 220.213 208.844 194.968 189.766 174.324 155.611 134.857 107.899 74.4233 21.0147 -0.682471 -1.06038 -1.61351 -1.96836 -2.17425 -2.25222 
-0.866917 -0.690921 -0.904192 -1.09755 -0.45091 -1.11433 -0.760603 -0.406068 -1.1366 -1.14078 -0.724108 -1.12504 -0.943416 -0.816132 -0.632107 -0.683701 0.0257811 0.427156 0.239113 33.6761 81.6921 113.123 140.442 161.378 179.847 192.303 201.734 212.299 218.703 223.215 207.912 177.425 161.935 156.084 152.754 151.857 149.698 149.75 149.673 151.559 154.618 159.962 166.804 177.669 188.306 204.685 246.847 256.844 252.496 244.461 232.363 215.832 202.947 185.465 163.752 138.552 109.254 68.6265 3.85434 -1.40951 -1.21896 -1.78003 -2.00419 -1.9546 
-0.864498 -0.972317 -0.996835 -0.543949 -1.02116 -1.16634 -0.969753 -0.886124 -0.845234 -0.523438 -0.813069 -0.719095 -0.670932 -0.755584 -0.719178 -0.299427 -0.200565 0.58372 5.00493 62.5078 97.0223 124.576 146.907 170.518 186.789 204.506 220.221 231.896 240.387 251.256 233.541 201.549 188.063 182.618 177.925 174.494 171.664 171.896 171.31 171.518 174.728 180.006 184.616 191.659 199.492 213.962 256.11 267.416 264.624 255.965 250.932 226.129 209.056 193.515 176.357 153.717 129.277 105.373 68.4184 12.92 -2.07009 -2.39034 -1.9523 -2.17875 
-1.42453 -0.837618 -0.685468 -0.951143 -0.889042 -0.925711 -0.959998 -0.625357 -0.706252 -0.61488 -0.622817 -0.793866 -0.824029 -0.581529 -0.848368 -0.346314 -0.0689562 -0.560432 22.728 76.5718 109.819 136.282 163.124 185.342 207.288 225.158 238.48 246.831 250.621 254.73 227.776 202.589 195.87 189.998 186.931 184.295 181.345 179.719 180.134 181.008 183.146 186.054 190.226 197.101 207.847 223.221 262.344 279.569 277.268 274.984 270.936 257.252 224.452 210.636 191.953 171.241 147.372 121.799 93.7737 55.0085 -3.24023 -1.80228 -2.24367 -2.07094 
-1.02941 -0.904055 -0.798069 -0.657714 -0.742602 -0.70248 -0.996856 -0.783345 -0.608486 -0.58813 -0.871795 -0.702914 -1.03814 -0.624732 -0.397322 -0.779095 -0.177206 1.8688 60.2887 97.0479 124.533 149.693 173.888 191.838 217.295 239.657 249.421 251.785 247.878 237.762 222.274 202.754 200.82 192.678 188.951 186.061 183.45 181.756 182.191 183.413 184.755 187.711 193.101 198.075 209.361 221.858 261.126 280.511 281.307 278.878 276.202 265.758 240.037 213.441 194.739 173.85 149.81 126.48 99.479 57.1718 -4.74679 -1.82659 -2.24385 -1.96441 
-0.778429 -1.48936 -0.861275 -1.16642 -1.3426 -0.595621 -0.988905 -0.559031 -0.912551 -0.781407 -0.733295 -0.689284 -0.602694 -0.75158 -0.60404 -0.821902 -0.182332 6.45787 65.2149 100.847 127.158 151.888 173.699 194.172 220.558 249.843 253.054 249.973 225.441 227.157 218.878 193.757 191.05 190.007 182.997 179.382 176.428 174.816 172.73 173.366 172.538 171.924 177.233 182.23 190.999 206.576 238.812 251.377 248.561 244.301 237.177 222.495 204.581 180.776 159.254 132.849 106.788 64.8282 9.61568 -1.43543 -2.12556 -1.75554 -2.20617 -1.90743 
-0.788153 -1.12174 -0.797574 -0.824547 -0.859822 -0.924783 -0.909178 -0.515731 -0.55881 -1.18418 -0.36463 -0.762175 -0.309524 -0.494706 -0.771882 -0.579906 -0.110601 -0.576628 43.829 70.3507 97.949 126.078 147.964 160.498 181.492 209.973 216.957 196.809 178.04 180.07 180.031 155.263 143.22 141.75 147.23 147.605 142.529 141.547 140.565 141.472 138.726 138.574 142.815 146.961 154.149 161.098 190.494 208.386 209.206 197.578 189.327 177.712 163.753 146.495 122.974 99.1832 60.7964 7.71299 0.0707486 -1.37338 -1.76362 -1.89821 -1.90754 -2.02962 
-1.00775 -0.838943 -1.05537 -0.624949 -1.22623 -0.515028 -0.714876 -0.834334 -0.463539 -0.95556 -0.922963 -0.625236 -0.656594 -0.564602 -0.704704 -0.817186 0.0599973 0.186017 -0.531408 0.105671 3.85531 57.7863 91.773 117.01 137.742 166.595 174.731 141.041 134.653 136.465 150.895 124.684 112.953 109.94 109.564 109.743 116.574 122.006 121.243 122.171 122.994 126.261 130.932 136.439 144.164 156.406 183.762 204.042 199.258 188.377 179.044 167.575 152.532 132.045 107.958 77.7371 23.0732 1.28013 -0.607363 -1.07763 -1.32189 -1.80695 -2.37745 -1.86474 
-0.776416 -0.773189 -0.709837 -0.648783 -0.927167 -1.07873 -0.938355 -0.42251 -0.776773 -0.458793 -0.533966 -0.484051 -0.910737 0.0837577 -0.959511 -0.539214 -0.123421 -0.0952173 0.729584 1.34787 2.52033 36.0361 81.979 109.77 133.433 155.348 159.369 123.441 116.689 116.758 153.073 124.257 111.385 107.093 103.954 102.607 103.009 105.535 114.296 119.615 120.84 122.385 128.546 133.044 141.476 153.744 181.261 203.347 198.798 186.616 178.205 166.678 149.47 129.767 108.397 76.0684 22.8718 0.513909 -0.639688 -0.785504 -1.30106 -1.5999 -2.23712 -2.07707 
-1.03326 -0.574399 -1.12282 -0.622007 -0.824432 -1.00269 -0.594307 -0.710958 -0.646777 -0.901884 -0.489713 -0.392959 -0.672137 -0.590612 -0.42424 -0.804299 -0.588993 -0.335611 0.153106 1.23006 1.90369 28.3381 78.6939 106.623 130.607 152.267 150.896 113.939 105.078 100.737 145.609 122.812 109.795 106.377 102.622 99.9635 99.2599 99.2438 101.28 107.426 119.434 123.631 125.243 131.318 139.582 151.432 173.323 204.012 196.724 188.815 177.992 163.554 148.733 129.874 105.738 74.3573 21.1561 0.443318 -0.86008 -1.37834 -1.65394 -2.08875 -2.13064 -2.31832 
-0.42633 -0.824706 -0.735238 -0.605941 -0.353196 -0.762202 -0.579678 -0.728692 -0.316823 -0.850864 -0.491848 -0.854164 -0.421691 -0.531953 -0.225582 -0.257163 -0.189744 -0.110601 0.0529027 1.09231 1.24321 22.0873 76.5741 105.444 127.919 150.82 145.236 108.48 98.0753 93.8254 130.231 122.222 110.315 102.78 103.639 98.4339 97.3055 97.1742 97.7394 98.7614 104.007 119.856 124.426 129.302 137.708 148.088 166.949 206.573 195.017 187.552 176.782 163.621 148.798 131.489 105.226 74.4383 19.5615 -0.148518 -1.27019 -1.93498 -2.24313 -2.24493 -2.71603 -2.45775 
-0.967186 -0.904041 -0.922281 -0.878682 -0.768457 -1.55365 -0.598724 -0.504423 -0.650545 -0.819588 -0.737103 -0.549524 -1.09652 -0.874471 -0.87923 -0.663401 -0.7969 -0.69356 -0.70851 0.180438 1.87488 17.6495 71.5529 102.172 127.585 147.883 144.99 106.134 95.784 90.8958 123.45 116.091 108.648 103.779 99.7391 96.7481 95.8588 95.9028 96.3119 96.4565 100.244 107.07 124.163 129.255 136.738 147.344 163.366 202.837 194.091 187.639 176.5 163.998 149.585 129.614 104.359 73.2452 19.3414 -0.432866 -1.97313 -2.64368 -2.16967 -2.15596 -1.94946 -2.11046 
-0.824058 -0.789811 -1.13104 -0.980234 -0.912923 -1.22876 -0.932107 -0.77812 -0.963012 -0.917906 -0.723756 -0.826404 -0.627421 -0.767684 -0.528457 -0.514908 -0.51134 -0.722879 -0.809737 0.359447 1.40992 14.0069 69.2387 99.6568 123.867 147.078 147.904 107.734 95.9588 90.9595 119.83 111.245 109.765 104.626 99.709 97.3444 96.1544 95.278 95.3185 95.3065 97.3749 102.312 116.801 127.504 135.271 144.808 162.484 200.787 195.57 188.092 176.257 163.967 149.07 130.395 104.072 74.5908 19.8417 -0.574524 -1.70479 -2.48945 -1.95042 -2.3845 -2.16274 -2.40511 
-1.10921 -0.512897 -0.675089 -0.341613 -1.06491 -0.860268 -0.842418 -0.85667 -0.813172 -0.558662 -1.02821 -0.753484 -0.724412 -0.602882 -0.282605 -0.899851 -0.864947 -0.828493 -0.604612 0.251606 0.770828 10.5202 66.2711 97.9203 123.347 145.719 151.675 110.988 96.8595 91.4033 120.484 111.042 110.452 106.947 100.315 98.2163 96.4754 95.0796 95.1421 94.5821 96.8568 101.406 109.067 127.132 134.964 144.117 160.202 197.165 195.014 188.096 177.157 165.815 151.807 131.235 105.156 77.3684 19.6563 -0.480606 -2.08722 -2.03333 -2.48776 -2.21726 -1.9357 -2.10388 
-0.851037 -0.499193 -0.542953 -0.795683 -0.846349 -0.72933 -0.788928 -0.39754 -0.737003 -0.88574 -0.888608 -1.19463 -0.773269 -0.397138 -0.447354 -0.549111 -0.531916 -0.273379 -0.79084 -0.229709 0.68363 4.50838 60.6673 93.9455 118.767 140.603 161.442 115.402 101.632 94.0634 115.321 114.089 111.623 108.367 100.21 98.7335 97.2686 95.5758 95.8545 95.7627 96.6343 100.948 105.765 123.432 132.832 142.045 157.014 192.998 196.149 189.465 178.717 167.21 154.25 133.961 109.644 75.1539 28.8193 -0.291208 -1.17342 -2.45778 -2.16695 -2.54403 -2.15638 -2.08635 
-0.785702 -0.57791 -0.325644 -1.06106 -0.698255 -0.37802 -0.860313 -0.762182 -0.591677 -0.888821 -0.775107 -0.408047 -0.75007 -0.638544 -0.130006 -0.388211 -0.726453 -1.07024 -0.675674 -0.110922 0.676266 -0.400799 56.3327 91.6611 117.284 134.722 166.238 125.445 104.228 96.6149 112.11 122.011 113.254 113.715 102.358 99.112 97.4558 96.1086 96.2769 96.0083 96.8977 100.485 105.784 119.882 132.151 140.039 154.971 191.94 197.407 191.459 180.924 167.222 154.385 133.4 109.977 78.5214 32.4577 -0.574108 -1.94196 -2.29882 -2.24269 -2.23635 -2.18881 -2.86657 
-1.22555 -1.00947 -0.955175 -1.30387 -1.26805 -1.12402 -0.822858 -0.777008 -0.536318 -0.850463 -0.77791 -0.884655 -0.676477 -0.481954 -0.593029 -0.717067 -0.591289 -0.530678 -0.757712 0.190125 0.310206 -1.71936 55.0961 90.6467 115.923 134.637 160.224 138.114 108.096 99.46 112.733 126.672 116.076 117.537 103.762 100.205 98.98 97.8635 97.4678 96.7167 98.0313 101.061 106.114 117.28 129.744 139.713 152.784 189.387 196.625 190.686 180.383 168.422 152.974 134.57 109.172 80.5581 34.4227 -0.540371 -1.10805 -2.28681 -2.31569 -2.27435 -2.25612 -1.88054 
-1.02423 -0.537435 -0.463083 -0.76975 -1.27739 -1.49871 -0.85196 -0.491494 -0.839147 -0.615106 -0.579997 -0.467054 -0.697027 -0.845671 -0.442332 -0.544079 -0.516047 -0.829263 -0.659322 -0.188864 0.812056 -2.34168 50.3094 87.9882 114.9 135.259 160.266 148.816 113.613 104.662 114.282 131.19 117.418 121.153 104.737 102.273 99.4251 98.5771 98.0818 97.8082 99.0074 102.302 107.617 118.13 129.616 138.137 150.701 184.143 196.71 189.394 179.138 166.775 153.447 134.655 110.069 80.7539 34.8686 1.55785 -1.5444 -1.98715 -2.24924 -2.67611 -2.37041 -2.1331 
-1.32121 -0.87673 -1.01487 -0.700949 -0.813497 -1.21832 -0.986701 -0.995236 -1.45677 -0.94779 -0.988966 -0.528454 -0.829911 -0.582348 -0.682646 -0.655676 -0.96482 -1.08642 -0.618532 -0.4746 0.768745 -1.03592 46.8485 86.8036 114.398 135.287 158.234 156.871 120.772 109.05 117.677 137.238 125.961 115.942 106.179 102.922 100.845 99.656 99.1707 99.8442 100.41 103.564 109.165 120.443 129.692 137.479 150.071 180.146 196.771 189.735 179.991 167.617 153.881 134.057 110.541 80.5751 35.4775 3.27645 -1.17722 -2.79998 -2.55371 -2.18259 -2.35614 -1.99047 
-0.716051 -1.10268 -1.2088 -1.02817 -1.05585 -1.22378 -1.21634 -0.866179 -1.03468 -0.844529 -0.607554 -1.1289 -0.530405 -0.835981 -1.03043 -0.548365 -0.740091 -0.570637 -0.872167 -0.39669 0.279253 -0.13452 43.8126 84.6482 112.38 133.465 156.292 167.158 127.475 115.444 121.363 145.768 129.381 113.538 108.658 105.89 103.387 102.374 102.247 102.291 102.648 107.023 113.519 123.312 128.643 136.458 149.525 178.983 196.598 190.19 180.321 167.852 154.725 135.408 110.506 81.1495 37.0875 2.46924 0.900858 -2.11846 -1.84033 -2.27488 -2.20518 -2.63536 
-1.12758 -0.84043 -0.703898 -1.20671 -1.08925 -1.19166 -0.823267 -0.87183 -0.983622 -0.998077 -0.541622 -0.8012 -1.10442 -0.657241 -0.779412 -0.687758 -0.955952 -0.909789 -1.15916 -0.328388 0.475874 0.233492 39.7986 84.1032 112.082 134.338 157.297 168.404 148.378 125.008 128.331 165.727 130.258 116.338 111.245 107.976 104.758 104.113 103.586 104.517 106.01 110.201 118.469 122.544 128.147 134.29 147.382 175.684 196.048 190.121 178.675 168.147 155.184 135.382 111.259 81.8451 38.5973 2.03141 1.41801 -1.37744 -2.41053 -2.39479 -1.77778 -1.94969 
-1.25407 -1.03584 -1.23171 -0.96874 -0.678402 -0.707573 -0.731848 -0.916872 -1.1854 -1.05527 -0.810617 -0.715959 -0.521649 -0.980566 -0.541912 -0.874774 -0.765521 -0.515022 -0.647188 -0.572302 0.505794 0.426313 36.5287 83.5504 110.254 133.278 156.335 165.147 170.342 136.927 149.405 176.298 134.243 120.637 115.199 110.525 108.983 107.901 107.783 108.095 112.855 116.725 118.852 121.761 127.004 135.327 146.134 170.955 196.929 189.474 180.88 168.146 154.821 135.742 111.009 82.0806 40.7275 1.77548 1.87261 0.219887 -2.24841 -2.49839 -1.9365 -2.50013 
-1.08333 -0.822374 -1.83333 -0.843784 -1.02501 -1.01079 -1.03314 -0.556039 -0.929227 -0.858677 -0.654122 -1.09296 -0.220868 -0.473207 -1.1226 -0.807117 -0.654805 -0.733409 -1.02011 -0.835935 -0.273906 0.715173 34.039 82.4982 109.328 131.657 156.218 166.295 177.786 170.567 178.472 178.138 142.921 128.352 120.93 117.913 115.839 114.911 114.271 115.675 115.561 116.191 118.71 122.78 125.941 134.628 145.372 162.108 201.21 189.974 179.911 167.784 154.843 135.484 111.564 83.2273 43.1979 1.10859 1.83078 0.784234 -0.742791 -1.80802 -1.74222 -1.76042 
-0.391688 -1.57449 -1.02179 -1.07983 -0.768905 -1.15526 -1.04161 -0.68379 -1.39665 -0.876063 -1.21746 -0.9946 -0.685601 -1.06954 -0.797196 -0.564202 -0.682493 -0.790409 -0.666888 -0.126956 -0.31575 0.757618 31.3252 81.4502 109.737 132.868 153.869 165.359 176.403 190.748 204.877 201.048 152.336 139.46 131.807 125.285 121.749 119.117 116.278 115.166 115.541 116.124 117.766 121.198 125.93 133.386 143.751 159.995 199.116 190.152 180.028 167.262 155.188 135.952 111.999 84.7571 46.4696 0.712237 2.24365 1.29361 1.26223 -1.53596 -0.930291 -1.02957 
-0.970878 -1.46696 -1.09953 -1.12256 -0.980905 -1.35396 -1.00392 -0.532365 -1.22588 -0.767951 -0.769047 -1.10861 -1.0515 -0.839004 -1.07722 -0.818253 -0.851956 -0.472706 -1.21008 -0.628424 0.147978 0.907691 29.9603 80.0411 108.679 132.747 153.793 165.561 176.928 214.049 191.397 205.559 152.936 139.503 132.353 126.162 122.445 118.883 117.171 116.698 115.602 115.968 117.323 122.805 125.562 132.245 142.066 157.914 198.326 189.52 180.687 168.158 155.084 136.16 114.443 84.5349 48.1687 -0.0560153 1.92642 1.3678 1.76949 -0.761268 -0.855546 -0.972904 
-1.40717 -1.06124 -1.47568 -0.709741 -1.81263 -0.795199 -1.17731 -1.3562 -0.921417 -0.618549 -0.991501 -0.993163 -0.925357 -0.902895 -1.05259 -0.86725 -1.04595 -0.820743 -0.721953 -1.27567 0.37294 0.750117 28.2669 78.9728 108.307 132.15 153.237 166.559 176.784 203.891 192.099 207.169 154.492 141.999 134.003 127.031 122.947 120.085 117.625 116.52 115.655 117.189 118.147 122.273 124.644 131.785 141.284 157.58 193.468 189.511 180.825 168.382 154.65 137.194 113.552 86.0769 51.6647 -0.387504 2.26753 1.20424 1.08616 0.225789 -0.84093 -0.890896 
-0.747174 -0.876904 -0.654267 -0.930193 -2.46468 -0.971635 -1.50253 -1.10137 -1.36394 -1.53817 -0.978766 -0.645298 -1.20868 -1.32118 -1.16531 -1.29943 -0.907527 -0.32937 -0.734756 -0.64574 0.420837 1.1299 26.5386 79.2333 108.013 130.513 152.586 163.991 176.514 194.714 199.095 202.89 157.243 142.749 134.996 127.834 124.175 120.25 117.766 116.211 116.56 116.43 117.18 120.196 124.74 131.001 140.881 155.279 192.72 188.36 181.267 168.39 155.987 137.091 115.633 86.3503 52.4205 0.0946908 1.37435 1.59747 0.649859 0.111079 -1.38107 -1.04028 
-1.27061 -0.928189 -1.32771 -1.45447 -1.46213 -0.98821 -0.756503 -1.23397 -1.00273 -1.44007 -0.920535 -1.14794 -0.226211 -0.903282 -0.846439 -0.827149 -0.872217 -0.30701 -0.842214 -0.95688 0.00726822 0.814878 24.6798 77.1439 106.566 130.771 151.183 164.774 177.754 192.311 202.849 202.262 157.631 143.557 134.843 127.636 124.033 120.416 117.871 116.424 116.399 117.182 118.328 120.131 123.009 131.335 140.025 154.196 190.138 190.144 181.559 169.944 155.172 137.468 115.561 87.8528 53.4306 1.27579 2.42505 1.20554 0.831374 0.5601 -1.16987 -1.23837 
-1.18701 -1.11059 -1.74328 -0.708322 -1.55156 -0.939401 -0.931808 -0.66866 -1.10719 -0.727965 -0.936853 -1.35159 -1.54751 -0.490019 -0.987784 -0.621167 -0.978494 -0.603976 -1.11418 -0.873922 0.372069 0.432476 23.2526 76.7401 104.563 130.551 151.666 164.658 180.745 189.072 202.799 201.81 161.212 145.117 135.537 129.43 124.511 121.29 118.146 116.18 115.889 116.142 117.729 119.358 123.374 130.524 138.386 152.717 189.625 193.429 191.303 170.55 155.511 138.655 116.745 89.1241 54.5437 2.87817 2.08765 0.619669 0.907076 0.707623 -1.62588 -0.926194 
-0.861666 -2.13011 -1.41057 -0.96269 -1.11569 -1.12819 -2.79422 -0.4072 -0.423648 -0.988722 -0.644005 -0.838912 -1.22604 -0.968657 -0.732249 -0.676111 -1.07658 -0.90961 -1.0041 -0.842503 -0.385497 0.730889 21.169 76.7712 105.294 130.054 149.385 167.943 178.96 189.666 202.668 202.079 160.98 146.069 136.032 129.887 124.775 121.765 117.812 117.293 116.434 116.256 117.249 118.997 124.032 129.63 137.791 151.762 188.436 189.384 181.99 170.749 157.312 139.598 116.751 90.1081 56.3665 4.20469 1.56327 0.886377 0.527139 1.22501 -1.28995 -0.73369 
-1.37598 -0.980756 -1.20607 -0.941785 -0.627985 -0.96892 -1.52356 -1.35481 -1.2761 -0.953568 -0.785301 -1.15989 -0.393093 -1.26834 -1.00317 -1.03637 -1.12818 -1.23029 -0.818466 -1.09379 0.326613 0.774582 20.3622 75.1876 104.808 129.582 152.564 167.389 178.269 185.772 196.639 207.738 163.992 148.857 137.173 130.025 125.638 121.1 118.319 117.047 115.909 116.071 117.205 119.663 124.408 129.052 137.459 149.563 186.045 188.952 186.999 171.226 158.508 140.624 118.317 92.2982 58.2784 5.84769 2.58453 0.988817 1.21897 1.28058 -0.742709 -0.77266 
-0.709581 -1.46529 -1.7199 -1.14896 -0.973433 -1.7476 -0.930775 -1.03493 -0.379683 -1.08541 -0.998716 -1.07117 -1.55937 -0.501428 -1.19463 -0.843651 -1.099 -0.442825 -1.2697 -0.372873 -0.0542716 0.0948208 16.9109 73.0224 103.437 128.54 154.921 168.064 176.476 186.687 194.515 207.586 169.985 150.211 139.2 131.231 125.826 121.943 119.116 117.56 116.627 116.99 117.435 119.221 124.421 127.807 135.826 148.298 179.253 191.08 185.542 172.587 160.358 142.587 122.036 95.8329 63.1309 10.1731 3.64355 2.17779 1.39884 1.24591 -0.480503 -0.525689 
-0.82479 -1.01839 -1.50934 -1.15196 -0.564645 -0.77456 -1.25092 -0.258794 -0.916583 -0.907252 -0.844752 -1.15828 -1.02028 -0.802099 -1.05118 -1.12115 -0.464552 -0.380207 -0.50968 -0.614529 -0.471124 0.691301 12.1462 69.9467 101.676 125.988 150.465 170.086 173.732 185.82 194.406 206.075 174.606 151.749 140.516 131.784 126.319 122.145 119.136 117.843 116.343 117.045 117.57 119.173 122.81 127.077 136.23 146.172 175.99 194.569 185.31 174.117 163.285 146.597 125.763 99.2381 67.9992 15.1535 3.9025 3.23304 2.37562 1.14388 -0.0861055 -0.335143 
-1.4684 -1.08244 -1.38016 -0.953778 -1.31372 -1.16176 -1.72643 -1.60724 -1.1326 -1.17092 -1.46268 -0.617518 -0.760585 -0.597763 -1.47752 -1.4249 -0.759338 -1.51947 -1.08023 -0.372846 -0.529917 1.09039 11.4053 69.9983 102.103 128.864 152.999 167.943 175.993 185.859 195.752 203.938 177.369 152.317 140.51 132.317 125.796 122.015 119.929 117.642 116.1 116.843 116.9 119.605 120.849 126.796 134.627 145.207 171.986 193.73 186.858 175.661 162.493 148.258 126.573 100.844 70.2421 17.8125 3.84353 3.63262 2.62188 0.522765 -0.142462 -0.0922002 
-0.758867 -1.02268 -0.682494 -1.23389 -0.730587 -0.850434 -0.639011 -1.10493 -0.463058 -0.694802 -0.932199 -1.20127 -1.5545 -1.18147 -0.73221 -1.27629 -0.962592 -0.502053 -0.563676 -0.581015 -0.0667672 0.878543 10.3097 69.2742 102.139 136.37 156.549 170.83 179.557 187.866 195.814 202.109 178.848 154.176 141.188 133.764 128.544 124.253 120.293 117.969 116.834 116.848 117.517 119.358 122.488 125.937 134.107 144.562 164.441 199.068 187.298 177.879 164.879 149.239 129.524 103.15 72.6357 21.5643 4.44415 4.65495 1.46094 0.778664 0.547785 -0.863244 
-1.17263 -0.767461 -1.15954 -0.865545 -0.868099 -1.04554 -1.15382 -1.06271 -1.09737 -0.587669 -0.369553 -1.54836 -0.958354 -0.616244 -0.881229 -1.10382 -1.11714 -0.801659 -0.731577 -0.763887 -0.0965054 1.20437 8.548 69.435 104.795 150.933 153.845 172.548 179.139 187.511 197.228 204.305 182.286 156.937 144.2 135.508 129.956 126.46 123.193 121.381 120.131 120.027 121.263 122.24 125.058 129.356 136.372 146.279 161.408 207.397 195.075 183.375 171.337 156.716 140.177 116.396 86.3739 34.7661 2.57945 1.13943 -0.166166 -0.595316 0.353423 -0.171896 
-0.76644 -1.46451 -1.16109 -1.18671 -0.985202 -0.419643 -1.56477 -1.01449 -0.636685 -1.04261 -1.07816 -1.14658 -0.89836 -0.402393 -0.879187 -1.28639 -0.987529 -1.27874 -1.22867 -0.104246 -0.315012 2.82055 53.3687 91.8723 127.15 170.304 179.773 182.666 193.751 202.894 205.881 213.362 190.07 165.144 152.32 143.957 137.63 133.624 130.228 129.675 127.435 125.967 127.967 129.903 135.612 142.686 150.747 163.066 181.116 231.946 239.478 237.604 228.617 213.727 193.857 171.483 151.759 124.482 108.996 93.0149 78.4821 51.2823 7.56242 -0.851669 
-0.66885 -0.859668 -1.27246 -1.46929 -0.947267 -0.854093 -1.5158 -0.815355 -0.665412 -0.966643 -1.14338 -1.00764 -0.605451 -1.16834 -0.962986 -1.11767 -1.04474 -1.22438 -0.912039 -0.138173 -0.0774431 4.94288 59.2577 99.7029 134.702 180.325 199.561 218.015 222.168 221.815 222.042 226.844 208.771 181.412 170.788 163.192 158.975 157.495 155.536 154.521 158.639 161.577 163.546 165.149 168.883 173.508 183.804 194.077 210.827 268.771 272.761 276.73 279.732 272.895 241.426 208.97 191.393 176.325 158.457 138.061 115.982 90.4215 51.5917 -1.40262 
-0.370953 -0.77352 -0.641978 -0.999137 -0.102669 -1.28237 -1.76076 -1.01471 -1.32153 -1.24586 -1.0752 -0.810105 -1.28218 -0.826901 -0.418177 -0.850405 -1.10741 -0.928331 -0.745859 -0.932396 0.147446 26.5244 78.5725 111.774 141.567 188.856 208.946 225.332 236.433 236.981 236.669 241.293 229.084 200.415 187.518 179.744 174.127 171.315 168.376 167.9 167.776 168.618 168.87 172.953 177.042 183.543 191.424 201.832 218.208 273.47 276.31 278.172 282.619 266.552 224.916 213.315 198.759 184.038 165.125 145.077 124.668 99.0834 64.7802 3.07954 
-0.507573 -0.820627 -0.939853 -0.707291 -0.800951 -1.24263 -1.4506 -1.04112 -1.63785 -0.485468 -0.805284 -0.969042 -0.749349 -0.967937 -0.960514 -1.05322 -1.04118 -0.861929 -0.99217 -0.634714 -1.4513 34.7743 83.6886 113.03 140.766 171.687 208.933 224.787 238.029 242.175 242.773 246.4 239.051 205.215 192.178 182.96 178.058 175.114 171.721 172.054 170.479 171.204 172.664 174.571 180.52 187.26 194.674 207.062 222.571 274.755 274.721 274.867 267.154 246.25 232.819 217.586 201.262 186.052 167.064 146.279 122.457 95.0641 55.2068 -2.03644 
-0.264035 -1.07813 -1.40422 -1.02969 -1.68512 -1.06166 -1.06951 -1.81595 -0.90416 -0.576616 -1.19285 -1.067 -0.478152 -0.866609 -1.45888 -0.991313 -0.981197 -0.791491 -0.693861 -0.517509 -0.781782 15.3169 73.3138 105.913 134.887 161.074 194.131 217.68 230.754 244.462 240.048 245.925 240.771 204.279 190.978 181.743 176.744 173.506 170.969 170.77 170.157 170.208 171.645 174.336 178.914 184.223 191.879 203.226 222.908 268.366 267.654 264.124 255.452 242.988 231.184 214.983 197.993 180.995 158.857 137.089 111.181 78.8877 17.8433 -0.231842 
-1.3347 -1.84959 -0.921477 -1.73463 -0.89224 -1.16357 -1.27897 -0.579507 -1.48773 -1.67072 -1.63591 -0.817689 -0.839247 -1.37658 -1.18285 -1.16635 -0.830472 -1.08286 -0.916216 -0.221675 0.135432 0.162648 46.3639 88.568 119.555 148.01 181.203 203.643 218.402 231.93 238.175 239.516 242.582 201.745 187.331 178.869 173.216 168.503 167.043 165.185 163.574 165.021 164.894 166.828 168.343 174.905 182.091 193.447 210.502 254.381 257.669 250.733 243.474 235.842 224.846 207.521 187.611 167.25 143.003 118.189 86.6555 34.0315 -0.642321 -0.484818 
-1.15677 -0.57086 -1.18646 -1.30371 -0.574266 -0.89064 -0.464869 -1.06566 -0.877637 -1.11894 -1.15611 -0.741887 -0.863456 -0.841947 -1.20821 -1.03028 -1.14653 -1.44653 -0.725418 -0.403978 -0.0440553 0.835963 9.41867 67.1416 102.67 130.994 157.799 184.944 206.509 214.166 225.732 231.375 235.121 195.235 180.416 169.798 164.294 159.601 154.678 154.52 152.097 149.823 150.536 151.654 154.127 158.679 164.472 172.608 189.604 225.228 233.081 227.172 219.579 207.424 200.49 185.163 168.63 146.278 116.358 87.1984 33.805 0.0155872 0.610559 -0.170335 
-1.34087 -0.852848 -1.42476 -1.25018 -1.12457 -1.21267 -0.62693 -1.80575 -0.594728 -0.837047 -0.750445 -0.690118 -0.878986 -0.679037 -1.01386 -0.970305 -1.08019 -0.989272 -0.5606 -0.287529 -0.33184 0.568205 -0.383836 47.3379 88.2379 117.481 142.723 161.539 181.353 195.945 212.133 222.167 225.014 184.97 168.745 158.36 152.209 148.04 143.648 141.664 138.056 137.503 137.404 138.389 140.375 145.095 151.257 159.786 173.626 209.457 214.554 204.995 195.889 176.224 178.812 164.765 143.227 123.369 97.9247 61.7517 5.52362 1.52202 0.518198 -0.0886181 
-1.46619 -0.614529 -0.652206 -1.20568 -1.10353 -0.757721 -1.09304 -0.856643 -1.25195 -1.04787 -1.1126 -1.07268 -0.732277 -1.41347 -0.868901 -1.19699 -1.56219 -0.636533 -0.691132 -0.329076 -0.167283 0.640081 0.387943 44.7633 88.6437 116.544 139.774 158.754 175.294 181.397 194.12 203.551 206.297 169.395 153.021 142.78 136.371 132.929 130.173 129.926 128.591 129.695 129.341 132.123 135.458 140.419 145.691 153.954 168.859 204.858 210.785 203.243 194.786 172.563 181.628 164.404 143.067 121.959 97.0132 60.8922 4.30821 1.28201 0.27253 -0.281477 
-0.606046 -1.33238 -0.944556 -0.672257 -1.15243 -1.41277 -0.877781 -0.883688 -0.633639 -0.411629 -1.37779 -0.920027 -1.50695 -0.794027 -1.17546 -1.44509 -1.16776 -0.716349 -0.989168 -1.6064 -0.328875 0.617472 0.390834 40.5335 85.844 114.191 139.393 158.362 174.318 179.276 193.617 203.297 205.765 169.26 154.036 143.216 136.855 133.559 131.269 128.932 126.949 128.044 129.165 130.87 134.772 138.618 145.905 153.818 167.026 202.521 209.235 202.181 191.927 170.105 179.207 161.095 144.764 123.038 97.1226 63.0967 6.14079 1.01636 -0.402657 -0.124725 
-0.56668 -1.01361 -1.33141 -1.31719 -0.89428 -1.02735 -0.692682 -1.01448 -1.29568 -0.883263 -0.701463 -1.62896 -1.2829 -0.892447 -0.750434 -0.596113 -0.429298 -0.382494 -0.721181 -0.539918 -0.00260948 -0.481835 0.752843 39.4004 85.5384 113.965 137.98 157.17 177.311 179.363 193.202 202.816 206.017 168.618 154.314 142.961 136.585 131.926 131.059 129.528 126.679 127.9 128.847 130.779 132.349 138.72 142.182 152.34 165.988 200.431 210.227 202.323 191.679 173.392 178.022 161.217 145.126 123.861 95.382 63.3821 6.08164 -0.00632234 -0.490236 -1.05683 
-1.21763 -0.685622 -0.87058 -1.35626 -0.926933 -0.787745 -1.68162 -1.08007 -1.14009 -0.918424 -0.819001 -0.874214 -0.64007 -0.806125 -0.199027 -1.20849 -1.12774 -0.834132 -1.06949 -1.18272 -0.758951 -0.364657 0.402287 37.9892 83.8854 112.919 137.793 156.333 176.13 175.212 190.911 202.104 205.225 168.793 153.37 141.831 135.452 133.195 129.857 128.329 127.047 127.064 127.278 130.658 133.191 137.807 142.628 152.45 164.1 199.329 209.649 201.496 194.067 173.94 178.461 161.798 145.234 125.193 95.8829 63.0904 6.67411 0.414137 -1.04528 -1.16688 
-1.16026 -1.47205 -0.907716 -0.608907 -0.890388 -1.03398 -0.939396 -1.1846 -0.63866 -1.49482 -1.78257 -0.898789 -0.988137 -1.18504 -1.10287 -0.856452 -0.472279 -1.09063 -0.905842 -1.20979 -0.667883 -0.0331949 0.634456 34.8697 81.6632 111.634 137.558 155.445 175.231 172.864 190.086 201.168 205.069 168.676 152.996 142.73 136.587 131.286 128.928 128.036 125.987 126.196 127.352 130.125 131.945 136.847 142.587 151.569 163.156 193.706 209.075 203.437 192.547 174.923 172.042 162.366 145.108 123.858 98.6646 66.1776 11.3063 0.0453391 -1.14697 -0.679654 
-0.909517 -1.20347 -1.33856 -0.771052 -1.2053 -0.906098 -0.696927 -1.33774 -0.820966 -0.948461 -1.0906 -0.287532 -1.02117 -0.543159 -0.310106 -1.22562 -0.935864 -0.67842 -0.649963 -0.634818 -0.596382 0.155888 0.790041 27.3503 78.6428 109.283 133.981 154.065 170.663 178.165 188.85 199.499 209.454 170.509 153.805 142.918 135.366 131.962 129.83 128.752 126.767 126.375 126.868 127.635 130.677 135.1 140.973 149.374 160.26 189.328 208.098 203.333 193.697 181.04 170.465 163.539 147.449 127.985 101.628 71.6454 14.7931 0.419658 -0.439743 -0.853049 
-0.82318 -1.64617 -0.954533 -1.77487 -1.0692 -0.222467 -0.980432 -1.21962 -0.0816707 -1.14942 -1.34503 -0.989726 -0.743043 -1.0812 -0.895288 -0.928231 -1.05466 -0.623317 -0.998995 -0.848664 -0.645706 -0.126249 0.746266 27.6522 78.2729 108.444 134.066 152.749 168.753 176.887 189.519 197.058 208.509 170.996 154.008 141.972 134.242 131.281 128.275 126.593 124.839 126.463 126.857 128.767 130.608 134.527 141.187 148.076 159.899 187.598 209.901 203.574 194.475 182.23 172.144 164.924 146.796 126.758 102.624 70.825 16.3081 0.404611 -0.630998 -1.24534 
-0.707917 -0.995575 -0.713143 -1.29218 -1.34759 -0.951366 -0.217673 -1.05901 -0.870272 -0.722541 -0.762247 -1.13122 -0.690199 -0.292067 -1.08393 -1.00006 -1.02675 -0.666729 -0.852904 -0.796086 -0.780381 0.0694897 0.561749 25.2308 77.4276 107.398 132.751 154.569 169.56 175.119 186.981 197.896 208.39 170.629 153.303 142.408 135.453 131.464 129.138 127.45 124.514 125.022 126.681 126.645 131.133 133.874 141.008 147.758 159.371 181.283 211.833 205.185 193.843 183.036 170.758 164.918 148.252 127.923 103.37 71.2576 17.0511 0.988397 -0.637799 -0.912377 
-0.627718 -0.850979 -1.15911 -1.52311 -1.18718 -0.263419 -0.728347 -0.973162 -0.894421 -1.49191 -0.598652 -1.058 -0.942689 -0.397171 -1.00207 -1.11557 -1.26054 -0.75164 -0.707424 -0.937902 -0.526848 0.235322 0.199802 23.0448 75.2275 106.163 132.509 152.592 169.083 174.482 187.912 197.799 207.539 179.679 157.29 141.764 134.232 130.877 127.469 127.232 125.297 124.215 125.542 127.831 129.52 133.142 140.637 146.834 159.314 175.419 219.021 202.636 193.915 183.254 171.312 166.922 149.734 129.328 103.974 72.9264 18.1797 1.15419 -0.166313 -0.644618 
-0.815037 -0.769485 -1.15791 -1.64869 -0.70773 -1.56679 -0.852277 -0.867295 -1.46475 -0.896929 -0.202371 -0.705044 -1.04327 -0.336507 -0.9364 -0.725298 -1.39193 -1.39184 -0.558096 -0.973502 -1.10568 0.502384 1.23974 23.1302 75.3197 106.313 131.603 152.182 167.386 173.05 185.44 199.434 209.885 169.578 153 142.595 134.821 131.826 128.628 127.019 126.118 125.115 126.666 127.109 131.043 133.32 140.474 147.783 158.998 174.891 217.355 204.79 195.708 183.053 172.237 166.074 149.728 130.055 105.673 74.8328 22.1913 1.69038 0.369211 0.483689 
-1.108 -0.354727 -0.557842 -1.00257 -0.964609 -0.437546 -1.18995 -1.0956 -1.04552 -1.09009 -1.08448 -1.63966 -0.888294 -1.26612 -0.977675 -0.949789 -1.33925 -0.636723 -0.269194 -0.212311 0.109176 0.576437 1.34956 21.0137 75.2564 106.001 132.428 152.335 169.419 171.741 186.602 196.852 208.64 169.5 153.375 142.114 134.897 131.572 128.835 126.793 124.912 125.729 127.11 128.197 129.952 134.4 139.808 147.62 157.275 174.574 214.376 206.108 195.718 184.595 172.488 167.682 151.942 132.441 108.059 78.1771 23.8133 2.82362 1.73 0.633897 
