0.222819 0.074118 -0.168957 -0.165623 0.0524359 0.0135733 -0.172351 -0.144622 -0.313049 -0.231412 0.0931122 0.502896 -0.191083 -0.0886082 0.347634 0.925678 -1.19781 52.8203 89.2751 116.682 140.007 157.724 170.398 176.771 188.184 199.391 207.704 179.582 158.955 148.376 139.552 133.529 130.163 128.053 127.511 126.452 126.946 129.409 132.012 135.12 143.308 150.006 164.309 195.524 206.182 199.645 188.479 177.156 171.554 162.052 143.897 122.935 95.8378 62.0291 5.03256 0.408357 -0.722026 -0.634304 -1.20867 -0.821818 -0.565917 -0.733893 -0.795371 -0.976862 
-0.422156 -0.354475 -0.384478 0.181643 -0.353168 -0.0539627 -0.337554 0.0734694 0.0301772 0.0966396 -0.309405 0.040614 -0.106697 -0.101261 0.147039 1.01598 -0.803181 51.4503 89.2251 117.309 139.557 158.311 171.439 177.482 188.25 197.95 207.147 181.79 159.709 147.717 139.251 133.616 129.306 128.3 127.283 127.038 128.385 128.643 131.279 135.695 143.26 150.403 166.252 196.368 206.44 199.149 188.972 176.657 171.308 161.859 145.423 122.855 96.2143 61.8968 5.20067 0.794308 -0.597558 -0.777589 -0.839512 -0.822483 -0.297946 -0.71773 -0.804846 -1.01023 
0.059959 -0.344122 0.0378433 -0.105557 0.014062 -0.0573708 -0.118271 -0.0441642 -0.113598 0.719853 -0.327335 0.140445 -0.149227 0.1657 0.0711774 1.37106 -0.544729 51.8613 88.1036 116.082 140.898 158.486 171.389 175.591 188.821 198.368 205.665 184.3 160.454 148.754 139.245 134.412 129.926 128.152 126.957 127.069 127.23 129.646 131.615 135.773 142.13 150.29 164.537 196.874 206.957 199.33 189.394 179.013 173.29 161.746 144.015 122.884 96.8259 62.6442 4.23268 0.538952 -0.93625 -0.963992 -0.397357 -0.351498 -0.717867 -0.440427 -0.620335 -0.704874 
-0.243943 -0.598883 -0.140655 0.0947253 0.11486 0.299862 -0.210805 -0.25185 -0.312057 -0.476302 0.0396079 -0.357818 0.0813604 0.375778 0.525591 0.978654 -0.586953 49.4865 89.2606 116.926 139.185 158.176 170.993 175.659 191.02 199.145 207.197 185.472 158.641 149.47 140.265 134.267 129.33 129.272 127.776 127.688 131.064 132.287 135.793 136.358 144.605 151.973 165.444 197.815 209.199 201.366 189.511 180.975 171.879 162.394 144.295 123.657 96.0113 62.0539 5.43268 0.614577 -0.472626 -0.456261 -0.478635 -0.783931 -0.601977 -0.735546 -1.12038 -0.984891 
0.142966 0.187545 0.0743128 0.111708 -0.569975 -0.0060655 -0.392522 0.234665 0.168559 0.0284892 0.136947 0.328974 0.188685 -0.154847 0.554671 1.07914 0.00654423 48.6149 87.5906 116.368 139.179 158.155 173.334 175.16 189.859 200.935 205.07 185.875 160.491 150.38 141.433 135.529 130.454 129.602 127.137 129.134 130.259 130.605 132.675 138.645 143.209 151.175 166.543 197.012 207.697 201.15 190.595 179.968 172.7 162.353 144.664 123.165 96.2822 62.7741 4.9545 1.09377 -0.254332 -0.161641 -0.466893 -0.704724 -0.699809 -0.653312 -0.4461 -0.605693 
-0.0134771 -0.548475 -0.0104088 -0.371509 0.128932 0.496126 -0.264897 -0.105611 0.0834253 -0.299442 -0.00362783 -0.0577943 -0.0496069 0.293291 0.359009 1.53789 0.379418 47.8855 88.4882 117.371 140.088 158.748 172.383 177.679 189.943 201.161 206.024 188.338 161.555 150.563 141.135 136.238 132.124 130.666 129.517 128.127 133.146 133.212 133.103 138.014 142.263 153.888 166.978 198.21 211.204 201.446 192.05 181.15 173.29 163.609 146.006 124.37 97.9895 64.0298 6.25619 0.872122 0.0453073 -0.19987 -0.595279 -0.581484 -0.738267 -0.801318 -0.766745 -1.22197 
-0.274763 0.016596 -0.461801 -0.0668364 -0.307668 -0.0198365 0.0639295 -0.0114163 0.139129 0.0563603 0.327789 -0.350885 -0.292229 0.631236 0.408915 1.41239 1.54328 39.9066 86.0705 114.839 139.066 157.091 173.548 176.439 189.89 200.524 208.675 195.089 165.71 153.478 143.093 137.704 131.91 131.549 129.268 128.881 129.782 131.691 134.362 139.277 143.056 152.82 166.258 196.163 210.934 205.776 195.585 186.998 174.453 166.452 149.015 128.632 102.7 69.2694 10.3757 1.78568 0.580898 -0.363141 -0.606586 -0.556188 -0.634954 -0.790073 -1.06331 -0.596483 
-0.14567 0.0651201 -0.261195 -0.0745418 -0.135782 0.255213 -0.181114 0.337306 -0.095304 0.333667 -0.0245439 0.0720018 -0.0669625 0.700696 0.92874 1.25106 2.57842 38.2764 84.5756 114.249 137.363 157.162 171.307 181.768 191.385 201.385 208.431 199.086 166.267 154.707 145.674 138.917 134.108 131.452 130.277 130.258 132.012 132.604 135.071 138.998 144.405 152.472 164.765 194.819 211.782 203.463 194.793 185.563 175.111 166.274 149.48 127.525 103.144 71.2086 14.4487 2.175 0.338105 -0.0779655 -0.297532 -0.533412 -0.864551 -0.356234 -0.53496 -0.464881 
0.201073 -0.31375 0.038577 -0.378787 -0.238578 -0.0281998 0.0396857 0.129279 -0.129342 0.085383 0.309725 0.0399552 0.0539713 0.24745 1.30402 2.28168 2.72842 36.0947 84.7954 114.905 138.602 156.328 172.062 180.7 193.361 203.769 211.159 203.685 170.778 157.655 149.213 141.748 135.862 135.236 132.019 132.651 133.354 133.77 136.718 139.496 147.132 155.657 166.969 197.544 213.134 206.637 195.618 188.295 177.472 168.225 151.675 130.077 104.352 70.2814 12.1708 2.0132 0.677662 -0.00858244 -0.474538 -0.701437 -0.915755 -0.793472 -0.938345 -0.696759 
0.124767 -0.143694 -0.135084 -0.142014 0.21904 -0.10133 0.205657 -0.120501 0.40295 -0.372427 0.120669 0.18198 0.146625 -0.01203 0.790939 1.90098 1.80112 38.4441 90.6572 122.201 148.441 169.303 185.173 191.568 202.41 211.876 217.407 213.35 181.892 171.475 162.178 153.688 146.183 143.232 141.629 140.103 138.308 140.583 143.618 146.99 153.558 164.923 176.252 206.226 223.168 217.893 209.313 198.176 187.236 175.498 158.127 137.651 112.636 81.3207 28.9134 0.690855 0.274922 0.173558 -0.105091 -0.574512 -0.809357 -0.753948 -0.944953 -0.590261 
-0.0514798 0.17415 -0.225078 0.139741 -0.0500118 -0.355446 -0.123574 0.166031 -0.480468 -0.339053 -0.111045 -0.175542 0.0583272 0.429549 1.36949 1.82865 24.2994 81.6137 111.613 138.269 161.858 178.069 193.973 205.5 223.372 231.804 241.202 237.75 206.848 193.5 184.253 176.043 165.873 164.985 162.501 162.332 162.965 164.963 165.625 168.642 175.683 183.07 194.433 223.223 243.332 236.287 225.165 215.613 203.274 190.582 176.149 158.762 137.106 111.721 79.9163 22.7591 0.321546 -0.343113 -0.2604 -0.740518 -0.672732 -0.842305 -0.637885 -0.551098 
0.472131 -0.122992 -0.29638 -0.0735665 -0.43739 -0.053912 0.0149237 -0.290922 -0.113943 0.185754 0.26994 0.340809 0.057975 0.435262 1.05694 -0.00936997 47.5747 98.8144 130.5 158.128 181.397 201.17 214.73 226.96 233.583 241.643 250.225 241.554 214.34 205.417 193.924 181.407 171.513 168.397 167.929 169.517 171.16 174.104 179.23 184.835 192.505 202.635 215.408 246.9 273.245 266.127 258.126 244.453 238.768 226.28 207.539 187.894 163.131 138.894 109.438 69.1382 24.1268 -0.868027 -0.956864 -0.644592 -0.875897 -1.10764 -0.821523 -0.743179 
-0.692811 0.040288 -0.311946 0.0962043 0.0141605 0.0620718 -0.346078 -0.00402292 0.20543 -0.140112 0.11704 0.30004 0.21819 0.548678 0.175103 18.6029 87.2039 119.173 145.427 169.025 190.74 205.209 218.371 229.342 239.071 247.682 237.85 236.425 226.689 222.413 205.376 189.718 179.449 178.395 178.808 176.363 179.617 182.374 187.673 194.424 201.319 208.52 217.103 244.062 278.538 269.539 263.551 255.107 245.508 232.651 218.298 199.711 179.45 157.069 133.049 105.327 73.8058 15.1146 -0.436707 -0.607196 -0.590626 -0.70029 -0.958807 -0.483359 
-0.297654 -0.183566 0.103893 -0.03709 0.131429 -0.0893878 -0.236059 0.0747212 -0.531887 0.380588 -0.0327495 0.164658 -0.0885091 0.406314 4.24393 65.0917 101.407 128.159 152.074 175.085 195.132 210.305 223.203 235.047 243.793 226.3 224.415 234.3 235.874 240.45 219.839 194.715 181.727 180.393 180.181 179.445 181.185 190.615 193.872 200.112 204.103 205.659 214.532 238.28 283.131 271.547 264.548 255.917 245.355 233.006 218.627 199.791 180.771 159.499 136.764 111.087 78.5995 23.7628 -1.06788 -0.77901 -1.2841 -0.902602 -0.841273 -0.562341 
-0.316715 -0.549868 0.0671492 0.0806351 -0.211971 0.133241 -0.500182 -0.150956 0.105084 0.216819 -0.0446337 -0.0646292 0.486966 0.211706 17.9905 72.6228 108.234 133.921 152.482 169.404 186.276 201.585 212.806 218.44 207.225 186.877 187.391 203.974 193.18 190.542 194.485 184.002 160.81 158.349 154.375 153.316 151.758 157.22 169.316 179.174 188.028 184.853 194.54 213.994 264.589 250.502 244.345 235.612 225.52 212.945 199.155 181.719 163.215 138.913 109.247 56.6245 30.2558 4.82852 -0.514802 -0.913224 -1.21008 -0.125819 -1.18365 -0.594995 
0.140107 -0.264798 -0.0420311 0.397499 -0.165725 -0.491326 -0.110217 0.367083 0.0630133 -0.573339 0.367802 0.12847 0.60635 0.613039 5.54564 25.9747 37.5367 81.0357 108.774 135.385 155.388 172.694 186.208 197.182 163.46 146.736 143.437 181.201 163.269 173.981 161.046 152.901 142.029 140.006 139.555 137.641 136.859 137.572 158.371 175.7 177.569 162.344 172.38 190.771 235.336 224.551 216.031 203.88 192.149 176.37 157.863 133.737 104.047 69.5538 17.2344 -0.0317598 1.09637 -0.131157 -0.210128 -0.773895 -0.922404 -0.709445 -0.478652 -0.684136 
-0.289846 0.0144356 0.0852236 -0.157097 -0.492923 -0.233574 -0.000617281 0.0438165 -0.0298425 -0.155806 -0.445555 0.0983545 0.533359 0.446134 0.910009 1.46547 2.14491 7.07982 64.648 98.7011 124.447 143.598 159.202 170.531 129.664 117.343 109.302 135.694 138.484 131.818 135.047 133.655 123.64 120.385 120.384 120.183 120.841 121.234 137.357 138.287 135.368 144.136 155.525 170.706 209.039 199.281 190.102 178.78 168.337 153.667 134.523 110.803 80.4786 29.2711 2.37153 1.60715 1.09314 0.110461 -0.692697 -0.680282 -0.965441 -0.693564 -0.729052 -0.578028 
-0.151882 0.0872529 0.104394 0.0783386 -0.13795 -0.482006 -0.284649 0.234791 -0.0366947 0.0804061 0.0817139 0.000656172 0.397989 1.17175 0.910592 1.54776 2.69181 0.22845 49.878 89.414 116.362 138.58 153.938 158.819 121.592 108.72 100.857 123.397 114.218 127.594 120.801 120.321 122.454 119.856 118.948 117.946 118.676 119.899 132.841 126.575 133.527 139.313 150.333 166.005 204.702 197.05 190.401 178.27 166.235 150.512 131.619 108.728 78.7846 26.9379 3.01459 1.1489 0.486832 0.189788 -0.474168 -0.316921 -0.508742 -0.382681 -0.874871 -0.849443 
-0.155888 -0.447735 -0.00856164 0.03929 -0.314157 -0.0651151 0.0734797 0.162163 0.183513 -0.313999 0.230419 0.371719 0.183716 0.377985 0.793217 1.296 2.34309 2.41946 39.9781 84.2526 113.436 135.609 151.166 147.713 112.846 102.767 98.8109 117.186 106.124 108.826 114.865 111.03 111.331 119.637 118.297 117.373 118.169 118.119 130.431 125.851 131.529 137.75 147.501 162.93 201.461 196.589 188.333 177.085 164.646 149.978 129.642 105.511 76.3499 24.3962 1.76804 0.655457 0.535418 -0.162382 -0.603941 -0.238451 -0.409039 -0.807874 -0.705589 -0.234488 
0.36526 -0.0144181 -0.0623949 -0.115519 0.162044 0.0982762 0.157958 0.110767 0.753418 0.126897 0.273011 0.182563 0.272 0.293374 0.752858 1.22731 1.69692 2.08284 35.4233 81.0753 109.889 132.822 149.853 140.315 107.896 98.5432 95.3767 115.003 103.725 100.918 100.287 107.135 104.562 108.24 116.331 115.937 117.332 120.122 130.089 126.004 129.41 136.716 146.5 160.914 199.374 194.772 187.12 176.538 163.354 147.835 127.685 103.349 74.6131 23.3887 1.73703 0.423348 -0.566708 -0.860988 -0.758524 -0.58218 -0.707455 -0.9252 -1.00176 -0.915542 
0.378103 0.222785 -0.274721 0.15535 0.107362 -0.126385 0.0324943 0.0705343 0.125591 -0.325092 0.0539332 0.0131855 -0.363634 0.22491 0.5601 0.339464 1.51228 1.79082 30.5095 76.7601 108.232 132.016 148.725 138.488 106.353 96.8278 95.935 116.556 102.174 98.1135 95.3203 97.8083 102.157 102.692 109.363 116.839 116.66 119.447 126.104 124.922 128.46 135.256 145.269 159.825 195.587 194.745 186.026 174.895 164.096 147.877 126.827 102.771 72.5859 21.9495 0.939161 -0.263415 -1.13314 -0.349537 -0.96629 -1.2157 -1.11761 -0.818306 -0.606671 -0.748193 
0.241443 -0.286748 -0.245659 -0.460265 -0.192075 -0.424231 -0.136875 0.325844 -0.265772 -0.248533 -0.0264457 0.0674938 0.172534 0.12686 0.370293 0.386845 0.964312 1.53765 27.1837 75.5961 105.466 130.054 146.684 139.496 105.001 96.7084 95.538 115.768 104.192 98.8751 94.2655 93.7889 101.16 100.804 104.028 115.161 115.549 120.463 124.252 123.804 127.393 133.479 144.37 157.412 194.127 195.184 187.438 175.956 162.38 149.806 126.205 102.364 71.2278 21.4831 0.370749 -0.0201029 -0.784722 -0.874472 -0.730391 -0.986202 -0.276382 -1.18868 -0.675858 -0.615047 
0.18279 0.0705292 0.0699283 0.403515 0.0882432 -0.0400654 -0.227865 -0.271707 0.209028 0.181098 -0.086675 0.0754748 -0.162733 -0.14132 0.164668 0.06686 0.678209 1.83976 23.3253 75.3767 104.606 129.484 145.606 144.196 107.536 97.5379 98.7202 112.894 112.138 99.7988 95.0315 93.8225 97.6635 101.066 102.906 111.025 115.686 121.495 124.649 124.125 127.655 134.066 142.007 157.652 191.635 194.894 185.872 175.438 162.481 149.184 127.339 101.545 70.9017 20.3864 0.779581 -0.142669 -0.999 -0.833929 -0.949345 -0.718337 -1.05767 -0.849123 -0.497992 -0.856917 
0.0538246 0.365572 0.158542 -0.212187 0.133211 -0.501955 0.210425 0.304466 0.409425 0.0424304 0.17762 -0.327643 -0.0678521 0.0220308 -0.149307 -0.000984497 0.860686 2.28324 15.7427 70.6603 100.261 126.44 144.822 152.035 111.072 102.01 94.1604 110.383 120.431 103.922 98.6765 95.3497 93.7728 100.799 102.402 109.883 115.664 121.446 122.87 123.63 127.875 133.543 140.476 154.49 187.961 194.744 187.231 175.561 163.678 149.491 131.512 103.502 74.6014 25.2664 0.874767 -0.335681 -0.894458 -0.68059 -0.506349 -0.921407 -0.693418 -1.17462 -0.778945 -0.297336 
-0.0467144 0.473674 0.390408 -0.406538 0.00329134 -0.199515 0.0636688 -0.556957 0.430753 0.0957218 -0.251325 0.079389 -0.246393 0.229036 0.74109 0.680374 1.32176 1.47248 9.28144 68.7358 97.9174 124.116 143.752 158.25 116.281 103.881 101.496 109.719 124.538 107.212 101.626 97.3979 92.9459 100.89 104.419 108.37 115.106 121.334 122.312 121.622 125.835 130.634 140.301 152.679 183.585 195.104 187.193 177.257 164.859 151.717 131.906 106.021 74.5626 27.2583 0.643112 -0.221551 -0.46858 -0.956571 -0.896348 -1.09921 -0.805696 -0.794715 -0.254139 -1.17125 
-0.399785 0.186849 0.412295 -0.321844 -0.138137 -0.497444 0.0970829 -0.125303 0.332348 0.0681205 0.00903309 -0.200417 -0.0638659 0.25497 0.257171 0.194156 0.752685 1.68498 8.82845 66.1424 97.0397 124.235 142.366 159.589 125.265 105.974 107.407 110.755 128.607 109.653 103.741 100.442 95.6663 100.599 104.987 110.193 116.32 122.019 121.956 120.942 125.282 130.741 139.09 151.007 180.531 195.59 186.863 178.382 163.796 150.881 131.168 108.388 73.9659 26.772 0.888777 -0.0786636 -0.626894 -0.351567 -0.561334 -0.914974 -0.63306 -0.0201753 -0.69631 -0.69583 
0.435774 0.382145 0.580876 0.0491167 0.0554517 -0.662059 0.103119 -0.059404 -0.0895153 0.145336 0.026183 0.34972 -0.314876 0.186361 0.227051 0.319195 0.756488 1.42346 7.61874 63.1645 97.0088 122.31 141.686 153.981 139.495 109.7 109.936 112.661 132.801 112.908 107.082 103.507 97.39 103.66 107.592 114.086 114.317 123.393 121.862 121.373 124.528 129.966 136.722 149.375 175.848 194.335 186.265 177.994 165.617 151.527 131.267 108.724 73.4541 27.3952 0.949077 -0.0223428 -0.723686 -0.984479 -0.835835 -0.74234 -0.768952 -0.736986 -0.682086 -0.937469 
-0.00249141 0.239213 -0.0669514 0.311958 -0.0265202 0.0643041 -0.116316 0.031622 -0.297385 0.0658356 0.0957439 0.167843 0.00247053 0.303947 0.55007 0.269477 0.463383 1.08879 7.42473 62.5904 95.4656 120.98 141.77 155.151 148.911 115.788 111.367 117.23 137.916 117.994 110.934 106.422 101.492 109.207 109.245 115.279 113.426 122.844 121.402 121.07 124.565 129.893 136.568 147.625 174.595 194.949 187.529 176.433 164.356 150.689 130.964 108.856 74.9708 27.3336 0.729734 -0.151744 -0.706063 -0.662667 -0.401733 -1.25779 -1.0547 -1.05029 -0.621702 -0.573483 
-0.209134 -0.536792 -0.0716985 0.088916 0.150416 0.0157392 -0.265827 0.590562 -0.235525 0.170273 -0.290805 -0.122265 -0.252371 -0.0654767 -0.406786 0.530897 0.688537 1.54508 3.08973 61.9898 94.6278 121.456 139.955 155.946 159.015 121.313 111.403 126.865 143.055 122.694 115.148 112.225 109.423 112.957 115.3 117.55 114.545 122.064 120.943 120.647 123.367 129.124 136.453 147.095 170.611 195.368 187.949 177.388 165.826 151.453 134.351 107.721 75.3369 28.1854 0.857558 0.102936 -0.732462 -0.820134 -0.718193 -0.897308 -0.887076 -0.763137 -0.990598 -0.973507 
-0.0789482 0.499926 0.559819 0.109212 -0.104772 -0.353199 -0.18425 -0.441655 -0.109618 0.106099 -0.0582835 -0.0641419 -0.448981 0.45038 0.437743 0.0321449 0.296378 1.23165 3.0619 61.1806 94.0447 119.48 140.581 155.507 167.98 129.898 115.853 135.161 152.515 130.145 122.268 119.452 118.049 119.523 118.722 116.277 114.617 121.776 118.565 120.92 123.402 127.482 135.247 145.533 163.696 198.396 186.95 177.272 165.82 155.037 131.472 106.822 75.5989 28.5396 0.777026 -0.0421187 -1.01328 -0.728655 -0.771729 -0.687724 -0.729214 -0.681655 -0.411823 -0.644645 
-0.434564 -0.05717 0.022602 -0.132832 0.235376 -0.602503 0.0471616 -0.450934 -0.1035 -0.269342 -0.332104 0.0432025 0.708365 0.151922 0.369322 0.348855 0.607365 1.44379 2.72183 59.313 94.172 119.564 139.157 155.985 167.115 154.486 126.926 151.441 162.261 140.841 134.087 134.231 126.493 121.667 118.995 116.379 114.996 120.007 118.882 121.119 123.426 127.303 134.23 144.749 159.528 199.879 186.631 177.459 168.783 155.489 132.35 107.621 76.3118 29.1781 0.774542 -0.454937 -1.00034 -0.735449 -0.972215 -0.981149 -0.489092 -0.93362 -0.508025 -0.748644 
0.0363107 0.249922 -1.12377 0.488525 0.28004 0.131797 -0.216767 0.0548991 0.00661086 -0.191492 0.0776214 -0.367822 0.358832 0.310176 0.0716528 0.194685 0.453902 1.16942 2.30583 58.8098 91.4507 119.363 138.975 156.416 167.002 177.601 147.877 157.806 208.402 164.766 152.846 140.413 127.885 122.889 118.772 117.068 115.653 120.343 117.849 120.656 122.798 126.388 133.471 143.988 157.985 196.503 187.212 177.934 172.008 150.535 131.75 106.422 76.5637 29.9472 0.734927 0.054425 -1.18749 -0.78781 -0.402222 -0.585682 -0.501374 -0.489414 -0.88714 -0.856826 
1.88019 1.71865 1.49115 1.62072 1.42031 0.687775 1.44728 1.07869 1.18815 1.44558 1.06796 1.54936 1.91967 1.55767 1.63143 1.70425 2.31072 2.92463 2.48707 60.7921 94.7666 120.575 141.493 159.453 171.635 181.767 190.344 195.552 239.34 173.247 157.812 145.047 126.585 121.94 118.792 116.304 114.874 118.402 116.685 118.353 121.51 125.061 131.04 140.809 156.422 193.856 186.952 183.628 164.514 150.727 131.434 105.519 77.5929 31.3698 1.03801 0.647172 -0.147975 0.0790337 -0.00722106 -0.345776 0.320429 -0.439655 0.268563 -0.0849785 
2.83662 1.41653 2.27071 1.90572 1.42821 1.33876 1.45172 1.89789 1.54699 2.07378 1.68697 1.14132 2.00394 1.59261 1.20922 1.68967 2.24456 3.09812 0.731564 61.1582 94.3157 120.903 142.638 159.329 170.479 181.351 191.772 198.499 235.703 176.309 160.055 147.733 126.584 122.673 119.909 117.008 115.387 119.014 117.28 118.957 120.848 125.513 130.173 140.748 155.395 191.683 189.588 179.423 166.358 151.68 131.941 106.342 77.5463 32.0666 1.81129 0.985942 -0.109871 0.129414 -0.175322 0.280754 0.406515 -0.252404 -0.0798468 -0.249828 
1.61573 2.93213 1.57692 1.39275 1.51038 1.39394 1.86148 1.8102 1.59042 2.23222 1.39661 1.73202 2.09931 1.84082 1.48128 1.94434 2.12839 2.73583 0.400552 60.2118 93.6616 121.661 142.695 158.001 171.126 182.574 191.792 200.389 232.806 180.981 161.037 148.24 128.159 123.505 119.782 116.706 114.828 119.385 117.107 118.37 121.15 125.953 129.971 139.901 154.654 193.185 189.528 178.085 165.054 150.786 132.268 107.578 77.9184 33.5486 1.30946 0.520816 0.113377 -0.0141404 -0.232269 0.37493 0.129081 0.163746 0.41188 0.334206 
2.3248 2.58275 2.86841 2.92508 1.22466 1.99414 2.03333 1.32901 1.84224 1.09608 1.39224 2.12449 1.5288 1.47509 1.72625 1.59384 1.88492 3.33018 -0.0105673 58.6168 93.5415 120.596 141.775 159.279 171.698 181.442 193.065 198.976 218.946 195.586 161.941 149.068 129.16 123.461 120.438 117.328 114.948 120.607 116.056 118.744 121.14 124.271 130.33 138.884 153.722 192.007 189.417 177.827 165.27 151.585 132.268 107.306 79.2968 34.6742 0.977665 0.250219 -0.0471801 -0.149935 -0.670067 -0.0850735 -0.312331 -0.239939 -0.935499 0.355289 
2.01457 1.64357 1.91334 1.5749 1.31345 1.84562 2.0074 1.55422 1.5498 1.52777 1.33865 1.56028 1.91038 1.55308 1.67272 2.07335 1.98226 3.41921 0.0828656 57.5283 92.4301 119.396 141.421 158.588 170.599 182.67 193.463 201.627 208.616 202.62 164.399 149.322 128.815 123.812 120.33 117.311 115.244 120.051 116.669 119.307 120.641 124.078 130.628 138.687 151.872 190.143 187.99 177.342 166.992 152.151 133.512 108.539 79.9052 36.8215 0.98388 0.29597 -0.0204271 -0.303168 0.300412 0.301402 -0.288659 0.362208 0.318029 -0.0278969 
1.78546 2.29863 1.53864 2.05585 1.80956 2.27264 2.09174 2.27047 1.6518 2.07835 1.57076 1.6181 1.21507 2.20728 1.79314 1.83546 2.14202 3.08686 -0.462495 55.4616 92.3229 120.615 141.301 156.914 172.55 183.606 193.224 201.18 206.883 202.912 169.241 149.792 130.118 124.466 120.88 118.201 115.897 120.11 117.141 117.956 120.788 123.872 130.697 138.183 151.424 189.566 187.348 178.124 167.18 153.386 134.174 109.669 80.1453 47.7038 1.41445 0.794074 0.0805043 -0.00932458 -0.570508 -0.023036 0.234889 -0.187607 -0.0891569 -0.193217 
2.09583 1.15145 1.55629 2.38495 1.70806 1.93938 1.32559 2.31314 2.02478 1.34152 1.81756 1.80065 1.86959 2.1235 1.76147 2.02275 2.06504 2.6336 0.859043 55.4799 91.2812 119.01 140.071 159.048 171.531 182.139 192.29 201.448 208.741 199.466 173.057 151.838 130.546 123.808 120.631 119.354 116.303 117.999 116.909 118.762 120.882 124.572 129.603 137.253 149.77 187.565 187.607 179.15 167.457 153.068 134.381 110.424 80.9424 40.4762 0.933531 1.07278 0.210991 0.263796 0.226326 -0.265615 -0.411304 -0.227476 -0.0681058 0.266324 
1.23429 2.00343 2.51295 2.04633 1.61616 1.42776 1.46158 1.76767 1.58411 1.71067 1.79657 1.97109 2.82179 1.72748 1.84407 1.34122 2.063 3.03386 0.316475 53.9137 92.035 119.091 141.823 158.14 170.91 181.367 193.291 202.403 207.818 203.504 175.987 152.865 132.105 125.487 121.227 117.802 116.265 117.836 118.59 121.337 120.859 124.745 129.704 136.955 153.704 183.574 188.294 178 167.203 153.408 135.436 111.082 82.6385 42.9593 0.803507 1.57268 0.76003 0.240895 0.617421 0.152766 -0.137734 0.423283 0.156191 0.914817 
2.23704 1.81911 1.5131 1.81428 1.38136 1.18239 1.39466 2.3048 2.05041 2.21306 1.47643 2.04667 2.06196 2.08485 1.42876 1.91551 2.01145 3.53494 1.3615 50.585 90.1262 116.471 140.164 156.897 170.499 180.927 191.922 202.233 209.733 202.643 180.462 154.939 134.18 125.462 122.48 118.723 117.459 116.012 119.918 120.992 120.631 123.878 128.718 136.955 150.621 180.932 189.925 180.543 169.073 155.081 138.418 113.921 86.8537 48.6892 0.792028 1.63621 1.20435 0.803647 0.740731 0.445991 -0.116339 0.0409397 -0.0834496 0.282369 
1.91239 2.3262 1.40658 1.81716 2.07223 1.84503 2.07583 2.10067 1.18747 1.91628 1.90714 1.6241 1.69024 1.72126 1.61936 1.51879 2.69585 3.63099 4.02005 42.8559 88.2023 115.659 137.667 155.92 169.472 180.781 190.975 201.341 207.52 197.501 188.843 157.675 136.148 126.108 122.28 119.09 117.429 116.288 116.207 120.503 120.541 125.765 129.219 138.807 147.513 177.365 191.253 181.319 169.866 157.035 141.181 116.791 90.1408 55.7233 2.00519 3.15162 2.04657 0.94291 0.846317 1.02228 0.519527 0.317975 -0.27143 -0.0356958 
1.39993 2.15815 2.21434 2.05669 1.74273 2.12785 1.7414 1.50903 2.03045 1.55618 1.84688 1.89447 1.83476 2.14041 1.73785 1.26249 2.34635 3.06199 4.18214 41.7611 88.0905 116.339 136.608 154.811 170.102 180.448 191.95 201.475 208.554 202.285 186.764 160.403 136.522 128.451 121.888 118.745 117.881 116.238 114.477 123.753 119.287 125.54 130.403 137.724 146.612 176.291 190.949 182.001 170.128 157.324 142.19 118.116 92.137 57.5546 3.32617 3.1672 2.84387 1.54778 1.07995 0.768445 0.840758 -0.16657 -0.187909 0.119736 
1.8343 1.71693 2.18365 2.01246 2.45955 2.07069 2.03157 2.18847 2.12227 2.22921 1.76313 1.56791 0.969724 1.76823 2.14583 2.0187 2.58016 4.10304 4.07954 40.6632 87.9764 115.569 138.098 156.219 170.92 181.084 191.275 201.313 209.887 203.435 185.893 163.412 138.027 128.591 123.251 120.502 118.588 116.757 114.736 123.943 122.491 125.381 130.927 139.154 150.635 177.317 196.562 186.06 171.72 157.567 139.845 120.513 94.2942 60.02 5.27265 3.66138 2.78738 3.27453 1.23698 0.677148 0.764017 0.353356 0.0486885 -0.0728673 
2.32763 2.35038 1.68752 2.22508 1.8137 1.66662 1.85867 1.61501 1.72635 1.88452 1.94482 1.77547 1.94352 2.22747 1.61413 2.10767 2.07321 3.85626 4.72084 51.2453 91.113 119.895 142.681 162.263 176.931 185.73 197.226 205.029 212.03 207.975 205.472 166.969 141.646 132.366 126.382 123.415 120.633 120.083 119.274 126.052 127.297 133.573 145.4 147.415 148.042 170.695 193.876 182.521 173.64 158.5 143.001 123.43 98.311 65.4915 8.88486 4.04646 4.03407 2.94844 2.0808 1.09628 0.700315 -0.384375 -0.44304 0.61793 
1.60725 1.649 1.37628 1.77107 1.9467 2.44835 1.58542 2.17141 2.02633 1.93453 1.83837 1.75465 1.86981 2.15659 1.7265 1.58634 1.82676 2.02568 37.0115 83.8738 112.254 135.787 160.026 176.637 190.682 201.245 209.138 218.434 228.202 222.761 252.384 232.104 175.587 147.213 139.81 135.541 130.3 130.894 133.279 143.499 154.344 164.772 166.753 158.732 169.273 187.795 225.597 212.015 201.705 190.315 175.87 160.194 141.174 119.818 94.4304 59.1197 52.1241 45.2003 38.8304 3.44012 0.444133 0.598392 -0.154168 -0.489416 
1.97785 1.75803 1.86972 1.2736 2.02203 1.62319 1.35691 1.77048 1.46638 1.53434 1.53283 1.81078 1.89553 1.55993 1.73045 1.9633 2.50793 1.27358 55.8297 93.736 121.533 147.422 169.023 187.574 201.626 211.38 220.47 230.718 235.967 243.395 255.836 230.667 192.815 170.557 155.801 153.944 154.187 153.816 158.609 198.036 208.504 201.063 172.851 179.946 189.82 210.002 258.238 245.846 239.84 232.056 223.903 214.802 203.809 190.194 169.615 149.802 129.588 109.423 84.5399 35.6934 -0.640805 0.013228 -0.117695 0.0352552 
2.35289 1.96577 2.50275 1.85646 2.31559 2.28605 1.73681 1.44618 1.47785 1.8379 2.4415 1.83877 1.47104 1.58205 1.66019 2.60518 2.29538 19.7333 76.8514 107.718 133.871 158.071 178.461 193.72 209.423 222.759 231.736 242.56 247.081 241.774 243.249 219.58 189.979 176.698 165.647 161.77 159.176 159.933 178.203 198.973 214.108 211.313 179.05 192.2 205.33 225.475 274.295 260.54 256.317 246.266 238.055 225.286 212.579 195.035 179.129 158.956 138.751 117.865 92.8248 58.2322 -2.94639 -0.249423 -0.15565 -0.173303 
1.91475 1.79289 1.45486 2.18582 1.81073 1.12745 1.84735 1.21067 1.89043 1.80607 1.86148 2.55492 2.04631 1.95049 2.08263 2.38634 2.13897 14.3432 72.9709 104.617 132.774 159.352 179.368 194.241 209.107 223.793 234.654 246.676 254.004 257.715 225.958 213.12 189.441 179.101 171.935 168.711 166.802 167.019 181.158 197.097 207.099 200.335 192.426 195.902 208.852 228.262 275.107 266.271 258.983 253.177 240.323 230.889 215.208 198.865 182.674 163.717 142.511 118.644 90.2901 41.4934 -0.405247 0.329253 -0.196549 -0.0214242 
2.09361 1.24762 1.08448 1.60286 1.26961 1.19244 1.82434 1.85838 2.14516 2.03318 1.80481 1.94587 1.97166 2.2989 1.70286 1.95337 2.40997 1.78697 48.5905 93.3259 122.146 147.225 170.757 188.44 201.491 219.036 226.757 237.368 249.15 257.55 220.014 205.735 187.848 178.044 175.144 172.305 170.617 168.808 181.961 188.071 194.7 193.367 197.355 193.028 205.939 226.455 271.558 264.286 258.136 248.324 237.588 227.718 213.521 199.028 180.796 161.413 138.337 110.152 73.547 9.88189 0.87967 0.105488 -0.0801031 0.399688 
1.64258 1.18261 1.66771 1.28938 2.22249 1.17746 1.58639 1.71493 1.67613 1.39202 1.43483 1.97858 1.84086 1.51489 2.03454 2.15332 2.5637 3.38298 9.44357 69.1078 103.881 132.589 156.262 173.705 188.801 202.263 214.33 225.086 234.667 245.124 208.979 196.75 181.609 175.132 173.47 171.674 170.055 168.867 175.645 177.794 181.313 185.115 190.358 190.984 200.794 220.104 268.137 260.309 252.303 242.222 233.845 221.122 208.665 194.782 173.71 150.327 122.291 89.7928 28.4141 0.845031 0.554938 0.430844 -0.0221055 -0.115904 
1.71657 2.41981 0.907061 1.55117 1.90716 1.68838 1.48759 1.78968 2.38319 1.74057 1.71048 2.07765 1.47264 1.55547 1.37072 1.79729 2.65646 3.31055 3.92153 23.3525 77.8277 111.52 138.135 156.758 173.512 188.379 198.752 210.382 217.844 226.915 189.878 175.962 161.365 157.538 155.118 152.985 154.355 155.638 160.691 163.941 166.7 169.198 175.031 181.278 189.857 208.785 250.775 249.632 238.728 228.977 219.152 208.216 192.969 176.145 153.637 127.279 97.4566 45.6428 1.52178 1.44936 1.11494 -0.195191 0.268771 -0.218801 
1.61424 2.56596 1.37708 0.921103 1.96216 1.45231 1.86398 1.24201 1.50088 1.8021 1.77589 2.29574 1.19271 1.68618 1.58022 1.68947 2.26849 3.05285 3.92594 12.1787 68.0299 101.921 128.876 150.673 168.044 181.723 190.547 201.818 209.436 219.949 184.24 164.586 146.975 140.197 136.816 133.434 133.64 134.621 140.231 142.45 146.745 149.308 156.446 163.148 174.29 193.051 232.346 226.71 217.356 208.233 195.691 188.648 171.197 149.777 125.302 96.6912 50.793 2.592 2.32922 1.88598 0.68446 0.219571 -0.00444701 -0.0385719 
1.1848 1.74925 2.51847 1.95247 1.88381 2.22246 1.60927 2.02547 1.10833 1.77443 1.54524 1.93483 1.68679 1.20063 1.60014 1.81978 2.46152 2.92307 3.62914 9.62828 68.9465 102.096 128.449 149.817 169.283 178.829 189.441 200.011 209.963 218.856 180.087 164.484 146.636 139.071 134.81 133.044 130.347 130.765 133.425 132.591 133.541 136.171 140.406 148.646 160.27 174.365 210.085 209.279 198.973 191.124 178.384 173.678 157.634 138.858 116.844 88.747 43.7303 2.69062 2.11419 1.0422 0.0437701 0.340152 -0.277915 0.0648223 
1.82354 1.11899 1.68915 1.59907 1.2829 1.69924 2.04485 1.28042 1.34314 1.82453 1.55128 1.75106 1.36242 2.06027 1.74131 1.77684 2.19397 1.96172 3.62645 8.89701 67.794 100.341 128.897 149.872 166.088 179.227 187.469 199.64 210.824 218.152 180.547 164.446 145.985 138.991 134.177 132.948 129.501 130.638 129.88 130.041 132.824 135.769 139.971 148.168 158.213 172.456 209.298 209.411 199.55 190.733 175.434 173.608 156.705 139.144 115.883 87.9086 41.9611 2.07655 1.88303 0.670802 0.252654 -0.0504784 -0.00485717 0.192702 
3.123 2.30988 1.53595 1.11514 1.47701 1.6529 1.75659 1.51258 1.77523 1.90525 1.92456 0.969531 1.25833 1.628 2.09905 1.87017 1.88826 2.29986 3.64577 8.79361 66.1774 100.949 128.163 149.848 166.803 178.019 187.878 196.855 207.311 218.155 179.383 163.541 145.24 137.497 132.97 131.789 129.44 128.457 129.897 131.067 133.131 136.567 140.58 148.121 156.581 171.241 208.111 209.659 199.602 190.752 175.364 173.825 157.209 139.055 115.681 87.8056 45.0713 1.18286 0.900339 0.204809 0.0828122 -0.177522 -0.401246 -0.29704 
1.77001 2.14889 2.19692 1.4376 1.99738 1.92136 0.918879 1.8729 1.62749 1.78268 1.94999 1.70318 1.71127 1.70782 2.46461 1.43182 1.4893 2.46467 2.68296 9.13096 66.3328 99.8832 127.611 148.604 167.031 179.428 183.59 195.829 206.125 217.815 178.163 163.772 144.806 136.656 132.521 131.233 129.251 129.55 128.778 129.435 132.365 135.115 140.823 147.665 155.849 171.083 206.585 207.543 198.375 191.362 175.842 173.946 157.193 139.189 115.062 87.6506 46.4535 0.84684 0.90274 -0.0115723 -0.0628989 -0.0294651 -0.224956 0.0555551 
1.54625 1.49493 1.49009 2.37349 1.86944 1.55351 1.29783 1.45789 2.2157 1.0105 1.19899 1.90147 1.89771 2.21027 1.38767 1.67986 1.73071 2.42754 2.74668 8.14222 66.073 98.6699 127.277 146.885 165.544 177.876 185.178 196.78 205.121 215.281 179.611 163.567 145.13 136.687 133.46 130.716 129.378 127.596 128.3 129.406 130.729 133.025 137.605 143.955 153.776 168.068 202.441 207.516 199.66 189.254 171.263 177.512 158.612 139.261 116.761 89.1295 49.7374 -0.482761 0.719544 0.0736289 -0.447201 -0.574144 -0.451801 0.229184 
1.80228 1.44693 0.96334 1.64206 1.34031 1.43457 2.06825 2.20938 1.62746 2.01524 1.33515 1.80272 1.76907 2.12509 2.15849 1.67387 1.51391 2.46053 2.99098 4.0195 61.7848 95.9929 123.955 146.483 164.561 175.381 185.357 195.972 204.8 218.726 180.778 164.478 146.075 137.017 131.945 130.684 127.61 127.51 127.18 128.455 130.33 132.984 138.044 142.886 152.422 166.94 199.597 208.701 199.139 190.067 176.046 173.501 160.33 142.239 119.92 92.3641 57.3127 1.43614 0.8259 0.233789 -0.410029 -0.0342641 -0.0406567 -0.146135 
1.66664 1.27363 1.11934 0.988591 1.77591 2.29179 1.11789 1.39846 2.69589 1.82419 1.1432 1.27155 1.38009 1.54673 1.66883 1.4521 1.81471 2.43123 2.43231 2.74367 61.6561 96.8548 123.905 145.793 163.573 176.017 183.385 193.099 203.26 218.376 179.378 163.872 145.684 137.142 131.614 130.234 127.874 127.711 128.102 127.373 129.619 132.827 136.955 143.402 151.658 164.278 198.196 207.323 200.61 190.541 176.837 173.329 160.191 140.63 120.014 91.8602 57.6784 0.912957 0.933233 0.286963 -0.224853 -0.143006 -0.272206 -0.0179133 
1.53947 1.33797 0.996702 1.24847 1.17076 2.00779 1.64466 1.51242 1.53382 1.876 1.67154 1.40775 1.81189 2.17111 1.60293 1.44966 1.83125 2.3701 2.9326 4.18928 60.9452 96.4357 123.275 146.893 165.043 175.539 181.377 195.121 201.827 217.922 178.603 163.407 145.19 136.832 131.945 129.858 127.761 126.531 127.552 127.11 129.038 131.807 135.822 144.064 152.428 164.194 195.837 209.117 198.992 189.353 176.532 172.59 159.288 142.298 120.513 92.8586 58.6096 2.38379 0.979783 -0.37315 0.00911742 -0.215492 -0.147755 -0.225967 
1.52262 2.00088 1.28009 1.1974 1.31588 2.20237 2.04958 1.50515 1.26271 1.09636 1.60082 1.54691 1.57604 2.28182 1.16623 1.54165 1.47338 1.88155 2.52094 4.38746 61.7059 95.8087 123.853 146.649 163.921 175.921 183.346 192.1 202.611 218.431 179.331 162.963 144.156 136.024 131.224 142.595 126.998 126.219 126.423 126.507 128.331 130.579 136.041 142.651 150.332 162.827 194.47 209.05 200.422 190.599 179.492 170.848 161.035 143.562 120.206 93.3384 58.6492 2.8031 1.35474 0.552667 0.277138 0.570781 0.204047 -0.34244 
1.59316 1.70355 1.38528 1.38789 1.78067 1.22045 1.40288 1.73763 0.663328 1.55456 2.18249 1.46274 1.32211 2.06741 1.36355 1.50838 1.59924 1.90924 4.11321 3.80106 60.7045 96.418 124.417 146.41 164.973 175.716 181.72 193.693 202.327 216.497 179.894 165.133 145.875 136.153 132.026 129.442 126.866 128.382 127.042 126.318 130.009 131.667 135.798 142.442 151.844 163.351 194.901 209.379 200.814 190.398 179.795 173.044 161.002 143.376 121.975 94.3922 60.2285 3.95012 1.82646 1.09692 0.608632 0.076153 0.367133 0.352119 
1.3392 1.67668 1.93432 1.17172 1.35224 1.65999 1.08243 1.38756 0.851733 1.69828 1.17002 1.003 1.26 1.22106 1.74519 2.18871 1.59742 2.88314 3.74413 4.90737 61.7738 95.8175 123.09 146.734 164.398 174.029 180.503 192.229 202.872 214.432 179.889 162.527 145.936 135.843 131.87 129.302 127.193 127.715 126.481 126.833 129.043 131.043 136.117 141.464 150.165 162.218 192.939 207.97 201.194 190.878 179.58 172.524 161.984 144.028 121.715 95.4817 62.591 5.63068 2.60256 1.06076 1.35301 1.69214 0.646191 -0.0804132 
