-0.609021 -0.1361 -0.862219 -0.324305 -0.526568 -0.453939 -0.583603 -0.488145 -0.675871 -0.679176 -0.552401 -0.503426 -0.377343 -0.696454 -0.824559 -0.571914 -0.416467 -0.151992 0.712606 4.58243 60.0026 94.3967 121.903 143.606 161.222 170.772 177.848 192.845 198.905 207.437 169.945 151.857 141.569 134.145 130.981 128.466 126.533 126.386 127.145 127.23 130.564 132.936 139.592 145.69 155.731 172.076 206.278 205.016 196.746 187.093 177.009 172.961 156.654 137.98 114.553 84.9231 39.9862 0.59352 -0.109787 -0.873911 -0.53657 -0.572482 -0.741608 -0.797175 
-0.590563 -0.481702 -0.443736 -0.542096 -0.933973 -0.921232 -0.807608 -0.762532 -0.897638 -0.821401 -1.05927 -0.738678 -0.609891 -0.602866 -0.607887 -0.497509 -0.311694 0.0760015 0.625312 3.43501 60.2017 94.0803 121.82 143.924 161.252 168.772 178.931 193.426 199.438 205.556 168.943 152.234 141.303 134.571 130.471 129.05 127.549 125.151 126.873 127.237 131.209 133.162 139.69 146.557 156.052 172.333 207.678 204.43 197.639 187.374 176.603 171.684 157.385 137.318 114.624 85.9187 41.1052 0.460755 -0.130532 -0.795409 -0.637103 -0.903355 -0.491254 -0.389861 
-0.502513 -0.9438 -0.857694 -0.547401 -0.476228 -0.643342 -0.457355 -0.636167 -0.618505 -0.67561 -0.83583 -0.378099 -0.849476 -0.554861 -0.826513 -0.720632 -0.150435 -0.279376 0.901448 3.3318 60.1294 94.7013 121.597 142.868 161.416 169.505 180.046 193.812 199.6 205.694 170.336 152.557 141.487 134.032 130.897 127.459 126.739 126.156 127.427 127.846 131.042 134.521 139.445 145.968 156.518 172.252 206.682 205.647 199.197 187.166 176.975 172.827 156.52 139.287 114.582 86.1587 41.4346 0.268608 0.0393661 -0.47115 -0.543751 -0.57988 -0.356674 -0.715259 
-0.853581 -1.15331 -0.490542 -0.858342 -0.511972 -0.81829 -0.659927 -1.1667 -0.725581 -0.663002 -0.9175 -0.584459 -0.62942 -0.436634 -0.764586 -0.862073 -0.434417 0.0339984 0.920864 4.35586 59.8455 93.8108 121.251 143.049 160.613 170.137 178.646 193.017 196.555 206.309 169.995 155.453 142.894 135.513 131.085 128.856 127.128 126.321 127.305 129.904 131.038 134.391 140.546 148.091 157.432 172.054 208.002 204.71 197.693 190.351 176.823 172.595 156.871 138.296 115.294 86.2654 42.2835 0.661915 0.557989 -0.200473 -0.543399 -0.670946 -0.846419 -0.987171 
-0.691353 -0.59654 -0.389369 -0.467253 -0.90125 -0.404289 -0.895479 -0.481181 -0.560338 -0.528401 -0.585429 -0.483757 -0.78704 -0.738326 -0.384047 -0.686656 -0.279815 0.156487 1.03199 2.3843 59.383 94.6063 122.404 143.56 162.16 169.422 179.507 192.68 198.845 207.792 171.292 154.804 142.689 135.39 132.712 127.064 127.15 127.956 127.499 129.105 131.316 134.852 140.716 147.328 159.24 173.489 209.325 203.802 197.881 189.969 177.208 172.873 156.888 138.704 116.448 87.7498 43.4379 1.58578 0.862572 -0.00807399 -0.355463 -0.249077 -0.431898 -0.521798 
-0.592297 -0.545029 -0.64435 -1.14389 -0.843697 -0.240301 -0.663784 -0.39788 -0.506051 -0.736132 -0.455747 -0.710078 -0.99682 -0.593767 -0.693251 -0.498741 -0.187624 0.149987 1.22967 3.88007 60.0755 94.0977 122.489 144.183 161.308 171.248 180.307 193.483 199.725 207.798 172.441 155.665 144.196 135.73 131.837 128.969 128.285 127.982 128.51 129.081 131.602 135.257 141.004 147.738 158.595 173.308 210.08 205.62 198.608 188.624 177.331 173.503 157.509 140.566 116.843 88.2123 44.6529 1.32439 1.18331 0.168657 -0.0696445 -0.441015 -0.554002 -0.937068 
-0.79485 -0.475521 -0.839481 -0.597293 -0.860151 -0.745993 -0.729354 -0.542846 -0.515321 -0.486197 -0.585903 -0.634854 -0.725878 -0.300746 -0.686249 -0.473894 -0.107906 0.659705 1.31637 0.933711 57.34 92.7948 119.968 142.521 160.229 171.941 180.451 193.351 200.591 212.13 172.51 156.218 142.819 136.736 133.448 129.756 128.863 128.328 129.615 129.835 131.935 135.991 141.738 147.648 158.178 173.176 209.297 209.599 201.208 192.597 179.145 175.795 161.551 143.054 121.115 93.162 55.9062 -0.217419 2.03796 0.730009 -0.372445 -0.114779 -0.735393 -0.395072 
-0.55429 -0.644411 -0.924357 -0.557493 -0.784642 -0.510655 -0.711159 -0.51722 -0.764654 -0.597619 -0.547934 -0.480987 -0.698554 -0.531119 -0.279851 -0.738504 -0.148357 0.905421 1.70453 -0.658045 53.8909 92.0033 119.647 142.632 160.792 173.938 181.556 193.395 201.216 215.231 175.871 158.58 145.461 138.079 134.947 131.732 130.403 129.731 130.769 131.335 132.326 136.295 142.45 148.343 158.988 174.303 210.039 209.237 202.641 193.301 180.686 176.964 162.314 144.025 122.11 94.9111 59.7992 0.718713 2.27882 1.32326 -0.243628 -0.080428 -0.317115 -0.354039 
-0.811691 -0.910485 -0.607821 -0.626633 -0.918727 -0.288534 -0.417293 -0.747466 -0.723844 -0.701873 -0.312038 -0.918243 -0.798033 -0.856759 -0.274799 -0.144134 0.199024 0.621418 2.07316 0.256424 57.1874 93.0404 120.174 142.902 160.604 172.162 182.867 192.782 200.944 213.078 177.006 158.77 143.937 138.135 134.977 130.045 128.929 129.819 129.749 131.384 133.243 136.744 142.712 147.465 157.961 174.028 211.471 211.08 201.829 193.81 182.028 177.942 163.669 145.644 123.535 95.9349 57.625 -0.186627 2.344 0.855901 0.347371 -0.239318 -0.488765 -0.449724 
-0.455188 -0.824492 -0.721579 -0.913553 -0.446918 -0.3944 -0.409398 -0.709414 -0.748105 -0.717413 -0.447511 -0.585782 -0.803801 -0.797885 -0.833382 -0.182226 0.668881 0.89245 2.04072 -2.20921 52.0404 91.6733 121.042 143.885 162.443 174.358 185.622 195.798 202.876 214.396 181.886 161.117 146.433 140.127 136.539 132.737 132.255 130.866 132.611 134.132 135.36 142.263 147.046 155.468 165.512 180.958 219.105 220.08 212.487 204.64 193.791 188.835 174.708 156.475 138.639 114.985 84.8009 37.6534 0.76034 0.810802 0.66481 -0.357139 -0.827607 -0.422572 
-0.866034 -0.606745 -0.55047 -0.984669 -0.51686 -0.670911 -0.765602 -0.67302 -0.933309 -0.995719 -0.507883 -1.05679 -0.520992 -0.72714 -0.413646 -0.536578 0.429033 0.975826 2.28977 55.145 96.471 121.934 142.372 164.908 183.558 194.515 202.73 213.377 219.723 230.173 199.859 176.303 161.242 154.86 150.206 147.546 146.838 145.469 146.559 148.566 150.677 154.415 160.758 168.197 178.81 193.253 231.84 234.342 227.971 221.254 214.247 208.066 197.195 185.808 171.958 155.507 134.003 96.8472 39.4445 15.3169 -0.511843 -0.405279 -0.170693 -0.330219 
-0.694922 -0.882666 -1.16318 -0.795572 -0.96055 -0.61059 -0.179857 -0.792848 -0.777689 -0.532983 -0.648344 -0.430714 -0.569523 -0.64792 -0.618025 0.127823 0.0977496 0.624118 21.3611 86.0541 122.762 147.245 177.157 192.84 205.479 217.875 229.419 237.125 241.949 248.033 218.118 188.333 171.891 164.395 158.62 156.384 155.322 153.728 153.538 155.408 159.168 164.174 170.491 177.543 188.177 204.387 243.052 248.156 245.719 235.812 228.168 217.93 205.408 190.853 179.419 162.661 145.866 125.466 89.9832 58.5304 10.384 -0.211439 -0.125823 -0.413672 
-0.968089 -0.559702 -0.623068 -0.504062 -0.794222 -0.76278 -0.968608 -0.759738 -0.596948 -0.757757 -0.816187 -0.868763 -0.596572 -0.451013 -0.370232 -0.0421898 0.363518 15.0455 74.6614 117.525 136.723 154.626 175.571 196.06 213.153 227.24 235.127 243.992 249.621 254.172 225.096 198.2 172.367 169.353 168.19 169.484 169.043 168.967 169.607 172.422 175.528 178.785 184.561 192.408 202.165 218.52 261.044 268.499 261.115 252.827 243.523 231.599 218.883 205.894 189.069 177.027 160.665 145.121 118.434 78.8885 24.7059 -0.405564 -0.211337 -0.607912 
-1.02925 -1.1377 -0.707025 -0.757407 -0.92015 -0.625888 -0.579447 -0.801669 -0.766571 -0.554451 -0.723806 -0.472606 -0.818165 -0.372958 -0.176852 -0.228429 -1.63829 41.3511 101.145 128.705 143.124 163.015 184.489 202.897 218.536 231.477 241.586 250.353 254.5 260.812 233.012 188.407 172.924 168.552 173.288 177.164 174.63 173.422 173.83 176.357 178.113 181.902 186.134 193.409 205.247 219.874 259.861 269.953 263.494 254.926 246.718 234.567 223.192 207.741 189.814 177.752 162.8 147.68 119.131 86.675 28.2088 2.61558 -0.155897 -0.394054 
-0.765145 -1.27159 -0.51591 -0.910888 -0.941027 -0.531001 -0.857725 -0.809887 -0.786394 -0.640014 -0.469771 -0.737277 -0.45651 -0.585159 -0.309869 -0.52137 -2.14976 48.0282 101.902 128.052 144.348 165.959 185.894 204.6 219.754 232.368 240.473 249.752 257.468 252.64 215.533 184.394 169.486 166.614 163.852 166.59 171.111 174.983 176.087 179.888 177.287 173.702 178.437 183.109 191.756 204.624 242.795 251.949 243.899 234.912 225.53 210.711 196.087 177.364 162.246 142.852 122.557 82.847 32.0136 19.3192 6.30964 3.36556 2.57932 1.21722 
-0.628986 -0.808512 -0.829988 -0.69124 -0.764817 -0.858656 -0.777318 -0.73102 -0.732448 -0.941106 -0.396157 -0.808174 -0.443447 -0.571487 -0.343309 -0.521894 -0.597465 26.2163 59.2581 76.1615 107.54 136.547 164.814 176.23 188.595 203.24 211.913 219.595 214.646 201.78 179.6 150.169 135.384 131.762 128.542 124.69 121.794 122.029 125.236 129.803 132.105 137.198 140.887 147.261 156.953 171.829 206.562 215.591 208.663 201.225 190.782 178.883 161.147 143.097 121.915 92.847 51.8671 5.66175 2.73514 2.16526 1.80509 1.16082 1.3721 0.804239 
-1.07464 -0.742586 -0.78845 -0.547895 -0.957669 -0.590062 -0.785005 -0.730374 -0.706419 -0.515061 -0.758917 -0.666403 -0.482063 -0.547934 -0.542157 -0.697764 0.152384 7.84127 9.12218 6.341 6.82011 53.8776 92.0641 118.43 140.598 157.938 169.247 174.968 159.867 161.557 149.531 122.264 111.997 107.796 106.607 104.521 103.361 102.843 105.039 108.158 116.491 126.051 132.52 138.154 147.468 160.847 193.289 205.755 199.126 190.026 179.785 167.857 150.99 131.748 104.857 75.0085 18.7522 3.74857 2.14859 1.01959 1.22835 0.742649 0.681871 0.285129 
-0.445823 -0.495811 -0.673077 -0.985663 -0.271765 -1.01431 -0.964842 -0.565098 -0.935479 -0.618589 -0.673595 -0.726018 -0.660843 0.12065 -0.427187 -0.226076 0.20815 0.345423 6.45525 4.64706 5.38521 39.5165 84.579 112.102 135.272 153.516 167.695 149.515 142.713 148.899 144.593 118.496 108.796 103.866 101.208 99.1724 99.2263 100.648 100.546 102.597 105.911 110.008 123.355 136.383 145.267 157.406 189.325 203.346 198.41 188.308 176.47 166.009 150.869 130.858 105.752 74.7989 16.8777 3.50639 2.02805 1.6731 1.22546 1.47066 0.610041 1.19871 
-0.86255 -0.628166 -0.659443 -0.913701 -0.787075 -0.578357 -0.795675 -0.444299 -0.855959 -0.711287 -0.474474 -0.570178 -0.476251 -0.476794 -0.303571 -0.278566 -0.405674 0.383038 4.78636 4.6286 4.50269 33.7669 80.8421 110.306 132.167 151.021 160.337 134.871 130.433 139.865 142.196 117.45 106.634 101.846 99.3158 97.3949 96.4135 97.0768 97.8597 99.7523 102.756 106.228 109.903 120.28 141.77 155.232 186.964 200.777 195.436 187.81 175.369 163.937 149.151 129.33 104.652 72.9561 16.7021 3.1107 1.46009 0.811984 1.50156 0.859285 0.955056 0.535783 
-0.531726 -0.561993 -0.68057 -0.682597 -0.547067 -0.650997 -0.486036 -0.445326 -0.435055 -0.655016 -0.398755 -0.626324 -0.614196 -0.422874 -0.660983 -0.170154 -0.00154803 -0.0870153 3.2888 5.83162 4.36892 29.2516 77.2372 108.02 129.988 148.35 155.997 127.312 121.824 130.091 142.989 116.954 104.74 99.3475 96.9935 96.4468 95.1875 94.8766 95.4651 97.3824 99.864 101.936 105.921 111.969 126.463 153.057 181.988 198.964 195.205 185.543 175.51 161.864 147.399 128.401 104.642 72.5309 16.4498 2.61813 1.93521 1.32479 1.03725 0.90458 0.763949 1.09477 
-0.287097 -0.786905 -0.951916 -0.400299 -1.0265 -1.65786 -0.891376 -0.187121 -0.177611 -0.947238 -0.677172 -0.602908 -0.970397 -0.798634 -0.56399 -0.817853 -0.632484 -0.227431 -1.53964 9.0111 4.28204 25.2603 74.3387 108.022 127.258 146.918 152.141 121.459 115.767 122.425 143.63 115.534 104.332 99.6829 96.6132 94.5489 94.5787 93.0204 94.2905 94.9242 97.9129 100.403 103.37 110.258 120.033 142.264 178.751 199.62 194.095 185.012 174.81 161.738 148.868 127.807 102.557 72.1507 16.5712 2.96481 1.59433 0.585018 1.11433 1.22543 1.2311 1.31124 
-0.537264 -0.912746 -0.734204 -0.982443 -1.20622 -1.01771 -1.12357 -0.669178 -0.628832 -0.866866 -0.701213 -0.327688 -0.696406 -0.413466 -0.364526 -0.355601 -0.654023 -0.810336 -0.519284 8.28958 3.89818 22.229 72.5355 109.308 123.845 145.549 151.72 121.274 113.475 118.527 144.407 115.534 104.554 99.1605 96.7058 94.545 94.6202 93.6661 93.5095 94.9711 96.4229 99.2942 102.628 107.88 116.327 131.578 173.518 200.851 194.078 185.29 173.589 161.537 147.137 128.915 102.996 73.2197 16.1676 3.46495 1.24213 1.42816 1.65201 1.01202 1.47574 1.27184 
-0.738467 -0.39304 -0.612274 -0.298791 -0.553569 -1.03369 -0.831174 -0.775426 -0.570099 -0.59039 -0.72781 -0.488109 -0.660983 -0.617951 -0.388313 -0.803897 -0.628961 -0.531879 -0.190986 9.10746 4.59112 19.3015 69.9936 110.54 122.676 143.632 154.703 122.416 113.65 111.752 149.178 117.915 105.51 100.632 96.5569 94.3035 93.2297 92.9389 93.6409 93.8787 96.1624 99.0623 102.551 106.284 116.32 128.518 162.276 203.357 192.959 184.788 173.621 161.385 147.978 129.184 103.51 73.491 16.8368 3.07681 1.51571 2.24685 1.70014 1.79535 2.42581 1.612 
-0.69804 -0.389667 -0.576534 -0.978194 -0.788894 -0.425925 -0.614137 -0.288752 -0.52582 -0.70914 -0.533826 -0.983034 -1.01465 -0.194879 -0.571344 -0.565425 -0.304312 -0.0417873 -0.336993 5.5995 7.2233 13.015 66.1199 108.417 119.631 141.653 159.418 125.267 116.068 109.029 148.732 120.091 106.457 100.83 97.5463 94.7992 93.8161 93.4376 94.3758 94.7299 95.6583 98.7943 102.007 106.444 113.504 125.383 154.565 200.522 193.286 185.641 175.243 162.045 149.553 131.193 108.363 77.5736 23.0914 3.68655 2.4248 2.46018 2.442 2.48016 2.33169 2.73794 
-0.745794 -0.451038 -0.284632 -0.580635 -0.684205 -0.806622 -1.06258 -0.760014 -0.558141 -0.606328 -0.645992 -0.639507 -0.898075 -0.50506 0.153374 -0.0770049 -0.365884 -0.861065 -0.746966 -0.451272 12.1775 8.82938 61.7923 105.534 117.638 140.282 155.681 138.671 118.282 111.796 149.048 122.758 107.507 102.393 98.8212 96.01 94.9785 94.0015 94.5847 94.8766 95.5549 98.4844 102.449 106.55 114.081 123.788 151.227 199.21 194.12 186.212 175.095 163.303 149.75 131.339 108.512 78.8483 25.5384 3.66498 2.47938 2.05422 2.39384 2.46959 2.15914 2.08588 
-0.948389 -0.88612 -0.69753 -1.30864 -1.26415 -0.596161 -0.795346 -0.289426 -0.791121 -0.761882 -0.628327 -0.666546 -0.73107 -0.104373 -0.676827 -0.482583 -0.392351 -0.422008 -0.572169 -2.1609 12.1883 7.29657 61.9975 104.214 115.138 139.943 154.045 147.814 122.847 114.903 150.11 124.98 109.058 103.622 99.5948 96.9857 96.0422 95.0967 95.1809 95.4619 96.6528 99.6727 102.544 106.821 112.553 124.758 150.222 197.525 193.367 185.986 175.495 164.826 149.347 133.707 108.654 81.0018 26.1283 3.8077 2.51847 2.05483 2.41966 2.66822 2.04257 2.21125 
-0.39175 -0.174302 -0.265305 -0.704524 -0.961978 -1.26713 -1.10622 -0.581575 -0.737728 -0.544716 -0.716011 -0.609377 -1.06092 -0.461249 -1.02112 -0.498669 -0.737115 -0.454833 -0.502733 -0.294418 11.1065 5.53361 60.8297 103.468 114.895 137.843 154.732 156.925 127.497 118.929 152.94 126.23 110.978 105.002 100.778 99.1681 96.6226 95.8559 95.5001 96.8569 97.4995 100.583 103.908 108.576 114.007 124.7 149.612 193.904 193.965 185.846 174.723 163.685 150.257 132.191 109.117 80.5307 27.2596 3.55483 2.1191 1.80992 2.30116 1.80336 2.0856 2.48828 
-0.699758 -1.10548 -0.972842 -0.652138 -0.768373 -1.10559 -0.825731 -1.12786 -1.27235 -1.03482 -0.70989 -1.0816 -0.869755 -1.09159 -0.932772 -0.600556 -0.794511 -0.522857 -0.52365 -0.112843 10.066 6.06609 58.4688 98.4472 114.624 137.15 154.995 166.217 134.088 123.547 153.562 131.108 113.76 106.695 101.798 99.7519 97.5514 96.7978 96.7902 98.0773 98.5881 101.67 105.307 108.336 116.15 127.29 153.741 192.784 193.466 185.629 175.382 163.297 150.772 133.199 110.379 80.7032 28.8914 2.95036 2.17654 1.76011 1.84134 2.06185 2.24651 1.90727 
-0.554929 -1.05101 -1.02183 -0.58207 -0.966926 -0.881923 -0.838361 -0.749289 -0.913016 -0.802576 -0.39607 -0.665201 -0.610384 -0.867744 -1.07991 -0.333367 -0.587813 -0.413782 -0.553108 -0.0317069 9.38474 5.06684 56.0068 99.2831 112.398 137.15 153.697 168.254 151.201 129.318 154.37 138.98 115.535 108.196 103.739 101.6 98.6295 98.7146 98.3182 100.081 100.626 103.645 106.763 111.141 118.217 130.267 157.04 192.919 194.235 186.536 175.957 163.549 151.657 134.146 110.501 80.8523 30.6973 3.20666 1.89719 1.65245 1.90161 1.77997 1.73956 1.72063 
-1.35882 -0.86556 -1.0075 -0.888237 -0.731806 -1.13746 -0.878636 -0.86231 -0.973994 -1.313 -0.48327 -0.987433 -0.892194 -0.267896 -0.541854 -0.397754 -0.712775 -0.84276 -0.83216 1.10755 9.41506 3.06126 55.011 94.2275 112.298 136.186 153.036 166.466 172.097 140.034 157.535 145.977 118.426 112.823 105.245 103.19 100.995 100.27 99.8543 101.014 102.997 105.446 109.006 113.001 121.407 137.948 154.249 189.206 194.241 185.445 176.223 164.021 152.552 133.079 111.827 81.7955 30.4455 3.19 1.90541 1.66652 1.59932 1.85424 2.19101 2.15605 
-1.28167 -0.795811 -0.831409 -0.909115 -0.987396 -0.881791 -0.687398 -1.1546 -0.987363 -0.845786 -0.489642 -1.1651 -0.398358 -0.823958 -0.701834 -0.534916 -0.737281 -0.423556 -0.663898 4.20329 9.07313 3.36379 52.4432 92.6264 112.15 135.935 153.196 166.063 177.391 167.871 166.656 154.034 124.435 114.519 110.742 105.53 103.968 103.212 103.642 104.411 106.226 108.906 112.852 119.454 131.141 140.733 154.877 187.852 193.456 186.799 177.836 164.996 152.529 134.285 110.612 82.8683 32.0973 2.91644 2.10002 1.23564 1.89404 1.49359 2.44904 1.53045 
-0.89092 -0.728619 -1.35975 -0.607217 -0.777525 -0.841705 -0.871212 -0.581771 -0.766319 -0.913036 -0.881175 -0.737623 -0.625648 -0.485235 -0.889162 -0.970932 -0.856599 -0.471999 0.214521 3.36081 8.48982 3.31313 49.2063 91.8981 111.92 135.038 153.903 166.732 177.153 186.703 186.588 165.337 133.228 121.967 114.76 110.509 109.306 108.514 108.416 109.912 112.889 116.759 121.431 126.963 131.33 140.076 152.489 184.48 194.655 186.535 177.515 164.382 152.95 134.808 111.454 84.014 33.6566 3.29042 2.30178 1.9353 2.14883 1.74388 1.96133 1.98716 
-0.171037 -0.908774 -0.887924 -0.97081 -1.03477 -0.881468 -0.953952 -1.0376 -0.752821 -0.697112 -0.797393 -0.609064 -0.582235 -0.837928 -0.209255 -0.664081 -0.831516 -0.198362 2.13711 2.8109 4.51365 5.97668 44.2316 87.9735 111.995 135.354 153.143 165.579 177.938 186.646 192.212 183.859 145.999 133.55 126.913 122.143 118.737 117.118 115.886 116.079 117.452 118.916 121.24 125.205 130.177 138.757 150.992 181.571 194.155 186.387 177.555 164.332 152.195 135.415 112.159 85.9576 37.2231 3.81677 2.69606 2.13654 2.70655 2.39104 2.82353 2.62229 
-0.651495 -1.2243 -0.909969 -0.842434 -1.20492 -1.10412 -0.38562 -0.38344 -0.981138 -0.819401 -0.646992 -1.30239 -1.0573 -0.385798 -0.528998 -1.21377 -0.534315 0.354849 1.28926 2.22495 0.32686 8.93144 41.679 87.8603 110.827 135.864 152.904 166.976 177.966 188.646 196.142 187.716 145.668 134.61 127.935 123.175 119.766 118.219 116.518 116.293 117.893 119.456 121.139 125.506 129.868 138.276 150.674 180.062 196.185 187.221 177.642 165.885 153.37 135.758 113.406 85.9551 38.5844 4.04832 3.104 2.67382 2.82913 2.44932 2.53909 2.57207 
-1.24596 -1.18624 -0.907122 -1.01506 -1.23372 -0.913721 -1.05011 -1.23537 -1.00111 -0.342328 -0.831211 -1.172 -0.634223 -0.827914 -0.597579 -0.603251 -0.792069 0.766305 1.39991 1.47633 0.874707 9.7205 46.8564 78.9781 109.491 133.769 152.041 166.391 177.538 188.472 194.968 191.469 146.845 136.023 127.908 122.288 119.846 118.199 116.43 116.236 117.891 119.412 121.371 126.01 131.255 138.233 149.072 178.359 194.205 187.954 177.201 165.866 153.469 137.408 114.366 86.9958 40.4114 3.61306 3.17251 1.99908 2.3751 2.44635 2.44855 2.73506 
-0.591449 -0.95713 -0.554102 -0.863442 -1.49893 -0.583676 -1.28583 -1.20629 -0.738469 -1.35367 -0.696525 -0.591064 -0.722904 -1.24654 -0.926011 -0.874469 -0.899569 0.681815 1.01474 2.17733 2.16273 7.07263 43.2205 79.7519 108.68 134.581 152.854 164.94 178.486 187.91 195.065 194.152 149.308 137.451 129.301 123.889 119.93 118.914 116.621 116.873 118.595 119.354 120.945 125.267 130.674 138.149 149.681 174.526 195.287 187.471 177.567 165.808 154.283 137.744 114.948 87.4229 43.3786 3.34428 2.5714 2.19856 1.45595 1.42371 1.99548 2.32523 
-0.928741 -1.05375 -1.0859 -1.11627 -1.08762 -0.909898 -0.780259 -1.02572 -1.12061 -1.33274 -0.893889 -0.923138 -0.474451 -0.80292 -0.731876 -0.663684 -0.569413 0.956791 0.965004 2.46185 2.87763 6.86868 37.4839 78.4027 107.837 134.06 152.298 165.959 177.401 188.027 194.82 194.888 149.593 137.484 129.698 124.242 121.573 119.098 116.958 116.972 118.041 119.617 121.993 125.205 129.532 137.118 148.318 171.217 197.43 188.692 178.417 167.225 154.944 137.789 116.174 88.7619 46.3132 2.60459 3.00645 2.02533 2.05802 2.21298 2.35254 2.41816 
-0.996658 -1.05431 -1.29964 -0.909155 -1.27569 -0.887739 -1.92439 -0.888322 -1.10757 -0.584572 -1.0732 -1.04084 -1.35772 -0.604822 -0.998941 -0.930389 -0.492091 0.115235 1.34824 1.92081 2.83758 11.7527 31.5473 77.7638 106.878 133.541 153.385 166.955 177.857 186.747 195.619 197.927 151.51 137.543 130.952 125.085 121.63 120.193 117.584 117.433 117.556 118.829 121.984 135.051 129.43 137.619 147.334 164.507 200.89 188.317 179.184 168.021 154.252 137.938 116.655 89.9438 49.0032 2.1307 2.72179 1.99571 2.04541 1.88984 2.09381 2.42203 
-0.694605 -2.07746 -0.822262 -0.758014 -1.18137 -1.14424 -3.43454 -0.328807 -0.316773 -1.14942 -0.682182 -0.759192 -1.57031 -0.94847 -0.576701 -0.936641 -0.612143 -1.1122 2.29269 2.61886 5.95106 7.91265 31.1578 77.4409 105.418 133.232 150.978 165.493 177.437 186.405 195.86 200.987 152.589 138.458 130.393 125.352 121.671 120.234 117.339 117.417 117.972 118.796 121.235 124.211 129.806 135.882 148.318 162.543 200.617 187.637 179.262 168.479 155.502 138.705 117.995 91.6315 52.7103 0.927257 2.81676 1.80931 2.39236 2.16253 2.5418 2.48358 
-1.0465 -1.12577 -0.408744 -0.922685 -0.457632 -0.766398 -1.40846 -0.747692 -0.537885 -1.14544 -0.97189 -1.19478 -0.232502 -0.809653 -0.79882 -0.762446 -0.498368 -0.0183383 1.37771 5.42781 9.03382 1.7705 29.9912 75.8386 105.213 132.383 151.955 165.743 178.18 187.962 196.002 202.307 154.349 140.838 131.122 124.637 122.22 119.945 117.63 117.814 117.306 119.673 121.639 124.872 129.102 135.656 145.642 160.759 198.755 189.009 179.203 168.142 158.045 139.962 118.655 93.0399 57.4208 0.288829 3.30243 2.48664 2.78595 2.85762 2.42231 2.4552 
-0.498316 -1.0294 -1.08709 -0.734231 -1.22811 -0.937726 -1.16894 -0.590391 -0.353021 -0.892707 -0.727154 -1.12215 -1.67554 -0.442894 -0.889995 -0.398187 -0.695143 2.00994 0.435954 8.19333 4.63679 1.69417 26.7182 74.2385 103.563 131.855 150.99 164.994 178.373 188.337 194.648 205.575 156.644 142.033 133.932 127.242 123.352 119.154 118.622 118.336 117.851 119.754 121.096 123.64 129.581 134.231 145.709 159.741 197.71 189.063 180.734 169.858 158.512 141.764 122.194 97.3803 63.4917 3.85586 4.63727 3.52398 2.64831 2.97541 2.66476 2.26286 
-0.633146 -0.712706 -1.1504 -1.10005 -0.915192 -0.421405 -1.19975 -0.160348 -1.01082 -0.998124 -0.783716 -1.15282 -1.15182 -0.649946 -0.819865 -0.839411 -1.31487 4.08869 3.78193 2.05048 6.67614 1.91064 21.2719 72.2471 102.562 129.36 149.822 164.615 176.31 187.285 196.364 206.832 160.469 143.005 133.866 127.152 123.442 120.546 118.271 117.716 119.04 119.867 122.047 124.026 128.048 135.128 143.34 156.027 192.364 189.575 181.827 171.187 158.837 144.203 124.381 100.374 67.9777 8.45869 4.78673 4.54407 3.36907 3.12633 2.75951 3.07991 
-0.955251 -0.972612 -1.16833 -0.547704 -0.826691 -1.03965 -1.3983 -0.973722 -0.400223 -1.1852 -1.40511 -0.438858 -0.594238 -0.419663 -0.959494 -1.0347 2.19363 2.07753 4.14737 2.06687 6.92451 2.23618 21.1684 72.2446 103.131 128.789 149.174 165.192 177.463 188.059 196.212 203.477 162.877 144.649 134.502 127.42 123.696 120.655 119.998 119.379 118.247 120.51 121.64 124.013 126.475 133.706 141.613 154.645 190.663 190.631 181.834 171 160.332 146.842 127.683 102.248 70.2141 11.0863 5.25954 4.8355 4.6994 3.87418 3.34066 3.24727 
-0.919511 -0.775656 -0.940034 -1.2057 -1.09114 -0.590429 -0.357427 -0.8379 -0.477579 -0.398561 -0.748693 -1.29228 -1.0155 -0.965725 -0.594687 -1.26601 10.2911 6.36161 6.50404 3.99123 5.615 2.83971 20.8549 72.133 103.157 129.453 150.143 164.846 177.935 188.016 196.585 202.96 163.55 144.711 135.228 129.686 124.597 121.357 120.117 118.653 119.099 118.924 121.833 124.135 127.61 132.957 142.102 154.312 189.5 192.289 183.667 173.928 160.568 146.741 128.909 105.238 72.4597 13.5298 6.63025 6.16037 5.8319 4.37252 3.89609 2.98423 
-1.33138 -0.978704 -0.977531 -0.928144 -0.811711 -0.80396 -1.29016 -1.0976 -0.917499 -0.548475 -0.627156 -1.30691 -0.458863 -0.989159 -0.131805 3.52553 14.4164 6.24942 2.43763 0.7284 4.50205 2.74204 19.2583 72.5543 103.899 130.227 150.711 166.162 178.384 188.927 197.62 203.905 168.16 147.941 138.407 131.122 126.195 123.704 121.167 120.587 120.701 121.648 123.915 126.103 130.539 135.405 144.078 156.846 191.146 198.351 189.369 178.062 166.577 151.754 135.88 116.262 85.4944 39.4018 5.798 5.2885 4.8604 5.13039 4.99136 4.31005 
-0.980951 -0.919904 -1.51012 -1.10556 -0.989613 -0.514603 -1.88794 -0.713882 -0.218489 -0.810248 -0.93027 -0.789967 -0.610736 0.178027 -0.852078 1.236 11.9419 12.9729 8.93744 4.03795 3.51847 9.54524 59.6192 96.868 121.364 141.352 160.067 174.389 187.259 197.028 205.227 212.605 175.293 154.925 144.447 136.164 130.648 131.248 132.444 134.283 135.921 139.466 142.852 146.787 151.871 158.46 168.446 182.388 218.824 227.917 222.523 212.17 202.205 191.216 179.165 169.426 157.647 138.952 125.587 100.822 79.6178 43.7129 13.5314 10.0667 
-0.951215 -0.742481 -0.918327 -1.49773 -0.988633 -0.973379 -1.16596 -1.00744 -0.595091 -1.06605 -1.35203 -0.893844 -0.274309 -0.933522 -0.716499 -0.834055 7.08481 14.3011 17.2588 18.1317 16.7556 36.5987 86.3775 118.743 135.284 157.568 174.03 193.753 205.767 220.303 229.941 239.404 207.952 187.242 178.449 173.727 170.272 166.884 164.453 162.747 165.125 165.386 167.859 171.287 176.505 183.257 192.236 206.079 241.124 254.532 247.865 238.882 227.166 217.674 204.452 194.733 188.803 181.086 170.716 149.364 123.078 91.1446 33.2546 4.20628 
-0.800464 -0.665017 -0.902485 -0.847274 -0.578123 -0.593884 -1.40474 -1.13141 -0.904574 -1.46667 -0.409632 -0.483052 -1.07806 -0.575688 -0.657474 -0.458618 -0.834153 8.12337 16.8316 19.2711 20.1066 78.7534 110.929 134.492 154.036 179.292 198.139 213.732 225.025 236.643 246.398 253.529 217.823 196.678 185.442 179.718 174.079 171.807 170.02 168.66 170.828 172.096 172.581 177.262 182.178 188.414 197.365 210.225 245.27 262.133 255.741 248.909 239.362 228.438 216.393 199.325 193.517 184.223 171.594 158.538 117.116 84.7933 50.3228 -0.160401 
-0.417758 -0.965799 -0.510929 -0.583354 -0.334131 -1.03174 -1.05735 -0.787126 -1.00027 -0.600276 -0.711822 -0.723645 -0.303059 -0.627927 -0.656194 -0.398716 -0.566869 -0.351591 5.07031 15.7371 38.7513 93.5055 121.044 137.658 158.25 181.377 199.698 215.654 228.191 238.738 248.98 254.052 221.538 199.817 188.462 181.862 176.794 174.008 173.158 172.007 171.328 172.635 172.237 175.831 181.301 187.764 195.139 210.053 241.792 262.055 252.962 248.126 237.541 228.642 217.833 202.332 193.552 180.321 166.985 144.866 110.249 84.1489 51.5456 0.411235 
-0.518926 -0.770963 -1.33113 -0.880745 -1.00509 -1.06505 -0.655128 -1.1942 -0.549954 -0.557738 -1.14054 -0.936953 -0.404403 -0.665246 -1.61899 -0.785308 -0.899334 -0.462647 -0.21134 2.337 33.1575 94.2631 122.283 134.305 157.294 180.512 197.216 212.234 225.354 237.109 246.2 252.113 222.499 199.993 188.151 179.654 174.36 171.212 167.954 167.623 166.77 167.156 168.215 170.762 174.653 181.66 189.79 201.741 235.777 253.495 245.784 239.223 230.004 222.763 210.833 200.66 187.179 174.016 156.841 134.05 106.462 75.1921 21.9866 0.904345 
-1.49344 -1.18731 -0.965541 -1.54987 -0.964204 -0.821653 -1.01452 -0.393563 -0.822843 -1.16431 -0.999649 -1.16119 -0.675275 -1.0881 -0.804576 -0.558254 -0.565074 -0.56914 -0.28031 0.256092 0.810264 79.209 115.071 130.804 153.531 176.337 194.626 207.793 220.853 230.848 240.385 246.82 219.98 195.543 181.57 172.578 166.26 162.772 160.539 158.32 156.35 157.849 158.964 161.267 164.405 169.373 178.203 192.177 221.263 239.838 234.178 225.192 217.248 209.888 199.217 188.03 175.721 160.716 141.258 119.069 89.1267 31.9674 0.704949 1.29253 
-0.981299 -1.02616 -0.89182 -0.617435 -0.732201 -0.862492 -0.590262 -1.16645 -0.81983 -0.937214 -1.10325 -0.699979 -1.21791 -0.379829 -1.26693 -0.694252 -0.632754 -0.658648 -0.160305 0.415969 0.875653 15.248 97.9887 122.495 144.653 168.29 186.272 201.649 212.54 220.016 229.235 236.398 210.282 183.884 172.016 161.362 155.694 151.949 148.091 146.745 144.784 142.701 143.954 147.05 149.965 154.887 163.617 174.562 198.022 223.865 216.728 209.567 198.725 189.456 180.183 166.769 152.582 134.86 106.371 72.2424 23.3557 1.5484 2.11016 1.17709 
-0.685191 -0.470151 -1.01553 -1.15519 -0.962045 -0.80027 -0.683205 -1.39189 -0.993897 -0.382174 -0.504981 -0.627484 -1.29758 -0.593504 -0.924338 -0.676848 -0.75888 -0.889222 -0.268693 0.287034 0.699325 1.71045 27.318 93.1867 125.604 154.35 173.256 187.61 197.673 206.672 217.848 220.669 198.555 172.492 160.42 149.969 144.307 139.423 136.835 133.844 133.891 132.691 133.985 135.763 141.331 145.747 153.871 165.773 184.146 218.097 207.575 198.962 189.086 179.821 170.393 154.81 134.089 110.361 78.6402 25.9011 4.26752 2.49479 1.7356 0.765594 
-0.945336 -0.959942 -0.786538 -0.979034 -0.717831 -1.11342 -0.867336 -0.65802 -0.516112 -0.861249 -1.14089 -0.980725 -0.864367 -0.970293 -0.910247 -0.79891 -0.780459 -0.455942 -0.372925 0.432276 0.776423 1.69042 15.2849 71.3808 103.756 127.533 149.745 168.094 178.617 188.884 200.103 206.799 187.245 161.759 150.79 142.934 136.616 133.815 132.665 131.849 130.251 130.578 132.512 134.974 139.136 144.965 151.59 163.148 180.619 219.694 207.542 198.155 188.593 178.945 169.928 153.6 134.409 109.768 78.1362 26.9308 3.35685 2.27519 1.65897 0.93385 
-0.42248 -1.33827 -0.964568 -0.609855 -1.23453 -0.592581 -0.702507 -1.16069 -0.802435 -0.368688 -1.09557 -0.782442 -1.42106 -0.349365 -0.993099 -0.676898 -1.19729 -0.746422 -0.604457 -0.993051 0.202828 1.7143 12.6871 68.9721 103.097 129.253 150.285 167.611 177.519 189.435 199.632 206.019 185.967 161.891 150.903 142.862 136.608 134.234 131.341 130.642 129.091 129.152 130.914 133.535 137.128 142.507 150.336 163.315 179.361 218.586 205.39 198.217 188.206 178.402 169.003 154.011 134.873 109.701 78.6011 27.5412 2.90105 1.84981 1.44256 1.20926 
-0.998871 -0.65839 -1.06177 -1.09177 -0.834417 -0.58242 -0.740687 -0.717806 -1.14975 -0.664358 -0.612549 -1.16598 -1.41409 -0.890418 -1.0364 -0.889374 -0.474607 -0.275882 -0.421194 -0.449903 0.0820821 -0.331776 11.2597 68.8777 102.03 127.639 149.177 165.614 177.321 188.591 199.293 205.535 186.79 162.886 150.265 142.63 137.593 131.98 130.838 129.366 129.644 130.126 130.694 131.958 137.144 143.484 149.13 161.542 177.843 214.928 205.347 197.04 186.49 178.091 169.271 153.011 133.922 109.531 78.8624 27.7563 2.64934 1.17668 0.769377 0.780495 
-1.15142 -0.826995 -1.05633 -0.841383 -0.757017 -0.829863 -1.2454 -0.764598 -0.681484 -1.09348 -0.638301 -1.03652 -0.434606 -0.630209 -0.0806008 -0.654663 -0.315524 -1.18286 -0.673686 -0.651984 -0.173233 0.67282 9.95656 67.3643 100.05 127.521 148.578 166.39 175.955 187.1 198.578 204.33 185.614 162.093 150.591 141.31 135.621 132.916 128.675 128.417 128.94 128.343 130.308 134.011 136.511 144.109 149.468 160.582 176.779 214.822 204.74 196.565 188.812 178.911 168.526 153.356 134.276 109.424 80.6247 29.1627 3.44677 1.164 0.110781 0.304887 
-0.862833 -1.59376 -0.845582 -0.335512 -0.778865 -0.955018 -1.27145 -0.688952 -0.885065 -1.65586 -2.34208 -0.763397 -0.81845 -1.08361 -0.840143 -0.55411 -0.793742 -1.12387 -0.856635 -0.889625 0.0361849 0.6368 9.68244 64.9303 98.2497 125.383 148.365 164.623 174.261 183.501 196.969 204.76 187.785 163.17 150.716 142.096 136.206 132.258 129.857 128.019 128.103 128.262 128.669 131.744 135.143 141.089 147.643 158.898 176.22 211.599 205.011 197.653 189.664 177.991 171.06 154.951 135.2 110.489 81.613 33.2933 2.52916 0.781648 0.102447 0.733613 
-0.866074 -1.21639 -1.17329 -0.884169 -0.993937 -0.86856 -0.606607 -1.18068 -0.642746 -1.01517 -1.10306 -0.367863 -0.890792 -0.694317 -0.454017 -0.790136 -0.939769 -0.344479 -0.423539 -0.417156 -0.0713208 0.425743 2.91256 59.7575 95.5186 124.005 144.962 163.501 172.899 182.813 195.662 202.913 191.8 163.605 150.972 141.137 135.849 132.585 129.183 128.507 127.948 128.387 129.688 131.356 135.152 140.687 147.945 157.32 172.339 206.593 206.023 197.885 187.848 178.28 172.702 156.196 136.033 114.241 85.3717 41.1032 1.23659 0.984137 0.165815 0.678458 
-0.791641 -1.16619 -0.924994 -1.27062 -0.917854 -0.696168 -0.640947 -0.795269 -0.166871 -0.968887 -1.06479 -1.08693 -0.79126 -0.713479 -0.813164 -1.00627 -0.947469 -0.438603 -0.817276 -1.14507 -0.482312 0.367941 4.50669 60.8803 94.3995 121.828 144.373 161.993 171.86 182.331 194.994 201.267 189.722 163.645 150.817 142.092 135.365 132.035 128.923 127.462 128.099 127.42 129.06 131.011 134.568 139.113 146.582 155.379 170.576 206.641 206.129 198.847 189.546 180.402 172.913 156.569 137.698 114.38 86.2136 42.7837 1.02783 1.05895 0.464768 0.25254 
-0.451197 -1.11163 -0.971533 -1.33013 -0.977301 -1.29503 -0.83659 -0.591734 -1.13265 -0.729692 -0.968624 -0.866893 -0.524066 -0.402591 -0.682682 -0.821023 -0.722323 -0.838318 -0.633946 -0.670286 -0.923567 0.867256 1.51759 58.2942 93.6958 121.005 143.865 164.028 172.115 181.394 193.07 200.374 191.421 163.457 149.501 141.603 135.342 131.159 128.838 127.185 127.227 127.26 127.506 131.097 134.372 138.619 146.235 156.531 169.902 203.885 206.698 198.096 189.02 179.193 172.317 156.919 138.962 114.396 87.4025 43.7391 1.11414 1.27602 0.454019 0.783456 
-0.767386 -0.990174 -0.888681 -1.03474 -0.930628 -0.483183 -0.376835 -0.840904 -0.727177 -2.25161 -0.4785 -1.06874 -1.46348 -0.116005 -1.22925 -0.763772 -0.857479 -1.04574 -0.988707 -0.722143 0.0259304 0.967032 1.26855 57.5597 92.232 120.946 144.54 161.251 172.478 181.763 194.043 200.738 205.356 164.607 150.062 141.006 134.661 131.627 128.461 126.836 126.557 126.463 128.973 130.489 132.695 139.492 145.543 155.284 170.061 203.269 209.451 199.081 190.357 179.323 173.346 157.216 139.406 116.521 88.3118 47.0507 1.01425 2.32172 0.981396 0.653853 
-0.612998 -0.777592 -1.04909 -1.3025 -0.738173 -1.2744 -0.789988 -0.525101 -1.24667 -0.894285 -0.100831 -0.622678 -0.978811 -0.331045 -0.856858 -0.529966 -1.07762 -0.90022 -0.257029 -0.766722 0.0685179 0.991529 1.59187 57.8522 93.1728 121.131 143.611 161.709 171.059 179.012 192.198 202.586 193.969 163.672 150.688 141.633 136.24 132.399 128.725 127.163 128.146 127.604 128.483 131.262 134.28 138.138 145.866 154.129 171.114 201.29 208.253 198.743 191.628 179.916 174.935 158.539 140.917 117.658 90.4691 49.9753 1.27645 2.27001 1.17888 1.92545 
-0.700539 -0.344549 -0.503293 -1.29247 -0.77962 -0.860962 -0.905135 -0.771955 -1.11052 -0.968228 -1.16218 -0.895769 -0.712001 -0.921444 -1.22072 -0.893302 -0.79862 -0.512087 -0.317314 0.1674 0.794972 1.31049 0.142564 57.5936 92.4473 120.424 142.456 160.702 171.712 178.196 191.577 200.77 194.339 163.639 150.456 141.832 136.622 131.889 128.6 127.8 126.938 127.531 128.87 130.006 132.796 138.899 145.621 153.486 168.683 200.59 207.406 200.833 192.617 179.369 175.497 160.058 141.981 119.023 91.9816 54.8883 0.966286 3.61081 2.31341 1.76069 
