-0.642056 -0.293271 -0.849388 -0.504186 -0.490511 -0.57936 -0.675414 -0.712195 -0.49943 -0.6885 -0.298262 -0.277627 -0.552505 -0.693902 -0.855424 -0.641948 -0.630288 -0.0524207 1.01681 22.7206 74.6012 105.231 130.823 151.031 167.57 170.353 183.478 193.598 202.113 194.662 163.151 148.008 138.124 132.353 129.564 127.905 125.407 126.247 127.491 128.226 130.808 134.131 140.604 146.36 159.241 175.794 214.095 201.898 194.899 183.282 176.22 166.013 148.978 129.566 104.001 72.2028 16.5154 0.610981 -0.56802 -0.669493 -0.661526 -1.19232 -0.941661 -0.987654 
-0.742811 -0.437447 -0.959468 -0.552892 -0.457567 -1.31859 -0.485625 -0.723695 -0.500121 -0.876474 -0.890468 -0.778701 -0.698186 -0.651017 -0.617576 -0.371832 -0.0481799 0.15886 0.843014 21.937 75.0112 105.208 131.015 150.9 167.358 167.628 183.035 194.873 203.002 194.737 162.716 147.52 138.8 133.341 128.519 127.857 126.629 126.192 126.761 129.284 132.12 134.125 139.755 147.75 159.278 176.498 213.761 202.581 194.552 183.038 176.022 165.88 149.94 128.573 104.116 72.3115 16.2462 0.583781 -0.552766 -1.0096 -0.759577 -0.719257 -1.0354 -0.80263 
-0.354446 -0.88266 -0.623641 -0.321793 -0.511432 -0.526266 -0.631064 -0.688251 -0.466041 -0.559318 -0.740785 -0.325786 -0.896213 -0.339483 -0.628533 -0.676888 -0.000677773 0.182276 1.07321 21.6454 74.4488 105.972 130.994 150.019 167.912 170.819 183.756 194.732 204.265 195.114 163.247 148.629 138.086 132.484 129.419 128.013 126.937 125.955 126.714 129.557 130.718 134.953 139.539 147.41 159.674 178.611 212.843 201.647 194.261 182.913 175.838 166.179 148.88 129.842 104.454 73.049 18.6966 0.592137 -0.237541 -0.625557 -0.445059 -0.768593 -0.523564 -1.13758 
-0.731495 -1.15355 -0.38965 -0.608291 -0.805628 -0.687458 -0.595433 -0.867708 -0.492688 -0.599935 -0.688461 -0.551805 -0.565689 -0.381879 -0.483509 -0.850697 -0.460108 0.416511 1.27792 22.5195 74.1854 105.38 131.356 150.062 167.004 172.087 183.526 194.422 200.321 194.349 165.974 155.114 137.127 133.824 129.166 128.4 127.84 126.578 126.705 129.754 131.954 135.194 141.064 148.542 161.226 180.442 213.042 202.999 194.05 184.73 175.702 166.293 149.565 129.721 104.298 72.0011 17.5389 0.958367 -0.111336 -0.749712 -0.427317 -0.813509 -1.27333 -0.816903 
-0.400707 -0.815405 -0.648482 -0.758197 -1.16865 -0.0785134 -0.658422 -0.514602 -0.297693 -0.683792 -0.71012 -0.45004 -0.491578 -0.792138 -0.644025 -0.620378 -0.325098 0.221964 1.54453 20.6475 73.8972 105.993 130.627 151.672 168.328 171.456 183.987 193.49 205.283 197.428 165.062 150.362 139.49 133.899 130.02 129.934 127.371 128.141 127.608 129.824 132.222 135.503 140.398 148.32 160.275 181.801 212.405 203.329 194.045 183.644 177.908 166.42 149.701 129.926 105.246 74.7143 19.7283 1.83043 0.303098 -0.154859 -0.810626 -0.787765 -0.64263 -0.909172 
-0.282068 -0.561892 -0.681831 -0.82279 -0.916314 -0.273842 -0.509708 -0.514579 -0.502659 -0.771105 -0.307378 -0.416436 -0.800834 -0.76549 -0.527711 -0.640921 0.116157 0.782781 1.70658 22.4553 75.0668 105.685 132.112 150.981 168.352 172.874 186.106 194.647 205.379 197.3 166.523 152.064 138.966 134.557 130.553 128.793 127.978 127.658 127.465 129.201 133.015 135.487 141.903 151.058 161.56 184.209 211.613 202.725 195.185 183.947 177.274 167.188 149.215 131.069 105.664 74.3269 19.8904 1.66005 0.944551 -0.122467 -0.516545 -0.941067 -0.716352 -0.951559 
-0.589358 -0.688405 -0.798043 -0.403562 -0.451599 -0.664197 -0.678177 -0.878717 -0.625692 -0.675411 -0.378627 -0.700513 -0.7492 -0.529385 -0.475094 -0.539198 -0.0914492 0.960044 2.25601 17.8653 72.4786 104.628 130.06 150.136 166.018 173.432 184.368 195.079 203.21 203.551 166.381 152.227 139.312 135.454 130.843 129.822 127.923 128.216 128.066 130.647 132.461 136.26 142.162 150.048 160.166 177.198 215.92 206.231 196.498 186.995 176.609 169.685 154.664 135.427 110.985 81.1625 27.9334 2.43495 1.24284 0.467385 -0.452944 -0.425785 -0.856282 -0.738796 
-0.566953 -0.553896 -1.20374 -0.463718 -0.485151 -0.536871 -0.33985 -0.423982 -0.501994 -0.821434 -0.566304 -0.575412 -0.558395 -0.431538 -0.414705 -0.276142 0.375682 1.7331 2.33334 14.674 71.1552 104.461 129.852 150.121 166.591 175.939 186.207 195.798 203.847 206.734 169.649 153.586 141.382 137.069 132.956 131.433 129.564 129.937 129.11 131.681 134.127 137.779 141.869 150.641 162.311 178.55 218.55 206.006 198.403 188.308 180.043 168.797 154.232 135.393 111.894 82.3078 30.176 2.88589 1.30833 1.11924 -0.00689697 -0.460913 -0.482721 -0.767798 
-0.664238 -1.21426 -0.645527 -0.560273 -1.03393 -0.449398 -0.511739 -0.576089 -0.643586 -0.658132 -0.631917 -0.541116 -0.588627 -0.881857 -0.0877006 0.294214 0.524293 1.24994 2.68306 17.6356 73.4349 104.048 129.841 151.273 167.517 176.818 185.22 196.18 205.282 204.379 168.764 153.34 141.728 135.315 131.221 129.43 128.351 129.554 129.795 131.642 134.982 137.305 142.949 150.443 162.061 178.066 218.256 206.694 198.384 188.68 180.221 171.951 155.951 136.575 113.17 83.3785 28.3293 2.3689 1.50665 0.660167 0.140601 -0.404579 -0.778184 -0.423592 
-0.488149 -0.742389 -0.574055 -0.838431 -0.260672 -0.619042 -0.549969 -0.547888 -0.715156 -0.822542 -0.413165 -0.411213 -0.531372 -0.557698 -0.349529 0.279215 0.683907 1.69829 1.24255 18.0413 72.5543 105.106 130.874 151.833 168.455 178.882 188.655 198.083 205.617 206.62 171.065 154.74 142.303 137.201 133.148 129.933 129.272 129.695 131.177 132.845 134.314 139.7 146.212 155.249 166.295 182.973 226.089 215.945 208.439 197.722 190.373 182.106 169.733 151.1 130.095 103.178 73.1882 21.1819 1.5055 0.194855 0.297253 -0.201294 -0.685994 -0.561865 
-1.10779 -0.796094 -0.509089 -0.721185 -0.372138 -0.712627 -0.820207 -0.672338 -0.795586 -0.752579 -0.445041 -0.674008 -0.748356 -0.3951 -0.0574445 0.0557652 0.906192 1.51247 22.9391 78.0076 107.564 131.12 153.424 174.302 188.991 199.113 208.449 217.637 224.298 223.753 186.618 170.28 156.638 150.821 147.46 145.135 143.012 143.132 143.719 145.56 148.877 153.629 158.404 167.443 179.065 195.687 241.616 229.711 223.381 213.249 205.366 194.361 182.566 169.291 154.238 135.306 117.103 85.303 60.3107 20.9612 -0.638559 -0.074325 -0.528099 -0.776228 
-0.912317 -0.369369 -1.07714 -0.767702 -0.678806 -0.726597 -0.522525 -0.57925 -0.645491 -0.516786 -0.692562 -0.415555 -0.603248 -0.615004 -0.441026 0.211872 0.07746 11.7657 77.26 119.607 144.276 165.336 184.571 200.087 211.653 220.283 227.552 234.128 238.816 237.791 198.752 180.575 165.996 158.555 153.313 149.91 148.946 148.877 149.465 149.975 153.539 159.549 165.539 174.163 186.085 203.613 249.562 238.337 234.592 227.686 219.931 210.685 198.108 185.11 169.173 146.675 129.41 116.124 100.339 66.3842 5.15594 -0.638485 -0.5925 -0.680354 
-1.06234 -0.766218 -0.883553 -0.482812 -0.538954 -0.491609 -0.735848 -0.956213 -0.561312 -0.911327 -0.595784 -0.490286 -0.757755 -0.383903 0.135397 0.517398 13.2092 79.3297 97.4183 123.725 147.449 169.374 189.506 206.449 219.325 228.593 236.202 242.863 248.243 245.665 207.122 189.585 170.215 159.713 159.296 159.657 161.844 162.991 164.397 166.076 170.205 175.907 181.607 191.112 203.04 220.215 267.256 260.332 250.677 244.78 237.861 225.38 212.531 197.878 179.976 162.476 142.415 127.249 109.599 86.9506 30.325 0.982575 -1.37635 -0.493758 
-0.670064 -0.56678 -0.704789 -0.873094 -0.774802 -0.438719 -0.443046 -0.502742 -0.642026 -0.340452 -0.679175 -0.446423 -0.742302 -0.418421 0.0791006 -0.417904 43.0276 86.348 108.65 135.404 157.941 176.607 193.848 210.797 223.086 234.202 242.495 250.743 253.803 255.24 214.21 191.396 166.18 159.582 158.078 163.027 169.574 169.018 169.393 171.204 173.805 179.162 184.982 193.229 206.451 223.275 268.45 263.906 258.13 248.479 240.66 226.015 215.059 200.46 182.02 165.265 142.397 125.813 109.485 87.034 32.4293 9.29353 4.49056 1.26087 
-0.639151 -1.05057 -0.655678 -0.820399 -0.992184 -0.412537 -0.915416 -0.524136 -0.615969 -0.377778 -0.330276 -0.699099 -0.388029 -0.379002 0.0586257 10.0509 38.7889 84.7068 107.862 135.401 156.542 177.261 195.317 211.876 225.077 236.401 241.805 248.968 253.803 254.967 206.344 177.732 161.69 156.951 155.485 155.884 159.097 164.865 171.146 169.522 171.944 172.597 179.477 185.958 196.043 213.031 256.44 252.084 242.503 232.88 222.208 207.903 191.81 173.587 153.649 132.497 109.293 65.7874 40.9904 27.1245 8.76528 6.61084 3.73907 2.36189 
-0.716923 -0.857976 -0.499799 -0.525195 -0.661809 -0.823184 -0.392746 -0.855123 -0.539482 -0.665189 -0.224115 -0.603169 -0.404914 -0.250621 3.27701 10.7998 15.0914 47.3364 63.0178 87.0794 124.812 147.874 165.181 176.401 189.981 206.009 213.162 220.94 224.254 211.213 164.883 144.696 130.397 125.145 119.818 115.815 116.53 118.949 121.113 129.097 132.984 138.009 143.49 151.333 162.868 179.017 218.689 214.592 206.822 196.809 186.106 171.537 155.034 133.609 108.818 80.0286 24.8971 2.03727 2.70437 2.19766 1.83663 1.37005 0.870721 0.368358 
-0.723454 -0.73913 -0.471688 -0.74832 -0.979393 -0.580436 -0.527124 -0.87001 -0.723594 -0.574008 -0.86215 -0.613711 -0.624132 -0.47535 0.245716 12.7661 7.00153 5.14316 4.07948 4.27039 15.0157 70.4053 101.101 126.737 146.09 163.043 175.827 184.967 172.639 171.169 135.141 119.545 109.209 104.756 102.767 101.126 101.634 102.066 104.26 105.326 108.787 115.927 130.158 141.413 152.148 168.328 206.475 202.527 194.792 184.624 173.953 160.877 143.138 120.944 95.4251 58.8877 1.64711 3.03172 1.53423 1.45084 0.849051 0.470235 0.456202 -0.0617723 
-0.746205 -0.743616 -0.678366 -0.599291 -0.753403 -0.711221 -0.794475 -0.366885 -0.57501 -0.747747 -0.386863 -0.583155 -0.830722 0.262123 -0.017076 1.13952 6.88592 3.89896 4.73677 4.11277 5.25458 62.0685 97.3511 123.412 142.928 158.611 170.737 161.154 155.718 161.653 127.422 114.357 106.213 101.454 99.8611 97.2202 98.1697 98.3385 99.1981 100.513 104.21 107.068 113.88 127.238 149.437 164.079 203.51 199.748 193.211 183.69 173.249 160.011 142.148 120.154 94.8718 58.479 -0.272068 2.60507 1.25724 1.09761 1.21462 0.873085 0.414301 0.0658224 
-1.06908 -0.669294 -1.16883 -0.84628 -0.60007 -0.933262 -0.966847 -0.548012 -0.511287 -0.666415 -0.327472 -0.576673 -0.52492 -0.609167 -0.0630888 -0.0512953 5.92806 3.44631 3.98455 6.32229 1.19137 57.7533 94.8195 119.786 140.392 156.196 163.419 144.882 144.196 156.018 124.079 112.23 103.479 99.9171 97.4049 95.9841 95.1057 95.8677 96.8667 98.2324 101.411 103.914 108.41 118.647 130.928 160.67 199.637 198.238 191.255 180.844 171.639 158.022 141.296 119.33 92.341 56.6658 -0.659303 1.98864 1.28412 1.22772 0.553575 0.310956 0.518728 0.286862 
-0.849077 -0.675019 -0.702746 -0.72099 -0.390714 -0.865701 -0.575866 -0.406765 -0.262556 -0.651679 -0.276654 -0.466974 -0.221209 -0.489532 -0.324141 0.0913464 4.98562 3.0951 3.42063 5.42929 0.938655 54.1465 91.7964 118.062 138.989 153.894 153.624 136.031 134.398 153.477 125.872 111.548 101.338 97.1497 95.2386 94.3512 93.8603 94.8387 95.1258 96.4473 98.1459 100.534 105.888 112.117 121.957 143.123 198.081 198.584 191.154 179.676 170.003 156.271 140.155 119.336 91.7853 53.9703 -0.902036 1.768 0.853918 1.06941 0.598849 0.794623 0.0769401 0.397889 
-0.35273 -0.592997 -0.81418 -0.380061 -1.10891 -1.38329 -0.860014 -0.435722 -0.319572 -0.692756 -0.606544 -0.408688 -1.01724 -0.459016 -0.663867 -0.134112 3.56342 3.39775 2.80644 3.21686 4.049 49.7398 87.5258 114.94 137.68 151.847 149.237 130.825 128.381 148.723 123.4 111.215 100.756 97.1159 94.6138 92.4482 92.5592 92.4608 95.5506 95.7013 96.2286 99.6926 104.133 110.07 118.819 135.492 187.228 197.327 190.217 179.415 168.337 155.668 140.821 118.532 90.8547 53.6105 -1.06984 1.64093 0.543583 0.307439 0.648641 0.641488 0.728588 0.29836 
-0.540142 -0.677784 -0.81999 -0.980264 -1.00645 -0.904231 -1.10391 -0.745376 -0.893346 -0.953224 -0.721945 -0.479833 -0.178392 -0.619504 -0.312922 -0.161791 -1.21405 9.35877 3.31655 3.56866 7.77459 45.1084 84.4575 112.05 134.406 151.073 149.004 129.149 124.322 143.205 128.362 111.246 101.099 96.486 94.5803 92.8975 91.931 92.3642 93.375 94.9717 95.4181 98.3249 102.779 107.845 116.823 130.31 172.868 198.977 188.743 179.085 168.565 155.975 139.43 118.163 92.2541 55.1071 -1.21725 1.8216 0.454453 0.69996 0.949328 0.818949 0.494909 1.03139 
-0.758808 -0.627867 -0.37102 -0.18644 -0.901132 -0.820473 -0.86636 -0.599971 -0.263977 -0.491549 -0.64957 -0.457926 -0.532933 -0.662466 -0.370716 -0.36589 -1.56937 10.1098 4.1547 4.65676 10.6806 40.742 82.5294 110.214 134.059 149.949 151.546 128.455 123.456 140.117 133.126 112.93 101.582 97.2591 94.4655 92.1617 91.9715 91.1007 92.8408 94.2123 95.9872 99.4848 102.491 107.249 116.147 128.218 169.104 194.614 188.278 178.472 168.389 155.686 140.515 118.608 92.2841 56.6264 -0.860296 1.90666 0.789714 1.20398 1.1707 1.44038 1.41341 1.23343 
-0.586588 -0.131394 -0.488842 -1.33163 -0.547467 -0.739681 -0.50414 -0.425152 -0.291012 -0.661524 -0.688376 -1.20004 -0.876795 -0.596592 -0.172864 -0.521867 -0.14024 10.2353 3.56183 7.07658 9.39635 32.8734 77.8898 106.667 130.108 147.759 156.816 130.696 125.112 136.562 137.425 114.487 102.932 97.4393 94.2746 92.4137 92.8043 92.5367 93.0736 95.1258 96.127 99.2485 101.881 107.346 114.845 125.469 160.418 191.991 189.193 178.652 169.294 156.998 142.127 120.846 95.5974 60.4691 2.80821 2.44512 1.45432 1.71975 1.38033 1.46324 1.87517 1.95766 
-0.578374 -0.132298 -0.231369 -0.75637 -0.668108 -1.05054 -0.799709 -0.54496 -0.111541 -0.66488 -0.429129 -0.390548 -1.03282 -0.705981 0.363626 -0.131035 -0.216598 9.29887 2.86319 8.45107 10.1204 27.8443 74.5273 103.869 128.121 147.02 162.144 133.682 126.174 134.996 144.127 116.457 103.593 99.0409 96.1539 93.1611 92.3531 92.8388 92.6435 94.4735 95.8293 98.2856 102.619 107.972 115.307 126.109 156.656 192.343 189.495 181.086 170.683 155.91 142.266 121.794 96.8481 62.4671 4.00714 2.41632 1.19283 1.50812 1.34574 1.84101 1.92197 1.63367 
-0.831457 -0.890059 -0.725008 -1.29158 -1.02763 -0.813651 -0.605485 -0.626697 -0.445001 -0.350842 -0.704285 -0.804748 -0.568021 -0.204504 -0.473017 -0.678565 -0.037827 4.95294 7.24622 6.88171 8.25552 25.5654 73.7307 103.523 127.421 147.427 162.43 142.167 130.059 135.932 146.758 118.338 104.997 99.9416 97.121 94.8859 93.8865 92.9745 93.9758 94.9745 96.6896 98.9965 102.575 108.465 115.802 125.207 155.49 191.9 189.994 179.91 169.754 157.507 141.705 122.957 97.4603 63.2542 4.96549 2.67016 1.92348 1.34766 1.89802 1.84203 1.52428 1.50977 
-0.381519 -0.374175 -0.575583 -0.336651 -0.664264 -1.05498 -1.019 -0.571339 -0.786785 -0.744094 -0.829659 -0.396958 -0.611536 -0.271032 -0.889097 -0.133235 -0.358265 0.377811 13.5842 6.72037 10.2534 22.6117 71.2779 101.563 126.695 144.979 159.865 156.517 133.422 136.879 149.411 120.314 106.862 101.269 97.8521 95.7585 94.3969 94.3643 94.5919 95.7428 97.2488 100.251 103.957 108.321 115.498 126.142 155.983 192.959 189.757 181.147 170.027 156.948 142.697 122.36 98.1379 63.6849 5.46337 2.29728 1.14848 1.28206 1.4872 1.24415 1.22988 1.67832 
-0.852618 -0.728421 -0.805648 -0.326299 -0.713729 -1.14879 -0.78179 -0.852122 -0.754975 -0.696634 -0.746309 -1.06788 -0.917891 -0.849118 -0.564913 -0.436671 0.408029 -0.363979 14.3268 5.53646 8.61235 20.4917 70.3478 100.755 125.473 145.27 159.433 166.011 139.265 140.49 152.007 122.165 108.996 102.991 98.6034 96.8259 95.461 95.1289 95.3433 96.7598 99.1856 101.127 104.582 109.817 117.359 127.878 158.31 196.753 190.661 180.439 170.203 157.249 143.687 123.03 98.1197 64.4988 6.04836 2.20282 1.2293 0.984323 1.11194 1.32218 1.27691 1.44515 
-0.914618 -0.859118 -0.583162 -0.594062 -0.89047 -0.826711 -1.03369 -0.33152 -0.719955 -0.656166 -0.465715 -1.024 -0.495843 -0.788305 -0.804553 0.288528 1.86395 1.69373 8.88519 4.84906 9.29739 18.8683 68.7819 99.6523 125.382 144.779 159.298 174.188 151.707 145.151 155.469 125.312 109.837 104.482 101.28 99.2402 96.7255 96.9075 97.9489 98.404 100.245 104.007 106.27 111.493 118.787 131.532 164.341 198.804 190.112 181.406 170.797 157.914 143.088 123.837 98.7325 65.1583 6.88541 2.08109 1.0891 0.77482 1.11089 1.19646 1.20479 1.08301 
-0.918955 -0.752168 -0.305274 -0.717575 -0.511101 -0.881033 -1.00002 -0.979717 -1.00447 -0.785011 -0.521867 -0.732265 -0.894502 -0.188171 -0.757928 2.37557 1.1419 0.867776 7.91891 6.19121 8.1826 17.1305 67.451 99.1359 123.833 144.093 158.763 172.045 174.537 154.989 162.112 129.066 113.171 107.886 103.381 100.17 98.8795 98.7058 98.6122 100.161 102.756 104.617 108.434 113.161 121.712 134.021 167.669 199.926 191.373 180.391 170.379 157.831 144.714 124.289 99.9805 65.7517 7.19255 2.08066 1.33651 0.874183 0.733788 0.833846 1.48298 1.31505 
-0.984683 -0.323018 -0.858232 -0.790704 -0.830116 -0.558847 -0.463932 -0.920669 -0.670242 -1.1599 -0.583938 -0.91363 -0.253027 -1.22103 0.863166 2.69651 1.51026 1.55073 8.02912 5.41538 7.77671 15.392 66.5195 99.076 124.476 143.879 158.079 171.41 181.807 176.645 170.723 134.684 118.428 108.952 105.826 102.895 101.639 100.671 101.557 103.879 104.907 108.033 111.87 118.354 128.466 146.152 164.225 203.118 190.217 182.019 171.664 158.927 144.049 123.861 100.875 65.6755 8.63381 2.26189 0.808592 1.02404 1.02133 0.706217 1.35071 0.883653 
-0.738664 -0.83201 -1.51372 -0.400856 -0.692509 -0.664754 -0.815646 -0.465234 -0.53035 -0.938716 -0.917606 -0.726304 -0.216872 -0.164683 1.28319 1.2744 1.15602 0.719476 7.46162 6.28327 8.55 14.3539 65.6003 98.4017 122.828 143.788 159.688 171.174 180.766 189.924 191.338 147.412 126.572 117.705 111.219 108.555 106.692 106.085 104.985 108.095 111.016 114.894 120.598 128.658 135.537 146.259 162.209 201.06 191.148 181.726 171.975 158.961 143.571 124.746 101.671 67.1123 9.93173 2.30746 1.23484 1.32357 1.24211 1.18622 1.35979 1.50196 
0.261912 -0.576127 -0.118974 -0.183818 -0.232505 -0.405043 -0.14528 0.19562 -0.331079 -0.271074 0.0397193 -0.350256 0.0410212 1.12951 2.03844 2.0521 1.28136 1.78605 7.36948 2.69041 10.1376 13.4328 63.9508 98.7295 124.089 144.251 159.312 172.378 183.034 190.475 196.947 159.355 136.986 128.398 123.645 119.051 117.228 115.891 115.202 115.688 118.395 119.376 123.097 127.343 134.86 145.046 161.492 201.376 191.359 182.603 172.112 158.738 145.045 124.978 102.027 69.2892 12.2086 3.41603 2.60282 1.58747 2.02986 2.56763 2.25831 2.38243 
0.262064 -0.433371 0.127773 0.0283851 -0.314626 -0.239289 0.0925088 0.219271 -0.304538 0.158381 0.230882 -0.439438 -0.333175 1.97425 1.26586 1.43268 2.0519 1.48049 2.05933 11.8522 4.34666 11.0681 63.0937 97.6382 123.682 144.499 160.339 172.716 183.498 192.197 200.702 162.123 137.588 128.919 124.081 120.092 117.736 116.38 115.932 116.534 118.241 120.227 122.496 128.013 134.784 144.836 161.69 199.107 192.513 182.81 171.679 160.144 144.416 126.195 103.738 69.6773 13.6837 3.15322 1.7777 2.21528 1.88171 1.87334 2.00916 2.01239 
-0.067884 0.0959996 0.0389774 0.135951 -0.542371 -0.25038 -0.119175 -0.320397 -0.303733 0.58573 0.00655634 -0.129775 0.13325 1.23596 1.44026 1.59746 3.32816 -0.278062 -1.53007 16.8988 0.692447 10.4726 62.1545 97.1163 122.495 143.165 159.704 172.675 181.477 191.916 201.671 163.84 139.72 130.702 124.405 120.207 117.838 116.406 115.596 116.29 117.766 120.99 123.318 128.043 134.238 144.398 160.66 196.784 191.571 182.138 172.61 159.642 146.072 126.68 103.451 70.9475 14.4174 3.56197 2.52959 2.10089 1.92468 1.8788 2.07452 2.27607 
0.357577 0.293328 -0.214161 -0.184106 0.0995465 0.106456 -0.627635 -0.091765 -0.290017 -0.811296 0.0861799 0.394533 0.0882168 0.747005 1.16659 1.43907 3.95646 0.249194 -0.289886 15.637 1.42767 9.58819 61.3785 96.7917 122.645 143.441 159.414 171.766 183.509 192.101 203.506 165.032 140.875 130.563 124.832 120.776 117.613 116.64 115.411 116.26 118.892 119.915 122.899 128.315 133.936 143.354 159.622 195.563 191.763 182.712 173.211 160.443 146.621 127.72 104.171 71.7487 16.5144 3.29409 1.60102 1.78708 1.60097 1.81171 1.81625 2.09983 
-0.147302 0.0146175 -0.0758703 -0.219021 -0.179231 0.0498019 0.118627 0.000778234 -0.159956 -0.427957 -0.236823 -0.35021 0.56882 1.61444 1.83906 2.21654 3.55448 0.044866 1.58375 10.4771 2.18598 8.12737 60.1655 95.913 121.037 142.696 159.277 171.798 183.977 192.842 202.556 167.445 141.411 132.184 125.715 121.329 118.885 116.901 116.626 116.66 118.248 120.048 123.077 127.811 133.104 143.27 158.52 194.487 192.349 183.891 173.566 161.465 146.969 127.835 104.458 73.7376 17.9509 2.94661 2.46617 1.86265 1.70662 2.0242 1.65944 2.1665 
-0.204301 0.0608273 -0.713727 0.206438 -0.449927 0.454879 0.127228 -0.0668854 -0.473354 0.130076 -0.230472 -0.0539245 -0.24495 1.18907 1.10361 2.59893 3.9542 0.456979 2.74321 8.25601 2.36568 7.84558 59.8331 95.26 122.023 142.652 160.811 172.356 182.957 191.991 199.818 173.913 142.357 132.041 126.229 121.22 118.875 118.151 116.738 124.858 118.111 120.22 123.294 127.224 133.922 143.629 158.249 193.462 192.716 183.906 174.121 162.273 146.701 128.29 105.33 75.032 19.7593 3.33944 1.7524 1.79536 1.95737 1.53088 1.92603 2.22027 
-0.126749 -0.996438 -0.0496702 0.126854 -0.0796033 -0.0845283 -1.34784 -0.0451041 0.425198 -0.0984607 0.214407 -0.248542 -0.430747 0.576524 1.98482 2.64251 3.65804 2.32898 3.67497 3.82509 1.61816 6.90928 58.7084 94.6586 119.782 142.608 158.712 171.191 182.729 190.698 197.615 178.037 143.115 132.442 126.957 122.615 118.477 118.517 117.252 117.82 118.106 119.747 122.578 127.026 133.316 142.075 157.559 191.505 192.497 184.384 173.377 161.865 148.944 129.122 106.449 76.7217 21.9266 3.23052 1.93674 1.55638 1.6145 1.76168 2.41204 2.25188 
-0.0489875 -0.167177 0.1386 -0.110899 0.120619 -0.29644 -0.590273 -0.363102 -0.302485 -0.553265 0.284294 0.180448 0.19722 0.227117 2.78215 2.589 3.33201 4.48563 2.07358 1.27516 2.46322 5.47474 58.5492 94.6383 120.15 142.132 159.17 171.875 182.774 192.04 199.491 180.109 143.751 134.336 126.251 122.237 118.942 118.094 116.377 119.052 117.518 120.303 123.08 126.486 133.113 141.51 156.583 188.691 192.964 185.48 174.805 161.868 151.429 130.493 107.243 78.4704 24.3041 3.82458 2.69814 1.57308 1.94097 2.5234 2.0516 2.25531 
0.148846 -0.325898 -0.240607 -0.0597487 -0.236928 -0.379134 -0.396225 -0.266752 0.307724 -0.02881 -0.149171 -0.0675568 -0.194345 -0.47479 3.54744 3.50548 7.40435 1.06977 1.34812 1.49862 2.35018 2.69893 56.9143 92.8987 119.168 141.567 157.601 172.273 184.292 192.755 198.59 185.387 146.663 134.739 128.183 124.085 120.702 118.053 117.358 117.499 118.387 120.4 122.932 126.245 131.717 140.203 153.261 187.224 194.883 185.972 176.465 163.507 150.689 133.064 109.855 81.8699 30.3878 4.36983 3.63105 3.21985 2.40323 2.94579 2.42531 2.18075 
0.386081 -0.0657078 -0.723364 -0.0482034 0.147649 0.0386467 -0.122748 0.694743 0.22895 -0.00489744 0.443274 -0.213626 0.0459452 2.11205 2.52292 2.39328 8.75427 0.499981 2.98527 1.6335 2.32687 -0.371344 54.1968 90.4296 117.494 140.158 157.782 170.56 180.949 192.099 198.186 190.1 147.652 136.187 129.541 123.848 121.023 118.533 117.463 116.758 118.422 119.399 123.579 126.549 131.788 139.852 151.73 181.501 195.404 187.827 176.741 164.385 152.098 134.689 113.203 86.0368 38.0495 3.92325 3.981 3.55733 3.17108 2.88154 2.65516 2.51605 
-0.127265 -0.0580545 -0.0713797 -0.298998 0.0580498 -0.231913 -0.777282 -0.116676 0.0478291 -0.272072 -0.42392 0.464563 0.187317 3.89598 3.1757 5.58037 5.92216 1.34216 1.61894 2.25563 2.51762 -0.00398236 54.4145 90.5263 118.789 139.686 156.799 172.011 182.947 192.305 199.709 192.448 149.587 137.061 129.387 124.594 121.158 119.491 118.43 118.062 117.404 120.407 122.784 126.034 130.688 138.796 149.641 179.069 193.529 187.12 178.127 165.359 152.265 137.45 115.754 88.1348 41.0793 5.52484 4.5292 3.80594 3.86458 3.02499 2.74433 2.61463 
-0.0190002 0.0378416 0.185021 -0.163757 -0.411707 0.252617 0.412278 0.191996 0.72933 0.536501 -0.226176 -0.283601 1.00997 12.5642 6.6009 6.54646 4.79034 2.17573 2.25458 2.46182 2.74164 0.719234 53.3778 90.7949 118.416 140.061 157.543 170.489 182.212 191.626 200.155 194.191 150.431 138.656 128.571 125.599 121.718 119.857 117.916 118.294 118.835 119.767 122.518 126.23 131.013 138.742 150.261 176.852 195.253 187.716 179.236 167.572 153.152 138.917 116.872 90.6952 44.3885 5.3985 5.7744 4.33856 4.40031 3.77024 3.73202 2.68251 
-0.496706 0.245952 -0.469767 -0.0292869 -0.0450841 -0.0300444 -0.262905 -0.311424 0.396045 -0.0766495 0.139351 -0.109495 6.7003 12.5876 6.36065 2.62736 1.54574 3.18657 2.0561 2.77681 3.90733 0.483408 51.2633 91.7826 119.598 142.095 159.076 170.809 183.487 193.859 201.223 196.354 153.126 139.834 131.444 126.991 123.945 122.616 120.158 120.068 121.098 121.743 124.757 128.511 132.897 140.718 152.22 177.258 201.885 194.052 184.571 172.644 159.663 144.692 124.984 98.7258 71.9792 19.4259 4.35545 5.64095 5.27491 4.11031 4.18189 3.69685 
0.145229 -0.149674 -0.017955 -0.121394 -0.250576 0.056075 -0.563451 -0.0753485 0.470349 0.282153 0.318554 -0.0912035 1.5034 11.5567 12.1609 10.5103 5.27864 3.36203 3.00317 3.5338 3.27171 28.9642 80.4207 107.235 131.088 152.282 167.076 179.162 191.236 200.107 206 203.323 156.435 147.657 143.872 140.886 138.138 137.649 137.48 137.712 139.87 143.894 147.757 151.702 158.211 167.063 177.805 200.657 236.389 226.674 220.148 210.148 198.686 186.002 171.149 152.72 135.28 117.047 96.7588 72.5878 51.9795 21.3012 16.8683 13.7473 
-0.0525693 -0.318193 -0.291025 -0.577086 -0.153391 0.23828 -0.38759 -0.00754733 0.383904 -0.225975 -0.338885 -0.304761 0.170205 4.47607 12.8799 14.6315 16.8649 16.1435 15.2752 14.5071 16.8065 71.6632 95.5251 126.584 155.15 179.134 194.673 211.263 222.258 232.82 242.891 243.583 198.6 183.794 175.542 169.865 166.44 163.156 162.858 161.404 164.445 165.518 168.938 172.711 179.082 187.119 199.653 219.088 262.685 250.693 241.967 232.622 221.012 210.46 197.531 181.206 161.122 149.438 140.885 128.278 102.676 59.683 16.6785 14.9775 
0.075512 -0.0346232 -0.10842 0.0532728 0.760592 0.1093 -0.125194 -0.260913 -0.116537 -0.465191 0.325406 0.501808 0.184029 0.361539 4.58666 12.944 16.5509 19.0667 20.2893 18.9372 51.2001 94.707 126.784 155.763 177.905 196.815 212.696 225.928 233.929 244.338 251.383 250.281 202.832 189.36 180.415 175.211 171.22 168.796 167.693 167.796 168.3 172.024 172.988 178.446 183.214 192.005 204.161 222.455 268.894 256.897 249.599 241.227 229.263 220.71 206.744 191.093 171.431 154.501 144.17 130.741 115.04 74.1177 14.8089 1.43733 
0.408043 -0.0822814 0.283253 0.0118409 0.319645 -0.299873 -0.36089 -0.041635 -0.405414 -0.141271 -0.254135 0.08977 0.354955 0.490407 0.278524 2.36393 9.15645 16.6753 21.9476 28.7297 79.7775 104.795 134.861 160.989 182.434 200.885 215.365 228.647 237.243 246.474 253.075 254.275 204.454 189.551 182.167 175.892 172.613 169.575 167.941 168.262 168.52 169.705 171.73 176.06 182.493 190.873 202.646 218.722 267.212 255.957 249.369 240.854 230.89 216.834 206.101 192.192 176.444 156.788 143.301 128.27 109.632 63.092 14.8303 1.15477 
0.405258 -0.00741852 -0.163892 -0.25454 -0.521405 -0.0709987 -0.431416 -0.284023 0.256123 0.34625 -0.548601 0.388373 0.259217 0.663496 0.15536 0.262731 0.303469 4.92314 20.3251 38.1266 81.6311 104.272 134.913 158.639 180.44 198.039 211.595 226.509 235.687 244.977 252.2 255.423 202.652 187.48 178.38 171.182 167.128 165.213 163.53 162.36 161.995 164.086 166.272 170.957 175.541 184.74 193.993 212.032 259.57 245.788 239.695 234.026 222.416 211.547 198.807 184.32 168.564 152.33 135.548 118.279 93.9497 54.5809 1.98805 0.959866 
-0.0174364 -0.484614 -0.0145797 -0.685097 -0.333818 -0.118177 -0.437132 0.500248 -0.19733 -0.489033 -0.767268 0.110571 0.260549 -0.0794174 0.167056 0.332242 0.91909 0.688922 3.87901 31.1959 69.3035 97.7166 130.088 153.202 175.96 191.937 208.309 220.415 230.526 237.997 245.249 246.893 197.074 180.554 171.221 164.46 158.345 156.329 153.637 154.381 153.17 155.41 157.445 160.427 165.601 173.03 184.498 203.405 244.001 234.867 226.905 216.727 210.329 198.672 184.713 171.222 155.788 138.875 120.089 100.283 68.7564 14.6161 1.31384 1.02987 
-0.263571 -0.438792 -0.105554 -0.319164 0.142072 -0.0610212 -0.054852 -0.200011 0.0894553 0.0641066 -0.175768 -0.126383 -0.319614 0.147187 -0.310622 0.360342 0.62944 0.609922 1.04591 7.1108 39.8313 83.4263 118.048 144.894 165.893 183.934 197.962 209.119 217.026 223.915 232.585 237.956 187.433 171.108 161.474 154.222 149.265 144.825 142.655 143.119 141.406 142.007 143.106 147.315 151.28 159.259 168.337 184.796 222.467 216.66 208.64 198.876 189.906 180.641 165.885 148.816 131.163 111.096 84.3934 44.1235 5.22774 1.82079 1.79176 0.995982 
0.123646 0.288082 -0.248129 -0.3363 -0.246767 -0.47319 0.122418 -0.903178 -0.212216 0.526648 0.24448 0.228884 -0.371177 -0.35637 -0.126057 0.0522566 0.164169 -0.0497632 1.50391 1.83406 3.64755 35.1104 99.611 124.539 147.106 167.164 182.714 193.317 201.074 208.242 219.28 224.817 175.148 159.686 149.923 143.286 139.559 136.406 133.557 131.834 132.334 133.078 135.204 137.735 141.822 150.92 159.489 176.472 212.517 208.933 202.181 193.041 182.475 173.018 159.211 140.458 116.995 87.728 40.2916 5.51166 3.40852 1.80113 1.65358 0.748628 
0.0557773 -0.159759 0.299738 -0.277058 -0.0696756 0.0929063 -0.202749 0.163338 0.0437027 0.257754 -0.0128371 -0.045924 -0.273229 -0.402979 0.0237656 -0.279566 -0.33801 0.297885 0.787919 1.83025 2.56648 3.26246 60.2621 95.2131 124.47 144.788 163.651 176.429 189.297 195.883 207.27 218.662 168.889 153.519 144.648 139.206 134.612 132.51 131.097 130.293 130.429 130.669 134.711 137.762 141.813 149.425 158.21 176.114 210.954 209.48 201.413 191.404 182.961 173.103 157.236 139.04 115.599 87.4187 39.4281 5.73135 2.77139 1.79799 1.19041 0.52279 
0.114047 -0.335604 0.063118 0.0897397 -0.362926 -0.295711 0.087263 -0.11277 0.00686341 0.200841 -0.097885 -0.0365775 -0.513156 0.273004 -0.112464 0.0277113 0.37581 0.316799 0.54852 0.952981 2.13463 1.63123 59.3298 95.1218 123.814 144.97 163.827 175.04 186.814 195.097 206.809 218.213 168.234 153.802 144.81 138.94 133.9 131.187 130.481 129.07 129.566 130.468 133.461 136.955 141.31 148.263 156.415 173.55 209.74 208.447 201.363 191.519 180.574 173.071 158.063 138.899 115.898 88.3234 42.4895 2.59843 1.85914 1.48842 1.02537 1.06976 
-0.101204 0.0913783 -0.463602 -0.659248 -0.30965 0.0657607 -0.306609 0.299855 -0.217164 0.0961971 0.125336 -0.560441 -0.840082 -0.0896426 -0.273686 -0.190935 0.337497 0.344595 0.743386 0.687043 2.30832 -0.172914 58.7502 93.7315 122.644 144.055 163.024 174.674 187.356 195.695 205.824 217.042 168.775 153.347 144.195 138.92 134.28 130.81 129.658 129.199 130.163 129.851 133.51 134.656 141.011 146.95 156.818 172.598 208.969 207.47 199.183 189.803 180.073 174.051 157.933 139.159 116.027 87.8107 43.9618 1.68841 1.41994 0.615078 0.78848 0.615557 
-0.4795 -0.0230142 -0.242282 -0.12085 -0.453756 -0.0509769 -0.225633 0.0208005 0.150448 -0.243837 0.174094 -0.130589 0.144679 0.258699 0.409004 -0.256284 0.232157 -0.264814 0.362684 0.491912 1.32458 -0.805999 56.7155 92.7904 121.386 144.722 161.987 173.141 186.077 194.222 205.328 218.399 168.308 153.327 145.022 137.61 133.639 131.153 128.069 128.378 129.112 129.755 131.682 135.371 139.23 146.599 156.268 170.652 204.979 207 199.262 190.046 180.76 172.892 157.605 138.634 116.052 88.1796 45.7174 2.66672 1.33101 0.5034 0.284984 0.304228 
-0.141869 -0.691827 -0.296079 0.106485 0.213826 0.00440991 -0.541293 -0.291047 0.0983885 -1.05308 -1.40055 0.0438723 -0.0606602 0.206794 0.00350516 0.103541 0.0476376 0.186971 -0.00292892 0.383004 1.43846 -0.146535 56.157 90.439 120.17 142.927 162.109 171.656 183.236 192.436 203.421 216.146 170.534 152.884 144.3 137.406 133.514 130.652 128.789 127.215 127.537 128.895 131.11 134.61 137.949 145.444 154.203 169.247 202.896 207.826 200.686 191.348 180.319 175.041 159.987 140.348 117.121 88.9657 50.6265 0.597481 0.761308 0.213714 -0.2673 0.77922 
-0.0513455 -0.112256 -0.558751 -0.0623349 -0.385684 -0.0504014 0.285558 0.148662 0.117735 0.119014 -0.305869 0.325001 -0.158813 -0.0726187 0.598645 -0.174854 -0.00518048 0.0986521 -0.125811 0.313952 1.38562 -0.0208233 43.9121 87.546 116.561 139.658 159.796 172.567 180.97 192.611 201.917 212.301 180.835 153.918 143.708 138.473 133.147 130.521 129.357 127.66 128.371 128.861 131.891 133.857 137.785 143.524 153.333 168.157 197.923 208.418 201.413 190.807 177.482 180.393 161.689 142.159 118.948 92.976 59.7283 1.16898 1.08885 0.478328 0.506615 0.438337 
0.156814 -0.218939 -0.23124 -0.725587 0.314142 0.255294 -0.0653049 0.155287 0.644207 -0.42193 -0.373543 -0.151377 -0.341157 -0.0109751 -0.105162 -0.100012 0.0722455 0.622636 -0.213562 -0.0606579 1.12247 0.871441 45.3017 87.3741 116.196 139.704 159.66 172.652 179.545 191.744 202.226 210.005 180.974 153.964 143.599 138.166 131.933 129.655 129.285 125.855 128.583 128.949 130.756 133.543 136.641 143.127 152.712 164.683 195.62 208.098 200.621 191.961 177.725 180.244 161.567 142.721 120.328 93.7205 58.6396 2.06573 1.34183 0.294073 0.835344 0.277018 
0.134062 -0.159437 0.0491018 -0.348093 -0.324847 -0.25981 0.0550103 0.10534 -0.304785 0.31158 -0.550343 -0.285343 0.307653 0.296887 0.110658 -0.0428557 0.19085 -0.0373428 0.097608 0.374706 0.769577 1.30543 40.555 85.3354 115.16 139.528 158.425 172.335 176.94 190.402 200.881 209.426 181.062 153.555 143.59 137.335 132.335 129.014 128.846 127.386 127.495 128.182 129.855 133.423 137.16 141.896 152.25 164.981 191.623 208.892 201.866 192.339 178.336 177.953 160.355 143.863 121.924 94.5083 59.5539 2.36928 1.3913 0.643174 0.620663 0.838582 
0.320892 0.105996 0.0772904 -0.676182 -0.136224 0.247367 0.386503 -0.112941 -0.0966156 -1.0157 -0.0161674 -0.163802 -0.293682 0.633763 -0.325236 -0.0192205 -0.00881392 0.0777322 -0.268826 0.265088 1.06588 1.10886 39.4399 84.7995 113.436 137.749 157.418 172.066 176.824 191.212 199.819 209.02 182.478 153.453 144.271 137.182 131.618 128.553 127.162 127.596 126.986 127.68 129.773 132.618 136.128 141.929 151.992 163.306 192.442 209.192 203.17 191.836 183.665 176.827 161.311 144.317 121.715 95.5295 61.1526 4.07394 2.06247 1.30763 0.632643 0.494095 
0.41176 -0.171777 -0.456862 -0.286027 -0.082553 -0.465029 0.0659024 -0.178892 -0.417709 -0.145 0.318085 0.0147731 -0.410061 0.125486 -0.15955 -0.186382 -0.224627 -0.1608 0.298415 0.647861 1.4829 2.02 40.1175 85.3256 115.476 139.525 157.302 172.839 175.491 189.015 199.792 210.822 180.768 153.203 143.166 137.6 133.841 129.811 128.099 126.464 128.249 127.549 130.539 133.033 138.096 142.466 150.23 164.498 189.888 209.972 201.816 193.579 183.483 176.606 164.112 145.648 123.966 96.8686 62.6944 5.9912 2.8876 1.32408 1.1679 1.19342 
0.613596 0.325235 0.300147 -0.533368 0.134079 0.0596829 0.0488191 0.0112157 -0.419019 -0.256312 -0.217871 -0.318802 0.310699 -0.091516 -0.0448652 0.000712137 -0.194831 0.489057 0.790948 1.26922 1.75094 2.25538 37.8454 84.5711 114.265 137.42 157.923 172.842 174.825 188.266 198.875 208.786 179.421 154.131 144.327 137.289 133.325 129.284 128.494 127.509 126.753 128.271 131.564 132.897 135.456 141.523 150.437 162.133 188.784 210.753 203.408 194.049 183.884 176.306 163.943 145.906 125.969 99.1467 65.2 8.6377 3.24653 2.88956 2.17913 1.35306 
