-0.826259 -0.632902 -0.994746 -0.920617 -0.785382 -0.507804 -1.31411 -0.791302 -0.87618 -0.804343 -0.510057 0.326697 0.991543 26.5433 77.1944 107.02 131.503 149.61 167.166 169.263 184.961 194.917 201.154 203.881 166.997 151.405 141.26 135.756 130.724 128.426 126.96 125.82 127.664 129.242 131.149 133.866 137.806 145.371 155.023 168.841 203.534 201.707 197.675 186.315 173.032 168.756 153.558 133.846 109.43 79.869 29.4788 1.83706 0.735788 0.110645 0.368363 0.176619 -0.184644 0.0448074 -0.158702 0.193602 0.557468 0.30801 0.287045 0.215497 
-1.00015 -0.886778 -1.15082 -0.674513 -1.0908 -1.42599 -1.11773 -1.29132 -0.879023 -1.01696 -1.26242 0.136251 0.374466 26.3938 77.156 107.034 132.418 152.088 166.674 170.422 185.574 196.043 203.017 205.336 166.757 151.586 142.627 136.37 131.362 128.503 126.204 125.738 128.428 128.717 131.495 134.039 138.595 145.184 153.985 169.149 203.799 201.834 196.304 185.932 173.443 169.075 153.185 133.78 109.387 80.0855 28.9831 1.78896 0.857211 0.189216 0.501888 0.342434 0.434449 0.33681 0.126745 0.302732 0.662763 0.457112 0.328614 0.337947 
-0.779085 -1.39682 -0.502662 -0.994022 -0.934327 -0.963506 -1.12584 -0.70626 -0.844282 -0.792301 -1.21107 0.398685 0.843774 27.5786 78.0355 106.925 131.664 150.207 167.812 168.101 186.306 195.112 202.354 202.858 166.217 152.094 143.263 135.695 131.643 128.245 126.572 126.648 128.576 128.713 130.691 135.316 137.541 146.062 154.599 169.692 204.808 202.991 195.346 184.667 174.935 168.913 152.274 133.536 109.555 80.1896 28.9667 2.19011 0.788664 0.611913 0.101082 0.4594 0.583568 0.20931 0.697784 0.862745 0.0866284 0.565476 0.327826 0.298452 
-1.43045 -1.82317 -0.890196 -0.648433 -1.15707 -0.992273 -0.820915 -1.60885 -0.908083 -1.334 -0.491226 -0.0956833 0.98829 26.5149 77.1433 107.83 133.045 151.55 168.337 170.025 184.75 194.858 201.627 205.235 168.208 153.344 144.156 136.605 132.276 128.764 126.573 127.353 129.114 130.021 130.722 135.695 142.864 148.214 159.537 170.646 205.278 202.796 198.592 187.782 176.475 169.519 152.719 134.457 108.855 79.5822 28.3162 2.1635 1.18715 0.655005 0.4852 0.530899 0.391589 0.204717 0.238886 0.277258 0.380656 0.42728 0.159953 -0.0276168 
-0.860006 -0.798725 -1.12803 -0.619469 -1.69888 -0.656682 -1.28324 -0.685995 -0.831374 -0.877605 -0.366521 0.769132 1.21339 26.7254 77.8797 106.748 132.343 151.329 167.685 170.472 187.591 195.284 203.912 205.055 167.553 152.972 144.067 135.544 132.447 129.332 127.491 127.681 128.467 129.73 132.446 136.05 142.1 146.769 155.53 171.419 205.887 203.361 199.403 184.676 175.748 169.291 152.824 133.433 109.336 80.0205 29.2637 2.55583 1.61845 0.442236 0.210776 0.722177 0.870766 0.642601 0.409262 0.725204 0.33433 0.469424 0.657345 0.550768 
-0.828114 -1.26687 -1.02649 -1.44986 -0.766595 -0.814723 -0.93279 -0.984894 -0.609818 -0.797898 0.108732 0.753325 1.83535 27.6742 77.8813 108.384 133.497 152.291 168.723 171.157 185.895 196.181 203.267 207.271 169.868 153.193 144.406 137.264 132.783 130.279 127.06 127.765 129.697 131.544 132.658 135.198 143.812 148.992 156.27 172.5 206.308 204.584 198.763 187.896 177.228 170.098 154.774 135.262 111.412 81.2701 28.8952 2.95057 1.97969 0.846947 0.947979 0.521665 0.398924 0.709232 0.547958 0.190373 0.184233 0.626833 0.163406 -0.0430165 
-1.1404 -0.929487 -1.24225 -1.17049 -1.22837 -0.921744 -1.25276 -0.790172 -0.273915 -0.47613 0.518614 1.22469 1.91893 21.9678 76.2822 106.323 131.206 150.737 167.639 172.074 186.606 195.338 203.738 210.603 173.176 156.701 146.636 140.177 134.589 132.368 129.282 128.851 130.348 131.545 134.073 136.316 141.356 146.874 156.358 171.982 205.845 208.008 199.357 191.567 180.664 172.582 157.738 138.469 115.156 86.4484 36.1228 3.2047 2.41623 1.55629 1.01729 0.58081 0.616146 0.659204 0.446485 0.585302 0.334929 0.468309 -0.0162735 0.640491 
-0.904261 -0.963081 -1.11881 -0.890971 -1.03403 -0.636252 -1.1328 -0.268791 -0.83584 0.176017 0.58084 1.00032 2.62846 20.7929 75.1464 106.867 132.536 151.345 167.415 177.24 187.387 197.035 204.192 210.645 173.565 157.418 148.037 139.214 134.67 131.754 129.85 128.63 130.629 131.93 133.45 136.006 141.119 147.854 155.928 170.901 205.241 207.749 199.1 189.468 179.198 172.651 156.892 138.419 115.196 86.7313 39.2546 3.60774 2.90184 2.36738 1.43571 0.991434 0.27576 0.462475 0.364809 0.74208 -0.15206 0.431857 0.609171 0.513872 
-0.669332 -1.10891 -0.976781 -1.32615 -1.3057 -1.0149 -0.981981 -0.621441 -0.573693 -0.357284 1.01565 1.3486 2.39444 17.8802 78.0988 110.46 134.634 155.057 171.453 179.093 188.926 200.207 206.214 215.944 175.667 158.565 149.388 142.27 137.282 133.22 130.864 130.95 131.473 132.494 134.672 137.34 142.434 148.38 157.738 173.041 207.625 208.953 202.058 192.483 180.789 174.88 159.081 140.948 117.494 87.5131 38.3938 3.41989 3.50933 1.92943 1.17154 0.660741 0.0712065 0.258976 0.17121 0.166337 0.378963 -0.179761 0.340748 0.0391888 
-1.12108 -1.21187 -0.858946 -1.39078 -0.585198 -1.13621 -0.781268 -0.408598 -0.0987964 -0.159587 0.671531 1.41825 11.1563 61.3882 95.9874 126.506 152.388 169.607 183.495 188.88 198.157 206.693 212.31 220.546 182.262 164.176 155.625 149.473 142.486 140.497 136.153 135.91 138.87 140.877 141.294 142.616 147.655 152.177 159.985 175.688 213.429 214.014 207.622 198.017 186.039 179.464 165.341 147.843 126.998 101.245 64.4878 23.6023 2.63839 2.28227 1.2383 0.985555 0.120032 0.388405 0.468722 0.540433 0.51418 0.0173491 0.440708 0.407857 
-1.04299 -0.858639 -1.06039 -1.02441 -0.947917 -1.17755 -0.694753 -0.698784 -0.799236 -0.307136 0.62422 -2.31757 55.1075 101.526 143.553 164.556 179.932 186.323 203.716 213.302 220.396 228.653 234.281 241.654 202.437 183.165 170.761 160.759 154.49 150.032 146.257 144.533 146.381 146.039 148.005 150.519 155.36 163.511 174.141 189.38 228.69 230.474 222.413 215.325 206.438 195.082 182.846 168.36 151.365 132.401 108.216 78.1713 27.3673 -0.795424 1.68741 1.32333 0.503849 0.232264 0.302898 0.537465 0.556015 0.507576 0.333828 0.621755 
-0.820088 -1.0868 -0.712519 -1.26374 -1.42179 -0.801958 -0.837926 -0.99265 -0.848573 0.246137 5.41661 47.5383 87.0276 126.895 153.385 171.672 183.381 197.402 208.71 222.258 229.949 238.165 243.471 251.601 208.262 189.791 179.493 171.864 166.149 161.754 160.501 157.352 159.877 159.503 161.881 164.706 170.839 176.248 184.348 198.41 238.356 242.819 237.418 230.138 224.406 217.712 206.793 193.441 175.987 158.233 139.393 118.128 95.2769 65.2354 7.58711 0.752835 0.433293 0.868364 -0.0100149 0.24726 -0.137795 0.291621 0.544704 0.205411 
-1.89237 -1.46446 -1.28084 -1.01907 -1.1731 -0.857131 -1.25079 -0.831626 -0.285142 -1.42296 44.6927 76.2202 101.035 152.324 165.035 178.12 188.53 201.032 215.386 225.939 233.231 240.923 247.091 252.653 207.199 181.966 173.49 174.27 169.058 164.895 163.431 160.969 163.402 164.435 167.501 171.098 176.259 183.648 194.425 209.597 250.349 258.706 254.294 242.949 238.144 228.744 218.812 208.968 194.031 168.27 150.663 130.66 110.723 86.519 44.0954 -0.73705 0.379535 0.110066 0.436338 0.616846 0.673615 0.344156 0.201391 0.602631 
-1.09004 -1.44916 -0.826376 -1.28948 -0.865403 -0.972174 -1.05508 -0.961282 -0.623163 2.8282 55.1491 86.4048 117.046 165.682 177.629 185.629 194.026 203.547 216.336 229.814 238.053 245.447 252.273 250.232 193.979 173.994 167.536 168.285 169.74 165.59 163.072 162.844 165.633 165.731 169.325 173.167 178.445 186.522 196.61 210.2 249.408 257.125 250.365 242.051 235.901 232.732 224.419 213.36 203.747 170.566 154.347 132.431 112.359 87.8994 51.4457 -2.28684 0.690576 0.585073 -0.242388 0.39735 0.111408 0.411872 0.265844 0.407229 
-1.47608 -1.56239 -0.933024 -1.51021 -1.27909 -0.248819 -1.38206 -1.25608 -0.672507 0.0252956 51.1016 78.9153 97.1925 116.937 141.137 160.886 175.66 189.035 199.552 205.343 211.601 217.509 211.003 205.309 166.956 151.985 145.318 142.215 147.697 151.433 150.207 149.166 151.95 153.821 155.705 161.024 166.102 173.293 182.779 198.634 236.902 239.97 236.805 228.985 218.791 211.713 209.575 196.145 182.915 146.923 128.593 108.974 95.2288 78.5013 38.2387 0.234389 0.875094 0.721552 0.505204 0.395412 -0.0800765 0.966958 0.223518 0.604973 
-0.904185 -1.052 -1.22446 -0.677979 -0.961492 -1.14919 -0.880475 -0.491387 0.463478 1.48588 -0.0244973 4.31991 11.0671 52.7365 96.5374 121.181 145.393 162.728 182.14 192.353 202.18 193.404 182.973 188.075 152.757 138.782 132.19 126.746 125.236 127.24 134.655 138.02 139.709 141.309 144.427 147.871 152.006 157.975 168.203 181.919 215.319 218.692 212.036 202.667 196.938 188.892 180.372 166.784 143.115 104.631 54.9426 14.0185 7.80672 3.69879 -0.546696 1.06371 0.964246 0.173422 0.518834 0.254508 0.198226 0.513564 0.72859 0.73575 
-1.45327 -0.759178 -0.897618 -0.704816 -1.28264 -1.00589 -0.816645 0.562654 1.42188 0.410692 0.809785 1.77063 3.10749 0.827541 55.1571 93.0177 118.593 140.406 156.907 171.953 175.222 151.716 148.811 165.854 133.786 121.671 112.281 108.799 106.671 103.606 104.851 107.704 121.63 121.658 124.432 127.349 131.054 136.624 145.854 159.24 192.88 197.366 188.735 182.29 174.376 159.481 140.636 118.939 91.9 52.7276 7.58819 8.01496 6.3168 2.02447 1.40249 0.99261 0.950166 0.564206 0.248459 0.842647 0.471166 0.608203 0.60288 0.70172 
-1.13021 -1.15161 -0.996442 -1.33456 -1.22582 -1.44856 0.405437 0.539636 0.159658 0.635609 1.22316 1.95004 3.12873 1.63784 49.9909 87.7211 113.921 135.255 153.429 165.656 154.74 130.841 126.806 155.393 128.359 117.226 109.185 105.792 103.175 100.669 99.3268 100.234 105.246 115.534 122.253 124.206 128.782 134.453 143.301 156.212 191.873 195.556 188.698 182.654 168.955 157.042 138.331 114.293 86.838 41.1203 5.72192 5.13384 5.00308 2.58145 2.02236 0.945379 1.00896 0.618598 0.332988 0.631052 0.414216 0.631986 0.908723 0.598334 
-1.17235 -1.0982 -1.36454 -0.945867 -1.30824 -0.967164 0.88657 0.144644 0.724871 0.0926031 1.29154 1.83294 1.92519 1.9609 44.9368 83.6757 111.353 134.609 152.489 166.752 132.94 117.874 114.212 141.772 129.876 115.504 108.229 103.686 100.007 98.5238 97.5842 97.2902 100.301 102.755 110.76 123.956 127.547 134.082 142.451 155.128 188.234 194.039 186.683 179.345 167.584 156.42 135.981 112.679 85.4132 35.4707 4.46816 3.53993 3.70661 3.3544 1.03618 0.891458 0.506157 0.455377 0.0558003 0.813827 0.633368 0.662042 0.443017 0.799371 
-0.713112 -1.02815 -1.44894 -0.944935 -0.646526 0.927028 0.694531 0.838073 1.42809 0.96302 1.20769 1.3666 2.74645 2.42484 39.1708 80.4213 110.561 132.682 151.577 165.954 121.93 109.497 105.368 127.134 131.382 113.665 107.455 101.143 99.4531 96.8625 95.4247 95.5183 97.9661 99.5191 103.198 110.422 126.462 132.186 144.049 153.099 185.554 193.758 185.215 177.296 170.281 151.676 135.704 111.52 83.8068 32.6833 4.41672 3.18253 2.49884 2.61086 2.19329 1.00363 0.656672 0.0871658 0.644252 0.415704 0.194354 0.532029 0.58215 0.212969 
-1.15318 -1.13757 -0.90725 -1.14676 -0.708963 0.978632 0.83713 1.21844 0.863488 1.01164 1.12233 1.05094 1.72439 1.98178 35.1302 78.8576 108.844 131.829 150.198 162.7 119.377 105.138 100.186 115.152 132.399 114.251 106.688 101.038 97.8765 95.8607 95.0697 94.9127 96.1509 98.6614 100.342 104.571 118.105 130.464 140.585 151.762 184.653 193.538 184.619 175.485 168.938 151.43 133.832 109.677 81.5044 28.7329 4.48455 3.67372 2.48068 2.48832 1.65417 0.604904 0.309436 0.538231 0.689767 0.125427 0.531832 0.610696 0.752312 0.640465 
-1.12037 -0.992969 -1.22397 -1.53006 -0.526287 0.884797 1.02086 1.36494 1.22268 1.08385 1.30841 0.771438 2.37823 2.38261 33.0866 77.085 107.125 129.672 149.513 162.385 117.544 104.934 97.5141 111.041 128.095 113.138 106.171 100.878 97.155 95.1343 95.206 93.5363 96.7563 96.6784 99.4862 103.712 109.217 131.144 139.517 152.512 182.846 192.314 184.251 176.407 165.369 150.27 132.803 109.812 80.4664 27.9736 4.20148 3.42857 2.56256 2.16355 1.87049 2.58405 0.793806 0.335469 0.782952 0.311003 0.840692 0.342175 0.150869 0.885202 
-1.17608 -0.612443 -1.22539 -0.610791 -0.00702706 2.34713 1.9113 1.54001 1.49736 1.86857 1.86494 1.87751 2.73098 3.0783 32.1181 75.841 105.887 129.885 147.882 163.527 118.383 105.779 97.9272 109.285 124.875 115.054 106.855 101.621 97.5541 95.6791 94.5361 93.7714 95.8042 97.5688 99.8951 102.477 108.72 128.436 138.885 151.118 182.786 192.091 182.436 180.15 164.506 150.167 131.857 109.062 79.3946 25.6781 4.93031 3.62101 2.56928 2.17827 2.26191 2.6701 1.34889 0.33597 0.477014 1.01235 0.211487 0.439434 0.697523 0.329869 
-1.48658 -0.755406 -0.613831 -1.54689 1.07335 -0.000820938 0.773374 2.41375 2.53201 2.35528 2.23463 1.78556 2.70923 3.82709 27.3055 72.5097 103.344 128.153 147.984 161.318 128.791 108.184 99.8863 104.794 125.89 114.668 108.782 102.128 98.6189 95.391 94.5373 93.8049 96.0939 96.5955 98.7829 102.207 108.812 125.822 136.9 150.168 178.744 193.088 183.887 181.743 163.827 150.403 132.942 110.496 82.0871 29.9873 4.6096 3.54771 2.87645 2.11071 1.79465 1.88821 2.76685 1.37412 0.694921 0.256051 0.684351 0.124023 0.494413 1.21704 
-1.11153 -0.78895 -0.538142 -1.61328 1.21377 0.284915 1.51694 1.85904 2.47789 2.37523 2.087 2.20139 2.40132 3.87396 24.4446 71.0889 101.871 126.087 145.527 157.51 140.369 111.217 102.114 104.324 127.766 114.741 109.486 103.951 98.9386 97.6502 95.7788 94.7182 96.4694 98.3723 101.035 102.322 108.338 126.132 136.207 147.89 175.097 191.444 184.824 182.404 164.737 151.086 133.305 110.82 81.8896 31.2136 4.7681 3.14183 1.86394 2.07678 1.9005 2.54627 3.02424 3.04307 0.601555 0.265493 0.493989 0.408302 1.09681 -0.0261024 
-1.49017 -1.24476 -0.713262 -1.40235 1.262 0.954292 2.06284 2.21651 2.27088 1.72608 1.72323 1.71655 2.15514 3.60275 22.451 70.6023 102.508 126.536 145.743 160.068 146.612 115.994 104.831 107.727 130.545 115.456 110.273 104.71 100.354 97.7757 95.7303 95.095 97.4194 98.2942 100.946 104.342 110.578 127.786 135.471 147.007 173.466 192.25 183.882 180.686 164.554 151.237 133.82 110.472 82.1965 29.4542 4.47466 3.57524 1.92898 2.13493 1.93528 2.00498 1.93164 2.34949 2.60022 0.172219 0.613926 1.03882 0.404152 0.460739 
-1.16739 -0.453797 -0.956019 -0.952314 1.28325 1.79578 1.79608 2.09339 2.21098 1.79091 1.34641 2.0677 2.20707 2.8977 22.2801 70.2471 100.763 126.448 145.595 159.465 155.54 119.466 108.483 108.926 133.645 117.159 112.333 105.236 101.701 98.7744 97.2946 96.5167 98.8386 99.9032 102.618 106.989 113.191 129.483 135.552 146.234 173.929 192.421 182.359 181.462 164.416 150.823 133.136 110.412 81.6878 28.1195 4.60013 2.80813 2.23454 1.78349 1.95906 2.41611 2.17721 2.44899 2.45142 1.6006 0.697193 0.28722 0.613584 0.84026 
-1.47523 -1.00713 -0.753777 -0.562107 1.80543 1.9222 2.32832 1.88826 1.7508 1.86831 1.28766 1.4995 2.79082 3.49593 19.9412 68.9895 100.851 125.652 145.344 158.475 162.621 125.414 113.53 112.92 138.76 122.112 113.018 106.149 102.702 99.7466 98.1965 96.8786 100.356 102.334 103.503 108.113 118.648 127.655 135.695 145.67 172.295 192.173 181.55 182.043 165.25 151.677 132.978 110.168 81.5613 28.2269 4.1755 1.96762 1.6058 1.60103 2.00613 1.94849 1.89715 1.8925 2.36116 1.87141 -0.160921 0.130975 0.601956 0.456856 
-1.37655 -1.24851 -1.00521 -0.918713 2.29009 2.09897 1.58905 2.55427 2.09179 1.38369 1.63417 1.42015 2.38719 2.7768 19.547 70.0923 100.756 125.608 144.87 159.954 170.267 132.533 117.791 118.635 145.29 126.429 115.17 108.82 104.223 101.386 99.5411 99.9299 101.852 105.227 107.203 113.997 123.539 127.366 135.583 145.988 173.135 191.809 183.708 180.727 164.708 151.129 132.948 108.815 80.5267 27.0295 3.51914 1.6281 1.94063 2.28752 1.78329 1.73455 2.4006 2.19122 2.67846 2.29384 0.757634 0.268407 0.539454 0.5419 
-1.74425 -1.24819 -0.761871 -1.31526 1.88769 1.56135 2.167 2.10329 2.06945 1.4725 1.46615 1.16987 1.82894 3.24829 18.9501 68.9741 99.5768 126.115 145.108 159.305 169.035 151.656 125.476 125.029 154.925 128.102 117.64 110.755 106.764 103.758 101.759 101.996 105.417 109.94 113.002 119.423 122.357 127.493 134.07 146.287 170.299 191.62 186.217 177.453 164.567 149.627 132.303 109.418 79.4684 26.596 3.51949 2.00207 1.49135 2.00385 2.19141 1.8175 2.48803 2.2417 2.21183 2.23698 0.925841 0.730613 1.12258 0.808822 
-1.41222 -0.966903 -0.938113 -1.11435 1.87649 3.12249 2.34656 1.59555 1.66449 1.49182 1.6526 1.17413 2.57943 2.84154 19.8311 68.4148 99.865 125.477 145.316 158.933 169.251 171.877 136.433 143.564 164.007 132.504 121.824 113.885 109.81 107.347 106.229 106.429 113.786 114.698 118.06 118.962 122.187 126.616 134.271 145.557 169.219 191.545 185.735 176.42 164.435 150.652 131.925 108.693 79.6957 25.4977 3.64089 2.31379 1.67022 1.20523 1.80377 2.54638 3.16853 1.65858 1.3105 1.63562 1.87655 0.405254 0.575489 0.443221 
-1.08011 -1.21774 -2.40934 -0.435405 1.38124 3.21022 2.32138 2.05978 1.77767 1.53554 1.36276 1.21382 2.1202 3.09964 19.0441 68.1975 98.4965 124.72 145.275 159.87 168.536 181.326 163.722 168.083 173.523 139.901 129.59 121.12 116.95 115.342 115.082 113.889 118.222 117.216 117.361 119.521 121.758 127.043 133.964 144.532 164.668 190.755 186.245 176.101 162.545 149.65 131.817 107.972 79.425 25.5105 3.67221 2.18242 1.46754 1.54437 1.421 2.23527 1.46257 1.15108 1.3708 1.30624 1.07834 0.0266486 -0.293943 -0.164041 
1.20131 1.91975 1.17666 1.15328 1.80479 4.90979 5.20295 4.83172 3.95348 3.94737 3.27793 3.90415 4.42415 5.55126 21.0704 72.7953 102.682 128.314 148.895 164.052 173.545 183.992 191.238 199.568 198.43 161.486 145.241 134.091 128.202 123.718 120.344 118.673 112.844 113.109 113.835 114.728 118.428 122.673 129.262 138.572 157.431 191.478 180.332 170.38 159.245 146.447 127.996 105.364 76.0009 22.2781 1.45831 -0.12894 -0.368039 -1.09385 2.61474 -0.719569 -0.449966 -0.634746 -0.272272 -0.795401 -0.0177345 -1.95886 -1.33095 -1.57546 
2.43983 1.48243 1.90942 1.70721 1.14344 5.00989 5.11114 4.55756 4.62509 3.80629 4.06871 2.98222 4.57673 5.48631 20.9661 72.7949 103.597 129.784 148.438 163.93 174.107 184.758 193.579 199.674 199.018 161.883 147.358 136.182 128.188 125.415 121.808 119.818 112.593 112.382 114.144 116.194 118.347 122.696 129.444 139.174 154.499 191.952 179.384 170.478 158.438 145.818 129.419 104.791 76.3362 22.6774 1.19864 -0.227348 -0.635018 3.93745 -1.3487 -0.164863 -0.26423 -0.513371 -0.79247 -0.235459 0.0375892 -1.98725 -1.28108 -1.8437 
1.60575 2.51209 1.6167 1.75491 1.84939 4.12962 5.5241 5.27835 4.95975 3.9716 3.36599 3.48485 4.81218 5.80976 20.9217 73.2345 102.969 129.226 149.413 164.584 175.265 187.143 194.161 200.54 201.313 163.968 146.575 137.527 129.579 125.693 122.162 119.673 112.723 113.483 114.434 115.648 118.526 123.944 129.086 139.033 154.457 193.725 180.645 171.38 159.786 145.554 128.133 104.927 75.2769 22.7462 0.485492 0.228336 -1.01824 3.53816 -0.522192 -0.935826 -0.839851 -0.725585 -0.883149 -0.718614 -0.356936 -1.87625 -1.75381 -1.15645 
2.07714 1.76574 2.15928 2.11095 1.42128 3.12111 5.75279 4.45035 5.08439 3.69317 3.40842 3.68824 4.06608 4.96273 21.7208 72.0295 103.189 129.04 148.868 164.507 175.248 186.73 194.219 203.066 203.642 164.258 148.629 136.711 129.382 125.533 121.806 119.584 113.378 113.155 114.328 115.208 118.683 122.46 129.09 139.48 153.537 194.011 179.945 171.647 158.971 146.563 127.804 104.929 75.7712 22.7593 0.948478 -0.604663 -1.01722 1.41772 -0.182882 -1.21843 -0.702109 -1.0044 -1.31632 -0.945357 -0.709355 -1.73074 -2.27544 -1.18006 
2.16793 1.75208 1.59531 1.19111 1.13333 1.55831 6.10147 5.56397 4.91922 3.94796 3.24412 4.03521 4.51926 4.81169 21.8169 72.118 101.642 129.552 149.668 165.947 174.346 185.571 194.888 202.356 204.473 165.738 149.26 137.624 131.14 126.817 122.969 119.968 113.2 112.562 114.052 115.829 118.251 122.24 129.02 139.073 153.55 192.525 180.513 171.466 158.672 146.202 128.41 104.28 77.6036 22.4243 1.1043 0.0528806 -0.797227 1.17472 -0.135222 -0.760581 -0.421246 -0.837716 0.0169354 -0.588406 -1.03394 -1.75167 -1.41823 -1.58303 
2.00312 1.91325 0.601689 1.74371 1.90973 2.017 5.20169 5.97414 4.83072 4.19519 3.52337 3.81732 3.64926 5.83926 21.767 72.1607 102.715 128.796 149.106 164.422 175.649 186.209 195.588 202.506 206.722 166.982 150.056 138.995 131.173 125.608 123.015 119.955 112.532 112.92 113.807 115.894 118.561 123.281 128.978 137.991 152.894 190.667 180.928 171.728 158.729 146.524 127.773 105.357 85.9752 23.0815 0.935435 0.248363 -0.655792 0.543206 0.848003 -0.65596 -1.18841 -0.500553 -1.14478 -0.824956 -0.811638 -1.82755 -1.81073 -1.68815 
1.99697 0.313367 1.37443 2.33479 1.65775 2.06944 2.59992 8.34801 4.54429 3.80086 4.14701 3.8302 4.57 5.96094 22.0307 73.2577 102.89 129.24 149.309 164.033 175.765 186.381 195.595 202.388 206.1 166.387 150.318 139.045 130.957 125.856 122.459 120.134 113.567 112.651 113.361 116.173 118.264 123.099 128.23 138.894 152.809 190.39 178.064 172.833 159.05 146.958 128.758 105.707 77.486 23.8239 0.905467 -0.193424 -0.794877 0.0867419 1.0205 -0.909889 -0.501205 -0.580277 -0.794594 -0.891575 -1.26696 -1.90453 -1.15186 -1.48782 
1.65115 1.76866 1.72864 1.87838 1.3041 1.7749 1.47489 5.44368 5.38347 4.05792 3.35404 3.73999 5.12681 6.15567 22.7889 72.1214 103.77 128.297 150.941 164.668 178.406 188.338 197.144 202.958 206.464 167.648 152.14 143.465 132.986 127.2 123.908 121.091 114.153 113.95 113.899 115.948 118.979 122.191 129.328 139.091 152.27 191.117 179.096 172.502 159.733 146.314 128.866 105.593 78.2245 24.392 1.25528 0.46829 -0.290805 0.632785 0.545896 -1.2189 -0.677228 -0.818969 -0.314911 -1.08702 -1.21482 -1.23398 -1.60648 -0.810165 
1.78839 1.12187 1.81571 1.71877 1.46217 1.51193 1.6687 3.09087 7.84376 5.3091 4.31584 4.07402 5.05706 5.69626 20.189 71.5021 102.914 129.525 150.146 167.352 176.315 186.863 195.834 201.54 208.637 169.161 152.843 142.818 133.499 126.936 123.63 121.543 114.341 113.459 114.454 116.116 119.415 122.637 128.126 137.381 151.795 189.716 181.427 172.269 162.976 147.56 131.683 108.725 81.5182 29.1757 2.50091 1.80334 0.407141 0.314649 0.664999 -0.224461 -0.886047 -0.658297 -0.348933 0.0692395 -1.91848 -1.5143 -1.28992 -1.42682 
2.59067 1.95884 0.862064 1.90582 2.18139 1.46946 2.40205 2.57256 6.06778 6.01328 3.86793 4.28997 4.65518 5.83066 18.0846 68.4509 102.299 127.951 149.404 165.843 174.822 188.243 195.992 202.558 210.152 170.591 152.99 142.311 132.876 129.082 125.034 121.116 115.133 114.094 114.587 116.897 119.041 122.762 127.784 135.96 151.705 187.334 182.095 172.842 162.696 150.344 133.559 111.137 83.9793 35.5173 2.97947 1.85223 0.819418 0.8383 0.889346 1.48163 -0.120002 -0.543148 -0.711308 -1.16746 -1.80687 -1.70298 -1.73732 -1.36569 
1.51239 1.83889 2.38516 1.41659 1.5294 2.20831 1.20127 1.65172 3.00323 7.58062 4.93483 5.52254 5.63806 6.2319 14.9917 69.9438 101.44 128.77 150.299 167.395 175.944 186.445 194.828 202.736 212.507 171.028 152.865 142.484 133.989 128.726 124.891 121.502 114.869 114.339 115.244 116.92 118.472 121.265 128.532 137.079 149.98 186.481 182.073 174.03 161.88 150.403 134.1 113.088 85.0793 36.4673 2.77874 2.99149 2.07635 1.33187 1.67025 2.33508 0.187985 -0.228346 -1.19174 -2.00133 -1.61759 -2.01648 -1.44643 -1.57321 
1.81929 1.64783 1.80254 1.85008 2.32816 2.12053 2.07144 2.45404 1.98306 8.91998 5.98259 4.4625 5.40228 6.37825 19.218 72.0902 103.542 128.864 151.168 167.52 176.555 188.194 196.774 205.103 212.479 171.785 154.081 141.426 133.836 127.848 124.362 122.395 115.83 114.66 115.17 117.256 119.328 122.317 127.01 136.65 150.362 185.591 182.625 175.451 162.175 150.44 136.807 113.577 88.9797 38.34 3.77637 3.83108 3.59804 3.54617 5.86941 10.199 1.32271 -0.56741 -2.17024 -1.62844 -1.48917 -1.45485 -1.64287 -1.77168 
2.28626 2.52556 1.47342 2.21056 1.46346 1.79139 2.02271 1.40273 2.10452 6.86301 10.8232 8.99445 7.72482 6.37884 37.3908 86.0449 115.367 138.901 158.155 172.766 183.036 192.827 202.395 208.923 218.187 176.18 157.973 146.514 138.358 132.579 126.954 123.33 116.945 115.676 115.762 117.226 118.878 122.911 128.04 136.523 150.332 185.811 184.39 174.362 164.843 151.84 138.07 116.253 90.6433 40.5259 4.88551 8.03445 9.83832 7.9139 3.3112 0.545513 -1.07329 -1.4668 -1.66712 -1.49477 -1.74893 -2.21016 -1.3621 -1.37813 
1.88606 2.06367 1.11271 1.85048 1.79172 1.8687 1.01669 2.03357 2.18908 1.95559 7.79895 14.7656 17.1782 43.3374 98.434 131.733 154.546 175.315 184.784 189.13 200.872 205.127 214.793 224.809 238.491 196.047 179.89 169.218 163.039 158.149 151.474 150.137 140.954 140.206 142.043 143.237 143.861 149.075 154.465 161.567 179.288 219.242 218.538 208.147 199.971 186.298 171.717 151.975 132.111 105.94 51.8855 24.0089 14.1444 4.49307 -1.13558 -0.149058 -0.597038 -1.42148 -1.3599 -1.75898 -1.36435 -0.885597 -1.94804 -1.70178 
2.17481 1.43201 1.32673 1.28007 1.82144 1.67031 1.16693 1.99724 1.72293 1.98154 1.9243 4.51087 25.726 86.8696 124.488 155.521 177.291 190.402 195.676 205.69 217.294 231.925 239.659 248.051 259.234 213.439 194.504 185.788 176.121 170.374 166.663 162.658 155.918 155.489 157.109 158.542 160.957 165.133 172.04 180.866 197.298 234.662 236.464 228.89 228.317 231.527 226.638 210.22 188.471 169.778 149.531 128.153 106.028 78.5269 28.6007 -1.78886 -0.619906 -1.0872 -1.25095 -1.39815 -1.25267 -2.0614 -1.96764 -1.69023 
1.79027 1.80088 2.22844 1.35618 2.24252 1.98656 0.955307 1.30816 1.36376 1.58875 2.66731 1.41469 42.4246 92.2095 129.58 164.485 182.95 196.893 203.829 215.206 226.041 238.219 245.954 254.409 268.104 218.711 202.737 193.463 182.348 176.545 173.134 170.437 161.952 161.053 161.826 163.574 166.431 172.286 178.629 188.62 203.343 241.274 243.203 235.576 231.518 242.096 244.618 234.278 210.424 185.398 158.299 137.665 117.087 94.6486 65.0614 7.49018 -0.728353 -1.22061 -1.2415 -1.7672 -1.55143 -2.00334 -1.78387 -1.93799 
1.82585 1.45648 0.981526 4.51759 1.71612 1.17198 1.75854 1.34407 1.39579 2.00701 1.95089 1.418 45.4492 87.3178 117.39 161.22 178.194 192.509 202.376 214.886 230.473 239.82 248.638 255.698 268.369 222.311 205.17 193.396 184.202 179.005 174.586 171.596 164.139 162.91 163.752 165.765 168.67 173.773 179.74 190.488 205.812 247.643 247.443 239.069 231.948 244.706 241.193 236.874 213.403 174.537 157.814 140.133 121.228 97.8298 72.1792 22.5028 -0.884403 -1.44699 -1.29451 -1.25481 -1.48637 -1.4443 -1.65133 -1.7089 
2.13337 0.755252 1.10678 1.99913 1.17518 1.47362 1.67584 1.82493 1.61265 1.74957 2.32263 2.98643 15.3468 72.2464 105.838 142.611 170.825 186.991 199.653 214.468 225.607 236.797 244.457 252.641 263.07 216.32 198.414 188.27 178.909 174.02 172.831 167.096 159.571 158.04 160.158 161.707 164.905 170.301 176.837 187.424 203.6 245.34 248.674 239.138 234.071 238.878 230.856 224.301 201.988 171.748 154.3 135.692 116.877 94.221 67.9001 22.5891 -0.919964 -1.17419 -1.59717 -1.36455 -1.35406 -1.47195 -1.58745 -1.33395 
1.79596 1.45354 1.54217 1.05459 2.11804 1.63634 1.59154 2.12717 1.75694 0.80993 1.85138 2.81959 2.66362 24.8914 77.795 112.3 152.396 178.625 197.807 213.498 219.729 227.583 235.78 240.924 251.732 209.743 191.49 180.094 171.8 166.454 163.489 158.673 151.553 150.281 152.022 152.726 156.852 160.987 168.35 180.205 194.13 239.309 240.421 237.403 230.513 230.608 218.444 209.214 193.694 167.768 151.001 132.304 109.711 86.0102 55.9015 6.18872 -1.19894 -1.38077 -1.32349 -1.3578 -1.49124 -1.25409 -1.48113 -1.33473 
1.46916 1.65772 0.799501 1.50795 1.91479 1.43837 1.47847 1.75765 2.14337 1.98024 1.73923 2.54905 2.76051 3.05456 22.822 79.8705 111.447 143.404 169.488 188.6 200.212 209.741 223.506 225.751 234.292 200.578 180.87 167.05 157.762 153.068 150.914 149.251 140.583 139.82 140.356 142.496 146.866 151.029 158.092 168.843 183.102 219.7 226.445 222.956 220.483 213.646 207.862 196.494 182.406 158.84 141.615 120.188 97.1143 65.0036 11.4445 -0.565761 -1.21563 -1.31527 -1.03888 -1.37898 -1.96274 -1.81637 -1.32017 -1.3835 
0.508806 1.88539 1.25401 0.584068 1.36706 0.971645 1.58449 0.686902 1.28376 1.96157 1.68087 2.62345 2.69814 4.19009 9.07318 68.8268 104.566 131.857 152.226 169.097 180.144 190.545 202.57 214.809 219.31 190.509 168.084 156.366 147.384 142.481 141.077 136.792 129.871 127.258 130.955 131.531 135.653 140.039 145.977 155.388 171.735 204.556 210.792 206.443 199.638 194.792 188.925 175.303 159.93 141.791 118.775 91.0863 46.2975 5.14869 -0.280761 0.388678 -0.835344 -1.15437 -1.22485 -0.901094 -1.22882 -1.68388 -1.48095 -1.34326 
0.810205 1.66032 2.85794 1.43267 1.61172 1.88145 1.23911 1.46437 1.40279 2.01318 1.74256 2.19028 3.21099 3.18629 9.81901 68.4505 103.601 129.894 150.868 168.666 180.157 191.705 200.177 213.19 218.352 192.586 166.472 155.505 148.18 141.923 138.813 136.855 128.988 128.931 129.483 131.373 134.474 139.976 145.783 155.278 168.373 204.512 205.547 201.297 192.314 177.958 171.5 155.955 138.401 115.397 85.6223 36.4563 1.27384 1.05596 0.138337 -0.279837 -0.763757 -0.833518 -1.26821 -1.31566 -1.58806 -1.34823 -1.52098 -0.976941 
1.76725 0.893165 1.54303 1.39044 1.1647 1.85378 1.43926 1.04418 1.3516 2.20515 1.75192 2.10353 2.42251 3.77978 9.33022 68.9072 103.424 127.755 151.689 168.734 178.792 191.495 200.62 209.105 216.635 191.623 165.198 154.07 146.342 142.804 137.088 134.674 128.907 126.858 127.713 129.609 133.19 138.275 143.338 153.03 166.36 200.905 204.353 198.387 189.351 174.714 172.751 156.314 136.917 115.229 85.7323 39.3009 0.86884 1.12958 0.151781 -0.624809 -1.03704 -1.28247 -1.44514 -1.14776 -1.7668 -1.52385 -1.20641 -1.08433 
2.74532 1.94612 1.1033 1.30723 1.33791 1.14922 1.54585 1.62184 1.39939 1.74311 1.67672 1.22748 2.19064 3.36797 10.4997 68.4529 102.309 129.008 151.234 168.755 175.707 191.567 199.594 209.613 216.241 190.41 165.7 151.746 146.686 140.995 135.997 135.122 128.917 126.622 128.815 129.363 134.582 136.943 143.399 152.245 166.91 199.896 204.228 198.974 190.242 177.537 172.493 154.963 136.111 112.372 84.8112 38.9046 0.840669 0.260311 -0.656344 -0.786046 -1.32657 -1.51402 -1.66258 -1.8206 -1.57317 -1.77939 -1.94755 -1.48958 
1.4194 1.81584 1.75689 1.71647 1.63264 1.58883 0.506167 2.27655 1.14749 1.64091 1.53281 1.44421 2.59164 3.28996 12.7612 69.0854 102.801 128.961 150.661 168.139 175.699 186.668 198.991 208.631 216.123 189.78 164.304 151.901 144.509 139.618 135.66 132.904 127.946 126.608 127.351 128.959 132.32 136.676 141.798 150.945 165.96 197.598 203.83 198.674 190.312 176.394 171.837 155.584 136.391 113.188 84.5298 38.4452 0.195425 0.216855 -0.662521 -1.04023 -1.61317 -1.57874 -1.5614 -1.68367 -1.51752 -1.85283 -1.73038 -1.57727 
1.50108 1.53921 1.19013 2.40673 1.7004 1.32345 1.04763 1.32579 1.63255 1.53775 0.708332 1.76395 2.22284 3.32084 9.55274 68.2516 102.368 129.737 150.39 167.73 176.01 187.322 199.674 207.513 216.416 189.697 165.256 150.584 143.667 138.115 134.76 132.409 126.824 125.566 127.408 127.735 132.297 135.328 140.853 150.03 163.278 192.908 202.32 197.004 188.455 176.393 170.234 155.445 136.401 112.815 85.6706 44.735 -0.0557028 -0.205957 -1.15014 -1.22803 -1.24329 -1.23966 -1.93084 -1.95878 -1.80263 -2.20213 -1.96231 -1.15912 
1.83699 1.23085 1.27011 1.49436 1.14257 1.41461 1.65343 1.5251 1.72954 1.52036 1.1778 1.3827 2.1423 3.32577 9.35037 65.9634 98.1968 127.124 148.495 164.858 178.476 180.16 197.403 206.195 212.083 195.004 164.155 152.486 144.037 138.354 135.964 132.132 126.237 126.333 126.763 128.647 130.235 135.192 140.422 148.541 161.218 192.002 204.152 198.018 189.791 180.315 169.573 157.799 138.975 115.435 87.527 49.3238 -2.47098 -0.541325 -1.55403 -1.4833 -1.46535 -0.674305 -1.40336 -1.35162 -1.82321 -1.33284 -1.19423 -1.29778 
1.69258 1.08324 1.11836 0.700393 1.19213 2.20755 1.23996 1.2895 2.43339 1.47677 1.10735 1.67 2.10723 2.85129 8.63664 65.9924 99.7518 128.098 148.76 166.528 176.14 179.584 198.475 205.708 213.922 194.395 163.813 151.47 144.141 139.653 135.743 132.04 126.398 125.561 125.933 127.878 130.08 134.826 139.572 148.192 160.568 190.705 204.003 198.611 188.756 179.24 169.416 156.046 137.765 114.748 87.8378 51.4138 -2.23943 -1.01004 -1.64348 -1.69218 -1.51058 -1.59059 -1.26134 -1.06332 -1.82126 -1.13999 -1.55136 -1.60036 
1.55803 1.11796 1.04349 1.02815 0.998587 1.74199 1.8438 1.43987 1.27812 1.67719 1.65535 1.75301 2.72742 3.77749 9.66082 67.7669 99.9072 127.216 149.32 166.397 176.485 180.706 197.819 206.362 214.584 192.82 162.99 151.626 144.157 138.928 135.133 132.401 125.645 125.453 126.219 127.681 129.384 133.632 140.356 148.634 160.462 189.028 202.97 197.85 189.504 178.933 168.267 156.72 138.03 114.78 87.4248 49.6039 -2.88834 -0.0365368 -1.42678 -1.13116 -1.32606 -1.07415 -1.30044 -1.77946 -1.27247 -1.21816 -1.58617 -1.31948 
1.47284 1.54249 0.996381 0.67542 0.87306 2.41045 1.74394 1.02175 1.66739 1.46893 1.56482 1.40969 2.16479 4.03652 10.0188 67.9101 101.811 128.238 149.033 167.552 174.388 179.292 198.745 207.126 214.828 191.432 162.373 151.521 142.941 137.86 135.14 131.862 125.967 124.781 131.747 135.581 129.544 132.081 138.548 146.337 159.91 186.69 203.389 197.13 190.073 179.429 168.848 156.126 137.935 115.178 87.4568 50.5623 -2.52976 -0.548749 -1.13027 -0.849589 -1.46352 -1.25077 -1.25681 -1.1176 -1.29774 -1.08067 -1.30276 -1.40058 
1.58684 1.11624 0.701088 0.96145 1.29914 1.32332 1.04012 1.927 0.884457 1.96552 2.23296 2.42105 2.74818 3.87872 10.6778 69.1983 101.092 127.369 151.354 167.321 174.581 178.867 197.092 207.506 215.52 192.285 162.075 151.313 143.027 139.321 132.812 133.222 128.385 124.132 125.449 128.632 130.713 134.486 138.892 147.276 160.484 186.765 202.917 197.164 189.33 178.642 167.735 157.273 138.986 116.094 87.978 51.7358 -1.90929 0.00996256 -0.396551 -0.85769 -1.62783 -0.968898 -0.884268 -1.55215 -1.20273 -1.49518 -1.58532 -0.958235 
1.01551 1.69263 1.52234 0.752695 1.24667 1.0091 1.03954 1.30182 1.31481 1.8965 2.02259 2.26361 2.88908 4.05608 12.5978 68.9531 101.929 129.951 149.921 167.98 172.974 181.257 196.78 207.171 214.1 190.267 161.976 151.37 142.892 137.938 133.882 131.45 126.747 124.244 125.044 127.01 129.996 133.887 138.365 147.344 160.145 185.162 204.286 196.749 188.597 179.109 169.488 157.284 140.182 116.685 90.3331 52.6858 -0.868891 0.975719 -0.155286 -0.364651 -0.18664 -0.896266 -0.977072 -1.64519 -0.886734 -0.663684 -0.996891 -1.44917 
