-1.21374 -0.970365 -1.36249 -1.02137 -1.15945 -0.954876 -1.16633 -1.53057 -1.25766 -1.28451 -0.952541 -0.968893 -1.16843 -1.21836 -1.30087 -1.10633 -0.380556 0.371408 24.3959 74.6557 105.297 130.627 149.53 167.29 167.639 183.341 193.453 201.105 192.369 160.97 149.931 138.701 132.46 130.027 127.321 126.477 126.648 126.075 128.211 129.695 133.307 138.849 145.668 155.271 171.973 215.194 201.233 195.712 184.764 174.14 164.925 148.959 127.815 103.219 72.2774 17.4789 0.167658 -0.747651 -1.18608 -1.29303 -1.10695 -1.37041 -1.18703 -0.984872 
-1.26084 -1.36313 -1.46879 -1.20062 -1.68677 -1.74496 -1.30578 -1.29152 -1.27774 -1.73067 -1.63293 -1.32449 -1.16972 -1.26642 -1.35803 -0.964423 -0.132728 0.374877 22.9315 75.3889 105.631 130.166 150.026 169.672 163.683 183.149 193.806 201.998 193.355 160.911 148.314 137.202 131.697 129.452 127.061 127.045 126.65 127.882 128.37 131.027 134.75 138.381 147.263 156.108 171.245 214.101 202.666 194.21 185.645 175.235 165.154 147.961 128.481 102.736 71.6081 16.7106 0.256609 -0.578582 -1.08207 -1.27108 -1.01672 -1.1245 -1.29 -1.171 
-1.21686 -1.32689 -1.46354 -1.15092 -1.31444 -1.33749 -1.49563 -0.83611 -1.21548 -0.87284 -1.27338 -1.03485 -1.2838 -1.23488 -1.39927 -1.26717 -0.118718 0.234122 23.8322 75.1034 106.241 131.535 149.952 167.406 168.234 183.446 194.131 201.997 193.715 160.475 149.345 139.328 132.89 128.674 128.06 127.427 125.922 126.48 128.19 129.87 132.705 139.457 144.889 156.062 172.53 214.491 201.47 194.785 184.3 173.375 165 147.914 127.479 103.064 71.0535 17.319 0.373368 -1.15712 -0.998534 -1.20522 -1.05729 -1.09301 -0.909526 -1.31167 
-1.40554 -1.94311 -1.54539 -1.14649 -1.32343 -1.25202 -1.53451 -1.52144 -1.04148 -1.36194 -1.3295 -1.59986 -1.31637 -1.09857 -1.19976 -1.24382 -0.433079 0.67861 23.7468 74.2303 104.835 130.719 149.967 167.432 167.17 185.736 193.338 202.301 191.469 169.81 148.698 139.495 132.841 130.071 126.932 127.048 126.521 127.506 127.671 130.822 135.224 139.383 146.36 156.928 175.333 214.537 202.416 195.892 184.42 175.568 166.668 149.912 128.791 104.199 72.6418 17.3189 0.496252 -0.822563 -0.86284 -1.05931 -1.19626 -1.33238 -1.3474 -1.15727 
-1.47856 -1.57759 -1.22521 -1.30592 -1.9434 -1.2499 -1.72109 -1.19555 -1.45683 -1.29821 -1.32898 -1.32847 -1.42128 -1.16444 -1.16608 -1.01063 -0.0448131 0.571902 22.923 75.201 106.523 130.728 150.253 168.213 166.656 184.943 194.729 203.39 196.449 163.423 149.591 141.535 134.028 130.044 128.177 127.56 126.782 127.949 129.579 131.123 134.733 140.262 145.855 156.851 175.854 212.159 201.905 194.645 183.16 174.605 165.247 147.729 128.027 102.51 72.1976 17.4915 1.11973 0.143342 -0.366668 -0.700258 -1.1275 -0.821787 -0.89037 -0.648105 
-1.50453 -1.42822 -1.48891 -1.63112 -1.53401 -1.26131 -1.79595 -1.38018 -0.874697 -1.42052 -1.38121 -1.33881 -1.54915 -1.31115 -1.14704 -0.86412 0.376033 0.807274 24.4586 76.5863 105.749 131.466 151.333 167.035 169.35 186.915 194.968 202.507 194.163 165.613 151.543 140.614 134.25 131.625 128.365 127.86 127.509 128.479 129.229 131.552 135.05 139.707 147.73 157.953 178.507 212.387 203.541 195.271 184.157 175.501 167.315 149.357 129.877 104.883 74.5338 19.5019 1.46786 0.303024 -0.135742 -0.626949 -0.776999 -1.20615 -1.167 -1.10801 
-1.2458 -1.29992 -1.5884 -1.19124 -1.65925 -1.24318 -1.6401 -1.31985 -1.38874 -1.51135 -1.32475 -1.37173 -1.24104 -1.01545 -0.687742 -0.288248 0.463797 1.61527 20.3034 74.3054 105.17 129.9 149.861 165.757 172.636 185.255 193.758 204.334 198.665 165.76 151.63 142.62 134.096 132.221 128.761 127.134 127.301 127.888 128.59 131.842 135.27 140.914 147.642 157.937 174.478 214.732 204.78 196.605 186.421 175.113 167.989 152.56 133.448 109.785 79.87 28.2146 2.18953 1.21875 -0.00115787 -0.000323252 -1.01297 -0.900925 -1.11151 -1.04633 
-1.36349 -1.48607 -1.89241 -1.4719 -1.52565 -0.997805 -1.2448 -1.1781 -1.54232 -1.40075 -1.24303 -1.40178 -1.10098 -0.612301 -0.29126 -0.393739 0.923636 2.24138 16.6803 73.2612 104.235 129.653 149.551 167.07 172.415 187.464 195.057 203.602 200.583 166.98 152.725 143.289 137.291 132.438 130.232 130.168 128.919 129.681 131.243 134.043 136.138 142.453 148.855 158.638 174.653 217.704 206.65 197.355 188.556 176.953 167.841 152.403 133.519 109.574 79.3149 27.0773 2.22941 1.33807 0.247216 0.237103 -0.768038 -0.931665 -0.785381 -0.945896 
-1.70366 -1.55012 -1.36452 -1.35517 -1.67539 -1.5572 -1.01204 -1.32893 -1.34386 -1.49624 -1.26293 -1.35382 -0.859871 -0.992401 -0.187025 0.500332 1.31485 1.99544 20.6505 74.7908 104.985 129.869 150.237 166.957 173.348 187.11 195.473 204.433 201.465 166.018 152.852 143.264 136.4 131.91 130.218 129.786 128.5 128.081 130.675 133.602 137.408 141.573 148.507 159.862 174.985 218.24 206.005 198.008 188.907 176.353 168.844 152.578 133.216 110.004 81.0273 29.2659 1.12307 1.548 0.373438 -0.000167031 -0.120588 -0.926862 -1.05691 -0.982862 
-1.32576 -1.47503 -1.50945 -1.59601 -1.33284 -1.25094 -1.32312 -1.46129 -1.43713 -1.40765 -1.4952 -1.18043 -1.01102 -0.871003 -0.117412 0.559251 1.37177 2.91032 30.7874 78.1758 106.753 130.718 149.506 167.179 174.7 189.515 198.11 204.802 202.713 167.431 153.366 142.386 135.713 131.477 130.137 129.21 128.502 130.169 131.235 135.033 137.45 142.808 149.924 161.416 177.105 222.443 209.866 201.702 193.788 182.178 177.824 164.536 150.064 129.472 106.439 80.0798 28.645 -0.792625 -0.241658 0.0516693 -0.370823 -0.982835 -0.931432 -0.956282 
-1.65443 -1.20714 -1.22616 -1.53139 -1.3511 -1.60125 -1.17496 -1.0615 -1.3765 -1.45924 -1.19512 -1.33609 -1.47397 -0.807833 0.0577978 -0.698636 1.16921 43.6086 83.6273 110.86 135.492 158.151 175.248 189.259 198.153 208.385 216.374 222.725 221.717 183.369 169.888 159.165 149.076 144.738 142.526 140.015 139.856 139.694 141.371 143.837 149.006 156.306 163.641 175.57 192.112 236.39 225.361 219.124 209.346 202.12 190.951 178.997 163.715 143.331 119.091 93.6094 75.6624 58.9677 51.6233 8.96578 -1.01821 -0.694714 -0.697347 -1.05887 
-1.43443 -1.16386 -1.81601 -1.88599 -1.88773 -1.44305 -1.59872 -1.52639 -1.3962 -1.23526 -1.01067 -1.10115 -0.786665 -0.955689 1.37927 23.4029 61.5546 94.778 120.207 141.328 159.666 176.234 189.057 204.215 211.875 220.24 228.419 233.778 230.33 191.163 176.055 164.599 155.192 149.208 147.143 143.627 143.771 145.201 146.425 149.693 152.125 158.057 166.623 178.717 197.147 239.782 232.639 225.396 217.029 213.25 202.861 190.303 176.503 162.663 148.029 132.652 114.687 92.9248 71.6085 29.8734 6.78983 -1.15243 -0.937877 -1.20886 
-1.82795 -1.66766 -1.45116 -1.46979 -1.27989 -1.55238 -1.80473 -1.43279 -1.54979 -1.61586 -1.30635 -1.01889 -0.910318 -0.559785 20.1885 51.263 89.1783 115.258 134.882 153.128 169.181 187.269 201.426 215.143 226.448 233.172 239.184 245.209 241.765 200.475 185.277 174.394 166.141 159.081 150.291 149.273 151.481 152.862 157.037 159.861 165.041 173.215 180.909 193.221 212.731 257.125 250.059 245.683 238.752 231.605 221.007 209.081 194.687 179.511 161.375 142.381 121.873 101.435 76.0327 49.9035 16.6414 5.8323 -0.74423 -1.21041 
-1.45621 -1.50048 -1.59074 -1.85967 -1.53078 -1.30577 -1.02176 -1.45837 -1.5152 -1.43267 -1.18185 -1.15454 -1.2373 11.742 22.8759 63.628 98.0987 121.124 140.663 158.993 176.665 193.703 208.758 221.598 232.3 238.59 246.133 250.195 246.218 207.388 191.254 180.07 167.428 152.758 148.393 148.11 149.011 159.694 165.009 167.382 171.916 178.428 186.087 196.75 219.082 260.171 257.05 252.104 243.881 236.779 225.886 211.315 196.95 181.051 162.287 143.118 123.128 101.845 75.0639 46.584 19.3754 13.4085 8.12846 3.54532 
-1.45654 -1.9571 -1.21836 -1.94767 -1.9265 -1.14483 -1.49994 -1.43578 -1.48005 -1.22937 -1.09767 -1.24818 5.1901 15.6569 19.1372 62.5342 97.2485 121.498 139.291 157.035 174.766 191.866 206.972 219.939 229.312 239.483 245.919 251.774 249.39 209.197 194.415 173.657 153.27 146.472 142.648 142.634 141.651 143.763 150.738 161.257 170.529 173.627 183.618 195.218 212.96 255.702 253.878 244.851 236.283 227.86 214.148 199.009 181.946 161.475 138.893 112.603 80.9429 58.471 35.6306 16.8115 9.70435 7.74843 5.8109 3.52097 
-1.59584 -1.91145 -1.54439 -1.53023 -1.41682 -1.444 -1.37286 -1.60672 -1.47675 -1.457 -1.21168 1.87756 7.58117 9.49355 11.4251 25.1958 55.8182 73.3079 84.1136 113.234 137.293 155.849 173.483 183.561 193.732 202.87 210.877 216.522 213.091 174.379 148.244 134.072 124.884 121.71 119.656 118.338 117.962 118.546 121.338 124.752 128.628 140.64 154.623 162.495 177.235 214.287 209.969 201.867 193.559 183.928 171.662 154.288 133.957 107.933 74.8315 19.7756 3.0787 2.08902 1.81433 1.78539 1.07357 0.980533 0.985218 0.609124 
-1.4829 -1.72871 -1.58516 -1.69217 -1.9602 -1.63739 -1.62563 -1.55246 -1.42618 -1.47796 -1.72292 -0.0342611 13.8382 4.45648 2.29242 1.92543 2.71665 3.2968 4.54198 15.0015 72.602 104.175 128.797 147.281 162.106 174.859 184.29 193.61 186.359 138.278 121.74 111.844 105.095 102.706 102.001 100.33 101.104 100.944 103.714 104.977 109.529 114.692 123.222 143.249 167.123 205.075 200.228 192.13 184.231 172.602 158.757 140.366 118.908 92.8085 59.1997 0.539149 2.24286 1.72565 0.782766 0.970412 0.235511 -0.102982 -0.163579 0.0248517 
-1.6396 -1.36602 -1.81499 -1.41464 -1.40982 -1.29047 -1.78512 -1.2445 -1.53182 -0.876355 -1.60485 -1.27361 0.078687 6.99018 2.82112 1.30622 1.41946 1.65671 3.07281 7.967 66.8656 97.8389 123.468 144.608 158.511 170.292 180.994 177.403 168.147 129.169 115.975 107.773 102.419 98.6345 97.3753 96.1491 96.3605 97.0741 99.165 101.398 104.423 108.647 115.563 127.045 149.963 200.386 200.032 191.791 181.936 171.525 158.038 138.662 118.008 91.3554 56.8138 -0.45137 1.72385 0.980037 0.636279 0.427357 0.368685 0.260129 -0.131396 0.0371623 
-1.60075 -1.73602 -1.89806 -1.45845 -1.5214 -1.68641 -1.76743 -1.36876 -1.38932 -1.71737 -1.21733 -1.11354 -1.16281 5.7952 6.811 -0.415565 0.93072 1.44475 2.48492 3.55588 63.8177 95.0454 121.098 141.678 156.871 168.018 172.645 159.796 160.949 125.045 112.362 105.339 98.4933 96.2285 95.4997 94.5911 94.5973 94.1866 95.936 100.239 101.102 105.7 111.427 120.072 137.846 181.606 197.138 190.562 181.524 169.601 155.824 137.054 116.126 89.2098 54.3631 -0.800656 1.28339 0.817381 0.246877 0.510951 0.223613 -0.28391 -0.0488768 0.0101286 
-1.67498 -1.67772 -1.62026 -1.66542 -1.65865 -1.59386 -1.4483 -1.44893 -1.25499 -1.64748 -1.21475 -1.14246 -0.888063 5.20625 4.56484 2.89085 0.868036 0.816554 1.95668 -0.421122 61.9245 92.9955 118.911 140.346 153.84 167.097 159.201 152.401 158.34 122.135 110.713 103.762 97.3742 94.463 92.7936 93.2754 92.3155 93.4821 93.4201 96.8328 98.9808 103.714 109.349 118.064 131.521 171.204 180.895 190.8 180.327 167.791 155.243 136.184 114.207 88.4274 51.7015 -0.52769 0.527051 -0.126173 0.161893 0.188336 -0.200121 0.245521 -0.284143 0.00988636 
-1.46964 -1.70541 -1.48041 -1.75837 -1.75825 -2.18243 -1.51407 -1.37248 -1.57459 -1.732 -1.6137 -1.40074 -1.31202 4.15056 1.16277 7.16856 -0.108645 0.571783 0.907217 -1.80495 58.1264 90.9178 117.064 138.293 152.769 166.358 147.78 147.058 153.989 121.016 109.867 102.509 96.4945 94.1829 92.4358 91.6321 91.4596 91.7978 93.6643 94.6592 97.2179 102.522 107.522 115.589 128.972 165.152 170.416 186.22 179.794 167.699 154.217 135.118 114.138 87.4898 50.0899 -1.59604 0.470442 0.0118739 -0.231485 -0.117395 0.0683736 0.305399 0.440362 0.0333615 
-1.53209 -1.64189 -1.677 -1.71596 -1.95473 -1.71422 -1.80163 -1.47055 -1.44479 -1.57575 -1.62127 -1.15897 -1.19002 1.63171 7.3871 6.94402 -0.229068 0.37879 0.767308 -0.905633 52.3372 89.3136 115.457 136.748 151.809 164.35 145.465 143.413 153.035 122.635 110.567 101.831 96.9781 93.2191 92.5093 91.5358 90.4688 90.9351 92.4774 94.2126 96.9666 100.692 106.27 114.118 126.427 162.123 164.582 179.446 178.82 166.987 154.582 134.608 113.62 86.4197 49.7114 -1.01011 0.772182 -0.162057 0.246167 -0.203869 0.552405 -0.395685 0.173785 0.00933372 
-1.53237 -1.77929 -1.66257 -1.55141 -1.76155 -1.88408 -1.55447 -1.34006 -1.46102 -1.10272 -1.67656 -1.16816 -1.048 -2.72322 13.301 8.28091 -0.227214 0.109218 1.76119 -0.330318 48.6134 87.1859 114.304 135.196 150.841 163.835 143.855 141.232 152.962 123.291 110.722 102.256 96.765 95.0108 92.8867 92.0357 90.2755 91.3226 92.5015 93.8465 96.4507 101.104 105.828 113.799 126.675 160.067 160.185 176.535 177.177 167.657 154.3 134.65 113.778 86.4768 50.6031 -1.00331 1.02747 0.0833715 0.10532 0.455818 0.428888 0.22392 1.3174 0.304742 
-1.76313 -0.872757 -1.49925 -1.89621 -1.54073 -1.60802 -1.7293 -1.37388 -1.48295 -1.32462 -1.36945 -1.49368 -1.60971 0.143786 10.4022 8.78502 0.148858 0.467325 1.57055 0.718284 39.7447 83.8899 111.502 132.513 148.395 162.429 150.276 141.174 150.821 129.861 112.675 103.426 97.2146 94.7803 92.4322 91.095 91.5641 91.4687 92.2716 94.4082 96.6958 100.11 105.261 112.788 125.189 155.069 159.056 173.085 179.286 167.925 155.4 136.811 116.449 89.1805 56.4311 1.14536 1.4578 0.200889 0.669934 0.725858 0.778887 0.664351 0.924253 0.937111 
-1.10486 -1.20619 -1.29487 -1.56848 -1.58287 -2.0565 -1.86539 -1.73723 -1.46267 -1.58768 -1.71856 -1.53647 -0.86793 1.71508 8.38751 10.5281 0.374952 -0.0982017 1.07244 2.12954 34.3195 80.4758 108.873 130.811 147.414 160.57 158.322 142.574 146.698 135.398 114.025 105.333 97.6436 95.889 94.2845 91.4371 91.6169 92.1841 92.6192 93.6009 97.0214 101.237 105.761 113.039 125.631 154.96 157.884 175.437 179.94 169.262 156.656 136.692 115.743 89.5094 58.1416 2.36269 1.59987 0.540616 0.618719 1.07829 0.560047 0.904313 0.898311 0.561169 
-1.98719 -1.57914 -1.75902 -2.27134 -1.46477 -1.69653 -1.85921 -1.33112 -1.40747 -1.5852 -1.26946 -1.06146 0.329689 0.917488 5.1092 10.5705 -0.162869 0.229503 0.807626 2.09468 31.5337 79.9255 107.85 129.987 146.213 159.938 163.925 145.049 148.224 138.103 115.692 106.436 99.66 96.8744 94.3705 93.5022 92.4635 92.8822 92.6504 94.8872 97.4756 101.874 105.417 112.498 124.698 153.959 158.849 178.666 178.729 168.665 156.001 138.667 116.082 90.1869 58.1369 2.93855 1.52184 0.66784 1.29299 0.714318 0.664903 0.991053 0.900886 0.828109 
-1.38312 -1.42575 -1.56292 -1.42326 -1.41125 -2.093 -1.55891 -1.63377 -1.63742 -1.41285 -1.52672 0.00326986 0.356995 0.787726 1.99432 16.1939 -0.586438 0.110742 0.862035 2.75897 29.8282 78.403 106.865 129.166 146.715 158.287 172.799 149.492 148.673 140.735 117.174 107.607 100.653 97.0027 95.3823 95.0718 92.6931 93.6639 94.1954 95.9124 97.7446 101.757 106.567 114.57 124.718 156.147 160.574 182.966 180.08 169.467 155.476 138.332 116.716 90.6417 57.7076 3.86337 1.66895 0.646322 0.678105 0.896215 0.971885 0.914594 0.725842 0.912975 
-2.25808 -1.57477 -1.79054 -1.41236 -1.62081 -1.8798 -1.80687 -1.4064 -1.87486 -1.57283 -0.0180714 -0.00846666 0.0562865 0.586014 -1.57303 17.0348 -1.00648 -0.115917 0.790062 2.87887 27.5691 76.6595 105.412 128.913 146.119 158.523 170.01 163.215 153.901 144.314 118.96 109.409 102.689 99.496 95.3345 95.172 93.5035 94.2052 95.2904 96.4222 98.206 102.656 107.555 116.11 126.023 157.069 165.427 188.344 178.913 168.752 155.691 138.305 116.692 90.6868 58.9342 3.53062 1.69013 0.255349 0.690592 0.358281 0.336247 0.892963 0.450237 0.832934 
-1.80503 -1.71507 -1.72218 -1.87515 -1.90078 -1.68631 -1.7663 -1.09605 -1.96701 -0.762866 0.504253 0.187803 0.667082 -0.219765 -0.485531 16.4035 -2.18116 0.263371 0.254603 2.40884 26.3687 77.0014 103.943 128.131 145.04 158.641 170.183 177.808 159.036 148.087 121.323 111.672 102.834 100.276 97.8648 96.998 94.3973 95.7715 95.993 98.2046 99.9978 104.586 108.803 117.14 129.155 160.147 176 191.129 180.222 168.762 156.512 138.112 117.72 91.7064 58.8366 4.79593 1.54923 0.456994 0.396361 0.539133 0.468638 0.63612 0.404497 0.419161 
-2.12742 -1.57146 -1.5631 -1.85653 -1.3532 -1.66191 -1.71122 -1.74601 -1.81398 0.213443 0.271281 -0.0914096 -0.0702032 -0.0579703 0.00643531 14.748 -2.03144 0.0136847 0.100954 2.08725 25.4409 75.418 103.512 127.3 145.449 157.547 170.362 181.322 175.703 155.98 125.682 114.558 106.396 103.398 98.9616 97.5983 96.8196 96.8272 97.7176 99.3418 102.575 106.233 110.998 119.576 132.038 163.547 189.565 189.278 181.177 169.124 156.546 137.892 118.288 91.5512 59.806 5.35057 1.25072 0.481757 0.133244 0.415115 0.160997 0.308306 0.415774 0.263596 
-1.82546 -1.77356 -1.77983 -1.73905 -2.09527 -1.39307 -1.05548 -1.67016 -0.200346 0.322634 0.386062 0.244021 0.381675 -0.0997983 -0.427931 12.8655 -1.39634 0.465063 0.271962 1.88928 24.132 74.4482 103.276 127.77 145.313 157.6 170.567 179.841 187.95 171.36 133.657 119.847 111.08 104.944 102.581 100.762 99.7105 98.8723 100.438 102.308 105.176 109.08 114.368 123.647 137.078 176.958 196.025 188.928 180.698 169.133 157.227 139.203 118.472 91.9088 59.7216 5.88314 1.41996 0.115244 0.298735 0.320649 0.499088 -0.0565034 0.942966 0.282595 
-1.85076 -1.93894 -2.14053 -1.52877 -1.86834 -1.6747 -1.71857 -1.53379 0.229462 -0.108746 -0.282177 -0.0737157 -0.175003 -0.244323 -0.497565 16.584 -0.275817 0.395323 0.24746 2.12795 22.2153 73.8021 102.709 126.712 144.446 157.874 170.776 179.981 187.894 178.06 147.929 131.179 119.199 111.85 107.991 105.449 104.537 104.311 104.682 107.094 110.66 115.885 121.497 134.11 148.435 181.442 194.704 188.638 180.719 170.075 157.193 139.762 118.446 92.2695 60.36 7.88315 1.7154 0.368362 0.784743 0.807096 0.708082 0.952018 0.910175 0.663001 
-0.207879 -0.947748 -0.477621 -0.554899 -0.493463 -0.657415 -0.387596 1.17538 0.98149 0.92774 1.25992 0.943642 1.31463 1.35625 1.12234 2.36479 12.3695 1.36204 1.44624 3.29011 22.2852 75.5683 103.612 128.887 147.882 160.014 172.422 181.991 190.388 184.105 151.837 138.71 125.786 122.032 118.585 116.191 115.149 114.909 115.41 116.168 119.693 123.401 128.494 136.829 149.11 180.314 196.398 190.863 181.55 170.209 157.28 140.376 119.783 93.657 62.5363 10.2168 2.69252 1.43511 1.98155 1.69522 1.57279 1.94195 1.84607 2.05532 
-0.070617 0.363321 -0.0710611 -0.471662 -0.730836 -0.0857782 0.0455297 1.4128 1.04639 1.20271 1.59134 0.962944 0.861153 1.44234 0.922108 -1.03905 13.8028 1.36933 1.58288 2.62276 21.2682 74.2425 103.532 128.359 146.765 160.202 172.555 182.568 189.849 188.785 152.844 139.78 126.152 121.557 119.36 116.55 115.47 114.984 115.22 116.791 118.796 122.219 128.164 137.141 149.657 179.822 195.644 189.645 181.918 171.787 157.535 141.028 120.098 93.9084 64.2989 10.3662 2.71669 1.37918 1.12049 1.47421 1.58977 1.16287 1.69317 1.84057 
-0.308534 -0.203016 -0.21444 -0.382906 -0.481585 -0.0395301 -0.0327792 0.923193 0.754039 0.717391 1.18129 0.803636 1.37128 0.830133 1.06189 0.642743 9.73748 0.981526 1.2452 2.66727 19.9792 74.5475 103.874 127.658 146.559 159.988 172.644 182.465 191.34 187.745 153.722 139.924 126.386 122.367 119.661 117.314 115.83 115.711 114.794 117.189 118.338 124.342 128.195 137.268 150.563 179.333 196.82 190.119 181.566 172.718 158 140.658 119.819 94.1529 63.3454 10.9214 2.71676 1.49387 1.66147 1.36602 1.42939 1.80995 1.60263 1.83802 
-0.256435 0.381459 0.512611 0.022547 0.0356436 0.12221 -0.461024 1.14651 0.23159 0.745957 0.700433 1.59375 1.89626 0.659462 1.01994 1.33129 6.6709 0.997265 1.45358 2.61428 19.6952 73.8247 103.355 127.927 146.49 159.629 172.615 182.088 191.356 189.789 155.313 141.343 127.424 122.868 119.748 117.144 116.469 115.404 115.355 117.147 119.029 124.225 127.485 136.702 149.193 178.238 197.549 189.957 181.808 170.961 158.481 141.684 120.645 95.2764 64.0552 12.2754 2.33771 1.63834 1.218 1.43836 1.23278 1.63137 1.23309 1.87453 
-0.553565 -0.297503 -0.240158 -0.484829 -0.394414 -0.330166 -0.0814452 0.770603 0.534003 0.865964 0.2589 1.69351 2.72452 0.556193 1.59887 1.7007 3.77033 1.89428 1.3003 2.54504 17.6738 73.0023 103.053 127.168 145.993 159.202 172.084 182.33 190.773 191.874 156.128 141.617 128.182 122.496 119.564 117.47 116.411 115.466 115.922 117.405 118.594 123.614 129.683 136.019 147.859 176.304 197.298 191.283 182.56 172.101 159.597 142.165 121.679 95.9994 65.7113 13.1769 2.48812 1.24722 1.38259 1.77441 1.53072 1.62643 1.28121 1.70197 
-0.0787121 -0.291247 -0.88215 0.259368 -0.600291 0.263425 -0.752798 0.415888 0.7849 1.37752 1.31949 2.34396 0.0672479 1.46427 1.01108 2.50768 1.73615 2.12582 1.24174 2.08543 17.8111 73.0613 102.848 127.451 146.206 159.793 172.452 182.261 190.69 193.188 157.115 142.672 127.867 130.098 119.922 117.877 115.888 116.885 116.659 116.532 120.555 123.653 128.761 136.495 148.167 176.057 197.881 191.151 183.404 171.723 160.007 142.742 121.481 96.7658 66.3605 14.7297 2.28294 1.45415 1.05681 1.38434 1.28265 0.981117 1.54476 1.76007 
0.0947784 -0.863571 -0.442859 -0.111083 -0.183531 -0.207438 -2.97366 0.385655 0.990325 0.783456 2.18369 3.67059 -0.543453 1.21723 3.57571 0.872351 1.47006 1.48585 1.26217 2.50279 16.8921 72.1855 101.207 126.889 146.167 159.407 171.67 182.118 190.969 192.863 157.709 143.57 129.477 123.638 118.713 118.577 116.568 116.569 115.955 118.105 119.109 123.473 128.675 136.455 148.506 172.399 198.791 192.298 182.223 172.497 159.655 143.921 123.194 97.1535 67.4806 15.7449 2.55969 1.3817 1.06939 0.975219 1.22619 0.978134 1.76831 1.76035 
-0.304488 -0.454344 -0.137289 -0.317035 -0.00613447 -0.171372 -0.566219 0.116627 0.850235 0.704051 3.69566 2.96464 1.07303 2.53429 0.961213 1.51681 0.580603 0.378368 1.58778 1.53086 16.7005 71.5386 101.89 126.213 145.867 159.342 172.4 183.408 191.64 195.569 159.15 144.443 129.51 125.528 120.676 118.032 117.479 116.141 116.998 117.578 120.04 123.358 128.35 136.266 148.785 167.645 201.78 191.91 183.38 172.883 162.991 143.595 122.656 99.2782 68.9139 18.0251 3.14521 2.03415 1.80072 1.6179 1.5518 1.86831 1.79238 1.65718 
-0.0669992 -0.397682 -0.518517 -0.380613 -0.413602 -0.569645 -0.160426 -0.103481 0.707947 3.01006 2.27558 3.97073 1.07564 2.6424 0.309848 0.700542 0.532884 1.03519 1.55146 2.14314 13.7195 70.6212 101.682 125.223 144.794 158.292 171.055 182.764 192.819 199.405 161.166 145.599 131.297 125.442 121.41 118.665 117.843 116.456 116.737 118.104 119.342 122.604 127.648 134.11 147.47 163.172 201.768 193.327 185.446 173.275 163.642 146.038 126.236 101.053 72.5726 22.8006 3.58835 2.42538 2.14021 2.00986 1.41646 1.64774 1.73033 2.05445 
0.223868 -0.0330317 -0.353504 -0.336307 -0.252976 0.10776 -0.148904 0.528344 0.261028 2.76779 3.19194 4.59381 2.28011 0.975837 0.475015 1.43352 0.563327 1.05311 1.97095 2.55118 9.71935 68.5229 99.6118 123.713 143.48 159.186 171.885 182.385 191.037 201.367 163.077 146.783 131.727 126.099 122.369 119.896 117.338 116.918 116.328 117.404 120.135 122.496 128.628 134.465 145.197 161.618 201.087 194.266 185.923 174.942 162.473 147.067 127.49 104.537 75.3312 27.6449 4.27803 2.81435 2.62497 2.46297 2.23788 1.68417 1.76479 2.19297 
-0.121474 -0.387081 -0.248274 -0.352387 -0.192913 -0.0656636 -0.857994 -0.328746 -0.12479 4.07759 4.03589 6.29863 2.27331 1.05381 0.632615 0.921766 1.19042 0.495882 2.04791 3.09988 9.42495 68.7571 100.162 124.663 144.077 158.319 171.168 184.582 192.403 202.846 164.546 148.062 133.285 126.753 122.374 119.658 117.328 116.636 116.383 118.189 119.155 123.608 127.039 134.343 144.126 161.497 197.561 194.437 185.483 174.493 163.192 147.764 129.522 105.133 77.6264 30.7423 5.25843 3.88526 2.87211 2.62848 2.73686 2.58119 1.66342 1.94696 
0.317387 -0.0476188 0.0204648 -0.221189 -0.431487 0.248567 0.736879 0.225718 3.12411 14.171 6.9164 5.62419 1.52012 1.23407 1.37433 1.55654 1.54593 2.43107 2.7916 3.1593 9.16121 69.1607 101 124.289 144.798 157.824 172.338 182.45 191.45 202.693 164.328 148.746 133.91 127.421 123.235 121.071 119.384 116.993 116.437 117.035 119.735 123.21 127.712 134.108 143.586 159.252 196.621 194.51 186.074 176.024 163.97 150.153 130.897 108.078 78.973 32.0065 4.85843 5.28739 3.75457 3.73095 2.86535 2.7363 2.79169 2.0567 
-0.480103 0.165407 -0.148444 -0.0401427 -0.479723 -0.368896 -0.364744 -0.295328 5.70382 9.70348 6.79588 2.76096 2.24208 1.56776 1.93521 1.6943 1.76248 2.06768 3.15077 3.93231 9.14554 69.065 101.638 126.617 144.737 159.71 173.228 182.939 192.692 205.307 165.337 148.893 134.772 128.461 124.047 121.573 119.599 119.366 118.551 120.031 122.722 126.057 130.572 137.087 145.965 161.163 198.333 198.542 190.31 180.53 168.922 155.576 139.96 118.813 96.1522 62.3605 11.5176 5.13759 5.06489 4.85048 3.87268 2.95238 2.79404 2.60908 
-0.0945797 -0.235651 -0.312915 -0.140477 -0.287428 -0.244155 -1.47323 -0.243214 0.231238 7.84313 10.4284 10.232 8.35389 5.24197 2.83999 2.8379 2.87965 3.10513 4.11279 4.68913 36.3329 83.4968 113.806 136.562 153.325 167.205 179.876 193.71 208.565 223.44 182.721 169.094 151.625 146.195 142.642 141.45 140.785 139.956 141.149 142.462 146.04 152.835 158.914 165.625 176.048 192.572 230.844 231.517 225.664 215.127 204.817 193.693 179.918 162.908 141.276 118.522 87.7226 45.632 40.1282 17.6276 18.2967 17.9112 15.7046 13.2412 
-0.286131 -0.329553 -0.186232 -0.426682 0.117738 -0.010222 -0.616837 -0.226802 0.606102 -0.192752 7.00458 10.6087 12.9163 14.4569 15.002 14.0892 13.3718 12.3664 12.2359 34.7555 91.8192 127.967 152.25 177.529 199.039 214.452 225.612 237.761 242.093 255.245 212.363 193.4 176.31 168.634 164.219 161.483 159.232 159.535 160.17 160.866 164.791 167.946 174.48 181.711 192.325 208.03 250.795 251.197 245.448 237.476 226.363 216.031 203.856 191.245 171.62 151.653 127.277 101.442 85.3756 61.5962 22.4924 21.0884 17.882 14.4825 
0.856383 -0.273586 -0.32166 -0.380806 0.366725 0.10278 -0.406605 -0.094486 -0.190409 -0.361402 -0.186427 4.68584 10.3952 14.5422 17.6217 20.1744 19.0707 20.2626 37.9077 95.5071 126.204 150.275 171.772 191.154 208.063 220.686 231.774 242.216 247.309 260.099 222.195 199.702 181.939 174.941 170.217 167.299 165.103 165.227 164.394 166.485 168.509 173.322 177.696 184.821 195.508 211.618 255.121 257.673 250.708 241.766 233.522 224.45 210.464 196.611 180.178 162.754 142.203 120.603 93.9959 80.2605 32.0376 16.9845 9.27819 4.10258 
0.381929 -0.0534812 0.334174 0.00803016 0.37713 -0.590423 -0.835417 -0.0170582 -0.0215834 0.452333 0.284156 0.145693 1.72437 7.12237 13.3749 22.2568 23.5732 21.9642 71.2351 108.326 136.87 160.337 179.571 196.387 211.734 224.992 233.999 243.541 251.15 257.338 226.953 200.17 181.172 173.834 169.493 165.145 162.727 161.663 162.284 163.902 166.519 169.731 175.662 183.787 195.129 210.892 251.493 255.733 249.903 242.475 234.115 223.96 211.011 195.821 180.8 162.757 143.062 123.479 99.6535 80.3806 44.1807 4.91258 -0.292348 0.605362 
-0.0939931 -0.290939 -0.467596 -0.22617 -0.526602 -0.620887 -0.672143 0.210149 0.0637494 0.72862 -0.342832 0.0128116 0.853998 0.681624 2.57994 17.3387 27.7145 29.245 82.8475 111.851 137.108 158.377 178.345 196.629 210.756 220.784 229.425 238.823 245.145 249.807 224.4 195.117 176.447 168.7 163.831 159.524 157.063 157.148 156.558 158.436 160.38 163.327 168.611 176.257 186.819 203.779 243.793 247.445 241.798 233.503 225.057 214.513 201.585 189.742 173.193 154.177 134.249 112.939 90.8009 68.55 32.7409 0.0953353 0.545212 0.285546 
-0.186512 -0.373893 -0.442233 -0.761933 -0.0694676 -0.548653 -0.699644 0.0236208 -0.0638138 -0.903567 -0.623849 0.000323312 0.324288 -0.128981 0.469037 0.137439 27.2345 39.5493 75.8664 103.72 130.575 153.388 173.969 188.446 200.606 211.818 221.266 227.837 236.304 241.786 219.613 189.48 169.893 160.731 155.885 151.855 149.755 148.664 147.808 149.521 150.829 154.843 159.148 166.812 176.349 192.39 231.604 237.616 228.668 220.532 211.497 201.006 187.729 174.537 156.838 136.93 116.554 94.2027 70.441 39.8416 11.779 1.12332 0.82906 -0.0130721 
-0.119805 -0.750439 -0.595656 -0.675494 -0.388947 0.192303 -0.0721415 -0.361852 -0.0361173 -0.126217 0.0214653 0.289247 -0.129219 0.103135 -0.0385113 0.514084 3.10526 30.0448 63.2603 89.7273 114.944 139.061 159.758 174.124 187.618 200.327 207.7 217.155 224.898 228.697 211.221 181.593 160.306 151.863 146.128 143.106 139.78 139.157 138.794 139.912 140.143 142.716 146.637 152.765 161.813 176.82 212.154 218.93 210.806 202.921 189.177 183.857 169.582 152.667 133.635 113.785 86.7418 55.1714 18.6308 1.12632 0.907041 1.15722 0.338609 0.587127 
-0.1784 0.0649801 -0.297722 -0.491908 -0.375441 -0.63954 0.189722 -0.43686 -0.311123 -0.0847594 -0.0563695 0.156235 -0.46552 0.299711 -0.0314303 0.606917 1.12347 2.59605 25.7138 55.9495 86.1444 114.336 139.711 156.245 170.963 184.15 190.352 201.481 208.991 216.142 201.336 170.002 150.643 141.69 137.621 133.349 133.143 131.56 131.313 132.074 134.584 137.085 141.718 146.342 153.993 169.153 206.53 210.955 202.933 196.03 182.751 177.15 162.633 143.696 122.03 96.5404 56.6903 3.97222 3.14797 2.17613 1.88441 0.894024 0.75293 0.339496 
-0.00694323 -0.432429 0.0527698 -0.687076 -0.210161 -0.233603 -0.161203 -0.368609 -0.102539 0.216004 -0.0377718 -0.314409 -0.0664673 0.0524646 0.140095 0.23578 0.802439 1.30917 2.37422 0.852488 41.6315 89.3574 115.595 138.482 159.505 176.06 182.608 195.391 206.665 212.198 198.736 168.075 150.388 139.59 136.411 132.951 131.662 130.163 130.507 130.739 132.263 135.661 140.241 145.583 153.838 167.95 202.29 210.94 204.068 195.509 181.211 175.85 161.933 143.701 121.453 95.1319 56.4933 6.31712 2.59346 1.85633 0.98568 0.526828 0.141675 0.223069 
-0.0811561 -0.544878 -0.101681 -0.333602 -0.276786 -0.431016 -0.00559953 -0.165037 -0.142791 0.47061 -0.22072 -0.246583 -0.455019 -0.128128 -0.343497 0.265752 0.417188 1.08429 2.44188 2.10619 34.7285 87.0975 116.653 139.045 158.195 174.95 178.602 194.266 203.301 210.786 198.17 166.734 147.019 139.887 133.908 131.162 129.926 129.512 129.847 129.49 131.89 134.655 140.062 145.44 153.344 166.852 201.46 209.502 203.569 194.863 178.691 180.301 161.806 144.195 121.823 95.2024 57.3269 2.91162 2.43831 1.34505 0.595989 0.43633 0.484249 0.374892 
-0.513963 -0.0437986 -0.718422 -0.329077 -0.323596 0.051569 -0.142498 -0.322839 -0.110486 -0.0333228 -0.0297714 -0.619459 -0.759905 -0.237334 -0.302153 0.0172987 0.588955 1.28872 2.16759 2.10587 36.169 84.8109 115.204 138.48 157.389 176.166 177.82 193.067 204.373 212.405 197.855 166.855 148.135 139.32 135.199 131.421 130.241 128.054 128.627 129.623 131.459 134.268 139.894 143.476 151.172 165.337 197.483 210.423 201.796 194.426 175.259 181.121 161.47 143.621 122.15 94.5873 60.6455 2.63697 1.63416 0.663559 0.687692 0.0409688 0.19913 0.194978 
-0.503984 -0.0469584 -0.221845 -0.242259 0.0848864 -0.0351883 -0.436583 -0.143347 -0.166695 -0.221357 -0.227438 -0.658061 -0.0733035 -0.0261925 0.305508 -0.196465 -0.0928213 0.619269 1.1663 1.75322 34.3098 83.5829 113.9 137.738 158.047 176.911 176.459 192.584 203.205 211.235 197.056 165.166 146.533 138.405 133.631 131.207 129.694 130.006 127.625 129.592 130.6 133.833 137.651 144.151 150.883 163.782 195.094 207.332 201.905 194.267 176.383 180.159 162.039 143.576 121.645 93.7352 61.2581 4.85101 1.42908 0.594271 -0.0846382 0.049916 -0.189194 -0.0168692 
-0.0293468 -0.310395 -0.303886 0.444868 0.0226762 -0.0839741 -0.642574 -0.400577 -0.00180197 -0.624228 -1.11427 0.299051 -0.0541167 0.388212 -0.114489 0.210476 -0.224458 0.257482 1.08471 1.96493 32.365 82.3703 113.634 136.581 157.679 175.847 173.23 192.286 201.763 208.847 197.156 165.316 146.035 138.518 133.487 130.318 129.055 128.605 127.17 128.465 129.79 134.192 137.286 142.571 149.715 162.801 191.078 208.339 204.245 194.691 179.184 178.816 163.277 144.835 123.168 95.6 61.6747 5.27945 1.03283 0.264098 0.265415 -0.184678 -0.020879 0.214104 
-0.413043 -0.151732 -0.48294 0.0139248 -0.258163 -0.349774 -0.122174 -0.164185 0.0848328 -0.22613 -0.69681 0.376463 -0.265099 -0.0107513 0.102917 0.0684053 0.198005 0.0363252 0.913316 1.75855 24.6475 77.3056 108.875 133.926 153.835 170.137 176.015 190.57 200.064 208.595 200.486 167.436 148.654 139.539 134.532 131.458 128.788 127.937 128.537 128.473 130.474 131.644 137.191 140.616 148.811 159.18 186.448 209.557 202.722 195.033 184.232 176.128 163.968 147.986 126.691 99.9514 65.7204 11.3506 1.24094 0.487632 -0.172531 0.155438 -0.0440624 0.444118 
-0.420606 -0.788739 -0.517008 -0.514081 -0.270724 -0.0119123 0.161657 -0.0783155 0.341569 -0.319465 -0.345271 -0.191537 0.0231631 -0.239554 -0.0101994 -0.143823 0.074053 0.143802 0.546345 1.07062 24.3258 77.418 107.672 133.941 154.442 172.22 176.72 191.576 200.61 209.494 200.823 166.532 147.846 138.42 133.652 130.236 128.268 127.424 126.932 126.673 129.171 132.774 137.036 140.729 147.893 159.029 180.022 211.243 204.444 196.142 183.225 176.275 165.012 147.558 126.388 99.7143 67.2773 10.8132 1.38516 0.671409 0.116866 0.125511 0.335015 0.115511 
0.0529854 -0.331679 -0.00276691 -0.455741 -0.480474 -0.14225 -0.0877906 -0.123022 -0.571862 -0.281559 -0.694264 -0.0585386 -0.268841 0.127529 0.118359 0.0774054 -0.231016 -0.115794 0.624517 1.59078 23.0983 76.8454 107.851 132.819 153.821 170.2 173.68 190.558 198.177 209.374 199.904 166.718 148.052 138.6 134.088 129.534 127.49 127.375 128.028 127.263 129.03 131.338 136.136 140.855 148.04 157.115 176.238 216.169 202.822 195.461 185.365 177.775 164.399 147.557 126.824 100.809 67.1926 11.954 1.8107 0.319054 0.208791 0.348202 0.202856 0.547376 
-0.264584 -0.104679 0.0220814 -0.718675 -0.279167 0.154659 -0.28774 -0.636256 -0.180159 -1.05012 -0.194931 -0.267393 -0.550523 -0.0476065 -0.207779 -0.275233 -0.140719 0.136146 0.493906 1.71775 21.3493 76.4122 108.577 132.916 152.523 169.056 172.421 189.035 197.874 207.278 199.548 180.812 147.061 138.668 133.92 130.086 127.972 126.969 126.929 126.968 128.799 132.017 135.706 140.895 146.79 156.171 175.215 217.999 202.724 195.66 186.388 175.272 166.231 150.074 127.799 102.055 69.2531 13.8924 2.14608 0.855037 0.643698 0.977082 0.00544873 0.272559 
0.233068 -0.29452 -0.487591 -0.855721 -0.211502 -0.566552 -0.106899 0.253278 -0.51922 -0.26173 0.486788 -0.0385939 -0.252571 0.130232 -0.295586 0.118319 -0.00942548 0.319187 1.38184 1.8391 21.704 75.4689 106.934 134.175 154.991 171.738 171.975 190.18 198.68 207.844 201.562 168.228 149.378 139.095 132.556 130.233 128.651 128.063 127.047 126.512 129.533 131.936 136.254 139.953 147.334 156.637 172.819 217.285 202.636 197.292 186.193 177.148 166.354 149.844 129.387 102.016 70.388 14.6782 2.45959 1.28691 1.4207 0.779964 0.406604 0.49155 
0.0779492 0.453055 0.228483 -0.401657 0.127992 0.0680172 -0.329839 -0.0903003 -0.2646 -0.053019 -0.304101 -0.084681 0.00141268 -0.0294666 -0.0218477 0.231251 0.460672 0.989094 1.87124 2.17594 21.0909 76.2031 107.099 132.712 153.19 170.885 171.92 188.023 200.051 206.341 202.161 166.519 148.204 138.41 133.438 129.813 128.381 128.133 127.115 127.22 128.487 131.09 136.216 140.503 146.371 156.208 173.515 213.202 204.197 198.774 186.883 178.351 168.597 150.969 130.471 104.066 72.4276 16.9018 3.10245 1.58081 1.65795 2.02644 1.21013 0.665334 
