-0.722983 -0.366785 -0.763798 -0.745755 -0.835916 -0.467276 -0.88877 -0.610619 -0.666232 -0.665951 -0.911995 -0.539589 -0.601326 -0.624916 -0.908039 -0.543635 0.692423 2.50824 57.0278 91.7465 119.387 141.407 159.142 166.912 180.68 188.823 198.694 207.998 169.829 154.216 144.707 136.892 131.651 128.909 127.72 126.347 127.49 126.921 129.674 131.196 136.579 140.75 151.805 163.417 196.18 205.634 198.69 191.291 177.134 173.062 157.69 139.215 116.183 89.1444 51.4407 -1.91724 0.0712743 -0.610268 -1.03962 -0.617542 -0.427345 -0.665344 -0.584124 -0.646502 
-0.634642 -0.607962 -0.936827 -0.805662 -0.826457 -1.44186 -0.96073 -0.719776 -1.01525 -0.964717 -1.31996 -0.982961 -0.708249 -0.817586 -0.695189 -0.365346 0.610012 1.14864 57.3185 92.2288 119.335 141.715 158.702 166.312 179.021 187.507 199.661 208.154 170.404 153.93 145.256 136.942 131.507 129.774 127.841 126.714 128.376 128.447 129.603 132.757 136.751 141.987 151.247 164.936 197.965 205.241 198.773 190.862 179.308 173.963 158.763 139.54 117.167 89.0944 52.6016 -1.95739 0.0038883 -0.511691 -0.677102 -0.755396 -0.471432 -0.683637 -0.6368 -0.686765 
-0.594354 -0.864709 -0.854477 -0.731294 -0.785299 -0.744187 -1.03838 -0.515953 -0.732249 -0.646284 -0.844159 -0.646328 -0.895694 -0.668895 -0.637144 -0.357113 1.04544 1.035 57.73 92.5058 120.299 141.791 159.015 167.31 180.395 188.07 199.024 208.018 171.121 154.252 145.763 138.361 131.842 128.931 127.14 126.606 126.682 126.98 129.829 132.127 136.727 141.675 151.146 164.487 198.873 205.641 198.943 190.206 177.388 171.93 157.044 139.598 115.784 88.7433 50.4819 -1.84594 0.302385 -0.677955 -0.36536 -0.227944 -1.06619 -0.747026 -0.61261 -0.801234 
-0.632967 -0.974398 -1.09732 -0.561244 -0.567303 -0.708197 -0.855106 -0.740205 -1.00015 -0.774152 -0.850456 -0.828117 -0.730466 -0.629291 -0.751748 -0.510573 0.642697 2.14467 58.0159 91.3814 119.026 141.234 158.462 166.637 180.621 188.774 200.456 207.464 178.95 153.839 143.65 137.617 132.488 129.811 126.954 127.275 127.307 127.6 130.091 133.72 137.013 142.989 152.225 165.717 200.867 206.646 197.757 190.711 179.256 172.972 158.209 140.708 117.134 90.8327 54.2706 -1.39975 0.813876 -0.613422 -0.620696 -0.652217 -0.599891 -0.816139 -0.63821 -1.06519 
-0.666753 -0.774502 -0.795316 -0.904882 -1.05389 -0.398997 -1.10732 -0.803999 -0.735935 -0.591383 -0.65365 -0.537944 -0.790905 -0.730476 -0.33917 0.0974228 0.914537 0.740073 57.3323 93.3388 120.381 142.481 160.007 167.087 179.985 191.154 200.536 209.189 174.519 156.007 146.201 138.028 132.97 130.513 126.861 127.499 127.391 129.531 131.094 134.332 137.194 143.184 152.058 165.433 199.832 205.201 198.508 190.167 176.162 173.727 157.841 139.898 116.473 88.8892 51.5784 -1.5189 0.721251 0.38768 -0.274248 -0.289096 -0.671752 -0.544018 -0.495168 -0.558246 
-0.575075 -0.964559 -0.542902 -1.10599 -0.845679 -0.520159 -1.06732 -0.731575 -0.725993 -1.22658 -0.826706 -0.715146 -0.799638 -0.602272 -0.218252 0.173338 1.45271 2.13752 59.0175 93.3602 119.961 142.835 160.041 169.022 181.385 191.518 199.992 210.352 174.586 158.054 146.721 137.814 133.018 131.253 128.499 127.042 128.028 129.031 130.89 133.244 137.793 144.264 152.224 167.767 201.194 206.966 200.183 189.39 176.281 174.357 159.33 141.292 118.335 91.6456 55.9804 -0.580445 1.7906 0.457387 0.160598 -0.190025 -0.315433 -0.213654 -0.524955 -0.577972 
-0.71644 -0.641199 -1.11288 -0.713193 -0.862769 -0.722255 -0.865576 -0.819514 -0.83615 -0.895323 -0.468591 -0.917747 -0.483665 0.0461406 0.192531 0.663513 1.44952 0.204753 55.8274 92.1189 119.126 140.683 158.133 169.699 181.333 190.188 200.096 210.877 177.586 158.339 146.991 140.04 133.138 129.792 130.086 128.536 126.95 129.073 131.045 134.213 136.967 143.901 152.639 165.509 198.629 209.208 201.412 193.267 173.665 179.536 160.778 144.151 121.898 95.5948 61.1277 3.62433 2.09873 1.13794 0.524126 0.41892 -0.942322 -0.355095 -0.614145 -0.187791 
-0.832733 -1.04011 -0.95988 -0.740097 -0.834575 -0.576399 -0.934226 -0.510449 -0.521418 -0.733395 -0.737823 -0.534191 -0.306772 0.0245457 0.36085 0.852387 2.28214 -0.0547197 52.1533 91.2254 118.095 141.279 159.12 170.433 182.163 192.219 200.968 208.67 180.507 159.828 148.765 141.435 135.69 132.433 130.313 129.334 129.819 131.396 132.079 135.524 139.643 144.151 152.987 167.044 200.902 209.355 202.748 194.251 179.041 177.637 161.083 143.564 121.851 95.9007 61.3686 2.832 2.47245 1.58854 0.489798 0.582889 -0.343837 -0.451562 -0.0975375 -0.11204 
-1.09154 -0.88481 -0.911861 -0.807405 -0.983042 -0.929755 -0.597566 -0.782214 -0.99977 -1.10378 -0.736996 -0.319093 -0.427664 0.195012 1.1338 1.76847 2.56013 0.481655 56.2093 91.8231 119.125 141.446 159.002 171.597 181.332 190.817 201.364 209.517 183.483 159.505 148.434 141.643 133.86 132.804 130.108 128.71 129.359 129.995 132.163 136.273 139.065 144.304 153.861 167.829 200.455 210.855 202.295 194.349 176.938 179.241 162.443 144.504 122.846 96.4246 62.129 2.9994 2.33613 1.48296 0.784958 0.502463 -0.231919 -0.104903 -0.385604 -0.638882 
-0.698593 -0.824775 -0.993654 -0.862746 -0.7437 -0.567122 -0.530497 -0.914342 -0.970554 -0.882358 -0.633704 -0.450571 -0.170288 0.115225 0.7779 1.56221 1.36128 14.6356 61.2483 95.8322 121.359 141.9 159.419 172.293 183.182 193.5 203.071 209.554 183.695 160.69 148.163 140.961 134.356 131.781 130.186 128.615 129.99 131.055 132.184 136.342 138.731 146.002 155.016 168.522 203.75 212.071 205.689 197.16 180.7 186.681 169.204 156.274 139.903 117.66 94.5761 63.3979 6.69762 -0.695559 -0.663473 0.350887 0.207246 -0.32555 -0.376843 -0.421382 
-0.840432 -0.627256 -1.18373 -1.13937 -0.896226 -1.27997 -1.08991 -0.57917 -0.882598 -0.985454 -0.604337 -0.331948 -0.297128 0.45649 0.595403 3.21441 20.1402 71.4808 100.361 126.254 148.585 167.648 183.722 193.337 204.949 212.68 220.065 227.857 203.077 175.178 164.936 154.067 147.353 143.846 142.091 140.06 140.241 140.415 142.298 146.246 152.094 159.451 168.8 183.008 219.074 227.029 222.118 214.713 205.268 196.544 184.2 170.424 154.052 132.507 106.417 83.1955 60.3744 56.3192 29.5198 5.8344 -0.0275655 -0.104995 -0.216877 -0.495487 
-0.926079 -0.313006 -1.08065 -0.815933 -1.18908 -0.978719 -0.82742 -1.03368 -0.796979 -0.530898 -0.693631 -0.253082 -0.185779 0.028359 18.6867 61.1898 84.5663 109.327 130.21 149.11 165.362 182.312 195.416 207.919 216.105 223.577 229.142 234.824 208.239 180.729 169.805 160.442 151.016 148.018 145.527 145.062 144.112 145.398 147.941 150.363 156.034 162.724 172.781 186.876 223.203 233.925 228.856 221.111 213.809 206.137 195.923 183.103 169.106 155.771 142.598 125.096 106.123 80.9241 45.6185 21.1757 2.80431 -0.618667 -0.27509 -0.328595 
-1.06645 -1.1737 -0.899385 -0.44997 -0.719647 -1.03085 -0.995911 -0.9833 -0.860737 -1.15597 -0.729076 -0.259464 -0.544263 12.7164 44.8531 83.4457 108.017 127.569 145.143 162.567 178.958 195.011 209.272 221 231.057 237.766 242.936 249.908 218.113 191.739 179.588 171.02 163.437 159.422 149.028 145.777 147.49 149.645 157.093 160.585 167.002 175.151 185.954 200.745 237.769 249.109 246.021 240.898 234.479 225.393 215.015 201.817 187.41 171.493 152.759 134.544 113.688 88.9618 60.8763 28.7082 15.278 3.6953 -0.662497 -0.884453 
-1.01191 -1.04578 -1.09342 -0.821731 -1.06045 -0.48849 -0.448298 -1.04187 -1.25971 -0.350586 -0.529997 -0.791061 6.20729 21.296 52.8965 89.703 112.839 134.133 151.644 169.346 186.153 202.44 215.603 226.837 236.206 242.694 250.815 255.25 222.884 198.217 185.325 175.879 168.973 154.455 147.826 146.638 147.204 153.67 165.19 168.891 173.684 181.186 190.134 204.761 243.197 257.64 252.923 246.3 239.176 230.022 218.705 205.658 189.835 172.185 154.532 135.996 114.723 91.5305 60.8057 26.2737 19.4896 13.0491 7.23099 2.90677 
-0.80362 -1.0931 -0.677638 -1.29515 -1.3242 -0.591536 -0.880348 -0.78426 -0.66969 -0.343331 -0.573316 3.63734 12.8461 18.776 50.2708 88.8168 111.624 131.814 149.062 166.22 185.205 199.513 213.172 224.931 236.229 246.028 250.23 255.361 223.973 197.669 184.264 172.536 151.919 145.879 141.8 140.907 141.101 143.468 147.737 159.066 169.105 175.777 186.382 201.597 234.743 251.698 249.935 243.186 235.201 223.735 209.734 195.842 175.864 155.734 132.293 102.356 78.9501 55.7102 28.0945 11.7044 10.0129 8.03374 5.91585 3.74398 
-0.85675 -1.15616 -0.84373 -0.843184 -0.612347 -0.776176 -0.876934 -0.993354 -0.834544 -0.829118 0.33965 7.35734 9.18493 10.9737 23.8937 45.4023 63.999 73.9821 90.7384 124.213 144.769 163.051 180.681 188.93 195.384 201.287 208.226 215.372 192.484 169.887 150.998 133.728 125.712 123.048 121.002 120.846 119.553 120.664 122.472 126.801 129.493 138.465 156.703 174.357 203.423 214.881 206.43 198.132 188.49 177.166 161.602 143.638 121.232 93.306 50.476 5.65114 3.70434 1.968 2.38004 2.60118 1.47819 1.36484 1.51708 0.991147 
-0.997216 -1.28166 -1.169 -0.834756 -0.970581 -0.75006 -0.825069 -0.808301 -0.916857 -0.601151 -0.705531 15.9483 4.5403 2.0318 2.65779 2.68939 3.4375 4.34348 3.19712 49.3632 91.5336 118.92 140.73 158.06 169.539 180.932 188.861 196.531 171.764 133.391 119.013 110.675 105.169 103.313 101.893 101.59 101.863 102.31 104.406 106.75 110.453 116.793 127.1 147.016 188.052 202.895 196.08 187.882 177.515 165.649 150.721 131.213 106.043 77.7446 23.2096 4.0892 2.46904 2.04334 0.929951 1.23837 0.725953 0.562929 0.422336 0.340395 
-0.917763 -0.621745 -0.935962 -0.987691 -0.743502 -1.05902 -1.01849 -0.60353 -0.819682 -0.648613 -0.816239 -0.301236 8.7462 2.76618 1.82536 2.34858 2.29563 2.90495 4.47649 38.0381 84.3995 112.78 135.049 152.974 166.533 178.71 187.96 184.735 152.262 123.501 112.413 106.021 100.659 99.3878 96.7284 96.4067 97.6434 98.279 100.622 102.397 106.365 111.522 121.498 131.535 166.91 198.173 195.995 186.552 177.298 166.292 149.795 129.15 104.779 75.4278 22.5685 2.91937 1.67133 1.39833 1.08081 0.904095 0.88148 0.827568 0.547469 0.619034 
-0.877083 -0.740195 -1.1289 -0.764479 -0.774918 -0.88746 -0.859802 -0.69117 -0.745245 -0.689302 -0.35932 -0.366788 6.82576 5.56899 1.47469 1.8984 1.58068 2.64475 2.98788 33.1069 81.2611 109.089 133.713 151.049 164.848 174.874 179.665 167.126 146.909 119.996 109.465 103.393 98.9513 96.3708 95.2592 94.224 94.2359 96.4918 97.6765 99.7124 103.539 108.514 115.058 127.123 157.591 176.866 192.112 185.437 175.769 164.039 147.609 128.301 103.111 72.5602 21.2262 2.60021 1.04623 0.973036 0.990984 0.903557 0.655254 0.506208 0.164602 0.798027 
-0.745395 -0.783124 -1.02628 -0.845117 -0.741585 -0.995492 -0.576585 -0.939859 -0.6333 -0.637162 -0.340575 -0.282309 5.76339 7.8035 0.940056 1.20988 1.46242 1.90534 2.81898 30.2688 79.2227 107.948 130.946 148.997 161.885 174.861 163.55 160.283 147.454 117.266 107.492 101.897 97.136 94.2646 94.0787 92.835 93.8609 94.5561 95.5511 97.4354 101.063 105.633 112.758 123.035 151.255 169.055 173.548 186.038 174.643 161.959 146.92 125.877 101.468 71.8421 18.2909 2.13469 0.588079 0.402185 0.694317 0.885663 0.52107 0.425288 0.622639 0.457126 
-0.90981 -0.946055 -0.971203 -1.0804 -1.20618 -1.43951 -0.995791 -0.715868 -0.584301 -0.955265 -0.479023 -0.521874 4.30487 8.98307 0.356723 0.623296 0.890232 1.7641 1.84486 26.2519 76.9018 105.806 129.924 147.869 160.444 170.751 155.355 154.099 141.091 116.648 107.209 100.346 95.7923 93.3433 92.5404 90.8643 91.8325 92.9244 94.2794 96.1845 99.3921 104.976 110.958 122.157 149.07 161.977 164.418 181.344 172.974 161.058 146.106 125.677 100.535 71.5074 16.7409 1.34947 0.672629 0.560134 0.430837 0.183434 0.58229 0.707031 1.01542 0.63305 
-0.98636 -0.989684 -1.15242 -1.15077 -1.07468 -1.06822 -1.05842 -0.775207 -1.04469 -0.701495 -0.579451 -0.562374 0.335498 17.4784 -0.834353 0.810777 0.258493 1.42365 1.93587 23.0169 75.0787 104.587 128.768 146.594 158.799 167.773 152.308 150.904 142.405 116.367 107.092 100.271 95.512 93.2809 92.3039 91.9341 91.7824 92.5408 93.4517 95.5 98.9153 103.42 110.965 120.317 146.843 157.192 159.237 177.385 172.514 160.608 147.074 124.167 98.8882 70.8235 17.0767 1.57599 0.621826 0.54065 0.795495 0.132649 1.11072 0.320212 0.928026 0.676213 
-0.726394 -0.877787 -1.08805 -0.484725 -0.975563 -1.09626 -1.11576 -0.914539 -0.918556 -0.711561 -0.881397 -0.524214 0.304309 17.8586 1.44854 0.744397 0.467782 1.59526 2.5681 20.5732 73.8638 103.066 127.727 145.826 158.318 166.764 150.583 150.418 143.778 116.508 107.311 101.072 96.2335 94.4086 92.7348 92.1532 91.9152 91.9115 93.9634 94.941 97.801 104.055 110.424 119.438 146.682 155.982 156.301 174.079 172.697 160.51 145.411 124.341 98.9644 69.8951 17.9798 1.80283 1.18631 0.591659 0.422013 1.10281 0.619308 0.761341 1.68121 0.995373 
-0.874008 -0.504876 -0.994564 -1.43237 -1.0576 -0.796169 -1.06056 -0.596433 -0.75176 -0.796029 -0.846819 0.163254 1.80429 10.1472 7.53048 1.04653 0.852727 1.63171 3.15913 14.9942 69.3828 99.7395 125.145 143.146 156.339 169.729 151.511 149.534 147.126 118.806 107.386 101.856 96.7312 93.7796 92.4759 92.3364 91.8659 92.1506 93.9642 96.042 98.3877 103.216 108.646 118.676 142.48 155.63 154.387 172.349 172.738 161.281 147.153 125.715 100.315 73.4949 23.2124 2.33554 1.27483 0.960454 1.33477 1.35767 1.35451 1.08322 1.46638 1.47559 
-0.610501 -0.563007 -0.656847 -1.01972 -0.726916 -1.26255 -1.12045 -1.09747 -0.854975 -0.507448 -0.455251 1.90709 1.4227 7.013 10.7016 1.36451 0.988637 0.654353 3.4497 10.9483 66.4849 98.1397 122.723 141.844 154.682 167.405 159.778 149.295 149.098 121.171 109.96 102.621 96.6473 96.0316 93.5666 92.4226 91.9575 92.5399 94.1764 96.2372 98.4957 103.217 110.568 118.952 141.905 156.16 153.363 175.049 173.206 163.176 147.88 127.796 101.795 73.56 25.2987 2.546 1.07352 1.01012 1.17167 1.37058 1.00656 1.67892 1.59411 1.42818 
-1.21077 -1.07653 -0.884601 -1.7207 -0.941531 -0.924971 -0.628615 -1.06889 -0.940702 -0.855291 0.974311 1.14024 0.853565 5.36834 9.17157 1.43745 1.05138 0.845715 2.70329 10.1783 65.1396 97.1062 122.246 141.381 155.452 167.384 166.625 151.59 152.024 122.143 110.994 103.825 98.6984 95.7807 94.2683 93.7933 93.5533 93.8059 95.0158 96.9875 99.7002 103.791 108.913 118.937 141.165 157.168 154.526 179.144 173.507 161.783 147.232 129.164 101.802 73.2137 26.1674 2.94407 1.74147 1.3064 1.63291 1.32938 1.55104 1.27567 1.43491 1.64869 
-0.788937 -0.838537 -0.86864 -1.18621 -0.872368 -1.00818 -0.757031 -1.0698 -0.793183 0.812265 0.634115 1.08932 0.917826 1.22664 15.0684 1.3875 0.86259 0.673681 2.87482 8.70838 64.5014 95.7374 121.167 140.349 155.058 165.524 175.545 154.62 153.884 123.488 111.899 105.138 99.8473 97.382 95.0209 94.5075 93.7091 93.9903 95.1875 97.5716 100.119 104.119 110.755 120.817 139.751 159.654 156.277 183.713 174.276 162.344 147.07 127.833 102.015 73.7813 26.7813 2.16093 1.77298 1.07588 1.12575 1.46644 1.54573 1.29881 1.32164 1.28758 
-1.26962 -0.703588 -0.801416 -0.902212 -1.12589 -1.32428 -0.999636 -1.23889 -0.119665 0.911334 0.442875 0.355291 0.805533 -0.28054 12.0036 1.62879 1.00931 0.922005 2.4182 7.79075 63.0548 94.2677 120.442 139.476 154.091 165.79 179.379 163.773 157.324 126.164 113.903 106.448 101.7 98.1677 96.0512 94.7737 94.2441 95.538 96.2992 97.6169 100.746 105.922 111.715 121.222 139.647 166.931 164.014 185.798 173.715 162.355 147.492 127.516 101.813 74.1303 26.2331 2.32625 1.4523 0.511996 1.24731 0.803397 1.11202 1.2097 0.953304 1.2712 
-0.883217 -1.01269 -1.21561 -0.876717 -1.22494 -1.12984 -0.855237 0.129648 0.46687 0.831686 1.05814 0.572393 0.266711 0.938955 12.4176 0.858023 0.958277 1.17886 2.06738 6.83341 61.589 94.8737 118.973 139.506 153.314 165.84 176.498 178.946 162.513 129.194 116.627 108.9 102.385 100.346 97.1889 96.3903 95.6113 96.4283 96.9242 99.5068 102.678 107.353 113.58 123.726 139.79 172.516 178.854 183.706 174.478 162.72 147.496 127.582 103.184 75.3728 27.6556 2.67421 1.60445 0.647061 1.01145 1.11975 1.46095 1.10561 1.25381 1.02333 
-1.28118 -1.14792 -0.807602 -0.847418 -0.7829 -1.29106 -1.38388 0.557465 0.670072 0.868789 0.568905 0.373103 0.720447 1.1791 13.4591 0.807903 0.67368 0.796806 1.74095 6.18749 60.9365 93.1955 119.112 138.457 153.215 165.374 175.838 187.032 176.021 135.914 119.673 111.222 104.816 103.271 98.9334 98.0595 97.0233 97.1182 98.2815 100.898 104.469 109.321 115.673 125.32 141.171 179.703 189.027 184.666 174.909 162.182 148.741 128.496 102.668 74.2396 27.7942 2.3428 1.02725 1.14362 0.719081 1.13987 0.81259 1.15526 1.17095 1.1262 
-1.45442 -0.950213 -0.9475 -0.725282 -1.17818 -0.687203 0.267422 0.610448 0.473319 0.0564477 0.916794 0.887844 0.604702 0.322264 12.6381 0.329614 1.10583 0.91077 1.85035 5.61538 60.6943 92.7091 117.737 138.885 152.872 164.979 176.38 186.373 190.89 147.088 126.983 116.723 109.994 104.6 102.084 99.9296 100.097 99.8713 101.193 103.933 107.397 113.291 119.48 129.558 146.948 195.8 194.101 184.684 175.245 163.561 148.999 128.127 103.649 74.912 28.9749 2.14212 1.21518 0.645291 0.780181 0.901508 1.2933 0.68698 1.20036 1.29889 
-0.698126 -0.863409 -1.14702 -0.574314 -0.729104 -1.06059 0.44429 0.596052 0.406642 -0.0259894 0.301144 0.0505951 0.758075 0.966224 12.3225 -0.118632 1.15637 0.888938 1.711 4.74037 59.4951 91.5429 118.24 138.705 153.339 165.223 176.964 184.825 190.246 154.506 139.629 126.925 119.135 111.138 107.405 105.488 104.958 104.42 105.253 108.361 112.632 119.444 127.6 140.449 161.277 202.557 192.107 184.446 174.76 163.714 147.484 128.321 104.707 75.324 29.9656 2.26651 1.31366 0.69552 0.654132 1.04707 0.912067 1.08601 1.05829 1.08879 
-0.316035 -1.41918 -0.928634 -1.08305 -0.889346 -0.460957 0.284215 0.405646 0.253945 0.480223 0.438434 0.687539 0.486083 0.336958 1.72858 6.61925 0.789144 0.835892 1.46775 3.1505 59.2509 92.7586 117.86 138.96 154.309 166.654 176.59 185.639 192.648 156.748 140.554 131.661 122.195 118.19 116.896 114.933 113.998 113.235 115.712 117.176 120.957 125.205 132.964 143.767 160.788 199.525 191.828 183.619 174.374 162.92 147.239 126.967 104.321 75.071 31.2422 2.22996 1.09937 0.679904 0.894338 0.732568 0.714991 1.13617 1.37048 1.2143 
-1.06981 -1.19752 -0.890232 -0.839829 -1.40941 -0.0822433 0.0947911 0.320579 0.151605 0.620015 0.494299 0.12206 0.491965 0.803231 -0.0315428 6.14164 0.572411 0.485899 1.19268 2.13474 58.6809 91.4807 117.311 138.269 153.998 166.756 177.675 187.176 194.665 159.14 142.277 132.547 122.551 118.442 116.748 114.349 113.534 113.59 114.463 117.203 120.593 125.102 132.953 144.724 160.387 199.513 190.997 184.573 175.716 163.643 147.264 128.079 104.546 76.0538 33.1271 2.16397 1.38189 0.894709 0.816891 0.798561 0.857725 0.735855 1.2402 0.957058 
-1.10058 -1.16655 -1.13887 -1.32736 -1.38975 0.198111 -0.0831347 -0.295699 0.0591861 0.394442 0.0828773 0.492259 0.338272 0.354776 0.726464 4.26186 0.667167 0.238628 0.984623 0.774874 58.4388 92.1828 117.325 137.779 153.494 166.066 177.033 186.763 195.86 158.228 143.277 133.133 122.33 119.551 116.235 115.114 114.688 114.471 115.14 117.309 120.681 126.051 133.482 144.947 161.381 200.882 191.198 185.022 174.548 164.057 147.309 128.165 104.732 76.8618 33.0874 2.30627 1.32304 0.747657 0.830225 1.17324 0.674936 0.755263 1.15666 1.08449 
-1.09831 -0.788049 -0.890893 -1.10164 -1.45374 0.295142 -0.393404 0.253304 0.105126 -0.355883 2.32566 -0.526771 -0.0314572 0.248035 0.279775 3.31808 0.93782 0.98068 1.29286 0.939337 58.1856 91.9575 117.258 137.512 153.765 165.666 178.021 185.399 197.367 159.222 143.319 133.903 122.847 119.645 117.799 114.665 114.512 115.578 114.953 118.112 121.484 126.031 132.617 142.924 160.56 201.787 192.888 184.708 174.046 163.48 147.357 128.766 105.699 77.1666 34.2096 1.60114 1.02959 0.286632 0.366447 1.01551 0.507985 0.909367 0.632032 1.02186 
-1.40588 -1.09271 -0.86844 -1.26746 -0.891355 -0.117276 -0.07375 -0.0874871 -0.103469 -0.0309599 1.61646 0.044927 0.233683 0.560739 0.801791 2.27265 1.19878 0.368661 1.60285 0.195622 57.324 90.5171 117.217 136.786 152.654 166.299 177.518 186.968 198.145 160.919 144.222 134.141 123.878 119.374 117.101 114.614 115.348 113.953 115.619 118.264 121.035 125.98 133.913 144.221 159.602 199.218 192.161 185.2 174.863 163.603 148.584 128.779 106.59 78.1122 36.3168 1.73713 1.25235 0.504825 0.649867 1.11288 0.788316 1.01341 0.468111 1.00055 
-1.04577 -0.896935 -1.68507 -1.25456 -1.21059 -0.250637 -1.11188 -0.202182 -0.209846 1.70274 0.97324 -0.730586 0.0324996 0.345695 1.59247 0.58569 1.41433 0.246623 1.14604 0.292403 56.1711 90.5226 116.657 137.587 153.908 166.525 177.955 186.568 200.657 161.428 145.46 136.547 124.319 120.186 117.271 114.369 114.319 115.892 115.87 118.315 120.895 125.433 134.482 143.319 158.593 199.705 194.211 185.498 175.799 163.528 149.657 130.535 105.527 78.719 38.0255 1.67668 1.08922 0.57228 0.385327 0.284594 0.704766 0.254483 0.664951 0.699754 
-1.18194 -1.72013 -1.05674 -0.872666 -1.2171 -0.990587 -2.27358 0.243421 0.12776 2.11798 1.65055 -0.0279021 0.0158449 2.2584 0.362467 0.737942 0.53525 -0.122108 1.08928 0.01822 55.4358 89.5411 115.461 137.27 153.796 165.604 177.744 187.476 200.052 161.406 144.96 135.46 124.151 120.011 117.268 115.984 115.866 115.356 115.88 117.871 121.403 126.126 134.103 142.791 159.683 198.535 193.518 186.588 174.932 163.744 149.933 130.844 106.941 79.6453 38.7432 1.01534 1.21383 0.821178 0.293976 0.224208 0.220687 0.441646 0.962924 0.928283 
-0.914067 -1.19337 -1.1194 -1.39095 -0.884044 -0.898211 -0.651455 0.133018 1.48136 1.68609 1.21761 0.12486 3.00093 -0.192437 0.337044 0.0938522 -0.241917 -0.147237 1.29097 0.117103 55.6027 89.9783 116.305 136.158 153.716 165.265 177.945 188.946 198.699 163.88 146.65 134.306 124.028 121.015 117.549 115.717 115.319 115.484 116.428 118.028 121.133 126.527 133.722 142.497 159.114 196.884 193.401 186.353 176.297 168.219 150.457 130.706 107.493 81.087 42.0866 0.753044 1.70882 1.53849 1.03531 0.43865 0.691065 1.23244 0.766775 1.21655 
-0.874777 -1.45289 -1.16075 -1.15615 -1.23948 -1.3896 -0.954232 -0.217202 2.36328 2.44472 1.58867 0.0701002 1.72392 0.235102 -0.0970958 0.0803175 -0.0876131 0.839863 1.15849 0.251442 52.2068 89.294 115.596 136.268 152.321 165.448 176.316 187.86 196.58 172.627 148.139 137.128 125.109 121.45 118.403 117.044 114.766 115.863 116.681 118.413 121.491 125.205 131.97 142 157.989 194.15 194.51 187.878 177.254 167.643 151.787 132.58 111.301 84.0183 48.7843 0.654977 1.94491 1.30518 1.14084 1.18912 0.910992 0.947326 1.32759 0.978234 
-0.752226 -1.25992 -1.45673 -1.03313 -0.999814 -0.390522 -0.812225 -0.045974 3.16695 3.63486 2.28559 1.01556 0.116795 0.163511 0.275953 -0.0620994 0.235056 1.36168 1.34435 -0.211771 46.6192 87.3625 113.364 135.588 151.705 164.731 176.775 188.036 193.723 177.317 149.4 137.698 126.187 121.85 118.651 117.583 116.434 115.558 116.455 117.627 121.549 125.446 132.239 141.062 156.22 190.904 195.471 188.815 179.662 166.402 152.443 135.466 113.87 86.8883 55.2455 1.42261 2.91576 1.36561 1.85051 1.86581 1.34842 1.22822 1.27217 1.27695 
-1.2725 -1.14585 -1.08718 -1.58318 -1.24912 -0.769001 -1.03417 -1.25739 4.87835 7.26115 -0.116458 1.28434 0.193644 0.357338 0.280848 0.554991 0.564532 0.0960985 1.87127 0.273858 46.9761 87.4876 113.945 136.156 151.932 165.493 176.973 189.163 195.758 178.817 151.13 138.391 127.333 122.441 119.067 117.059 116.308 116.105 117.436 118.445 120.94 126.458 132.579 141.039 154.571 190.029 195.285 188.454 177.929 166.852 152.94 135.6 114.695 87.1473 56.1713 2.65002 4.20572 2.69117 2.02016 1.73278 1.51028 1.14977 0.978687 1.62236 
-0.471021 -1.20098 -1.29545 -0.998915 -1.61219 -0.833416 -0.645308 4.37951 13.1058 8.53569 -0.0794855 0.648063 0.227103 0.286853 1.43609 0.422765 1.48531 2.17914 2.44841 0.578536 48.1975 88.7105 114.353 136.133 152.082 165.605 176.304 187.723 195.432 178.347 150.061 139.945 127.608 122.561 119.657 118.574 116.605 116.394 117.479 117.361 121.453 125.024 131.702 141.003 153.471 187.731 197.483 189.341 179.17 167.516 154.365 137.887 116.518 90.8027 57.369 5.05002 4.17969 3.83455 2.50659 2.27578 1.50846 1.89451 1.40832 1.14615 
-1.47196 -0.903381 -0.992744 -1.09374 -1.22468 -0.721545 -1.08111 4.37856 7.79683 5.6511 2.87814 1.05479 1.04711 1.07809 1.62929 1.26321 1.61332 2.35684 3.36213 1.44371 47.8343 89.0682 115.767 136.82 152.973 166.036 178.196 188.053 195.793 181.555 152.179 139.598 128.285 123.722 120.012 118.038 117.594 118.309 118.143 120.432 123.844 128.307 135.375 143.268 155.588 190.175 199.376 191.972 183.277 173.196 160.013 144.757 128.832 106.338 76.6745 27.7131 4.69893 4.15883 3.39389 3.48349 2.9164 2.08574 2.05642 2.22375 
-1.19814 -1.03355 -1.21721 -1.18757 -0.961328 -1.12582 -2.06793 -1.26212 5.62429 9.74917 9.54413 7.75257 4.74658 2.79438 2.03339 2.18448 2.50483 2.78037 4.17077 13.0259 68.9725 101.802 127.704 145.958 161.905 179.726 196.159 208.13 216.986 201.375 171.959 160.591 147.867 144.5 142.426 140.766 139.602 140.234 142.654 143.897 148.562 156.369 164.934 171.809 186.056 220.595 231.811 226.185 218.054 206.704 196.656 183.551 167.731 147.281 125.978 96.4177 47.4071 28.0338 16.4703 17.1735 17.2924 15.8897 13.8827 11.8241 
-1.16455 -1.15703 -1.3111 -1.35295 -1.11342 -0.770174 -1.10605 -0.90819 -1.03118 4.94537 9.24291 10.7382 13.2961 13.7828 13.5268 13.2491 12.6868 11.9206 28.8911 85.1995 121.516 149.282 169.547 194.753 211.257 221.796 230.79 240.944 244.682 228.913 197.197 181.98 170.043 164.133 160.095 158.599 157.962 158.83 158.991 161.951 165.754 170.771 177.253 188.574 201.611 236.172 253.024 246.14 236.718 229.605 217.931 205.678 192.235 176.625 157.337 134.056 108.039 76.3973 54.5639 22.8821 21.9579 18.7176 15.2532 12.7569 
-0.563829 -1.34975 -1.11837 -1.07741 -0.800702 -0.531109 -1.10382 -0.867869 -0.958833 -1.65593 2.2578 9.14444 11.9439 16.2957 18.8433 19.5906 18.0752 49.4978 84.4294 120.191 145.071 165.646 185.512 203.896 216.559 228.009 238.95 246.524 251.643 236.631 203.294 188.787 174.784 169.998 166.871 164.511 162.576 163.269 163.905 166.013 170.123 175.225 181.308 191.639 204.646 241.991 256.583 249.732 243.963 234.207 225.912 214.226 200.619 185.124 166.726 145.844 124.989 100.186 68.0796 32.4633 20.7454 12.241 5.54807 1.87895 
-0.968324 -0.91455 -0.775519 -1.07355 -0.996151 -1.3214 -1.63961 -0.792277 -1.07914 -0.48556 -0.412991 0.0203939 4.91011 10.4404 19.8334 23.3411 27.0606 66.3957 107.002 130.931 154.206 175.086 193.222 207.764 219.924 229.327 239.04 247.988 252.495 238.551 202.677 188.265 173.861 167.16 164.114 161.641 160.034 160.127 161.698 163.976 167.55 171.603 178.544 188.227 204.132 239.662 254.766 250.481 241.727 235.095 224.551 213.27 200.328 184.537 168.155 148.596 125.763 104.132 76.6005 44.3673 13.9027 0.309446 -0.279906 -0.0240234 
-0.77555 -1.20121 -1.22269 -0.834614 -1.00747 -1.22899 -1.25807 -0.806213 -0.623975 -0.250386 -0.863799 -0.80613 -0.343103 1.75662 11.2757 26.9415 36.7495 77.8331 109.012 133.427 155.324 174.67 191.479 204.374 217.397 226.705 233.621 241.363 246.694 235 198.795 183.175 168.631 162.937 158.704 155.886 154.944 155.751 155.237 158.188 161.268 165.164 172.607 182.389 196.105 231.237 246.205 241.655 235.399 226.147 216.229 205.172 191.81 176.307 158.435 138.635 116.069 92.7144 66.1804 40.3913 2.60773 0.299088 -0.309269 -0.326374 
-1.07987 -0.94695 -1.18582 -1.38323 -0.952296 -1.00809 -1.28614 -0.55015 -0.748559 -1.24915 -1.23851 -0.587013 -0.344706 -0.624486 -1.36352 20.0943 46.4921 79.2867 103.426 127.927 147.345 167.798 183.756 196.139 207.415 216.376 225.455 231.88 237.243 226.931 191.864 176.273 162.186 155.447 151.543 148.361 147.178 146.546 147.327 149.7 151.412 157.165 162.759 172.962 186.258 221.401 235.67 230.87 222.369 211.739 204.815 190.569 178.645 161.834 141.454 118.357 96.6912 70.0759 43.7558 15.9632 1.29925 0.302408 0.0351481 -0.776584 
-0.904666 -1.80838 -1.24326 -1.19243 -0.889832 -0.835421 -1.03208 -1.0987 -0.737496 -0.798824 -0.735543 -0.646266 -0.969038 -0.669542 -0.371026 0.889026 31.3914 67.6723 88.3152 110.203 131.248 151.957 170.702 183.171 194.017 203.882 214.152 220.133 225.905 218.961 182.169 168.666 152.48 146.422 141.666 139.632 137.759 136.905 138.111 139.983 141.485 143.281 150.14 158.278 172.389 204.514 217.942 211.543 203.702 191.254 186.674 171.617 155.907 139.494 115.428 89.6563 56.066 25.3288 1.84429 0.603401 0.323102 0.130812 -0.469171 -0.107328 
-1.26556 -0.903062 -1.01102 -1.28227 -1.16875 -1.01489 -0.824084 -1.64525 -0.770474 -0.401477 -0.943405 -0.690948 -1.00798 -0.292659 -0.206962 0.102183 3.37381 25.9143 55.483 81.1188 107.539 130.578 151.023 165.583 178.084 187.057 196.359 205.94 212.735 207.915 171.904 157.219 142.935 137.118 134.081 130.456 129.694 130.399 132.146 133.09 135.228 138.736 144.914 151.925 164.377 196.365 212.541 204.12 196.241 182.665 179.989 164.004 146.85 127.308 100.469 64.0003 12.2685 2.25597 1.81955 0.87176 0.835985 -0.358748 -0.00332388 -0.307867 
-0.655053 -0.806488 -0.614064 -1.0583 -0.937596 -0.754081 -0.69531 -0.696111 -0.592101 -0.549532 -1.02852 -1.31487 -1.00268 -0.61423 -0.169524 -0.0538805 0.196462 1.4474 0.987393 28.7686 78.986 108.562 133.797 154.355 171.204 181.607 190.616 202.785 211.388 207.977 169.929 156.893 142.445 135.881 133.287 130.808 128.36 129.327 130.255 131.983 134.528 137.315 143.799 151.461 163.439 194.398 210.305 204.29 196.659 182.289 178.17 163.44 145.656 126.497 99.8297 63.1625 13.5009 2.33194 1.18248 0.595454 0.273809 0.199976 -0.389173 -0.539901 
-0.810931 -1.08751 -0.788888 -0.766371 -0.805093 -1.32221 -0.875507 -1.12869 -0.899298 -1.13333 -0.948436 -0.867761 -1.05073 -0.802799 -0.714159 -0.436246 -0.0223781 1.29013 2.20236 21.7701 78.0837 108.74 133.869 153.558 169.816 177.624 190.88 200.296 209.23 205.342 169.677 155.166 140.839 135.151 131.442 130.427 127.645 129.26 129.593 130.879 133.198 136.418 142.577 149.489 161.55 190.175 210.245 203.777 195.064 184.163 175.443 165.145 147.27 126.02 99.98 64.362 10.3498 1.70244 0.858235 0.213203 -0.272419 -0.264899 -0.16896 0.258296 
-0.990489 -0.863684 -1.26099 -1.19766 -0.978196 -0.889393 -0.868491 -0.83465 -1.02851 -0.691069 -0.438445 -1.23163 -0.979993 -0.769723 -0.839699 0.226104 0.336332 1.11854 1.91594 22.1578 76.6154 108.027 133.594 153.631 169.115 179.66 192.322 201.114 209.355 207.159 169.388 153.973 140.279 134.57 130.797 130.653 128.117 127.138 129.334 129.602 134.477 136.336 142.648 148.764 160.966 189.253 208.628 202.773 196.778 182.895 175.523 164.05 146.19 124.66 99.922 67.1858 10.2847 1.48533 0.00944138 -0.231982 -0.113763 -0.453167 -0.390007 -0.253396 
-1.22164 -0.877146 -1.09118 -1.31374 -0.831682 -0.580407 -1.3624 -1.449 -0.920171 -0.752276 -0.813925 -1.36764 -0.621453 -0.627272 -0.439034 -0.274233 -0.596105 0.193376 1.03044 21.3275 75.401 107.063 132.592 152.974 170.272 179.315 189.525 199.033 208.563 203.84 168.138 153.76 139.704 134.421 132.093 129.061 127.43 128.311 127.789 129.611 133.101 135.61 140.393 148.851 159.969 187.5 209.459 201.378 195.195 184.522 174.033 164.475 146.758 125.564 99.6672 68.5898 10.4615 1.50397 0.109597 -0.282199 -0.404078 -0.415144 -0.677752 -0.63933 
-0.954497 -0.945695 -1.06486 -0.61848 -0.998876 -0.818075 -1.14302 -0.857047 -0.597934 -0.84205 -1.1927 -0.403265 -0.708654 -0.783874 -1.0164 -0.447384 -0.233854 0.00561813 1.34538 18.6107 74.7847 106.217 133.233 151.408 169.148 174.502 190.441 199.282 207.255 203.41 168.148 154.181 139.329 132.806 130.507 129.274 126.726 126.948 127.631 128.583 131.47 136.317 140.831 148.712 158.355 179.039 210.508 203.508 195.571 185.767 174.849 165.923 148.771 126.411 100.066 69.2889 11.991 0.854988 -0.150702 -0.620324 -0.340052 -0.708293 -0.8584 -0.554948 
-1.13473 -0.982434 -1.19825 -0.605324 -0.847221 -0.632814 -0.733112 -0.654673 -0.287908 -0.728723 -0.924485 -0.216481 -0.90898 -0.859201 -0.667337 -1.1705 -0.728958 0.321999 0.864407 14.1432 68.9648 101.061 128.661 149.425 165.118 172.463 188.55 198.265 206.785 207.261 170.406 155.496 141.108 134.488 131.615 129.715 127.099 126.545 127.688 128.979 131.576 134.371 139.747 145.363 157.017 172.772 212.699 203.785 197.996 184.951 176.197 166.755 150.653 130.563 103.461 73.8625 19.0989 1.30144 -0.225103 -0.230378 -1.21987 -0.188774 -0.571862 -0.489108 
-0.98184 -1.31233 -0.922287 -1.29074 -0.812113 -0.639231 -1.02024 -1.11107 -0.43135 -1.0808 -1.05815 -1.23475 -0.878735 -0.651695 -0.482945 -0.314343 -0.519301 -0.303305 0.480974 13.0998 68.9051 102.438 128.824 151.035 167.312 173.73 189.157 198.387 205.527 207.892 169.097 153.993 140.347 133.138 131.114 128.251 127.325 126.431 126.619 127.58 130.603 134.768 139.299 146.22 155.559 172.691 212.99 202.074 197.4 185.261 174.485 166.79 150.767 129.596 104.787 73.4778 19.3408 1.00033 -0.222102 -0.0710522 -0.752233 -0.417275 -0.354148 -0.501874 
-0.758516 -0.957997 -0.745642 -1.26427 -0.999008 -1.06784 -1.19877 -0.74242 -1.2907 -1.05359 -1.08163 -0.784032 -0.533924 -0.492745 -0.786261 -0.986012 -1.16075 0.0506416 0.796859 11.8413 68.6019 101.134 127.49 148.967 166.709 170.494 187.579 197.463 205.02 206.548 169.321 155.412 141.01 133.104 130.764 128.249 125.472 126.271 127.071 128.424 131.408 133.419 138.351 145.211 155.053 170.926 211.272 203.505 196.341 186.956 175.143 168.216 150.25 129.722 104.878 73.2547 21.0201 1.22628 -0.0889815 -0.688487 -0.289148 -0.223259 -0.55014 -0.00956073 
-1.17767 -0.884631 -0.609576 -1.14554 -0.955539 -0.554285 -0.939034 -1.23455 -0.999652 -1.42355 -0.782088 -1.28834 -1.20879 -0.721425 -0.878073 -1.06838 -0.899662 0.0289893 0.582539 11.0919 67.5362 101.324 128.968 149.233 166.196 169.087 187.352 196.526 205.231 207.117 182.87 152.793 140.887 132.97 130.015 127.634 126.69 125.894 125.732 127.875 129.512 133.484 138.534 145.521 154.427 169.177 209.493 202.422 197.465 186.63 176.124 167.519 150.851 132.726 105.99 74.6858 22.0392 1.50757 0.577298 0.0383314 -0.0547749 0.446251 -0.470714 -0.578671 
-0.7021 -0.838641 -1.35362 -1.0237 -0.790734 -1.07344 -0.86475 -0.423718 -1.19042 -0.838919 -0.245971 -0.853616 -0.886742 -0.521844 -1.02348 -0.580755 -0.72452 -0.108564 0.939664 11.3068 67.5774 100.729 127.995 149.22 167.965 169.983 187.307 196.469 206.085 206.27 169.599 155.068 140.735 134.126 130.574 127.636 126.099 126.586 125.985 127.162 131.6 133.528 138.595 144.828 155.623 168.95 208.999 203.488 196.791 188.257 176.513 168.73 152.355 133.077 108.546 76.2594 23.0208 1.85529 0.915871 0.475385 0.664469 -0.0115786 -0.243438 0.0951775 
-0.810853 -0.44322 -0.501993 -0.981216 -0.994887 -0.717857 -1.0384 -0.96474 -0.855416 -0.916125 -1.03848 -1.108 -0.522623 -0.724917 -0.488023 -0.178778 -0.078323 0.855658 1.68962 11.247 67.9402 100.678 127.625 149.269 165.972 169.177 185.46 195.414 206.184 205.582 169.871 154.112 140.783 132.955 130.675 128.058 126.426 127.151 126.798 128.019 130.784 133.341 137.902 144.645 153.919 168.906 207.858 203.956 199.52 187.244 178.06 170.64 153.822 133.428 108.516 78.5828 26.0311 2.45876 1.87032 1.46729 0.831 1.37501 -0.00944162 -0.354791 
