0.418143 0.727004 -0.0732414 0.370289 0.433094 0.527128 0.50925 0.462646 0.541542 0.588923 0.461706 0.826863 0.475212 0.380803 0.613208 0.425801 1.38916 1.92358 22.5823 75.6676 105.741 130.861 150.855 166.831 175.019 185.585 194.283 202.213 194.335 163.657 153.372 141.452 133.537 130.875 127.767 126.604 125.857 127.035 128.292 130.365 134.127 138.746 148.799 158.554 183.105 211.413 203.267 196.321 179.29 169.226 167.077 151.312 130.739 106.56 75.1593 22.1928 0.374985 -0.682416 -1.61256 -1.49322 -1.22206 -1.26116 -1.23016 -1.47551 
0.409215 0.291973 0.0408474 0.737919 0.312564 0.126998 0.534013 0.226382 0.506206 0.064867 0.19294 0.425154 0.147964 0.319783 0.6704 0.457647 1.71719 2.12036 21.6384 74.4202 105.748 131.432 150.802 168.284 173.985 187.279 193.946 203.674 196.104 163.727 152.973 140.026 133.863 131.113 127.688 125.884 125.557 126.167 128.527 130.645 135.573 139.458 147.047 158.679 182.665 211.88 203.264 195.095 179.254 168.287 167.72 151.234 131.638 105.662 75.5642 22.726 0.166137 -0.489988 -1.09089 -0.940083 -1.10068 -0.990216 -1.13576 -1.1699 
0.588206 0.0786247 0.473345 0.769982 0.75269 0.392879 0.536481 0.458541 0.502833 0.720668 0.44039 0.56721 0.319052 0.735518 0.0512527 0.378393 1.79988 1.86904 22.0113 75.2938 105.712 131.926 151.434 166.643 174.856 187.05 194.794 203.312 197.074 164.633 151.828 142.607 133.706 130.213 127.136 126.593 125.245 126.458 128.832 129.953 133.914 139.861 147.097 159.714 182.684 212.132 203.824 196.482 181.531 169.065 168.032 151.297 131.135 106.806 76.3704 22.8702 0.239503 -0.839125 -1.02524 -1.0247 -1.24787 -1.02634 -1.04676 -0.963438 
0.146445 -0.00928344 0.598165 0.5588 0.522931 0.557276 0.586792 0.205129 0.137583 0.0195625 0.745003 0.283063 0.131471 0.373366 0.58382 0.478813 1.48365 2.26622 20.5592 73.6243 105.559 131.338 151.276 166.872 174.045 186.449 194.819 202.594 197.127 165.06 152.5 142.766 134.742 132.082 128.302 129.778 129.117 129.981 129.562 131.639 135.371 139.993 148.155 161.556 182.545 213.628 203.714 197.629 181.138 172.731 167.448 152.313 131.497 106.183 75.3925 22.9035 0.200414 -0.600238 -1.56416 -1.32954 -0.934162 -1.39007 -1.54073 -1.54694 
0.61093 0.479311 0.426283 1.19493 0.200784 0.678457 0.42058 0.609499 0.589496 0.36749 0.766216 0.404827 0.336678 0.275292 0.577042 0.524245 1.61952 2.07564 20.4535 74.2947 104.9 130.42 151.141 168.111 175.299 186.737 195.47 202.527 200.487 167.703 151.591 144.219 135.391 132.004 129.09 128.931 126.716 128.4 129.923 131.04 136.024 140.214 148.185 160.809 183.776 215.81 204.743 197.112 180.919 173.153 167.939 152.011 131.791 107.264 76.4369 23.218 0.567027 -0.215086 -0.737199 -0.894154 -1.25075 -1.25923 -0.890689 -1.37285 
0.621043 0.192281 0.674216 0.421266 0.517131 0.877137 0.318458 0.552781 0.677226 0.208271 0.806073 0.567203 0.446221 0.406062 0.320746 0.452781 1.89516 2.31102 19.8379 74.6345 104.381 131.515 151.878 168.052 176.989 185.368 195.554 204.367 199.755 168.933 152.596 143.666 135.309 132.22 129.109 129.606 131.727 127.695 130.683 132.66 136.312 142.839 148.95 162.126 182.992 216.513 206.536 197.583 181.308 174.347 168.913 153.104 133.26 108.175 77.3383 24.5744 1.2555 -0.342823 -0.874904 -1.1056 -1.22093 -1.16153 -1.17813 -1.56527 
0.399147 0.441863 0.288405 0.384341 0.256007 0.535343 0.347423 0.865212 0.400147 0.648321 0.71457 0.421184 0.314397 0.741067 0.123516 0.972588 1.56821 2.68876 15.7003 70.4792 102.632 128.994 149.608 167.255 176.49 187.272 196.054 204.424 206.9 171.385 155.705 146.728 136.354 133.879 130.407 129.353 127.402 128.63 130.975 134.801 137.021 141.888 150.125 160.639 178.857 217.862 208.04 200.825 187.112 177.433 171.694 156.364 136.371 112.478 83.0304 30.6077 1.27909 0.490269 -0.688256 -0.847053 -1.45745 -1.06589 -1.60376 -1.38998 
0.52404 0.603372 0.00875671 0.632372 0.416482 0.617914 0.426886 0.575482 0.513117 0.808528 0.662853 0.547017 0.49958 0.385497 0.879226 0.982536 1.54548 2.93901 13.0515 70.0531 101.98 128.547 149.403 167.402 177.127 187.076 196.874 203.655 209.653 173.574 158.529 148.398 138.027 133.951 132.289 130.593 129.085 129.728 131.448 134.332 137.234 142.33 150.346 160.174 178.421 217.673 208.186 200.676 187.746 176.722 171.283 155.448 136.626 113.501 83.9135 34.9286 1.15474 0.528195 -0.635561 -0.731978 -1.70977 -0.848807 -1.00744 -1.04786 
0.979121 0.357416 0.708113 0.39969 0.169386 0.436417 0.430502 0.728567 0.503245 0.501867 0.48775 0.653286 0.323533 0.354071 0.859411 1.61445 1.88249 2.80499 13.0055 70.3195 102.913 128.565 149.568 167.896 176.522 187.597 195.481 206.287 211.328 175.103 158.843 151.129 140.199 137.385 135.168 132.405 131.777 132.003 134.362 137.22 140.734 144.47 151.941 163.887 180.14 221.544 210.834 203.669 189.642 177.124 172.102 156.434 138.862 114.023 84.014 32.9498 1.1363 0.839516 -0.736415 -1.14538 -1.34859 -1.55024 -1.47664 -1.10513 
0.402734 0.208091 0.284406 0.317147 1.15665 0.386357 0.615638 0.608869 0.688415 0.158964 1.04698 0.717126 0.681243 0.409434 0.492593 0.84388 2.45821 3.49587 8.1233 68.3239 104.103 130.925 153.268 172.581 183.693 194.46 206.271 215.508 217.59 185.056 168.899 158.551 148.518 144.626 143.582 145.39 145.564 144.745 146.695 147.316 152.139 156.626 164.207 172.142 188.198 229.326 220.291 214.436 201.724 190.411 182.394 166.854 147.748 122.421 92.7802 47.2653 3.0248 0.548845 -0.247353 -0.813122 -1.20981 -1.3648 -1.18808 -1.3498 
0.529061 0.693392 0.483403 0.507501 0.272876 0.150722 0.326842 0.532688 0.114533 -0.00175605 0.487945 0.722722 0.191005 0.637394 0.741123 1.01748 1.7911 4.36114 57.6505 95.098 122.78 148.255 168.571 184.913 198.663 207.916 217.974 230.277 236.178 199.094 184.29 175.948 168.647 168.132 168.619 169.075 169.696 169.604 170.512 162.417 171.031 179.016 186.554 196.773 214.055 254.88 248.62 240.053 226.944 213.065 201.258 184.326 164.579 142.345 117.738 88.6586 39.7644 -1.12263 -0.342197 -1.06923 -0.744954 -1.19331 -1.10659 -1.22089 
0.894339 0.479736 0.501256 0.614661 -0.0778593 0.510163 0.691316 0.587888 0.602259 0.480824 0.883037 0.686983 0.85374 0.56628 0.906845 1.49594 1.3209 17.2151 73.3718 107.097 134.919 159.093 180.404 201.636 213.989 224.293 236.244 244.518 245.463 213.596 198.827 188.513 178.36 176 182.815 184.725 189.467 190.984 194.144 186.084 190.495 193.741 203.258 215.728 236.34 280.847 274.864 264.745 252.584 239.995 226.78 210.567 192.361 171.942 144.607 113.433 76.7151 22.9545 -1.93532 -1.23997 -1.2794 -1.76944 -1.08044 -1.14491 
0.0412559 0.615459 0.367313 0.649097 0.50449 0.463673 0.583297 0.436465 0.695433 0.336735 0.437458 0.814431 0.645024 0.806904 0.857776 1.35871 0.648752 34.6402 90.0535 123.31 152.761 178.027 196.815 213.379 228.403 237.078 247.153 244.385 240.499 224.01 208.853 195.283 189.43 185.795 193.813 196.176 197.954 201.431 201.229 188.906 193.054 198.679 205.793 218.366 238.416 282.043 280.25 272.14 261.605 251.474 236.941 219.766 201.817 184.988 162.961 137.215 111.173 79.0272 22.1108 -1.26783 -0.962696 -1.07555 -1.36863 -1.20544 
0.361245 0.63271 0.600283 0.398733 0.477422 0.515115 0.195623 0.257624 0.455002 0.81613 0.253632 0.543435 0.677854 0.673215 1.2598 0.9109 11.352 74.9857 110.382 139.579 164.137 186.982 205.806 220.968 234.261 243.422 230.651 223.133 247.587 226.16 208.616 196.362 195.253 191.914 194.263 201.369 201.207 206.044 223.317 191.427 194.727 202.633 210.547 222.208 242.22 282.125 281.989 273.714 263.173 254.958 239.723 224.85 208.213 187.073 166.241 142.385 115.529 84.5795 29.3569 -1.30599 -1.56847 -1.16647 -1.4524 -1.05918 
0.344123 0.469021 0.470054 0.450912 0.569717 0.993327 0.0735755 0.292526 0.522214 0.788415 0.400746 0.728672 0.804899 0.38998 0.923919 0.620261 26.5788 86.0331 115.555 142.205 168.54 190.698 206.661 215.406 225.883 227.664 194.383 190.955 214.422 216.588 195.516 183.221 173.533 180.576 181.208 175.676 165.466 166.976 218.248 176.183 172.26 172.055 179.3 189.48 205.577 248.495 251.119 242.664 233.875 224.366 213.094 201.955 184.237 158.667 131.983 100.775 62.4199 15.2821 -0.719133 -1.17506 -1.16073 -0.943492 -1.29465 -1.02404 
0.993005 0.621482 0.714981 0.74221 0.622969 0.315169 0.562955 0.832766 0.789347 0.13988 0.894072 0.496322 1.22103 0.713617 1.01857 1.14679 18.9221 46.2003 73.8845 104.224 127.821 144.257 164.956 180.76 192.718 184.361 151.944 146.246 153.548 182 171.264 158.02 145.834 153.537 176.613 166.045 147.089 147.007 161.307 155.002 150.886 151.578 158.592 167.42 181.101 218.356 220.748 212.384 201.864 191.14 174.458 150.984 130.748 110.787 84.2852 45.3162 3.10682 0.0612413 -0.249112 -0.956808 -1.19541 -1.05908 -1.32948 -1.31677 
0.363449 0.658275 0.305952 0.969318 0.292378 0.761707 0.565842 0.332132 0.641487 0.345231 0.350287 0.779338 0.709295 0.727428 0.643439 0.749983 1.52153 2.32936 2.65716 38.0672 79.4819 109.001 130.414 149.67 163.48 148.186 119.414 111.498 112.94 134.12 133.504 135.808 128.505 121.929 152.041 126.818 126.597 128.139 141.972 124.394 127.845 131.277 137.864 147.076 161.672 197.029 201.522 193.653 184.289 173.346 158.944 141.293 122.112 94.2951 61.6571 4.49452 1.81815 0.327544 -0.737005 -0.640353 -1.24122 -1.28517 -1.17395 -1.11582 
0.677906 0.484563 0.624132 0.681602 0.595839 0.249757 0.535003 0.818144 0.668777 0.718467 0.639753 0.736741 0.652017 1.16188 0.692274 0.997856 1.79979 2.3728 3.41041 15.7663 69.377 100.574 126.057 145.704 165.832 130.119 112.528 102.829 103.033 117.991 109.973 119.808 124.229 127.17 127.087 122.828 122.016 152.15 122.05 123.436 127.184 129.933 136.024 143.905 157.813 191.235 199.71 191.422 181.396 170.704 157.175 140.253 119.643 92.7369 60.2793 1.34768 1.05503 0.343882 -0.338793 -0.827554 -1.02182 -1.03376 -1.05101 -1.03761 
0.332915 0.58435 0.588111 0.447635 0.85334 0.480126 0.567399 0.70388 0.771781 0.662792 0.919916 0.738697 0.776537 0.784295 1.04786 0.645133 1.39548 1.95766 2.81514 11.5565 63.5066 96.6313 123.145 143.742 159.414 122.22 107.348 97.3973 96.8623 113.595 97.8479 100.8 110.739 119.278 125.922 122.889 120.385 145.545 120.538 122.508 125.324 129.917 135.368 141.259 155.657 187.787 198.121 189.62 179.058 169.371 157.373 139.78 118.302 92.7919 57.9648 -0.498508 0.690043 -0.453645 -0.886751 -0.841672 -0.90604 -1.46693 -1.46272 -1.21766 
0.9758 0.726037 0.451278 0.790152 1.05857 0.549278 0.881653 0.766728 1.04577 0.462037 0.99464 0.701963 0.617939 0.99195 0.82395 1.17049 1.10112 1.95194 2.93922 8.81322 59.1522 93.8009 120.211 141.222 153.783 116.71 103.845 95.098 92.9603 112.081 93.4561 92.6253 98.2536 109.379 115.245 123.26 119.932 160.232 119.991 122.888 123.36 127.997 134.145 140.987 152.603 182.966 196.507 188.223 178.831 167.626 154.66 138.37 117.783 91.3458 56.4264 -1.93868 -0.375352 -1.16263 -1.3203 -1.07152 -1.58607 -1.46066 -1.69262 -1.50252 
0.621132 0.475881 0.488926 0.743381 0.801833 0.336059 0.545979 0.556682 0.791859 0.319647 0.873241 0.856374 0.408178 0.756398 0.843198 0.807984 0.666595 1.42146 2.08304 3.82211 56.627 90.6867 118.337 138.125 151.954 115.783 102.152 93.9381 91.0202 111.66 92.2103 89.6164 87.8525 104.625 107.269 117.199 120.174 152.882 120.151 120.898 123.054 126.197 132.419 140.528 151.783 180.008 195.133 188.131 178.738 167.328 153.817 137.59 116.917 90.1818 55.5412 -3.28167 -0.300607 -1.01651 -1.5634 -1.42852 -1.32238 -1.23374 -1.06117 -1.25143 
0.495628 0.56878 0.34766 0.631793 0.781996 0.0939298 0.462619 0.813184 0.650092 0.138552 0.678292 0.389401 0.931249 0.387915 0.709393 0.587493 0.637379 1.00353 2.25836 1.90909 54.7384 87.9819 115.569 136.798 152.975 116.008 102.045 92.7686 90.279 113.627 92.8277 89.4146 84.6287 97.7757 106.046 108.704 116.404 156.661 123.09 121.643 122.243 126.357 132.176 139.174 150.928 175.684 195.261 188.387 177.952 166.687 153.667 137.359 116.16 89.5602 55.0755 -3.11181 -0.265752 -1.08259 -1.30712 -1.36768 -0.813554 -1.61686 -1.32081 -1.45924 
0.415164 0.921177 0.832085 1.02065 0.202305 0.639722 0.35202 0.576834 0.728926 0.745439 0.714142 0.65591 0.469374 0.779095 1.17043 0.732718 0.414893 0.843136 1.92989 -0.203326 51.5384 85.6299 114.461 134.759 154.917 116.527 103.794 94.1255 89.3088 115.372 93.7587 89.5637 84.9985 97.187 104.943 107.446 110.15 169.63 122.967 121.189 123.018 126.17 130.92 138.21 151.355 173.118 194.779 185.884 176.926 166.485 153.923 136.865 116.1 89.7354 54.3143 -2.74321 -0.303439 -1.4512 -1.68046 -0.913011 -1.60503 -1.31467 -1.15684 -1.59532 
0.972669 0.721964 0.628546 0.222314 0.575281 0.405791 0.730448 0.809324 0.915553 0.232234 0.881639 0.411893 0.519337 0.521219 0.780604 0.674378 0.85489 1.18363 1.45626 0.619228 40.5581 82.2047 110.544 133.452 151.06 130.229 106.855 97.0726 88.7984 120.281 96.5842 91.7728 86.896 96.3004 101.979 108.711 106.779 169.904 123.087 121.829 122.832 126.287 129.819 137.143 147.738 165.552 197.331 186.608 178.471 167.147 155.133 139.072 118.82 91.8869 58.9132 0.872737 -0.109858 -1.18947 -1.01384 -1.49495 -1.40814 -1.66516 -1.47586 -0.983258 
0.558658 0.996155 0.927703 0.407621 0.730352 0.708352 0.631832 0.625767 0.630118 0.816057 0.566294 0.631382 0.314935 0.715717 1.33238 1.28092 0.813873 0.747069 1.4974 2.48115 31.7365 78.1268 107.309 131.247 148.063 140.69 111.169 100.34 88.496 123.081 100.469 94.8775 88.1812 98.5783 103.162 107.637 107.585 168.831 122.467 120.932 121.724 123.272 128.886 135.509 146.972 165.159 197.438 188.483 179.591 168.521 155.522 138.866 118.643 92.9697 59.7501 1.88074 0.0691232 -1.12455 -1.95924 -1.64785 -1.42975 -1.26871 -1.42476 -1.90902 
0.302428 0.561572 1.01163 0.280569 0.644491 0.26559 0.539698 0.772534 1.17713 0.74416 0.779253 0.625238 0.570692 0.931292 0.850156 0.779258 0.914802 0.953064 1.58652 2.56432 30.3678 77.5171 105.804 130.555 147.828 150.288 115.148 103.363 92.1749 126.673 103.533 97.7925 92.3466 100.626 104.027 108.546 109.07 178.94 120.715 120.647 122.746 124.284 128.456 135.187 144.426 163.948 193.038 188.495 178.524 168.493 155.645 140.045 118.409 93.5616 60.891 2.2883 -0.0197005 -1.13245 -1.45233 -1.59509 -1.2 -0.805678 -1.41522 -1.1118 
0.755913 0.90795 1.39766 0.562644 0.528979 0.0810378 0.712717 0.549703 0.606215 0.618745 0.571308 1.14272 0.205845 0.44873 0.985739 0.761988 1.02426 0.894353 1.51083 2.41481 28.4024 74.9132 104.944 128.116 148.653 155.942 120.384 106.415 96.4309 127.78 107.489 101.709 95.4743 104.065 108.076 111.568 111.255 175.094 121.21 120.181 121.1 123.655 127.881 134.887 143.963 161.705 191.126 188.237 179.437 168.038 155.309 139.783 118.402 93.3303 60.1337 2.34663 -0.0139863 -1.68389 -1.38473 -1.09393 -1.30704 -1.71539 -1.51959 -1.14808 
0.616175 0.933217 0.757626 0.980505 0.714469 0.645657 0.921416 0.323512 0.491067 0.673897 0.817573 0.487412 0.842535 1.12161 0.686447 0.71619 0.607843 0.611169 1.6074 2.18948 25.706 73.0256 103.819 128.418 148.05 162.931 125.77 110.632 100.971 130.092 112.5 105.618 98.9637 108.074 110.261 111.85 111.963 166.605 128.392 119.453 120.965 123.71 127.59 133.307 143.87 160.01 190.586 187.416 179.275 169.097 156.643 138.718 119.85 94.6729 61.3143 3.0633 0.0388662 -1.17021 -1.26264 -1.6572 -1.42268 -1.31739 -1.32683 -1.33409 
0.455933 0.218118 1.00773 1.14276 0.443016 0.250148 0.307126 0.792214 0.884971 0.816312 0.730923 0.369707 0.649895 0.588534 0.426734 1.06482 0.902084 0.716144 1.4634 2.40696 23.3171 72.6961 102.635 128.472 146.823 162.505 139.037 117.333 106.421 130.947 122.569 112.898 104.831 115.584 113.046 113.601 116.119 161.807 135.912 118.875 120.269 123.722 127.712 131.836 148.023 155.841 187.386 189.146 180.072 168.538 155.642 140.345 120.055 95.001 60.9229 3.50389 -0.184786 -1.34142 -1.44683 -1.5441 -1.16539 -1.53742 -1.36737 -1.42727 
0.172364 1.03298 1.2066 0.819722 0.512198 0.354297 0.897215 0.408196 0.404616 0.670035 0.710513 0.540688 0.530864 0.894609 0.756004 0.823689 0.551228 0.490866 1.11762 2.38624 22.6033 70.7713 101.779 127.908 146.491 160.188 154.883 125.08 113.724 134.386 134.409 120.689 114.674 121.733 116.467 117.191 120.67 144.482 149.861 122.089 120.888 122.172 126.203 139.918 143.272 150.306 185.3 187.995 180.052 168.242 156.377 140.216 121.571 95.0729 63.0244 4.09808 -0.250505 -1.36962 -1.49946 -0.99703 -1.34218 -1.43061 -1.017 -0.939773 
0.524023 0.897818 0.580574 0.744998 0.965842 0.300426 0.92001 0.263792 0.369174 0.264067 0.539817 0.436269 1.04119 0.729958 0.731412 0.881284 0.688645 1.02722 1.29721 2.07957 20.332 70.2658 100.832 127.128 146.958 160.634 172.42 136.853 123.008 146.85 150.234 133.889 123.166 125.629 123.256 123.002 121.99 131.6 158.527 127.952 120.464 121.908 125.633 142.278 139.495 149.929 181.825 187.912 179.577 169.725 157.458 140.404 121.14 95.3069 62.6454 4.64516 -0.308233 -1.26989 -1.3623 -1.36354 -1.01301 -1.48329 -1.22132 -1.26564 
1.19681 0.50686 -0.193423 1.36521 0.683178 0.749732 0.373994 0.738149 0.459079 0.537945 0.886188 0.63196 0.927202 0.846778 0.304738 0.577569 0.638623 0.942971 1.03719 1.83559 17.8883 70.062 99.3343 126.488 145.637 161.073 174.24 168.919 139.951 176.87 172.807 147.561 134.213 135.427 126.53 123.271 122.365 120.785 163.825 126.699 122.743 122.423 130.687 134.79 137.923 148.095 179.45 186.825 179.584 168.63 157.473 141.055 121.172 95.7409 64.1718 5.96418 -0.607854 -1.46816 -1.4324 -1.40638 -1.52643 -1.70153 -1.76066 -1.12676 
1.42525 0.871374 0.771008 0.962355 0.942387 1.09118 1.13695 1.50882 0.726021 1.05747 0.680908 0.70824 1.42837 0.840293 1.37909 1.26437 1.1907 1.28041 2.06921 2.79878 18.1528 69.5472 99.2596 127.165 147.534 163.369 174.19 183.757 193.938 199.366 189.604 157.25 133.788 131.03 125.117 121.08 119.38 111.333 162.836 122.332 122.879 123.894 125.24 127.134 132.624 143.713 172.659 186.333 177.767 166.865 155.412 139.113 119.821 94.7679 63.038 5.79106 -1.01818 -2.11659 -1.77545 -2.52462 -1.78157 -2.37937 -2.08772 -2.09109 
1.0954 1.16886 1.41879 1.23436 1.11733 0.239981 1.12495 1.0361 0.926804 0.838951 1.14093 0.743297 0.91136 1.28272 0.990972 1.22753 1.345 1.26751 1.49814 2.46787 17.2447 68.8529 100.083 126.185 146.05 162.829 174.705 185.825 193.49 201.772 194.055 159.474 134.828 130.978 125.095 121.244 120.257 114.731 152.541 121.956 124.01 124.217 123.402 126.873 131.604 142.533 169.69 185.846 178.175 167.66 155.313 139.012 119.822 95.2159 64.5228 6.89828 -0.817354 -1.91126 -2.48405 -2.1907 -1.85558 -2.61442 -2.02436 -2.11654 
0.707187 1.98793 0.756184 1.12146 0.543762 0.930813 0.985574 0.745201 0.985816 1.56232 1.40433 0.989166 1.53956 0.980745 0.995108 1.52924 1.37747 1.14326 1.87159 2.38179 15.3272 68.8993 98.9651 125.136 146.189 162.594 175.569 185.861 194.27 201.596 196.273 161.82 135.7 132.488 125.426 122.564 120.174 117.529 146.79 121.144 124.093 127.093 122.185 126.741 131.861 142.219 167.719 185.733 177.917 167.398 155 140.36 120.416 97.036 65.3089 7.88747 -0.865063 -1.91051 -2.40255 -1.91521 -2.49963 -2.21988 -2.26476 -2.07906 
1.32189 1.94959 1.6975 1.64363 0.02917 1.36853 0.842559 0.835153 1.21863 0.54941 1.20905 1.66161 0.777317 0.754988 1.20825 0.660613 1.0775 1.74796 1.54957 3.00501 15.8347 66.496 98.7918 125.93 145.729 161.784 176.919 184.202 195.103 203.324 201.362 163.44 137.172 132.947 126.17 121.679 120.252 117.868 147.734 118.037 125.31 125.35 122.11 126.134 129.752 140.595 164.325 185.843 177.687 167.696 156.918 140.216 122.324 96.8727 65.6365 8.69443 -0.877458 -2.38566 -2.40093 -2.30216 -2.30601 -2.15322 -2.92828 -2.09004 
1.96252 1.28545 1.17884 0.994771 0.900662 1.04763 1.39534 1.2634 1.00914 0.623903 0.949657 1.22586 1.35437 1.14884 0.905613 1.42407 0.967302 1.90104 1.58758 2.21155 13.7947 65.2259 97.6841 124.188 145.336 162.632 175.631 187.511 196.075 203.266 202.891 165.557 137.742 132.494 125.277 121.401 120.567 118.572 148.408 121.649 124.673 123.288 124.217 125.982 129.501 140.323 157.904 190.502 178.637 169.044 157.18 141.53 122.172 98.2123 67.1154 10.2919 -0.867213 -2.02349 -1.95867 -2.13192 -2.29945 -1.93338 -2.20741 -2.34753 
0.765711 1.3373 0.843819 1.18976 0.848236 1.49622 1.47332 1.1533 0.922117 1.45211 0.778006 1.36782 0.458721 1.85545 1.27161 1.03734 1.18672 1.574 1.37801 2.49121 12.8314 65.5844 96.993 122.491 145.726 161.647 176.673 186.87 194.828 202.899 206.146 167.079 139.892 132.185 126.692 122.011 120.154 120.097 139.333 127.369 122.972 121.625 124.3 127.01 129.052 139.287 153.729 193.871 178.655 169.451 157.538 142.723 122.07 110.38 68.8098 12.5541 -0.964153 -2.18969 -2.32552 -2.5206 -1.68492 -2.38353 -2.10913 -2.19139 
1.51536 0.159904 1.33318 1.28351 1.03374 1.0758 0.477253 1.81787 1.10091 0.878197 1.21121 1.08511 0.850083 1.2245 0.908297 1.13983 0.92454 1.04071 1.72825 2.35667 12.6557 64.0899 96.8808 123.638 144.286 161.518 175.157 187.09 195.067 201.518 207.147 169.606 140.078 132.577 127.009 123.387 122.725 118.875 135.529 129.162 120.899 122.085 123.59 126.594 129.065 139.037 152.218 190.945 178.824 169.14 157.587 142.655 123.497 100.224 69.3119 13.6261 -0.3037 -1.73124 -2.26111 -2.48093 -2.47364 -2.69344 -1.89879 -1.63626 
0.711582 1.63508 1.69301 1.00262 1.3723 1.24222 0.770193 0.777177 0.720538 0.891011 1.15873 1.32382 2.13924 1.08042 1.29273 0.742634 0.885102 1.25959 1.79354 2.35229 12.8901 63.6894 95.4983 122.454 144.708 160.734 175.323 187.042 195.778 203.784 210.61 170.319 142.231 134.082 128.43 122.805 122.532 119.3 142.13 125.273 119.504 122.008 124.489 123.713 136.012 137.454 153.266 189.192 179.492 170.169 158.743 143.588 124.608 102.188 71.6121 15.6738 -0.0689384 -1.25969 -1.11937 -1.85224 -1.89056 -1.65401 -1.94536 -1.7918 
2.00413 1.09451 0.805341 0.924451 0.903198 0.809879 0.893196 1.54446 1.30787 1.30108 0.857472 1.14197 1.18754 1.35165 0.776468 1.06055 1.07872 1.56212 1.73736 3.32712 9.96226 61.1458 95.1896 121.084 143.852 160.743 174.642 186.662 197.008 203.741 212.311 174.192 144.016 132.934 131.987 126.028 122.576 120.645 129.042 133.422 120.221 122.528 123.978 124.027 131.573 136.674 151.407 187.64 181.28 170.555 158.998 145.181 127.458 104.826 75.3859 21.5456 0.272105 -0.334402 -0.769649 -1.37851 -1.80273 -1.76196 -2.09804 -2.06862 
1.26475 1.67118 1.04529 1.15876 1.55234 1.49773 1.21411 1.64784 0.925276 1.0372 0.564179 1.10187 0.75238 1.3727 1.4393 0.925335 1.38071 1.58807 2.4025 2.66463 5.86389 59.1933 91.8676 118.315 141.421 160.944 173.877 184.305 193.789 202.805 209.575 182.099 145.093 133.599 129.688 125.544 126.521 124.43 114.324 140.725 124.11 122.461 124.907 123.437 129.42 135.033 149.588 184.515 181.923 173.838 160.681 148.054 130.628 107.215 79.7915 27.5267 1.22764 -0.070461 -0.8191 -0.383919 -1.2519 -1.37932 -1.59811 -2.16923 
0.701073 0.920562 1.46338 1.34715 1.00897 1.74583 0.83675 1.02382 1.28398 1.04257 0.81003 1.21986 1.23332 1.38252 0.921077 0.800453 1.03069 0.182381 1.71857 3.22418 5.68114 58.1248 92.7182 119.881 142.846 159.52 173.753 185.443 195.305 202.863 208.51 185.829 146.43 135.133 125.336 130.757 126.42 125.252 116.245 140.65 124.181 121.981 124.22 124.931 126.971 136.445 147.684 182.319 182.618 173.173 162.076 148.28 131.886 109.456 82.301 29.9914 2.52613 0.137879 -0.100983 -0.461022 -0.886491 -1.60737 -2.23969 -2.13608 
1.09135 1.17251 1.43791 1.2922 1.67719 1.60013 1.66496 1.60191 1.62462 1.35865 1.10163 0.573449 1.03429 1.20728 1.59112 1.09163 1.40009 1.56668 2.02627 2.77065 5.29317 56.13 92.2838 118.791 141.637 160.597 174.2 185.989 195.47 201.647 209.265 187.685 147.872 135.746 127.657 136.167 130.409 123.619 120.738 144.412 127.447 125.835 122.73 123.414 126.642 134.644 146.115 179.824 182.959 175.279 163.275 149.532 133.926 112.118 84.3107 32.5245 1.91823 2.05207 0.261499 -0.22356 -0.431866 -0.984245 -2.40509 -2.55812 
1.75158 1.90332 1.09375 1.39989 0.966518 1.07565 1.01894 0.923556 1.1685 1.46147 1.58156 1.20173 0.999936 1.1786 1.02999 0.229474 1.0238 1.37483 1.78886 2.73301 6.93368 62.1092 95.552 122.636 145.021 162.065 177.21 188.075 198.616 206.464 212.839 193.49 152.544 139.709 132.305 143.851 142.733 130.665 118.682 153.582 132.96 127.128 123.267 125.77 130.321 138.899 149.866 181.42 190.334 179.34 165.234 151.717 136.134 115.6 87.754 44.1975 1.35181 1.10921 0.158273 -0.391598 -0.709586 -1.49312 -1.56483 -2.15784 
0.932483 0.927724 0.745396 1.07474 0.909774 1.66068 0.745237 1.07695 1.52508 1.46368 1.01672 1.08834 1.64701 1.53868 0.882302 0.926633 0.913521 1.20954 1.9706 2.88105 43.9007 87.2131 116.836 141.196 161.081 178.385 191.815 202.179 211.616 220.555 222.982 208.844 163.308 151.606 141.807 189.916 151.4 133.032 163.247 194.504 190.378 134.873 133.603 135.782 140.655 150.876 164.864 196.872 209.008 198.343 190.337 182.398 173.752 160.4 143.338 123.967 94.4745 74.4702 79.3945 62.4693 31.6129 -2.58436 -1.78537 -2.55049 
1.60092 1.05729 1.54992 0.771332 1.11278 0.986287 0.964727 1.14957 1.28897 1.10459 0.732036 1.16841 1.24121 0.786815 1.29063 1.03111 1.19453 1.53814 2.10074 0.253281 52.7894 95.5358 123.513 149.157 171.325 185.557 200.346 214.018 222.232 230.68 237.495 220.983 176.363 162.958 187.902 211.622 188.207 158.489 182.102 196.514 193.457 167.846 158.449 165.032 173.518 185.281 201.223 236.494 255.439 252.575 246.064 236.48 223.195 213.145 197.942 183.849 166.369 146.973 126.352 101.842 71.3962 16.6959 -2.0397 -2.00805 
2.04648 1.22118 1.48418 1.00913 1.77604 1.62172 0.662807 1.17476 1.10612 0.955409 1.62155 1.30672 0.846403 1.00798 1.10824 1.44475 0.999659 1.46002 1.9724 16.5974 73.6765 107.609 135.096 159.635 180.811 196.344 210.045 222.124 231.113 239.879 246.695 233.684 186.567 177.122 204.745 207.331 187.965 178.697 183.653 190.782 183.573 178.628 172.426 177.928 184.212 195.708 209.84 245.288 266.543 261.76 253.659 244.288 234.707 222.11 207.908 192.887 174.618 156.387 134.756 109.375 79.0524 24.8864 -1.87214 -2.48347 
1.46426 1.51624 0.607422 1.4816 1.62729 0.905081 0.748606 0.842111 0.711653 1.63709 1.23265 1.58172 1.23371 1.2993 1.38785 1.5746 0.905705 1.34713 1.81344 6.71575 72.213 109.37 137.159 160.696 181.292 198.119 213.622 226.377 235.61 245.382 252.04 241.236 192.547 181.527 198.393 199.762 187.749 185.541 178.07 179.415 177.831 177.702 176.786 182.054 191.011 200.999 215.101 251.459 271.743 269.012 260.076 251.679 242.355 227.722 214.28 196.558 177.21 157.755 132.27 104.741 70.3169 11.2492 -1.88078 -1.81074 
1.53313 0.947987 0.593894 1.20905 0.373839 0.460938 1.08134 1.43163 1.25088 1.53914 1.21192 1.96118 1.24317 1.68361 1.02139 0.990559 0.95318 1.72843 1.99674 0.798699 41.7422 93.0815 125.401 155.528 174.009 190.578 206.597 220.872 229.708 240.678 249.095 242.808 195.213 181.197 186.109 189.424 183.821 183.963 178.306 176.076 177.898 177.185 180.892 186.034 192.158 202.054 214.145 248.07 271.1 266.876 258.517 249.729 240.31 226.7 211.042 192.18 171.965 148.174 121.481 90.0022 41.2459 -2.48124 -1.88378 -1.94819 
0.996432 1.1667 0.597928 0.431249 1.45355 0.517419 0.90271 1.74721 0.532045 0.648831 1.08639 0.971152 0.90164 1.09525 0.749544 1.08779 1.65018 1.4936 1.86403 3.24976 8.06787 71.3373 108.255 135.807 159.491 177.392 194.933 206.171 217.257 227.639 237.244 234.443 188.195 178.773 178.306 174.954 173.195 174.624 176.117 170.169 173.728 178.961 183.228 186.429 190.196 197.943 209.975 243.74 265.78 259.275 252.95 241.275 229.999 216.459 199.282 181.164 157.727 132.966 100.532 60.5684 1.7982 -1.077 -1.28188 -2.38847 
0.649965 1.07856 0.199057 0.884865 1.32731 1.31018 0.907585 1.09321 1.4909 0.919701 0.809567 1.67853 0.903403 1.36806 1.14019 0.880114 1.40727 1.47312 1.78011 2.72897 2.5799 33.8833 86.7759 115.587 140.037 160.866 178.667 190.188 201.41 210.489 220.409 222.165 174.2 163.75 162.429 159.702 159.656 157.898 158.103 159.24 158.962 162.777 165.552 169.592 176.713 184.526 194.132 213.677 254.656 241.027 233.949 220.683 209.149 197.443 180.709 161.122 136.706 108.04 67.5234 9.15728 -0.414435 -1.09021 -1.70419 -2.18024 
1.09657 1.72662 1.27485 0.783992 1.224 1.34053 1.0951 0.379815 0.864997 1.57262 1.61068 1.74632 0.750204 0.972765 1.23166 1.14586 1.32092 1.1194 1.95334 2.70795 3.19673 18.2135 75.4715 106.576 132.559 152.874 170.196 182.156 192.655 201.393 212.903 211.598 164.493 150.459 145.802 143.763 144.186 143.792 142.346 141.621 142.551 144.609 146.872 150.39 154.487 163.773 175.025 189.452 230.083 218.24 208.083 194.355 183.432 172.867 156.423 137.426 111.527 80.8028 27.6712 1.16486 0.238795 -0.910498 -1.49396 -1.87207 
0.64042 1.01975 1.59657 1.20729 1.24328 1.31275 0.495035 1.32329 1.34976 1.16964 0.960011 1.39761 1.12156 0.477614 1.15807 1.16895 0.463213 1.46674 1.80253 2.71297 3.08195 19.4226 73.8614 105.55 131.842 152.688 169.596 179.093 191.761 200.16 210.076 210.935 162.769 148.173 140.873 135.996 130.008 128.766 128.818 128.394 128.714 129.73 131.548 134.968 139.837 149.235 160.561 174.628 219.668 204.506 199.741 186.806 174.506 168.542 152.959 133.275 110.109 79.4015 26.5732 0.573322 -0.796036 -1.22228 -1.74396 -1.60974 
1.31668 0.766524 0.790656 1.1844 0.743226 1.14496 1.42198 1.05533 0.894686 1.76124 0.514709 0.927639 0.692267 1.56733 1.09265 1.48917 1.24072 0.56298 1.3583 1.77195 3.14396 16.528 72.4581 104.351 129.748 151.343 169.125 179.031 190.974 200.555 208.816 209.242 161.128 147.172 140.224 135.297 130.588 129.695 128.537 126.588 127.132 129.132 131.743 135.158 139.105 146.59 158.402 175.116 216.715 205.426 197.444 184.598 171.387 169.261 151.823 132.658 108.343 78.8955 30.9546 0.388133 -0.90379 -1.65217 -1.72018 -1.82791 
1.33818 1.36816 0.661789 0.589381 1.16087 0.942673 1.41421 0.888966 0.941413 1.39169 1.05831 0.308373 0.747498 1.04166 1.4875 1.49942 1.37223 1.3073 1.47486 1.68011 3.31883 15.0118 72.3547 104.677 130.907 151.076 168.021 179.501 189.646 200.629 207.739 208.23 160.578 148.612 141.063 133.438 131.986 128.234 127.362 126.042 126.522 128.892 131.996 133.122 139.055 146.218 156.962 174.401 216.408 204.204 197.143 183.017 173.379 168.256 151.904 133.577 108.722 78.8411 29.0177 -0.502231 -1.35308 -2.20685 -2.11034 -2.16327 
0.971206 0.985905 1.28902 1.14905 1.36716 1.18915 0.707482 1.39761 0.581188 0.954152 1.08154 1.02977 1.34763 1.27643 1.83102 0.720142 1.66107 1.20636 0.939635 1.43473 2.86875 15.7437 71.2531 103.097 130.175 150.778 167.337 176.368 187.73 197.623 207.103 207.739 160.363 148.354 139.905 134.703 129.628 128.418 125.881 125.169 125.642 126.975 130.395 134.196 138.928 145.057 156.578 173.199 215.572 204.316 195.676 183.404 172.917 167.427 151.884 134.191 109.981 80.6471 31.5392 -0.571559 -1.47167 -2.05684 -2.22283 -2.06315 
0.950734 0.422396 0.660125 1.75454 0.647978 1.17898 0.547113 1.00412 1.52252 0.412476 -0.560793 1.13549 1.18855 1.24539 0.727782 1.19289 1.28133 1.30248 0.970056 1.35357 2.45522 13.416 70.9022 102.407 129.242 150.406 167.856 176.256 187.262 196.852 205.84 206.278 160.206 147.807 139.004 134.363 131.195 127.629 125.802 124.749 125.452 126.166 129.489 132.205 136.998 144.273 154.761 172.097 210.943 206.59 195.952 183.974 171.014 168.33 153.344 133.207 109.343 80.9117 35.1809 -1.18595 -1.17863 -2.65899 -2.43806 -1.87438 
1.39948 1.11375 0.869975 0.96668 0.903086 0.488466 1.12148 1.32831 1.10947 0.977015 0.750486 1.37934 0.888407 1.17455 1.69148 0.927689 0.762286 1.47994 1.38186 1.44258 2.30108 9.98386 66.0285 99.4076 126.036 147.722 166.764 176.378 186.259 195.972 205.849 210.343 162.912 148.4 140.5 134.57 129.093 126.929 125.59 124.387 125.558 124.51 130.027 130.39 136.033 142.613 152.225 168.254 204.749 206.52 198.024 184.701 169.495 171.814 154.22 136.131 112.835 86.2953 46.2313 -1.53489 -1.79496 -2.08667 -1.88327 -1.84404 
0.932072 0.738341 0.523989 0.220313 1.25836 1.50819 0.422586 0.702362 2.08003 1.07723 0.870857 0.963705 1.0116 0.90519 1.0957 1.22471 1.11998 1.77885 1.01201 1.72722 2.49561 8.5098 65.3058 99.3998 126.963 148.961 166.254 175.217 185.83 194.206 203.964 207.905 161.868 147.484 140.147 133.598 129.053 127.767 125.785 123.475 124.763 125.816 129.401 131.226 134.887 142.526 151.835 167.815 205.017 205.744 196.63 185.954 170.142 171.892 155.081 136.455 112.949 84.8751 45.5763 -2.33704 -1.33095 -2.11831 -1.75893 -2.06856 
0.833623 1.056 0.924597 0.746711 0.640502 1.20312 1.24048 1.09639 0.449545 1.44666 1.13035 1.28041 1.10076 1.5303 1.02292 0.697018 0.72698 1.16292 1.31024 1.27056 2.54308 8.7715 65.4922 98.6357 125.83 148.277 164.76 175.815 184.232 193.577 204.057 210.119 163.447 147.823 139.599 132.931 128.277 126.893 124.458 123.367 123.302 124.587 127.551 130.869 134.904 140.989 152.437 165.923 202.557 204.841 197.447 187.095 164.092 177.746 155.497 137.563 114.267 86.2692 46.4701 -2.87446 -0.908527 -1.57849 -1.95223 -1.69998 
0.607052 1.36945 0.916023 0.565614 0.737809 1.59678 1.62974 0.7473 0.639271 0.343905 0.966191 0.966655 1.04273 1.77336 0.776794 0.839678 0.993772 0.921277 0.845265 1.97132 2.43902 7.56364 63.6214 98.3747 125.085 147.116 165.441 175.735 184.94 194.208 203.405 208.24 162.213 146.936 143.103 142.867 129.275 127.022 124.015 122.727 122.19 124.66 127.076 130.551 134.73 140.349 150.396 166.111 201.936 206.377 198.47 187.03 162.094 179.898 155.289 137.942 115.146 88.1106 50.9327 -2.66648 -0.633239 -1.08672 -1.2315 -1.59319 
1.05437 1.09241 0.465367 0.879458 1.10232 0.428247 0.743676 1.10834 0.303091 1.19602 1.25655 1.02121 0.826114 1.08327 0.462955 1.12475 0.725654 0.819566 1.62586 1.87125 2.60505 6.91569 64.3825 98.4511 126.089 148.484 165.915 175.332 182.488 193.455 203.377 210.597 162.957 148.032 138.396 133.642 129.043 128.602 123.82 124.36 123.785 125.072 127.716 130.648 134.813 139.973 150.891 165.724 202.168 206.733 198.967 187.32 164.299 180.072 157.779 137.791 115.835 88.1125 51.4946 -2.31473 0.144115 -1.28672 -0.75555 -0.883289 
0.606253 1.09251 1.16772 0.497661 1.14137 1.26933 0.677348 0.869326 0.747929 0.87854 0.252716 0.362699 0.730852 0.573398 0.665206 1.07637 0.426608 1.77705 1.85393 1.98326 3.19917 7.05627 64.0738 98.2924 125.733 147.176 165.168 175.815 183.778 192.04 202.04 209.293 163.741 148.058 139.56 133.46 129.514 126.622 124.977 123.689 123.077 125.321 128.99 129.392 133.807 140.679 150.672 164.423 199.888 207.972 199.24 187.528 168.553 176.539 157.717 139.398 118.018 91.0034 55.6924 -2.44652 0.767317 0.443803 0.13095 -0.592722 
