-0.554899 -0.212451 -0.562425 -0.316408 -0.536026 -0.392739 -0.404833 -0.59895 -0.545794 -0.457686 -0.37067 0.00892369 -0.568785 -0.601067 -0.527111 -0.800178 -0.279667 -0.225961 0.591363 1.12724 56.5754 91.1069 119.461 141.317 159.436 169.149 178.63 191.037 199.088 208.683 172.272 152.842 141.54 134.963 130.004 127.815 126.464 125.3 125.984 127.592 130.045 132.327 137.044 145.117 156.196 170.015 204.127 206.453 197.913 187.029 177.262 173.069 157.724 140.58 116.797 87.9746 47.3155 -1.28359 -0.071996 -0.810131 -0.917832 -1.10486 -0.951042 -0.824686 
-0.45536 -0.425911 -0.635731 -0.287968 -0.500181 -0.792973 -0.443757 -0.559024 -0.761213 -0.770477 -0.759418 -0.442379 -0.679292 -0.385225 -0.277393 -0.690214 0.0267484 -0.189354 0.952546 -0.48991 56.7241 91.2145 118.93 141.39 158.911 168.641 178.35 191.081 198.56 208.071 170.948 152.522 140.857 135.423 130.233 127.83 127.26 125.238 125.658 129.328 130.47 133.638 138.282 146.586 155.98 170.192 205.987 204.633 198.368 187.461 176.013 172.699 158.16 139.613 116.462 88.5123 49.0698 -1.23523 -0.0850064 -0.820082 -0.717721 -0.976368 -0.770519 -0.790964 
-0.351457 -0.974517 -0.619539 -0.170006 -0.573658 -0.540959 -0.568957 -0.265237 -0.658407 -0.545574 -0.689107 -0.341474 -0.753975 -0.155123 -0.682005 -0.51863 -0.329718 -0.136309 0.919477 -0.412028 56.1413 91.4542 119.986 141.835 159.134 168.56 179.849 192.215 199.187 208.895 171.358 152.944 140.529 135.129 130.238 128.322 125.686 124.978 126.608 128.169 129.954 133.016 138.542 147.304 155.953 169.458 205.708 205.187 199.65 186.618 175.594 173.679 158.45 140.772 116.111 89.0172 49.3717 -1.93396 -0.0732794 -0.591344 -0.58027 -0.901205 -0.66532 -0.92093 
-0.666351 -1.15788 -0.414011 -0.459577 -0.49619 -0.503676 -0.606846 -0.702715 -0.565469 -0.786487 -0.37539 -0.418163 -0.330718 -0.581816 -0.461335 -0.910257 -0.32425 0.241919 0.671747 0.0555039 56.5875 90.8956 118.83 141.303 159.286 167.805 179.814 190.631 196.077 208.159 171.082 153.543 148.171 135.412 131.307 128.269 127.74 126.399 126.639 129.154 130.442 133.965 139.53 146.748 156.701 171.347 207.083 205.164 198.906 188.983 177.9 174.243 158.471 140.062 117.346 88.9355 50.1413 -1.17519 0.295787 -0.735342 -0.956746 -0.864166 -1.25506 -1.19506 
-0.5438 -0.536872 -0.501695 -0.347295 -1.04229 -0.0011465 -0.675574 -0.0668172 -0.419914 -0.386993 -0.383343 -0.450169 -0.516259 -0.688875 -0.397431 -0.825952 -0.304472 -0.0994859 1.1571 -1.37258 54.9321 91.9244 120.21 141.659 159.816 170.994 178.54 191.024 199.228 211.584 171.71 154.758 143.372 136.697 131.512 129.669 125.96 127.19 127.526 128.578 131.704 133.483 139.647 146.956 156.441 172.523 207.529 204.907 197.706 190.109 176.013 174.05 158.83 141.003 118.241 90.4316 51.7641 -0.977737 0.645213 -0.242865 -0.56731 -0.832684 -0.421616 -0.836504 
-0.654336 -0.687899 -0.124684 -0.717049 -0.974771 -0.417434 -0.498898 -0.481641 -0.431303 -0.231277 -0.139654 -0.518124 -0.81518 -0.678411 -0.299581 -0.608001 -0.017414 0.130143 1.28899 0.0283004 56.1653 91.7092 119.901 141.899 159.921 171.212 179.339 192.079 200.575 212.402 172.184 155.292 145.305 137.776 131.644 128.913 127.575 127.26 127.98 128.621 131.481 134.653 139.376 147.382 157.355 172.564 207.603 206.957 198.797 190.045 176.544 174.065 159.66 141.695 119.498 90.852 52.932 -0.979091 1.11017 -0.307062 -0.645984 -0.58665 -0.809047 -0.79029 
-0.494373 -0.468404 -0.536969 -0.25918 -0.532491 -0.396891 -0.41543 -0.603386 -0.595374 -0.1418 -0.607462 -0.646352 -0.62932 -0.418065 -0.55121 -0.392734 -0.355701 0.137177 1.56808 0.833505 49.8736 89.511 117.365 140.292 158.661 172.545 177.005 192.55 199.52 209.023 179.28 158.054 143.321 137.344 133.076 130.718 128.526 127.471 128.675 130.135 132.006 135.233 141.531 147.917 156.979 171.397 204.607 210.677 201.712 192.009 179.29 178.06 162.347 144.337 123.275 96.404 59.6785 1.80429 1.72353 0.706841 -0.144174 -0.321114 -0.93871 -0.736474 
-0.344452 -0.441822 -0.811729 -0.439656 -0.624145 -0.331821 -0.544038 -0.203374 -0.428082 -0.432593 -0.365948 -0.526346 -0.543641 -0.517646 -0.229213 -0.488993 0.027053 0.776254 1.51676 1.02837 45.2017 88.48 117.33 140.813 158.607 173.563 178.95 192.915 202.015 207.458 187.202 160.14 144.709 137.989 134.562 131.067 129.975 129.653 128.786 131.392 132.757 136.126 140.559 147.384 156.917 173.4 205.072 210.24 202.576 192.756 183.276 177.26 164.671 146.619 124.144 97.7573 63.6971 4.36765 1.77369 0.78609 -0.515685 -0.301139 -0.628809 -0.695707 
-0.613185 -0.880447 -0.480006 -0.667669 -0.67739 -0.548773 -0.376104 -0.714935 -0.526937 -0.306938 -0.341529 -0.607222 -0.624189 -0.655477 -0.31748 -0.161185 0.504811 0.649746 2.0369 1.41726 48.3912 89.3588 117.826 141.073 159.26 173.16 179.84 194.283 200.368 206.426 186.905 160.565 143.431 138.32 133.572 131.757 129.436 129.353 128.779 130.824 133.48 134.75 140.578 148.047 158.196 173.522 206.893 211.029 204.948 193.421 183.754 180.002 165.09 147.333 125.918 98.3985 61.2035 3.21662 1.94965 0.685096 -0.0449969 -0.487093 -0.889959 -0.467826 
-0.519109 -0.840293 -0.602903 -0.589992 -0.224146 -0.365213 -0.289865 -0.260542 -0.593819 -0.817883 -0.1939 -0.384147 -0.390746 -0.892303 -0.640976 -0.306473 0.225541 0.959616 1.62179 -0.155295 42.1872 88.3677 117.541 141.283 160.653 175.326 182.708 197.116 203.761 210.604 190.548 163.246 147.753 141.423 136.516 133.208 132.793 131.797 132.043 134.123 137.78 143.065 148.213 155.477 166.048 180.035 216.033 219.007 215.347 203.578 194.528 188.4 174.892 160.237 141.25 115.725 87.0562 38.7005 0.855783 0.513415 -0.116733 -0.566767 -0.815733 -0.65315 
-0.65766 -0.587099 -0.59713 -0.719767 -0.320038 -0.887675 -0.611419 -0.257489 -0.894219 -0.842526 -0.341165 -0.750389 -0.392935 -0.571812 -0.280678 -0.459885 0.219857 0.929294 0.832341 45.315 92.3303 118.825 142.742 164.783 182.393 194.018 200.76 212.942 219.868 226.108 207.391 177.934 161.79 156.015 152.036 147.801 146.836 146.219 146.209 149.293 151.784 155.685 160.777 167.45 179.372 192.79 230.558 235.59 230.843 224.699 220.035 212.042 202.043 191.855 176.651 159.598 129.899 94.0961 38.2768 9.94695 -0.533201 -0.344511 -0.652479 -0.678411 
-0.479129 -0.393661 -0.693481 -0.671862 -0.841262 -0.497903 -0.104582 -0.45886 -0.603136 -0.227732 -0.605441 -0.612943 -0.367994 -0.39145 -0.466002 0.0692472 0.073609 1.00917 11.5834 72.4721 111.469 142.76 165.037 190.051 206.123 217.756 226.907 235.93 243.324 247.861 226.775 191.728 173.573 165.472 161.783 159.058 157.389 156.657 156.048 158.085 161.328 167.1 172.29 179.577 189.986 205.145 242.345 250.76 248.475 239.489 230.093 219.982 205.44 195.958 184.074 167.825 150.592 111.555 88.0634 58.7768 7.09168 -0.873438 -0.82546 -0.74579 
-0.72577 -0.624892 -0.408288 -0.118705 -0.4635 -0.692292 -0.571058 -0.609993 -0.211505 -0.615558 -0.502347 -0.494993 -0.683063 -0.2253 -0.27938 0.0378615 0.338137 4.78135 58.4442 101.927 137.678 156.48 172.18 192.393 210.387 222.672 233.817 242.672 249.869 254.864 233.864 198.639 175.631 172.77 172.433 173.264 171.606 170.916 171.981 173.46 176.534 180.262 184.595 192.046 202.054 216.78 257.464 268.727 262.173 253.385 245.773 235.21 221.163 209.231 197.123 181.492 166.067 144.345 110.201 77.0554 22.7906 -0.338194 -0.904493 -0.456933 
-0.496378 -0.78213 -0.469652 -0.651133 -0.871491 -0.360189 -0.460531 -0.406697 -0.625886 -0.19324 -0.719258 -0.553484 -0.685427 -0.278173 -0.166128 -0.174601 -0.331865 26.3795 79.0441 123.583 148.019 161.503 179.885 200.062 216.196 229.856 242.848 250.107 256.289 263.739 232.917 188.921 175.698 172.795 181.157 177.353 175.929 175.846 176.414 177.267 179.387 183.594 186.723 194.128 204.516 217.493 255.771 271.932 263.511 257.83 249.359 238.134 224.438 208.255 196.654 185.303 170.366 148.387 116.99 82.3724 23.0923 -0.211586 -0.929815 -0.434177 
-0.501473 -0.928395 -0.284562 -0.591554 -0.706566 -0.271885 -0.618183 -0.489827 -0.706297 -0.322787 -0.426423 -0.713301 -0.271738 -0.292661 -0.192829 -0.202849 0.00548083 26.1641 84.5107 127.127 149.599 163.685 181.779 201.378 217.56 230.947 240.965 249.137 257.458 248.056 221.552 186.662 172.683 169.643 167.005 173.195 177.24 177.038 175.116 177.347 176.262 174.707 178.179 182.061 190.264 202.945 236.069 252.788 245.206 234.836 225.085 212.322 198.024 182.605 166.718 148.31 123.71 83.4017 29.1079 16.3458 3.54501 2.8224 0.811864 -0.289134 
-0.869245 -0.898257 -0.691403 -0.142724 -0.330126 -0.511363 -0.585667 -0.582999 -0.463907 -0.621004 -0.445365 -0.402135 -0.423692 -0.533501 -0.280368 -0.10516 0.13474 8.08273 54.5801 75.3424 106.598 136.287 158.01 176.125 188.596 202.371 210.878 220.543 208.275 199.219 183.358 151.516 137.995 132.667 128.329 124.977 121.856 127.451 132.424 133.867 131.626 134.692 139.726 146.355 155.939 169.373 201.007 216.194 208.963 201.349 192.052 177.884 163.364 147.583 123.775 96.0872 58.5645 8.3831 2.59454 1.98557 1.15288 0.8944 0.463426 1.06401 
-0.75913 -0.563924 -0.913411 -0.509288 -0.718626 -0.536805 -0.567221 -0.632377 -0.403692 -0.521532 -0.820835 -0.264857 -0.607806 -0.490688 -0.401173 -0.673149 0.174652 0.641342 4.73768 11.9341 7.1917 51.0069 90.2881 117.679 138.75 155.62 168.247 169.329 154.459 157.842 151.72 123.029 112.562 108.933 106.765 104.645 103.605 104.128 106.705 111.015 120.137 127.153 131.122 137.055 145.458 158.724 187.64 205.516 199.655 190.928 179.643 168.794 154.096 132.097 108.62 80.1916 23.6256 3.66335 1.48644 1.52997 0.565164 0.462177 0.368702 0.482443 
-0.40365 -0.18306 -0.629337 -0.714322 -0.551389 -0.528835 -0.720239 -0.20032 -0.520234 -0.631728 -0.377628 -0.453868 -0.709738 0.0605677 -0.338017 0.0321693 0.445077 0.455782 1.19985 6.96786 5.96495 33.974 80.9326 109.698 133.877 152.622 168.418 145.548 137.891 144.555 147.312 120.281 109.409 105.063 101.23 99.2609 99.7585 99.9872 101.476 102.885 107.151 112.827 127.935 135.04 143.047 154.988 183.87 204.708 197.879 188.628 178.013 166.256 152.549 131.339 109.046 77.855 23.6528 3.39942 2.05277 1.19839 1.28603 0.690258 1.57067 0.689314 
-0.464963 -0.558828 -0.778663 -0.693156 -0.204917 -0.782422 -0.637573 -0.322539 -0.860737 -0.601864 -0.398372 -0.306841 -0.619076 -0.704508 -0.0938948 -0.137203 -0.481986 0.157134 0.853514 5.60861 5.17473 28.9534 77.0561 106.779 132.062 149.567 159.873 130.584 126.106 134.146 146.405 118.692 106.435 102.503 99.366 97.6323 96.775 96.1205 98.5489 99.8005 102.853 106.459 110.978 127.157 142.904 153.079 180.483 204.164 196.103 187.788 176.972 164.4 150.481 130.245 107.47 77.1232 22.5674 2.55591 1.35087 0.996305 1.14663 0.50891 1.22534 0.0117249 
-0.177193 -0.492641 -0.740539 -0.593547 -0.113114 -0.621061 -0.385711 -0.223732 -0.111253 -0.308285 -0.372115 -0.659883 -0.451616 -0.414652 -0.487908 -0.0346658 0.384046 0.0272286 0.454829 4.03651 6.07481 23.9788 73.387 104.34 128.848 148.83 154.625 123.99 116.9 122.034 145.577 116.906 108.867 99.864 97.3158 96.6692 95.5529 95.0735 95.7155 96.9357 99.4314 101.757 106.706 114.243 133.34 150.675 174.065 203.622 195.361 187.349 175.868 163.246 149.224 129.681 106.295 76.6197 21.7758 2.9266 1.75046 1.00415 0.627554 0.5461 0.473816 0.908091 
-0.621461 -0.726923 -0.822104 -0.430593 -0.914324 -1.28684 -0.495614 -0.338643 -0.6465 -0.516544 -0.333759 -0.605892 -0.68944 -0.785544 -0.642773 -0.429272 -0.639738 -0.400936 -0.243536 -0.502245 10.499 19.74 70.4337 101.13 127.996 147.536 151.526 119.83 112.233 111.471 148.647 116.76 104.133 100.399 97.2338 95.6329 94.5557 93.2141 95.2037 95.2287 97.4568 100.603 103.771 110.518 120.966 147.396 166.464 206.74 195.168 186.11 175.91 163.595 149.992 128.604 104.939 75.8284 21.5523 2.77294 1.03413 0.574191 0.968926 1.3972 1.37631 1.544 
-0.422511 -0.690451 -0.79742 -0.645653 -0.815372 -0.995064 -0.72314 -0.401826 -0.441714 -0.713588 -0.652682 -0.546659 -0.444513 -0.430363 -0.402893 -0.16901 -0.537462 -0.354 -0.267284 0.202104 9.02633 16.8345 67.9111 100.013 127.083 147.652 153.797 118.84 109.635 104.853 149.27 117.917 105.355 100.004 97.5717 95.1748 93.8503 93.649 94.1478 94.3919 95.8941 98.3621 102.975 107.984 116.878 137.888 163.737 205.412 194.031 185.147 174.993 161.683 149.903 129.463 106.537 77.2462 21.9219 2.48488 1.41039 0.701408 1.86176 1.21914 1.1829 1.31768 
-0.75928 -0.374441 -0.51709 -0.213358 -0.33403 -0.721687 -0.52554 -0.420473 -0.387003 -0.582602 -0.517116 -0.49058 -0.255041 -0.634113 -0.146481 -0.613305 -0.603936 -0.484054 -0.171721 0.483509 9.73961 14.4463 66.3106 98.098 125.797 149.764 156.867 120.244 109.523 103.204 147.326 119.951 106.335 101.493 97.6292 95.1682 93.5985 92.6419 93.2629 93.749 96.0356 98.7711 101.687 106.618 115.57 129.134 165.267 203.178 194.021 186.314 174.969 160.424 150.009 129.973 105.57 76.6132 23.1118 2.96871 2.07246 1.58841 1.70472 1.85235 1.67379 2.02046 
-0.498753 -0.0357359 -0.314599 -0.71141 -0.578397 -0.548574 -0.905827 -0.358883 -0.227846 -0.546528 -0.451817 -0.83898 -0.851205 -0.0454218 0.0328877 -0.0418039 -0.210365 0.0156395 -0.0524526 0.383415 8.29966 10.3568 60.4785 95.0899 120.807 149.419 156.843 127.992 111.872 106.567 141.889 121.528 107.202 102.413 98.5544 95.9172 94.335 93.2698 93.0071 94.956 95.5262 98.9427 101.084 105.791 112.999 125.181 157.994 196.985 194.259 186.259 176.686 163.601 150.548 132.683 109.543 81.1874 29.672 3.56588 2.8405 2.19158 2.43094 2.56734 2.51422 2.70861 
-0.264974 0.0165667 -0.318601 -0.791743 -0.410933 -0.909235 -0.725446 -0.571763 -0.263797 -0.294641 -0.431451 -0.437633 -0.525723 -0.320035 0.442597 0.0247134 -0.332114 -0.46185 -0.407069 0.395225 1.55747 11.3051 56.7119 92.8164 119.977 149.336 153.816 140.148 114.637 109.223 141.001 124.669 108.361 103.354 99.107 96.6759 94.9641 95.0221 93.9211 94.198 95.3864 98.847 102.262 105.984 112.893 125.084 155.604 195.465 195.953 187.686 176.987 164.139 150.49 134.307 110.243 82.8858 32.0939 3.67965 2.32785 2.20081 1.98489 2.20116 2.51487 2.1475 
-0.775316 -0.855154 -0.667 -1.09213 -0.820564 -0.503298 -0.800362 -0.35797 -0.396372 -0.37934 -0.399573 -0.528344 -0.688552 -0.11917 -0.507655 -0.35242 -0.371466 -0.127394 -0.502347 0.191133 -1.2679 10.8814 55.6445 90.9644 122.448 145.735 153.406 148.968 119.279 112.15 137.695 131.385 110.975 104.902 100.103 98.4597 96.239 95.3143 94.8065 95.523 96.4875 99.5624 101.786 106.365 112.613 124.497 153.537 193.214 194.185 187.38 176.839 165.386 150.129 135.801 111.308 83.6107 33.3668 3.62436 3.07591 2.0065 1.93225 2.33083 2.01445 1.72796 
-0.201965 0.0492675 -0.399678 -0.675824 -0.883666 -0.96264 -0.680951 -0.635449 -0.449143 -0.252347 -0.700158 -0.486195 -0.630108 -0.240382 -0.48488 0.0569707 -0.611153 -0.479213 -0.280582 -0.273068 -0.16781 8.44217 53.4364 90.1581 121.233 145.318 153.796 157.443 124.788 116.471 136.759 137.57 112.725 105.002 102.014 100.162 96.4117 95.7916 96.1637 96.447 98.5258 100.068 103.246 107.416 112.973 125.809 151.457 190.613 194.97 187.995 177.308 164.515 150.979 135.43 111.432 83.6078 34.0506 3.58576 2.24886 1.9085 2.09042 1.50982 1.85652 2.21704 
-0.530389 -0.601381 -0.854235 -0.602958 -0.414123 -0.724055 -0.436676 -0.898121 -0.635876 -0.490971 -0.488723 -0.389676 -0.486622 -0.587626 -0.383375 -0.376043 -0.620786 -0.625654 -0.624578 -0.00969297 0.509642 7.71522 50.554 89.2482 117.771 141.57 152.992 166.344 131.619 121.608 139.377 141.287 115.087 107.305 103.13 99.8591 98.9913 96.5611 97.3425 97.5956 98.9761 102.025 103.478 108.147 115.861 128.415 153.385 189.236 194.135 187.052 176.877 165.118 152.647 134.376 112.621 84.5259 34.7507 3.06751 2.58038 1.53537 1.75497 1.98201 1.79048 1.58459 
-0.675787 -0.935082 -1.04487 -0.54232 -0.767737 -0.823223 -1.06543 -0.33605 -0.65813 -0.5679 -0.573498 -0.707446 -0.152169 -0.50168 -0.941802 -0.111978 -0.654087 -0.438479 -0.338835 -0.234111 0.783283 5.94317 49.3394 89.5435 116.585 142.795 152.295 164.985 149.912 127.921 143.978 146.654 117.188 109.93 105.37 102.256 100.213 98.4856 98.8903 99.976 101.18 103.428 105.789 110.87 118.954 133.871 154.057 186.382 195.393 187.857 177.868 165.261 152.527 135.64 112.824 85.7664 36.0856 2.82152 1.88895 1.64499 1.90817 1.77104 1.80952 1.36071 
-0.958003 -0.424525 -0.351406 -0.607568 -0.755848 -0.750442 -0.574536 -0.706526 -0.814798 -0.785466 -0.169654 -0.759995 -0.577695 -0.353673 -0.570292 -0.466162 -0.642556 -0.575957 -1.06972 0.208809 0.675936 8.64289 44.8608 86.7871 114.745 140.392 152.294 165.684 169.741 137.801 150.695 150.718 120.431 113.095 107.434 103.588 101.998 100.788 99.8246 101.076 102.774 105.044 108.34 113.545 122.783 138.586 150.762 184.158 195.178 187.559 177.498 166.07 153.565 136.075 113.507 85.5542 37.8249 2.89204 2.15882 1.64012 1.50043 1.65254 2.15194 1.55059 
-0.824326 -0.519143 -0.431196 -0.723405 -0.231026 -0.332598 -0.48533 -0.627453 -0.858681 -0.810392 -0.314225 -0.925607 -0.254827 -0.487633 -0.82248 -0.526205 -0.422972 -0.40181 -0.573312 -0.188437 0.241615 12.7354 43.1022 86.9563 114.091 138.189 152.3 164.383 175.719 164.695 161.829 158.549 126.266 115.118 110.534 107 104.915 102.539 104.448 105.146 106.652 108.988 112.371 121.132 129.829 138.921 151.511 181.465 195.474 187.578 178.484 166.108 154.249 135.828 113.753 85.5253 39.8262 2.51934 1.85647 1.14603 1.97142 1.33311 1.47523 1.19083 
-0.782079 -0.550365 -1.58938 -0.253489 -0.704784 -0.243469 -0.677145 -0.506253 -0.724509 -0.626334 -0.622258 -0.663036 -0.476002 -0.773942 -1.05486 -0.697879 -0.711258 -0.694761 -0.673445 -0.243843 2.36258 10.9122 39.8013 85.1304 114.387 136.465 152.537 165.043 176.093 185.386 183.151 169.811 135.471 123.161 115.283 111.954 110.645 108.789 109.282 110.41 113.437 117.002 121.3 125.709 129.632 137.923 149.46 178.657 195.055 187.948 178.13 166.78 153.646 136.05 114.169 86.8192 41.8887 2.26177 2.62371 1.85732 2.2225 2.22335 1.97058 1.45343 
0.0597075 -0.317049 -0.140725 0.0203118 -0.251002 -0.114845 -0.0273636 0.216472 -0.203289 0.0239883 -0.0136683 -0.00518295 0.397141 -0.016625 0.588584 0.0572084 0.201508 0.417927 0.31412 1.21043 4.37199 9.64667 35.8155 84.3569 117.926 132.145 152.323 166.175 178.602 186.373 194.49 190.468 148.732 135.927 129.418 124.33 120.519 117.183 116.881 116.537 117.615 119.083 120.924 124.475 129.092 136.933 148.84 175.892 195.541 188.545 178.909 166.851 155.022 136.558 115.793 89.6147 46.4537 3.23765 3.8562 2.75807 2.84846 3.18117 2.96819 2.94358 
0.657374 -0.0997697 0.120803 -0.182431 -0.0553222 -0.0816941 0.420173 0.408986 0.0650788 0.452695 0.255827 -0.17453 -0.395886 0.169366 0.229469 0.0650609 0.152673 0.118489 0.0593892 1.97826 3.4495 9.36691 33.5658 82.6173 114.261 133.428 153.328 165.786 177.631 189.23 195.574 195.403 149.163 136.526 130.557 124.846 121.094 118.483 117.3 117.135 118.852 118.644 120.385 124.434 129.256 137.2 148.379 171.82 197.903 188.995 179.378 168.013 154.618 137.42 117.276 89.3276 48.4593 2.6453 3.38338 3.12882 3.12474 2.55844 2.65642 2.49467 
-0.0695908 -0.0934148 -0.110941 0.296472 -0.0876579 0.232881 0.0440595 -0.290547 0.052731 0.573825 0.0316301 0.0422088 0.0925184 -0.0188895 0.0079018 0.392044 0.124421 0.365068 0.196396 1.15983 3.40532 7.74336 33.2899 79.6246 115.678 132.44 152.241 165.505 177.364 189.149 195.489 197.178 150.248 138.693 130.243 124.884 121.457 118.804 117.487 116.977 117.834 120.135 121.44 124.519 130.116 136.605 147.235 165.586 202.078 188.964 179.011 167.91 155.668 139.364 116.991 90.6325 51.3962 1.89988 3.27591 2.72317 2.48685 2.75152 2.85896 2.87437 
0.551709 0.604655 0.314374 0.489094 -0.261712 0.30645 -0.406451 0.156499 -0.114726 -0.281712 -0.223811 0.490267 -0.319944 -0.0969788 -0.209036 -0.000621734 -0.0741333 0.625869 0.20062 2.2795 3.57996 6.5278 32.253 88.719 106.26 131.272 152.25 164.237 177.782 188.774 195.376 201.107 153.42 139.289 131.969 125.145 122.222 119.25 117.285 117.086 118.126 118.555 121.897 124.628 129.757 136.625 146.787 162.113 201.51 188.557 180.409 168.65 157.263 139.648 117.4 91.5126 55.2059 0.940389 3.14883 2.47087 2.06192 1.94148 2.06764 2.66768 
-0.119981 0.302517 0.0585679 -0.358595 -0.329164 0.0895107 0.275238 -0.235506 -0.0545338 -0.244765 0.266644 0.0264124 0.518763 0.1556 0.140141 0.151256 0.206674 0.810361 0.485693 1.58607 3.91557 3.33219 34.404 81.4975 106.684 130.696 152.013 165.563 177.332 189.087 196.386 202.752 152.627 140.728 131.899 125.302 122.881 119.566 118.232 117.969 118.115 119.622 121.95 124.11 128.331 135.608 145.871 162.909 199.847 191.169 180.451 169.095 156.893 139.416 119.329 92.3131 57.5817 0.71544 3.77882 2.4327 2.26931 2.7108 2.48933 2.73674 
0.0629653 0.292255 -0.541375 0.384565 -0.286579 -0.0341498 0.07949 0.418988 -0.152757 0.0986429 -0.211786 -0.0905113 -0.208706 0.508943 0.118907 -0.0754229 0.236797 0.444503 0.381637 0.825925 4.32054 3.01235 39.3644 74.8872 105.575 131.012 152.312 165.046 176.1 187.485 196.044 204.512 153.99 141.212 132.354 126.44 123.2 121.038 118.181 117.693 118.581 119.234 121.5 124.088 139.049 135.025 145.585 160.639 198.793 189.455 181.103 170.053 156.306 140.245 119.411 93.3353 59.5585 1.1386 3.32787 2.25144 2.6288 2.26174 2.7171 2.85933 
0.413026 -0.655137 0.0798363 0.0691327 -0.00392654 0.0770594 -0.125511 0.757157 0.433834 0.0126023 0.317996 0.233305 -0.118768 0.196226 0.267384 -0.128437 0.111835 0.126965 0.292263 1.38936 3.31329 5.05256 37.0397 75.2324 104.355 130.214 151.668 165.077 176.473 187.742 195.507 202.968 155.548 142.084 133.216 127.212 123.579 120.778 118.359 117.915 118.043 118.829 120.662 123.893 128.206 134.69 145.178 159.735 196.545 189.704 180.819 169.987 157.985 140.729 121.05 94.8921 60.8847 2.96791 2.96772 2.73843 2.53804 2.40536 2.54965 2.80956 
-0.141658 0.231254 0.423166 0.0362989 0.496433 0.113928 -0.514641 -0.323564 0.0496955 -0.288825 0.202558 0.283758 0.998414 -0.0781903 0.133473 0.12916 0.160158 0.314892 0.22791 2.60414 6.19226 13.1278 25.5366 73.6061 104.511 129.719 150.956 164.908 177.254 188.722 196.713 201.292 158.222 144.159 132.775 127.57 123.263 121.915 118.475 118.161 118.401 119.815 121.315 124.241 128.182 134.195 144.155 157.669 194.78 190.165 181.946 170.356 160.422 142.056 121.87 96.4235 62.9322 4.66675 4.25364 2.93576 3.00724 3.2213 2.73664 2.73719 
0.690626 -0.0640182 -0.102838 0.0185626 0.120978 0.282797 -0.227865 0.0409066 0.785423 -0.0570247 -0.0605093 -0.0468352 -0.354844 0.453654 -0.433103 0.442505 0.415739 0.833437 0.878327 2.99084 7.0685 5.82754 24.1014 71.4746 102.334 127.923 150.592 165.494 178.795 188.621 196.026 201.186 163.384 145.94 135.86 128.579 124.396 121.337 119.602 118.901 118.617 119.33 121.769 123.315 128.979 133.481 142.641 157.261 192.053 190.433 183.854 171.415 160.646 145.306 124.574 100.193 67.9863 9.32292 4.93768 3.7525 3.05012 3.3058 2.97446 3.24869 
0.504465 -0.0401513 -0.0705528 0.213325 0.625489 0.513249 -0.230741 0.339061 0.0767331 0.286717 0.41819 3.40938e-05 -0.12469 0.111832 0.194934 -0.0614335 0.421418 0.572996 3.15977 3.06881 5.98384 6.1522 19.8609 68.9136 100.866 125.987 149.197 164.61 176.275 187.582 195.886 202.915 167.945 146.48 136.158 129.572 125.089 121.517 119.778 119.141 119.907 119.108 120.564 123.59 127.127 133.22 140.93 154.029 188.192 192.767 183.51 172.678 161.511 147.129 127.435 103.244 73.3042 13.8021 5.38616 5.15222 4.13454 3.63917 3.49799 3.42633 
0.06408 0.214616 -0.00987525 0.102401 0.0972077 0.203325 -0.104399 -0.694351 0.409148 0.0672109 -0.629037 0.379655 0.566564 0.408783 -0.00649855 -0.269195 0.377291 -1.94265 5.51362 6.9364 2.09333 6.00454 18.6076 69.0848 100.599 125.138 149.601 165.268 178.415 187.608 196.629 201.019 170.218 147.971 136.908 129.272 124.804 122.193 120.359 118.913 117.981 120.002 120.814 122.964 126.48 132.291 140.282 151.879 183.564 192.155 184.852 174.751 162.618 148.343 130.232 105.51 75.016 17.4058 6.36388 5.54392 4.8412 4.12859 3.88562 3.55029 
0.32082 -0.024304 0.469006 0.213031 0.562845 0.241179 0.836671 0.564941 0.952344 0.792308 0.332183 -0.30909 0.0164157 0.198256 0.467634 -0.312776 0.404548 4.03821 11.6501 8.35827 5.04399 8.62533 16.5158 69.1153 101.376 126.851 148.92 164.384 177.224 187.133 195.252 202.861 170.034 148.325 138.213 131.306 126.488 121.503 120.273 118.751 119.517 119.365 121.008 123.817 127.108 131.629 139.88 151.797 181.808 193.578 185.754 175.801 162.346 149.293 131.461 108.582 76.7616 20.0713 6.76437 6.26507 5.42924 5.18954 4.34316 3.49822 
-0.39058 0.17531 -0.0890565 0.533855 0.124561 0.0790642 -0.615093 0.0620533 -0.0286651 0.524266 0.131424 -0.489279 0.41649 -0.0959499 0.643039 0.270507 0.0545177 13.8124 12.1565 4.69423 2.46511 5.76242 13.2362 69.6445 101.956 127.877 148.414 166.149 178.446 188.733 199.089 204.583 174.975 152.015 140.565 133.025 127.48 124.4 122.03 121.565 121.131 121.951 124.095 126.807 129.952 134.606 142.64 153.865 183.983 198.837 190.55 181.218 169.19 153.238 142.643 118.004 89.7245 46.1819 6.13788 5.53378 4.91992 5.49748 5.62579 5.8587 
0.316236 -0.570667 -0.385507 0.174991 0.0831521 0.310635 0.14677 0.236648 0.761104 -0.0586352 0.0676932 -0.130112 0.371729 0.929519 0.113665 -0.138306 -0.648919 11.5553 15.3656 12.6136 5.91463 9.13883 54.6298 94.4041 121.754 142.52 159.19 175.09 187.235 196.924 204.906 213.157 183.298 159.455 147.763 139.37 133.223 128.999 128.716 129.353 134.06 138.533 141.351 143.737 149.625 156.927 166.332 177.578 208.376 227.265 222.233 213.382 203.997 192.173 183.252 179.212 164.298 145.034 132.413 109.358 85.9828 53.183 12.2043 9.4647 
0.330017 0.0102929 -0.00857621 -0.347113 0.0587871 0.101365 -0.0306116 -0.223254 0.376527 0.115271 -0.307052 0.149788 0.521466 -0.317093 0.414101 0.38999 0.288545 4.53769 16.4243 19.3466 20.9411 31.0106 82.8726 118.536 142.046 154.275 173.815 189.071 202.282 215.959 229.065 237.16 211.227 188.701 178.362 171.387 168.671 167.236 166.527 164.982 165.415 165.349 168.439 171.272 175.753 181.663 190.845 203.07 231.344 255.249 249.748 240.536 229.619 219.187 209.215 206.029 200.801 193.625 178.532 153.274 127.214 93.0885 40.3903 -0.472319 
0.404788 0.179788 0.529234 0.102226 0.723846 0.470298 0.0665107 0.519709 0.0166816 -0.465064 0.462468 0.432749 -0.0260336 0.135455 0.298614 0.404418 0.152042 0.225167 8.68317 18.3981 19.3725 67.7123 107.396 137.108 156.336 171.749 194.515 211.654 223.057 235.224 244.103 251.935 224.689 199.257 188.457 180.253 175.888 172.654 170.499 169.921 170.119 172.609 172.078 176.772 181.7 187.629 196.435 207.891 238.763 263.901 258.896 251.864 240.757 231.456 216.534 211.95 202.744 195.034 183.333 151.694 117.19 88.4884 59.1103 6.18652 
0.45694 -0.0454072 0.192461 0.512737 0.948001 0.132182 -0.279603 0.1382 -0.215601 0.776647 0.399671 0.496826 0.1958 0.299855 0.18568 0.47881 0.151848 0.458431 0.195685 6.42027 23.0318 86.7783 118.986 143.683 157.475 175.797 194.984 211.698 225.692 237.108 247.701 256.311 229.639 203.249 192.855 183.073 178.673 176.485 173.023 174.03 172.484 173.41 174.275 176.793 181.778 187.806 195.551 207.471 235.155 263.582 257.534 250.896 242.435 232.112 221.048 212.411 199.743 190.053 175.369 136.928 115.969 90.4151 58.5684 4.59791 
0.181629 -0.0559763 -0.00601478 0.0390739 -0.38075 -0.347197 -0.391089 0.117183 0.18693 0.399641 0.290712 0.245776 0.326815 0.116419 -0.18985 0.398164 0.22343 0.72027 0.967847 0.538426 4.48464 82.798 117.972 144.129 155.004 173.665 192.479 209.044 223.577 234.677 244.465 253.086 229.203 203.313 190.409 181.591 177.39 173.544 171.358 169.653 168.068 167.66 168.437 172.377 174.303 180.434 187.965 200.685 226.334 257.91 248.34 243.344 234.098 227.816 216.812 206.4 195.218 181.975 160.681 136.998 110.453 80.2053 28.8878 0.772921 
-0.199955 0.0251601 -0.174398 -0.967824 0.278055 0.134626 0.0128722 0.606536 0.12373 -0.610939 0.0583953 -0.0643358 0.299982 0.018291 -0.313815 0.202702 0.516987 0.363715 0.716129 1.37606 1.53649 32.7013 110.34 135.335 152.855 168.348 190.168 204.562 219.776 227.98 239.838 248.84 227.616 200.473 186.257 177.337 169.925 166.13 162.398 160.508 158.254 160.305 159.464 161.724 165.238 170.357 177.853 190.262 208.481 246.324 237.445 229.228 220.787 214.389 205.145 195.262 183.48 167.801 146.694 124.672 89.4124 39.5354 1.37442 1.30543 
0.405429 0.890105 -0.202365 0.172193 0.15122 0.109654 0.197661 -0.0937962 0.344087 -0.0735008 -0.126108 0.289488 -0.0608566 0.0135814 -0.193048 -0.0469124 0.265449 0.341144 0.617739 1.33873 1.57531 1.0809 60.8102 121.268 142.854 162.253 183.655 199.205 210.893 220.963 231.764 239.574 219.238 189.605 175.814 165.829 159.272 153.814 149.687 149.825 146.262 144.661 144.934 147.353 150.363 154.841 162.466 173.827 189.815 227.169 218.673 211.228 202.221 194.861 184.44 173.216 160.528 141.07 112.233 81.8746 30.0663 1.93949 2.38011 1.6461 
0.246595 0.69967 -0.224137 -0.0414004 0.269301 -0.197332 0.411442 -0.526074 0.142835 0.504689 0.445109 0.338893 -0.153041 0.445985 0.124768 0.119742 0.265214 -0.0751513 0.742216 0.752805 1.64769 2.22899 9.67966 71.6307 116.593 146.523 171.162 186.386 196.731 205.698 218.928 222.622 210.227 177.233 162.608 154.237 147.104 141.34 138.688 136.098 133.764 134.217 135.552 135.982 138.783 145.775 153.017 163.907 178.881 218.077 210.101 201.889 190.887 181.678 174.012 158.493 138.701 116.403 87.2205 40.597 3.60684 3.16336 2.41976 1.0055 
0.535119 0.065636 0.429777 -0.755298 -0.115267 0.430455 0.0984809 0.229746 0.310451 0.351525 -0.187353 0.0898722 0.0710986 -0.369402 -0.0141182 0.0116227 0.14593 0.441849 0.23369 0.980398 1.34945 2.21698 6.68711 64.8897 100.193 125.556 146.475 164.508 179.623 186.279 199.119 205.307 197.55 166.098 152.831 143.923 138.4 135.7 132.695 130.932 131.609 130.437 132.206 134.354 138.786 143.171 150.265 161.706 177.288 213.597 208.837 200.08 190.373 180.931 173.575 158.412 139.8 115.716 87.479 40.6347 3.24898 2.79265 1.63475 1.38684 
0.218521 -0.184401 0.185651 0.251763 -0.286147 -0.268657 0.0832421 0.198275 0.249307 1.19574 -0.134462 -0.153085 -0.458802 0.0678939 0.0991092 0.128788 -0.146503 -0.087263 0.406023 0.134692 0.633722 2.38885 4.50101 62.2677 96.8747 124.879 146.931 165.022 176.728 187.901 200.195 206.361 197.913 165.467 152.423 144.581 137.589 135.302 132.199 129.793 129.966 129.285 131.382 133.021 136.986 141.564 150.364 161.423 177.074 213.215 208.551 199.903 190.86 179.33 173.596 157.937 138.858 115.2 87.2535 42.4607 2.61433 2.25787 1.63777 1.27351 
-0.0409272 0.599045 -0.209879 -0.21801 0.138257 0.247213 0.146622 -0.108611 0.0125285 0.172752 0.0564948 -0.30461 -0.146916 0.202092 -0.0849943 0.191223 0.362162 0.788463 0.350862 0.545363 1.13362 1.63139 2.94811 62.2361 97.1371 124.11 144.836 163.094 176.754 187.417 198.098 205.844 199.097 165.049 152.879 144.138 137.34 133.71 131.369 128.889 129.176 130.226 130.921 133.205 135.94 141.861 148.655 159.12 174.711 208.901 207.292 199.341 188.449 177.528 173.479 157.891 139.35 116.29 86.7868 43.001 2.37504 1.80543 1.22575 0.85942 
0.208425 -0.128689 0.120381 -0.3338 0.0737456 0.146665 0.118198 0.0287127 -0.0470313 0.0541665 0.360088 -0.0894363 0.219264 0.33014 0.533868 -0.0737495 -0.387334 -0.0278275 0.195727 -0.137517 0.672435 0.982435 2.2073 59.9362 95.1287 122.767 144.975 162.403 175.954 185.498 198.945 205.943 198.022 165.919 152.552 142.1 136.765 133.215 129.18 128.458 129.151 129.033 129.26 133.657 135.637 142.198 149.328 158.42 172.176 208.956 207.699 198.945 189.225 178.007 172.756 157.96 139.691 115.857 88.4695 44.8923 2.22597 1.66622 0.513393 0.826524 
-0.316525 -0.026967 -0.195998 0.623359 0.247855 0.0869814 -0.249432 0.253524 0.333822 -0.594512 -0.254266 0.273195 0.503177 0.446785 0.201961 0.113322 0.202446 -0.099434 0.29567 0.180812 0.676654 1.29156 2.19834 57.9645 92.1754 120.547 144.422 161.703 173.83 182.336 196.354 204.728 199.454 165.146 152.998 143.403 138.17 133.479 130.198 128.673 127.981 128.399 129.332 132.685 132.874 139.268 146.752 157.145 172.19 205.174 207.142 199.093 191.446 178.235 174.735 159.025 140.723 117.029 88.943 50.5523 1.22107 1.27799 0.0934868 1.01747 
-0.275032 -0.0748449 -0.157242 0.13525 -0.302625 0.183378 0.106507 0.212011 0.204169 -0.218397 -0.321379 0.660134 -0.0937198 0.46895 0.385835 0.00553526 0.16302 0.538633 0.4041 0.281047 0.694606 1.17938 -1.01426 50.593 89.9139 119.677 142.759 160.568 172.123 182.627 194.797 202.842 200.849 167.047 152.917 144.24 136.578 133.812 129.715 128.77 127.887 128.21 130.154 132.616 134.806 140.265 146.541 155.689 169.6 200.908 209.313 201.431 191.317 174.599 180.66 159.701 141.694 120.177 92.6534 58.0328 0.961044 1.3417 0.512196 0.774457 
0.168448 -0.251711 -0.202611 -0.387368 0.127527 0.740258 0.149693 0.291604 0.751808 0.00503222 0.0149712 0.0218069 0.194585 0.293119 0.0662936 0.202795 0.159076 0.899156 -0.0889637 -0.957791 0.824859 0.91668 -0.832624 51.9199 89.3774 117.33 142.279 159.541 170.613 180.74 193.553 203.495 200.004 167.456 153.046 143.293 136.78 134.051 130.214 129.163 127.135 128.707 128.526 130.966 133.018 137.925 146.058 153.542 168.158 198.743 207.305 200.653 193.264 175.434 178.889 161.165 142.603 120.208 93.385 58.6509 1.73387 1.84026 0.805752 0.825301 
0.0521591 -0.260198 0.193717 -0.0355454 -0.212415 -0.0273518 0.266461 -0.0536205 -0.0221773 0.459033 0.0902869 -0.0766679 0.562931 0.752727 0.21562 0.319131 -0.29104 -0.0477805 0.143845 0.243817 0.23464 1.58202 -0.332145 46.7512 87.5082 116.93 140.69 160.482 170.783 179.794 192.84 202.185 201.612 167.298 152.711 143.289 136.136 131.768 130.358 127.97 126.583 127.281 128.373 131.66 133.207 137.588 145.083 153.176 166.847 196.537 207.52 201.09 191.471 176.203 180.804 161.489 143.604 120.742 94.7359 58.8341 2.78821 1.80505 0.827966 1.08393 
-0.0623567 0.262873 0.142253 -0.401483 -0.0594861 0.479035 0.469063 0.0462744 0.061061 -1.08069 0.0498906 0.340066 -0.186001 0.477963 -0.333052 -0.0810878 -0.156625 0.214776 0.0799723 0.324445 0.634802 1.28009 0.0525867 45.1944 86.9287 115.97 140.012 159.35 169.983 179.395 191.901 201.02 214.942 167.572 153.558 143.049 136.797 131.307 129.345 127.683 126.432 126.46 128.139 130.983 132.144 136.285 145.855 153.536 166.051 196.133 208.858 202.728 193.381 178.725 176.768 163.042 144.143 122.667 95.2411 60.6219 4.15034 2.57784 1.30659 1.09003 
0.422177 0.0237725 -0.0259167 -0.556533 0.290305 -0.674376 0.0749637 0.480745 -0.404715 0.103695 0.695369 0.21058 0.0285064 0.342136 0.0315911 0.177203 -0.40858 0.00517759 0.611145 0.45155 0.603344 1.60077 1.16789 44.5193 87.5113 115.824 140.169 159.033 169.582 177.063 191.047 203.544 204.582 167.406 153.235 143.263 136.584 133.669 129.576 127.29 127.892 126.736 128.116 131.464 133.897 136.852 143.972 154.761 166.037 196.726 210.203 200.716 193.8 182.354 178.386 162.546 145.491 123.723 97.1677 62.0963 5.97474 2.74765 1.5904 1.79308 
0.401157 0.464204 0.461782 -0.135648 -0.0973043 0.173667 -0.0517054 0.252355 -0.346941 0.0567879 -0.292065 -0.069511 0.13424 -0.0687302 0.0825274 0.253938 -0.0306851 -0.0217345 0.721753 0.445356 1.09901 1.82119 1.65787 42.2545 86.3743 115.928 140.078 158.36 172.125 175.583 190.55 200.234 202.347 168.219 153.878 143.069 137.128 132.694 129.869 128.974 126.612 127.796 128.887 130.86 131.937 137.657 144.798 153.272 166.226 193.807 210.492 202.095 195.707 182.708 177.874 163.056 147.615 124.75 98.6416 66.0556 7.64575 4.16606 2.7783 2.29328 
