-0.032199 0.290255 -0.149676 -0.0989898 0.101745 0.0974716 0.00522209 0.122805 0.127617 -0.128682 -0.0511861 0.399546 0.121372 0.218085 -0.204926 0.00439442 0.154401 1.15852 0.321947 42.455 84.9143 113.573 137.165 155.592 170.017 178.663 188.227 196.873 203.727 181.676 157.793 145.259 137.143 131.933 129.292 126.679 127.078 125.772 128.129 128.635 132.392 135.344 143.005 151.455 165.736 201.757 209.999 201.986 190.113 168.056 176.325 162.028 144.886 123.69 96.2554 62.3972 5.04435 0.210628 -1.39814 -1.43776 -0.859468 -1.53264 -1.08483 -1.14929 
-0.244303 0.1088 -0.0879696 -0.0526533 -0.370241 -0.310057 -0.0317524 0.067956 -0.238133 0.0735124 -0.129652 0.0691146 -0.191099 -0.249354 -0.196935 -0.10787 0.617466 1.09429 1.09845 40.4706 84.8431 113.082 137.613 155.479 169.834 176.718 188.33 198.635 203.798 183.716 158.172 144.882 136.666 131.942 128.828 126.718 126.433 126.957 126.971 129.263 132.099 136.466 143.178 151.727 165.678 201.345 211.342 200.925 190.991 167.597 176.507 162.822 145.15 122.688 96.2436 62.8804 5.38631 -0.0209993 -0.937534 -1.07234 -0.989537 -1.19062 -1.00851 -1.07867 
0.195887 -0.500212 -0.130116 0.347438 0.187073 -0.0815157 0.0670719 -0.0113003 0.0776112 0.399818 0.0072056 0.208356 -0.271602 0.235461 -0.106825 -0.175282 0.575644 1.0422 1.10076 41.0763 85.3772 114.212 136.978 155.447 171.836 175.551 188.833 198.228 204.787 184.75 157.63 146.622 135.623 131.504 129.355 126.612 126.835 125.472 128.196 128.375 131.819 137.013 143.084 151.573 165.71 200.946 210.707 202.87 193.038 169.801 176.337 163.041 145.25 123.398 97.1884 62.7963 5.02058 -0.183043 -1.05118 -1.02505 -1.2912 -0.969527 -1.12302 -1.32674 
-0.0868034 -0.702937 -0.06664 0.242899 -0.0202028 0.259178 -0.11125 -0.216954 -0.321878 0.0554934 0.130867 -0.0220525 -0.041497 0.0582283 0.125363 -0.123838 0.437513 1.1245 1.45297 39.8617 83.3933 113.427 137.083 156.503 171.92 174.582 188.368 197.67 199.333 185.504 158.059 146.351 137.143 132.999 131.95 129.54 131.405 128.444 128.859 130.732 133.463 136.806 143.391 151.548 165.939 201.625 210.306 202.489 191.633 170.915 178.9 163.643 145.479 123.566 96.5704 63.1454 5.88056 0.171813 -1.28951 -1.22361 -1.16304 -1.20737 -1.84307 -1.47557 
0.409399 -0.0131772 0.0696436 0.401176 -0.342157 0.220835 -0.219079 0.0900272 -0.0343654 -0.183244 0.155068 0.279061 0.0249868 -0.223017 0.398245 -0.199234 0.458095 1.29692 1.55424 38.4422 84.4209 113.495 138.089 156.403 173.088 174.929 188.143 198.005 205.711 187.929 159.477 148.673 136.392 132.598 131.577 128.396 127.549 129.466 128.379 130.341 133.809 138.233 144.407 152.193 167.144 202.841 209.245 202.91 191.003 171.782 178.089 162.22 145.099 123.627 97.5807 63.5868 5.7525 0.678735 -0.397899 -0.93332 -1.05197 -1.06192 -0.994666 -0.9627 
-0.0197522 -0.244886 0.309387 0.160658 0.111276 0.0585375 -0.0292027 0.0591821 0.104596 -0.306767 0.478431 0.216702 -0.352189 0.0376945 -0.18688 -0.0385249 0.774523 1.16372 1.7808 38.3633 84.1235 112.832 137.017 156.425 175.711 173.721 188.886 198.463 204.826 188.685 160.498 148.731 138.064 133.61 132.181 131.149 129.963 127.472 129.539 130.788 133.813 139.447 145.684 153.849 168.181 204.373 212.026 203.111 193.273 173.631 179.439 163.918 146.118 125.381 98.4702 64.6693 7.21339 0.555178 -0.302177 -1.37832 -1.33702 -1.14484 -1.15786 -1.4398 
0.278112 0.0614774 -0.202336 0.0523321 -0.203955 0.0973389 -0.12308 0.328776 -0.0506904 0.21693 0.229779 0.161018 -0.3578 0.390137 -0.125043 0.449383 0.389587 1.24061 2.32289 32.9853 81.7933 110.279 134.682 154.293 171.57 177.422 188.471 199.651 206.124 195.375 164.151 151.719 139.217 135.1 131.724 128.304 127.999 128.502 129.581 131.513 134.154 139.177 146.085 152.083 166.544 198.8 213.783 205.507 197.245 181.299 177.565 166.233 149.877 129.126 103.443 70.1415 11.7444 1.33701 -0.295631 -0.643679 -1.38363 -1.15311 -1.44845 -1.33624 
0.0974432 0.193799 0.423291 0.203502 -0.138024 0.177245 -0.0322498 0.364892 0.0775559 0.03293 0.273508 -0.0173463 -0.161386 0.224828 0.0812625 -0.187715 0.813264 1.81012 2.50425 29.2329 80.1687 110.804 135.726 154.588 170.85 178.239 189.689 199.148 205.867 198.719 165.324 152.617 141.769 134.71 133.55 130.187 130.01 130.743 131.505 133.243 135.404 140.295 146.748 153.053 166.207 197.757 214.271 205.449 198.521 184.514 176.165 166.132 150.748 130.106 104.251 72.1242 14.9749 1.29938 -0.144085 -0.664786 -1.23533 -0.675391 -0.924491 -0.678587 
0.425815 0.0389719 -0.136403 -0.00766278 0.0639036 0.15314 0.176341 0.109691 0.0347428 0.182296 0.0875522 -0.399318 -0.0232425 -0.227328 0.288852 0.72852 0.967926 1.55907 2.80611 30.0493 81.3495 111.262 135.468 154.906 169.954 178.062 190.191 199.584 206.927 198.833 165.585 154.375 141.202 137.511 133.81 132.177 132.221 132.274 132.987 134.397 138.541 141.621 148.87 156.369 169.154 200.84 215.335 209.124 200.728 185.649 178.333 168.082 150.116 130.964 104.438 71.2287 13.6552 1.37587 -0.105311 -0.788758 -1.29979 -1.57703 -1.32888 -0.980417 
-0.136607 0.087363 0.128642 -0.318766 0.541212 0.582816 0.292958 0.153812 0.304763 -0.107635 0.0546702 0.238529 0.00723788 -0.209545 -0.00681994 0.481669 1.1201 1.91005 2.09529 23.9054 78.7876 110.253 136.375 156.368 172.283 181.202 192.763 206.025 212.805 209.193 176.969 163.376 152.485 148.657 143.299 141.146 140.976 140.209 141.758 144.626 150.093 158.515 163.5 169.687 182.125 212.759 228.41 216.345 208.98 196.863 188.677 178.441 163.013 140.003 113.779 81.2659 29.029 0.212215 0.247816 -0.499594 -1.33402 -0.98139 -1.34321 -1.00797 
-0.343872 0.12529 0.0160276 -0.0811074 -0.00140019 -0.145554 0.0575914 -0.0851221 -0.0367574 0.0272564 0.179119 0.0841751 0.113793 0.0716133 0.223424 0.176873 0.787965 1.69396 15.1525 71.4217 104.158 130.079 153.106 172.464 190.724 200.577 209.55 222.822 228.205 224.717 190.125 175.199 164.632 160.073 155.825 156.76 158.048 158.923 162.499 167.404 175.629 181.87 187.456 193.337 201.561 233.903 256.252 251.715 240.501 227.11 216.583 201.878 182.695 161.791 136.354 105.875 74.2763 15.894 0.0351202 -0.569078 -0.844863 -1.23883 -1.07009 -1.1442 
0.504503 0.129052 -0.32908 0.190491 -0.411965 -0.11777 0.0306731 -0.0183807 0.161443 0.206029 0.171864 0.289514 0.27779 -0.00734805 0.189064 0.733549 0.761469 0.616145 38.8499 85.7712 114.892 140.848 162.838 182.637 198.02 211.009 222.564 232.735 242.883 235.432 209.096 197.691 189.091 184.92 183.748 183.909 183.058 181.55 183.181 189.578 194.687 203.375 210.365 213.043 217.841 249.305 271.797 265.08 257.113 246.392 234.653 220.896 204.642 186.01 162.595 135.909 101.444 56.9727 14.3545 -1.2738 -1.0618 -1.78992 -1.1787 -1.38094 
-0.494714 -0.352194 -0.407401 0.12217 0.161387 -0.139908 -0.133309 0.0935216 0.0888455 -0.122328 0.0620459 0.0206599 0.061303 0.219199 0.101833 0.536402 0.811861 -0.238489 58.3793 96.8029 127.042 153.589 177.695 200.387 219.015 231.776 243.195 252.283 244.969 237.148 220.82 211.131 198.665 190.757 184.596 182.129 183.111 183.266 184.934 193.062 199.972 210.096 221.942 235.541 224.263 252.4 282.977 276.124 267.278 258.096 245.966 232.725 216.889 198.748 176.963 153.313 127.28 99.0378 63.297 1.33667 -1.00563 -1.00684 -1.35212 -0.961569 
-0.259898 -0.181224 -0.211079 0.31226 0.0418538 0.0316953 0.12457 -0.181148 0.0271475 0.306629 -0.0456468 0.226834 0.0249227 0.0808033 0.519012 0.0592645 0.680043 27.2634 84.0606 115.885 144.136 167.29 190.925 209.142 224.791 235.117 246.462 229.792 224.951 239.738 228.895 215.98 201.001 189.658 186.588 185.472 186.006 185.667 185.661 190.572 203.596 214.972 225.663 242.596 239.201 246.922 291.373 282.416 276.128 264.482 253.961 238.776 222.743 203.334 182.644 157.972 131.037 104.366 71.3312 4.10081 -0.98715 -1.10206 -1.19876 -0.955873 
-0.317382 -0.33259 -0.24079 -0.0942247 -0.0113028 0.210141 -0.223219 0.150792 0.0225168 0.418447 -0.0565779 0.0920244 -0.000506559 0.0582741 0.465745 0.207506 -1.31067 45.2567 90.9979 121.465 148.291 170.947 192.107 210.453 223.271 233.564 223.663 201.673 199.607 213.346 223.165 213.719 190.284 179.575 173.745 171.469 170.406 170.427 170.091 171.536 170.971 170.488 195.902 213.718 210.195 218.479 261.451 245.301 236.37 229.902 219.359 201.824 183.65 163.417 140.633 115.874 87.1236 34.6913 -0.43501 -1.74471 -1.39332 -0.54103 -1.59198 -1.12451 
0.237336 -0.0622297 -0.00859225 0.259073 -0.106145 0.095138 0.0586759 0.333381 0.0568625 -0.395607 0.22599 0.316681 0.520326 0.448602 0.0828852 0.397966 -0.79478 31.0335 55.8365 89.062 116.713 138.781 160.78 169.153 180.751 192.984 172.925 154.356 148.645 174.898 163.036 185.392 172.037 154.387 151.723 148.975 148.709 147.889 146.737 147.232 146.694 150.491 155.925 162.687 172.618 192.438 225.599 213.933 205.597 188.664 174.824 161.588 147.694 127.954 104.853 75.3925 26.0588 -0.651848 0.312169 -0.683892 -0.990237 -1.241 -1.14128 -0.972882 
-0.407826 0.151875 0.130235 0.0757596 -0.597427 0.170314 -0.00683734 -0.364036 0.134623 -0.359801 -0.255015 0.194348 0.0954445 0.00857388 0.0197936 0.142965 0.657393 1.034 1.21055 6.96973 48.7559 86.7581 113.24 136.213 152.425 170.584 128.48 117.317 112.072 138.545 132.225 138.937 132.766 129.743 126.983 124.54 122.826 121.389 122.519 123.391 126.81 132.367 137.207 144.902 158.383 170.922 208.408 200.265 191.328 180.337 168.953 154.529 136.181 112.323 85.4377 42.7664 0.263746 1.03831 -0.301628 -0.82607 -0.914209 -1.34981 -1.22047 -0.651378 
0.18792 0.198647 0.0760325 -0.0955298 0.16722 -0.653291 -0.00514483 0.257665 -0.040895 0.211727 -0.0638323 0.216003 0.0564899 0.940036 0.19205 0.506026 0.518752 0.952764 2.61306 2.63901 26.0502 78.7536 107.216 131.058 148.436 159.524 121.32 108.303 101.759 120.393 122.02 124.911 115.958 112.635 120.164 124.119 121.681 121.014 120.303 121.28 124.395 128.322 140.37 137.768 161.705 164.653 203.004 197.158 189.682 178.791 168.17 153.137 134.177 111.1 84.1539 39.167 1.40064 0.836987 -0.23892 -0.519848 -0.37117 -0.605057 -1.36405 -1.18861 
0.0841326 -0.219913 0.103672 -0.069934 0.10276 -0.18885 0.0984075 0.30084 0.153507 -0.195538 0.119354 0.279021 0.269147 0.274609 0.392431 0.220633 0.417545 1.23351 1.53391 2.82088 19.0903 74.2145 104.119 128.391 145.97 150.144 114.548 102.452 95.0218 113.968 107.785 113.369 112.024 107.103 107.98 110.788 119.647 119.755 121.729 121.37 123.12 130.985 135.696 149.3 149.47 163.491 199.756 193.842 188.29 177.43 167.06 152.325 132.744 110.557 82.801 36.0057 1.16351 0.257062 -0.848536 -0.715625 -0.740493 -1.3497 -1.10243 -0.980582 
0.171165 0.19927 -0.0145304 0.254268 0.328494 0.246113 0.195047 0.0594732 0.780898 0.0107138 0.359451 -0.285265 0.52748 0.129905 0.252201 0.476744 0.523109 0.759505 1.6561 2.9078 15.0848 70.4718 101.315 125.592 143.98 143.686 109.181 98.4234 91.32 109.701 102.196 102.468 109.554 103.668 103.76 102.981 110.969 119.385 120.09 121.617 121.964 128.583 137.03 150.597 143.422 159.672 196.865 194.572 186.867 176.486 164.906 151.461 132.711 109.961 82.2285 34.4596 0.454716 -0.349697 -1.09151 -1.07634 -1.36141 -1.68899 -1.55023 -1.31102 
0.35134 -0.0610932 0.132816 0.0637408 0.087347 -0.638564 0.150503 0.425422 -0.186968 -0.276334 0.262289 0.108157 -0.180044 -0.113877 0.136249 0.26328 0.0498395 0.0871442 0.857367 1.66587 11.8062 66.1745 97.6311 123.348 143.613 142.917 108.148 97.1307 89.7162 102.746 106.434 98.2492 103.174 102.767 101.497 101.539 102.963 107.366 120.991 121.161 123.009 123.291 142.819 152.008 140.536 157.603 192.493 194.083 186.122 175.334 163.192 151.363 132.767 109.335 81.6892 31.6827 0.529917 -0.124329 -1.19898 -1.63597 -1.29413 -1.07044 -1.19472 -1.08545 
-0.0807476 0.0886794 -0.328795 -0.216385 0.101682 -0.646314 0.241202 0.386582 0.0921076 -0.256184 0.123096 0.330937 0.214097 -0.224007 0.245829 0.272862 0.065917 -0.27029 0.913049 1.8437 9.66675 62.6837 94.0151 120.804 140.824 144.616 108.666 97.7411 89.5268 99.7401 109.746 96.8736 97.4585 102.465 101.028 101.098 101.561 104.446 113.226 121.16 123.322 118.796 154.136 150.578 141.516 155.728 190.397 194.728 185.484 175.804 163.012 149.989 132.315 109.15 80.9334 32.8696 0.219859 -0.556612 -1.18976 -1.54276 -1.08462 -2.06147 -1.43803 -1.17925 
-0.0648715 0.293572 0.0909117 0.395746 -0.185694 0.094439 -0.213427 -0.0742583 0.114527 0.206271 -0.0395529 0.418081 0.252391 0.233399 0.613758 -0.157571 0.039776 0.0607833 0.67533 1.74256 6.86293 59.6093 92.515 118.84 139.298 149.482 111.662 99.1121 90.3884 98.5276 112.87 98.4392 96.4565 101.204 101.493 100.564 101.405 102.578 107.911 120.516 123.529 121.156 154.333 150.279 146.42 154.446 186.722 192.653 184.539 175.486 162.072 149.695 132.978 109.798 81.4534 32.1215 0.103544 -0.47357 -1.4724 -1.09012 -1.51625 -1.56353 -1.122 -1.56544 
0.105535 0.287247 0.0930983 -0.25656 -0.230965 -0.341881 0.165833 0.316393 0.287451 -0.0473935 0.138469 -0.530731 -0.0787709 0.0623653 0.413363 0.166733 0.34483 0.281353 0.520183 1.1429 1.25415 55.8851 87.227 114.448 136.971 154.82 116.196 101.654 92.2808 95.7616 115.831 102.047 96.7531 100.722 101.86 101.813 101.055 102.74 106.88 116.593 123.489 125.1 149.81 151.018 143.462 149.772 181.303 192.699 185.865 174.969 164.074 150.857 134.385 112.181 84.3213 39.65 -0.079852 -0.618533 -0.984389 -1.58112 -1.22379 -1.52316 -1.46731 -1.05428 
0.150753 0.583903 0.495493 -0.274297 0.215659 0.0757182 -0.017062 0.253226 0.209345 0.396298 0.136877 0.172492 0.0761841 0.38256 0.592438 0.658825 0.313247 0.0200544 0.396409 1.50042 -1.23116 49.412 83.9466 112.139 134.804 152.88 130.361 106.185 95.0257 95.3079 120.074 106.786 97.583 102.62 104.049 102.018 102.11 103.112 106.065 111.866 123.848 125.915 148.488 146.437 148.937 147.952 178.32 193.737 186.633 176.553 165.295 151.465 134.157 112.95 85.5103 41.8901 0.122085 -0.498799 -1.74662 -1.21449 -1.29892 -1.47579 -0.9583 -1.8791 
-0.467249 0.318906 0.238498 -0.112302 -0.233755 -0.357762 0.0960181 0.0612184 0.36739 0.0566416 -0.303843 -0.0883567 0.036195 0.425246 0.300294 0.587217 0.604941 0.336156 0.162655 1.58547 -1.34576 47.0172 82.9064 111.491 133.166 151.476 139.778 110.343 98.9168 96.4019 123.178 109.755 101.168 104.164 105.001 104.5 103.148 104.244 106.635 112.071 123.144 126.115 145.662 144.891 148.921 148.292 174.585 194.732 186.27 176.19 165.114 152.741 133.951 113.402 86.9824 43.394 -0.217593 -0.542932 -0.990191 -1.31972 -1.16064 -1.23325 -1.56374 -1.24322 
0.281161 0.398646 0.577555 -0.00742389 -0.154082 -0.447605 0.143634 -0.114494 -0.151143 0.484492 0.155086 0.236068 -0.174027 0.153203 0.613243 0.555362 0.351488 0.334724 0.372219 1.27404 0.166504 41.9304 80.659 109.24 133.13 149.786 148.691 115.48 102.659 98.5859 128.806 114.32 105.811 106.829 107.175 106.045 104.708 106.145 108.555 113.27 122.216 128.152 143.309 144.806 144.496 150.934 165.058 197.186 186.236 176.407 164.787 152.149 134.277 113.13 86.3701 43.9558 -0.259304 -0.36465 -1.43126 -1.15898 -1.35926 -1.28123 -1.36907 -1.40972 
0.105145 0.416203 0.139954 0.602379 0.528574 -0.0105367 -0.12706 -0.0653809 -0.00717638 -0.210237 0.0753574 -0.0959055 0.168082 0.449373 0.234943 0.135149 0.138527 -0.195264 0.402491 1.39356 0.930368 38.4605 80.0773 108.432 132.707 150.913 156.085 119.429 107.313 101.283 133.545 119.096 109.98 110.42 107.895 106.811 105.652 106.898 109.63 114.592 127.511 124.93 141.521 142.492 143.892 152.951 158.868 198.837 186.449 175.902 164.603 152.222 135.583 113.892 87.3604 45.315 -0.93326 -0.275556 -1.08325 -1.44818 -1.6345 -1.26367 -1.28316 -1.22454 
0.338855 -0.419858 -0.107326 0.384781 -0.0840018 0.182941 -0.50296 -0.085924 0.0445747 0.252513 0.15321 -0.317145 0.0698978 0.0607757 -0.113093 0.831306 0.320199 0.251332 0.222062 1.23521 1.34917 35.5509 77.7723 107.401 131.636 150.068 165.111 127.709 113.53 106.074 139.136 125.12 115.321 114.992 111.94 109.382 108.506 109.272 112.699 119.323 135.174 121.632 140.472 140.71 141.485 150.795 162.51 196.755 186.897 177.211 165.586 152.014 135.937 115.095 87.1755 46.9248 -1.05627 -0.653083 -1.21915 -1.52999 -1.1812 -1.49968 -1.2891 -1.0201 
-0.44266 0.469068 0.44177 0.171703 0.213073 -0.34107 0.267769 -0.051114 -0.136036 -0.0251666 0.0996012 -0.212412 -0.319258 0.590498 0.359614 0.0942898 0.0281164 -0.0309001 -0.170088 1.12059 1.86248 33.0315 77.2658 106.624 130.625 149.607 164.34 144.015 122.025 113.037 147.179 134.709 123.368 118.663 114.331 111.641 110.923 112.668 117.699 128.028 124.141 121.423 137.421 139.405 139.824 146.829 162.956 194.845 187.098 176.305 165.549 153.372 136.327 114.634 88.6213 48.8937 -2.22132 -0.0793175 -1.58412 -1.04888 -1.4557 -1.17004 -1.04419 -0.994671 
-0.0575037 0.437677 0.112045 0.153665 0.329795 0.0337794 0.309171 -0.44624 -0.18132 -0.355512 0.291889 0.209136 0.535275 0.422219 0.414984 0.154948 0.0875608 0.376162 0.372605 1.11718 1.39437 31.2285 76.4716 105.955 130.077 148.765 162.691 165.342 133.602 123.787 164.03 149.078 129.807 121.154 117.939 115.526 117.881 120.311 121.25 133.205 119.713 121.374 136.122 137.845 139.113 146.855 162.031 195.324 186.042 177.163 165.8 154.43 136.825 115.019 88.9194 50.3708 -2.58858 -0.569327 -1.55978 -1.26835 -1.08222 -1.39607 -1.26256 -1.56283 
-0.0287496 -0.13413 -0.83954 0.525171 0.137729 -0.202328 -0.0351555 0.424063 0.150108 0.0224807 -0.0234266 -0.192827 0.257906 0.414552 -0.407994 -0.171787 0.0616109 0.396397 0.0184447 0.716176 1.09654 29.8842 75.6689 105.368 129.229 148.258 163.561 175.673 161.388 150.662 186.113 158.44 137.873 131.972 127.817 125.223 122.414 119.895 126.054 126.078 119.643 120.481 134.441 136.179 138.947 145.432 158.773 194.066 187.006 177.546 165.875 153.809 136.505 115.602 88.7854 53.9613 -3.22865 -0.357076 -1.14771 -0.891278 -1.06223 -1.18254 -1.15913 -0.924301 
0.582078 0.25894 0.548819 0.547476 0.45249 0.0212376 0.230951 0.635633 0.168061 0.399119 0.111259 0.411727 0.903273 0.252024 0.898909 0.685136 0.693563 0.633632 0.900349 1.62598 1.70374 28.5102 74.7428 105.663 130.008 150.66 163.653 175.224 186.204 193.638 200.298 178.144 144.727 134.024 129.662 123.519 120.181 124.711 124.332 117.974 118.394 119.609 130.934 130.346 137.749 141.527 155.282 188.572 188.532 176.376 165.219 152.376 136.513 115.725 89.9052 55.925 -2.55048 -0.0679716 -0.733598 -1.0618 -0.756363 -1.16791 -0.633958 -0.99836 
0.793875 0.31802 0.476012 0.706677 0.247949 -0.182726 0.505222 0.73805 0.734908 0.384228 0.841001 0.270458 0.373051 0.500991 0.478406 0.485721 0.744805 0.89748 0.465071 1.05443 2.02151 26.5679 74.6382 104.496 129.784 149.441 164.634 176.29 185.964 196.775 200.43 183.888 145.477 135.114 129.291 124.943 123.729 123.833 123.597 117.327 117.971 118.934 128.1 129.108 136.639 141.011 154.024 185.476 190.176 177.201 165.416 153.265 136.416 116.024 90.5775 56.6222 -1.84868 0.0441175 -1.04727 -0.97225 -0.636324 -1.07483 -1.03077 -1.1754 
0.294395 0.744467 0.286034 0.856492 0.0403226 0.375127 0.745471 0.329795 0.271169 0.858149 0.434746 0.569366 0.602634 0.349381 0.381854 0.748234 0.412404 0.432467 0.676605 0.25536 2.20373 25.1662 74.0889 103.763 129.401 148.46 163.736 176.175 186.396 195.631 201.709 188.769 147.577 137.306 130.308 124.756 123.816 125.17 122.67 116.9 117.473 119.478 127.601 130.384 135.638 139.826 152.426 183.578 188.789 178.881 166.043 153.914 136.688 117.397 91.6962 57.5702 -0.270583 0.00295281 -1.08713 -0.894336 -1.23379 -0.893312 -0.880504 -0.959146 
0.868172 0.715901 1.00557 0.865745 -0.43418 0.702132 0.03664 0.415172 0.679012 -0.0691947 0.451575 0.892249 0.189783 0.290479 0.0691814 0.297424 0.276124 1.07455 0.478442 1.60047 2.61684 23.4133 73.5321 102.951 128.687 147.834 164.597 174.609 186.602 196.228 202.566 193.192 149.387 137.98 131.512 125.357 125.852 125.656 120.233 117.344 118.438 119.084 125.291 128.534 134.712 138.358 151.37 180.733 189.62 179.811 166.597 155.029 138.145 117.229 91.8363 58.1032 0.688385 -0.168761 -1.47683 -0.790524 -1.26366 -1.17794 -2.02022 -0.819894 
0.788208 0.379404 0.511582 0.311504 0.283254 0.450362 0.729182 0.255879 0.459167 0.35694 0.189165 0.174535 1.07807 0.289184 0.492184 0.527374 0.216919 1.36827 0.772629 1.22733 2.04576 21.826 71.8635 101.009 128.385 147.849 164.631 176.617 188.444 196.131 202.792 196.865 149.398 138.096 131.596 127.872 125.417 123.686 122.002 117.975 118.437 118.756 125.422 129.295 132.037 139.457 149.866 180.04 189.345 181.959 167.633 155.408 139.011 118.09 93.2865 59.4623 2.16954 0.167832 -0.25048 -0.772226 -1.10862 -0.828553 -1.20322 -0.960579 
0.335071 0.36142 -0.0767692 0.809826 0.26789 0.960736 0.843718 0.813788 0.764891 1.07164 0.528893 0.505448 0.195286 1.06096 0.719774 0.563588 0.66959 0.795031 0.599265 1.55555 2.60379 18.5328 72.3007 100.414 127.609 147.467 164.68 176.302 187.072 197.794 202.574 198.2 150.914 139.043 134.208 128.957 125.972 121.023 123.569 116.373 117.082 119.045 124.617 127.694 132.023 138.723 148.05 177.661 190.661 182.602 168.916 156.11 141.818 127.378 94.1483 60.2292 3.3208 0.107006 -1.23431 -1.47279 -0.593457 -1.5138 -0.83253 -1.28594 
0.619528 -0.200633 0.909052 0.233323 0.183559 0.534903 -0.413797 1.44039 0.694341 0.379545 0.584276 0.477902 0.197396 0.734095 0.473576 0.633144 0.786992 0.361229 0.739319 1.28119 2.01728 19.4787 70.8332 101.159 126.752 147.314 163.36 175.486 186.299 195.845 202.788 200.277 152.474 141.954 133.128 131.168 124.484 121.425 122.7 118.238 117.588 118.362 123.191 127.27 131.627 139.17 147.454 173.431 190.914 182.008 169.639 157.558 139.699 120.426 94.9536 61.7912 5.35275 0.870095 -0.922296 -1.40933 -1.49474 -1.43319 -0.574565 -0.571802 
0.248207 0.516765 1.19116 0.345263 0.543369 0.676386 0.0311313 -0.0569352 0.201046 0.110891 0.30199 0.591508 1.46377 0.337572 0.51918 0.146052 0.3695 0.426032 0.77818 1.27681 2.70908 18.8735 69.8558 100.292 126.944 146.157 163.515 176.742 186.499 196.651 203.707 204.244 155.53 141.816 134.972 129.09 123.777 120.707 118.756 121.635 117.388 119.34 122.886 127.698 131.478 138.086 150.892 171.547 190.56 182.307 170.764 157.532 141.245 121.787 96.0237 64.5871 7.36177 0.998538 -0.0216288 -1.0547 -0.346848 -0.545185 -0.746068 -0.813013 
1.1184 0.382566 -0.0286323 0.2477 0.541539 0.212129 0.33784 0.762787 0.953825 0.174733 0.37313 0.677683 0.259006 0.706715 0.453831 0.57293 0.334366 0.84467 0.704548 1.49202 2.15565 16.2169 68.0956 99.0823 124.131 146.04 162.837 176.843 187.4 196.191 203.031 205.326 160.72 142.95 138.842 129.038 125.073 121.094 119.917 121.049 117.949 118.87 121.501 126.876 132.587 137.867 148.216 164.516 193.521 183.36 172.334 157.493 143.9 124.256 99.8729 68.4365 12.1801 1.45001 0.788438 0.0981013 -0.286709 -0.193668 -0.653159 -0.691175 
0.75073 0.821442 0.159366 0.659809 1.09635 0.874567 0.253759 1.19121 0.368662 0.675946 -0.0341479 0.567398 0.331452 0.670927 0.73506 0.0087123 1.16692 1.07489 0.987265 1.58631 1.9741 12.2312 64.9588 96.6112 122.751 144.515 161.872 175.506 185.638 196.03 201.142 208.217 163.105 148.759 134.675 130.242 125.163 122.218 120.066 121.366 117.619 118.415 119.039 128.542 132.095 137.004 145.282 159.806 196.02 184.95 172.712 159.671 145.879 126.627 102.84 73.1261 17.6426 1.94633 0.817798 1.05088 0.518777 0.13077 -0.605102 -0.571599 
0.0968209 0.596053 0.80328 0.506888 0.632735 1.0394 0.0590886 0.486007 0.729047 0.445846 0.364367 1.14231 0.891984 0.968005 0.420273 -0.00873883 0.589153 -0.483572 0.806605 1.64142 1.88685 10.6806 64.8263 97.3974 123.587 145.188 163.108 176.072 186.048 196.408 202.029 210.576 163.059 152.021 137.319 129.861 124.713 121.769 120.468 120.966 117.221 119.29 119.485 128.74 132.888 136.112 144.429 158.226 194.033 185.91 172.891 161.158 146.989 128.96 105.211 75.097 20.554 2.57009 1.23396 0.971627 0.705998 -0.118365 -0.351902 -0.676499 
0.450951 0.26344 0.91223 0.882437 1.18586 0.887145 0.89586 0.789363 0.992286 1.01368 0.608269 0.228078 0.341972 0.705738 0.765172 0.460762 1.07932 1.03922 1.09959 1.36228 2.09045 10.5502 64.2999 95.2291 123.8 144.725 161.948 174.252 186.215 195.135 202.456 213.239 174.842 154.675 141.699 134.829 129.083 125.005 120.95 118.854 118.188 118.665 118.882 129.139 132.967 138.46 143.949 157.532 193.305 186.074 174.636 163.137 148.314 131.274 107.369 77.4159 22.9044 4.1261 2.00016 1.19618 1.18348 0.292168 -0.325805 -0.859371 
0.134642 0.855172 0.121878 0.82068 0.4791 0.750728 0.368898 0.324313 0.290563 0.746419 0.759475 0.149762 0.722007 0.56626 0.709998 0.497073 0.36796 0.65479 0.877043 1.20604 2.06982 10.6527 66.9322 100.605 126.429 147.138 164.747 177.666 188.586 197.283 206.552 217.797 189.987 160.87 141.005 134.176 128.662 125.49 123.099 121.244 120.907 120.899 122.502 133.64 138.548 145.828 151.797 165.737 193.116 189.936 180.122 167.465 153.236 133.744 111.639 83.2692 33.7621 1.6421 1.55267 0.783371 0.0726333 -0.611706 -0.358884 -0.321482 
0.474281 0.192623 0.178271 0.322909 0.822721 0.614638 -0.215244 0.977489 0.788445 1.06912 0.308909 0.170075 0.677521 1.01936 0.386073 0.55968 0.330389 0.205807 0.713963 2.01339 1.50981 50.9871 92.4344 120.069 144.473 163.633 178.024 190.982 201.876 211.134 217.389 237.979 217.941 164.223 148.124 142.434 136.034 132.728 131.648 128.932 129.859 130.138 144.573 169.76 184.8 191.838 180.973 164.709 201.877 206.528 202.658 195.455 185.296 175.114 162.794 145.323 125.691 96.59 99.9077 84.2995 61.8697 22.6404 -1.33968 -0.863725 
1.0078 0.687901 0.84168 0.0723063 0.64982 0.749646 0.16958 0.535784 0.643994 0.682846 0.407708 0.48165 1.0865 0.680935 0.654467 0.214829 0.753176 0.616735 0.864376 1.90281 -0.0819821 58.5238 95.9777 126.069 150.356 172.816 188.703 202.357 211.686 221.075 228.581 272.534 245.734 200.401 167.206 154.802 151.438 148.522 145.96 144.745 148.022 152.207 175.602 192.167 213.91 230.064 211.477 209.656 249.39 256.304 249.643 244.117 233.987 224.933 211.953 199.1 181.728 164.712 144.907 122.509 97.5203 64.2862 7.07741 -0.878382 
1.35876 0.667257 1.03895 0.646209 0.637019 0.895961 -0.267935 0.283814 -0.0141766 0.202054 0.811185 0.802927 0.160974 0.990609 0.317376 0.820848 0.541182 0.81534 0.888772 1.3628 19.6199 77.8978 109.432 136.548 161.252 181.458 197.721 212.523 220.015 230.668 235.518 282.852 245.321 208.529 186.938 170.65 165.409 165.023 165.122 164.198 164.387 169.126 180.905 195.497 212.891 210.297 207.168 216.241 258.748 264.802 260.07 252.246 244.382 232.953 222.196 207.646 191.85 175.274 153.855 131.204 104.955 71.0332 13.5575 -1.16253 
0.913489 0.580407 0.408724 1.37313 0.677102 0.105076 0.292152 0.501438 0.28113 1.11093 0.531979 1.17058 0.506274 0.66686 0.665108 0.813292 0.269457 0.11723 0.619661 1.04824 12.7128 75.7751 109.81 137.935 164.661 184.182 201.124 215.978 226.407 237.794 244.287 269.744 240.408 210.021 194.582 175.551 169.425 168.924 168.124 169.524 170.146 174.813 181.114 190.285 199.493 204.897 209.433 222.525 262.524 272.588 266.315 260.391 250.937 239.927 228.734 211.668 194.425 175.968 152.66 126.971 98.9487 61.6661 1.7654 -0.490402 
0.518221 0.292277 -0.0216947 0.614875 -0.274441 0.21097 0.312898 0.721021 0.58639 0.735214 0.699202 1.05093 0.806606 1.18186 0.132582 0.6011 0.479615 0.999046 0.774572 1.33013 -0.265524 52.8302 98.6748 127.887 154.585 177.334 194.389 208.751 223.445 235.689 245.353 256.419 230.485 203.858 194.307 179.089 169.826 167.8 166.904 168.63 170.328 173.969 180.174 186.782 194.708 202.609 207.902 224.875 262.891 274.266 268.418 260.674 249.363 238.25 222.782 207.489 188.56 167.805 141.951 115.294 81.1688 25.7653 -0.634142 -0.224449 
0.613122 0.514985 0.034673 -0.111332 0.765024 0.355178 0.376815 1.04083 0.699237 0.203234 0.258078 0.647991 0.515368 0.0171086 0.57843 0.465941 0.922144 0.665669 0.664285 1.78873 1.95418 18.435 78.7321 110.355 139.053 161.968 181.953 198.161 209.261 223.648 237.238 250.857 220.552 196.513 186.037 178.109 165.498 163.219 163.191 164.791 165.647 170.269 175.78 182.006 188.302 196.21 208.179 226.375 259.237 269.223 260.114 248.281 237.18 225.423 209.873 194.864 174.893 152.726 123.622 93.6584 44.634 -0.143629 0.185536 -1.013 
0.729057 0.320162 -0.206726 0.475473 0.453697 0.632805 0.604193 0.351342 0.52063 0.519404 0.193379 0.614312 0.40204 0.81663 0.507395 0.109828 0.545902 0.461704 0.960127 1.26852 2.03737 1.30324 50.1511 91.6394 119.86 145.047 165.909 181.313 194.521 205.717 215.992 229.34 206.341 182.936 174.06 166.265 159.302 154.728 154.813 156.432 154.79 156.283 159.693 164.574 171.277 177.376 185.156 198.834 229.33 246.66 239.207 228.421 215.434 203.811 191.345 175.867 157.003 129.562 96.2151 51.9202 1.93864 0.989957 0.0386569 -0.421019 
0.145535 0.945314 0.5827 0.217882 0.298148 0.566601 0.476663 -0.270107 0.61193 1.39465 0.547411 1.145 0.180688 0.719809 0.750426 0.442769 0.751986 0.6589 1.0566 1.16897 1.72797 2.48053 29.1528 80.861 112.036 137.546 156.822 172.321 183.174 194.927 205.856 212.892 187.373 167.783 161.513 154.895 150.028 146.966 146.07 143.093 143.468 143.051 145.353 146.815 150.113 156.081 161.311 173.546 204.259 223.048 212.951 202.29 189.854 180.181 169.448 152.904 128.984 105.609 73.9365 18.4318 2.21622 0.712182 -0.327235 -0.310606 
0.29723 0.727122 1.10235 0.863657 0.758374 0.480017 0.457791 0.459926 0.564984 0.725417 -0.143017 0.799253 0.373635 0.156257 0.706676 0.305553 0.599554 1.09392 0.888003 1.2779 1.97531 2.42387 29.4774 79.8149 110.787 134.51 156.383 171.834 182.155 191.624 203.33 210.872 181.599 157.206 146.624 139.062 136.196 132.712 131.062 130.368 129.321 129.428 130.662 133.583 138.297 144.683 151.468 163.718 195.021 212.887 206.121 197.436 185.633 174.644 168.486 149.879 130.883 105.161 72.4004 17.3748 1.63336 0.667286 -0.240327 -0.244187 
0.853573 -0.10974 0.296398 0.739477 0.210025 0.290902 0.634427 0.426512 0.701494 1.11487 0.478933 0.190256 -0.25631 0.302883 0.169398 0.734608 0.822394 0.160037 0.78416 0.388955 1.70758 2.8308 25.4638 78.1064 108.699 133.709 154.059 172.339 179.224 192.8 201.022 209.22 179.167 157.439 147.267 140.371 134.262 131.563 129.25 127.938 129.715 128.745 130.687 131.719 136.975 142.647 150.981 162.22 193.875 212.285 204.272 197.1 182.073 175.473 165.917 149.614 129.272 104.249 74.9708 20.5565 1.15667 -0.0638874 -0.504649 -0.407644 
1.32745 0.732475 0.13845 0.0421273 0.347572 0.382498 0.865996 0.094724 0.384338 0.784795 0.563469 -0.385915 0.538094 0.386181 0.64583 0.934186 0.801406 0.756827 0.844816 0.669214 1.92673 1.97427 25.7784 77.9932 108.464 133.478 153.996 169.93 180.975 193.797 201.107 208.525 180.006 157.303 147.136 139.847 135.062 130.232 128.681 127.805 128.892 128.68 130.097 132.266 136.424 142.074 148.892 160.375 190.285 212.776 204.406 194.942 183.444 173.762 165.906 149.745 130.125 104.641 73.4511 20.052 0.845033 -0.62077 -0.771173 -0.980165 
0.596913 0.796798 0.548989 0.233438 0.910895 0.677026 0.04361 0.540587 0.478723 0.753493 0.857012 0.527381 1.01567 0.86227 1.35381 0.119134 0.256404 0.397765 0.32611 0.466704 1.43335 1.52637 23.8692 77.5794 107.446 132.745 152.614 169.112 178.906 189.32 199.541 207.378 179.664 156.711 146.832 139.855 134.748 131.836 128.127 127.025 127.584 127.232 128.496 132.432 135.08 141.527 148.602 160.975 184.963 213.178 203.366 195.648 184.425 172.017 165.514 150.078 129.977 105.254 75.0166 20.5735 0.49805 -0.509039 -1.32546 -0.931624 
0.380917 0.165376 0.353279 0.993346 0.405179 0.418036 -0.239287 0.310557 0.622988 -0.447001 -0.339832 0.523678 0.335312 0.59737 0.283676 0.413063 0.558693 0.432231 0.513031 0.253269 0.981134 2.12805 21.7317 75.0572 106.753 133.575 154.046 169.942 178.704 187.574 198.591 206.03 180.098 155.064 145.645 138.988 133.606 130.127 127.918 127.049 126.574 128.701 127.529 132.395 134.082 140.06 146.942 158.999 179.991 215.62 204.1 196.612 184.978 169.765 166.311 150.831 130.495 105.681 76.0207 25.286 0.574854 -1.12198 -1.41943 -0.703877 
0.41359 0.320635 -0.158994 0.624636 0.00420417 0.543773 0.381146 0.388179 0.536272 0.293619 0.438841 0.868835 0.157027 0.964023 1.24222 0.286303 0.493247 0.836304 0.6797 0.61608 0.888616 1.80417 16.8238 72.0459 103.755 129.691 151.188 168.515 177.94 186.657 198.951 206.124 184.451 157.718 146.065 141.58 134.68 130.942 127.527 125.883 125.793 127.118 128.125 129.583 132.654 138.729 145.488 156.723 173.551 215.462 205.188 197.575 186.055 168.114 170.105 153.051 133.423 110.515 81.1595 32.2763 0.377032 -0.386889 -0.740349 -0.761961 
0.469347 -0.247913 0.275931 0.0401964 0.890727 1.06559 0.0223778 0.388026 1.29202 0.367235 0.0878614 0.13684 0.345693 0.535601 0.519973 0.328105 0.125562 1.0914 0.262071 0.187356 1.22203 1.95427 15.9359 70.8812 103.598 130.338 151.685 167.712 177.717 186.437 198.518 203.16 183.277 156.751 145.411 138.767 133.137 129.184 126.629 124.904 126.154 127.321 127.733 130.856 133.381 138.058 146.531 155.069 173.365 214.127 206.422 198.13 186.57 170.24 169.116 152.368 133.177 109.727 80.5306 33.1447 0.459129 -0.490368 -0.757786 -1.02336 
0.518205 0.248791 0.50418 -0.126767 0.267083 0.325465 0.741213 0.795385 0.247168 0.572178 0.725858 0.598375 0.472463 0.960919 0.442457 0.399621 0.369021 0.783176 0.691803 0.476456 1.03597 2.0244 14.7344 70.6586 102.43 129.438 149.577 168.404 176.205 185.339 195.732 203.759 182.866 157.557 145.988 138.32 133.901 129.618 127.209 126.03 126.368 125 126.335 128.251 133.092 137.964 145.154 154.772 171.169 211.339 206.748 198.378 186.49 169.577 169.116 153.73 135.124 111.284 81.5539 33.3827 0.64823 -0.126813 -0.757446 -0.845044 
0.716661 0.801256 0.213028 -0.0954027 0.0533101 0.877602 1.03569 0.314966 0.42491 0.0426214 0.169534 0.108564 0.164691 1.23229 0.399325 0.497762 0.308373 0.578141 0.359458 0.83452 1.15919 2.25721 13.1235 69.774 101.934 128.945 150.238 166.436 176.269 184.79 196.746 203.94 182.696 156.61 157.26 139.55 133.344 128.454 125.984 125.428 124.929 125.168 126.652 128.497 131.86 137.812 144.587 154.035 170.643 211.412 206.354 196.925 186.669 171.62 170.029 155.058 135.465 112.579 83.1514 35.9264 0.815345 0.162646 -0.386429 -0.666197 
0.855216 0.529439 0.0442224 0.133103 0.461252 0.227803 0.529876 0.54615 -0.0849712 0.431787 1.12342 0.666232 0.329678 0.58479 0.0728813 0.570906 0.165946 0.107021 0.711685 0.656805 1.36393 2.70824 13.7204 68.9532 102.526 130.339 149.79 167.098 174.689 184.722 196.155 204.55 183.672 157.217 145.174 138.082 132.814 129.585 126.084 124.97 126.832 126.078 127.668 128.444 132.882 137.059 143.385 154.248 170.854 211.617 206.508 198.48 187.173 171.502 171.631 154.586 136.012 112.713 84.0822 36.9036 1.61099 1.07603 0.153788 0.0989581 
0.247852 0.927852 0.583521 0.010082 0.703629 0.504396 0.256553 0.682553 0.463087 0.342378 -0.0327992 -0.380838 0.228656 0.250793 0.48699 0.285508 0.181046 0.536984 1.15672 1.37114 1.70328 2.62392 12.1973 68.7872 101.517 128.369 149.237 167.947 175.086 182.902 195.033 202.891 184.148 156.961 145.93 138.76 133.267 130.217 125.951 126.586 125.014 125.81 127.258 128.409 130.476 137.97 143.988 153.538 170.243 207.41 207.871 198.854 188.722 170.134 172.424 155.146 138.119 114.775 86.7194 43.0178 1.42614 2.57496 1.18783 0.426589 
