-0.665281 -0.898906 -1.07506 -1.18468 -0.999934 -1.05409 -1.23198 -0.807123 -0.30858 0.506428 20.8231 73.6575 103.344 127.808 148.34 164.929 173.072 180.763 189.457 199.66 206.313 172.907 154.823 144.471 136.999 131.937 129.123 126.628 125.307 125.442 126.081 126.865 131.863 134.522 141.473 149.267 160.876 194.969 202.532 195.125 186.331 166.842 172.811 152.999 134.301 110.577 83.315 36.9656 0.476084 -0.0131386 -0.913016 -1.0723 -1.05712 -0.802925 -0.701673 -0.8039 -0.992216 -0.965909 -1.16018 -1.03639 -1.05971 -0.986404 -0.647563 -1.09589 
-1.52463 -1.43782 -1.26037 -0.705874 -1.36641 -1.25042 -1.24469 -1.09291 -0.266717 0.617052 20.8995 73.5602 104.147 128.891 149.121 164.818 173.37 183.939 191.72 200.48 207.425 172.969 155.314 144.928 137.438 131.985 129.356 126.488 124.801 125.141 125.472 125.619 131.479 134.589 141.111 148.915 162.626 196.127 201.523 195.672 186.474 166.502 172.201 152.95 134.103 111.28 81.9943 35.1828 0.491943 0.048991 -0.752359 -1.0734 -0.856981 -0.892509 -1.33161 -1.02007 -1.3014 -0.894589 -0.917846 -1.12441 -0.853112 -1.03724 -0.786847 -0.971684 
-0.942416 -1.56658 -0.767052 -0.995614 -1.09757 -1.34081 -1.1808 -0.322342 -0.285134 0.833401 21.7491 74.9176 104.875 129.25 149.264 165.666 171.648 181.721 191.642 199.211 208.133 172.711 155.255 144.591 137.388 132.295 129.266 127.874 125.071 125.492 125.591 127.234 131.28 134.266 142.261 150.838 163.136 195.173 204.026 196.132 186.313 167.728 171.56 153.42 134.612 110.227 82.0198 36.4069 0.182201 0.0834907 -0.723752 -1.00757 -1.13078 -0.928269 -1.24445 -0.840247 -1.03586 -1.11895 -0.780554 -0.549529 -0.848139 -0.984348 -1.00493 -1.02126 
-1.5053 -1.81436 -0.930608 -0.869119 -1.21037 -0.737869 -0.60594 -1.20479 0.136396 0.644369 23.0244 74.3398 104.248 128.958 149.023 165.148 175.545 181.643 190.868 201.395 206.74 172.706 155.537 145.351 138.066 133.499 129.66 127.233 124.792 126.1 124.808 127.447 132.47 136.255 142.453 152.194 168.739 196.995 205.23 196.912 186.921 168.562 171.963 152.84 133.935 111.244 82.205 34.3802 0.833961 0.0686557 -0.569378 -0.995328 -1.02384 -1.05689 -0.800339 -0.765638 -0.652221 -0.945966 -0.830994 -0.90174 -0.798932 -1.26717 -1.39694 -1.48412 
-1.283 -1.27866 -1.17561 -0.95377 -1.63795 -0.605635 -1.31998 -0.0594144 0.630367 1.30525 22.9286 75.3302 105.539 130.336 148.92 165.815 173.58 181.458 191.765 200.743 208.615 173.443 156.655 145.549 137.901 133.65 129.286 127.374 127.773 126.65 126.023 127.921 132.496 136.17 143.485 150.605 167.056 197.814 204.1 196.348 188.39 167.041 173.295 153.302 134.878 110.62 81.5333 34.5761 1.14148 0.546567 -0.350163 -0.807238 -0.847191 -0.895198 -1.32412 -0.640173 -0.822288 -0.423578 -0.729229 -0.762422 -1.00775 -1.16864 -0.750034 -0.87426 
-1.21992 -1.44026 -0.873307 -1.21449 -0.864931 -0.376473 -0.647885 0.22496 1.06037 1.77274 25.0589 76.9387 106.929 131.453 150.641 166.635 173.394 182.324 192.231 201.616 209.115 172.937 156.767 146.22 139.259 133.803 130.801 127.203 126.738 126.758 126.163 128.375 132.893 136.689 143.654 152.716 168.165 196.424 205.268 197.562 188.079 168.958 172.822 154.977 134.612 111.66 83.265 33.7363 1.35183 0.916665 0.353635 -0.371477 -0.477988 -0.877746 -0.841186 -1.18468 -0.877532 -0.789092 -1.10885 -0.968269 -1.05763 -0.623087 -1.00107 -1.37095 
-1.21525 -1.13033 -1.21091 -0.929066 -0.844368 -0.409417 -0.112891 0.630944 1.12752 2.18008 20.2233 73.4124 103.518 130.709 149.037 165.773 173.968 181.969 193.265 201.952 213.422 174.94 158.723 147.124 140.59 135.199 131.383 129.543 128.732 127.399 127.448 129.578 133.316 137.697 143.951 152.437 164.451 195.166 206.921 200.147 191.068 173.575 173.791 156.398 137.547 115.118 87.4862 43.5222 1.77099 1.51963 -0.009378 -0.2471 -0.394552 -1.06507 -0.958496 -0.831901 -0.84771 -0.932797 -0.649707 -0.545763 -1.42841 -0.887298 -0.928591 -0.620203 
-1.10882 -1.04153 -0.987799 -0.894194 -0.92085 -0.287266 0.00771275 1.10043 1.47681 2.94996 19.6424 75.116 105.095 129.125 149.01 165.243 175.999 182.609 193.305 202.286 215.253 177.481 159.588 148.13 140.974 136.051 132.372 129.108 127.185 127.311 127.501 129.789 133.51 138.035 143.908 150.785 165.713 196.048 206.767 199.292 190.296 172.516 172.215 155.77 138.787 115.942 88.7908 44.732 2.37556 1.91064 0.900159 0.247637 -0.485915 -0.576573 -0.621651 -1.02554 -0.999058 -1.18016 -0.851302 -0.77134 -1.39741 -0.898053 -0.791362 -0.451067 
-0.904327 -1.43904 -1.0547 -1.08295 -1.0866 -0.316951 0.0870064 0.932637 1.58761 1.73942 27.4018 77.6407 107.985 131.452 151.311 167.07 175.646 183.666 194.257 203.446 216.757 177.226 159.159 148.247 140.721 137.341 133.702 131.196 129.597 128.017 128.985 130.826 135.42 139.818 144.52 152.912 165.356 199.203 208.238 199.565 192.097 175.647 173.231 157.269 138.404 116.457 88.7331 44.3833 2.22591 2.47311 1.18439 0.110271 0.0403035 -0.617544 -1.1056 -1.14094 -1.03115 -1.00627 -0.945409 -1.1354 -1.16372 -1.23275 -1.09095 -1.22197 
-1.43129 -1.23424 -1.04493 -1.46249 -0.469559 -0.222756 0.185609 -0.364804 5.3931 44.6131 82.1606 100.218 121.617 141.29 159.423 174.908 184.216 192.734 202.775 210.627 226.989 186.733 166.529 155.57 148.457 142.976 137.719 134.94 133.915 133.317 132.878 133.277 138.403 143.022 148.205 155.168 169.483 202.149 210.966 203.907 195.567 180.981 178.769 164.083 147.421 127.716 102.551 71.6122 32.041 1.16442 0.914475 1.1791 -0.406266 -0.433295 -0.965061 -1.04673 -1.13469 -0.956867 -1.01031 -0.924601 -0.816054 -1.41689 -1.07872 -0.85082 
-1.43563 -0.904711 -1.25195 -1.0045 -0.205835 -0.637746 2.73823 34.9679 45.6197 88.3728 112.734 135.23 153.564 170.878 184.757 195.086 202.856 208.325 216.015 221.203 232.444 191.307 173.066 160.863 153.436 147.196 142.15 140.438 139.335 139.455 140.896 141.318 147.57 151.613 156.905 166.94 179.733 213.976 223.658 218.444 212.493 201.046 195.022 181.917 167.116 148.97 128.545 105.274 79.9074 42.4278 22.7702 4.29392 0.178791 -0.351005 -0.679426 -0.555934 -0.869434 -1.10957 -1.06205 -0.875527 -0.580259 -1.099 -1.02769 -0.712846 
-1.01746 -1.41116 -1.15507 -0.824891 -1.10632 -1.01363 26.0152 66.3532 79.3506 101.945 124.089 144.528 162.623 180.392 194.311 206.59 212.922 224.517 229.581 236.943 247.773 204.508 186.627 176.078 166.002 159.688 156.903 154.764 151.842 151.261 151.779 153.377 156.981 162.143 167.819 176.777 190.5 226.478 237.69 230.449 222.625 215.249 206.66 195.537 181.603 167.622 152.457 137.3 120.229 103.746 77.1207 42.4465 0.879732 -0.622772 -0.464195 -1.04962 -1.20273 -0.403645 -1.4328 -1.12896 -1.16524 -1.50528 -0.576619 -1.40816 
-1.82511 -1.35283 -1.15586 -0.730691 0.597404 11.0486 44.0159 79.3814 96.7279 120.215 139.515 156.462 171.3 188.13 199.693 211.235 220.324 229.766 233.506 240.955 250.597 206.296 190.647 178.082 165.909 155.939 151.229 152.473 156.551 155.835 156.123 157.882 162.81 166.878 175.838 184.481 198.234 232.658 246.419 241.945 237.648 229.001 220 209.002 196.82 180.992 166.043 147.51 131.754 115.993 98.1399 61.5599 16.3254 -0.584981 -0.964325 -1.19936 -0.907407 -1.30997 -0.63993 -0.772395 -0.669255 -0.840701 -0.785098 -0.900663 
-1.2536 -1.37321 -0.298267 3.82049 9.55111 18.5077 45.2929 82.9233 99.3655 124.128 142.55 162.603 180.962 196.411 209.971 219.068 228.383 233.254 237.407 243.983 252.252 207.999 191.318 176.792 156.659 147.055 144.743 144.389 151.68 156.661 156.476 159.214 165.818 169.613 177.947 187.52 204.242 239.928 253.937 250.412 242.465 236.745 225.322 211.359 198.101 182.157 166.717 145.626 131.642 121.04 104.741 70.1015 22.6929 -0.73569 -0.694418 -0.76006 -0.788913 -0.848909 -1.2799 -1.21171 -1.03831 -0.956387 -1.31005 -1.12897 
-0.815105 0.619782 1.71701 2.33619 4.44929 8.19637 12.5761 44.3616 61.0054 81.7791 115.573 127.576 143.861 162.173 178.043 192.079 204.104 212.281 220.145 225.303 234.683 195.284 170.624 149.357 140.259 133.613 132.307 130.163 131.653 139.294 147.735 149.426 156.075 160.887 166.84 176.73 190.012 224.588 234.636 229.652 221 210.289 203.174 190.907 177.882 164.13 149.718 130.358 120.599 118.368 107.848 75.5264 19.6459 -0.186017 -0.258877 -0.951894 -0.76164 -0.873216 -0.998355 -1.34848 -1.33702 -0.75258 -1.25002 -1.04879 
0.637249 -0.0531123 -0.199753 0.714668 0.287216 0.885058 1.31269 1.24241 0.406785 -1.13608 22.6145 80.167 112.85 137.603 159.422 177.188 190.102 197.744 206.735 215.3 218.417 166.287 148.895 135.268 128.83 124.226 121.858 120.423 120.067 119.997 123.09 133.005 145.179 149.663 156.459 165.759 178.332 210.626 221.579 214.855 205.261 192.355 178.321 159.708 139.889 120.946 98.9515 59.3162 23.76 25.7672 26.0798 17.5694 7.27266 -0.239257 -0.664001 -0.735728 -0.556286 -1.17572 -0.90956 -1.08079 -1.3727 -1.04468 -0.649128 -0.896354 
-1.03032 -0.314403 -0.74139 0.105642 0.0393641 0.141921 0.408928 0.97558 2.0393 2.49251 0.190612 57.9251 89.3985 115.891 136.102 155.068 170.373 180.107 187.66 179.905 180.234 140.141 126.075 115.502 110.215 107.108 104.28 103.004 102.616 100.333 102.348 103.807 112.834 126.578 134.849 142.792 156.024 188.041 195.942 189.576 178.36 165.673 152.124 133.077 108.454 89.7106 43.6961 3.14913 3.98569 3.75572 3.84108 3.59222 6.17754 12.4971 -1.58581 -0.778954 -0.726323 -0.716901 -1.29173 -0.785884 -0.923161 -0.727264 -0.760537 -0.996735 
-0.799284 -0.665792 -0.0973869 -0.198486 -0.370488 0.00714722 0.55523 1.09578 1.06066 2.06412 0.85728 54.6846 88.5548 114.655 135.772 152.483 166.003 177.695 167.65 159.608 169.488 132.443 119.5 109.97 105.418 100.931 97.9592 97.7974 97.173 96.2495 96.9725 98.6165 103.695 110.847 124.068 140.69 153.657 184.757 193.904 185.933 175.122 162.661 149.054 130.16 107.089 83.4462 35.5579 3.16813 3.38888 2.31003 2.20146 2.11899 3.55283 3.53807 -0.399213 -0.866177 -0.994937 -0.948275 -1.14819 -0.848227 -0.899901 -0.907998 -0.772788 -0.923423 
-0.779968 -0.360162 -0.383135 0.0123455 0.0315919 -0.16419 0.140892 1.04882 1.07726 1.44942 -0.418323 50.9046 86.7395 112.875 134.053 150.539 163.735 169.033 148.04 146.305 162.412 129.155 116.547 107.916 102.757 98.8003 96.0933 95.1143 94.1883 93.6367 94.2513 95.9543 99.981 105.895 112.278 126.637 153.474 184.521 194.517 184.611 174.265 161.507 148.032 128.378 103.684 79.4265 31.0818 3.56361 1.91393 1.65356 1.2104 1.72858 3.08916 3.57895 -0.332565 -0.949787 -1.0208 -0.83361 -1.11327 -0.963545 -0.446352 -1.16428 -0.882956 -0.567044 
0.330687 0.0271137 -0.085669 0.141634 0.784461 0.098958 0.57098 0.248666 1.41475 1.54544 -0.404915 46.7996 83.7493 110.91 132.105 150.454 162.392 156.013 138.488 137.922 157.675 127.022 115.645 107.436 101.005 97.192 95.5246 92.9848 92.0913 91.6491 92.6125 94.5295 98.4239 101.754 108.588 118.038 139.754 189.013 192.029 183.687 172.875 161.237 145.764 126.03 101.506 77.1198 28.1256 2.70386 0.892873 1.8132 1.45201 1.24835 3.385 1.71629 0.00323038 -0.853404 -1.21892 -1.10584 -0.91966 -0.938694 -0.848098 -1.25882 -0.925984 -1.10586 
-0.136761 0.221407 0.0535954 0.419035 0.435467 -0.737922 0.0448737 0.0840265 0.519194 1.30256 -0.441266 46.396 83.18 108.915 131.072 149.641 160.53 148.103 130.68 130.255 152.834 127.168 113.377 106.15 100.736 96.2514 93.9983 92.4019 90.7682 90.8339 91.2927 93.2175 95.6981 99.891 105.862 113.996 131.678 180.483 191.125 183.151 170.925 159.572 143.798 124.235 99.9507 73.8971 24.8669 1.95416 0.882683 0.746505 1.28282 1.27596 4.359 1.76198 0.656236 -0.78108 -1.42099 -0.786733 -0.795935 -0.984936 -0.912159 -0.754999 -0.880329 -0.706161 
0.399072 0.394845 -0.0193509 -0.0166336 0.15466 0.0445032 0.632858 0.424908 0.581215 0.799145 -0.101595 43.9278 83.9246 109.126 130.331 148.069 162.847 142.206 127.143 125.626 148.749 128.444 113.673 105.808 100.093 96.2536 93.5673 92.3133 90.7137 91.0318 90.6755 92.0173 96.0088 98.3099 104.745 113.082 128.1 178.102 190.776 181.012 171.289 157.727 143.367 122.282 99.5615 72.2648 22.9463 1.64148 1.11278 1.27728 0.64628 1.53373 5.35788 1.68102 1.40239 0.86981 -0.841524 -1.16907 -0.880544 -1.31341 -1.05792 -1.31481 -1.19062 -1.02168 
1.04318 0.942587 0.712875 0.986849 1.13392 0.471972 0.0828697 0.593772 0.846917 1.22483 0.648877 43.6655 83.4973 108.274 131.044 148.023 160.115 142.775 124.905 122.164 147.034 128.182 114.046 106.452 100.511 96.3498 93.8916 92.2737 90.9865 90.8303 91.5472 92.5345 95.1317 99.571 104.561 112.602 126.327 175.687 190.092 181.627 171.205 157.631 142.244 121.54 98.7776 73.2267 18.1347 1.50524 0.982132 1.07131 1.37342 2.75545 4.43515 1.20481 1.06824 1.71521 -0.671001 -1.03789 -1.36131 -0.596944 -1.15799 -1.12089 -0.921637 -0.838929 
1.18231 1.56392 1.2605 0.512385 1.01174 0.455255 1.70808 1.08207 1.2942 1.57022 1.42303 37.612 80.9175 106.5 129.079 147.43 158.604 149.633 125.001 120.601 141.088 134.935 115.719 107.574 100.755 97.2624 93.5175 92.2905 92.1864 90.9174 91.2533 92.1496 95.3344 98.6605 103.347 111.47 125.825 174.037 189.172 181.607 171.986 159.24 142.757 122.838 99.2477 75.6681 22.5165 1.47866 0.572315 1.11805 1.51218 3.25733 3.71841 0.910181 0.719672 1.22675 1.3532 -0.688457 -0.770919 -1.33132 -0.887757 -1.30686 -1.07419 -0.603122 
1.06774 1.46785 1.09835 1.11918 1.10945 1.17582 0.834914 0.496585 1.65677 2.0128 1.97651 34.7168 80.3372 105.634 127.877 146.118 157.814 154.966 128.073 121.198 137.515 137.544 116.47 108.45 101.484 97.5617 95.9095 93.6385 91.7218 92.322 92.1895 92.5919 95.8381 99.5392 104.811 111.625 124.924 173.49 189.017 182.656 170.135 157.312 143.301 124.201 99.5322 75.6247 22.4857 2.10749 1.18887 1.34756 1.18853 4.19911 2.02624 1.11145 0.700246 1.01855 1.51481 0.60119 -1.26519 -1.15935 -1.09751 -1.16294 -0.848015 -1.53834 
0.417014 0.841716 0.98918 0.425676 0.705958 0.7402 0.578795 0.422733 1.45657 1.92996 2.31331 34.7195 80.2429 105.396 128.806 146.535 158.727 161.255 130.598 121.439 138.376 140.394 117.089 109.762 102.932 99.3326 95.3995 94.2707 93.3474 92.804 92.7794 93.1935 97.5712 99.4824 105.332 113.459 127.462 177.908 189.843 181.876 170.832 157.663 143.581 123.388 97.2926 75.0066 20.4947 2.15257 1.06183 1.03788 1.07023 3.95936 1.86056 1.33511 0.61643 0.440287 0.214591 0.598722 0.562519 -1.08871 -0.998939 -0.585432 -0.94726 -0.989532 
1.10076 1.61595 1.02467 1.20719 0.668222 0.456968 0.631595 0.683277 0.881517 1.90901 2.0099 36.2123 79.9425 105.036 128.504 144.986 158.705 165.729 134.49 124.128 141.591 140.643 118.419 109.414 103.933 99.283 96.9633 94.4344 93.9351 92.9771 93.1324 93.7799 96.979 100.486 107.593 116.6 130.251 183.772 189.487 180.315 170.5 157.346 141.845 122.396 96.2148 75.7316 18.6772 2.15784 1.25669 0.587773 2.13283 3.43826 1.61518 1.26248 0.65376 0.861194 0.537503 0.954667 0.893747 0.448339 -1.22027 -1.02089 -1.16756 -0.90307 
0.845035 0.706165 0.716786 0.921744 0.818165 0.188568 0.918474 0.428387 0.708298 1.64874 1.86922 35.9885 80.2946 106.391 128.355 146.445 159.464 171.515 141.188 127.65 144.678 141.713 119.983 111.811 105.641 100.766 97.9543 95.1795 93.7706 94.0677 94.5371 93.9329 98.3961 102.207 108.214 117.582 139.153 181.427 189.357 180.211 170.984 156.461 142.376 121.646 97.0516 73.5971 18.0065 1.9888 1.0138 0.921866 2.41546 1.96709 0.460892 1.08694 0.545683 0.777957 0.282423 0.678538 0.836601 0.471211 -0.921517 -1.09696 -1.07399 -0.534508 
0.71361 0.775148 0.517534 0.709299 0.57173 0.708591 -0.154389 0.955857 1.06871 1.57231 1.77626 36.2401 80.4116 105.542 127.57 146.311 159.912 169.436 156.089 133.819 150.219 143.72 120.665 112.614 106.281 101.83 99.2232 97.3855 95.1359 95.2941 95.3052 96.959 100.197 104.919 112.291 122.985 147.982 181.743 189.534 181.794 170.917 156.777 142.25 121.275 99.3327 69.4619 16.7882 1.29807 0.219489 0.341896 1.87816 1.61829 1.24827 0.562654 0.617428 0.0163622 0.68647 0.642903 0.765665 1.13142 0.236763 -1.30724 -0.946944 -0.803877 
0.56525 0.62391 0.732681 0.11358 0.695295 0.193095 0.678953 0.0706625 0.48834 1.15558 1.52803 36.0782 79.7823 105.966 129.336 146.76 159.558 169.464 170.978 142.754 158.444 145.996 123.528 113.922 108.504 103.738 100.708 98.3103 97.3992 97.1798 96.7679 99.359 103.391 109.47 117.35 133.329 149.198 183.723 187.646 180.713 169.326 156.282 141.347 120.24 102.053 64.3196 15.3566 1.35031 0.984901 0.439379 1.85623 1.42216 0.500909 0.984715 1.01438 0.406003 0.39017 0.52596 0.291321 1.27226 0.441266 -0.302014 -0.50788 -0.949159 
0.609685 0.568927 0.793711 0.334286 0.776081 0.535487 0.410699 -0.398524 0.175915 0.742745 1.59284 37.2203 80.6986 106.134 129.315 146.054 159.68 171.085 181.048 158.692 166.327 151.475 126.45 118.015 111.411 106.451 103.293 101.127 99.1866 98.9867 100.966 103.503 110.193 117.438 126.044 135.276 149.259 184.518 188.66 181.068 169.579 156.371 140.797 119.564 99.9736 65.245 14.018 2.09908 0.71649 0.485484 1.84976 1.2072 0.268968 0.00645475 0.542135 0.500577 0.719175 0.675121 0.108871 -0.021291 0.237914 -0.445358 -0.945107 -1.09929 
0.371369 0.409624 -1.06797 0.700396 0.600675 -0.0491953 -0.0804545 -0.0715005 0.54115 1.09426 1.55477 39.7254 80.4833 106.713 128.699 146.276 158.816 171.285 181.435 186.881 181.008 159.338 133.452 123.817 116.562 111.27 109.132 106.349 105.839 105.804 109.468 111.3 119.28 120.959 126.51 135.174 149.544 183.184 187.665 179.257 167.492 155.238 140.535 120.29 99.093 65.1671 13.4076 1.77556 0.500972 1.26834 2.50751 0.926095 0.838973 0.146304 -0.0275175 0.291423 0.00253951 0.261347 0.120127 0.076377 0.0538232 0.24102 -1.12161 -0.828728 
4.01162 4.72081 3.65861 3.80084 4.13383 2.91839 3.73975 3.99618 3.62186 4.84753 3.94417 45.2861 85.7532 112.367 134.435 152.29 165.894 176.408 186.81 194.799 200.877 180.562 152.272 142.563 135.37 128.098 122.972 120.676 117.952 118.373 117.211 118.351 115.838 119.499 125.808 134.316 147.801 182.154 185.046 176.844 165.698 153.766 138.54 117.528 94.3065 63.4064 12.3954 1.16567 0.661259 1.02698 1.93742 -0.152259 0.409664 -0.15049 0.0816554 0.94236 -0.0406299 0.0866024 -0.230307 -0.448919 -0.0414182 -0.451051 -0.570828 -1.02552 
5.32235 4.40466 4.87413 4.29393 4.09457 3.89262 4.36891 3.90604 4.09626 4.88243 4.73138 45.3417 87.8476 113.128 135.518 153.145 167.956 178.774 188.044 195.973 201.969 180.472 154.067 142.364 133.676 128.96 124.7 121.551 118.909 119.583 118.054 119.301 115.118 119.269 125.916 134.954 148.035 183.147 186.211 178.013 166.059 152.957 138.702 116.561 94.4106 61.9866 11.7302 1.11862 1.00289 1.18142 0.739212 -0.501583 -0.275252 -0.138361 1.52356 -0.450363 -0.0644296 -0.467379 -0.370285 -0.0407721 0.200699 -0.340271 -0.409271 -1.56484 
4.38656 5.55812 3.97723 4.38111 4.14549 4.60799 5.04724 3.95072 4.94137 5.3896 4.45164 48.4547 88.4684 113.972 135.251 153.846 168.863 177.824 187.58 197.104 204.934 182.168 154.844 142.908 135.076 129.561 123.888 121.753 119.725 119.363 119.42 119.802 116.434 120.967 125.871 134.312 148.623 183.088 185.568 177.519 166.172 154.062 138.165 116.185 95.4409 61.3167 11.0889 1.49933 -0.269082 0.803493 0.161778 0.219615 -0.425945 -0.0244681 0.562124 0.36265 -0.407599 -0.153928 -0.126887 -0.156697 -0.185091 -0.376162 -0.507417 -1.21862 
4.95946 4.94143 4.7853 5.01175 4.32391 4.87127 3.72634 3.43539 4.2915 4.26097 3.74602 50.512 88.3412 114.105 136.663 153.62 167.76 179.028 189.005 197.122 205.467 181.425 154.42 143.735 135.898 128.818 125.576 121.004 120.067 120.01 118.553 119.199 116.027 120.281 126.915 134.705 148.824 182.574 184.616 177.29 166.837 152.979 137.175 115.777 94.1773 61.0459 10.5872 0.737151 0.403294 1.33473 -0.0522313 0.129665 -0.0129655 -0.407329 0.152953 0.366031 -0.43197 -0.468387 -1.2801 -0.361201 -0.534985 -0.139192 -1.55239 -0.646336 
5.43033 4.26134 4.18197 3.6421 3.39421 4.42042 4.29078 4.53278 4.41392 4.71307 2.96267 51.7937 89.484 114.924 136.475 154.038 167.249 179.31 188.493 197.857 204.963 181.194 155.962 143.231 134.901 128.897 125.951 122.015 121.131 119.932 119.61 119.835 116.106 119.835 125.811 134.395 148.594 183.219 186.167 178.021 166.02 152.6 137.233 115.554 93.841 60.0437 9.94431 1.38691 0.931157 0.110347 0.170892 0.12649 -0.308987 0.223723 0.113605 0.861145 0.253949 -0.280175 0.431999 -0.224332 -0.597702 -0.533894 -1.06936 -0.942894 
4.72539 5.04218 4.4661 4.20754 4.02418 4.83348 -1.18579 5.06044 3.93324 5.18903 2.28707 53.3453 89.5619 115.928 137.631 154.429 168.243 179.737 188.122 198.349 204.947 180.226 155.955 141.33 135.685 130.438 126.087 122.464 120.175 118.949 119.899 120.034 116.43 120.157 126.271 135.327 148.667 186.848 186.356 177.116 177.362 152.744 136.717 115.335 93.0071 60.1279 9.3908 1.54082 0.295594 0.149576 -0.361185 -0.0245529 -0.273181 -0.0765225 -0.278168 -0.729477 1.56041 -0.20648 -0.979113 -0.546907 -0.289391 -1.20539 -1.11718 -1.45227 
5.30099 3.52413 4.19006 4.96739 4.45813 3.79919 -4.07653 5.11052 4.31464 5.0847 3.15294 54.6624 90.8864 117.185 137.598 154.642 169.689 178.895 188.169 198.46 205.628 179.886 154.637 144.113 134.649 129.464 126.642 122.263 120.696 119.366 119.643 120.226 116.897 120.12 125.343 136.153 149.035 185.345 185.018 178.107 166.016 152.862 136.465 114.624 92.5209 60.3816 8.35843 1.32844 0.557437 0.134713 -0.274141 0.384124 -0.597209 -0.467224 -0.424038 0.397697 2.37283 -0.234479 -0.364073 -0.578102 -0.921854 -1.06203 -0.900762 -1.33387 
3.9971 4.83217 4.87448 5.21287 4.30279 4.43294 3.82889 3.98509 4.39001 5.44794 2.58639 57.4839 92.3398 116.448 139.17 154.977 169.286 179.953 189.565 202.818 208.136 179.775 156.78 143.44 135.826 129.741 127.195 123.889 120.657 119.944 120.599 120.775 117.164 121.455 126.147 137.369 149.36 186.147 186.875 178.239 165.845 153.045 137.034 115.157 94.3156 60.0211 8.65676 1.32526 0.225185 -0.104516 -0.603093 0.0318401 0.419024 0.0132421 0.00225073 -0.143808 2.66843 -0.24096 -0.165077 -0.621262 -0.605806 -0.750375 -1.49416 -0.650851 
5.70713 4.39624 4.83941 4.80416 4.12545 3.94745 4.51733 4.5633 5.34282 6.51742 3.72297 54.0258 91.2752 117.528 137.599 154.819 169.582 180.971 189.457 202.474 207.614 178.703 156.09 143.162 137.143 130.394 126.567 124.787 123.109 120.214 119.765 121.209 117.995 121.436 126.942 135.782 150.124 184.505 187.288 178.576 166.675 154.145 138.386 117.259 93.1944 63.8454 12.1569 2.32542 0.875534 0.193994 0.484895 -0.000146578 0.408561 -0.127117 0.126328 0.0653147 4.84165 -1.06464 -0.0628805 -0.175387 -0.433944 -1.06731 -1.47006 -0.892372 
5.89052 5.22797 4.03192 5.01975 5.10019 4.67819 5.67067 5.69349 4.98594 5.92855 5.81162 48.8195 89.5639 116.925 138.276 155.549 168.145 178.973 190.982 199.238 204.791 185.261 156.44 145.129 136.331 130.956 127.498 124.633 121.391 120.835 120.188 121.137 117.66 121.111 126.852 136.975 148.5 183.858 187.97 180.246 170.277 155.31 140.348 119.739 95.0768 66.0965 15.019 1.8127 1.48283 0.405177 0.895738 0.237623 -0.0958809 0.63985 0.343971 0.398812 8.02962 0.00258119 -0.0269407 0.0111346 -1.05997 -1.11528 -1.14607 -0.84901 
4.38398 4.85647 4.98586 5.00663 4.5319 5.79546 4.63076 5.42527 6.06793 6.5341 6.68529 47.9314 90.3338 116.708 140.596 155.81 168.592 180.79 191.579 199.25 207.272 182.952 156.35 145.269 136.833 130.883 127.554 125.314 123.685 121.185 121.308 121.357 118.022 122.317 127.024 135.997 148.933 184.12 187.684 181.28 168.682 155.819 140.295 120.771 95.7614 67.6526 15.5451 2.86469 1.52492 1.17864 0.49949 0.00990209 0.0570548 0.129385 1.36637 0.444538 -1.01591 10.2679 0.159297 -1.4197 -1.33484 -1.27664 -1.31304 -1.20168 
5.05744 4.30894 5.22159 5.15981 5.36916 5.59256 5.95463 6.45195 6.71387 7.96562 4.96433 55.0559 93.1011 118.481 140.131 158.214 170.166 181.746 190.848 199.789 209.109 179.279 156.639 145.333 137.028 131.173 127.782 124.088 121.905 120.885 120.413 121.407 118.415 121.399 127.79 136.076 149.999 183.919 187.175 180.442 169.693 156.106 140.003 120.942 96.5213 67.6982 16.5757 3.76441 1.94348 2.33984 1.18035 1.50941 0.920269 0.235788 0.769138 0.860117 0.617896 22.395 -1.98346 -1.65932 -0.741717 -0.861287 -1.61044 -1.56476 
7.82563 7.21441 5.27859 6.77415 5.09514 6.38212 6.58787 5.85306 7.88792 7.88239 25.8947 77.656 105.537 128.781 148.473 167.347 177.099 189.353 199.14 202.99 213.645 178.989 159.517 147.48 139.079 132.241 127.679 125.181 123.298 122.015 121.855 122.34 119.15 123.302 127.621 136.446 150.287 185.246 187.307 180.32 168.791 155.978 141.328 120.674 97.2486 69.038 17.0883 3.9826 4.14123 2.53262 1.86484 1.77542 0.842908 1.84964 3.07663 5.94174 6.06895 4.87967 -2.12342 -1.44567 -1.43942 -1.7082 -0.877011 -0.691503 
10.7379 12.5524 12.1882 14.3454 16.4035 17.1802 20.4971 21.8586 20.4892 37.1327 84.093 108.488 130.879 156.624 176.75 194.183 205.686 218.555 226.888 232.741 245.41 202.069 184.826 172.849 165.754 160.774 154.288 152.673 150.943 148.904 147.976 148.663 145.246 148.575 154.32 162.29 173.905 210.357 214.611 203.248 195.712 184.386 169.92 152.949 126.903 92.0642 39.9487 1.16789 1.29914 3.17938 3.95133 5.04029 6.76332 7.96562 8.2436 7.11472 0.260301 -0.84908 -0.700627 -1.11167 -1.11509 -0.708711 -1.64057 -1.02425 
3.32554 4.7908 10.9268 14.7709 18.9217 22.1481 24.7917 29.4302 42.2038 89.9838 118.169 146.088 167.877 187.258 204.04 216.007 226.841 235.886 245.602 252.171 263.731 221.401 198.874 186.667 178.476 172.317 167.766 166.503 161.982 162.959 164.549 165.073 163.252 165.779 172.838 181.422 195.299 230.87 239.137 230.845 223.917 211.544 199.922 188.084 171.571 154.457 147.028 121.614 85.8992 51.3338 19.2402 14.4459 12.0775 9.58037 5.65619 -1.12688 -0.462673 -0.779117 -0.56809 -1.04501 -0.876692 -1.28164 -1.81687 -1.73543 
3.61779 2.85072 3.48464 4.74328 10.0669 15.8041 20.5262 29.9182 78.9973 104.004 132.408 154.289 176.322 195.057 210.792 226.271 236.941 245.381 252.013 260.723 269.761 225.909 204.954 192.133 184.235 177.345 172.1 171.303 166.676 166.767 167.426 169.747 166.267 170.767 177.27 187.907 201.211 237.512 245.26 237.997 230.443 219.709 209.031 198.374 180.941 162.545 150.54 142.531 128.191 100.113 60.0439 12.0906 9.45831 2.12706 -0.761873 -0.301695 -0.626668 -0.403174 -0.513801 -1.06831 -1.26574 -1.14326 -1.48121 -1.6459 
3.22143 3.27125 2.11209 6.1072 3.48291 2.52469 10.4986 34.2983 81.2323 109.443 136.694 161.089 180.473 198.282 213.39 224.983 235.643 244.997 251.78 256.937 271.19 222.414 203.373 189.494 180.288 174.952 171.235 168.345 165.719 166.013 166.754 168.501 166.192 169.958 176.891 186.891 202.514 240.941 248.394 241.524 231.577 223.177 212.477 201.592 187.914 170.24 151.407 147.852 138.21 110.573 76.8846 16.1072 0.251575 -0.786143 -0.723361 -1.36658 -1.19894 -1.08697 -0.745713 -1.10585 -0.718352 -1.26986 -1.33504 -0.964637 
3.40314 2.34166 2.80779 2.79132 2.78368 3.29193 3.87067 18.54 66.1743 103.173 129.753 155.243 173.654 190.763 205.643 216.018 228.778 238.599 244.544 250.326 260.855 216.2 198.217 183.579 174.715 169.294 164.265 162.728 161.089 161.595 161.93 162.639 161.167 166.162 175.246 183.241 198.319 237.821 241.142 235.32 227.468 219.532 209.582 197.235 186.404 171.555 150.026 146.055 134.42 111.578 71.8297 15.8926 -0.620861 -0.612814 -0.430355 -1.30079 -0.896771 -0.929907 -1.0393 -0.970982 -0.778305 -1.01816 -1.28645 -0.955726 
2.87473 3.35452 2.60832 2.03601 3.74948 3.64637 3.6844 3.83788 26.5437 81.3493 111.327 136 157.761 176.871 191.655 204.705 215.364 226.44 233.943 240.885 250.481 209.011 189.31 174.325 166.307 159.536 157.705 154.931 153.638 154.049 155.898 157.155 153.55 157.471 165.789 174.1 190.945 229.022 231.378 226.984 217.087 210.53 200.534 188.915 178.135 164.841 151.04 140.363 121.865 98.629 63.7864 18.1985 -0.440521 -0.700607 -0.681877 -1.15098 -1.40097 -1.12742 -0.868843 -1.01085 -1.29962 -0.557652 -0.915467 -0.906471 
2.08749 3.76658 2.0212 3.00102 3.15531 3.33447 3.5321 4.45955 4.83517 11.5328 57.0547 104.921 133.484 153.13 171.888 188.505 199.37 206.43 219.761 226.176 237.051 196.242 179.183 163.767 155.468 150.152 146.982 145.172 143.06 142.273 144.077 146.289 143.927 148.322 156.199 165.824 182.602 219.755 221.848 216.524 205.951 197.125 189.452 177.088 164.579 151.318 138.453 123.647 105.195 77.2989 44.5504 2.67671 -0.0446811 -0.909108 -0.776869 -1.45338 -1.69698 -1.22263 -0.927486 -1.11189 -1.55464 -1.19548 -0.929571 -1.05919 
2.81822 3.21064 2.38397 1.75432 2.51342 3.48887 3.94934 2.90528 4.79678 6.4386 24.2719 80.0335 110.035 138.766 155.309 172.336 184.738 193.41 206.734 213.565 226.387 185.584 168.817 157.158 147.945 143.045 140.028 138.565 134.806 134.993 136.517 137.738 135.169 138.649 145.681 155.737 171.209 210.528 208.887 200.934 192.186 180.393 172.507 158.231 142.899 129.702 114.362 97.0675 70.8426 31.9951 4.13919 0.268581 0.406681 -0.818158 -1.70991 -0.696249 -1.22809 -1.27384 -1.00112 -0.232523 -1.18469 -1.264 -1.07147 -1.08537 
1.78316 2.54694 3.7206 2.65648 3.04918 3.62916 2.82487 3.40167 4.36246 6.35086 22.4749 80.684 112.143 137.494 155.771 172.931 184.809 192.166 206.403 211.74 226.597 184.262 168.384 155.34 148.229 142.516 138.796 137.179 136.559 133.979 136.262 137.837 134.946 139.77 145.114 156.65 168.608 208.406 208.168 200.718 190.662 178.499 168.335 152.331 133.149 108.64 77.3389 29.8273 0.604302 0.925606 0.613513 0.300361 -0.227806 -1.14109 -1.2748 -0.721829 -1.27751 -0.766541 -1.04613 -1.17781 -1.47634 -0.972943 -0.746523 -1.0503 
3.33555 2.15891 2.76664 2.59995 1.98878 3.1998 2.68099 3.53294 4.24179 5.55161 24.0299 78.7481 109.831 135.594 155.488 174.205 184.66 190.502 202.996 210.262 223.655 184.384 166.95 154.549 147.359 141.144 136.932 136.772 134.351 135.559 134.306 135.499 133.536 138.348 144.154 153.425 168.056 207.163 205.9 197.198 187.533 173.516 167.643 151.745 131.056 107.566 76.5798 25.6634 2.2784 1.75308 0.779257 0.233712 -0.88408 -0.885425 -0.792845 -1.50394 -1.35288 -0.856427 -0.908363 -1.01122 -1.26725 -1.00345 -1.19236 -0.450834 
3.98649 3.25092 1.66344 2.36326 2.24913 2.2959 2.7947 3.33225 3.85933 4.72529 25.0169 79.39 110.753 135.277 157.443 175.161 182.269 189.709 203.307 211.499 221.143 184.349 165.732 153.066 145.189 140.594 136.511 135.043 133.846 134.804 134.021 136.29 134.428 136.204 144.433 154.203 168.72 205.639 204.936 197.938 188.681 175.998 167.984 150.01 131.712 107.427 75.7368 22.5918 1.75646 0.581833 0.574483 -0.167607 -0.863367 -1.06251 -1.11985 -1.10174 -1.0669 -1.33152 -1.3557 -1.50969 -1.12058 -1.03913 -1.25203 -1.22783 
3.25761 2.74712 2.62584 2.35093 2.90739 2.85572 2.08396 3.98933 3.75015 4.59112 25.8102 80.029 111.052 138.179 156.464 175.812 184.957 189.243 200.999 211.026 220.417 183.534 164.63 153.506 146.048 139.821 135.125 135.739 133.24 132.558 133.391 135.779 134.019 137.651 143.909 152.795 167.264 205.917 204.17 196.795 187.647 175.328 165.889 151.054 129.827 106.47 75.1709 23.6098 1.70673 0.288248 -0.368549 -0.622079 -0.992762 -0.981689 -1.11437 -0.606868 -1.4035 -1.01926 -1.10363 -1.50059 -1.08089 -1.2568 -1.32955 -0.991033 
2.39986 2.56671 2.09271 3.59918 3.10318 2.51452 2.12853 2.6191 3.68989 3.94825 26.8198 79.3757 111.091 136.67 155.577 173.648 181.779 190.151 199.673 211.007 219.9 182.095 164.68 152.203 145.29 139.673 136.869 134.331 132.397 131.692 131.475 133.255 132.042 136.207 141.765 151.943 167.353 202.955 204.06 197.545 186.83 172.348 167.372 150.93 131.385 107.323 76.4339 23.6206 0.83274 -0.122308 -0.923522 -0.324438 -0.722641 -1.10286 -0.98486 -1.36544 -0.799114 -0.966974 -1.25093 -1.48517 -1.25965 -1.78951 -1.91477 -0.810746 
2.51329 2.523 2.20176 2.33815 2.01765 2.77252 2.64428 3.39468 3.51405 4.42757 22.6062 76.9113 108.937 136.017 154.756 172.125 177.734 188.815 199.85 207.413 220.552 182.914 164.748 152.87 145.095 139.289 135.342 134.189 131.711 131.513 132.111 133.817 132.75 134.589 140.685 150.347 163.605 199.059 204.255 195.435 187.281 172.316 168.41 151.622 133.166 108.94 78.917 29.3329 0.56691 -0.666049 -0.464239 -1.18932 -0.917296 -0.999539 -0.788644 -0.963771 -1.26966 -0.766732 -1.25389 -1.09307 -1.48547 -0.982567 -0.94596 -1.08738 
2.84394 2.64255 2.08303 1.824 3.2277 3.41631 2.47786 2.52027 4.49556 4.2518 24.0485 77.6703 108.548 134.549 156.387 172.996 181.629 189.46 199.792 210.083 219.605 181.914 163.237 152.212 145.188 138.672 135.45 131.975 132.46 131.577 132.133 133.61 131.804 135.005 141.007 150.39 162.669 201.714 204.866 196.035 188.11 175.818 168.884 151.707 132.486 108.027 78.206 26.56 0.742947 -0.434397 -1.45179 -1.09979 -0.724477 -1.45395 -1.00567 -1.54594 -1.49705 -1.06688 -1.17745 -0.755917 -1.42066 -0.773755 -0.873933 -1.24714 
2.86915 1.87162 2.19817 1.72568 2.55963 3.05051 3.18991 2.05471 3.38576 4.5746 24.9181 80.0001 110.256 136.609 155.728 173.813 182.195 187.973 200.087 209.565 219.476 182.302 163.333 152.071 144.462 138.789 134.26 133.042 131.412 131.237 130.814 132.54 132.046 134.665 140.726 149.694 163.067 198.186 202.07 198.405 185.066 170.37 168.417 152.157 131.072 106.35 77.693 28.056 0.859314 -0.921805 -0.963705 -1.29012 -1.07552 -0.405422 -0.947871 -0.979063 -1.00968 -0.598105 -0.600741 -1.40305 -1.02639 -0.823036 -1.26525 -1.13164 
2.30065 2.71557 1.71164 1.85754 2.02609 3.76767 3.37522 2.78995 3.76337 4.88262 27.1425 80.4593 110.593 137.819 157.149 172.954 178.567 189.282 199.524 209.673 215.613 181.191 163.672 151.997 143.966 138.784 133.576 133.448 130.816 130.488 132.347 132.459 131.329 140.443 148.088 149.127 162.402 197.385 202.261 196.387 185.014 171.097 167.926 150.791 130.77 106.443 77.8619 25.9892 0.864296 -0.483774 -0.978285 -1.18691 -1.00617 -1.56642 -1.22273 -0.493068 -1.31551 -1.03383 -1.31831 -0.881407 -0.927092 -0.7695 -0.980392 -1.4151 
2.80301 2.37494 2.01835 2.54302 2.79819 2.53202 2.9649 3.98624 3.8049 4.89309 29.1658 82.3762 112.618 138.32 155.836 173.67 180.845 187.635 201.358 210.578 216.722 179.57 162.196 151.41 144.128 140.129 134.075 132.542 130.025 131.785 130.437 133.131 133.2 133.609 140.063 150.504 164.271 198.439 202.283 196.631 186.068 170.178 168.412 152.166 132.661 106.97 76.3024 25.1098 1.00715 -0.288896 -0.707734 -1.02989 -0.869791 -0.774641 -0.841307 -1.37109 -1.69482 -1.35309 -0.582793 -1.15655 -1.31145 -1.35766 -1.27919 -0.95831 
1.70917 2.77237 2.50841 1.85953 3.02324 2.99938 3.33754 3.73753 3.96796 5.6627 31.2383 83.8277 114.129 138.715 159.131 174.76 179.345 190.604 199.747 209.653 215.924 179.28 161.373 150.72 143.364 137.353 133.86 132.228 131.167 130.626 129.787 131.872 131.912 135.383 139.401 150.121 163.372 199.237 202.916 196.984 185.546 170.397 168.634 151.009 131.608 107.852 77.6033 25.4035 1.79088 0.777177 -0.0311476 -0.281205 -0.143253 -0.11979 -0.865503 -1.13522 -0.697478 -1.14432 -0.948718 -1.40768 -0.836027 -0.131434 -0.842387 -1.04956 
