-0.571 -0.0520416 -0.610661 -0.421366 -0.420056 -0.144369 -0.691492 -0.329469 -0.397354 -0.565367 -0.243824 -0.502917 -0.36931 -0.573753 -0.925993 -0.505761 -0.392604 -0.0179106 0.509655 -1.36158 52.881 88.1544 116.75 139.515 158.493 168.441 178.287 189.303 199.373 212.11 170.867 153.168 139.846 136.368 130.857 128.367 125.68 126.666 127.136 126.533 130.631 133.433 138.618 144.484 154.72 169.358 204.227 206.509 196.825 187.984 174.403 175.823 159.072 141.241 118.757 90.1327 55.2319 -2.45707 0.0935583 -0.997881 -0.923818 -0.931244 -1.21827 -1.35698 
-0.642859 -0.372252 -0.505529 -0.489997 -0.99102 -1.13056 -0.776398 -0.742912 -0.648491 -0.975746 -0.906166 -0.618805 -0.791965 -0.574433 -0.382342 -0.870648 -0.154361 -0.220046 0.788485 -1.97662 52.0509 88.1905 116.859 140.466 157.795 167.879 178.101 189.52 198.873 212.723 170.245 154.292 140.244 135.426 130.163 128.709 126.092 125.585 125.799 126.906 130.536 132.864 138.646 145.022 154.228 169.552 205.416 207.47 197.949 188.242 170.535 176.934 158.981 141.233 118.532 91.8408 56.0542 -1.92768 -0.365283 -1.00703 -0.873285 -1.13415 -0.967227 -0.754653 
-0.16415 -0.800055 -0.615422 -0.165844 -0.559313 -0.673359 -0.328073 -0.322088 -0.71289 -0.303488 -0.657986 -0.523618 -0.602399 -0.323518 -0.52731 -0.350799 0.227968 -0.386053 0.877674 -1.59893 51.3143 88.9639 117.193 138.693 157.364 168.809 179.748 190.824 198.952 213.075 171.154 153.895 140.799 134.739 130.491 128.013 125.683 127.475 126.335 126.721 130.576 133.759 138.544 145.189 154.65 169.154 206.161 207.709 199.568 188.253 172.017 175.918 159.474 141.255 118.478 91.5463 55.6243 -1.94275 0.0227869 -0.902833 -0.943192 -0.881968 -0.779158 -1.3226 
-0.544211 -1.2502 -0.633149 -0.597712 -0.46789 -0.618823 -0.455961 -0.548013 -0.709009 -0.562647 -0.512308 -0.653174 -0.58087 -0.640233 -0.57271 -0.622132 -0.498221 0.09144 0.705774 -1.29581 50.9401 88.7741 116.546 139.683 158.057 170.061 178.351 189.263 196.598 213.486 171.986 153.986 143.653 140.2 130.861 128.913 126.982 126.914 126.736 128.291 130.812 133.617 139.442 147.105 154.664 171.029 206.453 207.801 199.903 190.153 175.549 176.008 159.973 142.342 119.567 91.216 57.0659 -1.39552 0.105747 -0.915765 -0.806109 -1.18347 -1.3163 -1.17849 
-0.613129 -0.460741 -0.427252 -0.236629 -0.870776 -0.279032 -0.746089 -0.42005 -0.624496 -0.492275 -0.298897 -0.432095 -0.633908 -0.636396 -0.485259 -0.574248 -0.610066 -0.0120412 0.98085 -1.01767 48.4442 88.1196 117.03 140.315 158.402 168.153 179.391 189.237 199.178 212.529 173.59 155.175 142.636 136.451 131.93 128.791 127.075 128.368 126.398 128.068 131.533 135.841 139.977 146.892 156.012 169.779 204.954 208.113 198.546 191.252 172.437 176.678 160.369 142.375 119.942 93.0344 57.146 -0.655421 0.711606 -0.526038 -0.932016 -1.18542 -0.939793 -0.710398 
-0.559502 -0.661227 -0.521825 -0.575657 -0.718635 -0.367806 -0.707844 -0.367853 -0.192473 -0.604623 -0.165586 -0.430841 -0.883243 -0.617084 -0.705018 -0.636184 -0.198482 -0.387621 0.932909 -0.285643 48.9054 88.5629 116.859 140.282 158.345 169.405 181.345 190.52 199.386 211.358 176.027 155.505 144.38 138.461 134.104 129.301 128.017 127.935 127.947 128.445 130.945 134.5 141.26 146.545 155.555 170.789 209.359 208.352 201.562 191.71 176.218 177.071 161.267 143.279 121.843 93.6777 57.9451 -0.269603 0.983399 -0.550989 -0.94378 -0.868304 -0.863855 -1.06441 
-0.449217 -0.56283 -0.594826 -0.598485 -0.774304 -0.571968 -0.702876 -0.416818 -0.304469 -0.378444 -0.671136 -0.818468 -0.600662 -0.209913 -0.801407 -0.426652 -0.48822 0.275912 1.04189 1.38376 42.5679 86.6142 115.67 137.806 157.299 173.408 175.422 191.137 199.107 206.192 185.85 158.771 143.408 137.282 134.194 130.338 128.576 128.526 129.692 130.74 131.409 135.604 141.217 146.367 155.219 169.238 205.079 211.1 203.334 193.931 174.002 183.954 163.999 146.486 124.546 98.0013 62.414 3.84686 1.53529 0.315161 -1.2269 -0.662424 -1.23445 -0.882914 
-0.551682 -0.516301 -0.716297 -0.487817 -0.537496 -0.456359 -0.681419 0.00358182 -0.506236 -0.394494 -0.591326 -0.532008 -0.319131 -0.737475 -0.4538 -0.354203 -0.261383 0.589071 1.50297 1.86897 37.0948 85.2916 115.082 138.41 157.668 175.925 175.005 192.36 199.421 208.609 190.71 160.261 145.373 138.887 135.314 131.694 129.661 130.125 129.646 131.19 133.019 136.132 141.26 146.608 157.085 170.017 206.155 211.952 204.4 196.205 176.663 185.267 165.652 148.257 126.746 100.052 66.716 7.66113 1.38252 0.832284 -0.613173 -0.650056 -0.708782 -0.657918 
-0.415364 -0.610293 -0.660828 -0.507496 -0.865704 -0.444992 -0.570913 -0.665606 -0.608172 -0.576632 -0.440396 -0.571122 -0.423454 -0.725486 -0.379266 -0.224737 0.156238 0.210882 1.56807 2.16425 40.3746 86.1439 115.1 138.227 157.33 177.719 173.578 191.275 200.35 206.229 193.802 161.172 145.774 138.989 135.061 130.893 129.904 130.717 129.872 129.469 133.221 136.101 141.443 148.927 157.672 172.337 206.172 214.94 207.155 197.278 180.314 185.583 167.349 149.272 127.723 98.7418 64.4525 6.17666 1.48949 -0.0237145 -0.44905 -0.77287 -1.00354 -0.599963 
-0.589551 -0.911573 -0.473376 -0.7481 -0.192709 -0.32931 -0.606399 -0.434187 -0.414344 -0.877855 -0.237854 -0.39934 -0.666634 -0.964131 -0.571878 -0.338994 0.312591 0.944349 1.56672 1.54142 34.0097 81.7825 111.512 137.701 159.44 178.348 178.388 194.693 204.603 210.815 197.161 165.395 150.35 143.994 139.718 136.823 135.574 136.277 136.039 138.043 142.178 145.16 151.376 157.559 166.474 181.062 216.344 223.652 213.431 208.525 194.875 196.99 180.173 160.609 139.883 115.607 83.1751 34.7748 1.28604 0.486862 -0.365625 -0.937552 -1.17923 -1.17469 
-0.686421 -0.511075 -0.702615 -0.816842 -0.503046 -0.88243 -0.791803 -0.372701 -1.06429 -0.73754 -0.560929 -0.7298 -0.318721 -0.520572 -0.482909 -0.618583 0.082293 0.330922 0.356327 29.4781 82.0205 114.638 139.907 161.261 178.463 192.347 194.721 211.326 218.108 225.087 211.735 177.324 163.444 158.359 153.328 151.282 149.809 149.981 150.03 151.575 154.068 156.915 162.478 171.036 179.878 194.912 236.162 248.448 243.613 240.083 232.101 228.93 215.096 195.819 172.569 148.353 119.843 84.0632 23.4539 -1.21431 -0.433496 -0.831819 -0.859298 -0.837708 
-0.704606 -0.70689 -0.881478 -0.767654 -0.86214 -0.57597 -0.691658 -0.602636 -0.540619 -0.269994 -0.334645 -0.458059 -0.53252 -0.335285 -0.793944 -0.0638262 -0.0904564 0.870084 3.91271 61.1023 95.4624 122.532 149.729 175.802 195.704 213.375 222.539 235.019 243.493 249.786 237.72 200.129 182.608 176.383 171.919 168.174 166.79 165.471 165.041 166.818 170.768 175.338 180.606 187.027 196.846 210.996 248.629 260.545 250.889 246.108 242.885 233.903 223.43 207.983 177.302 156.726 135.227 110.563 82.6634 42.3468 -2.30351 -1.2051 -0.921143 -1.31654 
-0.959868 -0.795952 -0.655771 -0.402278 -0.731071 -0.403709 -0.447632 -0.406617 -0.139275 -0.641435 -0.282851 -0.563375 -0.658132 -0.348758 -0.391399 -0.0471056 0.00233039 -0.559255 26.362 80.2368 114.13 141.207 167.613 194.715 211.61 220.472 229.743 239.869 249.509 257.38 239.88 197.599 190.668 187.996 185.448 181.739 179.257 178.566 177.311 179.132 181.756 185.262 189.897 196.601 205.65 217.871 256.004 274.757 267.008 259.443 258.347 250.114 242.11 232.543 204.867 174.344 153.109 128.533 102.575 72.0642 6.82221 -0.667065 -0.966957 -0.84324 
-0.897667 -0.893701 -0.657563 -0.558162 -0.496261 -0.455193 -0.818333 -0.775952 -0.704739 -0.383569 -0.763057 -0.598191 -0.582559 -0.414467 -0.496914 -0.729847 -0.15925 4.15464 65.1571 97.2219 125.773 147.804 181.856 207.346 219.284 224.753 239.86 248.369 257.125 249.821 227.187 194.615 194.211 194.257 187.902 184.062 182.258 181.275 180.924 181.521 182.947 186.986 190.02 196.609 207.002 220.14 254.791 276.502 268.084 260.605 256.426 251.43 243.355 234.167 214.462 185.67 158.434 131.339 105.023 72.6656 5.1823 -0.745792 -0.973222 -0.731126 
-0.491421 -1.18174 -0.561704 -0.766016 -1.14196 -0.42863 -0.977566 -0.244256 -0.743213 -0.327104 -0.704737 -0.422618 -0.28279 -0.623614 -0.228529 -0.736016 0.157091 5.61521 68.7213 101.006 126.915 148.583 190.453 210.416 219.279 226.384 239.692 251.292 244.685 233.556 225.442 193.039 182.816 184.959 185.981 183.107 178.445 177.043 174.594 176.103 174.664 173.971 180.102 186.791 192.181 203.078 233.175 251.203 242.857 232.869 224.097 220.546 209.466 193.608 172.24 148.287 115.314 76.9095 18.3307 5.04623 -1.22592 -0.646378 -1.37848 -0.914581 
-0.719868 -0.676588 -0.585028 -0.558642 -0.722915 -0.704557 -0.669232 -0.34689 -0.519689 -0.916664 -0.439288 -0.885711 -0.09995 -0.353629 -0.375605 -0.517907 -0.137551 -1.44209 40.0635 64.1403 92.5673 125.661 163.759 176.057 187.72 197.8 210.59 210.169 190.267 191.572 185.859 153.702 139.673 135.574 133.716 137.222 140.705 141.028 138.843 139.422 138.906 137.838 138.629 140.359 149.898 163.589 193.781 213.687 207.258 199.647 195.542 180.681 165.948 149.364 128.403 100.231 65.0458 12.2126 2.84261 2.4396 0.221296 -0.593745 -1.13977 -0.931141 
-1.03817 -0.507992 -0.411423 -0.446913 -0.877514 -0.560302 -0.489245 -0.762938 -0.805358 -0.55433 -0.867695 -0.508398 -0.678307 -0.58733 -0.227894 -0.91563 -0.00123708 0.300992 -0.532057 0.347424 0.723087 44.6585 101.356 122.619 140.977 157.544 171.139 151.845 138.922 143.489 153.023 125.497 113.569 109.523 108.747 106.528 107.724 113.036 121.446 124.395 124.509 126.585 129.12 134.66 144.528 156.427 182.238 207.328 199.391 190.598 183.346 169.785 155.228 134.672 112.6 82.6932 29.9691 3.4878 2.72792 1.36576 0.617046 -0.724132 -1.19979 -0.430503 
-0.489801 -0.447029 -0.462425 -0.550427 -0.376597 -1.02298 -0.806558 -0.267531 -0.509189 -0.456323 -0.555541 -0.537471 -0.78224 0.108278 -0.52277 -0.458639 0.0182832 0.178136 0.807944 1.26507 2.62909 26.72 80.5483 109.193 132.732 151.679 166.663 131.617 125.2 127.1 150.828 122.85 110.571 106.82 104.161 102.257 101.441 102.575 104.575 111.635 120.368 125.01 128.943 134.246 142.932 154.099 173.656 209.52 198.109 188.855 181.021 168.004 153.644 134.175 110.678 81.5662 30.2157 3.97996 2.68456 1.61826 0.31726 -0.234835 -0.886699 -0.821347 
-0.440968 -0.609067 -1.00017 -0.64155 -0.512241 -0.843863 -0.396242 -0.604477 -0.463357 -0.530336 -0.491958 -0.369668 -0.482127 -0.221192 -0.270663 -0.434591 -0.594707 0.333016 0.447611 1.13744 2.2498 21.6279 74.2873 107.692 129.063 148.705 158.341 121.339 113.02 109.977 151.484 121.477 109.659 104.767 102.04 99.5715 99.3342 99.17 99.9854 101.561 104.994 116.287 126.645 132.423 140.822 151.088 168.409 210.145 197.5 189.302 177.907 166.751 152.587 133.791 108.666 80.5332 29.9716 3.31543 2.49745 2.91774 -1.08003 -0.642974 -1.0378 -1.11092 
-0.397343 -0.610941 -0.697427 -0.710556 -0.352246 -0.608824 -0.564386 -0.75085 -0.272924 -0.716588 -0.146946 -0.768866 -0.38652 -0.347149 -0.299851 -0.188972 -0.216604 -0.116482 0.322223 1.22452 1.97411 17.0334 67.3639 109.898 128.274 146.038 152.865 114.505 105.766 102.397 141.533 120.856 108.198 105.664 99.2427 98.7845 97.2764 96.841 97.0492 98.6394 100.875 104.4 115.585 132.341 138.332 150.088 167.369 206.639 196.44 187.967 178.001 165.541 151.298 132.752 109.715 78.1655 29.7269 3.511 2.7534 2.21874 -1.27626 -1.10152 -1.26343 -1.01998 
-0.361553 -0.876525 -0.872936 -0.417055 -0.607895 -1.4468 -0.544306 -0.209474 -0.667542 -0.909509 -0.209871 -0.316062 -1.01325 -0.530948 -0.571771 -0.495903 -0.582136 -0.0830207 -0.40438 0.292587 1.74096 12.7956 65.7868 102.984 126.786 144.52 151.741 112.371 102.054 98.2126 131.796 121.587 107.583 101.565 98.9482 96.876 96.1699 95.309 97.03 97.1518 98.6948 100.92 106.137 124.717 137.383 148.245 165.468 203.275 196.14 187.443 176.856 164.679 152.545 132.096 108.099 77.0809 29.1151 3.46947 2.1454 2.58035 -1.41175 -0.92115 -0.740697 -1.19113 
-0.452442 -0.944661 -0.743133 -0.86927 -0.943443 -0.923495 -0.867352 -0.515509 -0.542377 -0.69569 -0.625776 -0.465791 -0.485152 -0.462983 -0.247594 -0.3533 -0.362068 -0.527154 -0.475346 0.146749 1.52071 8.66309 64.09 101.693 124.725 144.004 154.381 113.493 101.219 97.1139 127.173 121.313 107.819 101.589 99.4069 97.8715 95.2312 95.7869 95.951 96.1394 97.342 99.5669 103.429 112.577 136.297 145.741 162.623 201.883 196.138 187.162 178.572 165.607 151.033 132.583 108.151 79.0843 29.9732 3.61925 2.24094 2.79141 -0.48173 -1.25727 -0.92134 -1.1124 
-0.754845 -0.802541 -0.483053 -0.578385 -0.893475 -0.599754 -0.895927 -0.558073 -0.290738 -0.521036 -0.461884 -0.607528 -0.379032 -0.659375 -0.25228 -0.537064 -0.723188 -0.789086 -0.101174 0.233292 1.11799 4.91766 60.9748 100.836 124.233 143.207 158.906 115.088 101.548 97.3563 128.095 119.184 109.227 103.557 99.9812 97.8184 96.2546 95.141 95.6031 95.4319 96.8851 99.2084 101.903 110.443 131.745 145.735 160.866 198.465 195.434 187.859 179.237 166.281 153.278 132.783 109.327 79.2529 31.3682 4.23256 3.18254 4.21913 1.08739 -0.901582 -0.720773 -1.21699 
-0.587088 -0.13247 -0.336229 -0.528686 -0.496241 -0.750025 -0.460802 -0.488258 -0.584463 -0.736217 -0.38371 -0.736383 -0.624927 -0.0426184 -0.344309 -0.329805 -0.162628 0.190699 -0.445541 -0.14842 0.561868 0.159326 55.5606 94.6012 122.064 141.231 156.738 125.17 105.405 98.3058 124.771 122.847 110.588 104.323 100.537 98.3911 96.8695 95.6169 95.8784 96.1267 97.1597 99.2531 101.291 108.029 125.262 142.458 157.946 193.437 194.89 187.938 179.812 168.152 155.201 136.442 112.346 83.4333 39.8576 4.29501 4.31125 0.731741 1.99843 -1.22732 -1.08232 -0.634857 
-0.582993 -0.231794 -0.319438 -0.700811 -0.799338 -0.75402 -0.831557 -0.480115 -0.582353 -0.522196 -0.528539 -0.569036 -0.644577 -0.363065 0.193636 -0.226676 -0.465412 -0.874845 -0.374394 0.111893 0.746135 -0.974707 48.3606 86.6637 124.784 139.277 153.703 138.169 108.471 101.634 122.489 129.949 111.712 106.269 102.023 99.5759 97.786 96.3921 96.6965 95.8429 96.9634 98.8903 101.98 107.747 120.664 142.257 155.922 191.536 195.958 189.593 181.001 167.902 155.709 136.888 112.313 85.0209 42.6241 3.89831 3.30376 2.03516 2.58763 -0.711461 -0.292897 -1.53828 
-0.912735 -0.839378 -0.516659 -1.17184 -0.868807 -0.654578 -0.575549 -0.531731 -0.701373 -0.282794 -0.285483 -0.583257 -0.628591 -0.607512 -0.377108 -0.31944 -0.135995 -0.357071 -0.723094 0.0102164 0.604577 0.514222 43.5886 84.0744 123.354 138.999 153.245 147.081 114.002 104.839 123.211 133.32 115.052 107.911 103.116 100.189 98.7019 98.0004 97.1185 97.3517 98.3392 100.266 102.856 108.38 118.913 139.959 154.769 188.125 196.016 188.098 180.431 170.113 155.407 137.316 113.594 85.8876 43.7432 3.6254 3.62997 2.54436 1.83686 1.84758 -0.919474 -0.775286 
-0.618778 -0.323561 -0.190115 -0.508707 -0.745424 -1.29849 -0.409154 -0.559761 -0.878062 -0.440806 -0.590487 -0.437862 -0.384075 -0.101024 -0.49554 -0.410828 -0.474392 -0.701425 -0.471303 -0.0918441 0.519954 0.383752 39.7461 81.667 122.271 138.374 154.463 155.614 118.488 111.899 125.397 138.7 116.01 108.375 105.878 102.826 99.3399 99.1918 98.4383 98.5713 98.8185 101.174 103.853 110.227 119.346 139.874 152.123 183.557 197.066 189.023 180.686 170.634 155.543 136.586 113.228 85.5189 44.2089 3.0283 3.39167 2.54611 2.68537 2.25809 -0.615585 -0.936288 
-1.05512 -0.57091 -0.776405 -0.296862 -0.70399 -1.27736 -0.978532 -0.733619 -0.574463 -0.482338 -0.460091 -0.696893 -0.766817 -0.330224 -0.630108 -0.400208 -0.721229 -0.688257 -0.400689 -0.413781 0.527705 0.680114 36.6095 81.9252 119.77 137.1 154.384 163.058 125.825 118.708 125.303 144.935 118.906 111.177 105.71 102.658 101.457 100.106 99.4926 99.4618 99.7274 102.59 105.254 111.569 125.038 138.665 150.714 180.765 195.996 189.108 180.532 169.619 156.355 136.631 114.055 85.6068 46.7556 1.91649 2.9835 1.8085 1.8225 1.99522 1.20367 -0.635295 
-0.424779 -0.798811 -1.07006 -0.560295 -0.880818 -0.652605 -0.991273 -0.414438 -0.759985 -0.574633 -0.451455 -0.622916 -0.48519 -0.708218 -1.15883 -0.26719 -0.491902 -0.315425 -0.163995 -0.3193 0.291751 0.844803 33.6724 81.0332 115.892 135.682 153.256 166.987 144.928 124.918 127.026 153.257 121.366 113.68 108.4 105.106 102.795 101.917 101.578 101.545 102.134 105.374 108.686 114.182 129.736 137.962 149.599 178.511 197.07 188.894 181.69 170.153 156.886 138.217 113.635 86.6646 48.7964 1.36182 2.40634 1.74598 2.15203 1.78752 2.477 -0.660348 
-0.982874 -0.439704 -0.189588 -0.657642 -0.899164 -0.821271 -0.280854 -0.898172 -0.75083 -0.844449 -0.384737 -0.691807 -0.862387 -0.266709 -0.49646 -0.350549 -0.301869 -1.01799 -0.899968 -0.551469 0.349577 0.861661 30.9599 79.5208 115.573 135.341 151.904 169.635 164.984 136.285 134.578 158.585 124.843 116.366 110.445 107.298 104.449 103.636 102.404 103.275 104.88 107.165 111.223 121.438 128.938 135.233 148.487 174.312 197.446 189.098 181.508 169.633 157.914 137.274 115.133 87.174 50.294 0.888927 2.7 1.77886 1.54611 1.7034 1.95295 1.60245 
-1.07838 -0.633545 -0.552513 -0.23214 -0.515601 -0.626471 -0.186769 -1.27921 -0.809216 -0.910649 -0.439562 -0.603047 -0.182368 -0.788478 -0.505666 -0.419506 -0.401698 -0.597182 -0.507412 -0.676524 0.511488 1.24283 28.4505 78.9015 114.279 135.008 150.489 175.337 179.748 155.776 149.352 166.225 130.526 119.165 114.185 110.586 108.536 106.552 106.662 107.319 108.472 112.852 119.734 124.693 128.063 135.568 147.716 168.308 200.052 189.714 181.743 170.889 158.182 138.356 115.53 87.2341 52.5597 0.937027 2.65624 1.87392 1.73782 1.90744 2.40423 1.53407 
-1.0344 -0.830811 -1.54654 -0.169233 -0.932272 -0.972845 -0.694657 -0.559665 -0.78885 -0.799101 -0.504703 -0.816932 -0.229384 -0.274587 -0.791348 -0.578896 -0.721871 -0.27035 -1.06736 -0.372467 -0.320819 1.05266 26.4027 77.491 113.037 133.939 164.664 163.519 177.97 186.587 171.364 174.885 138.37 127.872 121.094 116.696 114.86 112.617 113.425 113.842 115.898 117.352 119.608 123.752 127.502 134.914 145.336 161.191 202.241 191.039 182.035 169.526 156.202 137.625 115.493 88.0182 54.3929 0.152317 3.15876 1.49719 1.74702 1.9185 1.72531 1.78206 
-0.327 -0.554442 -0.990773 -0.894958 -0.848905 -0.686383 -0.875521 -0.652287 -1.03388 -0.714067 -0.741205 -0.339858 -0.176846 -1.13993 -0.0500047 -0.298317 -0.527831 -0.116631 -0.479304 -0.146608 0.0569955 1.10563 23.385 77.2656 111.396 133.711 158.919 164.317 177.509 186.971 191.579 197.337 152.931 139.622 131.747 126.439 121.491 118.986 117.628 116.316 116.413 117.466 118.692 121.826 126.784 134.215 144.144 161.252 198.108 189.262 182.181 168.515 156.998 139.056 116.239 89.6072 55.8269 2.31018 3.5691 2.13338 2.29903 2.19851 2.33784 2.24464 
-0.651625 -0.980408 -0.796092 -0.857394 -0.699077 -0.859592 -0.265723 -0.337585 -0.983026 -0.619532 -0.281851 -1.13378 -0.827194 -0.469536 -0.50472 -0.413941 -0.587842 -0.533139 -0.848366 -0.771622 -0.237742 0.911813 22.0867 75.5442 108.379 135.058 157.563 165.46 177.601 187.55 193.271 202.502 153.941 141.366 132.712 126.755 123.152 120.478 117.727 117.073 116.904 116.798 119.497 122.285 126.637 133.981 143.757 159.412 197.217 190.168 182.73 168.9 156.859 138.401 118.206 90.2123 56.2119 3.38812 3.56671 2.20761 2.54163 1.82451 1.83122 1.67483 
-1.02123 -0.796723 -1.29035 -0.490522 -1.29967 -0.517202 -0.970525 -0.839246 -1.37512 -0.497862 -0.493022 -0.729719 -0.549275 -0.833696 -0.634957 -0.412485 -0.81212 -0.80378 -0.618073 -0.450016 0.423433 0.811332 20.7179 74.6902 107.876 134.421 156.462 165.074 179.225 185.423 193.208 200.361 155.921 142.699 133.398 126.933 123.501 120.248 118.478 117.176 116.047 118.341 119.35 122.119 127.084 133.372 142.506 157.42 195.674 190.193 183.271 169.631 157.578 140.324 117.892 90.9883 57.4621 4.59885 3.14168 1.96881 2.19066 2.10858 2.43338 2.24451 
-0.188361 -0.489619 -0.127568 -0.561815 -1.81954 -0.738594 -1.3081 -0.681424 -0.600428 -1.20919 -0.587878 -0.345124 -0.774743 -1.10968 -0.766682 -0.805569 -0.39322 -0.392777 -0.3514 -0.271108 0.602882 1.58807 18.9322 73.7535 106.578 134.274 156.502 165.052 177.368 185.493 194.141 200.76 157.816 144.475 134.545 127.68 124.304 120.952 118.51 117.571 117.287 117.605 118.527 121.601 125.93 132.46 142.051 156.608 191.852 190.841 182.482 170.7 158.77 139.673 118.543 91.5825 58.3647 5.46219 3.28736 2.26838 1.60287 1.7951 1.53443 2.1159 
-1.10362 -0.757651 -0.864457 -0.806745 -0.810148 -0.928703 -0.629033 -1.06224 -0.775869 -1.1 -0.61784 -0.625658 -0.379618 -0.667975 -0.556172 -0.544758 -0.840219 0.147487 -0.286131 -0.65022 -0.0899844 1.21545 17.1241 72.9401 104.77 132.826 156.249 167.067 174.775 186.32 192.734 201.124 158.355 145.224 135.217 128.578 124.67 122.002 119.322 117.235 117.4 117.951 119.815 121.186 125.578 131.579 142.494 155.709 190.379 191.003 182.861 172.745 159.05 141.913 120.887 93.2605 59.557 7.19794 3.7748 1.86701 2.21807 2.06303 1.63438 2.05071 
-1.07188 -0.425815 -1.47907 -0.216267 -1.05511 -0.695472 -1.11147 -0.31784 -0.952467 -0.894308 -0.771393 -1.04293 -0.880372 -0.10284 -0.594843 -0.628773 -0.536843 -0.564265 -0.826174 -0.490741 0.374666 1.13195 16.0865 72.3596 105.117 131.101 157.687 166.825 174.042 184.998 194.022 201.239 160.755 145.651 137.192 130.167 124.389 122.209 118.944 117.721 118.013 117.376 119.231 121.616 124.881 131.898 140.757 154.595 200.411 190.988 182.524 174.052 158.587 142.743 120.644 93.7027 59.9523 8.29509 3.55375 2.10118 2.40338 1.44602 1.6521 1.81274 
-0.419782 -1.52697 -0.812342 -0.840819 -0.814621 -0.749612 -3.3245 0.0162674 -0.458634 -0.801423 -0.60074 -0.854179 -0.867491 -0.589839 -0.628648 -0.691525 -0.638862 -0.946911 -0.761818 -0.411222 -0.0794746 1.23919 14.6468 71.6558 104.48 139.384 153.401 165.153 174.72 184.217 192.561 203.326 162.142 146.121 136.968 130.089 125.138 122.343 118.896 117.867 117.452 117.59 118.58 120.607 125.319 130.96 140.294 153.718 187.375 191.742 182.394 173.629 160.386 142.95 120.784 95.2675 63.4967 10.2928 3.20139 2.04672 1.45827 1.50294 1.89735 2.38333 
-1.1324 -1.15769 -0.292221 -0.763551 -0.46816 -1.01013 -1.24375 -1.12235 -0.899584 -0.671801 -0.405072 -0.746277 -0.484365 -0.906242 -0.888928 -0.648757 -0.902466 -0.701281 -0.587624 -0.584534 0.232557 1.03156 14.2274 70.3992 111.591 130.11 149.223 166.01 174.356 185.742 194.477 202.537 164.825 147.879 138.057 130.946 125.72 121.793 119.632 118.51 117.154 118.468 119.081 121.262 124.93 130.496 139.411 150.948 184.737 191.499 183.723 176.968 160.535 144.024 122.742 97.6967 64.5181 11.6473 4.15311 2.63474 2.34241 2.55653 1.57766 2.0972 
-0.28767 -1.0598 -0.947552 -0.700261 -1.10931 -1.31566 -0.798342 -0.684497 0.0237675 -1.0022 -0.84933 -0.825165 -0.973378 -0.442785 -0.905854 -0.307618 -0.81401 -0.630421 -0.859506 -0.27314 -0.0344129 0.434165 10.6791 68.6858 109.169 127.984 146.586 166.663 173.965 184.694 193.166 200.869 170.753 150.736 139.608 130.9 126.939 122.991 119.168 119.094 117.708 118.636 118.52 120.755 125.413 128.98 137.876 150.138 181.817 192.714 184.82 175.919 161.401 145.947 125.472 101.135 69.4803 16.7315 4.56996 3.91336 2.92742 2.8151 2.72156 2.07703 
-0.649353 -0.875611 -0.978872 -0.993975 -0.385835 -0.553818 -0.969394 -0.310776 -0.666205 -0.53306 -0.399876 -0.883311 -0.714503 -0.533179 -0.600596 -1.09729 -0.620698 -0.627199 -0.14191 0.0315543 -0.112024 1.04937 6.60005 70.549 104.337 125.597 145.819 168.388 170.559 185.208 194.202 199.337 175.332 152.13 140.194 133.055 127.348 123.409 119.134 118.4 118.881 118.327 119.634 120.891 124.011 128.964 136.468 147.963 176.91 194.62 185.626 176.325 163.773 149.689 129.172 104.253 73.8174 22.2186 5.19201 4.70322 3.4667 3.37806 2.59037 2.38824 
-1.19654 -0.733401 -0.459111 -0.686087 -0.663267 -0.615152 -1.29196 -1.04419 -0.819239 -0.764936 -0.934248 -0.518929 -0.575959 -0.681353 -0.904691 -0.929672 -0.512296 -1.41529 -0.850146 -0.20512 -0.0513198 1.2332 8.97649 70.7763 102.571 125.805 146.84 166.914 172.513 185.093 193.296 202.124 178.147 152.704 141.103 132.583 127.414 123.933 120.186 118.443 116.593 117.932 119.073 121.048 123.573 128.447 134.435 147.24 171.991 193.95 186.567 176.857 164.648 150.355 131.383 106.805 77.0185 24.0707 5.8666 5.04209 4.24267 3.79114 2.75557 3.00631 
-0.15351 -0.887026 -0.553538 -0.68361 -0.0791141 -0.601987 -0.0634653 -0.513205 0.0593148 -0.225266 -0.674235 -0.987276 -0.953796 -0.24078 -0.264287 -1.03574 -0.172146 -0.270079 -0.56702 -0.497891 0.164352 1.13639 14.3503 73.3596 107.478 128.578 149.053 162.74 172.46 184.139 192.984 201.846 178.709 154.165 142.127 134.756 129.074 124.291 121.127 119.039 118.575 117.638 119.113 121.12 123.271 129.033 135.616 146.998 164.675 200.345 187.534 179.059 165.741 151.324 133.379 109.066 79.0009 28.4817 6.458 5.62537 4.72582 4.76548 3.23913 2.9067 
-1.06071 -0.507571 -0.450808 -0.483993 -0.473511 -0.764313 -1.1111 -0.824387 -0.959998 -0.126346 -0.441484 -1.35963 -0.443947 -0.911747 -0.115737 -1.03525 -0.519764 -0.708551 -0.584487 -0.22187 0.471619 6.44956 22.3075 68.0774 103.61 124.089 147.19 163.232 175.425 187.242 196.585 203.937 182.174 156.962 145.285 135.71 130.424 126.898 123.923 122.156 120.932 121.164 122.638 123.706 127.012 131.074 138.45 148.325 165.122 204.388 190.925 183.554 173.894 158.859 142.074 120.259 93.7389 47.7937 6.34464 6.8917 6.75975 6.11156 3.4083 1.21469 
-0.65604 -1.13716 -0.959053 -0.498826 -0.530528 -0.835945 -1.71254 -0.823248 -0.555945 -0.659274 -1.12705 -0.796021 -0.716118 -0.031328 -0.907396 -0.86713 -0.455497 -0.839207 -0.842702 -0.0589705 0.19084 10.3505 63.7689 102.373 122.245 144.733 162.821 179.077 185.285 196.18 204.236 212.953 190.304 165.36 153.768 144.564 137.512 133.685 130.661 128.437 127.524 130.745 133.66 136.732 141.336 147.551 156.174 168.574 184.697 227.938 220.602 214.51 217.182 216.736 205.358 186.133 165.178 145.395 127.145 102.917 81.9434 54.5366 8.26871 0.479062 
-0.282698 -0.678649 -0.806699 -1.17654 -0.538831 -0.83726 -1.16405 -0.633405 -0.258593 -0.632198 -1.39839 -1.00538 -0.309144 -0.850971 -0.465745 -0.674228 -0.606641 -0.963361 -0.453158 -0.0641643 0.521922 7.29371 81.3507 119.99 148.923 171.202 186.201 195.528 197.093 209.508 220.071 226.434 213.735 188.36 175.979 168.503 164.962 162.179 159.701 159.697 161.216 162.784 164.608 168.349 172.635 177.719 186.029 197.175 213.623 258.406 250.309 242.73 248.488 247.222 248.069 241.199 220.626 194.532 163.099 137.739 118.19 92.3107 55.7274 1.2112 
-0.540988 -0.492945 -0.952431 -1.00675 -0.112572 -0.653517 -1.35688 -1.05417 -1.00397 -1.03679 -0.405773 -0.472888 -0.903021 -0.530654 -0.649896 -0.18809 -1.0996 -0.721705 -0.283791 -0.588716 0.664561 22.7243 93.4734 135.236 162.244 185.154 202.66 209.022 212.509 223.997 237.811 246.42 234.821 203.321 190.084 183.589 177.028 173.215 170.514 168.984 168.852 169.917 171.059 174.495 178.522 185.021 192.481 203.735 223.887 266.85 260.246 252.888 253.624 251.237 250.22 245.91 216.877 182.856 164.087 144.989 124.27 99.7635 70 11.299 
-0.784171 -0.475474 -0.686365 -0.570686 -0.0733558 -1.12929 -1.40524 -0.863132 -0.996855 -0.73939 -0.520959 -0.0993244 -0.581137 -0.267384 -0.510769 -0.431056 -0.627474 -0.443695 -0.597698 -0.164781 -1.51358 37.9943 85.8621 131.327 162.071 185.693 204.732 209.503 216.854 228.698 240.48 249.981 242.733 208.557 195.377 186.675 180.704 177.072 174.203 172.587 172.529 172.339 173.899 177.086 181.522 187.303 193.647 205.654 221.922 267.895 263.487 257.992 254.643 248.527 244.572 229.578 202.443 185.999 166.937 146.965 124.032 98.8253 65.1893 4.50449 
-0.276384 -0.826288 -1.39251 -0.472438 -1.43781 -1.15685 -0.980075 -1.13544 -0.803516 -0.451757 -1.13861 -0.671031 -0.736525 -0.124451 -1.37588 -0.424918 -0.984873 -0.420484 -0.404883 -0.0331065 0.120419 21.6524 76.5529 110.575 155.612 180.217 200.212 209.348 213.658 227.245 237.068 248.074 245.37 207.58 193.864 184.524 178.679 176.031 173.358 171.634 170.799 170.195 171.965 173.845 176.491 182.712 188.263 199.241 216.448 259.883 257.398 253.493 247.041 243.073 232.785 220.009 200.234 183.481 162.095 141.869 114.089 83.563 31.8253 0.186464 
-0.951033 -1.27027 -0.808447 -2.02051 -0.555617 -0.825509 -1.04713 -0.375297 -0.850525 -1.2884 -0.828994 -0.824403 -0.552926 -0.965584 -0.913868 -0.374294 -0.730267 -1.13099 -0.60149 -0.203593 0.494754 1.19429 53.1536 92.2393 137.807 168.322 189.832 204.518 211.005 221.794 233.719 243.917 245.86 204.25 189.541 181.065 174.646 170.794 167.831 166.419 163.74 162.717 163.312 164.392 166.491 171.434 177.56 188.998 203.817 244.738 247.204 240.668 235.962 231.007 220.118 207.759 195.248 175.057 149.792 120.435 91.3298 44.9854 1.6249 0.654146 
-1.10935 -0.144776 -1.08994 -0.890561 -0.775068 -0.559041 -0.740888 -0.932623 -0.786015 -0.995431 -0.770816 -0.565781 -0.771935 -0.231358 -0.788516 -0.608616 -0.779917 -0.559936 -0.664187 -0.452283 0.162791 1.41635 13.1858 70.7028 104.937 147.841 178.366 193.347 204.07 211.876 224.939 234.761 236.647 197.244 181.928 171.917 165.893 159.059 155.391 152.447 149.616 148.486 148.283 149.991 153.404 156.354 162.743 171.414 187.511 222.776 226.333 219.935 211.566 204.923 199.133 186.109 170.154 149.281 119.766 87.7475 40.5228 2.06963 1.93616 1.12403 
-0.782496 -0.537786 -0.880401 -1.246 -0.50096 -0.752662 -0.367802 -1.79805 -0.284851 -0.166809 -0.692299 -0.655454 -1.13642 -0.378725 -0.618336 -0.626268 -0.938699 -1.24392 -0.387004 -0.172516 0.231358 0.94335 0.691903 46.5906 89.3615 118.365 148.416 173.86 191.538 200.826 215.916 221.357 225.799 185.457 169.919 160.346 152.534 146.24 142.859 138.635 138.029 135.799 136.626 137.362 139.402 145.341 149.388 158.786 171.96 208.254 212.408 205.508 195.294 179.271 179.401 163.386 144.251 126.985 97.1172 65.4749 5.37287 2.55045 1.51955 0.59273 
-1.06456 -0.391255 -0.339101 -0.482421 -0.721807 -0.46576 -0.742181 -0.583303 -0.797542 -0.495037 -0.973799 -0.836347 -0.831332 -1.31799 -0.675859 -0.6366 -0.866875 -0.250473 -0.434893 0.21102 0.041776 0.578138 0.954803 43.0078 88.1137 117 140.805 158.637 175.895 177.746 194.147 202.878 208.454 168.788 153.495 145.488 138.555 135.052 132.104 130.686 129.512 129.936 130.148 134.794 136.558 141.219 146.783 156.682 171.563 204.128 211.414 205.093 195.485 177.915 182.332 164.158 144.016 126.346 97.7016 63.5007 6.16689 2.36727 1.01428 0.501174 
-0.266197 -1.12754 -0.709076 -0.527597 -0.793059 -0.750921 -0.937638 -0.757863 -0.61468 -0.795173 -0.699399 -0.984208 -1.31638 -0.515099 -0.910673 -0.912265 -1.03063 -0.651257 -0.765506 -0.90606 -0.544338 1.09886 0.882415 38.4264 85.2153 114.667 138.926 158.461 176.856 178.719 194.625 202.276 208.476 170.122 154.3 145.821 138.371 135.72 132.344 130.027 128.877 128.535 130.045 131.923 136.708 140.594 145.232 155.702 169.536 203.508 210.216 203.387 192.684 175.039 182.534 162.563 145.143 124.102 98.0527 64.8635 7.45094 2.28981 0.941333 0.742908 
-0.459707 -0.460484 -1.14755 -0.961274 -0.831289 -0.468413 -0.593799 -0.488418 -0.866293 -0.439852 -0.271281 -1.09753 -1.05528 -0.640931 -0.376584 -0.316889 -0.436776 -0.260997 -0.209708 -0.573166 0.248548 0.000676313 1.016 38.1224 85.6765 114.073 138.586 155.677 177.134 178.449 193.713 202.081 208.801 171.211 154.385 145.928 139.729 133.734 131.075 129.795 128.346 128.052 130.905 131.189 134.98 139.582 144.013 153.304 167.428 200.514 210.995 202.273 192.3 176.823 177.733 162.666 146.363 123.833 97.7995 63.5948 7.09255 1.43642 0.556881 0.22433 
-0.955572 -0.92838 -0.715133 -0.80235 -0.600894 -1.14607 -1.06431 -0.495015 -0.988185 -0.66297 -0.522926 -1.07731 -0.243071 -0.324107 -0.369461 -1.0402 -0.682093 -0.922629 -0.532679 -0.934525 -0.240529 0.0729346 0.865399 36.4165 83.3712 113.038 137.097 156.378 176.909 174.754 192.889 201.572 208.859 171.096 153.74 144.244 137.95 133.67 130.759 127.875 128.965 128.582 128.616 132.093 133.845 140.028 144.24 153.648 165.738 197.088 210.413 202.458 192.456 180.726 176.62 163.367 145.721 124.409 99.6454 64.0875 7.7134 1.23006 0.327779 0.194594 
-0.813051 -0.884864 -0.601264 -0.155208 -0.913925 -0.872627 -1.43333 -1.04745 -0.620228 -1.09338 -0.992052 -0.477168 -0.272886 -0.248627 -0.793829 -0.463065 -0.476014 -0.901489 -0.827155 -1.03715 -0.34236 0.316634 0.775996 33.3184 80.5778 110.872 136.981 154.383 177.124 171.582 191.617 199.59 209.81 169.872 154 144.136 138.707 133.139 130.529 127.568 127.877 127.324 127.653 129.965 132.63 138.357 144.222 151.393 164.953 194.945 210.513 202.125 193.945 181.061 174.333 164.027 146.828 125.414 100.062 67.0903 12.4971 1.29427 -0.18127 0.336432 
-0.371112 -1.13338 -0.858658 -0.61549 -0.853602 -0.67504 -0.465773 -0.85741 -0.515826 -0.970081 -0.801771 -0.287601 -0.946023 -0.599326 -0.185301 -0.700213 -0.675905 -0.517589 -0.744909 -0.560628 -0.502151 -0.014975 0.888396 25.7217 78.3374 108.804 134.099 154.635 170.593 175.8 190.11 199.478 211.626 171.825 154.121 144.422 138.05 133.226 129.593 128.723 126.868 126.539 129.418 129.839 132.38 136.542 142.996 150.694 162.469 188.26 211.232 202.428 195.067 180.009 177.705 164.843 148.228 128.9 102.986 71.6572 16.2519 1.36785 0.58966 -0.0781267 
-0.286834 -0.966194 -1.03059 -1.21501 -0.895899 -0.424824 -0.847357 -0.881868 0.233807 -0.585844 -0.791543 -0.890253 -0.843998 -0.611759 -0.47649 -0.460446 -0.79378 -0.333027 -0.713513 -0.593269 -0.370356 0.114175 0.546968 26.2585 77.2993 107.627 133.46 151.991 168.982 174.286 188.297 199.326 209.896 170.794 154.37 144.434 138.834 133.158 128.943 127.796 126.663 127.242 128.194 128.343 132.336 136.479 142.487 149.434 162.237 183.371 212.919 204.287 196.146 181.452 176.374 166.301 148.495 128.766 104.066 71.9883 18.0756 1.47441 0.338769 0.0818058 
-0.181722 -1.02517 -0.615517 -0.910451 -1.40009 -1.00681 -0.318458 -0.666948 -0.919329 -0.458768 -0.737 -0.95649 -0.483754 -0.136186 -0.827787 -0.886952 -1.03656 -0.248407 -0.592882 -0.609117 -0.922913 0.344677 0.763973 23.2534 76.2091 107.213 132.282 153.627 170.202 174.319 187.758 198.488 209.726 170.266 154.526 142.946 137.676 132.852 129.241 128.115 125.747 126.215 127.023 129.617 132.223 135.966 142.507 148.937 160.867 178.39 217.733 203.953 194.783 182.115 175.512 166.125 150.17 129.695 104.264 72.4542 18.6667 1.6784 0.158135 0.0872732 
-0.281254 -0.58579 -0.549423 -1.38221 -0.798317 -0.070202 -0.567616 -0.739278 -0.400797 -2.1321 -0.50609 -0.803469 -0.900602 -0.295661 -0.895076 -0.806182 -1.05202 -0.535307 -0.552214 -0.329906 -0.32539 0.518946 0.862936 21.1913 74.7702 105.764 132.615 152.065 168.266 174.148 187.458 197.881 210.4 185.312 154.596 143.208 136.831 131.576 128.526 127.357 126.108 125.931 127.198 128.718 131.689 134.888 141.733 147.836 160.046 176.052 218.029 204.708 195.288 184.948 175.042 168.322 150.555 131.064 105.219 74.0877 19.9239 2.16855 0.785426 0.393018 
-0.56079 -0.403212 -0.776453 -1.37316 -0.533327 -1.04095 -0.506361 -0.228919 -1.05972 -0.749913 -0.237683 -0.689934 -0.910266 -0.207074 -0.905397 -0.459441 -1.13788 -0.814654 -0.254975 -0.298226 -0.507305 0.713673 1.23857 21.6047 75.3754 105.469 131.038 151.46 167.744 171.499 187.073 197.826 213.302 170.585 155.007 143.445 138.381 134.468 129.175 127.118 127.726 125.526 127.75 128.784 132.74 136.214 141.165 148.797 160.414 176.317 215.956 205.068 197.294 184.176 177.265 168.184 151.285 131.399 106.841 76.4036 23.2557 2.43826 1.4344 1.10494 
-0.372513 -0.138981 -0.511516 -0.623519 -0.416098 -0.449931 -0.885298 -0.43934 -0.720829 -0.648588 -0.976951 -1.05515 -0.748403 -1.19861 -0.615899 -0.689332 -1.14218 -0.595815 0.0175579 -0.121949 0.156838 0.666936 1.63598 19.4502 73.9195 105.32 132.236 151.832 169.325 170.888 187.307 195.672 214.432 171.647 155.119 143.552 137.67 132.423 128.847 127.438 126.519 126.721 127.848 129.085 131.778 135.361 141.479 148.089 158.651 176.385 215.548 205.484 196.894 184.3 176.997 168.132 153.358 132.754 108.982 78.5547 24.8657 3.817 2.23245 1.54426 
