-1.04637 -0.896079 -1.37007 -1.35315 -1.52232 -1.17896 -1.79398 -1.40036 -1.03192 -0.332 0.287491 55.8177 89.1061 116.373 139.879 156.834 173.608 170.036 186.169 194.841 204.628 190.598 161.491 148.646 139.618 132.328 129.877 126.808 125.257 124.202 124.828 125.27 129.827 133.017 137.773 144.905 155.443 172.507 211.886 199 190.499 177.014 170.78 160.441 143.803 123.026 97.0526 63.8515 7.11918 0.0196546 -0.633982 -1.30827 -1.14337 -1.23847 -0.905122 -1.22504 -1.52379 -1.28707 -1.46634 -1.37006 -1.13645 -1.38737 -1.22613 -1.11299 
-1.91746 -1.44706 -1.90277 -1.48603 -2.04704 -2.03214 -1.49123 -1.85793 -0.981399 -0.152764 -0.740125 56.1925 90.1015 117.006 138.813 157.312 174.792 173.395 188.279 195.309 204.508 191.033 161.831 149.459 139.156 133.953 129.341 126.956 124.972 124.956 123.788 124.281 130.133 132.493 137.054 144.164 155.236 171.065 211.624 197.646 190.747 176.375 171.077 160.628 142.726 121.793 95.7446 62.9795 6.40518 0.20711 -0.843134 -1.60916 -1.32058 -1.26877 -1.40639 -1.05398 -1.56424 -1.45939 -1.16653 -1.27413 -1.04254 -1.20391 -1.08722 -1.04925 
-1.28896 -1.94285 -1.41125 -1.22742 -1.41959 -1.61688 -1.60367 -1.11724 -0.934918 0.0368139 0.331599 57.1037 90.6991 118.108 140.674 157.83 173.927 169.99 188.121 195.702 205.688 190.787 162.051 148.579 140.017 133.888 130.092 128.362 125.867 125.137 124.097 126.341 129.915 132.995 137.973 145.499 155.903 172.347 211.857 200.145 191.705 176.643 170.62 160.038 143.863 122.255 95.2241 63.1763 5.89594 0.125554 -1.06319 -1.04564 -1.2655 -1.20627 -1.46213 -1.00022 -1.05186 -1.42785 -0.729637 -1.02264 -1.29955 -0.993217 -1.2928 -1.11719 
-1.84036 -2.61729 -1.58826 -1.56995 -1.61862 -1.07446 -1.41993 -1.74305 -0.844108 0.138652 0.544204 56.8389 90.5944 117.405 139.803 156.769 175.591 172.46 187.41 196.877 202.938 192.022 161.133 148.194 140.032 135.245 130.437 127.386 125.689 124.38 124.661 126.178 130.869 133.571 138.141 145.335 162.317 175.918 212.904 199.844 193.091 177.672 171.635 161.381 143.41 121.732 96.0738 62.8587 5.43796 0.591227 -0.70306 -1.21082 -0.975955 -0.996634 -1.04295 -1.21668 -1.40683 -1.06924 -0.88252 -0.976312 -1.13073 -1.47196 -1.61224 -1.41318 
-1.95457 -1.48506 -1.8596 -1.70227 -2.00079 -1.30294 -1.7468 -0.886731 -0.0549746 0.573403 0.944999 57.5708 91.9488 119.158 139.566 158.128 174.163 171.054 187.324 197.243 205.186 192.112 161.658 150.522 141.072 134.337 130.644 127.527 127.328 124.929 126.296 126.58 131.776 133.465 139.571 145.657 160.75 174.167 213.459 199.671 192.082 177.538 170.856 160.445 143.694 121.574 95.4086 62.4157 6.28527 1.21072 -0.284917 -0.395065 -1.12585 -1.09763 -1.5673 -0.892847 -1.15847 -0.8344 -1.03295 -0.894638 -1.02868 -1.26416 -0.972121 -0.758585 
-1.66885 -1.7394 -1.42452 -1.86751 -1.38385 -0.890989 -1.25559 -0.912415 0.0311528 0.90035 2.5043 59.0265 93.2131 119.858 141.189 159.426 174.596 172.012 188.157 197.97 204.107 192.609 162.67 149.343 141.801 134.924 131.233 127.997 127 125.596 125.169 126.603 132.77 135.08 138.979 148.946 161.107 174.482 212.392 201.436 191.861 177.869 171.915 162.149 145.279 123.457 97.2485 63.2238 5.5198 1.29246 0.386112 -0.515763 -0.471061 -0.936962 -0.841224 -1.17156 -1.15603 -1.18971 -0.95946 -1.15391 -1.35573 -1.09996 -1.23488 -1.23316 
-1.97477 -1.67193 -1.86454 -1.74524 -1.52753 -1.13447 -1.1929 -0.26681 0.377775 1.66316 -0.207625 54.8949 89.4152 117.487 139.47 157.715 173.596 174.047 188.509 197.221 205.02 196.838 164.302 153.014 142.622 136.891 132.252 129.575 127.915 127.733 127.072 127.604 132.34 136.591 140.038 147.925 157.048 175.165 212.946 203.556 193.641 182.477 174.703 164.012 147.014 126.772 101.508 68.1418 11.4446 1.73739 0.66669 -0.421687 -0.62615 -1.16805 -0.878344 -1.29623 -1.16489 -1.10679 -1.08352 -0.938055 -1.77445 -1.1505 -1.30459 -0.980434 
-1.95693 -1.7226 -1.88193 -1.47909 -1.49437 -0.994824 -0.845309 0.228857 0.395107 1.9962 -0.858228 55.2448 91.725 117.72 139.855 156.949 173.032 177.175 189.26 197.736 205.907 197.782 166.381 153.442 143.103 137.589 132.835 129.947 128.704 127.406 126.504 127.742 132.399 136.383 140.427 147.095 157.319 174.757 212.791 203.038 194.278 181.42 171.991 163.144 146.972 126.4 102.285 69.8369 12.8047 2.05223 1.25169 0.183911 -0.283727 -0.348596 -0.9185 -1.18218 -1.2396 -1.25957 -1.42229 -0.860876 -1.47834 -0.957701 -1.05732 -0.890084 
-1.42621 -2.03298 -1.36912 -1.71138 -1.64387 -1.13925 -0.412453 0.124752 0.528877 1.49002 2.65584 59.5502 94.7759 120.597 142.118 159.83 174.195 179.466 188.672 198.582 206.575 199.165 167.127 152.811 144.183 137.407 133.714 131.307 128.936 128.212 127.082 129.317 133.73 137.218 140.259 148.644 158.801 174.974 214.443 203.343 195.769 183.75 175.581 164.723 147.798 127.496 102.516 70.0214 11.8593 2.84871 2.03766 0.228542 0.233471 -0.914432 -1.21972 -1.20553 -1.64509 -0.950709 -1.29941 -1.51123 -1.4437 -1.54422 -1.3825 -1.24365 
-1.95711 -1.94409 -1.61338 -2.12368 -1.00697 -1.16699 -0.561367 0.297986 -0.281325 14.6745 67.6783 92.7078 111.528 131.73 149.772 166.142 181.951 185.887 197.064 207.682 215.323 210.339 174.021 160.427 151.184 145.214 140.155 136.436 134.28 133.21 131.886 132.799 136.442 140.36 144.652 152.015 162.485 179.172 216.747 207.45 198.267 188.792 180.924 170.517 154.992 137.632 115.039 88.993 50.8258 9.60199 0.880248 1.3212 0.194217 -0.5887 -1.3713 -1.39322 -1.70767 -1.36874 -1.12597 -1.01842 -1.1035 -1.34907 -1.55195 -1.27155 
-1.71026 -1.67019 -1.69845 -1.77678 -1.02326 -1.20193 -0.684294 5.98832 37.0448 68.2252 98.5501 124.07 144.511 163.234 180.111 192.266 201.648 206.095 214.081 220.36 223.511 216.18 181.209 165.658 157.874 149.39 144.161 141.562 139.835 138.32 139.493 140.136 144.438 149.243 154.165 162.122 173.738 188.995 230.995 222.671 214.256 206.475 198.757 187.702 173.297 157.023 138.264 115.878 91.9208 61.9895 27.6987 10.4302 -0.798527 -0.26379 -0.931467 -0.842327 -1.10132 -1.22364 -0.95223 -1.23025 -0.73036 -1.42444 -1.18203 -1.00883 
-1.35159 -1.7685 -1.62175 -1.61176 -1.88203 -1.22608 -1.5405 44.5172 76.8699 88.7529 111.095 132.787 152.758 171.193 187.55 200.591 211.601 220.835 228.429 234.875 240.391 230.789 193.92 179.975 168.997 162.657 157.864 155.317 153.535 152.131 152.66 152.323 156.67 158.759 163.896 171.999 183.233 199.98 239.517 233.363 226.457 217.972 210.767 200.052 187.485 175.027 159.692 145.972 131.359 114.574 88.1664 61.0609 13.3991 -1.12956 -0.875529 -1.25896 -1.41536 -0.804997 -1.62107 -1.33497 -1.25528 -1.48564 -1.22046 -1.4411 
-2.25291 -1.90728 -1.8147 -1.10477 -1.7585 0.371197 10.7775 72.8548 92.0561 107.103 127.97 145.947 162.669 178.525 193.308 204.512 215.355 224.858 231.859 239.149 242.209 230.901 196.643 181.975 167.712 158.039 152.022 154.819 157.465 156.014 155.983 157.207 161.477 164.363 172.152 179.814 191.907 208.189 251.996 244.59 240.208 233.71 224.379 216.421 203.42 189.069 172.283 156.608 142.769 126.371 107.094 74.2548 42.9577 -1.98738 -0.927382 -1.26141 -1.1591 -1.31113 -1.47445 -1.17038 -0.889602 -1.03856 -1.26153 -1.1084 
-2.02263 -1.93707 -1.44545 -1.52094 2.9547 8.4694 15.3213 79.0612 97.2717 110.925 130.932 150.746 170.946 187.368 202.673 215.253 224.446 230.465 236.208 242.856 245.37 231.959 198.281 180.049 158.259 149.272 145.838 145.999 154.228 155.602 155.192 157.481 164.184 166.85 173.942 182.481 194.784 213.798 258.471 251.659 243.479 238.851 230.529 217.548 204.881 190.115 172.383 153.796 144.284 129.89 113.743 81.3714 47.8919 -0.0230247 -0.677342 -0.953545 -1.09683 -1.05952 -1.53719 -1.38998 -1.52447 -1.122 -1.43592 -1.21584 
-2.32386 -1.63953 0.347288 1.08643 2.04421 4.13223 4.68925 28.7575 59.1256 73.6763 103.415 122.617 137.928 153.345 169.603 182.814 195.679 206.331 214.903 219.918 227.385 217.193 175.058 151.381 142.181 135.867 132.403 131.141 132.503 140.807 147.932 148.707 153.762 156.773 163.942 171.828 183.207 200.604 241.969 233.795 226.936 216.962 207.078 196.598 184.125 169.839 153.82 136.105 126.801 124.337 115.574 88.5018 44.5467 -1.98593 -0.522423 -1.25912 -1.08353 -0.980367 -1.5103 -1.26343 -1.59119 -0.803491 -1.59871 -1.17854 
0.12215 0.215654 -0.735883 -0.575766 -0.367215 -0.00751809 0.768666 0.555803 -0.261232 -0.857161 5.08988 59.3077 103.883 126.042 150.125 169.151 182.799 193.153 202.555 210.471 209.499 188.362 152.917 137.634 130.539 125.356 121.719 120.818 118.72 119.767 123.742 133.782 142.674 145.688 153.306 160.123 171.023 186.229 227.984 219.268 209.551 196.35 183.889 168.004 149.525 129.551 109.938 82.7306 38.3123 27.1265 26.566 17.1726 8.32062 -1.84815 -1.00073 -1.17001 -0.912383 -1.35642 -1.03897 -1.35351 -1.61389 -1.44137 -1.13188 -1.33351 
-0.998717 -1.10138 -0.908855 -1.06079 -0.62849 -0.312548 -0.0504902 0.413482 1.17151 1.64686 2.04161 23.9172 76.1617 102.888 125.896 147.593 163.619 173.972 183.757 178.276 170.582 161.955 129.973 119.16 111.249 107.751 104.343 103.256 100.464 99.7833 101.08 103.454 115.208 125.19 130.947 138.046 148.328 163.525 201.676 193.255 182.839 170.977 157.987 142.176 120.691 104.033 69.1496 14.7672 4.06448 3.67668 3.68404 4.04149 6.29977 10.6469 -1.61613 -1.07153 -0.85681 -1.25025 -1.73165 -1.1727 -1.23281 -1.00835 -1.14012 -0.930347 
-0.723432 -1.23696 -0.922995 -0.914186 -0.800957 -0.978568 -0.103958 0.704223 0.267635 1.39253 1.87212 20.9426 75.1385 101.813 124.439 143.54 159.965 169.728 170.165 155.276 157.015 152.831 123.406 112.444 105.913 101.579 98.4559 97.4554 97.0227 95.6057 96.5303 98.4191 103.014 108.451 124.084 136.287 146.45 161.671 199.503 189.547 181.045 168.062 156.462 140.108 119.079 99.9499 64.3425 8.14874 3.483 2.01922 2.12891 2.22486 3.17896 3.65655 -0.809775 -0.894965 -1.16945 -1.24634 -1.11377 -1.19395 -1.05362 -0.831905 -1.40063 -1.25278 
-0.887219 -1.30118 -0.929812 -0.226784 -0.615059 -0.672904 -0.349751 0.230657 0.470301 0.701935 2.22316 17.818 72.8718 99.1172 122.898 141.549 157.213 170.186 147.026 140.695 145.918 149.26 120.401 110.67 103.892 100.623 97.3692 94.5185 94.34 94.4756 93.5848 95.8756 99.1373 103.468 110.319 123.598 145.392 161.099 199.455 189.016 180.103 167.646 153.487 138.109 117.025 95.5479 61.5996 5.87695 2.21105 1.74295 1.15387 1.38116 2.19797 2.97342 -0.424666 -0.779694 -0.684089 -1.27929 -1.13989 -0.992115 -0.990662 -1.19504 -1.12174 -1.00317 
-0.0443406 -0.719223 -0.631007 -0.576625 0.280535 -0.0592916 0.158704 -0.197426 0.163263 0.968739 1.46956 14.8947 70.1828 96.993 120.882 140.686 156.022 161.591 136.737 130.866 137.247 147.032 119.29 110.677 102.285 98.1649 96.1496 92.5229 92.9274 92.0138 92.2307 92.8063 97.575 100.517 105.836 114.181 133.23 165.222 197.998 188.538 177.749 167.173 152.986 136.476 114.835 91.5277 60.2482 3.19147 1.53003 1.48818 1.21473 1.50265 2.56932 1.82586 0.688465 -1.10428 -1.01944 -1.56528 -1.13784 -1.56075 -1.32071 -1.53428 -1.21158 -1.69371 
-0.547751 -0.0361396 -0.59475 -0.191354 0.189762 -1.12276 -0.507687 -0.187144 0.159854 0.422192 1.52659 15.3434 67.7764 95.9345 120.205 140.306 154.712 156.12 129.648 123.758 130.86 146.336 118.289 108.876 102.752 97.067 94.6414 92.3611 91.2955 90.94 90.9376 92.4321 95.167 99.0707 103.144 109.937 124.096 156.113 198.818 186.514 176.922 165.588 151.732 135.466 113.498 88.6883 57.6219 0.0209984 1.09639 0.971836 0.882984 0.988787 3.38366 1.41844 0.456105 -0.683945 -1.41913 -0.966154 -1.32394 -1.18261 -1.16552 -0.827421 -0.992699 -1.08153 
0.0254762 -0.0968715 0.0105744 -0.620123 -0.415624 -0.319845 -0.587325 0.453116 -0.28704 0.455016 1.17919 13.4303 67.5756 96.2871 118.63 139.638 154.149 154.274 127.106 120.335 124.511 146.915 118.475 107.623 101.248 96.8239 94.3765 92.9527 91.2595 90.4335 90.7568 91.1673 94.7617 97.2061 102.034 109.492 120.774 153.241 198.744 185.977 176.498 165.089 151.326 134.23 112.109 89.6528 54.5804 -0.749296 1.27531 1.11631 0.6463 1.51571 4.15385 1.8232 0.631142 1.1163 -0.980507 -1.26787 -1.07662 -1.50765 -0.860387 -1.55437 -1.13705 -1.13297 
0.449631 0.757631 0.0928825 0.936282 0.039671 0.485993 -0.200996 0.0515719 0.23826 0.759269 1.36605 13.854 68.0226 95.2763 118.834 139.021 153.202 154.144 124.305 117.834 121.51 146.633 118.786 108.915 102.168 97.7163 94.6341 92.7569 91.1049 90.605 90.8877 91.6993 94.5321 97.6203 102.03 108.438 120.326 151.073 198.342 184.828 176.943 164.237 148.957 133.423 112.32 88.8379 52.0743 -1.21465 1.40346 0.867788 0.90927 2.63626 3.14027 1.629 0.926055 1.42335 -0.48623 -1.41149 -1.33109 -0.932291 -1.50932 -1.41505 -0.875103 -1.71219 
0.448136 0.716203 0.911565 0.0226903 0.43921 0.400629 0.934816 1.01576 0.482599 0.882474 1.1791 8.95555 65.0804 93.7214 117.643 138.283 152.319 159.585 126.222 117.542 112.882 150.338 121.507 110.299 102.938 98.0201 95.2091 93.6665 92.0454 91.5184 91.289 91.4193 94.5923 96.4044 101.535 107.607 119.437 148.334 195.26 185.956 176.634 165.026 150.314 134.264 112.72 91.0436 53.971 1.1271 1.34236 0.894232 1.10022 2.99197 2.93883 0.803705 0.322542 0.610952 1.29848 -0.274468 -1.13066 -1.43116 -1.06165 -1.63449 -1.27113 -0.760125 
0.332036 1.07226 0.880442 0.252678 0.454126 0.464916 0.417494 -0.0572738 0.732398 1.23913 1.91916 6.70461 64.6271 92.512 117.127 136.632 151.799 163.062 129.62 119.483 110.706 152.072 122.959 111.382 104.387 99.8264 96.0463 93.5541 91.8617 92.3842 92.3935 92.1405 94.7769 97.8251 101.924 107.621 118.314 147.942 195.123 186.625 176.59 164.936 151.522 134.55 112.496 92.453 54.864 0.980521 1.30409 1.38002 0.698166 2.60676 2.04231 0.784484 0.584195 0.516085 0.949216 0.859182 -1.01997 -1.52462 -1.5126 -1.16885 -1.10252 -1.69537 
-0.187738 0.774337 0.203891 0.213732 0.230586 0.222448 0.39319 0.231403 0.6993 1.17208 1.7095 7.66124 63.2133 92.4921 117.436 136.719 152.118 167.696 132.345 121.83 111.986 153.532 122.391 112.613 105.552 100.28 96.4159 95.1863 93.0978 92.4171 92.1647 92.6663 96.1037 98.0914 102.814 109.225 121.157 152.46 195.991 185.269 177.111 165.112 150.471 134.375 110.821 92.034 53.3145 -0.0769814 1.41043 0.55156 0.996141 2.88034 2.31615 0.722359 0.4903 0.354487 -0.162427 0.296315 0.712958 -1.29748 -1.29524 -0.904685 -1.22581 -1.59093 
0.608085 1.19261 0.481201 0.467516 0.236325 -0.0913968 0.360514 0.346311 0.234718 1.07163 1.68378 7.80383 63.6683 93.0721 116.647 136.954 151.212 163.75 146.115 124.698 114.528 155.637 124.254 113.166 105.892 100.571 98.1461 95.035 94.4252 93.2438 93.0417 93.6214 95.4771 98.8261 104.081 111.223 123.965 157.079 195.806 185.395 175.818 164.257 149.894 132.662 112.273 89.4655 51.8791 -0.796351 1.34879 0.121037 1.38679 2.99194 0.861796 0.865741 0.633005 0.502508 0.362368 0.501883 0.236496 0.519704 -1.23201 -1.30534 -1.25019 -0.877203 
0.357798 0.0185478 0.388194 0.356656 0.168413 -0.236847 0.376465 0.20768 0.0430767 0.672115 1.33899 7.67379 64.6877 93.3509 116.215 137.2 151.667 162.532 157.042 128.224 118.921 158.693 126.171 115.003 107.839 102.032 98.758 95.9145 94.0238 93.7515 94.0293 93.8608 97.3191 100.764 104.855 113.078 130.929 155.795 195.798 184.572 175.184 164.461 150.199 132.314 116.272 84.6037 51.0912 -1.32475 1.14171 0.911204 1.80085 1.34505 0.102272 0.220579 0.26404 0.182695 0.412362 -0.000721562 0.912403 0.158656 -1.02874 -1.44947 -1.17437 -0.678186 
0.217216 0.0240505 0.162351 0.341829 -0.181773 0.183537 -0.632218 0.521021 0.405928 0.541929 1.27811 7.66978 64.0961 92.254 115.311 137.452 153.829 162.402 167.259 135.355 128.622 159.741 127.529 116.57 108.637 103.563 99.6546 97.0614 95.5518 95.1135 94.3652 96.0675 99.3705 103.317 109.307 118.57 138.955 155.531 195.371 185.79 176.973 163.51 150.761 132.27 116.284 82.8624 49.5395 -1.84468 0.785728 -0.0250327 1.66657 1.02093 0.911981 1.02501 0.24875 0.151455 -0.132102 0.579366 0.657877 0.67858 0.342552 -1.75564 -1.2268 -1.45387 
-0.211438 0.386485 0.217531 0.0406646 0.0251317 -0.526101 0.282941 -0.178524 -0.444472 0.108388 1.07806 7.20512 63.6726 92.9221 117.157 136.882 152.586 164.105 176.385 144.734 140.138 161.46 129.98 117.58 110.644 105.302 101.65 98.564 97.7479 97.395 96.5556 98.4662 102.62 107.505 114.121 127.451 139.867 157.391 195.967 184.213 175.562 162.611 149.439 131.586 114.488 82.224 47.6377 -1.19552 1.58627 0.474314 1.17398 1.00874 0.295784 0.325921 0.608078 0.220129 -0.0296218 0.332495 0.607206 0.7962 0.29703 -0.379791 -0.795853 -1.15365 
-0.0383296 0.388671 0.341007 -0.0288521 0.37157 -0.119545 0.0112325 -0.51155 -0.347882 0.109827 1.49795 8.13783 64.9466 92.9039 117.819 136.369 152.414 165.229 173.946 168.578 152.966 166.477 134.398 122.504 114.411 108.441 104.103 102.148 99.7747 99.274 100.763 102.904 109.679 115.352 122.541 129.634 140.127 155.792 196.825 185.199 174.995 162.951 148.711 131.149 113.058 83.4505 45.891 -0.577183 1.02804 0.40661 1.26626 1.15609 -0.16943 -0.0831616 0.0676556 0.0908569 0.741906 0.322899 0.213916 -0.0495375 0.332683 -0.541445 -1.03854 -1.50149 
-0.132165 0.219687 -1.32131 0.41898 -0.00603356 -0.135646 -0.201968 -0.528789 0.0101478 -0.0562865 1.53322 8.46012 65.2392 93.4715 116.98 136.681 151.689 164.827 174.619 184.615 176.542 177.188 142.022 128.463 119.845 113.142 110.357 107.654 105.977 107.095 109.17 110.57 116.903 118.949 123.08 130.118 140.322 155.62 195.14 184.357 173.886 162.482 149.181 130.871 112.036 83.0592 44.0508 -0.0778311 0.930337 0.860515 1.74737 0.461843 0.292558 0.0104317 -0.22451 0.377804 -0.430756 -0.154932 0.231674 -0.286952 -0.23517 0.158072 -1.13224 -1.43669 
3.60424 3.82923 3.08079 3.13371 3.0872 3.12756 3.10476 3.03448 3.04423 3.66951 3.79275 12.8557 69.4251 98.0759 122.218 143.314 158.543 169.202 180.779 190.366 196.396 199.026 161.552 148.275 138.143 131.011 124.735 120.863 119.071 117.826 116.919 117.135 113.664 116.81 121.16 127.366 138.146 153.427 192.739 181.332 171.985 161.25 146.377 129.094 107.65 80.7146 41.6578 -0.0280143 0.713277 0.312274 0.903086 -0.267164 -0.112417 -0.495856 -0.312208 0.0806431 -0.790582 0.0274215 -0.179799 -0.785431 -0.372853 -0.72197 -0.508765 -1.30854 
4.58463 3.24461 3.81113 3.37791 3.18732 3.22674 3.82162 3.10301 3.0862 3.48251 4.63813 12.6182 71.1698 98.2372 123.33 143.627 158.906 172.228 181.091 190.435 198.485 199.315 163.142 148.045 137.025 131.967 125.765 122.381 118.996 119.422 118.387 117.599 113.602 116.854 121.562 128.454 139.671 153.905 194.102 181.991 171.663 159.164 146.375 127.445 108.012 79.8735 40.4102 0.225957 0.845379 0.4505 0.184256 -0.76571 -0.772702 -0.345221 1.18781 -0.726367 -0.296996 -0.952657 -0.733391 -0.609424 -0.183765 -0.828137 -1.15614 -1.79378 
3.81409 4.8967 3.32459 3.31457 3.245 3.66179 3.702 3.6284 3.80246 4.36043 4.49729 14.2318 71.2745 100.27 122.839 143.911 159.441 173.624 182.169 191.667 199.638 201.394 164.377 147.87 138.634 130.82 126.069 122.739 119.882 118.941 117.968 118.072 113.731 117.387 121.793 128.415 139.78 155.189 193.991 182.042 171.278 160.424 147.116 128.07 108.613 80.0004 39.189 0.170987 0.0279358 0.507225 -0.479491 -0.191406 -0.597751 -0.441963 0.624912 -0.130555 -1.33224 -0.845726 -0.429931 -0.443132 -0.63832 -1.04869 -0.924897 -1.43638 
3.79844 4.00343 3.36885 3.93009 3.3101 3.99495 3.35198 2.8276 3.40823 3.20185 4.61185 15.5179 71.0651 99.6029 124.129 143.229 159.565 172.301 182.967 191.128 200.777 201.892 163.512 149.511 139.192 130.759 126.475 121.576 119.86 119.002 117.63 118.782 114.938 116.874 122.209 128.581 138.605 155.691 193.464 181.484 172.512 160.125 146.072 127.867 107.779 78.8259 38.5579 0.0146884 0.278666 0.82486 -0.459921 -0.871054 -0.23205 -0.746478 -0.146602 -0.0368458 -1.11026 -0.898078 -1.51403 -0.699938 -1.0087 -0.80086 -1.76686 -1.19086 
4.48484 3.38691 3.08066 2.86894 2.58945 3.2866 3.41146 3.44406 3.29521 3.48755 4.08823 15.973 72.3813 100.187 125.058 143.117 159.752 171.806 182.31 191.739 198.91 200.892 164.751 149.311 137.506 131.693 126.752 123.099 120.7 119.226 118.422 118.867 114.494 117.429 121.888 128.04 139.274 154.334 195.51 182.111 172.867 160.52 146.148 127.552 107.097 78.2103 38.2254 0.646957 0.848639 0.16413 -0.274041 -0.452568 -0.489416 -0.530113 -0.514187 0.380426 0.0182708 -0.648165 -0.209294 -0.57051 -1.10361 -0.905776 -1.23883 -1.5576 
3.81614 4.3496 3.4909 3.48753 3.24051 3.78241 -1.83238 4.38845 3.02091 4.25173 3.97947 16.9041 71.7622 101.21 125.292 143.776 160.027 172.879 182.007 193.134 200.336 201.516 163.625 149.129 140.087 131.723 127.39 122.824 120.603 118.853 118.545 118.154 113.953 116.956 121.895 128.072 139.071 156.153 195.66 181.779 172.527 165.242 151.389 127.1 107.893 79.0321 37.1727 0.728704 0.458211 -0.0782712 -0.302225 -0.449272 -0.370608 -0.64859 -0.170621 -1.06985 0.776324 -0.341575 -1.25811 -0.868021 -0.619263 -1.63531 -1.40951 -1.83131 
4.4229 2.5647 3.74009 3.81971 3.62991 3.57457 -5.17877 3.98103 3.64883 3.68571 5.20049 17.3545 73.2674 102.975 125.235 145.699 161.469 171.967 183.871 192.635 199.637 202.106 164.913 150.46 138.892 131.61 127.498 123.337 120.628 119.371 118.169 118.799 114.696 117.139 121.246 128.932 139.316 155.522 194.602 181.687 171.535 158.908 145.684 126.963 106.733 78.9329 36.1376 0.416258 0.791563 -0.508779 -0.851949 -0.277896 -0.798504 -0.713858 -0.858644 0.102533 1.7244 -0.482589 -0.76434 -0.921765 -1.34167 -1.37649 -1.13425 -1.2612 
3.34865 3.76522 4.12335 3.59248 3.39039 3.83447 3.08614 2.88087 3.38841 3.95663 4.74004 18.2866 75.1665 102.81 126.959 144.634 161.687 172.823 184.47 193.276 203.339 205.025 167.439 148.452 140.005 131.572 127.881 124.114 120.926 119.458 119.037 118.93 115.713 119.017 122.912 129.305 139.309 156.763 194.903 182.177 171.7 160.131 145.415 127.746 107.201 79.5462 36.561 0.673983 0.356759 -0.616016 -1.12338 -0.389757 -0.345779 -0.130775 -0.487042 -0.0112863 2.35275 -0.818001 -0.783682 -1.08174 -1.23694 -1.01137 -1.67566 -0.888005 
4.02695 4.16896 3.65972 4.01842 3.42753 3.62896 3.56161 3.63027 4.3633 5.38338 5.25453 16.4328 73.4764 102.746 126.076 144.558 162.268 173.357 183.502 194.04 203.083 203.73 166.233 149.111 139.879 133.249 128.534 125.553 122.025 119.553 119.405 119.738 115.686 118.516 122.481 129.077 139.701 155.453 194.195 182.883 173.062 160.292 146.58 128.995 107.579 81.559 43.3044 0.71236 1.25988 0.0802256 0.240233 0.172064 0.0653428 -0.683993 -0.5476 -0.704081 5.79549 -1.69354 -0.0203614 -0.525722 -0.78377 -1.74637 -1.62734 -1.94236 
4.6744 4.043 3.36474 4.47837 4.31728 3.97273 4.84233 4.55864 3.73725 4.51519 5.30804 13.5389 71.0017 102.551 125.55 144.567 162.014 173.002 184.51 193.193 201.02 206.749 166.843 150.924 139.396 133.601 127.918 125.48 121.666 120.651 119.087 119.808 115.981 118.638 122.611 130.644 138.15 154.331 193.459 183.702 175.292 162.753 148.377 132.111 109.194 84.6256 48.5976 -1.21787 1.93449 0.359702 0.819954 -0.0917796 -0.469968 0.593108 -0.108991 -0.107843 5.12071 -0.164857 -0.208688 -0.33977 -1.31664 -1.65221 -1.54605 -1.07103 
4.18928 4.11119 4.48151 4.20513 3.48679 4.21325 3.81787 4.41136 4.62888 5.10428 6.42338 12.2521 72.8038 102.163 127.293 144.728 162.187 172.946 184.847 193.732 201.75 205.61 166.957 151.999 139.988 134.097 128.665 125.79 123.464 121.234 120.314 120.171 116.426 118.67 122.945 129.01 139.045 154.417 194.193 184.538 174.362 162.069 148.794 132.114 109.817 85.4451 48.901 -0.285892 1.87572 1.3694 0.551394 0.0776884 -0.0747378 0.025566 0.509593 -0.120812 -0.78878 6.75858 -0.420112 -1.48966 -1.62018 -1.80551 -1.58055 -1.37918 
5.12871 4.12213 4.40247 4.05576 4.25413 4.35237 4.90017 5.44092 5.17993 6.28527 6.72547 16.0306 75.421 104.218 127.913 147.429 162.555 174.763 184.538 194.804 202.556 205.708 167.016 150.559 141.113 133.707 128.943 124.215 122.639 119.603 119.57 120.54 117.316 118.788 122.367 129.867 139.416 155.664 191.869 184.483 175.217 162.741 148.901 132.75 111.907 87.4007 50.2584 0.936241 2.4363 2.33687 1.04072 1.66854 0.637082 0.405661 0.267342 0.550471 1.09995 20.2655 -2.90869 -1.57445 -1.49616 -1.38307 -1.65278 -1.98565 
7.87584 7.3082 5.96383 5.50866 4.61633 5.30953 5.54588 5.02688 6.15398 7.12299 7.27559 49.5314 89.3377 114.182 136.081 156.136 169.715 181.886 192.587 199.593 206.488 205.58 170.487 153.957 142.859 134.897 129.572 125.555 123.701 121.716 121.637 121.155 118.225 120.522 123.749 130.033 139.999 155.887 192.275 184.881 174.502 163.318 150.498 132.324 112.438 87.8111 51.634 0.902249 3.84195 2.3552 1.93361 2.17053 0.869147 2.09922 4.00139 5.69904 5.26276 3.06283 -2.06278 -1.40115 -1.57594 -2.11471 -1.31454 -0.97631 
3.41493 8.71035 10.7966 11.4612 13.3482 15.1203 18.1858 20.7959 21.0886 18.9796 59.2874 96.7038 117.881 138.383 160.007 180.402 195.96 208.789 219.703 227.607 234.465 232.287 193.046 179.478 169.689 162.47 156.002 153.019 150.07 149.762 148.013 149.084 143.286 145.775 150.674 157.64 166.526 181.013 221.15 209.853 202.635 193.245 178.643 163.926 143.917 118.685 79.4924 18.4509 1.53489 0.159412 4.35104 5.72509 7.28563 8.21255 8.13762 5.27321 -0.943975 -1.00836 -1.0392 -1.56326 -1.52748 -1.29511 -1.95755 -1.72543 
2.33264 1.74685 3.11554 7.76432 13.4037 17.6761 20.9224 24.5315 27.2289 63.9273 102.508 124.395 150.469 171.954 191.149 206.07 217.13 228.645 238.814 246.037 250.822 250.553 209.578 192.863 182.206 175.09 169.041 166.168 162.497 162.749 161.566 162.217 160.505 163.393 167.552 174.016 184.278 200.926 245.31 235.251 228.432 218.432 206.322 196.175 180.69 165.362 156.882 143.269 112.597 86.6064 46.8651 14.3005 11.8547 9.73025 3.19147 -2.26949 -0.816108 -1.3042 -1.20263 -1.4097 -1.24973 -1.98845 -1.80103 -1.71305 
2.11709 1.62805 2.6852 1.84539 4.09543 8.14146 11.9267 18.5324 40.1969 92.3854 114.387 135.664 159.381 180.435 198.354 213.838 226.556 238.817 246.534 254.745 259.568 258.199 217.126 198.084 187.865 180.269 174.138 172.226 166.951 166.817 166.052 166.68 164.149 167.092 172.743 180.391 190.564 207.775 251.449 241.65 235.741 225.778 215.431 203.939 190.536 173.088 165.845 159.772 146.023 120.984 91.9973 38.5999 7.69753 0.241253 -0.829396 -0.792312 -1.14562 -1.36431 -1.06613 -1.56815 -1.45791 -1.72213 -1.69799 -1.98213 
2.33211 2.13681 1.36933 5.06384 2.65826 1.60922 1.97876 6.34955 46.3283 94.3725 116.38 142.868 163.559 184.063 201.406 215.689 226.845 237.871 246.141 251.754 261.356 256.176 215.098 196.909 185.283 178.142 172.691 170.029 166.435 166.329 165.455 166.247 164.436 166.949 171.39 180.243 192.962 210.359 252.581 244.499 237.372 228.751 217.871 209.962 196.781 178.902 163.431 163.067 153.07 129.088 100.102 54.9859 0.225352 -0.822812 -0.77632 -1.72985 -1.41288 -1.3307 -0.796614 -1.71297 -1.05121 -1.60571 -1.43254 -1.6488 
2.38064 1.43679 1.5247 2.06803 1.76133 2.00424 3.1169 2.86094 16.8501 81.1625 112.446 136.761 159.265 178.856 194.514 207.687 220.314 232.178 240.17 246.579 253.574 250.604 209.366 191.696 180.428 173.186 166.781 164.546 161.328 161.522 160.886 160.411 158.376 163.976 167.588 175.919 187.565 205.752 248.746 239.144 232.735 223.21 215.809 205.495 195.299 182.166 162.314 159.337 147.556 126.356 89.2049 56.3804 4.86247 -0.906239 -0.644925 -1.76004 -1.35363 -1.11418 -1.64791 -1.38808 -1.44229 -1.38019 -1.3783 -1.49378 
2.35703 1.89642 1.98199 1.09342 2.86109 2.22468 2.53222 3.71475 2.44251 26.144 98.6204 121.307 143.747 163.561 179.745 194.773 206.536 220.769 226.5 237.09 240.736 241.241 201.23 183.451 171.033 161.956 159.737 156.025 153.454 153.589 154.245 154.29 151.036 155.222 160.917 168.262 179.733 195.906 241.122 230.875 222.644 215.605 207.188 197.262 187.863 176.741 162.755 153.305 134.432 113.69 79.7305 53.1339 5.29418 -0.802272 -1.1387 -1.32417 -1.84624 -1.35651 -1.55419 -1.43467 -1.56378 -0.868508 -1.42381 -1.34195 
1.69341 2.29341 0.848332 2.08212 2.19889 2.21113 2.56121 3.37658 4.1679 4.02852 13.9616 71.7447 111.849 140.809 160.393 177.711 191.154 201.798 210.846 220.377 226.188 228.99 191.278 171.485 159.099 153.78 149.446 145.624 141.84 142.5 142.438 144.648 141.789 146.149 150.74 158.722 171.216 188.294 231.976 220.069 211.416 202.169 195.225 185.585 175.232 163.398 151.503 136.754 119.187 94.2342 63.4528 27.4046 -0.866921 -0.833704 -0.8833 -1.53907 -1.80773 -1.11778 -0.995824 -1.23293 -1.61481 -1.35311 -1.15615 -1.53381 
1.81984 2.41842 1.5323 1.02794 1.5919 1.85714 2.47349 2.03746 3.31025 4.82707 5.23497 42.4083 87.8322 117.235 144.176 161.134 177.988 187.077 195.493 207.673 215.312 216.636 178.295 162.827 152.171 145.777 141.457 137.956 135.752 135.219 133.94 135.246 131.959 136.292 141.257 148.666 159.998 176.722 218.108 205.721 198.59 185.36 178.671 167.768 154.815 142.376 127.305 109.281 88.9288 55.7585 18.3341 -1.07568 0.409287 -0.672504 -1.86879 -1.01316 -1.42028 -1.6002 -1.15276 -0.749598 -1.05586 -1.7266 -1.44971 -1.37404 
0.781504 1.92801 2.89108 1.57697 2.182 2.64918 1.77477 1.99557 2.98177 4.2682 4.90027 42.2072 88.9487 117.434 143.731 160.653 178.447 182.874 196.707 206.743 215.639 214.489 178.386 162.05 151.817 145.179 141.727 136.575 136.859 133.773 133.37 135.262 132.215 136.126 139.669 148.98 158.069 175.74 218.203 203.84 196.486 184.859 175.693 163.363 146.322 125.307 99.6294 68.1579 11.8885 -0.464205 0.720887 0.679695 -0.32426 -1.64729 -1.48038 -1.11711 -1.41986 -1.16688 -1.59291 -1.57645 -1.72031 -1.50398 -1.43769 -1.15527 
2.30264 1.41346 1.97488 1.73332 1.50639 1.86979 2.01783 2.22374 2.85432 3.91922 4.04624 42.0756 88.3436 117.614 143.682 160.348 178.544 181.998 194.242 205.436 214.006 214.609 178.1 162.245 151.513 143.597 138.334 136.343 134.789 134.68 132.75 132.721 130.6 135.003 138.457 146.486 156.878 173.697 212.889 202.692 195.343 180.509 173.507 162.426 145.215 125.765 99.2293 66.2597 8.49346 1.99341 0.548027 0.370901 -0.93675 -1.03301 -1.25382 -1.8934 -1.73559 -1.33081 -1.24124 -1.29988 -1.46751 -1.67732 -1.26925 -0.637532 
3.19708 2.20299 1.31986 1.41503 1.47747 1.7679 2.31283 2.2515 2.55219 3.33315 3.49957 42.7118 88.6805 117.268 143.65 161.247 176.263 180.233 195.081 204.404 212.985 215.917 176.122 159.985 148.698 142.487 138.269 134.74 133.983 134.042 132.391 134.201 131.419 134.571 138.78 146.437 156.902 173.806 213.177 202.192 195.497 183.201 174.758 162.032 145.582 124.765 98.2768 63.4802 7.73509 1.0471 0.345007 -0.184562 -0.710723 -0.98422 -1.04835 -1.22917 -1.5524 -1.84699 -1.3629 -1.85329 -1.57276 -1.54801 -1.50754 -1.98329 
2.40895 1.98181 1.73577 1.72983 2.12826 2.10691 1.42256 2.71547 2.18767 3.33356 3.27855 44.096 89.0124 119.108 141.949 161.435 180.038 180.586 193.38 203.27 212.791 209.671 175.543 158.751 149.227 143.104 136.976 135.13 134.047 132.478 131.75 131.802 131.505 134.218 138.001 146.187 155.484 174.143 211.186 200.297 195.128 183.968 173.638 162.552 144.065 124.215 97.8751 63.826 8.70898 0.987719 -0.199801 -0.729706 -1.26163 -1.42223 -1.00785 -0.960246 -1.841 -1.6008 -1.46005 -1.81789 -1.6046 -1.52787 -1.6621 -1.20088 
1.66024 1.61521 1.82535 2.59162 1.89466 1.83325 1.30471 1.81711 2.28851 2.36161 0.578922 45.9869 89.1823 117.651 141.382 160.776 178.018 181.066 191.083 203.627 213.79 209.876 175.354 158.263 149.022 142.372 138.543 133.884 132.685 130.542 129.47 131.611 129.315 132.299 138.069 144.237 155.059 172.014 210.068 200.321 194.82 179.554 173.009 162.62 144.595 123.766 98.4769 64.7534 8.93057 0.398778 -0.727496 -0.282977 -0.917579 -1.52313 -1.37575 -1.33821 -1.44502 -1.29176 -1.75232 -1.46567 -1.22097 -2.36957 -1.7412 -1.35539 
1.94533 1.66928 1.09387 1.56745 1.23441 1.58482 1.99374 2.00718 2.35016 2.74567 2.57474 40.417 86.8942 116.818 139.848 158.569 175.405 181.257 190.334 200.064 212.008 214.012 175.506 159.324 148.604 142.252 137.694 134.159 132.872 130.597 130.259 131.969 130.22 132.169 137.743 143.91 152.474 170.147 205.765 201.558 194.084 182.5 172.483 162.62 146.488 125.337 99.9956 68.3387 12.8424 -0.246596 -0.214244 -1.42018 -0.759338 -1.16988 -1.40117 -1.29814 -1.59871 -0.913469 -1.34118 -1.23896 -2.09011 -1.4316 -1.33543 -1.36776 
2.31404 1.75587 1.3244 0.968093 1.67506 2.36562 1.79847 1.68377 3.20447 2.69773 2.55135 41.7176 87.2028 116.28 141.219 161.227 176.654 179.841 188.59 202.184 212.587 210.108 174.446 158.037 148.472 141.163 137.507 132.326 131.966 131.584 130.783 130.886 129.489 131.616 138.152 142.692 152.764 170.9 207.063 200.884 194.899 182.49 172.546 163.559 145.339 125.617 100.104 66.6646 10.4321 -0.100543 -1.36889 -1.22395 -1.18806 -1.7183 -1.42394 -1.92938 -1.54867 -1.46904 -1.58731 -1.28369 -1.75323 -1.45792 -1.20834 -1.69841 
1.87395 1.53491 1.65155 0.890253 1.51197 2.07101 2.30223 1.03779 2.29291 3.12544 2.30578 43.821 88.5297 117.916 141.637 161.431 177.466 180.821 189.716 202.343 213.001 210.321 174.075 157.715 148.106 140.764 136.126 134.154 131.901 131.139 130.45 130.846 129.43 131.417 135.938 142.368 152.906 168.433 205.387 200.964 193.634 181.565 171.629 163.291 145.804 124.681 99.1904 66.8718 11.738 -0.447832 -0.97961 -1.5445 -1.67593 -0.996655 -1.08595 -1.09694 -1.13779 -1.20204 -0.956222 -1.84099 -1.48304 -1.28569 -1.57541 -1.55776 
1.85431 1.95158 0.907358 1.38304 0.98026 2.64196 2.27002 1.47424 2.23918 3.27554 2.57438 46.5711 88.363 118.936 141.482 161.009 176.138 176.93 190.34 203.879 210.589 209.286 175.269 158.487 146.811 141.01 136.169 132.506 131.286 129.695 129.923 130.287 128.992 132.104 148.369 142.241 151.558 168.186 204.801 198.516 193.407 180.747 172.1 161.838 144.735 123.803 99.7782 67.611 10.8541 -0.0730638 -1.12677 -1.49429 -1.26882 -1.38532 -1.19749 -1.16819 -1.45675 -1.67519 -1.30028 -1.37159 -1.46105 -1.07506 -0.934114 -1.67318 
2.24067 1.44989 1.12134 1.28143 1.83601 1.70791 1.66693 3.19256 2.15597 3.7511 2.97498 48.8034 89.8821 119.414 142.484 161.101 177.313 177.317 192.531 203.22 211.644 208.475 172.979 158.654 146.818 141.739 135.804 133.573 131.031 131.174 128.836 132.332 130.157 131.612 136.197 143.796 152.315 170.244 206.255 199.502 193.85 180.448 170.807 163.186 146.153 124.672 98.7182 66.0998 10.4073 0.337833 -0.751896 -1.14144 -1.09799 -1.01479 -0.937475 -1.59774 -1.71371 -1.51542 -0.995265 -1.2983 -1.36951 -1.7402 -1.58655 -1.09115 
1.55665 1.90382 1.50816 1.32159 2.24602 2.00061 2.01024 2.5876 2.77669 4.02826 2.26657 50.3352 92.5692 120.617 144.247 161.896 177.589 177.884 190.443 204.389 210.534 206.022 171.736 156.716 146.741 139.686 135.532 133.371 130.892 130.488 128.831 129.478 130.057 131.283 135.508 142.844 152.132 169.128 206.532 200.762 193.169 180.793 173.061 163.202 145.428 125.325 99.6181 66.2862 10.9119 1.10366 0.243111 -0.235697 -0.0297693 -0.414763 -1.13834 -1.52922 -0.99191 -1.60923 -1.28038 -2.6183 -0.991474 -0.381989 -1.11623 -1.54167 
