0.296712 0.479603 0.128533 0.19367 0.134123 0.678836 0.247007 0.316801 0.295884 0.244898 0.225004 0.47949 0.855888 1.28172 -0.629501 50.7197 88.8834 117.144 139.562 157.603 177.707 166.591 189.893 200.241 208.437 191.041 160.421 148.796 140.071 135.079 132.922 128.938 128.383 128.052 129.45 130.465 132.15 137.065 142.223 150.284 159.027 183.704 209.826 200.925 190.925 181.668 172.596 164.135 147.08 125.72 99.5345 67.2751 10.5076 1.59641 0.617541 -0.0806881 0.158281 0.107802 -0.111875 0.11853 0.189792 0.126514 0.331113 -0.141188 
0.110336 0.116295 0.174005 0.700975 0.0286449 -0.0593506 -0.132809 0.0895852 0.210476 0.104095 -0.259138 0.111736 0.328703 1.37519 -0.913567 50.3819 88.7234 116.521 140.083 159.053 180.506 166.784 190.286 200.572 206.516 191.46 161.01 149.336 140.656 135.359 131.278 128.498 127.947 127.984 128.74 130.003 132.83 136.275 141.904 149.433 159.979 185.096 209.225 200.596 191.208 181.007 172.159 164.193 146.676 125.886 99.3511 66.4458 9.69123 1.5655 0.381823 0.271257 -0.0664944 0.494797 0.19173 0.321011 0.450105 0.086138 0.277089 0.176954 
0.233759 0.00427895 0.299881 0.254733 0.117526 0.225786 -0.0407483 0.34794 0.292984 0.609069 -0.088813 0.562222 0.881941 1.29469 -0.616536 50.3587 89.1128 116.508 140.254 158.095 179.449 167.83 189.02 200.106 207.911 190.63 161.632 149.262 141.015 135.569 131.717 129.881 127.774 127.634 128.175 129.798 132.362 136.525 142.273 149.465 159.696 184.942 208.557 201.566 192.279 179.919 172.745 163.944 148.443 125.291 99.891 67.6605 10.1225 1.57764 0.40696 0.0643115 0.321743 0.550017 0.733334 0.770038 0.27549 0.675085 0.225484 0.409961 
-0.14202 -0.153773 0.2801 0.415163 0.436101 0.409541 0.139423 -0.575997 -0.066328 -0.00189019 0.17538 0.235878 0.508054 1.49654 0.318852 47.9982 88.7908 116.83 140.305 158.138 177.224 166.678 191.02 200.266 207.977 193.588 161.14 149.137 140.337 136.374 132.417 130.78 127.223 129.686 129.035 130.674 136.163 139.126 146.774 151.969 160.93 186.829 209.074 201.949 194.402 183.063 175.417 163.793 147.047 125.419 99.5344 67.1361 10.614 1.85577 0.758563 0.344749 0.487126 0.195052 -0.11441 0.350562 0.375806 0.0176582 -0.237132 -0.115112 
0.351097 0.208364 0.216798 0.552233 -0.20747 0.571206 -0.457188 0.44073 0.221771 -0.0709884 0.319285 0.551617 0.671435 1.5667 0.392898 48.692 88.1732 116.942 140.12 159.532 179.49 169.122 190.056 202.069 209.598 193.076 161.631 150.173 140.505 137.271 132.798 130.36 129.474 129.26 129.532 131.154 135.466 138.099 142.973 151.712 161.565 186.854 209.076 201.024 192.591 184.035 171.618 163.758 146.599 126.245 100.347 67.2747 10.4325 2.00491 0.673305 0.712469 0.535545 0.762482 0.476782 0.579545 0.0808341 0.523039 0.635051 0.306591 
0.44373 -0.0220623 0.493536 -0.360236 0.0765812 0.324236 0.107625 0.0975738 0.464879 -0.0703606 0.581566 0.617251 0.80048 2.03535 0.382222 48.1243 90.2859 117.601 140.104 159.275 181.612 169.253 191.575 202.434 209.027 194.323 163.335 150.502 141.639 138.109 132.864 130.616 129.698 129.753 129.021 130.331 136.167 143.017 144.183 150.961 160.886 187.605 211.57 203.549 193.757 182.577 175.083 164.855 148.22 127.848 102.313 68.0237 10.7202 2.33349 1.49308 0.655143 0.689231 0.540647 0.551059 0.384626 0.458995 0.343091 0.467091 -0.212024 
0.154293 0.312701 0.15079 0.155156 -0.00501191 0.515202 0.146839 0.381226 0.472997 0.240064 0.675661 0.557729 1.17178 2.22763 1.82393 40.2837 87.46 115.44 139.545 158.951 175.832 173.703 189.294 201.821 210.795 201.106 165.702 153.673 145.133 139.065 135.082 132.366 131.534 130.431 131.097 132.427 134.861 138.906 144.834 152.563 161.997 178.007 218.008 206.055 197.09 188.951 176.816 168.034 151.404 131.655 105.87 73.8536 15.7728 2.97261 1.54023 0.772911 0.617151 0.477213 0.329696 0.613817 0.17445 0.165921 -0.1424 0.352056 
0.0782582 0.201386 0.0856918 0.120574 0.160692 0.434991 -0.0166346 0.759115 0.0716174 0.49837 0.736014 0.553611 1.50353 2.45687 3.17053 37.8517 86.7074 114.461 139.391 157.263 174.295 180.371 192.925 202.155 209.08 202.476 168.083 153.755 143.863 140.402 135.89 133.014 131.224 130.534 132.057 132.434 135.52 139.248 143.891 151.584 160.964 178.38 216.882 205.541 196.69 187.836 175.647 167.003 151.557 130.712 106.327 74.2975 19.0712 3.63659 2.31812 1.02221 0.728996 0.620773 0.260487 0.292822 -0.00400648 0.46185 0.617418 0.351406 
0.461458 0.117112 -0.133772 0.156505 0.111308 0.108002 0.526717 0.182989 0.216354 0.10222 1.01095 0.581512 1.14915 2.26833 3.28078 35.8574 84.6218 116.1 141.498 161.389 177.122 183.567 194.552 204.546 212.897 206.531 171.14 157.552 147.492 142.719 137.513 135.121 132.632 132.523 132.416 133.783 135.443 139.826 145.531 152.038 162.373 178.644 220.361 207.117 198.485 191.17 178.555 168.722 153.953 133.061 108.27 74.2867 17.6273 3.49082 2.2448 1.08913 0.734792 0.312529 0.154478 -0.0388549 0.18668 0.0169034 -0.0632596 0.455279 
0.14801 0.0452169 0.733281 -0.0760539 0.71377 0.288546 0.607231 0.0932093 0.30565 0.215915 1.00497 1.20975 1.16134 2.51358 7.4323 55.3996 103.436 131.341 154.249 170.373 189.56 199.373 208.635 217.182 224.975 218.148 182.53 164.177 154.381 149.518 143.779 139.81 139.515 138.901 138.665 139.96 141.658 146.555 153.043 159.38 169.971 188.866 228.649 217.412 206.119 198.451 185.435 176.199 160.474 141.768 116.865 88.3391 45.2259 5.96312 2.14119 1.34888 0.596041 0.556486 0.549161 0.37123 0.390587 0.156421 0.0774531 0.542679 
0.220493 0.260855 0.040566 0.241909 0.286974 -0.273047 0.389107 -0.199657 -0.00241942 0.264706 0.614111 0.448206 1.44334 0.487503 45.0554 90.9173 122.59 151.463 174.531 201.476 218.199 224.26 235.637 230.295 241.656 234.851 197.955 185.396 174.608 167.473 163.897 159.133 156.341 154.367 152.898 153.953 155.87 159.407 163.329 170.146 182.276 198.634 242.394 228.641 221.913 212.592 205.234 196.557 182.152 164.925 143.756 119.653 89.8019 46.1934 0.474345 1.5062 1.04874 0.388296 0.406333 0.167906 0.493188 0.443376 0.131363 0.258922 
0.761891 0.488802 0.373421 0.265671 -0.13956 0.194335 0.393038 0.170452 0.14727 0.909422 0.659332 1.06394 0.577131 18.627 81.3157 119.986 145.422 168.389 190.188 214.835 230.279 238.415 239.534 243.733 247.246 240.529 204.258 190.687 181.937 175.251 171.636 168.016 166.67 164.424 164.815 165.06 166.853 170.54 174.473 183.024 197.364 216.913 268.252 257.413 253.561 243.178 230.855 218.547 205.579 189.532 171.322 150.849 128.533 101.307 62.0356 13.9911 0.546638 0.90231 -0.266793 0.044183 -0.0149675 0.385845 0.564424 0.150688 
-0.619729 -0.00329226 0.206275 0.138093 0.0917063 0.196614 -0.0849682 0.438281 0.434402 0.394815 0.549141 1.09467 21.7231 68.1854 99.5461 126.017 149.625 173.686 196.697 229.713 243.112 246.202 245.337 245.08 254.141 233.465 197.294 192.698 185.598 178.157 174.685 170.65 168.824 169.316 170.006 171.509 174.129 178.261 186.178 194.577 204.769 225.633 276.444 269.239 265.245 254.234 240.588 228.518 214.625 200.565 183.835 165.323 144.82 121.903 93.8075 55.5477 1.2967 0.532394 0.43159 0.369475 0.726619 0.271283 0.00833377 0.47903 
0.521528 -0.020595 0.315584 0.435478 0.155176 0.330004 -0.0568464 0.176837 0.286594 0.704916 0.239984 -1.42899 49.1285 83.7822 111.212 134.598 156.295 176.765 193.351 247.24 255.418 253.697 248.388 247.858 236.722 227.242 197.406 196.023 189.644 181.966 177.772 173.037 172.446 171.843 172.196 173.283 176.333 180.119 186.455 193.142 202.9 221.248 276.73 270.012 269.601 261.728 239.119 228.82 214.827 201.704 186.879 168.709 149.097 123.554 97.3579 62.3905 1.86905 0.430322 -0.306727 0.0674684 0.0451708 0.299399 0.486386 0.428749 
0.0800047 -0.340515 0.164335 0.193342 -0.148065 0.461014 -0.030442 0.0436473 0.285668 0.690926 0.704662 -2.74001 58.3852 87.1557 105.56 122.053 141.885 160.61 183.603 197.947 216.683 228.907 233.885 209.675 195.119 192.78 161.21 154.914 161.4 158.971 155.447 152.812 153.076 153.403 153.958 156.354 158.492 163.436 169.697 178.119 189.493 204.069 253.858 258.669 254.578 252.939 225.131 212.6 199.823 183.554 165.897 143.659 124.783 86.7541 69.1447 38.7307 -1.20631 0.701489 0.37211 -0.0134728 0.34241 0.847889 -0.0552434 0.306588 
0.582211 0.324757 -0.123054 0.569219 -0.169531 0.014765 0.416008 0.841762 0.156667 0.0604573 0.96622 0.326244 5.37191 9.51062 24.2474 73.4861 108.82 136.806 160.085 175.617 190.585 198.038 190.743 165.291 169.232 175.522 149.057 140.444 136.34 140.625 144.325 141.887 140.768 139.892 141.508 142.91 143.949 148.011 154.273 160.089 166.976 181.532 231.365 234.91 235.814 228.789 198.159 182.608 166.13 145.296 120.701 87.2207 23.7329 2.49101 -0.283357 0.486979 1.16739 0.200179 0.519907 0.0919365 0.209153 0.162657 0.592502 0.623953 
0.039863 0.495238 0.247148 0.372355 0.084775 0.431325 0.414774 0.117542 0.436988 -0.320514 0.0654503 0.951062 1.68445 2.38689 3.14844 9.15836 67.9468 101.558 126.224 150.267 166.222 180.477 149.806 131.222 130.015 158.653 129.316 120.673 115.39 111.577 112.912 118.493 121.665 120.515 122.88 123.239 124.789 126.905 133.077 138.452 148.294 165.305 211.639 202.634 195.158 183.92 172.915 158.284 137.845 113.129 83.0909 28.798 4.17563 2.7677 2.20842 1.44823 1.28378 0.886739 0.0337126 0.558077 0.377426 0.533447 0.428523 0.710382 
0.395732 0.294098 0.394108 0.0953747 0.317575 -0.23549 -0.233104 0.583889 -0.0296727 0.261378 0.68838 0.820477 1.37603 2.6985 3.83972 3.93296 64.2953 95.0283 120.784 144.449 158.633 170.182 127.803 115.843 111.162 147.551 127.954 117.963 112.796 107.412 105.255 104.832 113.637 119.84 119.883 120.483 122.222 124.943 129.733 136.139 147.407 163.749 206.633 199.862 191.144 179.81 167.781 152.051 133.049 109.254 78.2362 26.3617 4.1327 2.26247 2.30734 1.35717 1.02709 0.801151 0.419198 0.414192 0.308845 0.616707 0.610156 0.729572 
0.26645 0.376471 0.235297 0.18036 0.287194 -0.0611527 0.198971 0.768091 0.246284 0.157242 0.737744 0.956207 1.47002 1.93377 5.36845 0.598548 59.6273 93.2556 117.596 140.782 156.392 159.606 119.192 108 101.717 124.897 126.685 116.59 109.629 105.785 102.839 101.331 102.256 107.028 117.895 119.206 120.732 124.732 128.828 135.22 146.333 164.81 205.69 196.477 189.076 177.707 165.45 151.095 130.949 107.146 75.136 23.3267 3.59898 2.05991 1.15113 1.02454 1.10818 0.693629 0.14442 0.471679 0.615839 0.351675 0.55598 0.599345 
0.650798 0.667316 -0.206828 0.248652 1.15867 0.224888 0.424688 0.196505 0.817066 0.358983 0.729361 0.618191 0.888202 2.28616 4.19826 3.06288 51.7177 91.5223 115.456 140.757 155.424 152.644 113.888 102.853 95.5707 117.53 114.102 115.304 108.615 104.451 101.714 100.167 99.6772 99.4682 104.36 117.554 120.915 123.965 130.986 135.451 143.46 161.375 202.333 195.153 187.704 176.278 164.322 149.284 129.25 105.173 74.1859 20.4781 3.52093 1.65097 0.754085 0.648616 0.58766 0.155675 0.19114 0.530814 0.251555 0.117235 0.345963 0.182816 
0.442877 0.327276 0.283108 0.732615 0.339441 0.14115 0.650651 0.346946 0.0335166 0.22189 0.630079 0.700025 0.0316476 2.53145 4.19764 4.16467 45.8306 89.9588 113.312 137.282 154.328 151.118 111.223 99.6843 93.2055 114.764 105.595 112.323 109.351 105.129 101.029 98.997 96.3804 98.1662 99.5347 106.259 120.337 121.915 127.85 132.824 141.78 162.643 197.062 194.255 185.751 175.573 162.649 147.597 128.51 104.412 72.9954 18.4657 3.75418 1.86824 0.581498 0.275627 0.19083 0.720556 0.446455 0.0362225 0.308896 0.323766 0.421501 0.801742 
0.439967 0.189744 0.0105455 -0.0718754 0.28504 0.0602987 0.169842 0.556967 0.178064 -0.15196 -0.112144 0.436465 0.70405 2.93462 4.70907 4.29452 41.4602 87.6101 113.797 137.844 153.238 151.606 111.176 99.1828 93.1568 113.657 103.43 105.701 108.814 104.121 100.96 98.7027 97.2026 96.4149 98.886 103.095 115.634 121.903 127.377 133.388 141.511 161.52 196.407 193.503 185.25 175.775 162.167 147.633 128.45 104.533 71.9984 17.7713 3.24687 2.61578 0.438753 0.652781 0.326905 0.390943 0.816319 0.0516335 0.546826 0.176095 0.577061 0.484852 
0.460346 0.553812 0.248065 0.70324 0.262064 0.455765 -0.167209 0.161492 0.718243 0.665459 0.42061 0.487986 0.582592 4.54127 5.61155 5.66488 39.3878 85.9281 112.357 137.327 153.494 153.918 113.848 100.85 94.0366 114.454 103.528 102.605 106.492 104.46 101.606 98.7469 97.024 97.2296 98.5714 101.787 111.758 121.932 126.54 133.123 141.27 163.729 191.36 194.255 186.195 175.151 161.687 146.854 128.01 103.331 71.4729 15.8571 2.99001 2.20635 2.12564 0.817729 0.375077 0.392836 0.25328 0.827276 0.080754 0.361314 0.559545 0.428327 
0.266423 0.723717 0.313321 -0.085442 0.441258 -0.16332 0.254376 0.652275 0.424679 0.0615054 0.328317 0.0962172 0.209107 3.70453 2.24481 6.57858 33.9873 82.4091 110.116 134.198 152.396 160.593 119.367 105.299 96.3695 106.886 111.822 102.383 104.179 105.131 101.008 99.3521 97.3368 96.8813 98.6854 101.202 110.381 121.808 126.093 131.757 140.514 161.611 189.046 195.157 186.383 175.847 162.577 148.232 130.183 104.949 74.2955 20.5939 3.43867 1.76249 2.43591 1.5406 0.734075 0.680476 0.536537 0.226464 0.392256 -0.0785581 0.249889 1.00196 
0.326943 0.579421 0.971125 -0.0437202 0.126602 0.349803 0.276357 -0.0484828 0.537865 0.495268 0.192505 0.599754 0.171705 4.50451 4.51164 6.77767 29.9994 78.5412 106.892 133.116 151.825 166.668 124.269 108.279 99.864 105.154 119.405 103.13 101.34 107.226 102.849 100.131 98.3573 98.738 99.4421 100.894 108.558 121.476 125.1 130.76 137.14 157.707 186.858 194.557 186.977 175.584 162.534 149.341 130.581 106.158 75.3363 20.1318 3.10719 2.65289 2.31279 2.44767 1.45757 0.382499 -0.139884 0.0971127 0.193498 0.722614 0.876805 0.129772 
0.172602 0.55633 0.537165 -0.203069 0.256871 -0.0846265 0.28277 0.354405 0.908033 0.495189 0.102824 0.0180354 -0.317184 5.38944 4.54543 6.18603 27.7615 78.2781 107.525 133.193 151.431 168.291 132.089 113.302 103.047 107.61 121.674 105.746 103.117 106.196 103.571 101.195 99.96 99.3745 100.654 103.559 112.042 120.05 124.555 131.003 138.226 156.495 185.7 194.415 186.14 175.239 163.031 149.29 130.353 105.435 75.1818 20.7603 3.06797 2.02139 1.66175 2.47811 1.95273 0.461671 0.540754 0.505488 0.330388 0.942469 0.293312 0.488252 
0.324357 0.919701 0.428411 0.210724 0.275056 -0.0948129 0.0246313 -0.0574975 0.533829 0.652892 0.112348 0.817013 -0.196855 4.62018 6.16914 6.59719 25.989 77.8924 106.675 131.43 149.917 163.863 144.995 115.597 106.095 108.478 127.788 108.014 105.251 107.976 104.719 102.153 100.374 100.807 102.847 106.519 114.793 120.654 123.735 129.709 138.392 155.878 182.027 193.987 187.006 176.529 162.179 149.612 129.767 104.407 74.7017 20.269 3.22046 2.33386 1.8824 2.76303 2.75957 0.17758 0.444663 0.598575 0.445142 0.103605 0.374659 0.497978 
0.301961 0.731152 0.583818 0.730297 0.478065 0.16658 0.303098 0.0738846 0.238539 0.0277307 0.168001 0.41587 0.879266 4.57587 6.04252 6.23328 23.7474 75.9603 106.726 131.314 150.237 162.549 155.217 122.137 109.645 112.063 132.415 111.208 110.152 110.303 106.771 103.364 103.01 103.25 104.374 107.757 116.827 119.482 123.88 128.882 139.662 150.972 181.278 194.46 187.199 175.527 163.815 149.176 128.611 104.508 73.9808 19.432 2.5979 2.15138 2.20128 2.25523 2.41711 1.91762 0.735917 0.357859 0.205153 0.273119 0.253124 0.927492 
0.242414 0.195947 0.776663 0.800555 0.269909 0.140539 -0.0534135 0.775482 0.582054 0.278105 0.439125 0.3508 -0.00463331 3.65664 5.5526 7.24236 24.0289 75.664 104.898 129.035 149.549 164.117 163.883 128.581 116.381 117.315 137.064 117.05 116.995 112.011 108.496 105.746 104.768 107.613 108.041 114.523 117.672 120.495 124.123 129.162 139.268 150.952 181.786 194.317 185.555 176.004 163.503 148.297 129.131 103.693 73.6471 19.0944 3.94933 2.09793 1.95844 3.2325 2.94482 1.25051 0.258341 0.312105 0.187528 0.225954 0.0600149 0.28899 
0.0560472 0.767704 0.946653 0.680737 0.305669 -0.0285701 0.317874 0.0263289 0.437929 0.0892944 0.32905 0.171524 0.520167 3.5962 5.77627 6.63318 22.9845 74.9791 104.629 130.426 150.271 163.5 175.484 136.247 121.653 124.077 144.112 126.498 121.365 116.288 110.878 109.563 108.651 111.644 114.488 116.409 117.587 119.739 122.528 128.723 138.473 148.85 177.791 192.698 185.808 174.455 163.038 149.305 129.435 104.278 73.1654 19.6781 3.35722 2.69296 3.8082 2.52347 1.5955 1.16204 -0.146432 0.591816 -0.0957698 0.576935 0.758873 0.261655 
-0.181535 0.675821 0.244926 0.0342464 0.76443 0.146317 0.383873 -0.205253 -0.002458 -0.306364 0.373311 0.235412 1.38373 1.42138 8.99364 7.31568 23.4586 74.254 103.878 129.223 150.659 163.554 174.74 162.674 132.492 135.203 159.63 136.358 125.652 119.867 116.171 114.231 117.224 116.212 116.974 116.361 117.42 119.153 123.231 128.017 137.544 147.889 175.935 192.545 185.738 175.73 163.414 149.525 128.363 103.724 73.8753 19.6216 3.15167 4.156 3.54083 1.57841 1.81669 1.98812 -0.0222223 0.122227 0.286429 0.342545 0.46299 0.309167 
0.787509 0.38407 -0.548998 0.798836 0.287487 0.604922 0.202263 0.0981077 0.340651 0.0987628 0.52555 0.110764 0.666756 0.559501 7.87262 7.18351 22.2022 74.7471 103.734 129.929 148.135 164.295 174.011 184.953 154.106 167.641 175.874 145.277 134.76 129.034 125.436 122.432 120.701 118.465 116.096 116.05 116.979 119.243 121.771 127.091 136.617 146.225 173.705 193.629 184.158 175.276 162.902 147.673 128.451 103.904 74.469 19.5587 3.58112 3.58302 1.16588 1.61934 1.24243 1.23574 0.0398917 0.213637 -0.00325372 0.172365 -0.31846 -0.0562996 
1.33352 1.55172 0.895164 0.630424 0.852169 0.436332 0.554823 0.72954 0.572411 0.714615 0.244049 0.895031 0.966807 0.916593 5.22909 8.60281 23.4384 74.8656 104.571 131.453 150.801 165.489 175.687 187.228 195.308 198.287 195.553 158.685 144.579 135.114 128.096 123.196 115.678 113.936 113.604 112.954 113.622 115.159 118.547 122.513 132.827 142.628 165.904 190.1 181.991 172.421 159.536 146.249 125.637 100.431 71.7757 19.7204 4.76499 0.147865 -0.354489 0.250966 -0.335549 -0.302836 -1.18821 -1.59966 -0.901687 -1.22062 -0.822369 -1.08773 
1.6946 0.378858 0.840425 0.732991 0.470878 0.141547 0.86179 0.634768 0.772325 0.673997 0.872727 0.299241 1.41103 0.694055 1.09094 10.4722 24.3631 73.6995 104.09 130.408 149.538 166.356 177.084 186.592 194.303 198.484 198.747 161.71 145.125 137.404 130.057 124.94 115.61 113.335 113.143 113.061 113.653 115.343 118.663 122.931 131.807 140.78 160.71 194.013 181.234 171.177 160.31 145.008 125.88 101.957 71.5018 21.303 1.49128 0.0775752 0.127741 0.141734 -0.0680803 -0.599388 -1.36425 -0.786783 -0.989659 -1.17428 -1.07246 -1.33382 
0.232046 1.67239 0.411592 0.648335 0.681799 0.700529 0.831127 0.617523 0.967643 0.802309 0.403749 0.395772 1.08524 1.52496 1.43057 9.20347 23.0164 73.551 104.348 130.384 150.523 166.51 177.875 187.48 196.324 200.836 198.518 163.262 147.258 136.559 130.771 125.33 116.251 114.557 113.829 113.673 114.699 115.398 117.557 122.97 131.216 141.714 157.678 194.951 182.6 172.86 159.852 144.52 124.577 101.369 71.951 21.2503 1.17059 0.278805 -0.121776 -0.107301 -0.305782 -0.73949 -1.29773 -0.887043 -1.27881 -0.708796 -1.30358 -1.23663 
1.28543 0.980684 1.51367 0.90099 0.150178 0.948057 0.833989 0.0350337 0.759185 0.249717 0.805102 1.22543 0.686608 1.06955 1.65729 6.73154 23.0971 74.3786 104.183 129.442 149.906 166.242 176.642 189.067 197.478 201.173 203.332 162.615 149.532 138.378 130.443 125.305 117.734 114.828 113.793 112.989 114.022 115.837 117.662 123.379 131.405 140.867 155.826 196.2 182.16 173.383 161.088 144.596 126.151 102.766 74.3948 19.8449 1.35651 0.232981 0.0367854 -0.59685 -0.485289 -1.01647 -2.04419 -1.57775 -1.78125 -1.34963 -1.95833 -1.08643 
1.16083 0.89319 0.570149 0.410793 -0.0423327 0.573084 0.701465 0.423129 1.01076 0.127002 0.374837 0.92464 1.23588 0.791339 1.45299 1.66728 26.8896 73.8574 103.861 128.505 149.871 165.467 177.748 188.397 196.765 201.737 205.429 165.579 149.613 138.196 131.734 126.158 117.006 114.612 114.02 112.866 113.611 115.865 118.159 122.961 130.382 140.674 156.149 194.987 181.54 172.4 160.636 145.093 126.527 101.53 77.4237 19.1574 0.754492 0.621376 -0.551249 -0.27987 -0.0511901 -0.605764 -0.577322 -1.12898 -1.34005 -1.21709 -1.13526 -1.36814 
0.785109 0.731502 0.307 0.685319 0.629069 1.21755 0.842833 1.50361 0.478712 1.16374 0.325904 0.824575 -0.133727 1.63878 1.53239 2.22889 23.0289 75.4754 104.201 128.455 150.395 166.983 177.566 188.805 197.053 202.516 206.996 167.257 150.062 138.076 132.296 127.762 116.86 114.779 113.787 112.929 113.855 115.948 118.142 122.045 129.639 139.118 156.699 193.714 181.488 171.509 160.558 145.916 126.927 102.279 75.7972 31.5189 0.808894 0.403489 -0.34085 -0.577212 -0.508796 -0.525452 -1.75025 -1.41663 -0.922369 -1.64159 -1.0052 -1.29442 
1.06162 -0.602981 0.401515 0.962127 0.477878 0.95974 -0.515642 1.0981 0.944239 0.440943 0.89902 0.878251 0.796955 1.41621 1.91177 2.85293 26.3173 74.1781 104.537 129.2 151.042 165.34 176.861 187.915 196.332 200.88 207.611 168.679 150.781 139.473 132.29 127.341 117.303 113.789 112.966 113.418 113.382 115.575 117.335 122.557 128.236 139.542 155.966 193.225 182.856 173.417 161.358 147.821 127.256 102.677 75.1262 22.2047 0.959849 0.205399 -0.548108 0.11851 -0.14287 -0.440661 -1.26368 -1.37123 -1.2925 -1.67907 -1.33398 -0.741939 
0.300826 0.482896 1.20113 1.04658 0.643621 1.12337 0.283594 0.415874 0.482874 0.524282 0.767081 0.821255 1.91757 1.2042 1.76107 2.13545 14.2496 82.5722 106.095 128.945 150.574 167.454 179.003 188.807 197.218 201.498 209.524 169.891 151.609 141.74 133.646 127.052 123.43 115.809 113.404 114.102 114.536 115.01 117.889 122.611 127.9 140.691 155.145 191.93 183.271 173.615 161.559 146.793 127.563 104.316 75.5044 24.2779 1.50084 0.75235 -0.0942598 0.0213948 0.324877 -1.02885 -0.927437 -1.75963 -1.27476 -1.14006 -1.24193 -0.69145 
0.919804 0.361993 1.0704 0.647741 0.616496 0.488438 0.815011 0.847508 1.21053 1.36509 0.440873 0.595916 1.08121 1.60835 1.42704 2.94493 12.1498 84.0161 102.759 129.828 149.089 165.403 177.585 187.834 196.222 201.817 212.298 173.314 154.903 141.517 133.652 127.776 120.797 116.176 114.518 113.918 115.15 115.641 118.042 122.029 128.137 136.773 154.863 187.607 186.172 174.635 162.788 149.279 131.299 106.981 78.2643 29.7942 2.40455 0.975556 0.380685 0.287183 0.226764 -0.888461 -0.610186 -1.29637 -1.36894 -0.985204 -1.43748 -1.07854 
0.887312 0.898831 0.124972 1.4674 0.888733 0.767254 1.58212 1.4574 0.330118 0.669022 0.368803 0.506373 0.604862 1.4002 1.82949 2.89372 10.1775 74.8554 104.217 127.931 148.025 165.655 176.439 187.922 196.599 202.039 212.515 176.187 154.307 142.802 134.646 128.421 119.171 115.978 115.44 114.551 115.251 115.402 117.295 121.083 128.108 136.396 153.425 187.253 184.998 176.208 164.867 150.409 134.208 110.326 81.4709 35.2885 3.0475 2.33902 1.22611 1.06591 0.955666 -0.695286 -0.663835 -1.01902 -1.15456 -0.945739 -1.11836 -0.959946 
0.682717 0.972614 1.40667 0.347423 0.628417 1.14698 0.572379 0.77132 1.17167 0.596792 0.587631 1.10534 0.952253 1.2875 1.89486 2.4601 8.6089 63.8772 113.031 128.43 147.567 165.32 178.193 188.493 198.065 202.985 211.481 179.609 156.779 143.516 135.615 129.568 120.109 116.778 114.775 114.202 114.174 115.763 117.865 122.277 125.34 135.466 152.468 190.415 185.325 177.11 164.753 149.958 135.665 111.331 83.3172 36.9147 4.27038 2.97139 1.95989 1.7394 0.500918 -0.737804 -1.11135 -1.70948 -1.58959 -1.53355 -1.36108 -0.981533 
0.841286 0.795669 0.854127 0.63052 1.38891 1.10409 1.09388 1.00277 1.65717 1.37217 0.623228 0.199801 0.350803 1.19054 2.64843 3.27619 9.00274 64.7234 113.564 128.89 149.448 167.734 179.239 189.45 198.833 204.052 212.041 178.269 156.423 143.084 135.119 129.575 120.065 116.919 114.878 114.999 114.672 115.489 117.548 121.43 126.787 134.799 151.422 189.295 186.312 177.663 167.83 151.038 135.846 114.502 87.6058 44.455 10.0026 5.26317 2.49321 0.602192 -0.0973259 0.200027 -1.42149 -1.72838 -1.19872 -1.44482 -1.42705 -1.37877 
0.996222 1.47169 0.443821 1.06865 0.60759 1.17147 0.899448 0.738461 1.13228 1.17681 1.50787 0.485117 0.869901 1.41363 2.09485 2.75995 21.8531 75.1781 122.225 140.496 156.473 173.762 186.159 195.315 205.457 208.188 215.494 186.323 160.805 148.527 139.572 133.652 123.636 120.762 118.687 117.05 115.627 116.989 118.261 121.552 127.039 134.562 152.638 188.445 188.607 179.545 169.679 156.847 145.146 123.749 90.1109 45.444 1.44236 3.16584 2.0827 1.45101 0.94935 0.470399 -0.722244 -1.34145 -1.44587 -1.44253 -0.922539 -0.940418 
0.447861 0.0793778 0.12175 0.676074 1.02591 0.897612 0.0380059 0.919967 1.07047 1.01242 0.763995 0.834666 1.53228 2.07853 1.61967 11.2814 68.6306 100.863 132.694 171.573 195.105 211.832 224.266 236.34 232.139 225.126 231.773 202.462 174.497 164.194 156.393 152.349 141.527 139.76 138.702 139.167 139.916 140.44 143.46 145.752 153.673 163.194 181.963 215.293 223.758 218.585 212.441 201.427 183.957 155.415 130.268 100.573 60.2619 25.067 21.3207 18.7983 6.63043 -0.33321 -0.452933 -1.23114 -1.15109 -0.976273 -1.45965 -1.40944 
1.15907 0.650456 0.36824 0.271939 0.821569 0.667102 0.186352 1.03879 0.79447 0.719986 0.710828 0.67512 1.3146 0.790256 1.45689 45.0898 87.0013 113.394 137.24 171.266 205.992 232.937 246.661 248.186 246.159 241.464 247 223.791 194.931 182.986 174.148 168.021 160.405 157.488 156.629 155.714 155.554 156.849 158.847 164.841 171.069 178.55 202.404 263.66 280.049 264.417 252.827 227.978 205.053 195.341 180.94 167.199 155.535 139.695 115.714 85.0236 55.2813 4.23246 -0.289289 -1.34332 -1.1207 -1.45179 -1.59668 -1.41552 
1.34941 0.53686 1.20444 0.696152 1.38258 1.0895 -0.270136 0.746546 0.457457 0.532313 1.25132 1.01114 0.566379 0.71936 14.1942 69.5428 100.021 126.933 152.112 172.838 196.662 237.639 244.428 246.252 249.983 250.556 256.374 232.328 200.82 189.316 180.712 175.334 165.129 162.812 162.538 162.388 164.485 164.508 167.13 170.849 176.519 186.92 212.474 272.869 292.405 294.242 258.566 228.969 222.169 211.02 197.214 181.775 165.478 146.279 125.767 100.614 71.491 26.1625 -0.883784 -1.11034 -1.19485 -1.39706 -1.35046 -1.51818 
1.09782 0.653395 0.22936 1.89847 0.886136 0.164296 0.793939 0.277931 0.437703 0.892626 0.868444 1.47114 0.697548 1.58011 15.0594 68.4626 98.7363 124.483 149.05 172.838 190.474 221.891 237.681 243.919 246.089 250.683 258.652 238.122 206.658 193.612 186.334 180.023 171.674 168.432 166.691 166.563 167.322 169.46 172.09 175.686 182.577 189.082 212.265 264.417 285.879 290.892 250.11 234.077 224.133 212.969 199.281 184.685 168.289 148.344 128.384 103.941 75.1482 30.0254 -0.893634 -0.747459 -1.08434 -1.15041 -1.60051 -1.12725 
0.974892 0.100029 0.254461 0.767936 0.341221 0.288752 0.89358 0.707035 0.651952 0.741001 0.800286 1.76525 0.892569 1.56054 0.528246 45.1051 85.2542 114.027 140.761 164.125 185.817 206.137 227.113 238.636 243.187 251.408 257.1 236.995 206.283 193.598 184.644 177.063 168.681 164.534 164.164 163.989 164.211 166.667 170.767 175.716 182.584 188.69 213.674 257.364 274.461 266.289 252.46 229.785 223.668 210.929 197.498 181.855 164.922 145.779 124.089 98.3983 70.2648 15.5261 -0.643916 -1.06445 -1.32075 -1.2249 -1.30619 -1.10661 
0.982386 0.571581 0.322247 -0.222102 1.34904 0.883856 0.692554 0.908842 1.20419 -0.330627 0.49935 1.01994 1.0498 1.03707 1.60921 6.32535 56.9802 94.7281 121.804 149.523 169.127 190.487 212.659 225.615 236.236 246.274 252.749 232.133 198.508 184.593 175.478 169.41 159.701 155.752 155.406 156.12 156.13 157.823 162.721 170.156 176.035 187.749 207.498 244.077 258.823 253.13 245.032 227.846 218.302 207.043 194.354 177.54 158.953 138.424 115.129 88.1906 42.0178 -1.5893 -0.799142 -1.05862 -1.28444 -0.827229 -1.07914 -1.16532 
0.639296 1.77329 -0.235889 0.763784 1.2025 0.659508 0.72102 1.1138 1.26592 0.829405 0.884797 1.06438 0.533845 1.35615 1.74037 2.27642 7.92438 61.085 98.8034 127.658 148.854 169.6 187.502 198.014 210.773 221.668 230.365 217.746 183.525 173.197 163.547 157.737 147.402 143.997 143.106 141.983 144.081 146.196 150.151 155.84 162.639 173.09 190.717 225.988 244.672 239.67 229.702 217.549 208.705 197.701 184.87 168.295 148.348 125.195 95.0733 47.9115 0.195097 -0.0334744 -0.381769 -0.738859 -1.44472 -1.57511 -1.35772 -1.11174 
0.542617 0.929467 0.518413 -0.072897 0.778185 0.593475 0.528771 -0.497388 0.354264 1.02909 0.66634 1.19105 0.453581 1.0597 1.59806 2.86766 2.18369 48.0721 91.6419 120.635 142.608 162.442 178.375 186.549 198.167 207.219 213.254 202.076 168.772 156.883 152.081 143.386 133.106 129.911 130.383 129.876 131.737 134.665 135.507 140.012 148.727 157.897 172.151 207.407 223.125 221.812 211.532 202.79 195.131 183.916 166.12 147.861 121.544 86.6183 32.5168 1.8196 1.10287 0.0699321 -0.332611 -0.813602 -1.06187 -1.37243 -1.19887 -1.13308 
0.10047 0.639021 1.67627 0.845983 0.993899 1.10788 0.405674 0.515739 0.502495 1.0764 0.754722 0.51162 0.811472 0.0923436 1.37915 3.02997 2.43568 46.7141 90.0061 118.439 143.385 161.993 178.546 180.713 198.118 206.212 213.868 202.918 172.087 155.641 151.214 142.887 133.129 129.663 128.924 129.288 129.309 132.718 134.58 139.447 144.426 153.139 164.554 194.357 208.74 203.277 194.981 185.154 174.895 161.033 142.464 121.945 96.0761 62.7468 4.64303 1.98224 0.614639 -0.000688875 -0.463326 -1.33574 -1.32176 -1.17767 -1.00762 -1.02153 
0.933257 -0.0518912 0.698769 0.969038 0.46598 0.974277 0.343705 0.694253 0.782739 0.728069 0.404627 0.40315 0.309414 1.08886 1.28405 2.61947 2.01111 46.3809 89.4602 118.047 142.607 161.477 177.143 183.176 196.81 204.864 212.974 202.673 169.387 156.9 146.02 140.297 132.023 129.291 128.922 128.12 128.17 130.968 132.448 136.78 142.97 150.559 162.144 191.158 208.323 201.737 192.578 181.834 173.327 162.963 143.89 122.319 95.8936 62.0722 5.55102 1.42526 -0.004154 -0.523524 -0.809335 -0.9567 -1.40825 -1.13399 -0.969596 -0.579941 
1.78918 1.03604 0.411575 0.352518 0.493421 0.527097 1.06646 0.812131 0.631408 0.880254 0.862217 0.263119 0.584917 0.59433 1.82365 2.78516 1.75451 48.0553 89.1609 118.444 141.775 162.334 178.353 179.377 194.548 205.117 211.58 200.829 169.41 156.302 145.885 140.67 132.101 127.69 129.257 128.208 128.299 129.944 131.99 136.55 143.632 149.837 160.868 188.303 209.322 202.213 190.677 182.845 171.771 162.166 144.416 123.105 96.4789 62.1937 5.76822 1.00716 -0.198968 -1.11233 -1.46453 -1.24903 -1.36013 -1.47232 -1.2666 -1.26618 
0.558644 1.0337 0.859777 0.327273 0.77108 0.845988 0.26198 1.21289 0.74279 0.974801 0.487328 0.619437 0.682442 1.35624 1.69694 2.08201 0.835246 47.6299 89.8352 119.781 142.334 160.796 180.592 172.222 193.19 204.566 211.227 200.5 167.546 153.995 145.93 140.144 131.568 129.239 127.525 126.563 127.538 130.152 132.039 135.997 143.427 149.533 161.293 188.127 208.199 202.377 193.293 182.577 172.441 161.841 144.258 121.757 96.5605 61.8859 5.4886 1.02205 -1.21137 -0.995845 -1.06327 -1.5458 -1.25118 -1.22161 -1.44673 -1.21744 
0.44723 0.597902 0.516667 1.38377 1.20466 0.62615 0.359547 0.513887 1.00363 0.745776 -0.109215 0.54439 0.785639 0.98218 1.0296 1.79362 0.687358 50.0926 88.878 116.833 140.99 160.916 180.269 172.648 193.929 204.023 212.491 202.27 167.007 153.879 144.361 139.898 130.459 127.729 126.408 125.265 127.67 128.929 130.766 134.743 140.885 147.832 158.358 179.211 209.026 200.406 191.235 182.287 172.737 161.215 144.638 123.721 97.8088 63.5708 8.58274 0.107846 -0.593866 -0.910823 -1.47947 -1.44684 -1.07597 -2.05907 -1.7591 -0.982035 
0.584784 0.602275 0.532482 0.80225 0.469654 0.138344 0.857025 0.768224 0.876905 0.55001 0.139856 0.614516 0.752117 0.903664 1.00573 1.9255 1.64491 41.3146 86.9935 114.78 139.836 157.978 175.382 174.39 192.918 200.66 211.201 204.405 168.021 153.152 145.084 139.411 130.32 127.262 126.168 125.657 126.186 128.314 129.936 134.026 140.111 147.915 156.93 171.429 212.901 202.432 192.623 184.042 172.634 163.241 146.641 125 99.6151 67.3994 11.7931 0.451567 -1.3571 -0.776943 -1.23783 -0.994569 -1.19371 -1.32535 -1.02049 -1.08771 
0.770059 0.166942 0.302086 0.166512 0.63658 1.17884 0.383428 0.282735 1.58736 0.600881 0.213932 0.843738 0.438578 0.415807 0.866296 1.77069 1.67874 43.4523 85.1695 114.823 139.263 158.235 175.162 171.655 191.384 203.141 210.592 204.989 166.878 154.774 145.078 139.526 130.406 126.73 125.891 126.229 126.368 128.378 130.086 133.311 139.653 146.938 156.53 172.351 209.528 200.103 193.431 183.311 172.624 162.155 145.455 124.966 100.033 67.5135 13.8843 -0.274964 -0.923714 -1.2466 -1.06057 -0.872493 -1.63036 -1.01774 -1.2739 -1.4544 
1.20137 0.49524 0.257002 0.0597591 0.250613 0.758976 0.776335 0.482377 0.382127 0.600533 0.813564 0.370081 1.0883 1.54238 1.14369 1.25926 1.64137 42.2369 86.8319 115.277 140.35 159.641 175.306 170.869 191.899 200.577 210.153 203.665 167.048 154.161 144.512 138.473 130.075 126.836 126.26 125.067 126.112 127.767 130.713 133.271 139.763 146.132 155.035 171.425 209.283 200.595 192.919 184.045 172.287 164.224 146.352 125.861 99.0992 68.3053 12.9053 0.730429 -0.626721 -1.02297 -0.782041 -1.47243 -0.96781 -0.763936 -1.27022 -1.11739 
0.869785 1.13631 0.370382 0.259904 0.111514 1.68791 1.12774 0.340464 0.570931 0.0676534 0.874015 0.142457 0.53522 1.94597 0.535808 1.59484 1.38119 42.9273 86.6108 115.685 140.673 159.382 177.923 171.545 190.906 200.406 208.49 202.708 166.336 152.994 144.481 138.024 130.326 125.835 125.81 139.197 124.994 126.127 129.278 132.951 137.656 145.566 155.174 170.828 209.916 200.638 192.911 183.729 172.078 162.785 146.408 125.864 100.431 68.7502 13.3033 0.484986 -1.17084 -0.872696 -1.04129 -0.671644 -1.01968 -0.853075 -1.03141 -1.22779 
0.895737 0.925149 0.214869 0.343359 0.836152 0.0626005 0.551223 0.953203 0.137884 1.07009 1.24209 0.894279 0.754864 1.49301 1.07466 2.11432 1.22547 44.3529 87.3705 115.824 139.432 159.51 176.814 167.659 190.393 202.857 210.293 202.989 166.138 153.51 143.168 139.86 130.984 126.847 125.763 125.853 126.111 127.891 129.807 131.979 139.902 145.048 154.455 170.328 208.848 200.866 192.364 184.512 173.385 163.997 146.363 125.258 100.808 69.8171 15.0182 0.990338 -0.663468 -0.338782 -0.0372251 -0.694613 -0.721224 -1.24726 -1.32374 -0.643674 
0.476111 0.968985 0.726872 0.234483 0.31406 0.515677 0.206538 0.493905 0.434955 0.914325 0.5052 0.555318 0.81612 1.0986 1.6331 2.64511 1.55685 46.1146 88.0308 116.38 141.195 160.016 177.11 165.664 191.036 203.388 209.079 202.764 166.746 151.546 144.248 138.199 130.745 126.315 124.906 125.317 125.52 127.608 129.363 132.096 138.539 144.828 155.101 170.021 206.527 201 192.91 183.727 174.024 164.172 148.729 128.094 102.167 71.2912 16.3359 1.29743 1.25625 0.0732161 -0.10151 -0.299154 -0.51839 -0.0270613 -0.689787 -1.27146 
