0.054678 0.3468 -0.096144 0.167135 -0.00602062 0.0251804 -0.0296308 0.016421 0.28081 0.085571 0.540885 0.199862 0.312015 -0.15196 0.00648688 0.344262 0.362887 1.24518 0.140058 45.4406 86.554 115.083 138.731 156.643 169.334 175.575 188.793 197.18 206.994 182.885 160.23 145.569 135.282 131.593 127.61 126.802 124.778 124.579 126.938 127.86 131.402 133.848 139.667 147.946 160.343 190.832 206.51 201.063 190.466 174.148 179.359 159.902 141.983 120.97 93.4561 59.3554 1.92586 -0.280594 -1.33683 -1.605 -1.3578 -1.68997 -1.48738 -1.54767 
0.123754 -0.146989 0.0993582 0.474745 -0.0003935 -0.348936 0.394149 0.118831 0.285526 0.0788503 -0.114812 -0.0618881 0.144404 0.343262 0.332738 0.214359 0.63368 1.34464 0.771392 44.6612 87.0721 115.412 138.988 157.533 167.872 174.983 189.356 198.071 205.652 183.433 159.343 144.499 136.126 131.002 128.242 126.682 125.625 125.194 126.713 130.327 132.19 135.004 141.19 149.313 162.373 192.251 204.399 200.152 190.457 173.422 179.882 159.565 143.043 119.68 93.1888 58.545 1.82448 -0.345509 -1.50435 -1.69949 -1.43062 -1.43641 -1.71838 -1.67623 
0.714839 0.297438 0.128192 0.480376 0.429573 0.203267 0.174158 0.409367 0.150618 0.44175 0.150088 0.395519 -0.344247 0.283681 0.0834323 0.162858 0.925799 1.09685 0.694842 44.6836 86.6579 116.185 138.947 156.636 168.234 176.034 189.936 199.223 205.616 184.981 160.042 145.65 135.471 130.969 128.072 126.531 125.973 125.388 127.899 127.962 130.566 135.219 139.6 149.614 161.528 192.887 205.157 200.531 192.267 172.521 181.042 160.518 142.837 121.181 94.5011 61.1645 3.27581 -0.615635 -1.31605 -1.47423 -1.67243 -1.86669 -1.37652 -1.5708 
0.14349 -0.580904 -0.000737816 0.232809 0.128484 0.127265 -0.0829468 -0.0791819 0.372368 0.0505828 0.0434977 -0.192389 0.210869 0.277761 0.301927 0.162132 0.551467 1.33506 1.01024 44.9436 85.8163 115.608 138.493 157.383 168.427 177.005 188.967 199.502 200.712 184.82 167.615 146.094 136.031 131.547 128.249 126.423 125.776 126.125 127.31 129.139 131.663 136.22 140.749 150.906 162.583 195.499 206.506 200.051 191.021 173.642 181.267 160.013 142.481 120.649 93.9435 58.622 2.5812 -0.486332 -1.19494 -1.69388 -1.3577 -1.67205 -1.7016 -1.828 
0.172219 -0.0391098 0.261746 0.249723 -0.205446 0.924354 -0.29612 0.0455315 0.210905 -0.0306074 0.0889562 0.259556 0.339413 0.0132365 0.194284 0.403805 0.642065 1.19468 1.15117 43.1901 86.8998 115.924 139.103 157.774 168.68 178.627 190.462 199.42 205.79 188.399 160.668 146.62 137.109 133.142 128.623 127.655 126.257 127.002 128.321 129.124 131.787 136.059 140.692 150.238 163.158 195.996 205.43 199.997 189.57 172.25 181.373 160.142 143.263 121.793 95.5217 62.141 3.82506 0.68108 -0.430618 -1.02644 -1.38915 -1.18527 -1.46093 -1.45729 
0.508035 0.158033 0.40982 0.0123972 0.142224 0.500123 -0.108184 0.250429 0.343497 0.0148285 0.443566 0.244932 0.0447245 0.241199 0.150117 0.455775 1.3113 1.90184 1.84139 45.3069 86.8288 116.735 139.732 158.596 170.136 178.237 190.966 198.891 206.858 187.149 162.633 147.956 137.359 133.103 127.835 126.829 126.697 126.138 128.418 128.566 131.888 136.832 142.183 150.791 164.58 199.247 207.352 199.226 190.428 174.039 183.559 161.281 143.356 122.075 95.7466 61.0271 3.72769 0.856921 -0.104948 -0.847198 -1.24977 -1.56222 -1.48357 -1.76911 
0.113937 0.0605458 -0.184069 0.19802 0.216199 0.35681 0.417102 0.491759 0.12335 0.242949 0.0155109 0.164544 0.363935 0.423311 0.471864 0.828285 1.28766 2.33725 2.77098 38.7799 85.6927 114.777 137.78 156.151 173.891 174.473 189.467 200.845 206.462 191.888 162.116 148.472 137.612 133.733 129.538 127.523 126.863 126.593 128.411 130.522 132.296 136.652 142.555 151.941 162.303 195.696 208.045 205.053 192.113 181.155 177.424 164.043 147.576 126.591 101.554 69.347 11.0024 1.66924 -0.0421266 -0.270391 -1.412 -1.36185 -1.78819 -1.28912 
0.481948 0.27334 -0.0630156 0.141829 0.163724 0.435257 0.340754 0.9313 0.3042 0.275381 0.585905 0.126326 0.511975 0.142548 0.809339 0.626071 1.8406 3.06232 3.52896 34.854 84.3052 113.862 137.372 156.974 175.09 175.054 191.02 200.864 207.281 194.027 164.983 150.48 139.358 134.393 131.453 130.075 128.11 129.094 130.375 131.027 133.536 139.144 142.482 152.816 163.408 195.373 209.198 203.179 195.642 183.007 176.532 163.8 147.101 126.401 101.563 68.3078 11.8522 1.69298 0.2535 0.169123 -0.997153 -1.19238 -1.18931 -1.41304 
0.388382 -0.395254 0.145838 0.207538 0.205619 0.229573 0.248557 0.0802659 0.217183 0.185774 0.238387 0.290895 0.329882 0.265801 0.805487 1.31223 2.04111 2.704 3.88976 38.5084 85.5075 114.781 138.303 157.642 176.432 173.857 192.085 201.084 206.745 193.271 164.232 151 138.096 133.581 130.678 128.751 126.946 128.544 130.293 130.256 133.091 138.065 142.645 152.23 163.525 195.458 208.881 204.24 195.34 180.499 176.65 163.7 147.993 128.797 103.463 71.1132 10.098 1.88527 0.559351 -0.0134077 -0.428552 -1.32051 -1.46271 -1.4 
0.269951 0.0984154 0.193715 -0.0442526 0.84153 0.422046 0.408099 0.267189 0.140601 0.0391902 0.344098 0.353494 0.177673 0.12751 0.775892 1.1321 2.25414 3.23847 4.88126 41.7603 85.6681 115.523 139.192 158.814 178.17 179.783 193.008 202.981 208.206 196.901 166.09 150.909 138.439 133.927 130.639 128.017 128.9 129.345 130.204 132.294 135.076 140.285 145.807 155.514 167.705 199.64 214.237 210.613 201.703 192.929 186.491 177.009 162.241 143.602 121.83 95.8388 61.0173 8.40872 1.33855 -0.908601 -0.394173 -1.11593 -1.24011 -1.43864 
-0.101126 0.184041 0.0741262 0.266725 0.256235 -0.0248228 0.30353 0.252665 -0.132695 0.270227 0.130638 0.262103 0.484189 0.64235 0.785861 1.553 1.81367 0.982037 52.4066 91.2782 119.278 141.573 162.938 180.402 196.508 201.95 212.528 223.075 227.428 213.375 182.805 166.227 153.747 148.4 144.567 142.242 140.35 140.485 141.118 143.024 147.091 152.809 159.144 167.672 182.046 213.367 231.179 226.521 217.196 210.541 201.727 188.704 174.341 158.261 139.614 122.392 100.653 69.6871 64.8002 19.7437 -1.04805 -1.15613 -1.30558 -1.28445 
0.196687 0.409867 0.187422 0.358031 0.0243208 0.185743 0.237163 0.381516 0.234486 0.285139 0.258253 0.414194 0.150561 0.314299 0.978074 1.07942 10.4187 49.4914 103.158 128.631 152.434 173.051 187.52 203.096 213.115 220.36 228.134 236.168 239.418 225.194 192.699 175.567 160.339 154.056 149.192 147.384 145.626 145.237 146.124 147.304 151.364 156.442 162.749 173.182 187.027 220.03 238.869 233.572 227.823 220.167 212.611 203.853 190.995 178.025 160.376 142.188 120.924 106.741 90.748 64.3967 0.58908 -1.40109 -1.1596 -1.40946 
-0.135435 0.0318759 0.152956 0.386812 0.335501 0.305592 -0.046426 0.461797 0.185587 0.131887 0.202327 0.4183 0.0947311 0.753522 0.8062 7.40984 56.0918 85.9313 114.255 138.842 159.984 179.713 194.223 209.058 221.968 230.776 237.444 243.412 249.384 232.053 200.54 186.052 170.393 155.702 152.912 154.529 155.058 158.897 160.575 163.329 166.52 172.708 179.128 190.507 203.741 235.621 256.848 253.314 246.9 239.799 230.165 218.826 206.471 191.692 173.642 154.208 133.966 113.428 98.5895 80.5096 24.2806 3.63723 -1.23837 -1.83386 
0.221666 0.159901 0.146254 0.353986 0.345957 0.254869 0.306946 -0.102179 -0.0178672 0.452983 0.190225 0.30084 0.259551 0.751299 2.38001 23.786 65.9061 99.181 123.525 146.814 167.167 184.992 201.16 215.39 227.448 238.641 246.21 253.061 255.401 240.708 205.668 190.308 163.819 155.52 152.462 152.938 161.547 165.945 166.524 167.819 172.71 176.155 182.774 192.948 208.433 236.66 263.11 258.269 252.125 243.203 232.931 221.97 208.07 192.796 174.805 156.512 135.683 112.524 96.2675 80.4957 24.5712 11.7058 6.14528 2.34057 
0.399413 0.0704769 0.290421 0.172203 -0.0122612 0.275974 0.332617 0.293553 0.160543 0.258527 0.512157 0.0930144 0.38579 1.41706 13.0882 17.5692 65.9967 98.4903 123.102 146.307 166.201 184.701 201.37 215.331 227.636 238.509 244.598 252.179 256.567 242.316 205.438 176.827 159.792 154.259 149.929 148.752 148.442 154.041 161.15 168.068 170.376 174.975 179.651 188.16 200.2 227.648 253.437 248.005 238.642 229.497 217.559 203.536 187.594 170.366 149.594 124.35 97.9471 57.1896 41.1444 27.8842 7.41167 6.35101 4.35063 2.40629 
0.261437 -0.0544181 0.394202 0.452104 0.356454 0.133812 0.227296 0.244428 0.148873 0.209331 0.233624 0.0754472 0.307048 7.0581 10.4431 11.5955 27.0369 57.6254 77.2402 100.658 130.572 149.951 170.347 180.647 191.983 204.699 214.008 221.33 226.347 205.249 159.082 140.825 122.46 117.763 117.033 116.267 115.884 117.388 120.775 126.506 131.182 137.365 143.238 152.684 166.841 190.565 217.017 209.546 202.06 192.785 181.457 166.177 148.663 126.28 97.3955 62.0411 9.34673 1.9607 1.43424 1.56057 0.844083 0.807838 0.152296 -0.29172 
-0.0796168 0.162009 0.277596 0.537636 -0.0181031 0.205768 0.339005 0.133151 0.383482 0.195578 -0.226455 0.634293 0.619634 4.0895 13.1878 6.3296 5.65881 4.00464 4.88889 4.6408 33.6035 82.5978 112.121 135.345 153.786 167.267 179.085 191.353 182.168 164.282 131.031 117.256 106.458 102.275 100.723 99.8886 99.5107 100.368 102.803 104.99 108.243 112.856 125.914 143.121 154.482 177.649 206.749 199.103 190.54 180.418 169.261 154.004 134.736 111.078 83.6258 34.6137 1.99679 1.92376 0.538532 0.715296 0.0208296 0.014933 -0.508071 -0.593039 
0.157233 0.391423 0.209763 0.0985976 0.580935 0.306449 0.167859 0.637154 0.0239246 0.350016 0.0602121 0.476803 0.13087 0.878087 6.47652 4.28098 4.83514 4.12344 4.71407 4.83694 21.2866 76.8456 106.883 132.68 149.956 163.222 177.408 168.2 162.906 154.833 125.196 113.052 103.153 100.116 97.7198 96.3369 96.5219 97.0184 98.3543 99.5105 102.647 106.015 113.147 123.341 147.087 171.798 208.77 198.23 190.53 179.116 167.314 152.713 134.576 110.324 82.3383 32.8807 1.70813 1.0196 0.659518 0.163854 -0.0198247 0.299527 -0.354623 -0.93578 
0.355061 0.130674 0.135151 0.5488 0.477984 0.350446 0.216952 0.515513 0.270727 0.26994 0.440796 0.288907 0.446375 0.614226 -0.0238528 8.92723 3.8855 6.62915 2.88786 4.6208 15.3285 74.3881 104.979 129.523 148.203 160.559 167.922 151.338 151.787 152.072 120.907 110.41 101.211 98.845 95.8597 94.4733 94.3193 94.4072 95.2565 97.1039 99.7483 103.404 109.431 115.565 130.28 158.748 208.222 194.823 188.098 178.641 163.645 151.793 133.397 109.024 80.4332 30.722 1.24306 0.544578 -0.109219 -0.375691 -0.187325 0.0813542 -0.663692 -0.71652 
0.3337 0.37858 0.212166 0.427259 0.484269 0.166125 0.607225 0.479483 0.715988 0.198288 0.594663 0.53435 0.482778 0.526965 0.45647 7.04983 3.80776 6.87857 3.34569 4.05076 12.1669 70.5093 103.092 127.285 145.375 159.4 157.474 142.665 144.673 150.13 123.275 108.633 99.011 96.011 94.3894 92.8926 92.4839 93.244 93.2274 95.5865 97.3748 100.309 105.174 111.197 123.463 142.778 200.719 193.903 186.606 176.425 163.425 150.482 131.946 108.504 79.5751 28.8023 0.800463 0.22982 -0.197961 -0.274946 -0.284827 -0.0221772 -0.832567 -0.33908 
0.585906 0.445396 0.371003 0.00990879 -0.0174918 -0.516693 0.357772 0.472585 0.185335 -0.0881727 0.221037 0.392104 -0.207375 0.67398 0.275821 6.40117 3.67203 3.91909 6.25269 2.94719 10.217 67.1142 100.499 125.022 144.129 157.456 150.375 138.076 138.975 148.562 118.586 108.567 97.6164 95.5261 92.9038 92.3076 91.6897 91.0497 92.5701 94.215 96.6692 99.6388 103.634 109.485 119.955 137.304 185.911 194.572 186.465 175.425 162.212 149.606 132.257 108.177 78.9547 26.1851 1.17352 0.426646 -0.533132 -0.592963 -0.10448 -0.34333 -0.0272186 -0.292238 
0.342472 0.28685 0.208786 0.42379 0.297584 -0.0980415 -0.251876 0.187017 0.0783847 0.0945381 -0.0775556 0.101045 0.203496 0.345395 0.548584 7.15845 4.06503 4.19518 9.29815 3.18523 8.51781 64.577 96.5512 122.677 142.361 156.814 148.923 134.938 134.941 148.268 120.957 108.789 98.9469 95.0993 92.6241 91.3057 90.8745 91.3017 91.4888 93.6893 95.9166 98.4834 102.083 108.245 117.832 132.954 177.385 190.387 186.09 174.836 161.781 149.807 130.795 107.86 79.5675 28.0821 1.0907 0.299845 -0.197991 -0.252904 0.423313 -0.361726 -0.044614 -0.438334 
0.413574 0.264126 0.398192 0.730107 0.0845739 0.421685 0.00925914 0.465422 0.38894 0.511954 0.24121 0.50157 0.396691 0.32699 0.62701 1.16369 10.7566 6.06512 9.1756 3.65004 7.27066 61.6293 94.5318 121.234 141.051 155.628 150.093 134.715 132.566 149.697 122.169 110.034 98.6898 95.2912 93.415 91.0897 90.7685 90.3893 91.5435 92.6482 95.4114 99.2091 102.677 107.812 117.327 132.236 173.23 185.901 185.137 175.544 161.447 149.136 132.298 108.21 79.4521 27.6318 1.83636 0.183874 -0.167937 0.371248 0.0922763 0.0894384 0.688355 0.548688 
0.432449 1.04609 0.353949 -0.0420598 0.208672 0.0803608 0.21044 0.716007 0.533008 0.205835 0.319028 -0.264744 -0.359767 0.525725 0.693838 -0.249799 11.246 8.05637 9.31141 3.03306 2.91041 57.7867 91.221 117.5 138.466 153.464 155.732 135.497 132.032 151.555 123.406 112.387 99.3221 95.6988 92.9648 91.7876 90.5827 90.7465 92.2443 93.4337 95.1429 98.6749 102.766 107.632 115.971 129.444 167.393 182.549 185.231 175.371 162.022 150.219 133.76 110.558 82.5735 35.8225 1.54007 0.818603 0.485285 0.548356 0.387779 0.364813 0.599608 1.00409 
0.448753 0.424257 0.424368 0.310769 0.302879 0.323764 -0.0752065 0.376059 0.70487 0.384232 0.289091 0.187781 0.156737 0.556702 1.31303 0.781835 11.0283 7.90891 9.85507 3.32761 1.24542 52.6546 88.2083 115.134 137.381 153.115 162.041 138.715 131.67 156.149 125.547 113.783 100.062 96.3504 94.3393 91.9277 90.8496 91.2358 91.7963 92.9949 95.1783 98.3935 103.006 107.664 116.225 128.075 164.613 182.24 186.058 176.89 163.4 151.05 134.009 111.473 84.2421 38.1118 1.39943 1.01656 0.280012 0.491319 0.32363 0.758907 0.832561 0.0826708 
0.2531 0.433036 0.474157 -0.283099 0.167695 0.349896 0.277923 0.304992 0.319675 0.287291 0.295397 0.00875442 0.304796 0.574286 0.677027 1.23275 9.69045 7.8844 9.47327 3.02894 1.42245 49.8273 87.0824 114.865 135.645 152.303 166.81 142.431 134.971 156.923 128.371 114.944 102.381 97.8178 94.996 92.9418 92.8786 92.5982 92.4243 93.6918 95.4285 98.8383 103.328 109.023 116.391 128.078 164.076 184.64 186.359 176.086 164.472 151.76 133.535 112.629 84.8817 39.3954 1.6812 0.780496 0.700246 0.166601 0.527213 0.785734 0.755054 0.392049 
0.232682 0.594897 0.701523 0.313652 0.120443 0.263819 0.318081 0.0189833 0.176825 0.469523 0.179018 0.312765 0.234957 0.799441 0.631431 2.66768 9.27498 7.9982 9.75608 3.03481 2.50156 46.1041 85.5843 112.752 135.452 151.453 167.418 154.707 138.016 154.786 134.928 116.619 103.108 98.377 96.0202 95.1116 92.9762 93.1578 93.2798 95.4368 96.76 99.8071 102.435 109.897 116.723 130.132 165.127 187.308 185.816 178.193 164.061 150.734 133.839 112.66 84.7286 40.1256 1.56665 0.923471 0.170837 0.607907 0.493862 0.24698 0.475844 0.235615 
0.180665 0.118013 0.0360512 0.608566 0.137234 0.289289 0.126758 -0.0914116 0.128958 0.449703 0.448233 0.324447 0.54743 0.242424 2.25093 2.62431 2.86022 12.3172 9.61334 2.73523 3.41014 42.8751 84.9937 112.617 135.273 151.284 165.873 166.747 143.205 154.356 139.751 118.734 105.377 100.832 96.0835 94.6355 94.1195 93.9483 94.4788 95.2256 97.6334 101.173 104.271 110.474 117.168 130.783 168.504 191.211 185.08 176.349 163.484 151.776 134.614 112.529 85.7891 41.1996 1.26477 1.27487 0.0343986 0.140201 0.136742 0.508369 0.438669 0.722988 
0.361277 0.314784 0.268654 0.396635 0.303724 0.356041 0.11847 0.790997 0.0840992 0.154663 0.524505 0.29006 0.179805 2.19273 1.94356 2.86799 0.0769695 12.4053 9.54657 2.3534 3.05028 40.8293 83.5449 110.839 135.032 151.805 164.472 177.737 152.696 158.304 143.954 120.957 106.167 102.233 97.9337 96.8972 95.3051 95.323 95.8976 97.7596 98.9403 103.088 106.08 111.752 119.56 133.307 174.148 194.019 185.81 176.234 165.254 152.254 134.903 113.302 87.0028 43.4739 0.905754 0.967916 -0.00481355 -0.0871788 0.30282 0.0150788 0.0823295 -0.0622989 
-0.115026 0.52492 0.712763 0.285108 0.351365 0.07724 0.201679 -0.282927 0.0366101 0.0594546 0.436775 0.309124 0.948389 2.73596 1.74632 2.15697 1.06526 10.2256 8.85401 2.55846 3.32642 38.0252 82.3838 110.369 133.099 151.126 164.276 176.376 175.04 164.88 150.787 125.333 108.909 104.47 100.515 97.9728 97.2224 96.82 97.0862 98.6843 100.831 103.96 107.957 113.786 122.477 136.43 184.873 193.56 187.119 176.999 164.773 152.099 135.581 113.326 87.9156 44.6737 -0.024703 0.718404 0.0252975 -0.150167 -0.0772861 0.143825 0.527935 0.164141 
-0.108911 0.454104 0.19796 0.355365 0.041738 0.391837 0.660337 -0.0769737 0.0778412 0.00720567 0.523591 -0.0268465 3.20518 2.65341 1.9828 2.4599 1.91564 9.27411 9.7806 2.39702 3.31735 35.9763 81.9718 110.303 133.301 151.061 164.402 175.643 185.223 182.109 160.485 130.535 113.91 106.561 103.722 101.276 100.588 99.0965 100.712 102.058 103.901 107.747 111.608 117.932 128.149 149.253 187.227 194.285 186.872 177.667 166.137 152.891 135.488 113.863 87.7679 45.9035 0.265723 0.513365 0.144003 -0.112693 0.594767 -0.320646 0.594356 0.19758 
0.552345 0.160583 -0.490174 0.785504 0.040727 0.194917 0.32893 0.556691 0.438639 0.0431957 0.269282 0.72144 2.74262 2.3463 1.28822 1.67753 1.33169 10.0238 10.8579 2.50304 3.18613 34.3171 81.2317 108.783 132.122 149.88 165.884 174.487 185.323 191.679 178.238 142.833 122.837 113.684 108.661 105.896 105.12 104.05 104.946 106.305 110.136 113.83 119.657 127.452 138.256 151.838 184.563 193.426 187.655 177.625 166.706 153.509 135.97 114.373 89.0117 48.9423 -0.796661 0.886575 0.469379 0.424122 0.54794 0.472365 0.754104 0.372214 
-0.220047 -0.832623 -0.397763 -0.259912 -0.381448 -0.50221 -0.463076 -0.206188 -0.638857 -0.767132 -0.362992 1.09194 1.31004 1.26592 1.30185 1.03483 1.00989 6.30382 7.7277 1.89214 2.42534 30.839 80.132 108.545 132.666 149.201 163.245 175.02 184.423 191.377 182.481 150.837 132.886 126.053 122.098 117.962 116.591 115.707 115.814 116.179 118.517 120.575 124.594 130.002 138.623 150.886 183.458 196.268 189.15 179.146 167.643 153.56 137.783 116.39 90.9964 54.1882 0.463633 2.63731 2.34197 1.45172 2.06297 2.22739 2.32728 2.18882 
-0.0680598 -1.24105 -0.840088 -0.548522 -1.11653 -0.815739 -0.616772 -0.165683 -0.713382 -0.402605 0.308267 -0.0400009 0.936584 1.45658 1.14477 0.586164 0.537688 5.31654 5.48296 1.39683 2.13035 27.9892 79.7116 108.172 130.746 149.78 163.042 175.539 184.352 194.173 185.119 152.471 132.615 126.304 122.095 118.637 116.935 116.263 116.13 115.987 118.502 120.877 124.164 130.558 138.955 150.84 182.268 195.125 190.12 180.264 168.073 154.512 138.357 116.9 91.7602 55.2636 0.447629 2.7978 1.62388 2.18624 2.20189 1.86441 2.2014 1.93854 
-0.790392 -1.03179 -0.789504 -0.556111 -0.811174 -0.648496 -0.760939 -0.924363 -1.04833 -0.626407 0.178662 0.457627 0.537817 0.59538 0.627715 1.44011 0.163946 2.77622 8.46496 0.796539 1.96535 26.5612 79.5514 106.15 130.958 149.412 163.331 175.42 184.996 192.312 186.55 153.209 134.021 127.862 122.514 119.218 117.328 116.341 115.839 116.635 117.743 121.862 124.42 129.915 139.309 150.849 181.826 195.491 189.557 180.199 168.075 155.174 139.274 117.511 91.7141 56.8136 0.449937 2.60555 2.089 1.84095 1.97149 2.0498 2.6103 2.20603 
-0.40514 -0.273759 -0.227507 -0.678747 -0.822335 -0.723826 -0.803988 -0.941482 -1.16215 -1.26967 0.0142595 1.04649 0.297752 0.391549 2.46197 0.43547 0.294203 0.129332 9.59544 1.31991 2.46481 25.8356 79.3026 106.152 129.997 148.81 162.626 174.278 185.683 194.239 189.792 155.256 135.43 127.572 123.129 119.736 116.829 116.474 115.632 117.613 118.108 120.6 124.73 129.763 137.333 150.494 179.914 195.675 189.161 179.725 169.44 155.882 139.316 117.697 92.8528 57.8822 1.49097 2.95067 1.4166 1.61117 1.69074 1.86493 1.77179 2.18528 
-0.708666 -0.580576 -0.753291 -0.959528 -0.927542 -0.672276 -0.756567 -0.709274 -0.776628 -0.945139 -0.258891 0.0442501 1.12472 0.977404 3.82923 -0.733718 0.753936 0.529116 9.29754 1.048 2.1295 24.2523 77.8117 105.264 129.757 148.349 163.146 175.975 185.897 194.279 190.307 155.87 135.279 128.656 123.9 119.593 117.809 115.956 116.03 117.683 118.346 120.401 125.966 129.948 136.781 149.505 176.751 196.623 189.527 181.819 169.305 157.233 139.636 118.614 93.9132 58.7499 3.4054 2.67559 1.98189 2.16203 1.48292 1.93608 1.71992 2.13064 
-1.025 -0.867859 -1.60045 -0.534428 -0.939526 -0.468893 -0.854619 -0.664546 -1.13546 -0.333276 -0.358775 -0.143209 -0.291717 2.07602 2.71617 -0.507583 0.652878 3.3251 3.60811 0.922532 1.93534 23.6236 77.4067 104.864 130.165 148.985 163.223 175.115 185.163 192.748 195.404 157.065 135.961 128.455 124.638 120.755 117.43 124.188 117.33 117.077 119.385 120.239 124.559 130.519 137.324 149.448 176.195 197.049 190.407 181.093 170.314 157.14 140.13 119.513 94.3077 60.0058 4.83589 3.06309 1.3904 1.74835 2.17707 1.3058 1.98991 2.1119 
-0.959274 -1.72137 -0.757161 -0.594406 -0.57022 -1.18053 -1.73505 -0.586239 -0.151596 -0.668367 -0.559737 -0.142418 -0.0601993 2.19763 2.87232 0.145381 3.79495 1.20273 1.93565 0.878543 1.86048 22.6228 76.0765 105.172 129.126 148.25 162.218 175.016 184.781 191.616 193.286 158.306 136.612 129.752 124.923 121.32 119.344 117.296 115.654 117.828 119.306 121.113 124.527 128.671 136.558 148.21 171.638 198.58 190.142 181.21 170.208 158.1 140.955 119.998 94.5953 60.7285 6.06255 2.78401 1.65194 1.6024 1.49321 1.80985 2.12221 2.14963 
-0.900667 -0.83922 -0.67085 -1.01029 -0.507658 -0.952045 -1.2094 -0.885233 -0.477672 -1.0021 -0.399287 -0.203489 2.52395 1.60609 2.42795 2.97279 0.988749 0.668057 0.589257 0.631759 2.22481 21.3605 77.1287 104.846 128.712 148.031 161.308 174.497 185.468 192.348 197.213 160.329 138.366 131.591 124.74 121.142 118.545 116.932 117.143 117.194 118.571 120.538 124.615 129.398 137.268 146.701 167.312 202.165 190.87 182.386 171.19 160.074 141.452 121.096 96.1403 63.7955 7.70428 3.33274 2.70154 1.4877 2.24468 2.42874 2.17822 2.2381 
-0.679005 -1.08129 -0.977193 -0.698257 -0.772235 -1.06416 -1.10265 -0.73226 -0.240657 -0.798535 -0.634358 -0.911703 1.78098 2.99643 3.36418 2.48409 0.409167 0.767349 -0.0337894 1.3942 1.60818 17.8102 74.7887 103.115 128.043 147.828 161.477 174.177 185.612 194.594 200.511 160.982 140.173 131.054 126.022 122.232 119.126 117.73 117.008 117.896 119.276 120.363 123.861 127.696 137.026 146.099 162.991 202.867 191.978 183.515 171.735 160.384 144.063 123.489 99.4956 67.0082 12.2951 4.21315 3.22585 2.79216 2.21048 2.4133 2.14742 2.05559 
-0.727583 -0.934525 -1.06441 -1.04399 -0.863124 -0.530389 -0.979469 -0.278739 -0.802298 -0.321295 -0.103327 -1.44391 3.82501 2.61511 7.01284 -0.163082 0.938589 0.932914 0.529999 1.51301 1.56409 14.9095 70.7674 101.871 126.55 146.64 160.071 174.304 184.141 193.724 205.06 162.66 142.653 132.371 126.68 122.258 120.088 118.707 116.925 116.943 119.03 121.07 124.597 128.091 135.503 146.391 161.577 197.578 192.542 184.378 172.942 159.67 146 125.953 102.537 72.2239 17.1653 4.35904 3.82171 3.22338 2.83009 2.62703 2.46893 2.31343 
-1.10237 -0.973533 -0.418689 -0.938992 -0.936355 -0.757005 -1.23133 -0.696679 -0.549863 -0.74196 -0.791609 1.79452 3.77658 2.83731 6.04135 0.1851 1.09701 -0.0333442 0.66481 1.65879 2.27098 13.8912 71.283 102.379 127.813 146.449 161.187 174.5 184.907 193.711 207.012 163.555 143.626 133.277 126.788 122.663 119.79 118.045 117.946 118.666 118.46 120.977 123.853 128.482 133.4 144.361 159.74 196.585 191.564 184.683 173.764 159.815 145.176 127.497 105.226 74.0991 19.7174 5.59336 3.93654 3.40677 3.48359 2.88075 2.98175 2.76205 
-0.581558 -0.509038 -0.36518 -0.764355 -0.952174 -0.337485 -0.31326 -0.202789 -0.125468 -0.245714 -0.194422 11.01 6.00385 5.31995 5.08476 0.273818 1.2471 1.21319 1.315 1.98646 2.35296 13.6938 72.3349 102.652 127.833 146.881 161.741 173.995 184.955 192.573 205.659 166.262 143.487 133.676 127.934 124.066 120.392 117.89 118.049 118.1 119.485 120.21 123.723 128.325 134.388 144.206 159.025 195.214 192.884 184.11 175.388 162.171 147.232 129.997 105.679 75.355 21.5146 6.61985 5.15934 4.82267 4.0627 3.49265 3.37474 2.27881 
-1.36617 -0.851895 -0.894923 -0.609622 -1.02927 -0.471825 -1.11994 -1.09716 -0.447201 -0.333899 2.00313 11.1879 7.87128 2.17365 1.37113 0.172655 2.2465 1.68962 1.85632 2.85309 3.45013 12.2819 72.2682 104.106 129.2 147.984 163.15 174.606 185.664 194.356 208.473 167.685 145.283 135.56 128.889 125.275 121.804 122.077 120.686 120.152 120.885 122.879 126.021 130.008 136.334 145.758 160.492 198.15 198.576 191.033 180.535 167.694 153.502 137.9 115.787 86.7211 58.8549 6.38894 5.48 5.38137 4.62219 4.04942 3.81605 3.33345 
-0.510968 -0.874363 -0.821792 -0.881693 -0.563136 -0.720783 -1.93286 -0.900405 -0.389251 -0.413777 -0.630278 6.84536 10.7508 11.103 8.03606 3.40077 2.33562 2.01808 2.46412 3.60128 4.53691 50.1787 88.3531 117.041 138.478 158.42 170.945 181.872 191.694 199.334 209.754 178.888 157.959 149.567 145.566 142.55 140.239 138.899 139.139 138.814 142.809 147.157 150.965 155.737 163.13 173.322 188.478 226.87 231.437 224.828 216.027 207.26 193.061 180.307 162.414 142.91 119.365 97.8198 72.6699 55.592 28.4666 19.4832 17.0083 13.5874 
-0.564941 -0.885927 -0.783877 -1.13387 -0.528844 -0.653431 -1.11072 -1.13501 -0.298619 -0.821733 -0.987899 -0.494928 8.27147 11.8496 13.9312 15.5688 14.7799 13.5392 13.2428 12.9571 36.7927 80.9455 111.524 146.24 172.373 192.649 205.463 219.207 231.068 243.264 253.475 218.283 188.981 177.341 170.703 165.996 163.955 162.788 161.015 161.281 163.638 165.719 170.405 175.687 182.099 192.96 209.029 248.218 253.545 247.621 239.027 228.629 216.167 204.458 189.546 172.494 151.037 131.825 120.99 108.429 82.557 26.3807 18.9888 15.5183 
-0.568403 -0.986982 -1.18349 -1.05504 -0.255093 -0.384888 -0.935739 -0.939838 -0.844821 -1.01827 -0.341602 -0.402332 -0.534045 6.37763 12.2127 16.4086 17.8905 19.1096 18.8239 23.6959 79.1377 118.388 145.02 168.837 190.719 206.22 218.241 229.283 237.567 246.803 253.227 229.402 194.222 184.241 177.333 172.706 169.369 167.617 167.438 167.191 168.589 171.963 173.803 180.225 186.39 197.893 213.098 251.785 260.051 251.44 244.389 234.534 225.426 212.697 197.982 182.741 163.535 141.22 126.571 113.84 97.2312 44.1868 9.51397 3.91575 
-0.345223 -0.829332 -0.395117 -0.956906 -0.437649 -1.45681 -1.31376 -0.561904 -0.526962 -0.401138 -0.456454 -0.218213 0.0783146 -0.0752009 2.405 9.58597 16.8046 22.2576 19.7679 52.0826 95.8682 127.187 152.983 174.846 194.523 208.875 220.993 233.333 241.009 250.852 255.992 232.053 195.509 184.244 176.757 172.077 168.208 166.604 167.076 166.199 166.864 169.607 172.123 177.968 185.802 195.206 210.323 250.961 257.42 252.507 242.751 236.467 225.285 209.496 198.173 182.096 165.36 146.915 127.195 111.763 95.6121 45.7588 -0.576762 0.980989 
-0.57285 -0.716401 -0.973961 -0.488264 -0.712321 -1.27151 -1.02066 -0.493673 -0.421174 -0.388881 -0.787759 -0.615602 -0.228642 -0.136176 -0.780445 0.0974973 4.4283 23.2372 27.8043 58.5508 97.9235 125.78 151.511 173.204 191.508 206.648 218.436 231.843 238.561 247.933 251.499 230.648 192.25 180.561 172.555 166.603 162.597 161.465 160.161 160.703 161.776 163.026 166.415 170.921 177.952 189.086 203.551 242.821 250.468 242.297 234.96 227.29 216.216 203.924 191.457 174.184 157.175 139.78 120.62 102.293 81.6418 25.1715 1.1595 1.30136 
-0.81076 -0.911729 -1.10586 -1.32023 -0.522967 -0.824637 -0.819776 -0.220202 -0.706184 -0.983431 -1.03251 -0.543687 -0.480868 -0.967757 -0.477034 0.218344 0.354917 4.30815 32.7969 49.3372 90.88 120.937 146.105 168.524 187.258 200.782 214.97 222.824 230.185 237.895 243.78 226.191 185.25 173.449 165.996 159.35 155.623 152.837 152.212 152.184 151.699 154.289 156.791 161.518 168.69 178.009 191.487 231.189 237.073 230.816 221.898 211.899 202.644 190.915 175.655 160.151 141.475 124.608 104.227 84.0066 43.8916 6.45258 1.48986 0.418547 
-0.87207 -1.00563 -1.10982 -0.837365 -0.729292 -0.936953 -0.570921 -1.08098 -0.885077 -0.471355 -0.792331 -0.288278 -0.732279 -0.624574 -0.553271 -0.356834 -0.23471 -0.152538 9.21133 36.9652 70.1145 108.657 136.002 157.253 174.651 189.531 201.601 211.203 218.077 224.084 232.044 217.991 176.743 164.079 156.505 150.08 145.385 143.202 140.766 141.483 140.8 141.948 144.946 148.109 154.688 162.463 174.632 211.852 220.398 212.401 204.014 191.428 187.812 171.722 155.298 137.963 116.384 96.3239 62.8635 22.4515 0.472828 1.91721 1.7791 0.92078 
-0.926874 -0.338308 -0.889238 -0.890945 -0.667314 -1.14869 -0.628706 -1.05564 -0.79557 -0.458305 -0.296507 -0.29011 -0.914246 -0.44308 -0.462203 -0.179159 0.0508777 -0.458336 0.972546 5.08275 29.0047 80.2 113.638 136.678 156.639 172.286 186.565 194.431 202.61 211.101 217.863 205.62 165.765 152.445 145.266 139.528 136.15 133.997 132.296 131.855 131.551 134.494 137.158 139.357 145.437 155.418 166.714 200.477 211.294 205.702 196.661 182.017 183.77 165.277 147.881 127.41 100.715 68.9137 7.8937 4.82232 2.99569 1.60467 1.547 0.90917 
-0.496033 -0.60067 -0.488092 -0.868352 -0.750688 -0.513249 -0.641407 -0.392608 -0.625173 -0.253106 -1.08439 -0.873831 -1.07082 -0.75393 -0.509339 -0.601896 -0.371513 0.387675 0.894231 1.89653 2.06721 29.1548 82.7107 111.289 135.549 155.567 171.493 181.003 193.718 202.234 210.435 202.511 161.135 148.619 141.419 137.553 132.586 131.25 130.535 131.438 132.447 132.723 134.866 140.098 145.258 153.552 165.745 196.408 211.286 203.959 196.344 182.682 181.321 163.567 148.026 125.701 100.045 69.1062 7.5654 4.09428 2.07487 1.52078 0.934536 0.886206 
-0.581841 -1.01937 -0.737939 -0.418032 -0.720863 -0.801896 -0.643974 -0.97447 -0.75105 -0.621293 -0.792626 -0.463583 -1.25061 -0.709871 -0.670395 -0.623909 -0.151947 -0.0682704 0.430897 1.04661 1.8724 27.3658 79.3712 111.015 135.74 155.553 171.538 178.474 190.744 201.903 210.625 201.778 159.537 147.853 141.625 136.429 132.591 130.868 129.325 129.733 131.177 131.213 135.099 140.129 144.547 152.372 165.997 196.372 211.535 204.807 195.6 185.548 178.117 164.665 148.11 126.955 100.38 67.5248 8.79161 2.78454 1.50925 1.25775 1.0769 1.04046 
-0.834413 -0.795846 -1.13455 -1.12294 -0.798935 -0.559485 -0.684183 -0.566823 -0.755767 -0.895931 -0.480279 -1.27917 -1.10569 -0.533478 -1.23945 -0.514443 -0.157979 -0.113325 0.641222 0.839728 2.38443 26.0629 79.5631 109.196 134.792 154.215 170.882 180.312 192.07 202.774 208.936 200.55 159.922 147.245 141.78 135.672 133.034 130.026 128.761 129.118 130.279 132.774 134.74 138.012 144.096 152.609 162.901 193.305 210.908 203.318 194.917 184.702 175.01 164.663 147.92 126.223 100.148 66.4189 10.6031 2.1028 1.15217 0.397835 0.662762 0.584639 
-1.06896 -0.535369 -0.871993 -0.679153 -0.627481 -0.836428 -0.988446 -0.942037 -1.04865 -1.05016 -0.606146 -0.927084 -0.381882 -0.445485 -0.0909252 -0.596834 -1.30639 -0.631399 -0.256266 0.500516 1.24319 24.5223 78.0515 108.888 134.272 153.791 170.105 177.737 189.128 199.69 209.752 199.653 159.514 147.978 140.699 135.246 132.008 130.399 128.297 128.029 130.817 131.036 132.917 138.759 142.688 151.467 162.359 188.109 209.598 204.992 194.813 185.284 175.448 164.656 147.103 126.57 100.165 66.7474 12.9607 2.38336 0.739065 0.39843 0.544704 0.385303 
-0.723833 -0.952206 -0.69319 -0.320892 -0.737927 -0.788803 -0.950611 -0.710686 -0.607773 -0.844047 -1.53333 -0.249692 -0.864505 -0.600634 -0.723774 -0.85643 -0.746551 -0.665364 -0.296127 0.318781 1.2729 23.3309 76.8799 106.637 132.633 152.439 170.514 177.277 187.144 198.066 207.57 200.199 160.484 146.158 140.608 134.677 131.835 129.383 127.96 127.021 129.424 131.438 132.346 137.569 141.191 149.362 160.861 183.333 213.348 205.38 196.519 186.228 177.689 165.461 149.516 128.353 101.242 69.8085 13.2102 2.0775 0.595904 0.386559 -0.220414 0.754202 
-0.57217 -0.595362 -0.871876 -0.498136 -0.878506 -0.55124 -0.289436 -0.698053 -0.43943 -0.733799 -1.04373 -0.236222 -0.411735 -0.58551 -0.684231 -0.999632 -0.778557 -0.27968 -0.216973 0.12655 1.20085 15.6485 71.8437 103.226 129.651 151.239 168.162 176.14 186.815 198.652 206.905 204.742 163.062 147.169 140.36 135.48 132.57 129.406 128.061 128.394 129.165 129.798 133.588 134.698 142.304 147.219 159.277 175.542 214.644 204.571 197.792 185.852 180.088 167.794 151.573 129.634 104.201 73.6922 20.213 2.48504 0.312298 0.439566 0.520073 0.681703 
-0.489582 -1.27345 -0.929469 -1.22593 -0.616073 -0.511085 -0.729961 -0.491928 -0.128748 -0.922011 -1.06169 -0.831782 -0.774918 -0.746233 -0.45241 -0.540094 -0.596901 -0.572689 -0.492185 -0.20754 0.653593 16.7012 71.653 103.064 130.316 150.563 168.493 174.529 185.608 198.43 206.726 204.095 162.516 147.381 139.064 134.664 131.342 128.709 127.951 127.237 128.069 131.415 132.853 136.753 140.991 145.935 158.834 173.567 212.734 205.032 195.283 186.077 180.015 167.29 151.47 130.126 105.404 74.3878 20.8665 1.98208 0.867207 0.512411 0.807695 0.334842 
-0.371526 -0.994123 -0.427054 -0.972117 -0.951162 -0.8624 -0.582538 -0.523544 -1.17105 -0.429435 -1.11405 -0.497785 -0.757405 -0.277013 -0.593767 -0.680208 -0.78614 -0.575256 -0.563172 -0.0759937 0.716906 14.3535 69.7543 102.53 129.273 149.08 166.314 174.612 184.067 197.954 206.204 205.566 162.949 147.348 140.519 134.737 131.73 128.181 127.044 128.13 126.936 130.274 131.688 133.964 140.441 146.95 157.767 174.364 213.122 204.404 197.247 188.718 179.771 168.336 151.276 131.428 105.934 74.9789 21.43 1.59577 0.591733 0.527614 0.577477 0.781617 
-0.58438 -0.580823 -0.380322 -1.18383 -0.786697 -0.398623 -0.662061 -0.599239 -0.828726 -1.52967 -0.471799 -0.993428 -0.809324 -0.473765 -0.963104 -0.535126 -0.802812 -0.55093 -0.908621 0.280448 1.38588 13.151 70.25 101.793 128.335 148.989 167.104 171.917 182.754 197.181 204.727 220.789 162.427 147.13 140.408 134.66 130.725 128.319 126.004 126.675 127.308 128.888 131.515 134.1 139.378 145.871 157.461 172.343 210.076 205.526 198.024 187.127 179.317 169.26 152.566 131.992 106.574 76.8279 23.1323 2.34265 1.62975 0.91175 0.715772 0.690107 
-0.343207 -0.933366 -1.31816 -0.950245 -0.724812 -0.732038 -0.64273 -0.514291 -1.28543 -0.748735 -0.297891 -0.153545 -0.631592 -0.455534 -0.994557 -0.453032 -0.677766 -0.817025 -0.0736186 0.377221 1.00313 14.46 68.8844 101.785 129.415 149.516 167.162 171.962 181.902 195.731 204.59 208.573 163.069 147.46 139.26 134.236 131.197 128.856 127.203 126.44 129.051 130.229 132.211 135.279 141.311 146.245 156.792 172.495 209.781 206.423 198.556 189.374 179.947 169.877 153.955 132.515 109.217 77.8936 25.669 2.61806 2.20895 1.30629 1.33363 1.50187 
-0.515135 0.0162173 -0.385702 -0.882013 -0.260818 -0.965467 -0.791779 -0.310162 -1.03443 -0.476456 -0.728575 -0.603262 -0.274958 -0.821917 -0.711315 -0.545542 -0.726185 -0.10196 0.347695 0.768843 1.6873 12.5204 68.9241 101.691 128.298 149.253 166.765 171.743 182.356 195.653 204.411 207.091 163.17 147.905 139.621 134.024 131.053 128.747 126.915 127.448 128.607 129.226 131.942 134.063 139.556 145.331 155.605 171.778 210.557 206.683 198.425 190.239 179.087 170.776 154.446 135.135 111.097 80.2495 28.5005 3.94617 2.94218 2.94448 1.73183 1.33147 
