-0.0796268 0.453285 -0.163694 0.0306331 0.0283559 0.252895 0.325111 0.268313 0.510876 0.0172118 0.337229 0.346773 0.180522 0.0648745 0.113346 0.291831 0.199037 0.339874 1.60033 9.49867 64.8588 97.7001 125.028 146.387 163.423 170.307 184.074 193.329 201.54 202.625 167.776 149.866 136.582 131.542 128.935 127.62 126.199 125.31 126.977 127.888 130.602 132.738 137.487 145.539 156.362 173.581 213.051 205.752 195.554 184.089 168.451 169.982 153.71 135.269 110.941 81.2787 33.3262 -0.196417 -1.30751 -1.87047 -1.56412 -1.86923 -1.96611 -1.68311 
0.266374 0.17848 0.185987 0.367321 0.0129798 -0.144979 0.218717 0.363497 -0.0248932 -0.00702642 -0.0773734 0.391748 -0.278727 0.184335 0.0418461 -0.212164 0.334295 0.651561 1.90834 8.51177 64.9505 97.2777 124.856 146.277 162.552 170.232 183.797 193.685 203.044 201.204 167.31 150.32 137.373 132.171 128.976 127.724 127.068 124.55 125.676 128.28 131.46 132.992 137.686 145.569 157.096 174.167 213.562 205.759 197.503 185.079 166.747 168.81 154.743 134.887 110.652 81.5116 33.9609 0.122318 -0.973019 -2.18383 -1.70264 -1.7669 -1.56759 -1.62918 
0.179823 -0.144203 0.0804437 0.32397 0.207435 0.159903 0.252586 0.364211 0.520191 0.600215 -0.14238 0.068758 0.0476366 0.364513 -0.0718334 -0.0828718 0.502795 0.540217 1.59373 8.48421 65.1386 98.1081 124.9 145.434 163.239 171.112 184.577 193.863 202.166 204.333 168.16 151.175 137.701 131.024 129.319 126.972 126.713 125.015 126.893 127.857 130.282 133.868 137.44 146.052 158.383 174.92 214.753 204.621 197.949 186.069 168.196 170.887 154.035 135.982 111.682 82.4652 33.3958 -0.222787 -1.06218 -1.18051 -1.51592 -1.57698 -1.7243 -1.91971 
-0.0097492 -0.396779 0.370977 0.206032 0.454645 0.289745 -0.0656541 -0.100323 0.0727677 0.0550739 0.277768 0.115958 -0.0675507 0.250265 0.424508 -0.0638302 0.372806 1.18936 1.76633 8.5351 64.4121 97.1427 124.262 145.504 163.575 172.5 182.993 192.035 198.914 204.852 168.442 151.669 137.25 134.553 130.324 131.005 128.969 125.607 126.902 129.025 131.086 134.179 139.246 146.439 158.054 174.523 215.114 205.953 197.836 185.045 170.914 171.178 153.161 135.278 111.265 82.0166 34.6853 -0.235371 -1.05874 -1.81277 -1.76272 -1.79872 -2.17925 -2.04806 
0.0110195 0.115019 0.390242 0.567882 -0.361612 0.501803 -0.103998 0.208438 0.172497 0.10675 0.152452 0.547582 0.246864 0.074578 0.263226 0.0882262 0.502647 0.633218 1.9315 6.78557 63.2018 98.3891 125.5 146.03 163.268 171.592 183.443 193.702 201.358 207.972 169.072 152.155 138.229 135.772 129.323 128.898 127.375 126.461 127.407 128.304 130.828 134.113 139.599 146.787 158.585 175.325 213.985 205.858 197.669 185.234 172.554 170.449 154.713 136.492 112.067 83.1597 34.5262 0.761244 -0.344271 -1.39643 -1.65514 -1.62248 -1.55799 -1.71916 
0.0239144 -0.261685 0.207881 0.226775 0.0807915 0.359598 0.123553 0.134628 0.170014 0.1499 0.33876 0.178566 0.0100658 0.103703 0.167035 0.186136 0.478933 0.86499 1.66614 7.93115 63.184 97.0844 124.774 146.712 163.619 173.558 183.983 194.797 201.673 207.607 168.33 153.167 138.648 135.111 132.242 131.016 128.076 126.815 127.312 129.208 131.573 135.108 140.232 147.98 159.928 176.348 214.49 206.249 199.479 187.145 173.77 171.523 155.741 136.942 113.046 83.7923 36.3266 0.409207 -0.290743 -1.46576 -1.33018 -1.51166 -1.69324 -1.80869 
0.526628 -0.108586 0.126863 -0.0739156 -0.12232 0.152848 0.00773602 0.111742 0.183027 0.631445 0.283813 0.172663 0.0716403 0.394224 0.0957406 0.0793508 0.320384 0.892611 2.14564 4.2503 61.4509 95.3029 122.71 144.076 162.024 173.469 182.866 194.45 201.552 211.52 173.501 156.04 141.134 135.538 130.805 130.199 128.686 128.059 128.944 130.004 132.032 135.227 140.452 146.85 158.017 173.861 213.585 208.667 202.243 188.962 179.035 174.595 158.798 139.856 117.504 89.1599 44.1074 -0.444531 -0.079205 -0.817313 -2.20415 -1.66712 -1.99954 -1.6473 
0.337761 0.0482625 -0.0327348 -0.132799 -0.10421 0.447333 0.226882 0.315255 0.297497 0.427588 0.174593 0.0371021 0.200053 0.0610003 0.414943 -0.124559 0.631281 1.53284 2.27004 1.77809 58.9477 94.5064 122.316 145.172 162.688 173.941 184.436 195.593 201.539 216.349 174.648 158.493 142.549 136.416 132.583 131.033 129.042 129.36 128.883 131.127 132.858 135.987 141.297 148.525 158.75 175.208 215.819 208.478 203.69 191.184 179.344 174.637 159.701 141.603 118.553 90.311 50.7412 -0.661498 0.138847 -0.699339 -1.58056 -1.73313 -1.50837 -1.43429 
0.421685 -0.182027 0.208347 0.0925947 0.2183 0.0305638 0.329209 0.10429 0.0569138 -0.0336723 0.30318 0.00909791 -0.128426 -0.241439 0.343958 0.522366 0.68213 0.994606 2.41742 2.84374 60.6524 95.0173 121.845 144.512 161.755 175.016 183.83 194.698 202.655 216.394 176.105 159.576 142.948 136.782 132.553 130.257 129.595 129.332 130.167 132.838 135.646 138.185 142.822 151.199 160.444 178.181 217.4 213.25 205.94 193.989 181.894 175.629 161.17 140.693 116.883 89.3509 48.7011 -0.667523 0.0170869 -1.00564 -1.31309 -1.83325 -1.90261 -1.5855 
0.19016 -0.11965 0.0512334 0.308528 0.412988 0.308621 0.152751 0.184992 0.249557 -0.00451656 0.126018 0.322119 0.177055 0.0655976 -0.147809 0.582415 0.942237 1.56949 2.30415 -0.356024 55.8844 92.4528 121.218 143.684 163.653 176.741 185.975 198.67 206.741 221.194 182.872 165.851 150.579 145.684 143.738 139.617 140.158 139.222 140.074 140.83 143.465 147.666 152.719 159.374 173.253 189.983 231.069 227.181 218.954 206.567 191.871 186.782 169.692 152.119 130.534 102.051 64.7923 9.97025 0.273981 -1.16391 -1.4933 -1.43857 -1.86539 -2.02923 
-0.059208 -0.107299 -0.00921511 0.030207 0.345364 -0.0686064 -0.22098 0.299843 -0.0724085 -0.122026 0.0272557 0.0371936 0.274226 0.195554 0.342015 0.164972 0.903977 1.29507 1.26102 42.9476 87.9057 116.931 142.849 164.654 182.332 194.043 204.748 216.032 224.208 235.122 198.351 177.877 162.447 157.29 153.033 150.198 149.687 149.627 151.452 154.875 160.624 167.404 174.892 182.868 198.07 214.885 260.762 261.725 251.424 232.947 225.88 213.73 199.139 180.142 157.594 130.175 96.9615 53.7802 -2.89943 -1.1226 -1.10578 -1.69378 -1.44875 -1.82658 
0.583672 0.0844944 0.0996446 0.285139 -0.107829 0.356322 0.4731 0.152974 0.00409984 0.277412 0.490642 0.431712 0.354184 0.0371539 0.0606188 0.640159 0.522841 1.56088 10.9891 67.7462 101.441 128.273 151.114 171.599 187.944 203.07 217.332 229.748 240.437 256.027 219.877 202.057 192.139 184.685 180.103 179.593 178.697 177.995 176.37 177.435 179.467 183.014 188.035 193.88 209.034 228.249 273.611 280.013 269.915 243.563 236.347 223.554 209.292 193.938 174.279 151.593 126.031 94.1654 49.9132 3.20545 -1.73247 -1.90158 -1.56732 -1.75787 
0.00292864 -0.0974778 0.198177 0.166103 0.220321 0.307384 -0.282288 0.246088 0.49896 -0.00714495 0.234498 0.375811 0.333571 0.397731 0.522442 0.684256 0.763445 0.487025 27.3028 79.7529 111.802 139.782 164.085 189.819 209.959 220.211 238.177 252.093 264.744 258.525 223.803 206.029 194.932 189.453 187.269 184.777 183.722 183.766 183.027 183.777 185.54 189.737 195.509 200.636 215.3 235.683 282.786 293.696 293.161 270.247 251.159 238.075 223.906 208.27 189.306 167.829 144.119 116.577 83.8187 36.1825 -1.86792 -1.53336 -2.17353 -1.91733 
0.0587515 -0.140275 -0.00905228 0.2276 0.300439 0.266207 -0.00240359 0.165859 -0.0999681 0.627295 0.277784 0.312005 0.0889747 0.191074 0.737353 0.376784 0.636014 4.92093 64.4576 100.083 129.728 154.391 175.884 198.158 214.493 226.221 248.592 264.797 246.702 240.15 222.048 213.686 200.043 193.743 188.824 186.655 184.927 183.879 184.612 185.272 186.921 190.462 195.5 201.622 213.803 237.893 286.574 299.344 298.458 286.967 259.37 239.973 227.006 210.034 191.222 170.767 147.17 120.625 91.2447 39.377 -2.54316 -1.49968 -2.11065 -1.59605 
0.0900598 0.0687012 0.116773 0.0704289 -0.25307 0.701218 -0.169073 0.291249 0.0445479 0.631585 0.348745 0.41081 0.316453 0.128041 0.0758791 0.305519 0.555579 12.8484 69.5918 102.909 132.914 157.334 179.114 200.239 216.752 230.303 254.65 252.256 229.829 223.664 212.833 197.252 195.88 186.988 181.316 178.294 175.038 173.384 173.31 173.963 171.888 172.464 177.607 182.161 190.923 203.148 252.762 270.979 263.765 249.715 230.364 211.033 193 172.849 150.454 127.053 101.811 59.5063 4.904 -2.98596 -1.77758 -1.50203 -2.23249 -1.77399 
0.248975 0.0980152 0.416357 0.470393 0.15255 -0.000151437 0.0696665 0.480414 0.0997716 -0.147427 0.398897 0.130794 0.620696 0.448248 0.327679 0.396123 0.542786 6.53479 48.7141 71.0361 106.273 129.07 150.17 162.977 177.866 189.257 202.829 192.473 178.902 184.917 177.912 156.659 149.145 152.918 152.101 149.661 145.43 144.505 143.117 142.256 142.024 142.15 145.57 150.111 158.763 171.185 206.421 207.022 202.026 196.423 187.997 173.707 162.314 140.523 118.137 92.2862 53.8092 3.91773 -0.118023 -0.924621 -1.4878 -1.50849 -1.61438 -1.87396 
-0.156384 0.329201 0.155177 0.424806 -0.0991483 0.22845 0.236899 0.0167411 0.25213 0.00996989 -0.156809 0.277913 0.173394 0.259989 0.375172 0.224781 0.726045 1.01873 0.798942 1.07896 13.891 67.5038 98.3077 121.361 141.7 157.515 160.275 144.05 132.228 139.952 153.77 125.469 115.299 111.917 113.418 119.162 122.088 120.578 122.03 122.11 124.209 126.856 131.863 136.761 146.021 158.759 192.862 204.34 197.222 188.656 177.658 167.079 149.26 126.124 102.25 70.0302 14.1968 1.16709 -0.42366 -0.909382 -1.54357 -1.8747 -1.97238 -1.58085 
0.129777 0.128757 0.446196 0.0625437 0.401131 -0.319168 -0.113752 0.510485 0.102488 0.345191 0.069689 0.225258 0.126309 1.18426 0.510465 0.395329 0.74437 0.877453 1.97593 2.57122 0.770264 52.9381 89.389 116.424 138.126 153.933 149.248 121.908 112.456 113.451 152.465 124.459 113.427 108.959 105.81 104.563 107.431 116.23 119.843 120.788 122.041 123.755 128.968 134.14 144.347 155.412 190.632 202.929 196.871 186.542 175.322 166.53 147.38 124.611 100.687 67.4995 15.0144 0.996304 -0.572803 -0.854137 -1.35765 -1.15811 -1.75004 -1.56149 
0.0880319 0.174581 0.123027 0.21816 0.360961 -0.17148 0.0131853 0.528239 0.263589 -0.0937157 0.382917 0.382785 0.16897 0.183612 0.614268 0.305241 0.542041 0.980385 1.38072 2.19664 2.50878 42.1073 85.406 114.086 134.638 152.314 138.26 115.125 102.548 100.123 136.96 123.395 111.493 108.03 104.149 100.85 100.567 101.749 110.674 120.175 120.687 123.601 127.496 132.62 141.572 153.632 184.704 202.565 194.758 186.964 177.547 165.944 145.041 123.91 98.091 66.7165 12.4786 0.5315 -0.851005 -1.34635 -1.56111 -1.93834 -1.84431 -1.86371 
0.431121 0.173571 0.116423 0.400927 0.548694 0.373417 0.513125 0.065864 0.779064 0.160119 0.157902 0.298559 0.292597 0.537226 0.485797 0.612123 0.662616 0.81907 1.44608 2.37694 2.33665 35.1732 83.2882 112.534 132.768 148.776 133.798 109.244 97.5594 93.5259 123.728 118.331 109.499 105.014 102.506 103.354 98.1043 97.8895 99.5096 107.32 119.918 122.529 126.314 131.147 139.532 150.816 179.395 202.873 195.43 186.698 176.973 166.889 141.64 122.663 97.3531 66.6343 11.1649 -0.0750549 -1.29605 -1.63642 -2.3469 -2.05376 -2.11406 -1.85189 
0.234359 0.26475 0.0864475 0.263202 0.242095 -0.401446 0.0604381 0.496507 0.260589 -0.0477335 0.624888 0.267445 -0.223602 0.117514 0.521655 0.194699 0.159427 0.469329 0.666179 1.13414 2.65081 28.6991 80.3355 108.057 132.579 147.134 132.834 107.574 95.543 88.5278 121.727 108.766 108.742 104.777 101.788 100.542 97.1023 94.8369 98.4946 100.943 109.527 122.822 125.631 130.906 138.651 149.237 170.876 205.035 194.36 186.494 175.697 167.052 141.587 121.832 96.911 63.6523 11.0267 -0.280973 -1.78197 -2.1492 -1.82966 -1.86858 -1.70976 -1.9749 
0.234415 0.312782 -0.0610881 -0.122715 -0.173697 -0.298608 -0.0139207 0.464347 0.147795 -0.0684276 0.356604 0.114497 0.25617 0.221415 0.539315 0.411174 0.0408028 0.155657 0.372562 1.32839 2.3497 24.6259 77.4176 106.908 128.747 145.265 134.763 108.196 96.1465 86.7956 122.985 105.75 109.752 104.584 101.997 101.985 96.4844 95.5035 95.9794 98.9107 103.623 116.746 124.51 129.151 136.309 148.305 167.821 209.733 195.259 185.323 176.609 167.378 140.218 121.565 96.903 65.4234 11.6284 -0.379354 -1.6189 -2.20371 -1.703 -2.34246 -1.85333 -2.12861 
0.0236623 0.412717 0.241982 0.688475 -0.127263 -0.0922624 0.25351 0.220119 0.0609295 0.350716 0.47184 0.332826 0.367111 0.406898 0.322174 0.0950488 -0.0873778 -0.0297554 0.722315 1.47011 2.08599 20.1308 74.6678 104.14 127.44 145.104 140.306 110.375 98.4611 88.0408 124.231 106.255 109.002 105.833 102.673 101.275 98.9084 95.5245 95.9198 97.8513 101.234 111.294 124.039 128.477 136.101 146.097 166.825 205.408 195.08 187.816 176.972 166.639 145.793 122.323 96.2868 64.6166 11.5265 -0.474123 -1.77918 -1.5798 -2.18788 -2.044 -1.44906 -1.6709 
0.478877 0.557982 0.619445 0.289751 0.272695 0.0518405 0.384077 0.320375 0.299741 0.277289 0.435188 -0.0111219 -0.128263 0.748853 0.566886 0.160047 0.617934 0.771444 0.428718 0.720892 1.69284 13.8043 69.4347 100.187 124.53 142.3 147.893 114.442 101.84 92.711 122.449 106.204 107.558 105.501 102.916 100.835 101.268 96.4409 96.5571 97.7769 100.755 106.524 120.531 127.368 134.848 143.895 163.677 203.374 197.427 190.696 179.496 164.919 148.697 123.914 99.8293 68.6988 16.7367 -0.342939 -1.10501 -1.91045 -2.01972 -2.42165 -2.14914 -1.68725 
0.303834 0.577812 0.522815 -0.129066 0.22445 -0.00845497 -0.0346917 0.229893 0.44001 0.319124 0.306524 0.512219 -0.366849 0.58804 0.830983 0.788245 0.188923 0.432257 0.313669 0.99984 2.08623 7.41622 66.1421 96.3212 121.88 140.921 155.063 119.739 104.886 96.907 122.265 110.355 108.518 108.264 104.806 102.78 104.158 96.8173 96.58 98.2247 100.57 105.491 117.781 126.556 133.584 142.268 160.93 203.877 198.392 191.678 179.585 165.417 150.527 125.212 100.781 70.2191 18.6893 -0.497946 -1.59345 -2.05285 -2.27022 -1.92004 -1.80357 -2.33529 
-0.0725064 0.396681 0.190323 0.0395471 0.113576 0.145064 -0.0569427 0.424672 0.267829 0.0610157 0.0548378 0.152354 0.176008 0.402468 0.343088 0.436286 0.367412 0.501087 0.212302 1.51027 1.69402 6.91329 63.5093 96.1043 121.278 140.999 159.967 125.461 107.539 99.5481 118.171 118.945 111.475 108.854 105.942 104.768 104.484 98.8553 97.8823 99.7757 101.763 106.241 115.787 126.49 132.313 140.464 159.393 200.353 196.51 190.715 179.491 166.943 151.291 128.143 101.698 70.2103 19.3833 -0.360417 -1.2256 -1.7953 -1.85339 -1.60316 -2.08697 -1.96519 
0.321653 0.703003 0.762986 0.104035 0.0133392 -0.246494 0.180888 0.432284 0.129709 0.274417 0.338108 0.220017 -0.0720459 0.449625 0.663093 0.836245 0.547627 0.281127 0.257339 1.09387 1.72052 4.95799 60.2109 93.7585 119.957 140.072 155.26 140.21 113.855 103.037 118.971 125.986 113.294 110.693 108.408 116.333 98.7665 100.408 99.6633 100.493 102.992 107.635 116.23 126.16 131.863 139.409 157.116 195.006 196.604 190.142 178.703 165.333 151.151 130.069 101.348 71.0379 19.7836 -0.28981 -1.29186 -1.89453 -2.08566 -2.04327 -2.10051 -1.95499 
-0.0954711 0.278215 0.223561 0.802126 0.180252 -0.239493 0.157531 0.0278711 -0.122299 0.108041 0.315715 0.402815 0.285121 0.611786 0.124093 0.145289 0.274143 -0.0263492 0.300094 0.687731 1.73181 2.87498 59.6625 92.2527 119.061 139.444 155.258 149.578 118.552 109.426 121.256 133.429 117.549 112.498 107.937 117.279 101.584 101.798 100.551 102.334 104.951 109.653 119.927 125.248 130.467 139.654 155.345 189.585 197.207 190.39 178.69 166.071 151.733 131.554 103.579 71.5979 21.397 0.247441 -1.46022 -2.33082 -2.42952 -2.03213 -2.08979 -1.95251 
0.287483 -0.0881581 0.252216 0.244892 0.348191 -0.0169443 -0.430282 0.276675 0.304042 0.351826 0.462809 -0.184512 0.631695 0.259419 0.0130087 0.801726 0.0172951 0.257561 0.296019 0.715374 1.47642 0.641411 58.6173 90.2705 118.001 138.887 154.806 158.41 128.447 114.24 124.314 141.271 121.114 115.521 117.716 112.666 103.957 102.912 103.224 104.887 107.131 113.803 120.634 124.605 130.385 138.401 154.168 187.986 196.03 189.03 179.426 166.171 150.784 132.135 106.212 72.6871 22.5333 -0.457223 -1.22357 -1.79182 -1.85591 -1.79878 -2.11425 -2.13819 
-0.264512 0.783965 0.251138 0.10578 0.0462365 0.162916 0.456359 0.109364 -0.0607902 0.118466 0.336262 -0.105368 0.0550817 0.281845 0.509462 0.422793 0.15673 0.21381 -0.284834 0.98568 1.80855 -0.940309 56.7647 89.8523 116.983 138.253 154.25 166.326 140.456 122.998 131.738 152.773 126.097 119.778 121.895 113.22 106.302 106.247 104.202 107.545 111.646 117.765 120.99 123.721 129.892 136.176 152.421 183.79 197.359 188.602 178.411 166.256 150.808 130.896 106.738 74.6877 23.593 0.0297682 -1.37283 -1.57802 -2.14829 -2.01101 -1.92757 -1.8052 
-0.220363 0.461776 0.294961 0.346114 0.497793 0.344982 0.656091 -0.14506 -0.121986 2.26453e-05 0.402041 0.635158 0.906487 0.288013 0.378771 0.290787 0.073703 0.108325 0.350399 0.510012 1.21912 -2.0114 55.5123 89.1048 117.004 136.996 154.887 163.128 168.306 134.358 149.106 165.365 130.271 132.373 123.106 113.016 110.481 108.797 109.797 114.518 116.785 117.31 119.402 123.421 128.107 136.533 151.4 181.083 196.005 189.042 179.53 166.189 151.17 131.384 107.891 77.9507 24.9123 -0.335202 -1.73566 -2.00089 -2.03657 -2.21682 -1.65578 -2.37232 
0.170152 0.203556 -0.188644 0.792232 -0.00345655 0.0265199 0.0449617 0.157593 0.111761 0.107806 0.453256 0.12554 0.923947 0.680881 -0.0733485 0.361793 -0.0396701 0.572855 0.0242696 0.0122708 1.06592 -1.75821 54.0283 88.5251 115.227 136.608 155.473 164.198 187.273 160.875 172.709 175.548 145.602 136.215 129.288 119.652 118.336 117.511 116.699 116.29 116.231 117.526 120.018 123.787 128.175 136.062 149.295 175.02 195.622 188.392 179.819 166.529 150.685 131.563 107.685 78.4949 28.2163 -0.492652 -0.80566 -1.6429 -1.70803 -1.63296 -1.82072 -1.54507 
0.427274 -0.112022 0.125666 0.102051 0.365951 -0.35122 -0.0683485 0.237255 -0.195141 0.12441 -0.173606 0.0675883 0.39204 0.330175 0.854315 0.456117 0.118582 0.466774 0.414034 0.663583 0.927051 -0.877126 48.3196 88.016 115.784 136.753 154.234 163.64 184.627 190.12 196.795 197.276 160.511 141.468 133.1 124.612 121.172 118.423 116.571 115.66 117.037 116.442 118.466 121.944 126.495 132.872 146.42 166.55 199.268 188.057 179.253 165.895 150.439 130.358 108.027 78.8663 32.3132 0.217715 -0.0728773 -1.57607 -0.648456 -1.2285 -0.919411 -1.12718 
0.454822 -0.24513 -0.590228 -0.111804 -0.299072 -0.339876 0.0276705 0.406953 0.0898286 -0.0335829 0.182079 -0.243135 -0.20699 -0.0558981 -0.212605 0.188845 0.545296 0.36505 0.130016 0.14236 1.07373 -0.169395 45.1664 87.558 114.038 136.77 155.081 165.149 183.685 191.098 198.06 201.019 159.774 142.06 132.527 125.698 121.813 118.742 117.072 115.262 115.252 117.471 118.07 121.342 126.606 133.143 146.161 161.48 202.126 189.443 178.416 166.17 150.222 132.549 108.927 79.5565 33.6561 1.48583 -0.413389 -0.794837 -0.763175 -1.18049 -1.14921 -1.13308 
-0.42312 0.188441 -0.0703599 0.476085 -0.634605 0.0866547 -0.0942221 -0.530333 -0.114796 0.287775 -0.158143 -0.00632502 0.198291 0.0304601 0.164226 0.04881 -0.105404 0.230165 0.0219443 -0.12145 1.16787 0.242341 43.9306 85.9672 113.581 136.886 153.783 166.457 183.114 189.889 197.155 204.26 163.407 144.011 131.91 127.165 122.708 119.433 117.515 116.317 116.368 119.135 118.797 121.448 125.402 132.242 144.942 160.547 197.549 188.01 179.104 167.497 151.415 133.163 108.912 80.9052 35.6735 1.94876 -0.130539 -1.14422 -1.14101 -0.88262 -0.959825 -0.893103 
0.319877 0.530392 0.701421 0.135377 -0.882754 0.0614252 -0.535555 -0.214277 0.239566 -0.948794 0.0521746 0.788028 -0.214136 -0.453476 -0.237589 -0.190051 0.137499 0.575114 0.232619 0.709028 1.52347 1.08018 42.0311 84.9728 112.878 135.985 153.89 165.391 181.483 190.037 198.452 208.465 178.889 143.689 133.764 126.788 123.053 119.613 117.482 116.177 116.22 117.092 118.348 120.629 124.833 131.858 144.281 157.366 195.893 187.389 178.971 168.263 152.719 132.247 109.901 80.9981 37.8702 2.18689 -1.17118 -0.7458 -1.0981 -1.06731 -1.74024 -0.739038 
-0.30663 0.036616 0.00676897 -0.487069 -0.437211 0.0216289 0.20458 -0.487797 0.198633 -0.184579 0.0873826 0.142127 0.650145 -0.122247 0.381393 0.0981335 0.19763 0.515289 0.156681 0.354217 0.989591 1.17482 38.9042 83.8928 112.913 135.443 152.805 166.795 181.613 191.726 199.16 208.68 178.277 143.21 134.776 127.507 123.868 120.265 118.44 117.347 116.734 117.216 118.912 121.081 124.248 131.415 143.018 156.872 193.857 188.635 178.921 169.157 153.269 133.074 111.048 82.588 39.8523 1.59559 0.646994 -0.740713 -1.12932 -1.12084 -1.2006 -0.933022 
-0.10896 0.159554 -0.336998 0.330953 -0.346796 0.0224561 -0.144764 0.445325 -0.234426 0.350078 0.025767 -0.0894753 -0.477081 0.761084 0.119466 0.229475 0.178782 0.156359 0.0248074 0.237872 1.41538 1.07363 37.9096 80.8996 112.902 134.596 152.812 165.882 181.033 190.354 202.393 206.401 170.352 142.213 135.731 128.469 124.011 120.732 118.485 116.477 116.066 116.199 117.945 121.217 124.768 130.206 139.921 157.453 193.137 188.939 180.775 181.263 154.296 134.558 110.903 82.8009 42.2717 1.18676 0.250293 -1.55236 -0.905217 -1.57961 -1.11687 -1.19715 
0.0918947 -1.008 0.01429 -0.0102414 -0.090428 0.154171 -1.5811 0.62543 0.107536 -0.275908 0.0331294 -0.104698 -0.362809 0.452109 -0.03168 0.370915 -0.090526 -0.176901 0.371028 0.625905 0.812053 1.05994 35.7772 83.343 111.441 134.354 151.59 166.215 180.452 191.63 200.877 209.268 161.534 151.126 135.523 129.123 124.482 120.553 117.913 116.879 115.413 116.391 117.754 121.048 123.864 129.932 137.048 156.978 191.905 189.124 180.06 169.223 155.669 135.631 112.221 83.8429 46.9227 0.699065 0.586838 -1.34536 -1.20813 -1.21421 -0.94637 -0.996067 
0.0861633 0.145188 0.342463 0.967434 0.306333 0.00963656 -0.247841 -0.347552 -0.554118 -0.334382 -0.254621 0.0607758 0.913627 0.049371 0.339652 -0.0209281 -0.110441 -0.111907 0.401525 0.0506326 1.50327 1.89131 33.631 82.7486 110.557 133.254 152.898 166.091 182.625 192.03 201.745 207.04 162.687 153.102 135.75 129.461 124.605 120.687 118.721 117.241 115.971 117.135 118.185 120.005 123.932 129.431 138.153 155.168 189.31 194.397 181.189 169.013 156.185 137.03 113.656 85.756 50.6372 -0.346161 1.23596 -0.590242 -0.632199 -0.554286 -0.810265 -0.484426 
-0.0365743 -0.247441 -0.3597 -0.0854059 -0.428896 -0.313458 -0.0473704 0.334141 0.351699 -0.0168505 0.0939384 -0.370955 -0.680483 0.39694 -0.282239 0.133283 -0.304879 0.392809 -0.0792673 0.540287 0.745634 1.22138 29.8086 80.298 109.47 132.6 151.086 165.846 182.677 193.451 199.084 206.024 168.708 156.132 137.799 130.908 125.811 121.947 118.835 117.575 117.242 117.085 118.687 119.393 124.816 128.603 136.366 152.451 185.614 191.928 182.832 170.76 158.464 139.811 116.927 90.0456 56.0665 3.23971 1.91198 0.382923 -0.497079 -0.348526 -0.36524 -0.38667 
0.154421 -0.201945 -1.17132 -0.172698 0.131378 0.116131 0.0448311 0.755007 -0.281265 0.118718 0.0829651 -0.0867443 -0.29073 0.437224 -0.022987 -0.168022 0.351539 0.378112 0.308666 0.513014 0.879408 2.32845 24.7603 77.826 106.757 130.634 150.528 164.532 182.106 194.544 198.097 205.856 174.203 150.651 141.466 132.595 126.572 122.456 118.555 117.37 116.512 117.71 118.447 119.873 123.324 128.153 135.403 149.844 181.459 192.527 184.337 173.118 159.651 142.399 120.411 93.4501 60.8502 6.23554 1.5389 1.14847 0.611108 0.278732 0.0296814 -0.31693 
-0.303458 0.17961 0.466953 -0.214539 -0.116328 0.197914 -0.100422 -0.269457 -0.0667417 -0.325051 -0.334653 0.414879 0.600457 0.29535 -0.00792772 -0.470203 0.409663 -0.459139 -0.179241 0.811721 0.789576 2.18742 23.5138 77.7897 108.231 130.249 151.028 166.315 183.26 196.797 200.66 205.796 175.686 152.844 140.896 130.772 125.753 121.5 119.438 117.52 115.857 116.867 117.86 120.121 122.772 127.582 134.955 148.837 179.298 193.649 185.73 173.861 160.374 144.032 122.499 95.1938 63.3104 8.04599 1.98451 1.2483 0.762797 0.250105 -0.225874 -0.259355 
0.208883 0.02694 0.342471 0.0468618 0.640126 0.233505 0.418861 -0.0143006 0.444365 0.279764 0.208332 -0.178997 -0.260911 0.0404311 0.380516 -0.0554 0.235435 0.436511 0.304682 0.146078 1.05691 2.25482 22.1138 76.5888 108.463 129.905 149.496 163.872 193.015 198.75 203.159 208.042 178.797 153.84 140.353 133.015 126.865 122.747 120.085 118.147 116.958 116.343 117.655 120.152 122.601 127.398 135.754 148.38 175.723 195.007 186.107 176.325 161.526 145.952 125.094 98.3316 65.066 10.0373 2.80462 2.30832 1.32116 0.9908 -0.0684611 -0.856129 
-0.306318 0.558033 0.0417436 0.0959477 0.345391 -0.0956169 0.041453 0.0314 -0.303027 0.368769 0.195894 -0.432894 0.0419192 0.023062 0.257731 -0.316549 -0.21596 0.0502475 0.0175798 0.0995839 1.17844 2.25847 21.4796 78.0195 108.872 132.911 152.224 180.998 201.665 197.572 202.226 206.857 179.832 155.976 143.099 136.186 130.299 126.983 123.369 121.017 120.412 120.123 121.042 122.3 125.679 130.669 136.807 151.745 178.169 202.27 193.315 183.402 171.052 156.275 137.667 106.447 70.1459 16.0015 0.146841 -0.346618 -1.36005 -1.0277 0.22193 -0.463122 
-0.104248 0.234766 -0.0496009 -0.0287926 0.0360223 0.1467 -0.37754 0.00375853 0.460083 0.157627 0.227726 -0.217501 0.316032 0.558502 -0.0593477 0.086034 -0.145152 -0.289966 -0.0872248 1.14529 1.22342 9.35206 66.1914 100.892 125.582 149.465 167.261 206.493 219.06 208.4 217.207 221.026 189.359 164.042 151.731 143.503 137.706 134.117 131.388 128.737 128.135 127.595 129.033 131.141 133.185 139.097 149.606 174.318 212.012 256.539 246.676 234.955 209.315 193.25 172.283 157.719 138.242 121.147 109.729 98.2002 76.7027 49.6072 3.49533 -0.958745 
0.316828 0.227091 -0.103181 -0.362198 0.21484 0.287303 -0.500407 -0.000453914 0.430065 0.0500025 -0.311467 0.336743 0.159527 -0.00204066 -0.0302711 -0.445482 -0.0463045 0.0461194 -0.0272027 0.64857 1.3995 12.4688 68.0293 105.168 133.498 157.8 178.425 224.468 242.016 248.128 247.389 237.69 205.85 180.387 167.264 157.738 155.554 153.591 153.471 151.623 154.414 159.233 161.371 164.74 168.456 174.569 181.816 208.275 237.748 301.326 300.723 294.982 244.7 228.965 217.007 206.267 190.287 173.633 155.435 134.992 113.591 85.7681 42.767 -2.25004 
-0.274085 0.0973028 0.290044 -0.118366 0.46633 -0.0582831 -0.62231 0.0339165 -0.237542 -0.365435 0.543615 0.000378516 -0.342402 0.100461 0.0746162 0.554867 -0.0822853 -0.208791 0.559108 0.0558947 0.408137 39.0762 86.9701 117.326 144.692 167.584 183.976 233.812 246.416 260.085 259.97 255.158 219.407 195.245 185.119 177.767 172.725 169.085 167.016 166.34 167.212 169.012 171.327 173.306 177.13 182.1 192.023 211.462 241.318 299.413 298.791 270.711 247.051 236.548 227.276 213.559 199.193 183.539 163.7 144.414 121.668 94.4256 57.9986 -4.37405 
0.694524 0.223602 0.0406803 0.672495 0.459889 -0.34672 -0.304711 0.101884 0.094678 0.215144 0.176041 0.19012 0.361658 0.158076 0.249182 0.472445 0.013863 -0.163736 0.135409 0.286909 -0.232328 41.4759 88.8011 117.961 145.548 169.815 189.07 217.48 245.572 257.774 264.999 261.18 228.958 200.124 188.688 180.843 176.075 173.894 170.903 170.333 170.179 171.598 173.1 176.641 182.86 188.978 197.81 214.872 239.16 291.534 280.26 266.205 253.97 242.822 232.16 218.887 201.876 185.059 165.422 143.049 117.984 88.3165 39.1545 -1.36807 
0.341191 -0.289519 -0.0767991 0.103113 -0.408622 -0.169641 -0.226332 -0.52123 0.297393 0.307925 -0.043336 0.418839 0.300209 0.365561 -0.524315 0.207178 0.239636 0.0568825 0.439837 0.496751 0.585592 19.7953 76.5653 109.836 137.636 161.865 184.533 203.03 233.362 251.608 256.495 263.18 235.905 201.144 187.41 178.849 175.008 172.517 170.146 169.466 168.825 169.751 172.091 174.561 179.868 188.229 198.102 211.797 233.931 280.327 273.459 261.5 252.302 242.044 229.41 214.003 197.594 177.713 156.294 132.886 104.705 69.6171 6.96063 -0.296026 
0.028941 -0.335022 -0.54072 -0.635638 0.297253 -0.36142 -0.329279 0.279049 0.0314348 -0.553595 -0.347076 0.0183645 0.0643478 -0.350647 -0.192943 0.155142 -0.142586 -0.252652 0.10908 0.93116 1.12918 1.22965 51.2767 91.9546 123.051 149.178 172.786 194.017 220.183 233.279 245.702 253.002 236.623 196.366 185.096 176.357 171.545 168.019 165.678 165.414 163.921 166.156 167.292 169.475 173.869 179.193 189.025 202.981 222.094 267.808 264.163 254.443 246.667 235.749 219.406 201.133 184.46 165.046 139.097 112.895 79.7876 19.8828 0.012386 -0.810908 
0.0664934 -0.189684 -0.396462 -0.180687 0.150686 0.175326 0.061589 -0.168978 0.292672 -0.0353369 -0.067237 0.262728 -0.215794 0.030955 -0.090605 -0.0444835 0.0657907 0.174921 0.147503 0.658378 1.31506 1.86945 14.9455 71.4398 105.036 133.071 156.662 175.921 196.109 213.533 229.124 239.485 230.789 189.159 177.676 168.406 163.172 158.94 155.588 155.745 153.416 152.381 154.159 155.061 157.988 162.084 168.184 179.846 197.734 236.176 237.56 230.229 219.151 208.581 200.131 182.38 164.923 142.646 114.717 79.8492 24.4491 0.160041 0.124486 -0.33649 
0.114696 0.179812 -0.423495 -0.254985 -0.166714 -0.180911 0.280816 -0.498083 -0.0968788 0.547037 0.243687 0.291089 -0.312892 -0.00562519 -0.346029 0.318106 -0.143443 -0.0423398 0.191509 0.588523 1.07203 1.73405 0.227693 57.4044 94.3191 121.787 145.769 163.851 180.167 190.137 209.705 220.547 219.736 181.283 168.443 157.727 151.582 147.674 145.977 143.239 140.285 138.925 140.243 141.194 142.582 147.546 153.677 162.835 177.076 214.732 213.655 206.28 194.768 179.012 175.915 159.639 142.222 121.779 91.9838 59.0867 0.689588 1.46364 0.233883 -0.278166 
-0.572182 0.257524 0.489203 0.333213 0.158609 0.15842 -0.23628 0.054726 0.0619188 -0.124464 -0.0635332 -0.0630942 -0.153784 -0.752262 -0.473827 -0.103215 -0.408326 0.0320495 0.16835 0.455972 0.845795 1.68045 -0.136382 57.228 92.5917 120.653 143.938 162.949 177.511 184.599 196.958 206.08 202.035 165.747 151.991 143.884 135.862 133.008 130.674 129.892 128.305 129.012 130.174 133.072 134.965 140.683 145.584 156.771 171.602 210.473 211.027 204.058 193.409 177.726 175.806 159.582 142.457 121.085 92.2569 56.4631 -0.248627 1.33801 -0.028495 -0.524366 
0.743975 -0.270329 -0.280567 -0.0276872 -0.325021 -0.261307 -0.0545993 0.0643822 0.302569 0.676551 -0.00353789 -0.230637 -0.586332 0.37294 -0.22179 -0.0692714 0.182532 -0.281015 0.0167112 -0.0908518 0.322066 1.7149 -0.814268 53.3664 90.918 119.125 142.243 161.867 174.063 185.192 195.912 205.414 202.454 166.414 152.739 142.983 135.023 133.029 131.106 128.717 126.952 128.553 130.334 131.506 135.425 139.471 146.083 154.861 170.82 207.791 207.954 201.826 190.092 169.244 178.135 159.161 141.776 119.789 93.515 59.6321 0.55192 0.543936 -0.540591 -0.384461 
0.424882 0.0377631 -0.377791 -0.272072 -0.233886 -0.203797 -0.0391357 -0.135108 -0.334563 -0.0294701 0.352745 -0.720975 -0.414829 0.386844 0.0823305 0.282353 0.409374 0.188196 0.415594 0.0640144 0.958901 0.915613 -0.524514 52.297 90.3868 118.277 141.372 160.407 175.143 185.107 195.648 203.955 202.394 166.295 152.428 141.631 136.011 131.412 130.802 128.99 128.664 128.036 129.25 130.408 133.325 138.044 143.977 153.843 169.215 204.589 209.017 202.874 190.625 165.965 181.172 159.15 142.747 118.73 93.2506 58.0558 1.17885 0.0197733 -0.501276 -0.94218 
-0.124155 0.183632 -0.0527555 -0.523411 0.415145 0.25059 -0.322849 -0.236301 -0.190683 0.136122 0.359197 0.109102 0.646761 0.642773 0.702096 -0.196875 -0.357774 -0.187068 -0.133342 -0.252672 0.465697 0.771274 -0.836214 50.8335 89.5523 118.272 141.356 159.206 172.936 181.861 194.976 202.595 201.036 165.351 151.138 142.398 134.761 132.188 129.296 128.547 128.01 127.514 127.486 130.604 132.082 137.703 144.502 152.504 167.51 205.019 208.734 200.285 191.677 166.789 182.483 159.525 143.517 119.674 93.3339 58.6188 1.7736 0.0185508 -1.08956 -1.00405 
-0.240909 -0.590996 -0.0859712 0.380572 -0.102579 -0.0623884 -0.428818 -0.399025 0.165611 -0.57401 -1.0931 0.264386 0.353814 0.092074 -0.442972 0.259392 0.0595278 0.0523462 -0.319897 -0.687928 0.291919 0.829684 -0.162955 46.2621 87.5592 116.405 140.895 158.965 173.205 179.161 193.52 203.132 201.541 164.59 150.726 140.771 134.684 130.98 129.116 127.474 127.473 126.586 127.164 130.253 131.51 136.826 143.316 152.019 166.351 199.936 208.116 201.944 190.426 168.353 177.394 160.222 143.419 120.87 94.9499 61.7227 5.7879 -0.579825 -1.2244 -0.785725 
0.155348 -0.204737 -0.0374854 0.118775 -0.164887 -0.168852 0.251877 0.263453 0.441372 0.0196347 -0.0214852 0.465743 -0.206283 0.109334 0.847492 -0.0735823 -0.163305 0.472842 0.0806807 -0.0892845 0.357926 0.807428 1.08305 37.56 83.9015 114.088 138.608 158.162 175.677 174.735 191.182 201.857 203.686 167.434 152.721 142.957 135.775 131.611 130.022 128.286 127.698 125.508 127.74 129.116 131.182 135.228 141.045 150.3 163.788 193.652 208.181 202.728 190.502 177.615 172.867 162.727 144.21 124.621 98.695 66.3937 9.17112 -0.12957 -0.400663 -0.911564 
-0.100831 -0.573445 -0.474467 -0.505397 0.0933364 0.445726 -0.145844 -0.061054 0.97658 -0.140927 -0.154769 0.14438 -0.0940695 0.0628752 0.0803119 0.12679 0.106524 0.428216 -0.0432018 0.036027 0.376546 0.738238 1.39908 37.3418 84.0012 112.932 138.12 157.08 177.239 173.788 191.592 199.487 203.685 167.306 151.554 141.741 133.432 130.726 128.232 126.282 126.668 125.853 127.324 128.973 131.525 134.752 141.728 149.393 162.392 193.642 209.005 204.358 192.712 180.616 171.599 162.355 144.664 123.684 98.6343 66.9921 10.3659 0.271818 -0.635929 -1.13942 
0.0644801 -0.161434 0.0192806 -0.228577 -0.371994 -0.0480146 0.18777 0.142077 -0.19269 0.444071 0.0185064 -0.136763 0.211313 0.530568 -0.111029 -0.0706825 -0.206488 0.025405 -0.220419 0.125876 0.0736997 1.32759 1.35289 34.7736 82.7212 112.365 137.272 157.139 178.455 171.037 190.764 199.472 203.738 166.904 152.458 141.162 134.255 130.576 129.383 127.087 125.477 125.019 125.502 128.105 129.873 134.697 140.868 149.582 161.9 189.476 209.056 204.197 192.631 180.76 168.716 163.738 146.57 125.274 99.7839 66.7825 11.1204 0.422571 -0.871007 -0.985179 
0.0392405 0.204987 -0.0497774 -0.964377 -0.323737 0.625116 0.264808 -0.318145 -0.189141 -0.58802 -0.0622736 -0.129313 -0.259535 0.705843 -0.204823 -0.194954 -0.243459 -0.188297 0.0654722 0.124552 0.337763 1.37714 1.13404 32.6188 81.24 111.532 136.774 155.883 176.169 172.156 191.154 198.557 203.428 165.866 165.63 140.888 133.868 128.656 128.373 126.553 125.25 125.755 126.014 127.206 130.08 133.192 139.652 148.61 160.369 187.602 209.948 202.777 193.458 182.583 169.146 164.865 147.619 127.26 100.461 68.1112 11.8859 0.783817 -0.138128 -0.660345 
0.395658 0.0284483 -0.260997 -0.822307 -0.273879 -0.43858 -0.0717176 0.0999913 -0.426499 0.0494198 0.446606 0.143079 0.0901048 0.326066 -0.277386 -0.0985499 -0.328986 -0.713088 0.283083 -0.035605 0.265329 1.72432 1.70316 32.643 81.7515 112.868 136.622 156.461 178.432 169.11 187.996 200.661 205.38 166.344 151.347 141.931 134.133 130.908 128.441 125.437 126.765 124.605 126.873 128.749 131.562 133.447 139.432 149.225 160.983 187.125 211.515 203.492 195.431 182.439 171.838 164.227 148.186 127.859 101.896 69.915 15.1446 1.37822 0.513894 0.37914 
-0.195839 0.366782 0.414026 -0.148389 0.0872713 -0.0125775 -0.376151 0.321835 -0.2335 -0.298654 -0.716477 -0.628878 -0.257392 -0.0559975 -0.0218042 -0.142008 -0.413549 0.218833 0.567877 0.68013 0.957154 1.32952 2.51157 30.8448 81.4984 111.273 135.927 156.306 177.99 168.529 188.414 197.614 204.688 167.482 152.421 141.862 134.429 130.359 127.89 127.218 125.437 124.958 126.792 128.054 129.288 134.376 139.431 146.957 160.55 183.193 214.017 204.919 196.082 184.051 170.112 165.237 149.95 129.323 104.786 74.6999 17.227 2.82714 1.5626 0.405381 
