-0.671219 -1.00324 -1.24038 -1.13254 -1.10364 -0.702098 -1.31201 -0.349866 0.124702 5.55186 60.6345 94.6926 119.886 141.168 158.911 174.181 175.584 187.267 196.787 205.446 186.126 160.279 147.5 138.58 135.522 130.091 126.273 124.56 125.31 125.199 126.747 127.958 134.177 139.118 147.008 155.957 178.412 207.851 198.568 189.499 176.414 166.77 159.78 141.081 119.371 92.1448 58.8958 1.92692 0.356142 -0.537957 -0.709638 -1.07901 -0.791241 -0.570938 -0.249898 -0.679817 -0.649222 -0.647698 -1.19681 -0.783506 -0.770367 -0.435078 -0.577998 -0.765487 
-1.70754 -1.13003 -1.69391 -1.1792 -1.36323 -1.21233 -1.45334 -0.914768 0.162257 5.39298 61.2221 93.674 120.195 141.863 159.227 174.532 177.225 188.709 197.499 204.647 186.648 161.081 147.696 139.468 134.056 129.974 127.674 125.641 125.064 124.239 126.487 127.994 134.17 139.013 146.945 156.881 179.068 206.944 199.768 190.011 177.131 167.123 159.484 142.05 118.762 92.3196 57.1077 1.37722 0.545798 -0.525055 -0.366853 -0.877884 -0.826893 -0.670513 -0.96477 -0.563207 -0.792743 -0.870232 -0.639456 -0.506057 -0.423431 -0.536462 -0.547725 -0.696662 
-1.10144 -1.72934 -1.08 -1.32421 -1.04618 -1.3559 -1.11452 -0.207742 0.231572 6.54631 61.882 95.6995 121.47 142.894 160.658 171.607 176.233 187.998 197.68 203.529 187.42 159.93 147.692 138.213 134.413 130.298 127.694 126.122 125.158 125.61 126.256 128.061 134.071 138.902 146.752 158.608 180.985 207.209 199.018 190.642 179.024 168.499 158.34 142.047 119.505 91.8396 57.9514 1.70988 0.423236 -0.691313 -0.578544 -0.490269 -0.74193 -0.92688 -0.936222 -0.252102 -0.649398 -0.885732 -0.268242 -0.562202 -0.800775 -0.67598 -0.612705 -0.459105 
-1.79762 -2.13654 -1.57496 -0.839016 -1.53295 -0.808807 -0.886977 -0.667406 0.384858 6.11449 63.4712 94.7137 121.073 142.781 160.17 174.051 176.147 189.386 197.379 205.954 185.787 160.215 148.995 139.532 134.222 131.163 127.53 125.871 124.487 125.306 126.443 128.842 135.334 140.451 147.446 161.809 188.956 206.487 201.191 189.898 179.792 168.511 159.28 141.157 118.998 92.2675 57.5056 0.478986 0.739595 -0.348795 -0.572535 -0.46935 -0.534846 -0.578194 -0.789762 -0.497693 -0.651535 -0.697036 -0.863057 -0.522498 -0.951842 -0.958868 -0.81188 -0.882029 
-1.41435 -1.19245 -1.28279 -1.11507 -1.67817 -0.56798 -0.928195 0.251852 1.24903 7.39551 63.3723 97.0013 122.827 143.762 160.081 173.75 176.235 188.116 198.342 204.78 189.686 160.633 148.866 140.002 134.909 131.475 127.979 125.724 126.323 125.953 126.876 129.69 134.625 140.698 148.687 161.487 183.221 208.564 199.702 191.261 179.475 167.836 159.416 141.36 119.112 92.3345 57.5649 0.896889 1.19854 0.28848 -0.278418 -0.254722 -0.259472 -0.90658 -0.950262 -0.65103 -0.291909 -0.248365 -0.550157 -0.417895 -0.649562 -0.543519 -0.564357 -0.566849 
-1.61881 -1.62982 -1.01817 -1.33457 -0.868116 -0.282971 -0.26205 0.759307 1.60173 8.29599 65.9341 98.107 124.265 144.143 160.61 173.182 178.416 187.741 198.704 206.201 189.184 160.61 148.736 140.792 135.79 131.625 128.884 126.355 125.683 127.213 126.774 130.555 134.834 141.231 149.466 161.691 188.31 206.675 200.286 191.829 179.97 169.524 160.535 142.753 120.528 93.5671 57.6311 0.432836 1.50202 0.535453 0.0379717 -0.637716 -0.345366 -0.610231 -0.703405 -0.786509 -0.608625 -0.377675 -0.445266 -0.788434 -0.750607 -0.629481 -0.757085 -1.10698 
-1.54638 -1.1091 -1.26334 -1.06194 -0.630844 -0.260532 0.0504551 1.03379 1.59961 5.53436 61.4391 95.1577 120.425 144.085 160.023 176.167 175.442 190.694 198.238 205.754 194.115 164.728 150.246 141.768 135.951 132.748 130.652 127.334 126.728 127.981 128.779 130.891 136.895 141.805 149.479 159.086 176.021 213.865 203.254 194.221 182.888 171.72 162.658 144.189 122.99 96.781 63.2259 5.6223 2.05641 1.02866 0.396714 -0.0845552 -0.307418 -0.615888 -0.633651 -0.635418 -0.508491 -0.668205 -0.576147 -0.349905 -0.812157 -0.682087 -0.771046 -0.45219 
-1.74198 -0.993496 -1.25446 -0.615804 -0.419761 -0.128355 0.399024 1.42178 2.11564 5.75983 62.8191 96.4774 121.911 142.298 159.971 176.297 177.226 190.378 199.295 207.493 196.42 165.305 151.874 142.378 137.317 132.994 129.799 127.31 126.392 128.146 129.315 131.337 135.826 141.58 149.288 158.357 176.609 217.106 203.064 193.801 182.158 169.429 161.609 144.515 123.341 97.6618 64.4101 6.68098 3.06216 1.38953 0.905211 0.0244626 -0.387675 -0.372797 -0.292432 -0.757955 -0.668673 -0.761549 -0.632459 -0.361091 -1.07909 -0.81626 -0.384475 -0.357333 
-1.53488 -1.3298 -1.22011 -1.2315 -1.08468 -0.017312 0.762156 1.09053 0.763883 14.3353 65.7992 98.2468 123.676 143.679 161.984 177.631 174.785 191.669 198.939 207.69 198.512 166.265 151.956 143.9 137.52 134.282 130.614 128.991 128.707 128.405 129.233 131.417 137.661 143.462 149.859 160.463 178.711 214.657 204.212 194.179 184.295 172.608 162.167 145.402 123.679 98.5125 63.6939 5.6105 3.1119 2.05244 1.27063 -0.164309 0.345149 -0.527046 -0.922636 -0.859508 -0.954762 -0.804779 -0.898709 -0.772197 -0.659867 -1.12956 -1.07462 -0.651685 
-1.28327 -1.21105 -0.97279 -1.35988 -0.304243 -0.44058 -0.328378 6.45352 29.6842 69.8183 94.5189 116.3 137.954 155.67 171.803 185.52 184.221 199.187 208.452 216.771 205.793 172.087 157.077 149.038 143.053 138.67 135.572 132.57 131.531 132.848 133.366 134.261 140.63 146.282 153.678 164.569 183.912 217.479 207.267 199.59 188.406 178.896 170.065 152.954 133.45 111.298 82.8666 44.1418 5.88769 1.46603 0.884145 1.36896 0.206503 -0.375389 -0.849034 -0.637151 -1.06338 -0.768023 -0.427459 -0.536817 -0.632696 -0.90426 -0.861577 -0.392492 
-1.43466 -0.818148 -1.19423 -0.802197 -0.415048 2.17869 34.2575 43.8372 77.2776 108.001 127.5 147.083 163.527 176.47 187.962 199.79 203.595 211.442 217.38 223.848 211.063 177.05 163.168 153.953 148.661 144.435 141.574 140.374 139.444 139.227 140.353 142.839 149.281 155.988 162.148 174.596 195.691 229.329 220.318 212.965 205.57 197.16 185.946 172.327 155.636 136.815 115.134 88.9843 54.8911 25.2218 13.6895 -0.286948 0.34525 -0.0931662 -0.698976 -0.305165 -0.616663 -0.519094 -0.533376 -0.569937 -0.51411 -0.784052 -0.818331 -0.758133 
-1.14877 -1.48705 -1.16267 -1.14695 0.15595 21.8858 53.6605 77.9194 99.3544 120.151 139.129 157.394 174.934 188.651 199.852 210.223 216.759 227.145 233.083 239.307 226.104 191.792 178.476 168.924 161.025 156.794 151.59 150.086 148.934 149.4 150.232 152.61 160.716 165.729 174.23 185.909 206.973 244.14 233.511 227.347 218.963 212.12 201.503 189.178 173.847 155.97 138.492 122.708 105.317 87.4193 56.8026 9.039 -0.548381 -0.547974 -0.583158 -0.642972 -0.963398 -0.0065818 -1.50878 -0.669434 -0.885948 -0.940615 -0.383584 -1.00234 
-1.73941 -1.54056 -0.911326 2.40263 14.6467 29.9647 64.9462 92.378 114.872 134.711 151.923 168.83 184.347 196.827 207.578 216.569 225.093 232.789 239.703 242.723 226.394 194.832 182.104 172.144 162.323 153.512 148.782 148.062 155.002 155.231 156.088 159.45 166.073 172.832 182.097 193.579 213.341 253.337 244.243 238.143 231.774 223.228 212.349 200.227 186.526 169.345 153.258 134.664 116.033 101.012 80.8849 31.1156 -0.738423 -0.0360463 -0.627612 -0.80918 -0.615604 -1.19604 -0.68152 -0.562549 -0.363998 -0.553935 -0.902272 -0.521592 
-1.52995 0.830427 6.09259 10.8326 20.5503 31.6394 65.4783 93.0271 117.6 140.191 159.43 175.72 192.161 204.757 215.442 224.145 231.618 237.22 243.051 246.374 228.126 196.65 183.228 171.719 155.401 144.685 142.255 141.249 145.121 155.607 156.002 160.82 168.897 175.403 184.723 197.997 220.852 262.562 251.239 242.836 235.111 226.744 214.8 202.281 189.675 170.986 154.222 135.785 114.133 105.45 87.5142 49.0655 -2.95421 -0.323565 -0.530754 -0.402965 -0.562322 -0.7684 -0.648409 -0.983698 -0.914672 -0.618251 -0.738471 -0.769636 
1.1341 1.68295 2.82342 5.39402 8.25385 10.9379 30.8347 48.0349 64.7304 98.6895 122.182 139.515 155.82 173.647 190.409 202.637 212.848 220.234 225.572 231.314 215.374 184.545 165.272 146.868 137.28 131.778 130.954 129.718 129.533 135.175 146.178 152.885 158.478 164.63 172.625 184.7 203.015 239.7 232.599 227.119 217.726 206.396 197.68 184.855 171.982 156.338 142.793 129.893 112.037 103.544 89.5988 46.9412 2.74705 -0.500097 -0.344472 -0.655635 -0.73014 -0.562782 -1.12224 -1.28476 -1.08053 -0.470536 -0.963773 -0.744595 
-0.214663 -0.350768 -0.154514 0.897037 0.884202 1.28344 1.27584 1.48207 0.439282 4.44266 57.1743 96.8412 127.771 150.894 171.038 186.95 198.165 204.898 211.663 219.517 197.937 156.825 142.605 131.194 125.755 122.075 120.317 119.145 118.59 120.681 123.365 131.57 149.02 153.97 162.125 173.47 195.039 225.67 215.905 208.461 195.692 183.547 167.973 149.106 128.812 103.808 71.0946 29.0652 21.046 24.5134 24.561 13.2754 7.22466 1.14245 -0.398186 -0.523583 -0.49038 -1.04979 -0.286531 -0.678982 -0.983319 -0.847131 -0.307676 -0.654691 
-0.930945 -0.596865 -0.324796 -0.0317512 0.130015 0.480945 0.845468 1.15548 2.53658 2.33823 34.9267 78.6863 108.588 132.193 149.356 164.933 176.913 186.902 193.317 184.249 160.17 131.665 120.164 111.94 107.004 105.229 102.406 102.05 101.469 101.152 102.043 104.367 113.113 127.332 140.832 151.412 173.437 200.882 190.222 182.402 171.135 157.544 140.181 117.724 89.2158 64.6709 4.7422 4.76587 3.70121 3.62395 3.48711 3.05135 5.25846 13.5412 -0.764232 -0.570275 -0.313427 -0.510205 -0.736805 -0.810003 -0.578929 -0.597211 -0.389192 -0.540816 
-0.586008 -0.907108 -0.266558 -0.316624 -0.25659 -0.152702 0.39337 1.05807 1.53619 2.17935 33.5673 77.4026 107.631 130.856 147.281 163.533 173.223 182.868 169.052 167.469 151.209 124.498 113.809 106.775 102.431 99.4165 97.4847 96.65 96.2482 95.2989 96.8986 100.161 105.982 112.079 125.911 148.394 173.043 196.997 189.189 179.657 169.12 154.026 136.622 113.465 86.8364 59.2469 0.433208 3.25276 2.30432 2.18155 2.08228 2.37493 4.25738 4.04938 -0.0725058 -0.418446 -0.801258 -0.244133 -0.689012 -0.273374 -0.428401 -0.540851 -0.431011 -0.681663 
-0.133979 -0.682122 -0.576281 -0.0995506 -0.582931 -0.307893 0.27778 0.747805 1.05517 1.60951 28.9021 76.2315 105.916 128.877 146.156 160.891 171.605 166.023 153.398 157.193 147.059 121.143 111.576 105.519 99.417 96.7467 95.2542 93.3494 92.7912 93.02 94.5118 97.3278 101.97 108.14 116.286 131.606 174.052 194.194 188.688 177.582 166.177 152.67 134.625 110.564 83.3054 53.0231 0.134256 3.183 1.77025 1.67547 1.70538 1.80831 6.35011 1.12402 -0.284604 -0.41343 -0.40673 -0.294517 -0.857976 -0.565141 -0.221055 -0.85707 -0.473372 -0.22672 
0.0514113 -0.137648 -0.395932 -0.131844 0.679724 -0.0948279 0.179264 0.198674 1.3242 1.61152 27.5086 73.7511 102.695 127.919 145.48 159.164 169.562 148.377 144.248 150.555 143.073 118.95 109.317 103.57 98.1696 94.8777 93.3036 92.0099 91.2517 90.7997 92.3293 94.5968 100.094 103.98 112.223 124.177 163.156 195.828 187.139 177 164.197 149.214 132.368 108.407 81.4071 47.6769 0.763925 2.61422 0.9881 1.74339 1.56711 1.91578 5.7367 1.73286 -0.392761 -0.7374 -0.69312 -0.695834 -0.72457 -0.54662 -0.80532 -1.14404 -0.802962 -0.920938 
-0.533544 0.170652 0.0560165 0.240702 -0.198408 -0.409697 -0.542636 0.269722 0.866017 0.73617 25.6256 73.3286 101.572 126.448 143.354 157.451 164.126 141.734 136.799 144.478 142.931 117.096 108.722 102.323 97.3188 93.9936 92.179 91.3505 89.7147 90.0344 90.652 93.5764 97.3222 103.336 110.426 120.666 152.556 187.59 186.455 175.309 162.957 148.513 131.763 107.481 80.2828 41.6252 1.71982 1.12787 0.560144 1.29265 1.43078 0.828334 8.20961 2.0052 -0.532171 -0.638473 -0.720508 -0.344423 -0.69298 -0.982183 -0.858903 -0.839963 -0.552792 -0.978006 
0.0174185 -0.236711 0.137989 -0.27287 -0.0200037 -0.140301 -0.433232 0.622825 0.725585 1.01722 25.6095 72.0758 102.692 126.114 143.629 156.648 160.512 137.62 132.413 141.564 141.338 117.012 107.49 101.449 96.5585 93.4593 91.8477 90.4077 89.771 89.4916 91.2652 92.4801 98.2427 102.167 108.472 120.981 150.786 182.751 185.246 175.2 161.614 146.96 131.091 105.757 78.3716 37.5419 2.64497 1.04166 0.816611 1.50753 1.04311 4.05978 6.29982 1.51659 0.968822 0.187872 -0.615968 -0.733989 -0.77968 -0.864114 -0.381129 -1.00263 -0.657101 -0.65944 
0.723516 0.684372 0.753317 1.0984 0.242686 0.580559 -0.304879 -0.00898931 1.12265 1.69811 25.6562 72.2552 101.699 125.209 143.129 157.18 159.741 135.616 128.834 139.683 140.384 117.977 107.888 102.1 97.079 93.4886 91.8399 90.2035 89.6571 90.9565 91.2151 92.5262 97.9511 102.908 108.617 119.783 151.593 181.436 184.613 174.717 160.715 147.519 128.781 104.97 78.5678 35.3673 1.57122 1.04975 0.783357 1.37523 2.07053 8.57575 1.78547 1.36633 1.94258 0.396711 -0.793661 -0.745589 -0.792922 -0.456826 -1.04514 -0.829249 -0.501233 -1.07369 
0.578598 1.2115 0.748146 0.216467 0.535999 0.374192 1.07905 0.975312 1.24415 1.90824 22.6719 69.1044 100.403 123.311 141.754 157.374 163.865 137.563 129.167 134.938 142.486 118.051 109.358 102.59 97.5772 94.5316 92.421 91.2592 90.7882 90.523 91.5565 92.7929 97.7767 101.596 108.195 118.756 149.615 180.642 183.589 174.139 161.842 148.842 129.667 105.677 79.1241 40.8493 1.03906 0.886742 0.915976 1.32888 2.34295 7.7385 1.89926 0.846074 1.46503 1.47859 0.283653 -0.591413 -0.547767 -0.831862 -0.482279 -1.12677 -0.66815 -0.206305 
0.570381 1.17912 1.0271 0.907291 0.836316 0.609298 0.734994 0.343963 1.66571 2.42487 21.213 68.083 99.244 122.715 141.31 156.875 168.317 139.15 129.231 134.633 145.626 118.472 109.841 102.773 97.769 95.4016 93.7917 92.1167 90.581 91.398 91.8728 92.6989 97.6238 103.044 109.742 117.817 146.483 183.853 183.466 174.625 161.802 147.493 129.711 106.889 78.8279 39.7929 1.61373 1.78073 1.03742 1.69675 1.97693 6.99859 1.83476 1.57237 1.29402 1.30763 1.80084 -0.530411 -0.927924 -0.6636 -0.929696 -0.730188 -0.193164 -1.03892 
0.329823 0.47351 0.528272 -0.000126234 0.398468 0.307463 0.565031 0.553674 1.55566 2.13671 20.6902 68.5751 98.6935 123.008 142.455 156.395 171.599 142.75 130.384 135.404 146.187 121.287 110.327 104.455 99.2165 96.5334 93.3602 92.6418 91.7168 91.847 92.133 93.2951 99.4183 103.441 110.126 120.43 150.098 187.762 183.638 173.395 161.465 147.507 128.415 105.095 77.4729 38.5796 1.6612 1.51065 0.987144 1.36932 1.37804 6.54237 1.53185 0.868077 0.618084 1.06342 1.32278 1.10255 -0.636755 -0.942938 -0.846722 -0.28592 -0.869159 -0.619015 
0.395802 1.14963 1.00631 0.774599 0.296445 0.00638312 0.330196 0.701343 1.52026 1.93866 21.6113 69.3472 99.0388 122.577 142.383 155.396 166.794 154.363 131.336 137.599 148.968 121.281 111.033 104.553 99.6937 96.0086 95.0808 92.7068 92.6682 92.0698 92.673 94.5307 100.422 105.09 112.287 123.67 154.619 193.048 184.318 173.279 160.895 146.273 127.402 104.004 74.7085 37.9776 1.78403 1.72545 1.28025 1.02239 2.03129 6.01885 1.65241 1.25162 0.631734 1.189 0.866065 1.2747 0.905006 -0.47632 -0.400184 -0.580141 -0.927387 -0.765662 
0.29588 0.199732 0.53752 0.550971 0.41118 -0.216141 0.382764 0.503394 1.10502 1.95763 22.0659 69.7432 99.7757 123.894 141.115 156.284 167.32 162.967 136.406 142.276 148.89 121.483 112.493 105.042 101.024 97.52 95.9364 94.0178 93.1821 92.4384 94.0979 95.1735 101.163 106.489 112.837 125.212 166.861 190.936 183.907 172.904 161.083 147.152 127.566 103.044 74.1995 35.734 1.62341 1.27061 1.11231 1.58889 3.34937 2.92311 0.637256 0.844103 1.11566 1.16574 0.204218 1.06729 1.03098 -0.181927 -1.04769 -1.0398 -0.945476 -0.61116 
0.357328 0.21495 0.402418 0.540627 0.165501 0.290598 -0.820556 0.882649 1.13762 1.93349 22.7324 70.1941 98.9968 122.693 140.792 157.266 167.994 172.87 142.924 148.066 150.851 123.629 113.39 106.741 102.117 98.3427 96.666 95.0697 94.603 93.9277 95.4025 97.0476 103.027 109.803 117.58 133.143 175.831 189.663 183.593 173.338 160.575 146.205 127.103 103.298 77.2133 30.2315 2.18116 0.824564 0.424186 0.48572 3.2809 1.94833 1.54774 1.38711 0.411384 0.604491 1.50473 1.09341 1.11857 1.18122 -0.374865 -0.532124 -0.481668 -0.744505 
0.182623 -0.099148 0.654131 0.198355 0.287986 0.0771478 0.138378 0.0988421 0.91762 1.24295 23.9468 70.0866 99.5892 124.085 141.903 157.261 167.5 180.425 154.289 156.047 153.971 125.876 115.563 108.359 103.89 100.58 98.7895 96.1997 95.7988 96.4705 96.9622 100.112 106.115 114.277 123.768 143.901 175.87 191.191 182.612 172.233 159.737 145.064 126.095 101.949 77.9872 26.7776 1.57249 1.15247 1.13197 0.838541 3.26781 1.26842 0.807777 0.930493 1.04772 0.652776 0.714435 1.0206 0.995654 1.21425 0.295451 -0.507418 -0.253846 -0.551107 
0.249064 0.482504 0.377125 0.528048 -0.0409104 0.191612 0.209969 -0.351123 0.415167 1.52652 24.0409 70.9576 100.172 124.364 143.54 157.963 168.701 178.925 177.133 166.215 159.713 130.434 118.525 111.736 107.204 103.059 101.291 99.6435 98.6272 98.7386 100.53 103.799 113.215 121.538 133.429 145.926 176.571 190.335 182.065 173.159 159.154 144.915 124.782 100.724 77.9592 25.7307 1.72851 1.49987 1.01399 1.14927 2.72245 1.87846 0.394902 0.338985 0.545299 0.772212 0.659773 0.406372 0.0715476 0.302263 1.23345 -1.39162 -0.611882 -0.92347 
-0.394978 0.177576 -0.87435 0.71993 0.031427 -0.129154 -0.229019 0.290137 0.93323 0.992555 26.9735 70.8058 99.9066 124.723 143.166 157.727 168.331 177.934 187.632 187.378 168.282 136.849 123.802 117.312 111.97 108.159 106.911 104.741 104.396 104.596 108.837 112.592 123.53 126.81 134.817 146.831 177.522 190.301 181.517 171.997 158.24 143.63 125.245 100.584 76.0206 24.8403 1.81166 0.851094 0.850669 1.86092 3.31474 1.39639 0.659675 0.224746 0.270804 0.841218 0.242427 0.318205 0.329247 0.440061 0.432776 -0.445212 -0.824453 -0.80267 
3.39753 3.71136 3.30466 3.14468 2.89053 2.49256 2.88284 2.78592 3.61117 4.74407 30.109 76.296 104.939 128.417 147.501 163.076 173.72 183.297 191.973 199.585 185.006 154.51 140.516 133.903 129.279 123.955 119.781 117.811 116.686 117.035 117.007 119.291 119.351 124.812 133.23 145.275 176.961 186.94 179.138 169.151 156.609 141.623 121.389 97.7105 71.5203 22.9506 1.8429 0.452398 0.328929 1.60747 1.32276 -0.0811706 0.350537 -0.116111 0.630522 -0.465925 -0.162358 -0.224899 0.00407986 -0.52776 0.267758 -0.314509 -0.798979 -0.858767 
4.18613 3.2703 3.37354 3.28581 2.86599 2.83794 3.60436 3.23177 4.26797 4.42125 32.2372 76.0275 107.128 129.092 148.078 164.843 175.523 186.443 193.45 200.454 186.578 155.095 142.917 133.852 128.402 124.453 120.951 118.961 116.212 119.305 117.899 120.492 118.874 124.79 133.607 145.545 178.536 187.308 178.803 169.061 155.4 140.795 121.445 96.6379 71.4453 21.7533 1.71292 0.777453 0.924977 1.71955 0.817383 -0.243793 -0.303345 0.0207208 0.819576 -0.0993017 0.22242 -0.395854 -0.451462 0.0283997 0.428985 -0.282924 -0.897579 -1.54352 
3.44169 4.51772 3.10034 3.46894 2.96742 3.88354 3.79338 3.35111 4.20914 4.95373 33.1972 78.2328 107.777 130.53 147.989 165.594 175.911 185.528 193.502 201.823 186.726 155.723 142.798 135.163 128.866 123.281 120.63 120.079 117.034 118.298 119.095 120.45 119.745 126.745 133.447 146.336 179.199 187.865 179.485 169.156 156.13 141.492 121.735 97.5021 71.8637 20.8751 1.26059 0.590869 -0.325793 1.1239 0.384256 0.277718 -0.17134 0.384519 1.09139 -0.582414 -0.403975 0.09051 -0.0480862 0.11934 -0.463352 -0.294722 -1.01458 -1.42048 
3.74623 3.71912 3.87771 3.72005 2.79481 3.56103 3.38274 2.894 4.21466 4.05864 34.5114 79.172 108.115 131.036 150.284 165.829 175.19 186.854 194.976 200.611 187.152 156.213 142.455 134.675 128.522 123.891 121.621 118.183 118.076 119.157 118.409 120.518 120.389 125.847 134.575 146.475 178.939 187.281 179.214 168.705 156.133 141.387 120.583 95.6778 70.8958 18.9675 1.35178 0.232894 -0.156004 1.64084 -0.28466 -0.158484 0.0774808 -0.446304 -0.691947 0.558042 0.108751 -0.41316 -0.717363 -0.357526 -0.62825 -0.0249945 -1.80293 -0.593126 
3.76546 3.38563 3.14818 2.63089 2.46572 3.48061 3.02881 3.65075 4.37217 4.30054 35.0697 80.4878 108.919 132.279 149.521 164.703 175.329 187.177 193.577 201.027 186.622 155.861 143.451 135.088 127.63 124.465 121.002 119.373 118.973 119.098 118.812 121.464 119.63 125.691 135.034 146.938 179.101 186.883 178.721 169.23 156.782 141.381 120.246 96.0464 71.194 17.2659 1.59675 0.725091 0.654164 0.385821 0.291419 -0.0564675 -0.0854508 -0.0750408 -0.116305 0.905196 0.172909 -0.147307 0.0654715 -0.163604 -0.585725 -0.263556 -1.21721 -0.816815 
3.7177 4.03916 2.9899 3.04432 2.83626 4.01191 -3.25025 4.45586 3.66967 4.62876 36.4093 81.6994 109.328 133.451 149.83 164.718 175.685 186.815 194.463 201.921 186.475 156.692 142.694 132.304 129.164 125.103 122.26 120.074 118.629 118.356 119.512 121.155 119.566 125.45 134.235 148.022 180.693 188.902 190.15 168.459 155.756 140.684 121.108 95.4783 71.1495 16.6534 1.54825 0.754611 0.117063 -0.00966847 -0.0147164 0.17017 0.139067 -0.032212 -0.0481022 1.05582 0.44685 -0.17573 -0.875254 -0.796796 -0.299345 -1.59834 -1.27464 -1.31134 
3.81899 2.39259 3.52307 3.9851 3.00117 2.82525 -6.35988 4.29351 4.23022 4.49248 38.2305 82.4741 110.874 132.858 151.092 166.233 176.335 187.104 194.018 201.355 185.768 155.065 142.447 135.277 128.852 125.304 122.592 120.158 118.202 118.528 119.083 121.301 120.397 125.662 133.409 147.689 181.084 186.684 178.377 168.143 155.261 139.721 119.731 94.865 69.0993 17.5427 0.760117 -0.000717172 0.49139 0.325862 -0.287301 0.45867 -0.162968 -0.286563 -0.0881735 0.754839 2.1092 0.330999 -0.278804 -0.122922 -1.02106 -1.25287 -0.885628 -1.26945 
3.01075 4.01098 4.20643 3.43949 3.21456 3.48009 2.79986 3.32794 4.49201 4.50822 39.3276 84.2576 112.616 133.57 152.369 164.92 178.483 189.68 198.888 203.288 184.528 154.93 144.338 134.487 129.391 125.131 123.363 120.902 119.485 119.084 120.224 121.206 121.709 127.295 134.249 149.368 184.428 187.389 179.244 169.568 154.713 141.24 120.35 94.6259 68.0266 17.9971 1.46784 0.520868 -0.0769876 -0.348713 -0.538696 0.308704 0.648722 0.504358 -0.0213627 -0.495843 3.21583 -0.176816 -0.0427728 -0.817352 -0.191671 -1.15446 -1.1694 -0.757254 
4.10207 3.33488 3.81772 3.90262 3.48001 3.30336 3.41518 4.00803 4.92989 5.46888 38.2944 83.9344 111.518 134.292 151.921 164.542 176.892 189.071 196.986 203.111 185.088 155.992 143.865 134.978 130.765 125.517 122.656 121.95 120.039 119.376 119.847 122.012 121.706 126.562 135.805 148.603 182.53 187.533 180.086 170.068 156.882 141.842 121.386 97.0674 69.0511 22.0193 1.8665 1.23043 0.443448 -0.100284 0.385191 0.536768 0.923383 0.0133004 -0.160003 0.0347069 3.84825 -0.146324 0.556035 0.313969 -1.30913 -1.12166 -1.08612 -0.81661 
4.5101 4.05401 3.17718 3.90334 4.07043 3.65708 4.65563 5.18401 4.67212 5.74835 35.7234 81.6044 110.008 133.986 152.081 165.08 177.169 186.327 196.442 202.927 187.388 157.587 144.538 136.114 130.729 125.987 123.166 121.609 119.158 119.6 119.809 121.556 121.977 126.278 134.883 149.17 180.423 188.703 181.266 170.627 159.36 143.162 124.671 99.0862 71.236 24.7243 2.53663 0.958816 1.01512 0.28224 0.903475 0.131939 -0.208605 1.02791 0.332023 0.0816669 8.42568 -1.555 0.093292 -0.718713 -0.965202 -0.869324 -1.02332 -0.866216 
3.19094 4.0019 4.02723 4.5168 3.83713 4.30573 4.01726 4.98723 6.00709 6.35439 35.9589 83.079 111.411 133.786 153.904 165.016 177.151 187.419 197.455 204.552 183.584 156.359 143.903 137.059 130.87 126.565 123.653 122.283 121.005 119.513 120.682 121.997 122.338 126.189 135.687 148.187 180.32 189.565 181.906 171.9 157.734 142.736 124.108 100.165 71.398 25.6498 2.80198 1.78558 0.994936 0.985633 0.473016 0.0401001 0.175489 0.0558175 1.25223 0.493268 5.91363 2.29705 -0.729286 -1.54635 -1.29853 -1.13852 -1.29508 -0.921102 
4.27809 3.36131 4.21427 3.77929 4.75857 4.75752 5.20734 5.88001 6.84869 7.16224 39.7591 86.1577 112.61 135.679 154.965 166.766 179.192 190.211 197.07 204.895 180.985 157.009 143.309 135.983 131.333 126.508 123.693 121.547 119.907 118.94 120.025 122.735 122.818 126.87 135.387 148.404 180.794 190.415 180.08 172.015 158.207 143.071 124.129 100.624 72.4306 26.3826 3.32937 2.57244 1.54729 2.00462 0.816881 0.995986 0.645393 0.468482 1.2465 0.671557 3.76807 18.8528 -2.79934 -1.47234 -0.65356 -1.02091 -0.728424 -1.27508 
5.65883 5.34647 4.41604 4.94148 4.46347 5.55257 5.87532 6.05451 7.44147 17.9739 71.3345 100.816 124.977 144.167 161.44 175.556 184.314 192.819 201.95 207.986 183.868 158.534 146.289 137.983 133.218 127.163 124.323 122.806 122.003 121.091 122.176 122.861 123.086 127.936 136.715 148.95 181.434 191.294 181.27 171.621 158.197 143.241 126.431 100.726 73.2782 27.0144 4.3645 3.05916 2.78964 1.77393 1.21288 1.26731 0.573851 1.57642 3.10174 5.25002 5.76757 6.25452 -1.89736 -1.31213 -1.25071 -1.48077 -0.704113 -0.823847 
10.6631 13.2308 14.1654 15.5701 17.231 18.0417 18.8108 18.5375 29.1334 77.1438 103.632 133.24 157.995 179.086 193.864 206.544 214.21 223.805 233 238.857 210.355 183.7 171.67 164.773 159.892 154.724 150.914 150.163 148.43 147.461 146.585 150.085 147.659 152.173 161.566 174.5 206.202 212.379 206.254 192.726 181.812 170.672 151.259 124.216 90.8072 44.1309 2.2754 2.78039 3.65176 3.45109 3.09213 4.12517 5.67776 7.64 8.05747 7.76436 1.4673 -0.835509 -0.615755 -0.961218 -1.01194 -0.313107 -1.63344 -1.00404 
8.21284 13.0315 16.6453 18.8492 22.7408 25.7969 28.0537 36.5015 88.4292 121.601 146.559 167.239 186.53 202.537 215.828 225.523 234.138 244.909 250.908 259.767 224.148 200.448 186.467 178.227 171.886 167.29 164.42 164.72 161.135 162.553 163.696 166.718 167.637 172.099 181.805 193.686 229.097 236.406 232.509 222.274 214.158 202.622 190.138 173.291 159.282 137.689 113.178 71.4791 40.1526 16.2777 14.5806 13.5225 11.8398 9.54159 7.19539 -0.48651 -0.37091 -0.635937 -0.54772 -0.886915 -1.01286 -1.60711 -1.98389 -1.45518 
1.70317 2.55994 7.2361 10.8686 17.2428 23.9561 30.5801 70.1931 104.422 133.219 157.262 176.859 195.966 210.042 222.768 235.545 243.866 251.301 257.196 266.964 228.409 205.921 192.577 181.463 176.876 171.863 168.497 168.021 166.401 167.518 168.251 170.531 171.222 177.523 186.275 201.135 236.544 245.092 238.95 230.47 220.848 211.286 199.04 184.462 164.431 141.404 127.734 116.834 93.5692 54.4628 16.3086 13.1374 9.46365 3.3756 -0.88051 -0.605193 -0.698382 -0.976458 -0.555124 -1.03105 -1.49528 -1.45559 -1.12953 -1.49032 
2.56882 2.27339 1.43084 4.51207 4.7719 18.016 38.2996 76.7103 111.163 137.125 160.04 180.576 195.78 211.032 224.037 234.019 243.044 249.679 256.297 261.781 228.781 203.03 189.318 179.297 172.913 169.346 167.14 167.275 164.688 165.492 166.989 169.969 169.553 176.44 185.785 200.493 239.822 246.813 241.176 232.923 223.468 214.604 201.474 188.4 173.391 153.822 130.823 122.663 109.323 75.669 19.3426 6.59239 0.681971 -1.00134 -0.547123 -1.20987 -1.08294 -0.910088 -0.844035 -1.37878 -0.923389 -1.1629 -1.42292 -1.25681 
2.56723 1.20977 2.08117 2.59182 2.14372 6.12318 31.4148 67.6974 101.337 127.745 152.042 173.146 190.215 203.81 216.8 227.519 235.364 243.044 248.682 257.505 221.312 196.175 184.643 174.62 167.523 162.725 160.059 159.825 158.675 160.768 161.931 164.357 166.586 171.267 182.326 199.05 235.572 242.608 235.706 229.005 218.983 210.509 198.529 186.603 170.519 156.575 131.753 124.556 114.887 79.5854 15.6796 -0.491142 -0.612277 -0.732249 0.0360558 -1.31357 -0.600834 -0.632944 -0.959747 -0.922438 -0.852778 -0.84674 -1.35634 -0.734204 
2.30184 2.33227 1.79528 1.17087 3.23337 2.80232 9.66113 46.1076 76.15 105.639 132.4 155.317 174.627 190.155 202.534 214.88 222.674 233.321 239.477 247.96 211.429 188.374 175.335 165.39 160.136 154.07 153.541 151.85 151.431 152.811 154.335 157.778 157.744 163.96 175.082 189.393 228.088 231.76 226.629 219.628 210.376 202.758 189.428 175.607 161.94 147.593 131.991 119.778 103.938 72.8493 13.0347 0.0808286 -0.693097 -0.900268 -0.783242 -1.20179 -1.31181 -1.19836 -1.09692 -0.872054 -1.20867 -0.727738 -0.769994 -0.698889 
1.56816 2.45421 1.18405 2.19285 2.86672 2.91196 3.34522 3.39645 19.2416 61.7814 105.264 129.062 151.805 170.05 185.208 196.767 207.786 216.083 223.108 233.396 198.302 177.228 164.571 155.491 148.29 145.204 143.283 141.689 140.908 142.92 145.375 147.626 148.373 155.655 164.975 181.078 221.461 221.357 215.515 208.774 198.784 188.553 176.586 163.175 147.764 132.474 118.884 103.2 85.0859 47.7469 1.39186 -0.251003 -0.55394 -1.03819 -0.567671 -1.36181 -1.6014 -1.07544 -0.997115 -0.941764 -1.18183 -1.25234 -0.989076 -1.26629 
1.88754 2.34517 1.9676 1.2422 1.74406 2.67074 3.54217 2.904 5.20429 24.5184 79.6287 112.235 134.12 154.209 173.84 182.298 193.472 205.162 211.934 224.455 187.021 168.551 156.348 148.401 142.047 138.735 136.29 134.821 133.048 134.727 137.307 139.045 139.992 145.865 156.443 170.664 209.223 210.205 201.918 192.778 182.058 172.222 158.718 142.528 124.633 111.755 94.0438 71.5618 33.5688 6.66484 -0.0497232 0.040595 0.061046 -0.793526 -1.17048 -0.803032 -1.01299 -1.08753 -0.673778 -0.48412 -0.854978 -1.29848 -1.23105 -1.14154 
0.861021 1.71601 2.68334 1.94543 1.99197 3.08648 3.00124 4.17403 4.91463 23.3513 79.714 112.961 134.722 155.062 173.445 182.647 193.271 203.545 212.069 226.048 184.11 166.124 155.156 147.063 141.71 137.17 135.341 134.324 134.762 135.054 136.047 139.192 140.237 145.209 154.706 169.382 206.848 206.468 201.244 190.64 177.043 168.873 151.95 132.409 108.891 76.3754 28.1818 2.08776 1.18292 0.565278 -0.257495 -0.044873 -0.65878 -1.02202 -1.35005 -0.682163 -1.08048 -0.551646 -0.957609 -1.26651 -1.22314 -1.25458 -1.01381 -0.675792 
2.14328 1.39531 1.99405 1.38378 1.47916 2.01148 2.52777 3.44221 4.29163 25.3405 78.8806 108.388 134.985 155.911 172.95 184.202 191.603 200.593 209.79 221.675 182.392 166.457 154.876 145.528 141.124 135.149 133.492 133.42 132.845 135.901 135.017 136.657 137.21 143.964 152.884 168.941 205.711 206.377 198.422 189.257 173.598 167.45 151.584 130.945 106.864 76.2952 24.794 2.93048 1.31007 1.01881 0.195049 -0.338673 -1.19655 -0.858757 -0.969954 -1.20724 -1.22799 -0.59804 -0.765715 -0.961601 -1.14664 -1.01493 -1.12695 -0.783327 
2.7117 2.64127 1.00949 1.10457 1.56622 1.67505 2.42197 3.22382 3.92038 25.5907 79.7477 109.571 136.338 154.884 174.727 180.751 190.571 200.64 211.522 219.799 182.104 164.766 152.825 144.881 139.301 135.528 132 132.081 132.691 135.775 134.714 137.228 137.637 144.963 153.664 167.653 205.956 204.839 196.928 188.258 176.389 167.338 151.154 130.992 106.552 76.3017 21.6061 1.71662 1.15082 -0.0937526 -0.220614 -0.2319 -0.894904 -1.05677 -1.05554 -0.880203 -0.933202 -1.07824 -1.3107 -1.37412 -1.60533 -1.21448 -1.34594 -1.17972 
2.11826 2.08831 1.74694 1.51538 2.17037 2.17786 1.93117 3.42471 3.43031 26.5167 80.4147 110.268 136.232 158.392 172.45 181.477 195.151 199.647 209.216 218.074 180.643 163.592 152.821 144.322 139.12 135.457 132.028 132.022 131.104 133.753 133.427 136.367 137.934 144.014 153.415 167.737 204.92 205.161 196.067 187.55 175.608 166.234 149.078 130.266 105.034 75.121 22.2006 1.63709 0.327369 -0.0649718 -0.303361 -0.960948 -0.949337 -0.805258 -0.786384 -0.901594 -1.59641 -0.936018 -1.20086 -1.53799 -1.12155 -0.96967 -1.14675 -1.54767 
1.49206 1.58619 1.42407 2.39705 2.10853 1.78647 1.40949 2.42416 3.72604 28.5914 79.9536 109.45 136.937 155.735 171.157 181.088 189.661 200.548 208.603 218.085 180.316 163.173 151.935 143.435 137.951 135.186 133.464 131.614 131.054 131.859 131.734 135.233 136.189 141.998 152.163 165.484 203.742 204.974 196.552 187.818 172.43 166.602 150.495 131.838 105.658 75.4637 22.0605 0.923733 -0.266526 -0.636773 -0.829103 -0.582186 -0.419666 -1.22834 -1.0016 -1.10189 -0.941345 -0.919749 -1.45367 -1.3492 -1.19629 -1.87982 -1.39144 -0.871543 
1.77987 1.54833 1.18273 1.7908 1.22802 1.80544 2.15715 3.10807 3.62498 22.3361 75.9471 108.281 135.06 156.938 171.09 179.519 188.453 198.497 208.193 217.065 181.089 164.372 150.834 144.559 138.344 134.415 133.008 130.163 131.245 131.49 132.589 134.318 135.331 140.149 151.77 164.425 198.261 203.965 196.835 186.696 172.144 167.701 151.72 131.209 107.52 78.137 27.357 0.745003 -0.456602 -1.06116 -0.298431 -1.41082 -0.497338 -0.788935 -0.949018 -1.10539 -1.17052 -0.744649 -1.00487 -0.906966 -1.37229 -1.22435 -0.819448 -1.11414 
1.90859 1.61086 1.24964 1.15826 2.15601 2.8939 1.97868 2.6377 4.46899 25.9677 78.254 108.456 134.321 154.63 170.956 178.842 189.435 201.586 208.037 219.029 180.771 163.425 150.676 143.147 138.927 134.484 132.892 129.8 130.872 130.822 132.757 134.718 135.153 141.913 150.485 164.653 199.975 205.792 198.257 186.619 174.654 168.137 151.764 131.579 106.737 76.3338 24.5075 0.704352 -0.578602 -1.11114 -1.21437 -0.948093 -0.803641 -1.30961 -0.735839 -1.37063 -0.988584 -0.942147 -0.997448 -1.02302 -1.28106 -1.00956 -1.14034 -1.05909 
1.49408 1.28444 1.30974 1.25544 1.59216 2.06821 2.36493 1.50105 3.3595 25.8946 79.6293 110.915 136.103 156.477 172.518 181.068 191.07 199.212 208.305 216.335 179.801 162.956 150.23 143.646 137.836 132.904 131.73 131.702 130.365 130.676 132.293 134.806 136.025 140.798 150.328 162.814 197.604 203.235 196.348 186.549 170.767 167.438 150.551 131.103 106.735 76.0292 25.6376 0.821819 -0.469953 -1.59902 -0.883228 -1.42411 -0.935235 -0.557739 -0.810188 -0.76207 -0.888505 -0.715272 -0.489464 -1.41754 -1.068 -0.693798 -0.864423 -1.36557 
1.46634 1.82234 1.1529 1.13344 1.23775 2.73867 2.54324 2.64061 3.43931 28.1907 80.7559 111.529 136.63 158.173 172.199 179.103 188.226 198.523 208.711 215.768 178.53 160.944 152.483 143.745 137.459 134.263 131.863 130.052 129.834 130.309 132.508 134.201 135.867 155.845 148.927 161.767 198.446 202.474 195.945 184.914 171.307 165.761 149.856 129.717 105.317 75.4293 23.1199 0.761205 -0.193398 -1.121 -0.692451 -1.30573 -0.939195 -1.47963 -1.05058 -0.576049 -1.11393 -0.97355 -1.21347 -0.992595 -1.08632 -0.854839 -0.872373 -1.19785 
2.22478 1.8735 1.41351 1.40158 2.17442 1.93518 2.42534 3.62445 3.34072 30.4974 81.9972 112.515 137.05 158.008 172.858 178.967 188.546 199.42 210.765 214.396 177.856 161.028 149.607 143.814 137.914 133.84 130.12 130.763 129.373 131.633 131.736 135.145 136.81 141.518 149.684 164.183 198.419 203.236 196.515 185.063 172.294 166.725 150.817 130.596 106.453 75.077 21.6276 1.11589 0.294279 -0.706272 -0.82185 -0.893129 -0.920605 -0.979567 -0.731895 -0.861453 -1.57334 -1.00835 -0.683589 -1.23817 -1.06707 -1.4196 -0.945428 -0.825029 
1.19533 2.1662 1.85265 1.80781 2.5172 2.75744 2.81698 4.00113 4.18954 32.7081 83.0623 113.461 139.06 157.829 174.576 179.188 189.568 201.133 206.956 214.203 176.555 161.05 147.827 141.901 137 132.964 129.833 130.096 130.255 130.486 131.415 132.961 136.025 141.074 149.835 163.733 199.542 202.602 194.47 185.099 171.228 167.131 151.486 130.762 105.167 75.8407 22.5219 1.52346 0.689932 0.0634162 -0.196221 -0.717635 -0.506795 -0.414735 -1.14584 -1.22442 -0.72199 -0.974123 -0.704983 -0.964786 -1.08696 -0.273291 -1.0853 -0.991033 
