-0.801657 -0.686537 -1.39565 -1.00335 -0.963416 -0.817673 -1.34215 -0.904146 -0.833913 0.169451 -0.175104 40.0345 82.5815 110.207 134.913 154.006 168.818 172.042 183.222 194.263 202.319 199.091 165.696 151.002 141.937 135.321 130.82 127.824 126.221 124.637 125.607 125.073 131.086 133.927 138.545 144.281 154.261 171.148 205.638 202.895 195.451 181.808 174.528 165.87 149.793 129.954 104.802 74.0382 20.3494 1.79674 0.753735 -0.0122261 0.204162 0.277217 0.437186 0.0310762 0.00762336 0.494444 0.00860293 0.0465435 0.31726 -0.0152718 0.464614 -0.047254 
-1.5263 -1.32661 -1.48156 -0.875179 -1.71624 -1.52953 -1.32985 -1.58662 -0.865166 -0.165231 -0.655889 40.3395 83.3015 111.778 135.072 153.592 169.99 174.718 184.659 195.586 202.895 200.18 166.316 151.799 141.425 134.974 131.208 128.197 125.912 124.327 124.906 125.572 130.929 134.449 138.213 144.317 154.483 170.539 206.58 202.814 195.394 181.345 173.704 167.243 149.546 129.265 104.127 73.5453 19.1926 1.92626 0.782727 -0.0462536 0.403751 0.344761 0.529294 0.510634 -0.250222 0.0029294 0.223068 -0.116162 0.367839 0.252806 0.26962 0.17721 
-1.0796 -1.60461 -1.19914 -1.10674 -0.762969 -1.26828 -1.22357 -0.9429 -0.716012 0.409878 -0.586215 41.2376 83.7715 112.124 135.533 153.854 169.588 170.879 184.685 195.232 203.967 198.361 165.594 150.819 141.487 135.12 131.564 128.905 126.822 125.118 125.328 126.446 130.555 134.805 138.108 145.475 155.948 171.723 206.434 203.857 195.807 182.101 172.658 166.626 149.527 129.22 103.934 73.6606 17.5158 1.80393 0.53861 0.43304 0.169834 0.0650108 -0.0346485 0.572743 0.352213 0.395626 0.643496 0.611806 0.312364 0.450898 0.246575 0.451959 
-1.71611 -2.00433 -1.18335 -1.07088 -1.20255 -0.875712 -1.13627 -1.51155 -0.664322 0.057766 0.0126013 41.4407 83.7167 112.166 135.825 153.32 170.17 174.311 184.238 195.77 201.584 201.086 166.399 151.565 141.823 136.358 131.508 128.729 126.736 125.531 124.483 126.299 132.305 135.586 138.123 145.244 160.565 175.447 208.158 202.314 197.21 182.571 174.349 166.74 149.386 129.014 105.034 73.623 18.1861 1.85691 0.65872 0.451833 0.293964 0.435606 0.506329 0.415133 0.312114 0.280657 0.424402 0.453451 0.327628 -0.0534454 -0.0502161 0.0623376 
-1.48855 -1.2576 -1.42033 -0.981264 -1.81342 -0.978354 -1.46849 -0.735143 0.0473357 0.581883 0.281203 41.6366 85.2236 113.232 135.712 154.561 169.962 173.089 185.153 196.413 204.162 200.112 166.485 153.07 142.227 135.523 132.02 129.243 127.238 126.165 126.641 127.117 131.894 134.714 139.716 146.292 158.669 173.765 209.381 202.38 196.489 183.767 173.232 165.964 149.702 129.333 103.86 73.1001 18.8866 2.97592 1.2244 0.648204 0.691939 0.361513 0.0711913 0.282305 0.529525 0.417813 0.615611 0.650807 0.23257 0.211639 0.4475 0.602605 
-1.3702 -1.41792 -0.989086 -1.65689 -1.339 -0.852624 -0.795382 -0.397091 0.00105656 0.993099 1.16403 43.2682 86.4206 113.792 136.397 155.63 170.871 173.753 184.056 197.2 202.891 200.422 168.214 152.762 143.612 136.311 132.537 129.24 127.758 126.585 126.227 126.877 131.623 136.782 139.952 148.538 160.564 172.508 208.192 203.718 195.356 183.927 175.289 166.929 151.509 130.6 105.389 74.1083 17.6681 3.03106 1.99853 1.01075 1.04109 0.485798 0.325375 0.283272 0.34671 0.551121 0.486001 0.487602 -0.0189278 0.526986 0.421113 -0.0382393 
-1.59206 -1.1745 -1.33749 -1.38483 -1.44432 -0.736097 -0.847694 -0.238817 0.397358 1.34438 1.97823 36.7154 82.2697 111.797 135.719 154.648 170.386 174.758 185.832 195.835 204.461 203.433 169.081 154.85 144.747 139.138 133.259 130.945 128.594 127.797 128.392 127.293 133.339 136.53 140.859 147.673 157.387 172.736 208.185 206.374 198.994 187.578 177.443 170.097 152.487 134.04 109.696 79.1104 25.3763 3.11739 2.1527 1.31146 0.98029 0.500615 0.361113 0.161786 0.264646 0.636292 0.418168 0.470421 0.0668521 0.463262 0.222014 0.642682 
-1.46906 -1.18995 -1.2525 -1.21321 -0.901385 -0.796856 -0.543352 0.402359 0.477953 2.48143 2.50193 35.9278 85.0054 112.542 135.305 153.988 169.915 176.93 187.221 196.521 205.024 206.778 172.105 155.533 145.95 138.804 134.082 130.405 128.864 128.006 128.344 127.884 134.045 136.426 141.772 147.056 157.532 173.022 207.978 205.935 198.681 186.107 175.558 168.83 153.254 135.052 109.992 80.2282 27.1765 3.95933 3.01876 1.91257 1.10008 1.13933 0.813787 0.551136 0.26099 0.398219 0.269784 0.565271 0.248485 0.456171 0.839012 0.60689 
-1.02575 -1.43921 -1.01887 -1.45653 -1.51348 -0.875169 -0.0346939 0.244494 0.833967 1.50663 2.27139 41.5703 87.9068 115.209 138.37 156.564 172.153 177.811 186.18 198.325 206.434 207.278 172.224 155.853 145.771 139.106 134.192 132.167 129.658 128.051 128.999 128.587 134.822 138.497 141.555 148.288 157.479 174.436 209.71 205.696 200.387 188.607 179.605 170.453 153.352 134.404 110.31 80.8439 25.5137 4.3465 3.2086 1.88607 2.1402 0.887076 0.589277 0.34456 0.230636 0.264136 -0.0811045 0.131946 -0.0345108 0.311353 0.438314 0.254506 
-1.39132 -1.41058 -1.23617 -1.76395 -0.890829 -0.917468 -0.180727 0.0743751 0.0182239 4.67035 55.6857 86.5739 109.38 127.898 146.084 162.778 178.247 185.577 194.017 207.077 215.436 215.802 179.624 164.298 153.457 146.58 140.894 139.615 134.826 134.445 133.46 132.762 138.277 141.043 145.102 152.399 161.078 178.117 212.864 210.144 203.231 192.859 183.231 176.23 160.878 143.85 122.91 97.4244 61.8144 19.7224 2.10829 2.75483 1.83439 1.32623 0.486946 0.0144738 0.0128345 0.415534 0.351153 0.219269 0.483718 0.0452368 -0.173054 0.555932 
-1.52969 -0.939874 -1.37385 -1.63619 -0.897579 -0.55594 -0.380805 -0.31654 24.9626 61.0737 91.6233 118.367 139.826 159.883 177.142 190.871 201.33 207.634 214.062 220.432 226.115 224.186 186.461 170.111 160.208 151.938 145.37 143.214 140.261 139.218 139.843 140.172 146.781 150.912 154.615 162.042 171.989 188.048 226.799 225.736 219.494 211.151 202.233 193.072 180.15 163.82 145.685 122.784 98.88 72.516 35.4721 14.526 0.495501 1.30056 0.906424 0.625089 0.0647444 0.0485675 0.283784 0.358917 0.371136 0.446974 0.201728 0.424747 
-1.24302 -1.34257 -1.07304 -1.44812 -1.64867 -0.625029 -0.77441 20.267 73.3988 87.5221 104.858 127.246 147.443 166.876 183.92 198.799 209.378 220.572 228.318 234.74 239.176 239.308 198.857 183.27 171.142 163.517 158.978 155.977 154.252 153.768 153.642 153.117 158.36 161.332 163.98 171.527 182.24 197.955 236.249 236.528 231.668 223.943 214.245 205.071 192.895 180.516 166.385 152.453 138.395 120.765 95.3662 70.0275 25.772 0.211568 1.05242 0.35044 0.544009 0.905527 -0.156245 0.0991091 0.18896 0.280466 0.23056 0.00686744 
-2.02237 -1.48348 -1.39508 -1.0485 -1.3365 -0.574624 3.97138 52.893 92.4953 105.585 121.432 140.982 157.464 174.774 190.13 202.648 213.832 225.131 230.792 238.534 242.01 240.767 203.027 186.395 171.283 159.769 155.081 156.162 158.215 156.502 156.296 157.874 162.96 166.592 172.111 179.431 190.705 206.411 247.408 247.793 244.628 238.849 230.949 220.313 209.206 194.528 177.992 163.874 149.452 133.356 113.734 81.7832 53.6765 4.53228 0.648453 0.227404 0.323672 0.107406 0.543886 0.637654 0.878577 0.372708 0.191674 0.332104 
-1.4556 -1.46815 -1.01578 -1.33235 0.096198 5.41028 11.5811 58.2725 99.5897 111.797 124.627 145.974 165.564 183.09 200.095 212.76 224.868 230.755 235.403 241.465 244.085 243.193 204.624 183.483 160.992 150.401 148.17 147.921 156.243 156.852 157.067 158.544 165.653 168.591 173.465 183.014 194.155 210.788 252.997 254.018 247.539 242.073 234.324 225.132 211.33 195.844 177.944 161.492 153.567 137.017 121.657 87.2276 58.231 7.43549 1.07446 0.443789 0.475945 0.510106 -0.19169 0.110362 0.193499 0.457804 0.402324 -0.00785324 
-1.91931 -1.67505 -0.48344 1.18775 1.56018 3.31322 3.79884 18.4583 56.1333 74.6455 95.1496 119.148 137.37 150.416 167.331 180.376 192.882 203.978 212.483 218.445 225.067 225.291 178.304 154.318 142.959 136.998 133.491 132.397 133.638 143.474 148.485 149.376 154.976 159.221 162.426 172.525 182.311 198.93 238.883 237.88 232.379 221.891 212.239 200.23 189.518 175.122 158.705 141.179 133.213 129.589 120.289 93.2558 55.8293 4.15601 1.0254 0.596216 0.558483 0.951625 0.190608 0.0544575 -0.11199 0.707553 -0.0751533 0.300806 
-0.174879 0.220128 0.264629 -0.019043 -0.408122 0.337093 1.06573 1.10216 -0.146584 -0.34626 2.04286 47.1721 96.772 123.337 145.255 165.302 179.891 190.886 200.575 210.173 210.317 195.524 157.238 141.265 132.79 126.807 122.969 120.587 120.113 120.336 125.028 134.656 143.586 147.05 152.6 160.344 169.159 184.741 223.516 222.007 213.352 201.437 188.533 174.54 156.867 137.489 116.329 94.2477 53.5217 29.6589 28.2736 18.5206 9.90124 -0.548869 0.696769 0.36324 0.553031 -0.0171818 0.75873 0.540848 0.183946 0.333946 0.815711 0.488656 
-0.682435 -0.353067 -0.492859 -0.315436 -0.772067 0.0234723 -0.173491 0.669257 1.41811 2.05244 2.22786 11.8181 66.3947 99.5233 119.431 143.451 159.147 172.125 181.876 177.319 167.638 169.459 133.743 121.4 113.037 109.384 105.417 103.963 101.802 100.068 101.477 103.879 116.792 127.484 131.537 137.75 146.887 162.172 197.71 196.41 187.832 176.212 163.574 148.795 128.172 112.02 79.7644 29.1829 5.47997 5.89197 5.59171 5.71989 8.85186 10.7799 0.20736 0.492935 0.624597 0.294668 0.20566 0.790666 0.534458 0.444164 0.621008 0.786807 
-0.718012 -0.382888 -0.608806 -0.693875 -0.626801 -0.25299 0.369982 0.606789 0.468417 1.44581 2.26293 10.5658 65.7122 98.4453 118.1 139.612 157.774 168.218 172.122 153.296 153.162 159.116 126.444 114.448 108.211 102.526 100.234 98.7415 97.4 96.6767 97.2214 98.9094 104.773 110.073 124.977 136.535 144.571 160.046 195.81 193.953 185.805 173.245 161.784 146.814 127.425 108.272 75.948 21.5555 5.11297 3.5403 4.03374 3.96217 4.9028 5.0323 0.934382 0.519922 0.451811 0.331719 0.410199 0.418134 0.569375 0.682945 0.461039 0.596948 
-0.519647 -0.491526 -0.651158 -0.13089 -0.320135 -0.576193 0.22462 0.712623 0.890288 1.23819 2.46009 6.59927 63.8968 94.9997 116.883 137.74 154.517 166.867 151.558 139.404 141.459 154.523 124.045 112.216 105.622 101.489 97.9077 95.8809 94.9501 94.9487 94.4337 95.7601 101.389 104.997 111.8 126.252 145.778 158.48 195.9 192.421 184.505 173.06 159.845 144.785 126.321 104.368 72.1959 18.0365 3.90299 3.53157 2.83305 2.95389 3.91463 4.14351 1.61071 0.628959 0.370856 0.414562 0.322946 0.594208 0.554241 0.40957 0.547362 0.551302 
0.505801 -0.0216376 -0.324079 -0.15089 0.440919 0.0507936 0.566998 0.370343 0.584269 1.05512 2.26842 3.73974 62.5385 93.0426 115.519 136.726 152.787 165.692 136.302 130.22 130.242 151.556 122.619 112.155 104.585 99.1976 96.4504 94.3001 93.1275 92.7602 92.3199 93.859 98.531 102.16 106.738 114.194 134.554 162.509 194.49 190.849 182.154 172.04 158.086 143.07 124.9 99.8757 71.4578 14.5556 3.58872 3.25116 3.1032 2.90015 3.64856 3.12917 2.55064 0.537003 0.507349 -0.00949527 0.830905 0.326916 0.477302 0.353316 0.518682 0.0381815 
-0.175236 0.431041 -0.0598406 0.231736 0.441543 -0.320727 -0.115583 -0.182176 0.522347 0.630444 1.73559 1.73977 62.2023 90.3095 114.431 135.572 152.216 160.491 130.533 122.195 120.871 152.563 121.653 110.957 104.148 98.5449 95.3957 93.8003 92.4815 91.0648 91.2515 92.59 96.8305 100.226 104.303 110.901 123.829 155.477 194.283 189.879 181.116 171.065 157.687 141.777 122.364 97.9126 68.432 12.1279 3.14946 2.67958 2.69461 2.97922 4.46854 2.72716 1.8798 1.38706 0.436608 0.514432 0.844513 0.0283862 0.249761 0.464665 0.569816 0.841003 
0.340804 0.363485 -0.103064 -0.101015 -0.0948295 -0.125548 0.267495 0.711696 0.486378 0.315546 1.58614 -0.0715932 61.1995 92.213 112.929 134.85 151.123 158.762 128.286 119.332 114.121 152.768 121.302 110.487 102.597 98.2983 95.7082 93.688 91.7326 90.8154 91.2235 91.6583 96.491 98.8509 102.82 110.191 120.875 150.736 195.245 189.915 180.48 169.483 157.465 140.486 120.88 99.3261 65.0885 11.2325 3.20117 2.66669 1.89937 3.39143 5.16158 2.95672 2.31925 3.0473 0.567707 0.339742 0.638069 0.144706 0.895426 0.340922 0.401426 0.310423 
0.654889 1.12403 1.02111 1.18108 0.62871 0.709497 0.640316 0.693521 0.860149 0.685265 1.66529 -0.979155 62.9021 91.1681 113.448 135.116 150.074 159.245 125.898 117.048 111.539 151.333 123.02 111.138 104.399 98.9557 95.2235 94.0577 92.0449 91.317 91.3018 92.075 96.2697 99.337 103.101 108.78 119.917 147.915 194.375 189.049 181.782 169.886 155.43 141.013 120.873 98.7236 62.7501 9.78094 3.30407 2.51594 2.71604 4.1194 4.50489 2.92047 2.09467 3.00128 1.28144 0.205548 0.338634 1.24919 0.238634 0.436154 0.572717 0.432264 
1.19624 1.45187 1.34993 0.775596 0.719263 0.857665 1.36216 1.03985 1.47985 1.11769 1.65058 -1.15595 56.1872 89.4073 111.665 133.934 149.754 163.997 128.445 117.878 112.41 145.67 124.366 113.457 105.236 99.6255 96.3573 94.3942 92.7328 91.1853 91.3712 92.1734 96.5059 98.1846 101.778 108.27 118.359 146.212 192.553 190.083 181.947 170.487 156.186 140.829 122.147 100.952 65.0246 12.3724 3.10023 2.71419 2.61504 4.32348 4.46381 2.71054 2.05932 2.12287 2.90826 1.69904 0.681232 0.398392 0.431409 -0.129156 0.58152 0.798716 
1.31067 1.63778 1.56891 0.659949 1.0041 0.874963 0.6985 0.677506 1.09318 1.76409 2.12428 -1.05012 54.2561 87.8862 110.604 132.695 148.878 162.104 136.831 119.832 112.771 144.455 124.955 113.875 106.374 100.725 96.9686 95.0761 92.4943 92.7443 93.1251 93.4973 96.3173 99.5489 103.136 107.837 118.226 145.653 189.593 190.672 182.339 169.91 156.962 141.997 119.845 103.405 65.6138 12.9758 3.18805 3.23255 2.41517 4.18846 3.64625 2.70241 1.92215 1.94174 2.98921 2.4935 1.10839 0.387736 0.443821 0.175751 0.897696 0.0682079 
0.736084 0.853512 0.679353 0.537664 0.667308 0.289604 0.913007 0.579762 1.06679 1.26139 1.65854 -1.2176 53.2148 87.7302 110.919 132.092 149.088 160.297 146.662 123.235 114.622 145.635 126.005 115.798 107.48 101.732 97.6286 95.5357 94.155 93.2697 93.215 93.6372 97.6718 99.6573 103.711 109.519 119.699 149.691 190.819 189.335 180.992 170.78 156.742 141.27 121.138 100.27 64.8397 11.7152 3.39711 2.29028 2.38139 4.37513 3.66462 2.22815 2.09525 2.10341 1.70607 2.19292 2.47277 0.349357 0.30853 0.851709 0.607243 0.527555 
0.68466 1.4861 1.13644 0.829443 0.662454 0.199319 0.629193 0.56595 0.855982 1.21673 1.99338 -0.524704 52.7713 87.7847 110.314 131.84 149.115 160.638 153.721 126.038 116.01 148.87 127.012 116.294 108.064 102.143 99.7422 95.7806 94.6709 93.8182 93.3166 93.9158 97.8275 100.85 105.015 112.426 123.498 154.763 190.536 188.891 180.979 169.491 155.431 140.823 124.957 95.0053 63.1579 10.3703 3.48443 2.27043 2.82021 4.37349 2.71803 2.19295 2.50317 2.26494 1.85216 2.24227 2.06036 2.30801 0.806761 0.450936 0.371321 0.59544 
0.784268 0.703237 0.845358 0.986332 0.59546 0.492182 0.888969 0.477503 0.578747 0.834174 1.54795 -1.19292 54.038 88.2055 109.625 132.043 149.277 160.145 161.597 130.912 120.135 153.444 130.209 118.32 110.107 103.71 100.278 96.4291 95.5419 94.7836 94.3054 94.2945 100.082 103.575 106.782 113.933 129.868 153.963 189.988 188.2 181.402 170.586 155.474 140.062 125.764 93.3861 62.2667 9.742 3.19216 2.68652 3.64306 2.78172 2.01148 1.78663 2.05713 1.66876 1.69833 2.08802 2.74242 2.07277 0.8489 -0.0245114 0.100473 0.598194 
0.748802 0.561756 0.781846 0.922715 0.810481 0.59219 -0.462622 0.951078 0.478221 0.641707 1.49142 -1.59697 53.5186 87.4328 109.039 132.399 149.377 161.617 171.827 137.167 123.687 161.955 130.574 120.276 111.274 105.244 101.275 98.1261 96.8691 96.4978 95.0037 96.5246 101.12 104.957 110.915 119.398 138.178 153.575 191.116 189.622 181.12 170.363 156.314 139.563 123.454 93.9653 62.0469 8.38679 2.60617 1.79669 2.91597 2.39527 2.40102 2.21475 1.86711 2.23535 1.07341 2.22738 2.38443 2.35136 2.2457 0.450401 0.237565 0.599222 
0.573974 0.767887 0.602427 0.427133 0.511152 -0.0369061 0.813875 0.311772 0.137374 0.103091 1.54886 -1.98436 53.3165 87.9586 111.228 132.076 149.213 161.405 172.094 154.087 131.364 169.19 134.213 120.937 112.956 107.279 103.98 99.8902 98.6355 98.0685 97.5622 99.8761 104.735 109.835 115.338 128.842 139.64 154.699 189.258 188.758 180.737 169.105 155.686 138.993 122.852 92.8949 60.6587 7.67071 3.17017 1.91622 2.72076 2.60112 2.02588 2.06807 2.46528 1.92769 1.6135 2.18782 2.18988 2.38967 1.68313 1.60023 0.958579 0.283823 
0.670341 0.881011 0.588205 0.28159 0.681006 0.146934 0.404246 -0.0209023 0.152677 -0.000883125 1.45652 -1.93976 55.0141 87.4396 112.388 132.728 148.342 163.069 172.024 174.395 148.834 173.27 138.11 125.658 115.918 110.494 106.086 103.387 100.289 100.795 101.412 103.356 111.315 116.802 124.093 128.794 138.71 152.578 190.387 188.684 180.246 167.927 155.198 139.625 121.835 93.5037 60.2509 7.10273 2.72855 2.01601 2.63543 2.34329 2.2071 1.51139 1.63945 1.68539 2.05591 2.15751 1.73299 1.26185 2.15487 1.69555 0.601326 0.172762 
0.59877 0.653787 -0.795711 0.842457 0.65268 0.453472 0.523407 0.08663 0.0763746 0.562883 1.31607 -1.38047 55.6585 88.8899 110.905 132.343 148.459 162.879 172.198 182.604 177.24 185.464 146.176 131.499 122.454 114.562 112.05 108.295 106.889 107.895 109.499 111.441 119.849 120.042 123.472 129.842 139.155 154.187 189.004 188.715 178.324 166.762 154.661 138.914 120.617 92.4076 59.5739 6.16308 2.62045 2.68852 3.10951 1.81528 1.91916 1.29213 1.36101 1.80121 0.973215 1.60244 1.1962 1.25508 1.00895 1.24456 -0.0207917 -0.122118 
4.63571 5.10739 4.1186 3.74297 3.64862 3.49323 4.21333 3.92398 3.66756 4.21565 3.96137 1.92163 60.3447 92.6363 116.243 138.884 154.881 167.996 178.676 187.821 194.847 208.25 166.692 151.785 141.62 133.457 126.619 122.259 120.27 118.75 117.734 118.073 113.975 116.595 120.925 125.458 135.01 150.405 185.351 184.08 176.576 164.886 150.841 133.716 115.692 89.7454 56.4463 3.624 1.37618 0.915973 1.37491 -0.176148 0.315216 -0.0583645 0.133976 1.09926 0.04915 0.145173 0.164459 -0.525639 0.186199 0.0450724 -0.338937 -0.980204 
5.48326 4.51209 4.89438 3.95708 3.92242 4.03958 4.63099 3.77173 4.09264 4.1489 5.40501 1.83003 61.9117 94.0296 117.526 138.357 156.362 170.881 179.269 188.688 196.965 209.22 169.23 152.638 140.623 134.351 128.157 123.568 120.319 120.327 119.019 118.979 113.591 116.174 121.182 126.763 135.858 150.389 186.646 184.132 175.364 163.386 149.497 133.818 115.12 88.5489 56.1148 3.31911 1.68712 0.98539 0.54665 -0.284924 -0.195456 -0.178111 1.71894 -0.0919535 -0.180378 -0.391041 -0.324294 0.0516057 0.0826994 -0.551336 -0.613082 -1.41793 
4.34399 5.4872 4.51475 4.49126 4.49365 4.41107 4.61585 4.67237 4.51953 4.7571 5.25237 2.32546 62.5504 94.8171 116.333 140.067 156.088 170.738 180.046 190.102 198.681 211.29 170.147 152.023 141.664 132.611 128.051 124.64 121.723 120.253 118.937 118.776 114.326 117.794 120.491 126.723 135.923 150.564 185.917 184.601 174.453 164.258 151.374 134.253 116.006 88.7305 55.1224 3.16027 0.639399 0.740991 0.14497 0.44078 -0.511578 -0.0123707 0.986937 0.223102 -0.601523 -0.337027 -0.0383176 -0.0974874 -0.232849 -0.18922 -0.8024 -0.746458 
5.00498 5.02275 5.38059 4.94358 4.31249 4.91095 4.26936 3.05167 4.08563 3.72234 5.28 3.58953 62.2674 94.4508 117.954 139.374 156.368 170.215 180.447 190.105 199.57 211.331 169.477 154.207 141.983 133.489 129.513 123.705 121.655 121.265 118.338 118.791 114.608 116.905 121.816 126.674 136.326 150.424 185.354 184.237 176.172 164.245 150.615 133.902 115.792 88.6726 55.3392 2.11285 1.40795 0.822478 -0.279766 -0.283251 -0.192987 -0.342746 0.0451693 0.0764792 -0.252118 -0.455609 -0.95405 -0.283142 -0.396579 -0.0741407 -1.44704 -0.787952 
5.80416 4.45647 3.88491 3.50583 3.32388 4.24023 4.39558 4.2121 4.15923 4.29534 4.43387 4.12292 63.5402 94.4322 118.478 139.001 156.353 169.817 179.955 190.587 198.654 211.055 170.28 154.317 141.863 133.838 128.42 124.452 122.353 121.3 119.675 119.68 113.968 116.69 120.476 126.072 135.802 150.856 186.227 184.706 176.127 163.684 151.433 133.524 115.211 87.5274 55.4716 2.28219 1.3388 0.256368 0.192981 0.358891 -0.469688 0.0141151 0.336171 0.559224 -0.114502 -0.340851 0.474797 0.156495 -0.352648 -0.559461 -0.847229 -0.796944 
4.96759 4.88754 4.22347 4.53319 4.28339 4.82031 -1.4053 5.3278 3.56603 4.74209 4.45227 5.27111 62.3776 94.9427 119.438 139.995 157.019 170.885 181.299 191.576 199.108 211.72 170.725 154.232 143.216 135.286 129.531 124.452 121.448 119.652 119.716 118.917 114.779 116.612 121.757 126.683 136.107 151.698 187.184 184.188 176.47 163.183 162.18 133.527 115.381 88.0004 54.3146 2.49745 1.15733 -0.0732312 -0.147932 0.285379 -0.369041 0.0138777 0.247387 -0.786033 1.42449 -0.208569 -1.12126 -0.394382 -0.0823865 -0.945261 -1.2706 -1.31347 
5.32779 3.38332 4.24176 4.96248 4.42033 4.19868 -8.95136 4.76219 4.36144 4.05473 5.56688 5.51095 64.1638 96.3003 119.425 140.955 158.424 170.272 182.195 191.205 199.558 211.83 170.754 155.625 142.478 134.04 129.141 124.725 121.373 120.832 119.367 119.379 114.746 116.235 120.598 126.985 135.807 150.119 187.287 183.962 175.042 164.02 150.708 133.32 114.405 88.4505 53.8168 1.73217 1.00957 0.224401 -0.199723 0.201239 -0.549231 -0.49961 -0.338535 0.117082 2.57638 0.159158 -0.693828 -0.421414 -0.807699 -0.93394 -0.626199 -0.916678 
4.50274 4.57239 5.14326 5.34349 4.15637 4.28913 3.95378 3.87839 4.21865 4.3665 5.42221 6.38615 65.6952 96.5357 121.06 141.185 158.164 170.33 182.752 192.057 200.002 217.025 172.681 154.389 142.426 133.997 129.778 125.409 122.556 120.73 119.897 119.442 115.735 117.595 120.621 126.993 136.538 150.774 187.334 185.203 175.186 164.66 150.688 133.726 115.163 88.8853 54.9384 2.07582 1.15213 0.0675654 -0.67975 0.279111 0.630672 0.233153 -0.286849 0.460657 3.27038 -0.331481 -0.0444064 -0.80798 -0.53283 -0.246784 -1.45951 -0.650122 
5.38468 4.75445 5.19851 4.28224 4.76404 4.22687 4.30784 4.25312 5.05565 5.61503 5.82888 5.48998 63.2708 96.1853 119.609 140.52 157.428 171.873 182.928 192.127 200.301 213.612 174.188 154.254 144.104 134.983 129.929 126.738 124.124 121.204 120.141 120.334 116.111 117.684 121.342 127.692 136.259 149.787 185.229 185.994 175.737 165.143 151.9 135.303 116.253 90.5661 57.9358 5.02425 2.41514 0.433676 0.744191 0.397023 0.525565 -0.104384 0.15995 -0.26 4.67294 -0.873628 0.359517 -0.0779408 -0.570984 -0.684089 -1.20188 -1.11093 
6.42126 5.07381 4.74325 4.85753 4.87217 4.85079 5.08597 4.92996 4.47972 5.40338 6.32582 3.32748 60.5395 96.48 118.82 140.815 158.223 170.606 182.683 191.219 199.448 210.505 179.34 156.213 143.389 136.118 130.702 127.414 123.395 122.449 120.25 119.711 116.643 117.829 121.279 127.767 135.832 149.896 185.596 185.792 178.171 166.341 153.783 138.208 117.632 93.5664 62.1271 7.32152 2.50759 1.16505 1.06481 0.50309 0.494961 0.30996 0.312842 0.338573 6.24547 -1.28364 0.0962261 -0.0743485 -0.590486 -0.873507 -0.909287 -0.534586 
5.61794 5.64265 5.12356 5.06782 4.38376 4.92434 4.23746 5.1551 5.55061 5.51502 6.94738 5.36396 58.0303 96.0157 121.638 140.872 158.605 172.375 182.918 192.104 201.061 211.524 176.108 156.433 143.954 136.416 130.902 128.132 125.074 122.059 121.929 120.751 116.329 118.512 121.708 127.226 135.459 149.497 184.343 187.205 177.227 165.908 153.338 138.386 118.134 94.4721 61.7498 8.21847 2.74207 1.81764 1.13542 0.788732 0.633029 0.695469 1.13641 0.289449 0.2533 6.15363 0.0143048 -0.775997 -0.882088 -1.36202 -1.33304 -1.29572 
6.16545 5.35877 5.37848 4.90189 5.54736 5.25342 5.64643 6.09309 5.85564 6.95513 7.13415 5.02138 64.0073 98.486 121.416 143.04 159.485 172.114 183.036 194.026 200.444 214.895 175.394 156.463 144.423 135.848 131.592 126.331 123.593 121.629 120.107 121.208 116.671 118.381 122.214 127.664 136.328 149.56 182.02 186.692 179.033 166.133 152.595 139.099 118.9 96.1657 62.769 9.47489 3.16722 3.14268 1.38446 2.30203 1.61027 0.974496 1.1974 0.946668 1.97736 19.236 -2.02058 -1.63043 -0.938608 -0.950493 -1.36404 -1.8552 
8.15535 8.79414 7.31309 7.54096 5.13822 6.08804 6.19311 5.90453 6.96417 7.88008 7.60995 30.8404 81.3317 108.328 130.605 152.596 167.225 180.636 190.336 198.434 206.697 218.445 176.726 158.318 146.405 137.662 132.004 127.694 124.589 122.961 121.986 121.804 117.169 119.999 122.146 128.296 136.98 151.239 183.549 187.954 177.367 167.005 155.096 138.649 119.905 97.5702 63.8015 10.3247 4.45033 3.41094 2.24552 2.7273 1.67114 3.10516 4.73421 6.05994 5.00434 2.24001 -1.31311 -1.19008 -0.757197 -1.42727 -0.762486 -0.624716 
2.42447 5.89494 9.38738 12.2693 12.7132 14.5878 18.2179 20.3301 22.6637 21.7333 39.1222 92.6941 113.163 134.598 152.446 174.006 190.77 203.474 217.09 225.794 233.94 245.411 200.26 183.7 172.641 164.915 159.242 154.93 152.837 149.975 148.087 149.613 143.528 145.031 149.774 156.089 164.565 176.123 210.847 214.348 206.915 196.982 185.384 170.395 151.903 130.434 95.5624 38.0186 4.62554 1.06326 3.79168 6.88401 8.59002 9.09332 8.61855 4.37361 -1.01441 -0.831448 -0.737106 -0.830543 -1.08807 -0.745104 -1.71266 -1.32793 
3.24198 2.74009 2.63237 4.1126 10.9587 15.8127 19.3668 23.497 26.8631 44.8955 98.6167 118.39 140.897 164.78 185.76 200.819 213.861 224.7 234.889 244.591 250.515 263.321 215.772 199.215 186.095 178.536 172.421 169.204 164.35 163.581 162.915 163.613 159.229 161.973 165.99 171.872 181.53 196.056 235.404 236.994 232.177 221.558 211.016 200.128 185.579 171.686 164.418 149.898 124.73 102.281 67.3983 21.7506 12.5334 9.56281 1.87525 -1.41302 -0.457245 -0.64872 -0.601301 -0.964237 -1.03124 -1.38452 -1.43057 -1.17801 
3.37231 2.4057 3.50979 2.79204 3.3541 6.08909 8.4771 14.8226 21.9832 83.0566 113.251 128.634 150.947 173.673 192.414 209.737 222.104 234.818 244.19 253.325 258.975 270.67 222.719 203.847 193.356 182.747 176.468 174.38 170.26 167.511 167.038 167.205 164.09 166.154 171.371 177.239 187.227 201.252 240.376 243.341 237.493 230.269 220.476 208.724 195.07 179.255 173.055 167.88 156.299 130.359 102.781 62.2419 7.63026 -0.131893 -0.17486 -0.390414 -0.742866 -0.668574 -0.691228 -1.04247 -1.10853 -1.08524 -0.918561 -1.44471 
3.13126 2.67971 2.4092 6.09686 3.15671 2.29961 3.35263 2.80278 17.6658 89.776 111.17 133.193 156.591 177.945 197.401 210.811 221.627 233.334 244.771 251.95 259.231 269.435 222.688 201.931 189.48 180.724 175.846 173.066 168.18 167.423 167.181 166.903 163.035 167.269 171.477 177.986 189.037 204.013 242.689 247.029 240.487 231.743 221.947 213.293 201.616 184.963 172.416 170.729 161.004 137.512 108.866 68.5748 14.8024 -0.227463 -0.664753 -1.39851 -0.754619 -0.794528 -0.913975 -1.11525 -0.697306 -1.31997 -1.27073 -1.00608 
3.10156 1.99215 2.56783 2.82258 2.46126 2.90605 3.66202 4.29387 2.08416 60.7029 103.089 131.149 150.794 173.153 190.412 204.149 217.159 227.542 238.665 245.34 250.818 263.425 216.658 198.48 184.972 176.102 169.561 166.81 163.091 162.844 161.785 161.439 159.718 163.241 167.05 173.515 184.538 199.611 240.651 242.248 236.997 227.709 218.965 211.115 201.114 186.14 171.183 166.485 154.181 134.42 95.8523 67.2546 22.8437 -0.405087 -0.0807122 -1.07914 -0.993285 -0.701667 -0.987074 -1.05002 -0.833069 -1.24714 -1.11852 -1.19314 
3.10504 2.82913 2.56484 2.2461 3.29232 3.1108 3.1428 3.91857 4.7899 5.34677 74.3388 119.743 138.109 158.891 175.539 191.872 204.636 217.81 226.454 235.28 240.102 252.226 208.868 188.964 177.264 166.306 162.439 157.368 155.761 154.325 154.657 155.274 152.033 153.951 158.812 166.204 176.371 191.368 231.413 233.011 226.27 220.208 210.746 201.813 193.529 181.71 169.371 160.432 141.737 120.392 88.352 62.3879 20.618 -0.307934 -0.976977 -1.24776 -1.15675 -0.947788 -1.00978 -1.09746 -1.25537 -0.871297 -0.995583 -1.02399 
2.3826 2.84712 1.93116 2.50819 3.05311 2.80843 3.23545 3.52972 4.87687 4.72085 3.28434 49.9215 100.786 131.964 157.522 172.232 188.127 199.867 208.537 218.372 223.864 238.75 199.783 177.404 163.112 156.639 151.988 147.825 143.91 143.823 144.163 144.838 141.168 143.522 149.547 156.584 165.707 182.509 222.251 222.789 214.345 206.668 198.713 190.779 180.124 168.97 157.672 144.058 126.186 102.267 72.2098 41.8866 1.86971 -0.397467 -0.614052 -1.42108 -1.88361 -1.16164 -0.813181 -0.98651 -1.56865 -1.24154 -0.917969 -1.1832 
2.45424 2.88224 2.34171 1.54886 2.21913 2.66052 3.01738 2.53758 3.34107 5.37052 5.7778 21.8223 77.4771 109.027 134.33 159.483 172.115 183.311 193.884 205.259 213.322 227.999 186.436 168.47 156.348 148.249 143.307 139.624 136.404 135.97 137.418 135.564 132.629 134.297 140.068 146.208 155.871 171.65 208.94 208.877 202.049 191.734 181.619 173.21 159.743 149.877 134.959 117.017 95.6791 68.5297 28.5542 0.48216 0.915985 -0.176753 -1.48531 -0.851784 -0.937874 -1.2516 -1.02493 -0.423271 -0.748162 -1.04513 -1.06449 -1.01903 
1.68175 2.65774 3.69904 2.43788 2.9214 3.20381 2.44676 3.19864 3.06218 4.61432 5.66234 20.1833 76.7186 108.389 135.559 159.304 171.49 182.319 191.785 203.663 213.426 227.441 184.909 167.675 156.38 148.395 142.239 138.958 137.8 135.916 135.966 135.924 132.48 134.727 138.735 146.423 154.145 170.53 208.705 207.252 199.66 190.371 179.115 170.3 153.37 133.583 108.489 81.9313 30.6053 -0.341057 1.07244 0.861932 0.15679 -0.631184 -0.720868 -0.917234 -1.17376 -0.551833 -0.829282 -1.09865 -1.44989 -1.12079 -0.830774 -0.737238 
2.78731 2.24593 2.64259 2.58447 1.76121 2.92626 2.60025 2.68719 3.21316 4.40431 4.81188 21.0772 76.7565 109.491 134.793 156.883 172.072 181.784 190.862 203.236 213.9 225.654 183.17 168.139 155.293 146.19 140.871 138.462 135.746 135.768 134.391 133.152 131.113 133.984 137.745 143.645 153.131 168.908 205.481 205.789 198.506 186.571 175.258 168.163 151.611 133.6 109.236 79.6245 26.6222 3.11895 1.52321 0.957873 -0.662258 -0.270332 -0.629682 -1.51556 -1.03282 -0.945267 -0.873645 -0.973936 -1.06969 -1.16244 -1.06594 -0.393386 
3.7849 2.85155 1.53036 2.06788 2.42455 2.18982 2.52513 2.66397 2.7062 3.74629 4.81557 21.1052 76.8631 109.061 136.375 156.692 172.058 182.531 187.906 204.355 210.722 223.689 182.417 166.294 153.184 145.782 140.047 136.136 134.326 136.285 133.884 133.136 130.627 133.812 137.947 143.864 154.269 168.789 206.022 205.385 197.82 188.594 177.641 167.636 152.466 133.654 108.61 77.5858 25.8257 1.50163 1.07272 0.285798 -0.0967575 -0.943889 -1.23017 -0.683443 -0.989316 -1.37648 -1.22451 -1.38521 -1.21153 -0.946256 -1.1476 -1.29119 
3.12901 2.74155 2.31869 2.15769 2.95636 3.15713 1.88387 3.17681 2.69381 3.64493 4.59998 22.8906 77.6498 110.471 136.458 155.345 174.964 180.367 188.358 203.023 210.511 220.328 182.62 165.079 153.749 145.578 139.121 136.372 135.15 134.11 132.234 132.496 130.169 133.631 137.591 143.158 151.48 167.778 203.4 204.065 197.486 186.633 177.574 168.271 151.177 132.535 107.351 77.4412 25.9603 1.57259 0.488585 -0.315042 -0.596389 -0.613767 -0.768173 -0.860682 -1.32499 -0.963736 -1.25237 -1.25897 -1.07303 -1.0391 -0.992067 -0.660725 
2.23871 2.10708 2.34523 3.21827 3.01733 2.61846 2.05175 2.71481 3.18728 3.40764 3.23474 23.8338 77.7118 108.985 134.091 155.929 173.932 180.586 188.826 200.758 211.709 221.568 182.778 164.253 153.121 144.977 140.109 135.838 132.779 132.013 131.624 132.108 128.86 131.574 136.411 142.45 152.305 165.566 201.054 204.385 196.7 184.943 174.221 169.055 151.303 131.714 108.618 78.459 27.4542 0.850786 -0.242364 -0.19273 -0.312363 -1.15417 -0.983315 -1.13299 -1.04753 -1.07879 -1.14132 -1.26366 -1.10253 -1.59095 -1.3308 -0.824541 
2.69754 2.22619 1.92526 2.18339 2.01194 2.31222 2.4468 2.71313 2.93933 3.27191 3.68679 19.6767 75.8654 107.831 132.49 153.297 169.394 179.506 187.39 197.385 209.425 223.75 182.867 164.407 153.393 144.681 140.184 135.337 134.758 131.479 131.039 132.095 128.659 131 136.187 141.97 149.497 163.509 197.507 202.843 197.21 188.005 174.005 170.161 152.629 134.362 108.962 81.3699 32.79 0.197064 0.29766 -1.13014 -0.559014 -0.900607 -1.03429 -1.03529 -1.47041 -0.649835 -1.01159 -0.901087 -1.06237 -0.969054 -0.955167 -0.902462 
2.74243 2.53848 1.95096 1.50913 2.54019 3.14781 2.46712 2.33549 3.60731 3.13911 3.46656 20.2531 75.4619 106.669 134.218 155.845 171.749 180.174 188.615 198.71 210.541 220.338 181.003 163.965 152.59 144.058 139.07 134.505 134.051 132.328 131.499 131.953 128.162 130.693 135.068 141.167 148.198 164.42 196.867 204.46 197.529 188.658 175.058 169.946 151.769 133.63 110.043 79.6722 30.7605 0.428068 -0.762175 -0.912969 -0.736617 -1.11014 -1.15649 -1.44018 -1.18054 -1.09862 -1.29783 -0.686764 -1.23359 -0.609816 -0.884236 -0.989838 
2.3879 2.27737 2.12312 1.69162 2.06332 2.84007 3.02399 1.90568 2.57728 3.66643 4.15169 21.7424 76.9922 108.821 134.025 155.633 171.582 179.78 186.772 199.617 209.775 221.872 181.118 164.92 151.653 144.515 138.445 137.407 133.29 132.287 130.641 131.703 128.098 131.044 135.003 139.873 148.381 162.29 195.865 205.112 195.588 185.379 171.77 172.587 153.082 133.067 109.569 80.1817 31.3315 0.437075 -0.392879 -1.20898 -0.949612 -0.708025 -0.838474 -0.776045 -1.05927 -0.628206 -0.803976 -1.37415 -1.14503 -0.914488 -1.17752 -1.18432 
2.51838 2.86626 1.80632 1.81161 1.82739 3.3255 2.9857 2.38995 3.13555 3.38534 4.0057 24.7092 76.8902 109.148 134.198 155.069 172.141 178.8 185.423 199.703 208.89 219.333 181.763 163.604 151.202 144.395 138.875 134.839 132.823 131.156 131.24 131.076 127.993 130.156 148.006 140.174 148.557 161.124 194.681 203.494 195.358 185.057 172.379 171.213 152.058 132.362 109.467 80.2696 30.5241 0.610523 -0.0977203 -1.35634 -1.03117 -0.974856 -0.956251 -0.907471 -1.08346 -0.970017 -1.13627 -0.725703 -0.871238 -0.748339 -1.09668 -1.21189 
2.64164 2.12799 1.81679 2.13637 2.68696 2.08502 2.26596 3.56258 2.5596 4.28162 4.80492 25.0259 79.7091 110.503 134.983 155.428 173.248 177.523 187.577 199.357 210.233 220.044 179.889 163.758 151.623 144.176 137.905 135.413 131.395 131.805 130.23 132.244 128.754 130.16 134.322 141.225 149.086 163.319 195.969 203.709 196.605 185.412 172.821 171.482 153.507 132.913 108.442 79.3457 29.7579 0.499133 0.00794802 -0.809592 -0.473786 -0.831867 -0.314416 -1.05183 -1.56666 -0.992192 -0.755419 -1.40789 -0.930713 -0.85401 -1.30219 -0.832441 
2.07936 2.58716 2.38488 1.99519 2.53608 2.51141 2.5688 3.10008 3.07275 4.49277 4.78672 26.27 81.2942 111.27 137.427 156.479 173.189 180.683 184.136 201.043 209.334 217.352 179.058 162.777 150.736 142.441 137.374 135.397 131.876 130.508 130.068 130.574 128.457 130.486 134.675 140.198 148.822 162.224 196.104 204.613 196.975 185.625 172.952 172.777 152.833 133.871 109.725 79.8166 30.3552 1.75272 0.921271 -0.276853 0.0871362 -0.0612754 -0.936941 -0.849171 -0.834125 -1.00888 -0.77399 -1.8706 -0.822334 -0.502373 -0.647836 -1.07551 
