-0.185365 -0.152684 -0.397528 -0.267031 -0.296227 -0.127118 -0.552311 -0.586861 -0.231192 -0.5301 0.0446477 0.0867841 -0.130076 -0.543206 -0.394529 -0.379659 -0.301729 -0.127237 1.04285 4.20124 59.8943 93.7756 121.605 143.278 161.611 169.225 181.026 191.615 200.017 206.151 170.026 150.554 136.902 132.597 129.088 127.497 124.929 125.116 124.27 127.319 129.728 130.69 137.56 143.859 154.942 170.327 209.597 205.394 196.461 185.9 168.724 171.993 154.452 136.857 113.163 84.2524 40.6718 -1.39632 -1.47927 -2.34417 -1.93964 -2.25688 -2.09061 -2.33291 
-0.526083 -0.399454 -0.505551 -0.0759247 -0.644249 -0.846748 -0.589217 -0.403903 -0.437332 -0.861871 -0.932885 -0.191352 -0.540026 -0.587686 -0.561132 -0.684007 0.0232911 0.445907 1.01057 3.09376 59.6371 93.5603 121.341 143.196 161.146 169.014 181.093 191.808 199.813 205.466 169.056 150.689 136.957 132.148 128.593 127.539 125.941 125.176 124.047 128.343 129.157 133.1 138.839 143.569 155.424 171.598 210.912 205.808 196.529 184.769 167.447 170.13 155.123 136.731 113.382 84.7802 41.8133 -1.19112 -1.60264 -2.18138 -2.50217 -2.19391 -2.1285 -2.01468 
-0.232732 -0.681326 -0.356028 -0.157578 -0.0628398 -0.457118 -0.414398 -0.518145 -0.161709 -0.135197 -0.803123 -0.289904 -0.687964 -0.113114 -0.526988 -0.493184 0.0723668 0.100027 1.18371 2.67519 59.6246 93.3567 121.955 142.774 160.26 169.677 181.316 190.751 200.317 206.917 170.347 150.848 136.242 131.493 128.599 128.011 125.656 124.513 125.295 127.48 128.941 132.181 137.784 144.14 154.902 170.353 210.862 205.337 199.209 185.115 168.988 171.762 155.44 137.685 114.137 85.5456 41.2586 -1.77948 -1.4791 -1.57156 -2.34435 -2.16809 -2.10674 -2.18172 
-0.87193 -1.13221 -0.166576 -0.315102 -0.438731 0.0677308 -0.449223 -0.608441 -0.631988 -0.583141 -0.167867 -0.506187 -0.318285 -0.376384 -0.0858319 -0.547695 -0.149535 0.48291 1.19129 3.21358 58.7902 93.4739 120.457 142.38 160.43 169.983 182.062 189.427 196.995 208.038 169.587 151.758 136.897 133.947 133.648 128.68 126.525 125.512 125.358 127.988 130.45 132.399 138.967 145.635 155.766 171.5 210.835 206.519 197.883 185.104 171.785 172.069 155.842 137.216 114.148 84.9107 43.0019 -1.30281 -1.3038 -2.06349 -2.16369 -2.10372 -2.11004 -2.50862 
-0.415767 -0.515872 -0.469937 -0.0870626 -1.36702 -0.000291187 -0.549119 -0.379623 -0.354347 -0.373807 -0.257856 -0.220586 -0.646009 -0.817836 -0.53847 -0.414589 -0.00693659 0.147976 1.24876 1.63503 57.9919 93.7458 121.824 142.583 160.201 170.958 180.053 192.189 199.875 210.18 169.909 152.543 139.36 133.141 130.637 129.28 125.716 126.717 125.942 127.671 129.948 133.152 138.713 144.918 156.65 172.421 210.841 207.411 197.608 186.898 170.192 171.842 156.408 138.315 114.768 86.3947 43.1601 -1.03509 -0.672614 -1.66087 -2.31101 -2.10585 -2.00169 -2.33631 
-0.381427 -0.748005 -0.235018 -0.63834 -0.48831 -0.204759 -0.612986 -0.548916 -0.4155 -0.28704 0.233219 -0.436961 -0.85007 -0.246775 -0.623052 -0.39874 0.1108 0.230391 1.14405 2.38545 58.5288 93.0375 121.032 143.993 161.109 171.973 181.171 191.225 201.281 210.51 171.899 153.775 138.902 135.43 131.995 129.175 127.419 126.74 126.231 127.512 130.207 134.554 139.602 145.068 157.856 172.563 212.025 207.93 199.341 187.621 171.686 171.87 157.453 138.703 116.101 87.3302 45.3446 -1.01263 -0.445983 -1.83608 -2.38436 -2.24345 -1.91265 -2.58583 
-0.091251 -0.471719 -0.652076 -0.497257 -0.557502 -0.443958 -0.567356 -0.216992 -0.500511 -0.208486 -0.241196 -0.44314 -0.238562 -0.227392 -0.630387 -0.388305 -0.327739 0.418506 1.40928 0.71589 54.6318 91.002 118.793 140.452 158.754 171.5 182.808 191.249 201.268 212.515 177.121 156.9 140.035 134.815 131.62 129.058 128.091 126.686 128.481 129.921 131.037 133.98 139.85 146.591 155.137 171.855 208.246 210.413 201.463 190.775 177.298 175.05 159.866 141.957 119.525 91.8748 54.1145 -2.22176 -0.540193 -1.249 -2.71528 -1.90312 -2.4133 -2.11652 
-0.309424 -0.21799 -0.290475 -0.547948 -0.365546 -0.420762 -0.51538 -0.0906694 -0.298969 -0.498441 -0.219883 -0.456109 -0.437103 -0.45503 -0.249174 -0.326425 0.101694 0.815399 1.67733 -0.383573 50.5813 89.6341 118.229 141.581 159.278 172.285 182.588 191.818 201.393 211.428 182.481 158.998 141.736 135.39 133.255 128.654 129.476 128.187 127.459 130.411 132.017 134.437 140.178 145.812 156.879 172.646 210.828 210.041 202.523 193.856 177.935 175.927 161.104 143.327 121.204 94.0808 58.818 -0.560392 -0.33095 -1.01924 -2.38415 -1.7574 -1.9742 -1.9496 
-0.382945 -0.694011 -0.210686 -0.38293 -0.442045 -0.433917 -0.332779 -0.292256 -0.488279 -0.428792 -0.358639 -0.542044 -0.476059 -0.568933 0.0520129 0.0549289 0.280483 0.627943 2.04951 0.182224 53.4468 91.0681 119.023 141.878 159.56 173.556 180.627 192.283 201.291 208.847 186.37 158.894 142.441 137.135 133.488 128.929 128.425 128.779 127.845 130.333 134.5 137.131 142.789 148.659 158.512 175.347 213.225 214.071 205.501 195.348 180.589 176.977 162.68 143.248 120.583 92.36 56.9632 -1.47836 -0.324014 -1.31255 -1.86178 -2.30826 -2.39071 -2.04661 
-0.301315 -0.513839 -0.144405 -0.544008 0.225732 -0.255318 -0.190095 -0.514088 -0.385085 -0.607683 -0.366404 -0.415664 -0.442739 -0.554546 -0.469108 -0.128823 0.299938 0.813876 1.56401 -0.633683 46.9131 88.0774 116.388 141.271 161.475 174.642 184.354 196.655 205.534 214.62 192.549 165.866 148.832 143.759 141.225 139.331 138.563 138.818 138.013 139.945 142.152 146.409 150.984 157.589 166.622 184.066 224.926 226.842 219.669 208.886 193.81 187.935 173.571 152.749 132.487 106.07 72.0104 16.9509 -0.807243 -1.30383 -2.02603 -2.04613 -2.18813 -2.20232 
-0.732642 -0.397501 -0.414399 -0.604523 -0.253982 -0.897035 -0.59863 -0.409793 -0.897366 -0.647602 -0.356462 -0.195407 -0.733668 -0.648674 -0.138455 -0.325935 0.168906 0.879837 0.620082 36.0208 83.2939 114.052 140.912 161.888 180.024 191.919 203.214 213.395 220.436 225.032 206.629 177.297 161.29 156.11 152.772 151.541 149.251 149.207 149.66 152.008 157.253 160.759 169.143 179.852 190.379 207.019 251.048 257.227 252.787 244.306 226.289 215.535 200.88 184.44 161.76 135.461 104.832 63.3775 0.838285 -1.65959 -1.79922 -2.01534 -2.39551 -2.28317 
-0.0617952 -0.614215 -0.64896 -0.215636 -0.696391 -0.428808 -0.194271 -0.358628 -0.587171 -0.304133 -0.208079 -0.375794 -0.406528 -0.559565 -0.34122 0.355855 -0.244961 0.92751 6.42455 63.5632 97.8959 124.875 148.605 169.891 187.626 203.967 218.696 230.797 240.559 251.123 232.887 202.836 188.058 182.86 179.107 176.444 174.899 173.224 172.654 173.798 176.353 180.028 184.947 191.452 200.123 217.126 264.854 270.846 267.667 259.577 240.407 223.326 208.464 193.673 175.695 152.247 127.987 102.449 61.5934 9.10259 -2.51455 -2.30433 -2.29355 -2.18492 
-0.839454 -0.636628 -0.697577 -0.519466 -0.573755 -0.49495 -0.680101 -0.0505611 -0.318144 -0.513378 -0.21927 -0.487456 -0.463064 -0.256362 -0.159094 0.346434 0.0875595 0.125535 23.6435 77.194 110.166 137.063 162.409 188.016 204.163 224.043 239.746 250.117 256.045 253.816 227.849 203.466 195.816 189.192 186.427 184.027 181.587 181.749 181.331 181.95 183.028 187.557 191.195 200.021 209.851 222.554 270.657 283.98 282.56 279.554 273.305 240.062 223.354 208.874 190.868 169.05 146.461 119.953 90.1262 50.0248 -4.30462 -2.08665 -2.35149 -2.42874 
-0.959977 -0.877458 -0.607779 -0.467938 -0.378101 -0.161638 -0.576446 -0.305076 -0.502149 -0.284487 -0.517169 -0.167398 -0.687758 -0.183952 -0.15944 -0.313852 0.291855 2.35494 61.4837 97.0515 126.382 151.132 174.137 194.55 211.177 235.892 253.634 259.135 244.663 235.878 222.619 206.526 200.615 193.195 188.602 185.858 184.214 182.829 182.852 183.381 184.598 188.443 192.647 199.963 210.752 225.137 266.111 286.958 283.629 284.8 281.384 255.682 231.013 210.187 192.673 172.707 148.783 124.853 96.5037 52.2691 -5.54155 -2.21173 -2.75125 -2.39751 
-0.418435 -1.01714 -0.52376 -0.644353 -0.899867 -0.258422 -0.565607 -0.480191 -0.559076 -0.577161 -0.381902 -0.405799 -0.312651 -0.380601 -0.169377 -0.291826 -0.329627 8.46782 66.4319 100.602 128.758 153.879 174.648 195.653 212.118 248.542 260.385 252.552 227.115 223.036 217.525 195.191 192.9 189.734 182.941 178.894 176.411 174.296 172.388 173.104 172.26 171.904 176.38 182.201 191.488 203.892 241.334 255.074 256.08 247.642 237.461 219.389 198.413 177.434 155.052 130.373 105.494 63.4131 7.495 -2.36357 -2.16492 -2.09489 -2.57774 -2.24635 
-0.570354 -0.571018 -0.110255 -0.326272 -0.26676 -0.600317 -0.354245 -0.702803 -0.408383 -0.518221 -0.345669 -0.691344 0.00422095 0.0852509 -0.338313 0.0544323 0.285709 0.558773 46.1914 70.2323 101.594 125.964 149.068 161.904 175.031 202.487 223.692 193.119 177.666 178.779 179.522 156.509 145.684 145.303 148.617 148.56 144.644 142.833 140.713 141.794 140.074 139.351 143.449 148.536 155.831 164.428 190.467 213.177 203.652 196.895 188.686 176.287 162.8 142.259 124.415 96.1187 57.8517 6.06063 -0.38549 -1.27802 -1.89763 -2.08633 -2.14137 -2.58692 
-0.705749 -0.329193 -0.497033 -0.264892 -0.870445 -0.50656 -0.336207 -0.485873 -0.448949 -0.263414 -0.732362 -0.360615 -0.270611 -0.262018 -0.164591 -0.288034 0.332562 0.647369 -0.120513 0.510639 6.59895 61.1653 94.5377 118.732 139.103 160.222 175.474 141.565 132.742 138.273 150.575 125.045 113.035 109.963 110.128 112.5 118.687 121.515 121.691 121.107 123.389 126.998 130.187 135.986 143.674 156.85 186.78 205.66 196.224 188.159 179.466 166.343 150.405 130.913 106.58 75.4818 19.1923 1.23943 -1.10347 -1.31115 -2.0411 -2.43494 -2.51333 -1.73801 
-0.370302 -0.357401 -0.254753 -0.575939 -0.610552 -0.83551 -0.429378 -0.281178 -0.447865 -0.269852 -0.291504 -0.395805 -0.382602 0.631615 -0.568961 -0.216073 0.113098 0.250608 1.35102 1.80081 2.54904 39.7693 84.2591 111.982 134.95 154.879 157.013 122.253 113.741 116.309 152.465 124.249 111.139 107.061 104.826 102.787 103.377 108.331 116.7 118.648 120.855 123.256 127.51 133.397 142.117 153.731 180.687 204.329 196.627 186.871 177.76 164.852 147.959 131.598 106.236 71.4801 20.2053 0.568074 -0.789317 -1.30512 -1.6934 -1.83378 -2.47798 -2.17761 
-0.780398 -0.342313 -0.603065 -0.428072 -0.234184 -0.76217 -0.519525 -0.548317 -0.32566 -0.467333 -0.3299 -0.205878 -0.263236 -0.479759 -0.149862 -0.338742 -0.263889 0.0721006 0.729926 1.63617 2.17754 32.1672 80.407 109.518 133.13 152.079 148.865 112.034 104.249 99.6747 143.264 122.584 111.078 105.809 102.616 99.5357 99.1798 99.758 101.89 111.884 120.545 123.383 125.245 130.811 139.624 151.527 176.83 202.334 194.177 187.753 176.996 163.177 148.682 129.55 103.351 69.9083 18.2548 -0.0808951 -1.36227 -1.66371 -1.89448 -2.13392 -2.35268 -2.33618 
-0.195432 0.00559891 -0.175426 -0.30458 -0.315769 -0.154111 -0.337579 -0.267438 0.246702 -0.262988 0.116759 -0.285944 -0.430521 -0.0267893 0.0506546 -0.136602 0.0111031 0.176713 0.754228 1.6051 1.67052 26.569 78.2507 107.36 130.324 145.133 147.348 107.728 98.5137 92.0546 127.916 121.837 109.97 104.622 101.245 100.385 97.6356 97.5165 96.2655 99.4349 109.207 122.162 124.998 129.733 137.443 148.06 168.299 204.817 195.826 187.385 176.002 163.169 149.383 129.744 102.05 69.8059 16.7679 -0.724041 -1.7035 -1.91757 -2.45792 -2.42244 -2.84529 -2.23757 
-0.248221 -0.764848 -0.701911 -0.313252 -0.463525 -1.29149 -0.298773 -0.190858 -0.315032 -0.742982 -0.113277 -0.326201 -0.693989 -0.764626 -0.415719 -0.120533 -0.630371 -0.49328 -0.538281 0.738057 1.9285 21.5895 73.7189 103.986 128.983 143.582 144.104 106.62 95.7813 89.7644 122.409 113.481 108.262 105.39 99.327 97.1968 96.2591 95.5498 96.0348 96.7393 101.457 113.53 123.417 129.143 136.682 146.897 164.168 201.847 194.752 187.148 175.858 163.292 149.562 127.986 101.816 68.5838 16.8236 -0.565059 -2.32833 -2.72454 -2.38379 -1.96936 -2.36532 -2.14314 
-0.387441 -0.33134 -0.725169 -0.558194 -0.67773 -0.936625 -0.618593 -0.581289 -0.249762 -0.532226 -0.296639 -0.379518 -0.334602 -0.326955 0.0688355 -0.212371 -0.451438 -0.711508 -0.194259 0.603475 1.74211 16.6449 71.4108 101.473 126.601 143.137 147.963 107.381 95.9209 90.0878 120.813 108.978 108.994 103.894 101.973 97.4472 95.691 94.749 94.49 95.3695 99.3781 104.282 122.095 127.709 135.934 144.952 162.75 203.779 194.659 187.259 175.782 163.88 148.754 128.976 102.068 69.053 17.3955 -0.755255 -1.90787 -2.67851 -2.44571 -2.62576 -2.44266 -2.98992 
-0.642699 -0.254573 -0.381943 -0.0732751 -0.56892 -0.579757 -0.409261 -0.581026 -0.529632 -0.294243 -0.188282 -0.340418 -0.141145 -0.0311714 -0.0401199 -0.726634 -0.410216 -0.535904 -0.100945 0.676118 1.40085 12.5373 68.8928 99.8492 123.99 142.835 151.782 110.863 96.9243 91.0134 119.829 107.975 109.796 105.594 103.882 97.9199 96.3226 94.7733 94.7213 94.7878 97.4896 103.181 115.754 126.773 134.696 143.989 160.346 200.669 194.559 187.444 177.13 164.415 150.746 129.901 105.218 68.7102 17.3335 -1.0462 -2.25583 -2.31049 -2.45949 -2.68859 -1.91625 -2.40519 
-0.554372 -0.0655471 -0.300808 -0.532927 -0.492126 -0.510101 -0.548538 0.0759473 -0.165159 -0.463569 -0.255896 -0.733517 -0.602924 0.00184313 0.168213 -0.49878 -0.22945 0.283661 -0.238721 0.392938 0.813059 7.01402 63.3371 95.724 120.336 139.686 157.919 115.922 101.535 94.058 116.883 110.55 111.826 105.343 105.474 98.2079 97.238 96.1623 94.9197 95.3629 97.7389 101.839 109.21 126.555 133.217 142.102 157.82 196.306 196.086 188.756 179.958 166.636 153.516 133.905 104.44 72.3554 23.2939 -0.838539 -1.59223 -2.52921 -2.36271 -2.49033 -2.31006 -2.18106 
-0.341895 0.173348 -0.0666812 -0.706368 -0.511003 -0.395312 -0.441519 -0.273782 -0.0971508 -0.671823 -0.28777 -0.396155 -0.556352 -0.0267285 0.454017 -0.038433 -0.0584482 -0.259855 -0.561945 0.294278 1.04491 2.14397 59.296 93.205 118.027 138.521 162.488 121.466 104.151 98.0995 113.101 120.133 111.255 107.968 109.61 99.128 97.3958 95.8006 95.6895 95.5338 97.5805 101.238 107.807 123.694 131.829 140.565 154.144 195.452 196.911 191.233 179.971 167.201 152.562 134.128 106.614 75.2778 25.7245 -0.881202 -2.28574 -2.74729 -2.72576 -2.54579 -2.16909 -2.77265 
-0.916372 -0.366049 -0.666897 -1.14349 -0.73421 -0.586284 -0.784488 -0.185839 -0.393663 -0.215442 -0.352221 -0.629254 -0.428713 -0.00389616 -0.373348 -0.322277 0.22249 0.153584 -0.233355 0.465162 1.10667 0.617218 57.4854 92.4613 117.444 138.835 156.728 136.508 109.224 98.6238 114.067 125.126 114.269 108.411 112.892 100.484 98.9222 97.511 96.7272 96.7456 99.0384 102.457 107.864 121.764 130.807 139.102 152.288 192.453 196.762 190.62 179.275 169.108 151.841 133.721 107.983 78.1204 26.3145 -0.585139 -1.66336 -2.62507 -2.52559 -2.3022 -2.549 -2.43865 
-0.326234 -0.297552 0.102789 -0.570331 -0.794083 -0.973153 -0.386546 -0.476665 -0.34494 -0.495503 -0.177553 -0.33266 -0.577337 -0.230201 -0.0998255 0.0253436 -0.286727 -0.777366 -0.277958 0.104771 1.02137 -2.16054 55.3427 89.3378 117.763 136.085 158.21 146.514 114.012 103.029 116.263 130.777 117.761 114.7 112.713 102.349 99.3347 99.0615 98.5507 98.3941 100.158 102.915 108.487 122.091 129.429 138.238 151.31 187.637 196.533 189.108 178.929 167.298 152.539 132.504 108.035 79.1323 28.5194 -0.729617 -1.67622 -2.17639 -2.69599 -2.72655 -2.61189 -2.79551 
-0.7525 -0.333156 -0.665083 0.117 -0.54291 -0.694306 -0.362985 -0.557512 -0.68856 -0.719459 -0.398713 -0.786739 -0.447549 -0.345742 -0.587781 -0.418929 -0.500791 -0.56209 -0.317318 0.15718 0.753145 -1.94893 51.9862 89.3924 116.135 135.506 157.433 154.732 120.836 108.716 118.418 136.096 118.07 124.766 103.753 103.236 100.957 99.4159 99.658 99.4843 101.584 106.013 110.928 122.948 129.173 138.037 150.267 181.704 196.737 188.836 179.104 167.374 153.6 132.459 109.255 79.0782 32.4373 -1.54253 -1.87887 -2.84781 -2.76636 -2.379 -2.48154 -2.42136 
-0.243921 -0.562054 -0.572841 -0.390981 -0.619005 -0.724271 -0.611591 -0.0535801 -0.447312 -0.305051 -0.191454 -0.874296 -0.396997 -0.268243 -0.72061 0.510878 -0.494701 -0.335488 -0.365694 0.0773302 0.494623 -1.67657 48.6439 86.7314 115.009 134.703 154.468 167.07 127.159 114.392 122.838 144.257 125.493 123.475 106.927 105.472 103.125 101.727 101.978 102.302 103.56 107.885 116.959 123.071 128.923 137.297 149.559 177.761 197.782 189.02 179.098 166.68 153.94 133.525 108.545 80.0502 33.9952 0.21388 -1.71092 -2.74396 -2.07584 -2.50237 -2.28032 -2.64705 
-0.76476 -0.128852 -0.35847 -0.676259 -0.667791 -0.619195 -0.391442 -0.374417 -0.480092 -0.635038 -0.460995 -0.227213 -0.547645 -0.411554 -0.182617 -0.352306 -0.470235 -0.546232 -0.937168 0.0116574 1.21446 -0.69321 44.86 85.9158 113.047 135.197 151.935 174.76 143.306 123.904 129.356 156.505 132.512 122.497 110.181 106.668 105.516 104.76 103.237 103.981 106.823 113.319 119.312 122.465 128.111 134.7 147.833 174.249 199.527 188.568 178.741 166.982 153.898 133.516 109.499 80.3942 34.5964 1.87308 -1.68297 -2.06555 -2.645 -2.56561 -2.21741 -2.39103 
-0.605682 -0.580454 -0.494542 -0.40825 -0.284477 -0.285409 -0.387908 -0.622762 -0.72783 -0.680838 -0.367079 -0.140165 0.161817 -0.557972 -0.238188 -0.46717 -0.352196 -0.369437 -0.461152 -0.210328 0.696071 0.322859 41.5162 85.7468 111.882 134.403 150.362 171.914 167.308 135.528 148.54 167.846 134.422 124.615 114.39 111.278 109.149 107.788 108.086 109.153 114.139 116.85 118.734 122.227 126.774 135.209 147.23 170.823 199.303 189.442 179.649 168.561 154.367 133.347 109.434 80.3254 36.8119 2.22707 -0.135352 -2.65519 -2.18633 -2.89572 -2.18835 -2.81492 
-0.970552 -0.148858 -1.40309 -0.000237453 -0.485671 -0.254971 -0.488799 0.0127453 -0.699994 -0.447364 -0.304846 -0.405685 0.278426 -0.19348 -0.904216 -0.491072 -0.555477 -0.291601 -0.709318 -0.274833 -0.0753708 0.632016 38.6073 84.2971 111.994 133.236 150.268 172.93 179.472 167.518 169.74 185.033 139.776 132.538 121.068 117.876 116.196 115.465 114.668 115.443 115.472 116.705 118.707 122.236 125.86 134.108 145.302 162.419 202.693 188.657 179.252 167.464 154.41 133.941 109.77 81.7391 39.075 1.48034 2.18104 -1.81284 -1.88787 -1.93994 -1.96725 -1.81322 
0.915159 -0.110956 0.015248 0.245716 0.393572 -0.112624 -0.0238751 0.311256 0.354086 0.31643 0.0614706 0.37566 0.466243 0.232901 0.792605 0.890528 0.553148 0.691235 0.424829 0.870796 1.35009 1.73023 36.4055 84.4581 112.52 135.391 150.379 171.911 178.55 188.904 200.885 206.494 156.216 138.729 131.813 125.245 121.36 118.95 116.368 115.415 115.996 116.53 117.925 121.143 125.402 132.671 143.848 158.066 203.25 189.548 179.654 167.194 155.421 134.866 110.65 83.005 41.8559 2.08319 2.1339 0.063574 -0.782239 -1.30228 -1.25688 -1.0133 
0.211079 0.3152 0.384045 0.26266 0.174042 0.0175882 0.798801 0.61892 0.370434 0.288667 0.88638 -0.186467 0.207867 0.338583 0.43969 0.255115 0.486692 0.548767 0.408991 0.63468 1.20938 1.54555 35.0931 82.9424 111.386 134.294 151.661 171.662 179.388 189.768 212.974 202.224 155.092 140.269 131.43 125.867 122.516 118.904 117.131 116.12 115.756 116.364 118.336 121.42 125.799 131.769 142.79 157.489 201.37 189.64 179.527 168.499 153.569 134.677 111.572 82.9564 43.8588 1.16603 1.93377 1.45082 -0.712402 -1.47233 -0.993178 -1.08617 
0.0434008 0.537073 -0.239673 0.973094 -0.282852 0.400783 0.294581 0.319086 0.0664171 0.907429 0.283003 0.192266 0.530404 0.361939 0.552851 0.267955 0.327571 0.323873 0.352438 0.464558 1.47853 1.75246 33.0007 82.0017 110.763 133.782 151.173 170.489 179.684 189.56 220.623 203.748 155.215 141.779 133.002 126.844 123.008 120.053 116.943 116.207 116.085 116.779 118.485 120.404 125.113 131.843 141.184 156.532 195.259 190.159 179.892 167.698 155.223 136.227 111.906 84.3468 47.2846 0.157409 1.74314 1.13488 -0.662316 -0.969718 -1.28541 -1.21505 
0.802091 1.33951 0.522706 0.896884 -0.257358 0.437919 0.165522 0.0776879 0.150788 -0.237622 0.377006 0.700726 0.134255 -0.20246 0.192468 0.446338 0.523504 1.26629 0.679316 0.733043 1.62886 2.1263 31.4692 81.9387 110.437 133.407 151.737 167.69 178.964 189.563 213.176 206.223 157.396 142.421 134.071 127.954 123.383 120.87 117.183 116.202 116.298 115.674 117.47 120.49 124.454 130.9 141.027 155.497 193.504 188.622 180.084 168.807 154.306 136.576 112.421 84.7649 49.7825 -0.850676 1.51089 0.900553 -0.364596 -1.37279 -1.57318 -1.08401 
0.419732 0.426651 0.5112 0.051271 -0.285842 0.323705 0.637275 0.408829 0.346204 0.0757916 0.345496 0.195577 0.793423 0.357139 0.611919 0.326721 0.490238 1.1002 0.396727 0.224764 1.44953 2.29803 29.6566 80.0813 108.823 133.002 152.324 167.137 179.159 192.343 206.138 208.943 157.53 143.251 134.924 127.859 124.429 120.035 118.23 117.221 115.948 116.689 118.044 120.016 124.242 131.318 139.706 154.1 190.325 189.662 180.744 169.502 155.426 137.103 114.672 86.4892 51.9003 -0.457929 2.08537 0.846984 -0.274749 -0.898091 -0.965957 -1.37331 
0.50785 0.827179 -0.00434578 0.856831 0.134226 0.779577 0.816785 0.974265 0.674284 0.774825 0.204736 0.628187 -0.043233 0.957172 0.633037 0.476453 0.708031 0.600976 0.0823402 0.66164 1.45838 1.77125 28.2778 79.5076 108.032 132.128 153.144 166.995 177.946 193.69 202.259 213.531 160.468 144.906 135.591 128.67 123.793 121.019 117.711 116.135 116.117 116.076 118.051 120.044 123.887 130.026 138.206 152.83 189.621 189.649 194.68 169.307 155.631 137.108 115.029 87.3251 52.4768 0.863846 1.57855 0.701231 1.00652 -1.41038 -1.23428 -1.18679 
0.842106 -0.344196 0.118913 0.709477 0.0649973 0.250555 -0.911897 0.865295 0.672845 0.337673 0.523728 0.317727 0.841716 0.535791 0.446127 0.458969 0.567201 0.35371 0.471974 0.391228 1.02409 1.8213 26.0324 79.7701 107.922 132.364 150.769 165.443 182.203 191.368 199.98 213.154 162.271 145.842 136.024 129.065 124.906 121.148 118.6 117.536 116.085 116.455 117.237 119.672 123.647 128.338 137.91 151.295 187.16 189.639 181.662 170.628 158 138.207 115.533 88.2659 54.2434 2.68451 1.82568 0.960496 0.120932 -1.64988 -0.762493 -0.976886 
0.140239 0.786671 0.840908 0.553976 1.00436 0.0703642 0.0898378 0.280162 0.248248 0.291483 0.459484 0.304075 1.27088 0.443327 0.347212 0.29916 0.442326 0.218031 0.767213 0.3586 1.58207 2.48864 25.1163 78.7844 108.042 131.316 148.45 171.848 180.743 191.484 197.801 208.232 164.61 147.604 136.668 129.74 125.308 121.241 119.143 117.812 115.995 116.995 116.96 119.719 124.045 128.926 137.552 150.727 186.173 190.214 186.705 170.977 157.503 139.522 117.119 90.1255 56.4682 3.6787 2.72152 0.822503 0.474551 -0.205139 -0.812641 -0.679415 
0.854712 0.258383 0.326122 0.68202 0.339705 0.178114 0.268223 0.843885 1.14587 0.294139 0.214795 0.445802 -0.0338825 0.767546 0.304191 0.761206 0.44473 0.702687 0.427205 0.941229 1.16136 1.602 21.0757 76.3288 105.931 130.94 148.758 175.073 180.408 189.072 196.244 206.057 170.564 149.311 138.803 131.088 126.153 121.707 119.196 117.719 116.686 116.767 117.205 118.906 123.516 128.234 136.224 148.233 181.762 190.74 185.531 172.41 159.722 142.253 120.708 93.551 60.6496 8.3676 3.07544 2.136 0.851269 -0.233326 -0.675409 -0.621682 
0.473664 0.144192 -0.475484 0.570452 0.661496 0.803048 0.525538 1.21307 0.470458 0.557552 0.689403 -0.0610045 0.0525407 0.442535 0.221788 0.162901 0.736333 0.867775 0.979291 1.16058 1.09073 2.54378 16.2031 73.816 104.218 129.538 147.747 173.907 177.775 189.187 196.611 205.236 175.895 149.681 139.725 132.019 126.338 122.618 119.342 117.171 117.867 115.674 116.857 119.49 122.699 127.657 135.052 146.024 178.266 192.422 185.763 174.347 161.708 145.602 123.88 97.4152 66.2533 12.2323 3.47702 3.03001 0.905251 0.181616 -0.0627278 -0.48995 
-0.185907 0.504821 0.440485 0.158159 0.0501867 0.568051 0.197628 0.271357 0.644787 0.389959 -0.0368665 0.621978 0.62757 0.849685 0.194854 0.0909359 0.425262 0.294356 0.278485 0.861524 0.994754 2.63329 15.7592 73.5002 105.382 129.072 150.935 174.779 179.291 189.274 197.948 206.188 177.501 152.097 140.993 131.346 125.325 121.314 119.086 117.755 115.324 116.414 117.532 119.048 121.735 127.37 134.309 146.319 174.065 193.683 186.102 175.6 162.825 146.535 125.981 99.3364 68.9214 14.7169 3.97222 2.99392 0.885719 0.143671 -0.167558 -0.495584 
0.577297 0.242945 0.828608 0.334408 1.48309 0.755983 0.72048 0.786327 0.982599 0.973171 0.502312 0.283214 0.201636 0.282664 0.759254 0.391832 0.537241 0.723122 0.50699 0.939871 1.2464 2.6577 14.5215 72.7125 105.773 128.11 160.552 175.842 181.148 193.678 199.509 206.837 177.967 152.505 141.489 133.661 128.042 123.193 119.999 117.625 117.527 115.629 117.265 118.864 122.575 126.633 134.357 144.36 168.151 197.142 186.919 177.705 163.828 148.548 127.765 102.202 70.8429 18.341 5.13822 2.1588 2.09959 0.80813 0.0646092 -0.837402 
0.142678 0.882988 0.512254 0.794798 0.73731 0.751486 0.474784 0.431258 0.342074 0.778934 0.792078 0.0749916 1.01592 0.881483 0.561154 0.377231 0.0935425 0.426851 0.542504 0.548076 1.41287 2.76311 13.5772 72.999 105.989 136.876 181.637 173.208 179.238 190.814 198.888 206.399 181.975 156.611 143.794 136.148 129.892 126.94 123.72 121.484 120.296 120.152 120.986 122.925 125.312 129.776 136.859 147.53 165.176 209.726 194.723 183.247 171.898 156.358 139.919 116.277 82.7302 28.2998 -0.638082 -0.05161 -1.03025 -1.00554 0.0952727 -0.515983 
-0.011161 0.501236 0.458276 0.238678 0.500169 0.855556 0.364377 0.614824 0.848392 0.571049 0.352389 0.222804 0.610707 1.03055 0.612569 0.416301 0.209076 0.374794 0.430179 1.27891 1.26242 5.22319 57.8683 95.7666 123.144 158.613 191.914 196.81 195.23 206.392 211.158 216.747 190.798 165.086 152.634 144.146 137.161 133.291 131.56 128.805 127.326 126.706 127.609 129.464 134.381 141.043 150.299 162.436 183.78 245.696 244.372 238.35 224.671 208.25 187.4 167.129 142.282 123.019 108.215 94.521 78.3393 51.5478 6.29582 -0.94399 
1.04262 0.587348 0.342554 -0.131212 0.571723 0.485819 0.0983648 0.378534 0.687317 0.69446 0.104528 0.140004 0.737859 0.559206 0.724315 0.258825 0.488486 0.187111 0.904214 0.947991 2.11395 7.90469 62.2196 102.673 129.898 169.6 206.291 222.442 231.023 234.143 229.736 227.96 207.968 181.241 168.235 162.132 158.175 156.289 155.167 154.978 156.39 160.251 162.613 165.296 168.794 173.478 182.169 193.125 218.303 278.719 282.241 286.001 283.57 261.643 220.841 206.244 192.03 175.37 157.048 137.347 116.148 88.9457 50.5009 -1.99128 
1.14512 0.592997 0.950169 0.227095 1.20319 0.447171 0.0950282 0.249906 0.404111 0.340079 0.726091 0.46597 0.428261 0.427449 0.553409 0.777962 0.261679 0.483597 0.577087 0.571263 1.2513 30.28 81.7248 114.325 143.138 173.333 213.165 231.588 242.747 247.049 243.962 243.46 225.632 199.161 187.086 180.17 174.122 170.144 168.577 167.31 167.489 168.803 170.419 172.576 176.511 182.711 190.738 200.603 227.313 278.919 280.758 287.399 282.343 240.405 228.048 213.658 197.864 183.735 164.456 145.105 124.053 97.9107 64.0888 0.332304 
0.573758 0.417437 0.0497662 0.742853 0.833904 0.226549 0.149193 0.214135 0.172545 0.598428 0.571788 0.945048 0.460496 0.388884 0.748802 0.577912 0.215771 0.355114 0.363683 0.666913 0.176277 36.8854 86.6495 115.043 141.891 167.803 204.378 228.26 244.563 250.035 249.347 250.71 237.096 203.21 191.205 181.774 178.1 174.706 172.399 171.022 171.348 171.651 171.861 176.016 180.966 187.884 196.397 207.038 229.292 278.396 279.638 277.047 262.455 240.639 232.335 216.578 201.586 185.878 167.869 145.575 121.978 93.6301 50.8844 -2.13812 
0.96773 0.128716 0.25488 0.479266 0.0268613 0.199112 0.478844 0.141876 0.706478 1.0198 0.549227 0.483906 0.613462 0.510033 0.349716 0.364006 0.393665 0.872146 0.512636 0.71939 1.02481 16.7697 74.9526 108.108 136.442 163.203 186.31 219.833 234.84 248.142 252.181 248.157 238.708 203.07 190.919 181.429 175.97 172.718 170.806 169.571 169.193 170.246 171.266 174.21 179.367 185.97 192.9 206.04 226.828 269.893 271.307 266.638 252.598 242.396 229.59 213.898 197.946 180.475 158.399 135.594 109.905 75.9996 14.5774 -0.509496 
0.121781 -0.0668997 0.428109 -0.453007 0.762364 0.296452 0.249224 0.987014 0.38085 -0.131981 -0.0270742 0.363314 0.410809 -0.173666 0.128584 0.481174 0.750347 0.413191 0.527678 1.12977 1.32435 1.28094 47.9777 89.9017 120.789 147.199 175.355 204.925 221.304 233.502 244.143 244.761 239.575 200.585 186.429 178.938 173.4 167.647 164.733 164.67 163.782 164.213 165.77 168.004 170.381 175.538 183.621 195.567 213.967 258.726 259.486 251.957 244.39 238.687 224.251 205.867 186.473 166.636 142.364 116.728 84.7819 29.5329 -0.656562 -0.761634 
0.457301 0.580658 -0.125637 0.219013 0.548816 0.448838 0.838441 0.385401 0.447337 0.240045 0.332141 0.77283 0.256921 0.585342 0.125588 0.273556 0.255872 0.346925 0.774759 0.822094 1.47142 2.23972 11.668 68.6175 103.824 133.167 157.006 180.954 205.034 217.31 227.243 236.141 232.492 193.832 179.87 169.129 163.912 158.658 156.375 154.845 152.337 150.815 151.105 152.594 155.653 157.991 165.328 175.46 190.871 228.781 235.156 229.072 219.122 207.874 199.795 185.96 165.992 144.498 115.174 85.5995 31.4314 0.140583 0.48022 -0.123274 
0.558292 0.631177 0.266314 0.0706766 0.413189 0.151834 0.652514 -0.451834 0.687165 0.729707 0.442239 0.588728 -0.0557053 0.482917 0.514718 0.202397 0.430607 0.394168 0.651287 0.882803 1.19261 2.07327 0.50069 50.9338 91.0308 120.076 145.47 163.71 180.513 195.38 214.302 222.802 223.158 184.681 168.803 157.944 151.324 148.562 144.401 141.755 139.973 138.004 138.227 138.639 140.317 146.338 151.429 159.11 173.722 211.312 212.885 205.934 193.84 177.959 178.325 162.825 143.69 122.498 96.8595 60.9615 4.39991 1.71452 0.496732 -0.365595 
0.256797 0.66761 1.06236 0.584105 0.377206 0.920365 0.343047 0.784556 0.521064 0.59926 0.460576 0.393891 0.526923 0.0355148 0.0666294 0.339385 0.458664 0.595968 0.836538 0.921096 1.45695 1.69006 1.00129 49.0465 91.089 118.66 141.459 161.171 177.4 183.797 196.536 204.536 204.332 169.014 153.173 142.825 135.71 133.687 130.791 130.064 128.592 128.808 130.645 131.632 135.731 140.078 145.928 154.532 170.24 206.099 211.475 204.131 193.598 174.779 180.541 162.931 143.739 122.186 95.3419 60.303 3.31589 1.15085 0.411773 -0.527439 
0.784264 0.422101 0.524419 0.260176 0.170641 0.0257268 0.477017 0.425383 0.823838 1.22509 0.519267 0.584477 0.0270464 0.635113 -0.053514 0.565681 0.238423 0.224785 0.307728 0.286206 1.2364 1.65915 1.20918 44.5982 88.3441 117.709 141.879 160.605 174.664 182.349 195.907 205.232 205.773 170.011 152.835 142.677 135.475 134.159 130.334 129.229 126.421 128.034 129.802 131.695 134.789 139.111 145.933 154.498 168.589 206.047 208.56 202.517 192.301 168.804 179.643 160.947 142.742 122.804 95.1411 62.365 4.87889 0.578698 -0.471957 -0.395713 
0.830396 0.42385 0.282224 0.171537 0.627436 0.22132 0.293902 0.249683 0.118275 0.649916 0.423226 -0.180407 -0.29623 0.239022 0.73923 0.443805 0.790912 0.749695 0.672877 0.375224 1.45304 0.512196 1.86013 43.3533 87.4807 116.34 140.478 157.489 176.65 181.957 194.925 203.956 203.106 169.091 152.267 142.332 135.383 132.838 129.93 128.265 128.523 127.701 129.549 130.249 133.06 136.913 143.681 151.744 166.818 201.195 209.375 202.329 191.794 170.686 178.465 160.443 143.91 122.977 94.087 61.9329 4.70335 0.222542 -0.593203 -1.00122 
0.485606 0.516595 0.452856 0.116006 0.329394 0.443391 -0.015121 0.344432 0.40332 0.270367 0.597021 0.303061 0.782023 0.624075 0.891104 0.320063 1.14059 0.393754 0.410498 0.115079 0.30196 1.03743 1.29617 41.6622 86.3904 115.696 139.484 158.037 176.383 177.937 193.882 203.481 203.998 168.179 151.503 142.215 135.52 132.601 129.539 128.019 127.129 126.957 127.323 129.82 132.432 136.845 143.522 151.946 165.014 199.991 209.007 201.207 191.676 172.867 178.335 161.703 144.332 123.598 95.837 61.6768 5.12623 0.210182 -1.06466 -1.20524 
0.298218 -0.0461867 0.117324 1.17455 0.456215 0.304494 0.205722 0.41265 1.24002 0.521444 0.00121433 0.447388 0.47071 0.321931 0.221368 0.420693 0.677003 0.413173 0.142786 -0.133452 1.12739 0.929829 1.74605 38.1171 84.1769 114.232 139.948 157.332 174.684 174.353 192.52 201.887 205.108 166.947 151.959 141.493 135.048 131.23 129.303 127.025 126.458 126.57 126.733 129.96 131.485 136.486 141.82 152.329 164.74 196.038 208.989 202.653 191.921 174.325 173.385 162.887 143.872 122.907 97.4565 65.5986 9.89384 -0.425959 -1.27025 -0.561315 
0.809118 0.0531169 0.0637187 0.252778 0.119045 0.430597 0.642595 0.256528 0.350407 0.499487 0.412164 0.927783 0.347908 0.461699 1.09517 0.348442 0.419843 0.730509 0.635215 0.287887 0.579 1.0851 1.9925 30.9935 81.2887 112.351 135.958 156.577 171.392 177.526 191.308 201.914 207.144 169.073 153.286 143.093 135.358 130.72 130.436 127.619 127.703 126.433 126.288 128.3 130.302 135.018 140.608 149.609 161.892 190.123 208.578 201.675 193.079 180.69 169.564 163.55 146.403 126.435 101.34 70.2529 13.7514 0.29464 -0.462195 -0.956465 
0.687463 -0.107215 0.313182 -0.333613 0.443744 1.09311 0.405057 0.272601 1.59075 0.486253 0.282458 0.462832 0.280396 0.353997 0.278876 0.26486 0.276579 0.852955 0.612849 0.332811 0.810438 1.39711 1.98624 30.8582 80.7845 110.093 135.78 154.844 171.661 177.203 190.705 199.81 207.899 168.94 153.599 141.761 134.326 130.695 128.466 127.34 126.03 126.956 126.846 127.835 131.067 135.051 141.07 148.725 160.46 189.589 208.61 203.354 193.969 180.364 171.4 164.322 147.144 126.424 101.306 69.9322 14.9169 0.414028 -0.594057 -1.36226 
0.495206 0.371229 0.534175 0.173543 -0.111429 0.272587 0.803181 0.566923 0.297736 0.888352 0.555227 0.704596 0.395783 1.15488 0.37312 0.547916 0.343993 0.390116 0.0980685 0.603152 0.541954 1.54644 2.08278 28.3382 79.4473 109.734 135.724 156.31 170.557 175.959 189.955 199.831 207.466 168.687 153.1 142.036 135.195 130.42 128.413 127.935 124.885 124.562 125.972 127.175 131.605 134.033 140.497 147.77 159.942 185.483 209.947 204.567 194.244 180.539 171.047 164.25 148.303 127.479 102.235 69.9312 15.7495 0.808964 -0.630255 -0.903646 
0.438192 0.572856 0.352709 -0.200831 -0.119242 0.654549 0.89562 0.354764 0.365106 0.367982 0.314667 0.321246 0.405925 0.910638 -0.0303896 0.526022 0.133571 0.539934 0.192486 0.514541 0.705534 1.5377 1.49395 26.4296 77.6575 108.955 134.833 155.08 170.853 176.956 190.556 199.358 207.123 173.992 162.03 141.42 134.643 129.568 127.563 126.211 125.431 124.957 125.504 128.04 128.98 133.368 138.662 147.07 159.005 179.664 212.8 204.76 194.306 181.582 171.887 166.331 148.961 129.314 103.249 71.7815 16.5967 1.00708 -0.0195287 -0.634262 
0.777636 0.695201 0.344656 0.081467 0.191994 -0.37217 0.524531 0.472785 -0.477865 0.0314775 0.871367 0.613166 -0.00680669 0.746527 0.331489 0.557912 -0.155558 -0.248279 0.737042 0.475773 0.361495 1.79774 2.23387 26.7666 77.9194 109.224 134.004 154.705 170.497 174.557 187.741 199.144 208.642 169.118 152.56 142.734 134.797 130.465 128.509 127.032 126.31 125.487 126.028 127.903 130.697 133.779 139.083 147.582 158.808 176.695 217.937 204.597 195.465 182.584 170.894 165.792 149.465 129.454 104.909 73.6466 20.3333 1.30851 0.258952 0.528112 
0.36383 1.01459 0.818047 0.0760793 0.752067 0.679354 0.394974 0.286165 0.100879 0.165081 0.159891 -0.0636427 0.131737 0.205879 0.278492 0.401972 -0.116058 0.672177 0.786975 1.04619 1.23281 1.95939 2.82021 24.6912 77.8848 108.803 134.442 154.835 171.688 175.111 187.415 198.677 208.82 169.664 153.847 141.934 134.29 131.246 127.657 126.726 125.169 125.44 126.898 128.46 129.717 133.486 139.656 146.605 158.167 175.267 216.928 206.5 196.703 185.455 171.943 166.081 151.774 131.618 107.606 76.4638 22.3411 2.60289 1.44232 0.743695 
