0.0663152 0.305748 -0.179431 0.00405917 -0.0982913 0.283614 0.0783551 -0.0816507 0.371208 0.173802 0.368875 0.157073 0.241519 0.115613 -0.119412 -0.0329939 0.114596 0.329777 1.37359 -0.642638 53.4855 89.0809 117.596 140.497 159.27 168.588 180.305 190.076 199.678 212.194 172.032 153.7 139.913 135.163 130.228 128.549 124.928 124.732 125.44 125.853 129.097 131.959 138.12 144.72 155.476 167.373 202.504 205.747 197.468 188.232 175.948 174.084 158.476 141.095 117.531 90.058 54.5466 -2.69811 -0.728709 -1.49536 -1.29487 -1.48302 -1.37722 -1.5272 
-0.0306959 0.124155 0.444863 0.101036 -0.0477952 -0.428253 0.0968966 0.0801788 0.0178734 -0.00639269 -0.305821 -0.0605579 -0.0286948 0.300335 0.126599 -0.0385355 0.520938 0.485486 1.31296 -1.22121 53.2334 89.256 117.445 140.024 158.548 167.048 178.969 190.733 199.857 213.614 171.864 154.155 141.651 134.429 129.702 127.303 126.052 126.532 124.969 126.931 130.042 131.494 138.167 145.073 154.424 168.587 202.77 206.556 197.467 187.245 173.709 175.494 159.32 140.868 118.489 90.8487 55.1647 -2.42444 -0.342762 -1.45549 -1.66991 -1.35415 -1.25579 -1.12767 
0.2307 -0.289041 -0.192419 0.205933 0.243681 -0.0880035 0.169522 0.532188 0.328337 0.556698 -0.121614 0.400069 -0.228567 0.326576 -0.103975 0.17753 0.35529 0.16391 1.38692 -0.760882 52.0052 90.0765 118.071 140.441 158.52 169.356 180.308 191.459 200.256 213.443 171.1 155.051 141.074 133.734 130.281 127.583 125.09 125.276 126.106 126.938 129.848 132.694 137.4 145.963 154.819 168.118 204.366 206.64 199.751 185.987 174.841 175.086 158.394 141.097 117.969 91.1891 55.0037 -2.57655 -0.574776 -1.50609 -1.30956 -1.42987 -1.27344 -1.4357 
0.173762 -0.566558 0.463335 -0.0158726 0.224407 0.271856 0.153286 -0.102119 -0.0126872 0.0724087 0.243646 -0.0118095 0.368278 0.162789 0.121183 0.0157933 -0.0111791 0.548831 1.43923 -0.60372 52.0934 88.9585 117.742 140.094 158.986 172.004 176.193 190.41 197.173 213.553 172.073 155.411 145.882 137.218 130.228 127.981 126.248 125.479 126.166 127.653 130.546 133.742 138.94 145.667 156.504 169.777 203.869 205.466 199.127 187.511 177.016 175.461 158.792 141.459 118.974 90.7528 55.9125 -1.9548 -0.0507839 -1.02664 -1.44288 -1.36546 -1.75462 -1.57609 
-0.0884059 -0.269557 0.136502 0.547996 -0.25889 0.257893 -0.333602 0.273439 0.0704268 -0.165773 0.0578246 0.200687 -0.170598 -0.119208 0.10146 -0.367869 0.370115 0.562533 1.45303 -0.228716 49.4583 89.7734 118.24 141.446 159.885 169.588 179.517 191.506 200.666 214.284 173.347 157.325 141.999 135.024 130.069 129.46 126.255 125.243 126.372 126.67 130.704 133.891 138.79 145.071 156.647 170.443 204.507 206.313 198.71 189.492 173.698 177.349 160.459 141.981 119.876 92.5712 56.6516 -1.38559 0.166193 -0.749027 -1.22728 -1.53067 -1.28576 -1.47247 
0.517294 -0.156969 0.417852 0.0236002 -0.092007 0.123144 -0.254405 0.57791 0.21255 0.287345 0.575735 0.149406 -0.316731 0.0388492 0.177014 0.143218 0.629171 0.597703 1.51927 0.0489682 50.9974 89.7704 118.179 141.413 159.495 169.26 179.917 192.742 200.752 213.519 174.867 156.905 144.543 138.689 130.587 129.393 128.639 125.549 127.645 127.243 131.67 134.174 137.477 146.027 155.239 170.958 205.685 207.603 200.198 188.718 178.295 175.632 160.609 142.335 120.458 92.4184 57.4966 -0.81205 0.541298 -0.87603 -1.348 -1.39785 -1.02792 -1.81101 
-0.01681 0.173913 0.00417728 0.281497 -0.18153 0.345075 0.0132478 0.252449 0.169598 0.124562 0.140961 -0.185289 0.142409 -0.34559 -0.12689 0.366067 -0.024887 0.908487 1.87102 1.95153 43.9696 87.193 116.48 139.424 158.366 173.804 176.911 190.666 200.537 207.789 185.757 159.728 143.314 136.94 132.574 130.018 128.441 127.086 127.863 129.28 131.551 135.202 140.163 146.339 155.509 168.788 202.15 209.186 202.745 192.724 175.841 182.517 163.494 145.715 124.404 97.4056 62.2813 4.14717 0.972148 -0.248794 -1.22905 -1.16745 -1.68325 -1.25962 
0.0979918 0.25671 -0.242411 0.176545 -0.149963 0.234461 0.264683 0.250847 0.321786 0.0502888 -0.061718 0.276575 0.0908751 0.206876 -0.004214 0.205835 0.741235 1.27744 2.12829 2.23737 38.6496 86.6843 116.04 139.181 157.677 177.042 176.256 192.375 201.222 208.3 190.454 162.094 145.014 138.074 134.162 130.673 128.952 127.988 128.963 129.051 131.658 135.96 140.492 146.234 156.851 169.2 204.196 210.665 204.175 193.676 176.517 183.41 164.679 147.826 126.176 99.661 65.8143 7.15956 1.17322 0.124974 -1.22988 -1.12094 -1.1469 -1.25573 
-0.0759778 -0.259496 0.229496 0.0157354 -0.0121244 0.202132 0.180315 0.178922 -0.0711911 0.351956 0.148616 0.0320548 -0.249546 -0.0341229 0.181925 0.538187 0.67538 0.94704 2.44194 2.86588 41.9678 87.2627 116.187 139.648 158.554 177.876 175.476 191.959 201.068 207.284 192.412 162.116 145.841 137.93 132.854 130.019 129.056 128.535 129.287 129.945 132.187 134.769 139.414 147 157.747 171.397 203.752 212.451 205.639 196.173 180.077 185.727 165.974 148.374 126.513 99.5388 63.2389 5.83339 1.15788 -0.347702 -0.57097 -1.44685 -1.39171 -1.052 
0.208272 -0.14882 0.0766578 -0.309683 0.638838 0.162604 0.109012 0.208693 0.382601 0.200242 0.377148 0.135206 -0.231426 -0.29985 0.215897 0.0588615 0.760271 1.41765 1.97812 1.64135 34.7248 84.4866 115.153 139.911 160.949 178.319 180.264 195.342 203.948 212.411 196.395 165.515 149.492 142.108 137.677 134.36 133.13 133.197 133.428 135.697 139.148 143.957 148.709 155.466 164.823 178.038 213.076 221.513 214.698 203.622 191.697 192.108 179.465 162.734 141.491 116.082 85.5298 38.5714 1.40523 -0.00535072 -0.868106 -1.28659 -1.48554 -1.38276 
0.255199 0.375399 0.228252 -0.0965365 0.350008 -0.202793 0.033644 0.095985 -0.340179 0.117043 0.213199 -0.0882386 0.190852 0.307487 0.137877 0.0614077 0.867022 1.09973 0.945202 34.8117 87.5542 115.814 140.494 161.823 178.309 196.28 199.286 211.853 219.942 225.067 211.001 179.582 164.203 156.204 152.507 149.82 147.929 148.319 147.1 148.651 151.668 156.476 160.72 166.987 177.042 191.237 229.034 240.238 236.943 230.967 223.29 219.045 208.933 197.958 180.725 151.776 124.704 89.1085 32.3313 2.49376 -0.775646 -1.14516 -1.31523 -1.34629 
0.33402 0.252952 0.113208 -0.0951986 -0.355707 -0.0341416 0.324318 0.156236 0.048258 0.205182 0.153564 0.281752 0.228704 0.119783 0.274531 0.41825 0.71611 1.62846 6.6119 63.4576 99.3458 130.967 159.492 186.623 201.938 218.059 227.411 235.855 244.108 251.366 235.33 197.96 177.812 169.606 165.452 161.197 160.198 159.486 161.017 161.466 164.76 170.365 175.758 183.305 192.547 206.813 244.816 255.396 251.297 242.317 231.97 223.057 213.983 203.552 190.913 165.794 134.657 110.9 86.7383 53.5033 0.534078 -1.53844 -1.10705 -1.47043 
-0.273551 0.0107509 0.0602821 0.100596 -0.0151611 0.0322399 -0.0735227 0.271989 0.539167 0.0991254 0.144787 0.104189 0.195628 0.456293 0.229068 0.778612 0.583752 -0.0525476 38.8191 90.1709 120.927 153.189 176.561 192.854 205.546 220.434 232.433 242.37 251.13 256.995 243.888 199.735 181.999 178.258 178.487 176.047 175.339 174.864 173.379 175.793 178.205 182.092 187.636 193.46 203.969 217.773 254.533 268.931 263.73 257.967 248.629 236.893 230.78 219.592 205.552 191.417 159.324 130.045 104.506 75.3051 16.0844 -1.03769 -1.48547 -1.39687 
0.00829637 -0.0258523 -0.0235306 -0.0842753 0.192802 0.159177 0.0174627 0.106232 0.0254367 0.0941363 -0.13015 0.0259954 0.0632285 0.302474 0.51828 0.262176 0.488238 13.4397 70.3639 102.914 133.585 169.242 184.825 197.646 213.539 228.345 243.337 250.755 255.736 261.068 232.006 192.796 180.31 185.012 184.529 181.616 179.54 178.249 177.81 178.584 179.428 182.884 187.704 194.581 205.028 218.408 251.623 272.616 267.457 257.79 250.84 237.327 228.725 220.852 208.762 196.279 168.833 139.639 110.071 75.8574 13.3313 -1.16432 -1.44235 -1.2736 
-0.0877319 -0.248153 0.0801808 -0.13868 -0.097777 0.425351 0.0424019 0.0137084 0.0958237 0.398018 0.167111 0.0333418 0.610448 0.117062 0.423885 0.206769 0.552419 14.4995 72.652 103.844 141.814 172.559 185.855 199.045 215.23 230.756 240.007 249.524 255.222 240.251 226.645 191.932 178.104 174.136 176.921 180.903 177.546 176.457 174.544 175.253 175.726 177.386 180.564 182.141 189.573 200.035 231.857 249.215 242.47 233.502 222.996 209.972 201.893 189.449 172.434 150.038 123.452 81.2288 23.8569 10.7775 0.995242 -0.337067 -1.80778 -1.56708 
0.063821 0.357648 0.417125 0.10941 0.151488 0.15401 0.466463 0.114981 -0.16353 0.00696067 0.205054 0.128817 0.509933 0.496202 0.25962 0.456279 0.773234 2.70977 40.9882 58.7411 106.597 139.223 163.719 172.848 189.518 202.102 211.004 219.531 198.013 194.783 187.883 155.973 137.819 131.676 127.811 127.742 130.983 135.337 138.147 136.156 132.974 130.582 136.522 142.563 152.815 164.872 194.656 215.316 208.101 200.335 190.176 181.117 168.629 147.351 125.501 99.7679 63.7735 10.8044 1.87214 1.29547 -0.309265 1.15765 0.450614 -1.0126 
-0.36948 -0.072836 0.129802 0.151807 -0.150939 -0.28716 0.161005 -0.180344 -0.0133874 0.259747 -0.0184176 0.123653 0.0642955 0.24889 0.325283 -0.163715 0.763969 1.05538 0.824999 1.29533 10.0205 51.0203 94.0877 119.52 140.484 157.715 167.082 162.393 146.814 150.97 154.394 126.157 113.429 108.1 106.095 105.585 105.3 106.148 112.328 119.528 124.268 125.387 129.349 135.593 143.475 156.489 182.917 205.914 199.383 190.314 180.524 171.652 152.383 134.145 111.16 81.6687 29.4087 3.4776 0.820306 1.07906 0.578941 -0.105826 0.180201 -1.16683 
0.0536337 0.586697 0.184299 -0.405975 0.0339421 -0.0250586 0.0580751 0.251197 -0.0637307 0.157627 0.529951 0.24339 -0.106689 1.09004 0.257489 0.367831 0.93547 1.03971 1.93181 2.0506 3.63337 33.3723 79.8291 108.493 133.004 153.647 167.497 139.096 132.182 137.005 150.31 122.257 108.558 104.113 102.72 100.043 99.9051 99.968 101.337 104.705 110.828 121.004 129.391 134.001 141.579 153.677 176.562 207.221 196.995 188.584 178.741 168.318 150.86 132.139 111.25 80.2485 29.5436 2.51821 1.26478 0.47697 1.64098 0.658738 0.84513 -1.50488 
0.296874 0.4877 -0.17275 0.177396 0.334687 -0.063674 -0.0570338 0.229934 -0.187724 0.08577 0.398965 0.162945 0.240198 0.298294 0.320894 0.289234 0.634343 0.909756 1.4199 2.17623 2.65578 26.2997 75.8755 105.696 129.431 149.3 161.511 127.414 120.192 121.822 149.631 120.725 107.249 102.94 99.7062 98.4964 97.1917 97.4547 98.8709 99.8251 103.218 106.703 119.274 131.679 139.24 151.816 169.878 208.91 197.471 188.198 176.437 166.194 151.342 131.96 108.022 79.734 27.4509 2.42119 1.30331 0.84262 0.921678 0.415386 0.600372 -1.56678 
0.518237 0.12843 0.273831 0.218118 0.475938 0.0704632 0.12347 0.00100128 0.487081 0.0634008 0.405982 0.245379 0.132868 0.351938 0.358938 0.637261 0.613317 0.639763 1.1419 2.02616 2.49306 23.1912 72.7172 103.715 128.106 146.734 158.742 122.108 111.633 106.4 151.462 119.773 107.298 103.396 98.6065 96.2956 95.7039 96.4582 95.3474 96.0787 97.9712 102.027 108.224 121.16 137.412 148.693 165.98 205.88 196.51 186.92 177.091 162.979 150.3 131.842 107.377 80.2538 27.3371 2.31473 1.24649 0.993074 0.699439 0.417321 0.72555 -1.57898 
0.352121 -0.0656189 0.122552 0.426761 -0.146652 -0.818163 0.0113261 0.295232 0.254674 -0.274785 0.0752626 0.43006 -0.0578259 0.161196 0.543281 0.215389 0.145409 0.184938 0.469665 0.876509 2.48928 20.6981 67.9107 100.636 125.544 144.735 155.897 120.31 105.713 103.065 143.65 119.259 105.7 100.757 97.718 95.083 94.4339 93.682 95.5035 95.7207 96.7023 99.5482 103.952 111.626 131.392 147.892 164.652 203.039 195.712 187.028 176.147 163.254 150.248 131.802 107.812 77.836 27.1043 2.43488 1.13453 0.328792 0.652026 1.01222 1.9084 -1.45129 
0.0209908 -0.0432586 -0.05372 -0.244866 -0.257354 -0.055216 -0.184 0.294283 0.0584261 -0.106788 0.0131597 0.14041 0.225517 0.0200414 0.157509 0.543865 0.0921356 0.229533 0.199624 0.910625 2.0709 15.4996 67.5822 98.9863 124.52 145.17 157.623 121.739 104.142 100.829 137.131 119.649 107.135 100.904 98.2424 95.3897 93.8901 93.9657 94.1918 94.561 96.59 98.0947 102.041 107.116 120.566 146.935 162.536 201.935 193.999 186.341 176.243 164.955 149.25 131.11 107.445 79.3063 28.0314 2.0726 1.29605 0.682295 1.22188 0.939445 1.71678 -1.44162 
0.0477323 0.53772 0.194002 0.455819 0.12814 -0.0246819 0.14098 0.294625 0.458755 0.295803 0.373391 0.134023 0.32676 0.240691 0.40365 0.153841 0.130076 0.00794606 0.29353 1.08868 2.03905 5.83426 72.2659 97.4356 123.537 143.145 161.284 125.627 103.869 100.258 133.254 122.051 106.854 102.918 99.2809 95.9841 94.1591 93.043 93.7397 94.5185 95.7702 98.751 101.296 106.179 115.699 143.348 161.276 199.157 195.004 185.981 175.211 163.813 151.092 131.544 108.309 77.8798 29.3537 3.2875 2.05273 2.2688 1.11804 1.87555 3.23931 0.0987965 
0.114186 0.55152 0.575164 0.00442686 0.216461 0.27447 0.218282 0.54657 0.199033 0.243002 0.191067 -0.0240886 0.0391484 0.215137 0.374443 0.389938 0.277384 0.573878 0.207193 0.819223 1.31822 0.856504 66.0019 94.3236 119.85 141.379 159.515 136.658 108.374 102.309 125.064 127.902 108.117 102.763 99.5199 97.1366 94.6773 93.5267 93.2813 95.2363 95.8876 98.2499 100.486 105.942 112.908 135.918 157.792 193.033 194.598 186.163 177.279 165.759 154.573 134.168 111.338 82.8776 36.1357 3.16731 3.21729 1.95418 2.32987 2.55814 -1.30868 1.51112 
-0.00885556 0.730215 0.470451 0.122326 0.395463 -0.405478 0.0735654 0.531916 0.395761 0.113841 0.129078 0.142396 0.119088 0.491485 0.999049 0.483678 0.283032 0.230646 0.556553 0.799188 1.57576 -0.917495 58.9205 91.7207 117.325 140.031 156.264 152.858 109.654 105.078 120.239 135.106 110.09 104.368 100.894 97.4418 95.9709 94.5713 94.0526 94.9088 95.5582 97.8795 100.886 105.805 112.177 132.51 156.271 191.421 194.771 188.641 179.115 164.486 153.767 135.018 113.065 83.8947 39.0434 3.32604 2.35259 1.57369 1.87234 2.0207 0.635802 1.51136 
-0.056304 0.202369 0.370627 -0.805269 0.103322 -0.0875468 0.132121 0.190497 -0.013047 0.405137 0.300693 0.269672 -0.023992 0.418503 0.24394 0.306468 0.390388 0.531822 0.037235 0.820767 1.47275 0.40254 52.7875 90.1666 116.136 139.771 155.01 165.003 113.084 108.439 121.117 138.232 111.606 105.243 101.788 98.4721 97.3877 95.6457 95.2858 95.8418 96.3464 98.6631 101.215 106.718 113.123 130.006 155.472 188.701 194.59 187.922 178.082 165.533 154.194 136.554 112.571 84.936 40.4708 3.16246 2.6792 1.58135 1.59395 2.0615 1.334 1.11874 
-0.0177672 0.418211 0.279276 0.228783 0.175844 -0.122137 0.106157 0.227803 0.200241 0.359768 0.280478 0.499872 0.121232 0.437161 0.224467 0.319308 0.189521 0.35504 0.341305 0.415881 1.2865 0.634533 48.8629 87.584 116.397 138.056 157.555 171.585 119.148 112.08 123.107 143.62 114.122 106.439 102.862 100.259 98.0491 96.9758 97.1753 96.8023 97.5408 100.389 102.529 107.138 115.239 131.186 152.71 185.868 194.874 188.555 177.997 165.25 154.816 135.692 113.412 84.8905 41.0595 2.71747 2.43682 1.80401 1.2744 1.17462 1.28302 2.00621 
-0.343879 0.234169 -0.0972768 0.121992 0.07681 0.078059 0.410341 -0.0956779 -0.226916 0.000510172 0.0568226 0.0492123 0.163776 0.180074 0.309543 0.10651 0.36455 -0.089281 0.447302 0.449496 1.33596 1.32806 45.1564 86.1568 115.146 137.247 157.655 175.746 126.797 117.167 125.946 149.409 116.207 109.05 104.313 100.291 99.298 97.7778 97.8492 97.9225 98.8547 100.987 103.697 109.037 117.344 134.247 150.74 181.794 194.671 188.096 177.803 165.582 155.41 135.938 113.232 84.8538 43.6848 2.46103 2.30596 1.10835 1.17147 1.37741 1.39514 1.46355 
0.136236 0.241067 -0.0970323 0.221588 0.335408 0.253854 -0.193263 0.515812 0.300945 0.110246 0.315388 0.0911713 0.106677 -0.0452134 -0.104894 0.393669 0.146368 0.436809 0.284968 0.502812 0.872205 1.74577 40.5632 84.9753 114.641 140.936 157.242 173.044 145.73 124.146 133.019 151.489 118.794 110.819 106.643 102.516 100.593 99.4056 99.7833 100.084 100.866 103.338 106.355 111.219 120.119 138.363 149.971 179.987 195.929 188.509 178.707 166.565 155.25 136.86 113.088 86.0605 45.0608 1.28304 2.14551 1.42409 1.50427 1.03893 1.23049 1.01905 
-0.321987 0.549478 0.737016 -0.182401 -0.0495307 0.0114861 0.254946 -0.201697 -0.313275 -0.112416 0.253392 0.0748769 0.158739 0.514345 0.212688 0.368037 0.145685 -0.32001 -0.218567 0.358764 1.49372 1.66825 34.7643 86.0236 116.995 138.773 155.985 170.8 166.086 134.897 143.675 157.589 121.387 113.844 109.076 105.104 102.527 101.134 101.145 101.752 102.955 104.692 108.527 114.867 127.63 136.017 148.85 177.192 196.087 188.144 178.643 167.385 156.615 136.614 115.586 86.5116 46.3439 0.88872 2.04977 1.52414 1.04642 1.09063 1.18092 0.844549 
0.0442345 0.322434 0.2556 0.19359 -0.0638835 0.22515 0.452262 -0.22992 -0.339787 -0.0794387 0.38303 0.0907677 0.419373 -0.0293365 0.37485 0.0166656 0.268555 0.203364 0.0748952 0.285445 0.933425 1.74352 29.6904 86.4406 121.222 137.521 155.538 168.512 175.797 156.855 156.516 164.125 127.113 116.818 112.654 108.126 105.76 104.6 105.012 104.74 105.859 109.237 114.931 122.81 128.414 136.835 148.092 174.189 196.193 187.844 179.619 168.662 155.256 136.233 114.459 86.5311 48.7347 -0.119928 1.78971 1.42579 1.58167 0.907166 1.50646 0.719887 
-0.038064 0.0808697 -0.726094 0.649907 -0.0964392 -0.0139097 0.0814465 0.346728 -0.0016362 0.0374004 -0.0548504 -0.0785147 0.511594 0.251671 0.059959 0.267641 0.0429358 0.215881 -0.221374 0.406138 0.607466 2.11142 26.1571 94.6169 112.69 136.063 156.537 169.138 175.14 183.784 178.133 176.077 135.184 124.018 117.56 113.869 111.548 110.548 110.003 111.407 114.087 117.294 119.893 123.876 127.47 135.065 146.438 167.024 199.148 189.047 179.459 168.083 155.255 136.777 115.289 88.5829 51.6026 -0.330556 2.62803 1.33814 1.61607 1.24493 1.20628 1.2746 
-0.58643 -0.743562 -0.915332 -0.885086 -0.837744 -1.00148 -1.09862 -0.828733 -1.20168 -1.14669 -0.669736 -0.663918 -0.381155 -1.01226 -0.218104 -0.701534 -1.00916 -0.317123 -0.810104 -0.611285 -0.0283865 1.21997 24.5058 88.0237 110.074 133.6 152.477 164.346 174.196 183.307 191.549 195.405 150.74 137.346 131.36 123.341 120.485 117.873 117.031 115.488 116.887 117.733 119.821 122.337 126.875 134.185 145.293 161.979 200.742 189.094 180.7 167.34 156.587 138.481 117.239 89.8346 55.0683 0.369816 2.87394 1.74137 2.50423 1.80062 1.96137 1.94296 
-0.937002 -1.49665 -1.12135 -1.33239 -1.33764 -1.46284 -0.900783 -0.735953 -0.853239 -1.04044 -0.921782 -1.45812 -1.26511 -0.866446 -0.867043 -1.23498 -1.02079 -1.0064 -0.857363 -0.960288 -0.311331 0.712193 24.7452 84.1247 109.306 133.336 154.315 162.76 174.41 186.34 192.438 198.918 151.765 138.396 130.748 124.841 121.465 118.397 117.904 116.816 116.74 117.877 118.212 122.323 126.962 134.151 145.282 160.102 199.723 189.978 180.201 168.828 156.263 138.013 117.23 90.2816 56.0375 0.99241 2.8386 1.96414 2.49747 1.49343 1.50923 1.567 
-1.83016 -1.289 -1.39493 -1.23077 -1.87342 -1.19464 -1.24538 -1.60761 -1.23531 -0.651157 -1.07824 -1.08842 -0.973197 -1.0666 -0.932358 -0.702524 -0.943707 -0.806791 -1.05705 -1.79055 -0.158223 0.500724 23.447 81.6095 109.481 131.541 152.541 164.085 174.793 186.118 192.987 202.081 153.143 140.179 131.362 126.213 121.492 119.392 117.132 117.192 116.213 118.068 118.927 122.972 126.729 134.037 144.562 159.134 196.149 188.85 180.396 168.597 156.744 139.703 118.41 91.4802 56.9691 2.60762 2.59199 2.06011 1.66473 1.55741 1.69564 1.60893 
-0.564979 -0.590541 -0.484835 -1.17873 -2.32397 -0.92524 -1.75714 -1.24632 -1.01945 -1.71788 -1.48275 -0.762316 -1.30168 -1.66213 -1.2332 -1.02866 -1.21797 -0.72233 -0.96048 -0.378452 0.122658 1.17065 21.6429 80.3904 107.603 135.24 148.023 162.399 174.997 185.883 194.437 200.407 155.915 141.688 133.33 125.534 122.646 119.486 117.212 116.33 116.768 117.318 119.602 122.198 126.408 133.455 142.793 157.222 193.865 189.032 180.409 169.062 157.628 140.141 117.953 91.7759 58.5584 3.55314 2.46702 2.21603 1.44547 1.71143 0.764784 1.64488 
-1.48615 -1.20881 -1.41371 -1.4104 -1.31843 -0.930079 -1.05367 -1.73892 -1.44245 -1.58142 -1.27523 -1.3194 -1.04314 -1.09142 -0.983568 -1.12274 -1.08857 -0.121929 -0.520483 -0.660741 -0.483439 0.822789 19.9489 78.5778 107.686 136.409 146.715 162.707 175.43 184.961 194.081 198.49 155.694 141.7 133.423 126.224 123.015 119.894 118.264 116.73 117.313 117.902 120.182 121.965 125.943 132.186 142.761 158.011 193.12 190.924 181.335 170.467 156.988 140.443 120.098 93.3611 59.3845 4.5439 3.32971 1.83358 1.56748 1.86292 1.44041 1.62088 
-1.61054 -0.937463 -1.73529 -0.965135 -1.54981 -1.49993 -1.73562 -0.887806 -1.65114 -1.02056 -1.28207 -1.42603 -1.66205 -0.529486 -0.730228 -0.811973 -0.734462 -0.752128 -1.12614 -0.886218 0.182973 0.270379 19.7142 76.1678 113.943 128.215 147.075 162.431 175.437 184.876 194.604 198.281 157.946 143.012 134.305 128.184 123.288 120.808 117.205 117.128 117.071 117.855 118.963 122.623 126.095 131.569 153.72 155.674 191.452 189.742 182.404 170.323 158.155 141.11 119.906 95.3379 60.373 5.55515 2.29063 1.65677 2.00207 1.63669 1.26416 1.62225 
-1.69654 -2.02913 -1.17645 -1.35286 -1.10441 -1.39509 -2.16623 -0.852711 -0.698411 -1.25102 -0.62111 -1.17515 -1.31446 -1.09905 -0.919599 -1.14931 -1.15949 -1.13894 -0.974618 -0.620672 -0.0182654 0.423778 17.6042 84.9971 109.329 127.068 146.237 162.104 174.835 184.017 193.661 200.972 160.391 145.405 135.019 128.368 123.631 121.38 118.063 117.425 116.777 117.437 119.253 121.295 126.183 132.092 141.105 155.023 190.017 189.635 181.635 171.085 159.525 141.45 121.125 95.5251 62.7102 7.94039 2.77529 1.75318 1.49432 1.33716 1.6972 1.54708 
-1.21154 -1.00779 -0.926498 -1.7955 -0.74726 -1.01014 -1.68751 -1.33135 -1.24384 -1.29899 -1.14226 -1.10138 -0.726953 -1.59167 -1.41285 -1.02471 -1.37607 -0.984276 -1.03242 -0.67358 0.549439 2.27054 21.1766 77.6469 104.773 125.658 146.641 162.63 174.93 185.589 194.384 201.72 161.165 145.8 134.325 128.493 125.667 120.677 117.913 117.905 117.29 118.272 119.215 121.982 125.923 131.368 140.631 152.781 187.855 190.715 182.618 171.435 162.016 143.117 122.607 98.2952 64.4435 9.77067 3.89828 1.75317 2.0168 2.42353 1.57886 1.74501 
-0.921648 -1.62076 -1.16851 -1.22576 -1.08894 -1.51656 -1.31669 -1.06422 -0.598728 -1.38261 -1.50043 -1.30353 -1.44359 -0.660349 -1.42643 -1.08741 -1.35241 -0.494437 -1.35624 -0.530333 -0.949039 2.69704 20.2678 67.7832 105.501 124.67 145.76 162.296 174.731 185.505 192.638 200.516 167.058 148.429 136.387 129.439 124.265 121.225 118.756 117.693 117.554 118.129 118.717 120.835 126.588 130.788 139.122 151.176 186.035 191.541 184.258 172.33 161.856 145.588 126.204 101.654 69.5098 14.4416 4.55776 3.05909 2.3784 2.82394 2.29062 1.83049 
-1.15561 -1.17701 -1.5541 -1.21224 -1.2273 -1.18125 -1.39656 -0.454033 -1.19202 -1.18811 -0.674156 -1.50424 -1.2331 -0.763877 -1.40561 -1.32122 -1.05613 -0.495519 -0.344316 -0.346794 1.6738 3.8141 10.7006 69.1314 98.7304 126.752 144.569 160.752 173.354 184.574 193.656 200.775 171.712 148.894 137.094 130.677 125.535 122.132 119.136 117.901 117.208 117.786 119.811 121.142 125.081 129.831 136.851 149.045 180.079 193.138 183.978 173.86 162.566 147.15 128.509 104.546 74.4133 19.4606 4.55902 4.07245 3.53643 3.2037 2.72425 2.35464 
-1.08188 -0.952598 -1.44596 -1.18958 -0.919107 -1.1006 -1.5602 -1.38074 -0.945892 -1.23793 -1.7024 -0.6682 -1.0329 -0.681452 -1.21707 -1.3723 -1.00729 -2.53566 -1.25096 -0.617851 3.61247 6.66725 10.5116 67.4343 98.3052 126.859 144.854 162.364 174.849 184.736 192.742 200.542 174.005 150.089 139.508 131.496 125.525 121.701 120.052 118.861 116.713 117.419 118.654 122.159 123.892 129.522 136.228 147.653 175.082 192.657 186.03 174.941 162.501 148.846 130.255 105.917 77.238 23.1882 5.88021 4.56516 4.0679 3.40508 2.7681 2.898 
-0.857375 -0.903815 -0.839997 -1.3542 -1.01155 -0.94764 -0.556239 -0.855132 -0.416473 -0.711508 -0.640983 -1.61147 -1.1407 -1.07523 -0.915519 -1.06775 -0.867331 -0.664661 -0.565088 0.175928 11.3722 10.017 13.6138 67.6446 99.8367 124.045 144.655 160.936 173.591 184.073 193.413 199.462 176.008 151.158 139.065 132.306 127.161 122.688 119.559 118.742 117.86 118.287 119.005 120.877 124.718 128.879 136.935 147.572 173.258 194.57 186.697 175.759 165.097 149.771 132.399 109.721 79.1726 25.9898 6.48392 5.81662 5.15636 4.21571 2.86378 2.97195 
-1.67211 -0.861433 -1.36998 -1.39109 -0.842428 -1.10796 -1.64374 -1.28192 -1.38264 -0.533884 -0.797972 -1.5559 -1.17056 -1.02081 -0.799887 -2.29562 -1.29856 -0.952294 -1.45786 9.98175 14.8638 5.31069 10.2327 63.9916 97.8751 124.899 144.681 163.254 176.027 187.301 194.865 203.987 180.319 154.455 142.045 134.23 128.536 125.227 122.124 120.751 120.315 120.639 122.812 124.644 128.162 131.843 139.115 149.96 170.008 201.944 191.472 180.352 168.108 158.617 141.657 119.16 92.6902 50.1578 6.54203 5.19246 4.03263 4.84826 6.15819 5.8642 
-1.36748 -1.70203 -1.76947 -1.29887 -0.968257 -0.952257 -1.73735 -1.15295 -0.705506 -1.05263 -1.23987 -1.21629 -1.18366 -0.445468 -1.41934 -1.6006 -0.823257 -1.42103 -1.6187 10.0523 15.974 15.0518 50.0838 89.3089 118.644 142.281 161.051 171.837 185.455 195.035 203.571 211.736 187.451 162.466 150.474 141.941 135.837 131.391 128.595 125.596 128.174 133.383 136.393 141.213 145.211 150.363 159.068 171.866 189.114 232.972 219.197 212.68 201.895 199.472 197.733 186.171 165.724 145.855 135.89 110.507 87.8621 57.5415 10.7242 1.03728 
-0.896468 -1.08179 -1.09225 -1.75886 -0.86631 -1.15321 -1.54248 -1.04715 -0.862485 -0.862957 -1.40071 -1.07175 -0.483687 -1.55542 -1.09563 -1.385 -0.575304 -1.0998 -0.683598 4.8314 18.7428 26.2572 82.8165 115.238 142.356 163.022 172.456 185.355 196.325 207.61 221.299 230.75 212.772 188.089 176.615 170.512 165.35 162.477 161.983 162.862 164.164 163.296 165.128 169.349 173.906 180.111 187.793 197.818 212.899 260.737 249.056 239.934 230.429 224.755 225.853 223.581 217.877 202.291 178.631 152.68 119.247 87.1892 49.5392 -0.160108 
-1.53655 -1.18472 -1.10663 -1.22638 -0.494741 -0.947225 -1.39346 -1.29678 -1.22953 -1.58137 -1.07328 -0.50554 -1.38496 -1.1636 -0.739276 -1.08921 -1.32581 -1.34116 -0.391351 -0.816265 10.8789 50.9075 103.376 133.199 160.308 179.836 187.738 202.267 218.129 228.627 239.241 249.133 227.657 202.302 189.411 181.623 174.978 171.472 170.033 168.456 168.167 171.251 172.49 174.921 180.432 184.635 193.066 203.478 223.647 269.042 260.985 251.739 240.279 233.306 231.903 224.853 216.622 211.229 166.028 139.945 119.548 95.9676 65.6311 10.9584 
-1.03019 -0.85652 -1.254 -0.988697 -0.446621 -1.76591 -1.73027 -1.06385 -1.47858 -0.724314 -0.997188 -0.69928 -0.673563 -0.987317 -0.891952 -0.659791 -0.838484 -1.02412 -1.12067 -0.165188 -3.80252 61.8973 110.423 138.402 165.023 179.6 188.991 203.804 218.208 232.302 242.204 249.743 234.223 206.605 194.072 185.548 179.205 176.343 173.004 172.13 172.114 171.983 174.532 177.053 180.163 186.522 192.938 204.351 221.982 267.022 258.861 254.683 245.686 233.915 232.185 221.64 210.352 191.804 164.188 144.44 119.512 95.8038 63.0367 6.25901 
-1.00156 -1.41802 -1.58019 -1.24928 -1.53376 -1.28054 -1.51386 -1.50108 -0.813477 -0.825089 -1.32466 -1.31216 -0.745215 -0.751849 -1.69133 -0.825889 -1.1318 -0.794075 -0.213179 -0.75415 -0.656445 36.0952 96.8287 135.797 161.336 179.591 185.742 201.667 216.615 228.855 239.854 246.958 239.854 205.129 192.692 183.441 178.61 174.668 172.763 170.893 169.163 169.535 170.297 171.354 174.405 180.325 186.555 197.996 215.818 259.234 251.099 245.418 237.056 232.418 223.833 214.983 203.018 183.557 161.885 138.207 113.78 82.0988 34.0048 -0.471147 
-1.56587 -1.22638 -1.45068 -1.90291 -0.929428 -1.59531 -1.29346 -0.543967 -1.30717 -1.5774 -1.37701 -1.24391 -1.13027 -1.39476 -1.20891 -1.13967 -1.12982 -1.07783 -0.615702 -0.124882 0.225791 6.22368 66.4797 124.772 149.787 172.986 183.455 196.843 212.69 224.112 235.864 243.967 239.891 202.514 188.635 180.806 172.443 168.487 165.555 162.525 159.864 161.638 159.98 162.158 164.753 169.227 176.53 187.822 202.822 244.712 240.03 233.387 227.248 220.68 212.486 202.883 188.926 174.305 152.103 123.021 89.3648 44.2439 1.16376 0.418175 
-1.36177 -0.861973 -1.48057 -1.38003 -0.964736 -1.02991 -0.915121 -1.39483 -0.997881 -0.910619 -1.27989 -0.802055 -1.42351 -1.0151 -1.23998 -1.02784 -1.28993 -1.31535 -0.705501 -0.667523 0.00617744 0.861849 22.9123 81.7117 133.684 160.62 178.592 191.052 206.168 215.595 226.891 235.46 231.844 195.172 179.106 168.404 161.634 155.367 152.528 150.41 147.3 145.619 145.792 146.617 150.834 154.623 160.802 171.881 186.155 222.865 221.697 215.766 205.552 197.652 191.462 181.507 167.016 146.281 118.459 85.1112 37.2013 1.77993 1.58403 0.697181 
-1.11403 -0.631414 -1.4132 -1.60961 -1.22568 -1.39382 -0.941961 -1.65248 -1.16322 -0.605822 -0.981726 -0.828133 -1.57359 -0.75943 -0.871887 -0.902704 -1.26636 -1.63276 -0.445932 -0.543824 0.11157 1.31641 -0.250323 55.9468 93.4911 131.833 159.926 178.946 195.707 202.666 213.851 220.62 220.666 181.857 168.066 156.072 148.655 143.529 140.162 135.921 134.326 133.49 135.457 135.59 137.92 143.15 149.835 159.408 174.043 209.495 210.652 203.3 193.062 180.025 175.619 160.763 143.555 120.668 95.0005 61.3955 -0.071443 2.18076 1.23479 0.565171 
-0.993197 -1.00367 -1.10778 -1.23746 -0.66062 -0.863867 -1.33231 -0.87665 -1.02118 -1.08589 -1.60991 -0.940143 -1.35465 -1.7977 -0.994541 -1.29864 -1.47621 -0.905898 -0.834884 -0.243583 -0.376762 0.471365 -0.768125 52.2609 91.4495 119.656 143.073 158.605 174.239 181.556 194.972 203.788 204.065 167.446 153.689 144.206 137.779 134.776 131.655 131.107 129.43 130.001 130.713 133.248 136.506 141.706 147.38 158.289 173.194 206.009 209.404 202.616 192.114 178.994 176.389 161.028 142.972 119.408 96.3387 60.0513 -0.436755 2.20583 1.08126 0.115127 
-0.625409 -1.19868 -1.10623 -0.971902 -1.25025 -1.45331 -1.19256 -1.05797 -0.696919 -0.39539 -1.17896 -1.24005 -1.86141 -1.04085 -1.18837 -1.22102 -1.41032 -0.934964 -1.41986 -1.56848 -0.689639 0.534928 -0.884893 47.669 88.2612 117.03 141.03 159.741 173.971 183.626 194.542 203.419 204.952 167.314 153.914 145.09 138.3 134.885 131.264 129.832 128.807 128.434 130.028 130.931 134.937 139.933 146.628 157.212 170.792 206.549 209.034 202.082 192.096 177.791 176.408 161.119 142.135 119.571 93.4216 58.4314 2.11005 1.78252 0.64839 0.363682 
-0.750735 -0.961109 -1.38861 -1.62579 -0.658163 -1.00704 -1.18007 -1.11538 -1.24014 -1.0073 -0.756657 -1.94661 -1.1234 -0.92862 -1.36563 -0.844535 -0.89167 -0.938416 -0.77206 -1.12191 -0.36362 -1.34865 -0.503247 45.9366 89.1772 116.844 139.607 158.497 172.611 183.941 192.956 202.593 204.508 168.465 153 143.962 138.503 133.581 131.119 128.918 128.189 128.604 130.296 130.135 134.834 139.88 145.214 155.926 169.147 201.888 208.552 200.902 189.302 173.913 178.289 159.878 142.7 120.255 92.5635 57.5494 2.46142 0.996061 0.190854 -0.0656714 
-1.46046 -1.13297 -0.969571 -1.13076 -1.18314 -0.86489 -1.49881 -0.930084 -1.16015 -1.11685 -1.01691 -1.29174 -0.562135 -0.760474 -0.554423 -1.12546 -1.17678 -1.23169 -1.32486 -1.18062 -0.63644 -0.362873 -0.626822 43.8494 87.2474 116.32 139.412 157.681 172.811 181.041 192.885 202.619 204.413 167.871 153.163 143.374 136.182 133.137 128.696 127.863 127.173 128.25 129.16 131.888 134.6 139.163 145.505 155.338 167.262 201.826 208.974 200.381 189.006 173.735 179.699 161.151 142.829 120.659 94.4874 60.7552 2.40539 0.877599 -0.253046 -0.520039 
-1.322 -1.35601 -1.13054 -0.676725 -1.12985 -1.21456 -1.26685 -1.30194 -1.01339 -0.613492 -2.11665 -0.72342 -0.798805 -0.994771 -1.11971 -1.04466 -1.17028 -1.3571 -1.25445 -1.25434 -0.985403 0.00715555 -0.0816742 41.7104 83.901 113.365 138.352 156.879 171.369 176.229 191.953 200.598 204.245 166.956 154.474 143.704 138.529 133.252 130.117 127.763 126.065 126.567 126.975 129.511 132.865 137.49 144.06 154.2 166.057 197.564 209.402 201.409 191.189 173.871 178.413 160.55 143.152 121.742 94.6397 63.0335 5.95711 0.481366 -0.234645 0.171698 
-1.13272 -1.32323 -1.25963 -0.989496 -1.67982 -0.960565 -0.844518 -1.20349 -1.0205 -1.50342 -1.3511 -0.520994 -1.15796 -0.97249 -0.690583 -1.27565 -1.01774 -0.666072 -0.725934 -0.776777 -0.920949 -0.171584 0.444962 32.298 81.3489 111.043 136.655 155.614 176.438 170.697 191.102 199.606 206.071 168.271 154.191 143.7 137.024 132.852 129.871 127.76 126.588 127.016 129.315 128.935 133.508 137.086 143.681 152.706 165.174 192.449 209.359 201.957 190.94 182.309 173.587 162.767 144.848 124.991 99.1739 66.741 9.97853 1.00745 0.217768 -0.131676 
-0.910397 -1.72491 -1.04115 -1.44214 -1.14311 -0.72171 -0.800722 -1.32874 -0.237465 -1.19894 -1.23878 -1.23988 -1.08841 -0.894391 -0.68886 -1.14934 -1.23112 -0.174845 -1.11163 -0.904311 -0.822 -0.0375174 0.367732 33.0461 80.52 111.038 135.573 153.628 175.515 168.982 189.348 198.181 206.016 168.747 153.37 144.533 136.925 133.029 129.648 127.929 126.71 126.93 128.021 128.897 132.26 136.143 143.064 150.286 163.235 188.819 209.437 202.364 194.11 181.963 175.186 163.208 146.237 124.975 99.7498 67.2861 11.1204 1.0367 0.0817226 -0.53593 
-0.949684 -1.4334 -0.860699 -1.50495 -1.32743 -1.12472 -0.653312 -1.07198 -1.48006 -0.866053 -1.20773 -1.39497 -0.717732 -0.560269 -0.91411 -1.00424 -1.22629 -1.06971 -0.937756 -1.08589 -0.922194 0.0553513 0.461883 29.1993 79.3593 110.166 134.068 156.012 175.563 168.011 189.341 199.38 207.26 167.812 153.412 143.582 135.276 131.687 128.842 126.889 126.365 126.085 126.445 130.284 132.652 135.66 141.645 151.862 163.173 187.867 207.441 203.747 193.162 180.957 174.556 164.47 147.743 126.179 100.527 66.888 12.4226 1.34076 0.0904324 0.178285 
-1.10901 -0.817711 -0.875395 -1.69175 -1.39944 -0.694812 -1.04885 -0.946231 -1.32035 -2.21927 -0.825081 -1.27287 -1.13314 -0.723227 -1.34802 -1.33046 -1.20439 -0.993158 -1.01797 -1.14133 -0.448559 0.32207 -1.14997 27.5416 77.78 109.089 134.408 153.994 173.946 168.674 188.672 198.359 206.496 184.553 153.629 143.79 136.763 131.589 128.02 125.994 125.163 125.453 127.052 128.653 131.538 135.827 141.412 150.011 162.436 184.069 211.817 202.625 193.662 182.956 174.433 165.567 148.29 127.508 101.398 69.2065 13.3289 1.86965 0.447677 0.32471 
-0.542085 -1.07683 -1.32684 -1.56083 -1.03408 -1.50268 -1.41824 -1.09557 -1.46006 -0.742125 -0.388952 -0.849855 -1.30563 -0.750498 -1.1857 -0.581068 -1.39615 -1.52543 -0.53929 -1.03348 -0.617763 0.297513 0.84607 27.5677 78.7914 109.109 133.691 153.688 172.585 165.271 187.679 198.837 210.642 169.624 152.379 143.709 137.413 132.934 128.855 126.813 125.915 125.153 127.872 128.655 132.47 136.222 141.534 150.67 161.762 178.292 214.658 202.92 194.595 183.656 175.591 165.414 148.656 128.787 102.53 71.0782 16.0398 1.87164 0.996461 1.1221 
-0.527854 -0.656009 -0.88802 -1.0268 -0.834277 -1.02945 -0.932691 -0.841824 -1.14249 -1.02744 -1.03997 -1.52659 -1.05632 -1.66215 -1.16534 -1.35435 -1.01398 -1.15671 -0.391971 -0.208492 -0.156673 0.719731 1.35375 26.1932 77.0182 107.789 134.033 153.522 173.077 167.932 187.222 197.104 210.403 170.385 153.105 144.265 136.522 132.315 128.467 126.999 125.994 125.958 128.048 127.948 131.98 135.78 141.787 149.317 160.731 177.24 216.463 204.4 194.009 184.771 176.698 167.146 150.54 129.259 104.585 73.9726 17.704 3.37253 2.32514 1.2567 
