-0.789407 -0.36844 -0.601748 -0.737055 -0.742902 -0.599539 -0.936581 -0.738603 -0.721564 -0.791259 -0.991232 -0.497076 -0.787399 -0.739025 -1.09478 -0.501217 0.578877 8.76627 63.6779 97.123 123.696 144.385 161.633 168.138 180.593 191.461 199.14 203.91 167.453 152.253 142.663 135.338 131.337 128.804 127.866 126.779 127.141 127.83 130.427 132.554 137.461 143.003 153.656 167.141 204.235 204.161 198.464 189.642 176.475 170.437 155.394 135.98 112.171 83.8636 37.0713 0.756678 0.194155 -0.491668 -0.37875 -0.417712 -0.755848 -0.261317 -0.486958 -0.27237 
-1.05697 -0.869632 -1.1089 -1.06314 -0.710298 -1.47088 -0.955923 -1.2633 -1.02026 -1.03972 -1.28557 -0.875092 -0.75245 -0.878177 -1.04091 -0.36031 0.936667 8.01119 64.284 97.4439 123.404 144.917 160.841 168.162 179.778 190.903 199.586 205.234 168.606 152.148 142.667 134.516 131.299 129.46 128.475 126.572 128.134 128.53 129.572 133.822 138.306 143.714 153.728 168.073 204.741 204.151 198.733 189.697 177.869 170.419 155.878 136.926 113.231 84.0891 37.9838 0.874383 0.126365 -0.416358 -0.403548 -0.467429 -0.221238 -0.525262 -0.565157 -0.290033 
-0.742254 -1.23068 -1.14149 -0.661335 -0.837096 -0.842826 -0.837562 -0.5119 -0.562064 -0.685108 -1.10718 -0.849118 -0.877993 -0.775745 -0.99899 -0.377227 1.1473 7.98738 64.2535 97.5414 124.481 145.612 161.655 169.582 181.249 190.027 201.368 203.867 168.16 152.375 143.158 136.468 131.978 127.968 128.173 126.968 126.982 128.409 130.541 133.666 137.09 143.682 152.779 168.982 204.738 204.781 197.864 188.464 177.244 170.609 154.567 135.857 113.132 83.234 36.5772 1.13671 0.249205 -0.480225 -0.0755888 -0.376049 -0.282885 -0.323388 -0.326638 -0.496745 
-1.07748 -1.14062 -1.0585 -0.81863 -0.871831 -0.796463 -0.868563 -1.05408 -0.867604 -0.812482 -0.893214 -1.10484 -0.596027 -0.662956 -0.761844 -0.164714 0.555369 9.24294 64.2962 96.3522 123.308 144.535 161.887 168.242 182.15 191.208 201.155 204.347 176.707 152.264 142.481 136.401 132.457 129.24 127.951 127.445 128.467 128.074 131.337 133.797 138.71 144.758 154.78 169.949 205.901 205.863 197.15 189.071 177.969 171.067 155.496 136.302 113.454 85.4347 39.5226 1.1131 0.744248 -0.449468 -0.544247 -0.272878 -0.343335 -0.617293 -0.511416 -0.577093 
-0.963096 -0.904406 -0.814441 -1.05555 -1.48041 -0.729405 -1.41832 -0.751411 -0.859915 -0.465883 -0.697204 -0.48595 -0.747814 -0.929305 -0.516361 -0.0565495 1.28699 7.71284 64.1799 98.2608 124.107 145.63 162.922 168.815 182.022 192.931 200.853 205.463 172.138 153.526 144.563 137.342 132.226 129.749 128.31 129.044 127.422 128.978 132.725 134.677 138.828 144.593 154.743 168.567 205.689 204.572 198.093 188.717 175.462 171.653 155.611 136.063 112.297 84.1263 37.2644 1.70628 1.08676 0.308634 0.331129 -0.169556 -0.461363 -0.350842 -0.168175 -0.241473 
-0.626262 -1.00885 -0.534878 -1.45492 -1.36908 -0.964356 -1.20916 -0.858533 -1.09181 -0.762333 -0.663009 -0.733431 -0.861275 -0.638433 -0.562735 0.518378 1.75272 9.12102 65.9179 98.2849 123.493 145.31 162.614 170.516 183.443 193.382 200.48 207.209 172.005 155.625 144.818 137.839 132.018 130.907 128.669 129.106 127.39 129.337 132.552 134.04 138.64 146.01 154.816 170.139 208.175 206.098 199.267 188.725 174.938 172.245 156.689 137.922 114.867 86.5079 41.053 1.8873 1.39975 0.591545 0.410602 -0.0834039 -0.104546 -0.0760343 -0.223599 -0.0226106 
-0.785847 -0.938344 -0.94508 -0.895444 -0.890745 -0.706253 -0.838295 -1.08028 -0.842938 -0.831224 -0.797507 -0.851207 -0.721395 0.0423071 0.0382742 0.817179 1.67297 6.28768 63.2634 96.7736 123.67 144.886 161.764 170.151 183.896 192.069 200.323 210.894 172.293 155.791 145.762 138.247 133.8 130.29 129.735 128.177 128.031 128.66 132.82 134.25 138.481 146.046 154.9 169.412 206.273 206.528 199.173 191.131 176.558 173.665 158.72 140.656 117.677 90.4553 50.9684 1.11946 2.0853 1.19031 0.564538 0.0663739 -0.355141 -0.0858129 -0.468814 -0.137129 
-1.04765 -1.00191 -1.24503 -0.738569 -0.92502 -0.844558 -0.914065 -0.662482 -0.865576 -0.98778 -0.838815 -0.673021 -0.42758 0.0375463 0.708466 0.990968 2.26657 4.47592 60.7506 96.4572 122.462 144.128 162.521 170.385 183.652 193.506 201.595 211.213 172.396 157.618 146.208 140.12 135.467 131.865 130.285 129.723 130.2 131.353 134.179 136.445 139.93 147.966 155.472 169.906 207.831 207.998 201.375 191.617 180.703 174.246 158.343 140.773 118.444 91.1976 50.7519 0.648765 2.99822 1.5964 0.35249 0.568801 0.116947 -0.299209 0.0587283 -0.250815 
-1.1647 -1.03473 -0.871932 -1.20984 -0.911158 -0.935844 -0.855868 -1.00611 -0.93883 -0.966582 -0.719034 -0.408689 -0.287455 0.0771019 1.2877 1.9517 2.67953 6.02766 64.472 96.6632 123.518 144.488 160.943 172.732 183.497 192.483 203.559 211.173 173.911 156.967 146.506 140.527 135.691 131.91 129.157 128.917 129.267 131.325 132.791 135.827 139.932 146.89 156.763 171.184 208.65 210.082 201.587 191.945 180.606 174.764 160.235 141.569 119.244 91.2617 51.9404 -1.19745 2.43619 1.69541 1.04625 0.764586 0.0759999 -0.357578 -0.283388 -0.233742 
-0.892847 -1.01921 -0.820271 -1.03975 -0.71901 -0.720297 -0.911759 -0.857022 -0.928043 -0.981821 -0.886036 -0.504295 -0.18432 0.21215 0.574923 1.71972 1.58204 22.6465 68.9109 101.139 125.566 146.114 162.284 174.054 185.057 193.797 203.543 213.864 172.122 158.198 146.647 138.91 135.014 132.588 129.896 129.615 130.168 131.309 132.911 136.322 140.775 147.392 156.565 172.483 210.363 210.647 204.799 195.593 182.464 180.117 167.573 152.547 135.765 113.579 90.0972 54.4789 2.37657 -1.78398 0.0286872 0.564598 0.543722 -0.47562 -0.252166 -0.158978 
-1.25823 -0.848861 -1.2577 -1.04253 -1.08398 -1.09673 -1.01216 -0.743471 -1.11065 -0.960093 -0.50928 -0.334508 -0.331974 0.399682 1.10328 4.65203 30.1417 77.9083 105.463 130.847 152.165 170.501 185.051 194.766 205.811 214.011 220.895 232.697 190.652 172.826 160.985 152.456 146.747 143.74 141.11 140.699 140.131 141.777 143.983 146.599 153.143 161.227 171.365 186.452 225.778 226.241 221.028 212.188 203.277 194.445 182.359 168.509 150.432 127.29 105.319 78.5696 55.3602 54.7 21.6546 4.21999 0.131521 0.178503 -0.129212 -0.141983 
-0.995968 -0.601631 -1.32593 -1.30072 -1.26956 -1.0578 -0.999618 -0.893914 -1.03771 -0.704033 -0.654163 -0.438569 -0.139643 0.889126 31.4393 69.8109 90.75 112.617 132.289 150.525 168.61 183.985 197.084 209.389 216.325 224.348 229.752 239.064 196.07 179.664 167.503 157.944 151.561 148.458 145.449 145.087 144.586 145.549 148.946 152.067 156.797 164.09 173.605 190.322 229.167 232.735 227.819 219.461 210.9 204.266 192.061 181.033 168.036 153.018 138.092 122.961 101.038 76.9208 36.778 20.3279 1.42259 -0.141446 -0.343214 -0.310004 
-1.05367 -1.11782 -0.641527 -0.825604 -0.787348 -1.13728 -1.26239 -1.03399 -0.981786 -1.29802 -0.776755 -0.467473 0.218286 18.0091 57.9034 90.8565 111.165 131.356 149.268 166.377 183.05 197.76 210.378 223.434 231.692 237.827 244.703 249.566 207.378 190.239 177.759 170.404 163.05 158.671 148.785 145.277 146.585 149.831 157.654 160.999 168.575 176.771 187.154 204.491 242.022 248.785 244.249 239.159 232.938 222.628 212.275 199.313 184.681 168.509 150.543 132.41 109.967 84.8486 55.2829 23.8821 14.288 2.55296 -0.701395 -0.0999991 
-1.07637 -1.06067 -1.0838 -1.16848 -1.23862 -0.868698 -0.723508 -0.966079 -1.03788 -0.921821 -0.740729 -0.602474 9.21627 30.6449 61.0785 94.6823 115.221 137.173 154.093 171.69 189.289 203.441 216.374 228.095 238.053 243.481 249.3 256.717 212.594 196.29 183.502 174.598 168.483 155.851 147.401 146.118 146.644 152.763 164.972 169.372 173.963 182.41 192.024 208.778 250.755 256.247 251.95 243.845 236.594 229.311 216.542 203.136 187.556 169.599 151.474 133.354 111.038 87.2403 53.564 23.8697 19.184 12.6079 7.09949 2.75255 
-1.01764 -1.40985 -0.918874 -1.02192 -1.34712 -0.783555 -1.13104 -0.849737 -0.786391 -0.548509 -0.716151 5.23457 14.0392 27.6631 58.3061 94.6532 115.151 135.017 152.805 169.38 186.499 202.74 215.876 227.597 238.651 246.844 249.735 254.307 211.585 192.831 182.067 171.505 152.155 144.877 140.807 140.696 140.479 143.008 146.587 158.016 168.214 177.109 187.85 202.866 242.909 250.496 247.762 240.731 234.204 224.054 209.84 192.618 174.397 154.151 129.303 100.025 78.4418 54.5688 23.7604 12.7987 10.3082 8.12385 5.55121 4.05465 
-1.18198 -1.10251 -1.00269 -1.0823 -0.901982 -1.08448 -1.11055 -1.12004 -0.847509 -0.913191 1.98176 6.82334 9.38061 11.2446 31.5225 48.7754 64.6772 73.4 95.3195 126.949 146.019 165.028 182.382 188.687 194.118 201.638 207.857 218.858 182.11 167.598 150.6 134.353 125.619 122.938 122.076 121.616 120.889 121.653 123.828 127.445 130.148 138.372 158.618 177.865 211.691 215.911 206.831 197.402 187.885 174.754 157.307 139.783 116.094 88.2272 40.8847 4.15167 3.77682 2.38918 2.83852 2.5192 2.05349 1.86773 1.70467 1.59911 
-1.06942 -1.19108 -1.04181 -0.890325 -1.26339 -0.954482 -0.893924 -1.12656 -0.801137 -0.779984 1.20223 15.435 3.16474 2.11169 2.65111 2.56497 3.65913 4.63689 7.25071 59.9126 96.5666 122.759 144.098 160.548 171.707 181.198 189.912 202.158 160.037 131.079 118.097 110.097 105.097 102.566 102.772 101.583 101.982 102.766 105.45 108.024 110.653 117.229 128.55 148.283 195.456 201.089 195.272 187.306 175.828 163.172 148.265 127.436 101.233 71.8994 14.8445 3.52156 2.6484 2.43054 1.08867 1.35327 1.05481 0.82523 0.542121 0.624915 
-0.961993 -0.587526 -1.12292 -1.04022 -0.9267 -1.1966 -1.31305 -0.789053 -0.775344 -0.776821 -0.901012 2.25358 8.19628 0.512591 1.97146 2.12221 2.34124 3.02251 5.02514 50.3865 90.0025 117.867 138.328 155.249 168.402 180.426 189.61 193.085 139.434 122.092 112.229 105.176 101.537 98.5048 97.4012 96.4484 97.7572 98.4249 100.809 102.664 108.564 113.04 122.803 135.278 174.262 195.809 194.994 185.232 175.051 162.529 146.965 126.28 100.234 69.6253 13.9781 2.95659 1.92343 1.82447 1.29305 1.40398 0.988525 0.756215 0.682553 0.628855 
-0.995233 -1.02293 -1.31323 -0.807706 -1.11756 -1.23906 -1.05849 -1.03046 -0.89028 -0.765437 -0.516055 -1.38906 11.2341 1.97029 1.26149 1.74057 1.96207 2.89709 1.33945 47.7868 86.2683 114.041 137.691 153.146 165.595 177.506 181.427 175.239 133.778 117.764 108.697 102.529 98.0747 96.7524 94.9901 94.3958 96.1618 96.6018 98.4229 100.474 104.619 110.749 116.983 129.837 164.926 175.611 189.242 182.642 174.127 161.693 144.996 124.674 98.219 66.5117 12.5877 2.46652 1.34386 1.15969 1.31447 1.22474 0.963638 0.535918 0.975008 0.797279 
-0.820397 -1.00315 -1.0378 -0.983217 -0.806619 -1.11105 -0.727124 -0.755849 -0.443896 -1.0648 -0.357534 -0.534402 5.32572 7.66115 0.612475 1.22995 1.6681 1.70842 0.745081 44.0061 84.2163 113.102 134.759 151.815 164.011 176.214 165.823 169.295 133.59 115.726 106.22 100.272 97.4505 94.3283 93.336 93.4385 93.3203 94.285 96.0895 98.6252 102.347 106.31 114.026 125.945 158.498 167.137 172.823 183.385 171.542 159.985 143.162 121.949 96.4532 65.1035 10.1779 2.28624 0.871937 0.962761 0.741317 0.752839 0.880279 0.836158 0.791404 0.770442 
-0.906274 -0.816334 -1.22489 -1.18595 -1.20191 -1.55727 -0.836224 -0.732464 -0.507813 -1.094 -0.474483 -0.765859 5.87654 6.0654 0.73806 0.473218 0.859098 1.21609 1.56571 38.43 82.7853 110.292 133.47 149.377 163.94 171.75 156.982 158.207 134.126 114.336 105.989 99.9375 95.7379 93.9984 92.8802 91.4758 92.4127 92.6894 95.5212 97.6975 101.255 105.365 113.361 124.595 155.79 160.61 162.315 179.976 171.547 158.542 142.662 121.866 95.038 64.934 8.35186 1.61524 0.671445 0.810416 0.469357 0.4774 0.639058 0.816793 1.2068 1.11374 
-0.784942 -0.948909 -1.01738 -1.23571 -0.863555 -1.13316 -1.15664 -0.854642 -0.830258 -1.10856 -0.66674 -0.798172 6.51535 9.51489 0.830262 0.742173 0.471514 1.84507 2.02154 34.7609 80.3749 109.039 132.847 149.23 161.382 168.691 154.185 154.226 135.498 114.163 106.6 99.8429 95.1515 93.3663 92.2849 92.0409 91.7757 93.0748 94.2057 96.9699 99.9722 104.414 111.671 122.823 154.504 155.474 157.472 176.933 170.278 158.642 142.526 120.497 93.9779 63.8764 8.83649 1.74521 0.60888 0.806461 0.694151 0.818974 1.17781 0.660369 0.81135 0.650691 
-1.2822 -1.2106 -1.0879 -0.627497 -1.06431 -1.30788 -1.05375 -1.04819 -0.863246 -0.872169 -1.02483 0.279979 4.95091 12.6628 1.60528 0.744689 0.249702 1.69927 2.316 31.5403 79.746 107.469 131.904 148.229 160.2 167.347 152.957 153.344 136.415 114.323 105.842 100.203 95.383 94.4098 92.4609 92.2593 91.6844 92.6194 93.8308 95.6343 99.3154 104.793 111.557 122.36 152.269 153.458 154.684 172.916 170.101 158.618 142.565 120.594 94.0906 63.8827 9.6903 2.21929 1.51971 0.829073 0.811527 1.46616 1.09448 1.47094 1.8804 1.11804 
-1.17644 -0.832238 -0.870357 -1.4242 -1.31155 -1.23657 -1.23981 -0.56016 -0.913095 -1.10749 -0.871734 1.53542 0.491371 16.7369 0.484074 0.922473 0.485638 1.88685 3.04501 25.4739 75.6157 105.293 128.739 145.977 158.058 169.973 153.302 151.962 141.715 116.252 106.863 101.131 95.779 93.7267 93.1351 92.4949 91.9587 93.5876 94.9005 96.9046 99.4799 104.088 110.832 122.447 150.585 151.719 153.86 172.621 170.378 159.551 143.948 122.67 95.8668 66.623 14.6504 2.65014 1.11605 1.11638 1.64358 1.58174 1.82299 1.28079 1.59341 1.66775 
-0.721814 -0.579148 -0.904026 -1.14834 -1.01792 -1.09201 -1.18115 -1.13415 -0.891974 -0.958076 0.647505 1.65711 1.49631 15.4366 0.350014 1.25096 0.862403 0.813546 3.51264 21.251 73.2825 102.341 126.777 144.245 157.607 170.78 157.707 151.469 143.914 117.996 108.155 101.739 96.4305 95.6302 93.6217 93.1505 92.5737 93.328 94.5674 97.1782 99.8754 104.137 112.014 121.544 148.875 151.944 152.902 174.399 170.635 160.394 145.29 123.504 96.4017 66.8726 16.0445 2.78969 1.51785 1.49983 1.45576 1.7448 1.51882 2.02081 2.0501 1.79505 
-1.24041 -1.10435 -1.18574 -1.71071 -1.10881 -0.80985 -0.972647 -0.818286 -0.883403 -0.0284317 1.05337 0.442938 0.589334 13.4023 1.06686 1.24878 0.799062 1.00776 4.02235 18.6826 72.0053 102.276 126.371 143.95 157.137 169.245 167.145 153.803 146.371 119.078 110.162 103.004 98.663 95.7513 94.6394 93.8559 93.1828 93.9306 95.2419 97.7851 101.037 105.11 111.689 121.618 148.646 152.616 154.106 179.729 171.311 160.061 144.41 124.28 97.2718 66.993 16.5285 2.87566 1.80872 1.55229 1.82588 1.18734 1.64904 1.93411 1.80604 1.93122 
-1.29238 -1.14408 -0.833494 -0.89002 -1.24625 -1.60814 -0.789631 -1.34431 0.00894661 0.920891 0.65346 1.37392 0.58361 8.63797 6.78347 1.23133 0.756087 0.991524 3.2122 18.179 71.1938 100.872 124.811 143.925 156.849 168.097 175.228 156.026 148.519 120.963 110.728 103.849 100.022 96.6506 95.6538 94.8391 94.1331 94.4259 95.867 98.0759 101.083 105.715 112.041 122.652 148.673 154.966 155.219 184.334 171.975 160.756 143.826 124.053 97.6653 67.1811 16.6624 2.7807 1.79466 1.2108 1.42437 1.59399 1.62615 1.32747 1.52326 1.52071 
-1.14938 -1.27 -1.2681 -0.499371 -1.24943 -0.944043 -1.24423 -0.850229 0.383436 0.954189 0.196892 0.845592 0.353699 2.17594 9.62375 1.28582 0.999094 0.420588 2.81247 16.723 70.0839 100.388 124.722 142.686 157.413 168.325 180.867 164.104 151.653 123.741 112.689 104.959 100.86 98.291 95.802 95.3264 95.2424 95.6793 96.242 99.1498 101.845 107.053 113.929 123.941 150.819 159.281 166.875 182.25 172.07 161.029 144.263 123.021 97.2763 67.6556 16.6232 2.45281 1.61002 1.4433 1.22283 1.25865 1.44972 1.6132 1.38316 1.66562 
-1.2017 -1.04743 -1.2348 -0.905518 -1.41267 -1.05877 -1.02648 0.985344 0.748056 0.844347 0.897395 -0.33381 0.878198 -1.27666 16.4104 0.757472 0.666016 0.915352 2.32578 15.9271 68.5363 99.9507 123.142 142.595 156.086 167.854 178.588 179.195 157.834 126.071 114.113 107.02 102.296 100.379 97.9473 96.9296 95.9169 96.942 97.6469 100.515 104.076 109.246 115.507 126.607 152.959 165.193 179.376 182.824 172.748 160.934 144.119 123.52 97.8751 68.8402 17.7884 3.0531 1.3231 1.17212 1.34666 1.13737 1.53294 1.35022 1.6014 1.24597 
-1.50389 -1.11688 -0.810453 -1.24857 -0.92111 -1.25245 -0.0655267 0.302378 0.566976 0.483272 0.220267 0.140093 0.751569 0.443593 12.2812 0.797547 0.34071 0.749611 2.23059 14.7705 67.7346 98.8141 123.004 141.676 155.571 167.784 178.615 188.49 171.335 132.214 118.229 110.165 104.843 102.87 99.5582 97.8845 97.2322 97.308 99.1877 102.018 105.994 110.455 117.447 128.556 156.745 172.069 189.153 182.482 172.891 160.042 144.382 123.601 98.2649 67.9101 18.6294 2.79744 1.54499 1.54667 1.19648 1.48909 1.45613 1.25147 1.53903 1.05101 
-1.23922 -0.849837 -1.05132 -1.05539 -1.2284 -1.06337 1.27782 0.263188 0.192699 0.301107 0.83767 0.763449 0.740395 0.244328 9.37341 1.21706 0.467523 0.859458 1.96795 14.395 67.6162 98.1439 122.908 142.326 155.631 167.359 178.496 185.88 183.305 144.106 124.9 115.692 110.443 104.396 101.846 100.63 99.576 100.127 101.554 104.498 108.927 114.27 121.6 132.859 162.097 189.053 192.187 182.49 172.765 159.898 145.471 123.852 98.6473 69.0399 18.8676 2.68503 1.20408 0.711444 1.06614 1.09252 1.2959 1.06086 1.66425 1.23174 
-1.09637 -0.899379 -1.63524 -0.790273 -0.922792 -0.353958 0.294885 0.0922645 0.397489 0.149196 0.25002 0.399737 0.583381 1.54585 9.30236 1.57668 0.641485 0.876536 1.92944 13.2873 66.3952 97.3603 122.798 141.753 154.852 166.79 178.395 187.028 184.492 149.361 136.642 126.072 118.623 111.807 107.227 106.162 105.304 104.802 105.878 108.983 113.448 120.976 130.091 143.977 175.093 196.726 191.555 182.089 173.344 160.704 144.604 124.603 99.175 68.6461 19.7757 2.73046 1.35139 1.11973 1.35698 1.05106 1.1235 1.30381 1.28549 1.32191 
0.570096 -0.35999 -0.0544564 0.0133788 0.294077 1.3532 1.43181 1.15465 1.03469 1.06639 1.48406 1.50416 1.27085 1.96693 7.11844 1.86441 1.50964 1.73596 2.77941 13.2999 67.1776 99.4378 123.692 143.596 159.281 170.232 181.089 189.254 188.81 152.711 139.537 131.708 121.537 118.117 116.536 114.332 114.323 114.411 115.895 117.851 122.551 126.959 135.843 147.571 175.215 196.006 190.61 182.972 172.097 159.573 144.337 122.269 99.4321 69.8046 20.7672 2.62609 1.48767 0.553484 1.06188 1.00991 1.1981 1.35767 1.58007 1.50124 
0.410435 0.132049 0.30887 0.294979 0.550443 1.14478 1.02981 1.57515 1.14667 1.41752 1.46898 1.4042 0.966118 2.30345 5.02754 1.86893 1.5238 1.99512 2.5419 12.2298 67.2171 98.2649 123.297 142.97 158.013 170.74 180.706 188.966 189.868 157.279 141.153 132.19 121.48 118.625 115.665 114.919 114.593 114.313 115.792 118.397 122.059 126.565 135.582 147.707 174.473 195.979 190.858 182.439 172.935 161.205 143.906 124.054 99.434 70.2824 22.1355 2.72291 1.58318 0.631667 1.14697 0.969348 1.39471 1.39118 1.47892 1.18901 
0.108332 0.160927 0.436961 0.239638 0.592371 0.972355 1.23734 0.597107 1.44285 1.31232 1.46462 1.19931 1.44185 1.92895 2.39196 4.33066 1.49789 1.60361 2.1752 11.8687 66.7226 98.912 122.949 143.284 157.5 170.948 180.497 190.625 190.975 155.819 141.221 132.535 121.695 119.305 116.362 114.872 115.006 114.937 115.687 118.635 121.808 128.521 136.062 148.259 174.434 197.137 191.533 182.851 173.414 159.937 143.47 124.573 99.7133 70.5991 22.0798 2.47156 1.25939 1.08557 1.23396 0.930756 1.03135 1.22194 1.35259 1.73007 
0.477934 0.797458 0.782028 0.477636 0.753335 1.42137 0.743466 1.77001 1.67506 0.981495 2.38844 1.60454 1.62602 1.14928 1.55236 4.37112 1.63946 2.01184 2.59 11.263 66.7337 98.8044 122.886 143.216 158.125 168.928 181.467 188.083 191.454 156.736 141.743 133.083 122.844 119.006 116.983 114.988 115.317 115.39 116.03 119.448 122.608 127.668 135.067 147.493 172.357 199.003 191.177 182.645 172.387 161.377 144.222 124.43 100.824 71.3931 23.3897 2.17808 1.41331 0.796419 0.867929 1.04573 0.897769 1.16541 1.21116 1.44451 
0.0812198 0.176146 0.292394 -0.0143302 0.5994 1.20442 1.40204 1.04878 1.37213 2.05111 1.87427 1.13057 1.60407 1.58235 2.11862 3.35494 2.16634 1.78825 2.69436 10.5716 65.3983 97.7417 122.969 142.128 157.523 169.819 181.169 189.134 194.333 157.893 142.469 133.379 122.433 119.146 116.963 115.477 115.38 114.776 116.601 120.576 123.043 127.767 136.804 148.484 169.948 199.488 190.908 183.85 172.652 160.8 145.596 125.782 101.206 72.2207 24.5611 2.28156 1.32167 1.20815 1.2138 1.09361 1.02876 1.3143 0.949998 1.49147 
0.117764 0.191625 -0.412365 0.247264 0.126946 1.24396 1.30888 1.28328 0.724861 3.32935 2.21375 0.209388 1.1627 2.11046 1.99668 1.66952 2.41877 1.67424 2.44984 10.4116 65.0323 97.9224 122.662 142.934 157.93 170.426 181.928 188.912 196.976 158.233 143.502 140.688 122.57 119.056 116.803 114.746 114.774 116.715 117.014 119.174 123.263 127.226 137.153 147.729 168.585 202.157 192.035 183.942 173.324 160.877 146.045 126.38 100.826 73.4475 26.3108 2.40189 1.2252 0.641753 0.815599 1.1601 1.04567 0.528095 1.13065 1.0647 
0.43773 -0.726047 -0.101875 0.367643 0.211833 0.970943 0.581338 1.46022 2.51784 3.93312 0.470226 1.26127 1.66225 2.75497 1.48977 1.70308 1.67398 1.46723 2.48834 10.258 64.6804 96.7185 121.406 142.894 156.621 170.182 180.226 189.64 195.037 158.404 143.525 134.616 123.467 119.242 117.664 116.134 115.314 116.794 117.038 119.065 122.677 127.296 136 146.915 170.2 200.251 191.867 183.899 173.001 161.695 146.483 126.783 101.958 72.8741 26.772 2.4548 1.36284 0.918814 1.20154 0.573358 0.479459 1.14184 1.31707 1.33022 
0.232362 0.409973 0.148618 0.388883 0.548449 0.4305 0.89199 1.12146 2.62917 3.21467 1.03668 1.42552 3.28857 1.50965 1.06755 0.887606 0.592527 0.967276 2.98947 9.222 64.5263 97.1168 121.903 142.243 157.422 169.77 181.818 190.9 196.668 159.837 144.324 134.398 123.715 120.877 117.014 116.406 115.621 115.957 117.258 120.016 122.27 127.742 135.833 146.438 164.962 203.57 192.588 185.452 176.863 161.875 146.977 126.505 102.901 75.3905 28.467 3.21138 1.78145 1.57908 1.27352 0.705552 1.49087 1.55881 1.34368 1.60097 
0.596904 0.308201 0.0607085 0.187136 -0.287283 -0.180266 0.225205 1.55545 4.44359 4.50104 1.40825 2.82837 0.885616 1.17437 1.02331 1.03788 0.6732 2.28736 2.28721 7.69236 64.0153 96.1645 121.709 140.622 155.833 168.745 181.241 190.469 200.119 162.409 144.976 136.215 124.617 120.579 118.876 116.798 116.239 116.038 117.641 119.714 122.988 127.587 134.409 145.268 162.978 200.649 193.363 185.664 178.05 162.53 149.385 128.747 106.772 77.8519 34.6498 3.18316 2.489 1.77603 1.57303 1.61188 1.08838 0.979241 1.43814 1.5334 
0.236558 0.134839 -0.265131 -0.34194 0.287729 0.583669 0.307977 0.927348 6.00978 5.35444 1.19767 2.01167 1.08316 1.0724 1.78311 1.084 1.42857 2.82685 2.76059 4.0101 60.9731 94.4231 120.064 139.965 155.091 169.353 181.332 190.602 202.207 163.76 147.012 136.305 125.87 120.835 119.075 117.217 116.359 116.156 117.08 118.83 122.956 128.048 134.683 144.864 160.799 199.297 194.459 187.729 176.683 164.422 148.948 131.939 108.762 80.8204 39.8212 3.56646 3.00014 1.97174 1.87372 2.1058 1.63669 1.45961 1.50321 1.67011 
0.00220867 0.0863633 0.279225 0.0832089 0.0386736 0.270608 0.46717 0.171333 7.42844 6.17709 1.45435 2.03846 1.22231 1.85013 1.36023 1.6972 2.11678 1.59171 3.22131 4.80245 61.9091 95.371 121.093 141.263 156.164 169.979 181.135 191.867 204.75 164.64 147.929 137.762 126.352 121.289 118.764 117.178 116.142 116.63 118.18 119.658 122.417 127.566 134.258 144.598 159.214 197.647 194.358 187.383 176.269 164.472 150.674 131.797 109.459 81.8305 42.8024 2.76946 4.17556 3.0802 1.99039 1.65737 1.86187 1.90109 1.66677 1.70409 
0.429108 -0.0838878 0.175957 0.35003 -0.177325 0.373153 0.028301 13.5578 9.7857 6.62945 2.05585 1.93621 1.64079 1.71955 2.1554 1.77721 2.60847 2.90807 3.85506 5.87707 61.0424 95.8548 121.194 141.966 156.653 169.979 181.901 191.164 203.958 162.998 147.984 137.865 126.601 122.062 119.105 118.347 116.916 116.6 118.001 118.261 122.402 127.469 134.084 144.491 159.65 196.404 194.403 187.495 176.508 164.779 152.55 134.411 111.74 84.7374 45.8528 2.15415 4.15168 3.32655 2.84013 2.71856 2.35663 1.94991 1.81915 1.6932 
0.196359 0.470764 0.159523 0.123223 0.0259666 0.306368 -0.951073 9.97722 7.67091 6.21776 3.61388 2.32038 2.06931 2.00307 2.64822 2.40387 3.00804 3.22482 4.41304 6.54466 61.8031 96.6355 122.302 142.098 157.062 170.283 182.452 192.647 205.27 165.106 149.778 137.644 127.791 123.084 120.016 119.012 117.703 118.661 119.138 121.094 125.701 130.765 138.131 146.518 161.637 199.072 198.443 191.416 181.472 171.196 156.584 141.919 125.772 100.737 70.3789 16.7166 4.87926 4.24818 3.90181 3.51269 3.17441 2.34186 2.51019 2.26009 
0.109821 0.235585 0.14489 0.279871 0.186053 0.0588132 -0.179561 0.917255 8.77381 10.7356 10.3045 8.48042 4.87956 3.86127 3.33143 3.90941 4.04321 4.40933 4.68534 24.2223 78.5381 108.785 133.584 151.943 168.81 188.401 200.663 213.039 228.506 186.756 169.671 159.991 146.874 143.437 141.417 140.967 140.967 141.297 143.762 146.87 151.376 158.109 166.936 176.107 191.532 231.418 230.727 224.892 215.268 204.053 193.327 180.668 163.259 143.881 119.371 85.2651 37.3875 20.4166 15.6116 17.5853 17.5038 16.2291 13.9981 11.9753 
0.0104323 0.438491 0.484778 0.00574509 0.21983 0.0729345 0.441051 0.364529 1.02311 7.67953 10.9791 12.4849 14.8944 15.0882 14.3938 14.1824 13.7329 18.0628 43.4096 100.635 130.914 157.972 177.282 200.828 213.434 225.137 233.136 244.644 253.043 212.435 194.447 181.444 168.996 163.826 159.633 158.288 157.371 159.184 158.879 161.969 167.106 172.197 179.755 191.33 206.58 248.157 250.247 244.588 235.323 226.188 215.277 204.316 189.128 172.109 151.743 129.105 100.508 68.0109 38.4988 23.8072 22.0711 18.1904 15.1552 12.5048 
0.622061 -0.168315 -0.029194 0.0951995 0.580426 0.360645 0.323435 0.258035 0.265627 0.123183 5.14667 10.9039 13.638 18.2631 20.3879 21.0842 25.4916 67.9704 96.0188 128.916 152.267 173.042 191.073 209.018 220.572 232.508 241.626 250.734 258.87 222.761 199.835 187.155 174.118 169.676 165.309 164.39 162.654 163.973 165.493 167.306 170.716 176.473 183.629 193.948 210.569 251.987 255.253 250.598 242.044 235.023 224.085 211.534 197.36 181.427 162.194 141.454 118.654 90.6967 55.4002 25.1922 18.7862 11.4371 5.49617 1.74789 
0.330229 0.238529 0.524248 0.476462 0.0408491 -0.309582 0.164374 0.207013 0.150568 0.515392 0.359954 1.90732 7.09692 13.409 22.7489 24.6576 44.9006 79.4554 115.897 138.089 160.819 181.871 199.613 212.883 223.464 233.533 243.165 250.357 256.61 226.236 199.53 186.502 172.852 166.895 163.306 161.893 159.913 160.869 162.217 164.438 169.067 174.231 180.423 191.557 209.027 250.098 253.71 249.288 239.134 233.613 222.701 209.914 198.127 180.192 163.695 143.61 120.565 97.9879 67.3752 30.3681 10.486 0.386977 0.311136 0.591815 
0.0362136 0.357591 0.206172 0.197351 0.28099 0.155489 -0.313756 0.628613 0.609345 0.857305 0.230863 0.779204 0.576989 3.04983 17.9843 26.8144 56.0616 90.604 118.434 141.453 163.352 181.4 197.75 208.326 220.223 231.612 237.05 244.432 250.683 223.809 194.622 181.07 167.569 160.66 158.398 154.882 154.374 155.021 156.498 158.842 162.59 167.854 175.61 185.03 200.411 241.071 246.026 240.584 234.057 224.549 212.929 202.945 188.338 173.107 154.585 133.166 110.441 84.6033 57.9707 27.3916 0.453669 0.143172 -0.0714387 -0.0740332 
0.283624 0.344403 0.0752369 -0.0739978 0.175364 0.500703 -0.0697716 0.633859 0.139238 0.0866343 -0.108928 0.556103 0.904751 0.153986 1.29136 25.0416 64.2651 92.435 112.553 134.401 153.876 172.758 188.406 200.106 211.357 218.66 229.151 234.365 240.09 217.421 188.174 174.374 159.773 154.058 150.595 148.704 146.882 147.295 147.446 149.522 152.302 158.507 165.767 175.337 190.868 231.865 233.706 230.014 220.163 211.836 201.3 188.373 174.233 157.021 136.166 113.068 88.7787 61.9209 33.0699 12.1291 0.261269 0.650287 0.368193 -0.560897 
0.128466 -0.0838641 0.188269 -0.123294 -0.210565 0.357854 0.245655 -0.0893254 0.269004 0.156508 0.486275 0.687964 0.137178 0.741522 0.896811 5.83197 51.0239 78.0349 97.1336 117.904 137.708 157.618 175.608 187.252 198.701 207.239 216.574 223.459 228.711 208.819 178.646 165.827 150.694 145.22 142.104 139.468 137.758 137.858 137.906 140.451 141.891 144.862 151.678 162.347 176.48 213.205 216.512 210.588 200.858 189.508 181.737 168.34 152.562 134.162 109.565 81.2276 46.6186 17.4818 0.580685 0.789034 0.381197 0.0153678 -0.0388433 0.188198 
0.117834 0.232242 0.494165 -0.0492307 0.00489884 -0.152167 0.325419 -0.514158 0.607579 0.684403 0.4792 0.395413 -0.0449907 0.696175 1.26446 1.68264 9.39626 36.7534 67.6126 90.683 114.425 137.511 157.173 169.958 183.067 186.971 202.138 209.706 215.538 199.532 167.769 155.676 142.53 136.55 133.31 131.228 131.072 130.645 132.523 133.543 136.166 140.731 147.786 156.094 169.678 206.777 210.969 203.125 192.612 182.03 174.861 160.278 143.096 120.057 90.9444 55.6701 0.538758 2.38599 1.66031 1.0727 0.59636 0.189607 0.244073 -0.126475 
0.475014 -0.0245208 0.436615 0.109338 0.271683 0.137916 0.169252 0.361212 0.616076 0.504839 0.0422217 0.264144 0.321633 0.335359 0.955481 1.16849 1.8295 2.32195 3.24218 46.6712 89.0059 117.374 140.684 160.017 178.18 182.79 197.019 206.152 215.488 197.467 166.96 154.521 141.368 135.724 133.419 130.182 129.005 130.4 130.305 133.535 135.018 138.51 145.61 155.654 168.671 204.785 208.85 202.514 192.716 182.102 175.216 158.911 141.772 119.295 91.0117 54.4991 1.62069 2.21433 1.31754 0.778699 0.237487 -0.0190222 -0.214342 -0.0251006 
0.321834 0.104536 0.204393 0.481808 0.057645 -0.0893729 0.312596 0.027833 -0.102344 0.373361 -0.111022 0.320416 0.416936 0.367685 0.495127 0.84671 1.87164 2.53307 3.2399 40.9084 88.5891 117.476 140.853 160.328 175.156 180.172 195.112 205.227 212.086 198.082 166.455 152.782 139.489 133.535 131.943 130.118 128.072 129.426 130.873 131.981 134.554 138.18 143.971 153.844 166.395 202.197 209.126 202.388 193.251 182.613 174.539 160.254 140.805 120.242 91.9994 53.3338 -0.954092 1.71012 0.747719 0.300201 0.0198873 0.208152 0.0525271 0.0986108 
0.212856 0.11033 -0.0726118 0.0337496 0.0346814 0.0716503 -0.168481 0.199065 0.102391 0.236462 0.454286 -0.204056 -0.0357398 0.0386544 0.404456 1.01449 1.71989 2.63646 2.8967 41.3254 87.6574 116.838 140.726 159.777 176.425 180.742 196.792 205.465 212.329 198.487 166.103 152.211 140.323 133.28 132.123 129.091 127.592 127.984 129.449 130.767 133.92 137.551 143.803 152.589 165.655 199.459 207.833 200.937 192.914 176.664 177.186 159.16 140.992 119.251 92.1593 56.1904 -0.36807 1.32645 0.116088 0.0695785 0.213662 -0.0826647 -0.20858 -0.222822 
0.0642287 0.233753 0.40325 -0.00582723 0.219105 0.64806 -0.156759 -0.240003 0.154436 0.119139 0.233811 0.0612188 0.128073 0.391028 1.32131 0.873403 0.95172 1.96939 2.06663 39.4859 85.8134 115.328 139.697 159.546 176.308 180.252 194.046 204.162 211.597 196.254 165.707 153.012 138.913 133.764 131.751 128.173 127.796 129.16 128.599 131.055 133.348 137.067 142.267 153.139 162.791 198.255 207.497 199.47 192.992 176.25 178.316 160.094 141.757 118.148 92.4287 57.2311 -0.386573 1.20529 0.00497076 -0.102565 -0.469892 -0.161934 -0.0702837 -0.318953 
0.0654742 -0.146704 0.124517 0.203452 0.176528 0.188502 -0.0694171 0.0234756 0.112448 -0.457774 -0.215181 0.309631 0.343913 0.228938 0.405029 0.390558 0.893297 1.58702 2.27163 36.3267 86.1279 115.626 141.074 158.379 175.625 177.28 193.379 203.124 209.685 196.598 164.473 151.498 138.23 133.142 130.55 127.725 127.121 127.492 127.301 129.434 132.359 136.527 143.204 151.531 163.584 195.152 208.555 202.144 194.163 178.198 178.205 161.135 143.203 119.752 93.2367 58.4785 1.12076 0.975506 -0.34959 0.0190766 -0.0766786 -0.336266 -0.521637 0.0917077 
0.325254 0.0911487 -0.196505 0.509834 -0.292683 0.427858 0.340689 0.342017 0.747201 0.247898 0.192329 0.673432 0.164058 0.352984 0.415559 0.367982 0.370588 1.66541 2.08693 30.8062 80.5098 110.814 136.735 156.478 174.93 174.527 191.952 201.966 210.094 200.755 167.263 153.387 140.63 132.572 132.337 129.199 127.112 126.587 128.392 129.473 132.013 136.26 140.694 149.213 162.384 187.076 207.775 201.325 194.557 183.222 175.66 162.744 145.627 123.818 96.7882 62.8761 5.87275 1.44309 -0.140989 0.0124598 -0.75145 -0.322486 -0.197867 0.193017 
0.040423 -0.0841872 -0.0135122 -0.0224264 0.231227 0.217767 0.218925 0.261487 0.534579 0.152989 -0.0438304 -0.0768983 0.0640136 -0.0160233 0.41388 0.369308 0.666075 1.08588 1.6242 29.1028 80.2759 111.409 136.539 156.631 175.899 174.99 191.68 202.057 210.615 200.073 167.188 152.243 139.868 132.706 130.412 127.771 126.365 126.117 126.547 128.296 131.186 136.214 142.122 149.015 160.699 186.879 209.017 201.485 195.454 183.022 173.618 162.42 146.25 123.925 96.6731 62.9748 5.9895 1.28774 -0.0394421 0.0553311 -0.173587 -0.164653 -0.162033 -0.21977 
-0.17534 -0.0280404 0.542002 -0.136006 0.210803 0.048927 0.267539 0.342984 0.159451 -0.127119 0.128372 0.135977 0.0787117 0.555242 0.134017 0.373669 0.452956 1.24357 1.74876 28.3998 79.6395 110.541 135.944 154.915 178.375 169.67 190.132 202.127 209.107 198.978 166.261 152.112 139.179 131.783 129.839 127.891 126.976 126.137 126.924 129.146 131.041 133.947 140.952 148.199 159.79 184.648 209.569 202.57 195.47 182.818 174.977 164.463 145.393 123.888 97.4474 63.5183 7.61945 0.986909 -0.00261875 -0.391141 -0.057712 0.0838635 -0.146794 0.37911 
-0.141545 0.173898 0.381864 0.100938 0.197082 0.363845 0.390581 -0.366786 0.256538 -0.302469 0.385021 -0.123051 -0.0840384 0.325821 0.0932222 0.113808 0.133585 1.34251 2.16141 26.3884 79.7183 110.632 137.843 156.203 175.666 168.456 191.241 200 208.94 199.335 180.143 151.565 139.27 132.679 129.777 127.436 126.47 126.232 126.251 128.545 130.701 134.724 141.648 148.485 159.065 181.559 210.762 201.476 196.27 183.428 174.996 165.026 147.12 126.018 98.1957 65.3715 8.3217 1.08626 0.499641 0.539938 0.17889 0.165991 -0.0451501 -0.366184 
0.188636 -0.00164504 -0.259419 0.0133032 0.0878752 0.042266 -0.000827203 0.502169 -0.497479 -0.118554 0.805057 -0.0088583 0.412077 0.448282 0.309742 0.354344 0.587027 0.990124 2.38547 27.0395 79.9135 110.077 136.697 156.64 179.31 168.739 191.112 201.18 209.293 199.115 166.101 153.726 140.982 133.933 129.561 127.186 126.409 126.53 127.378 127.12 132.177 134.064 140.797 148.342 158.65 178.123 213.531 202.376 193.744 185.508 177.015 164.942 146.815 126.718 100.457 65.6361 9.30864 1.87394 0.744736 0.73602 0.972622 0.480326 0.209124 0.192616 
0.0789711 0.336489 0.228629 -0.0867734 -0.157774 0.141416 -0.137915 0.131779 0.256363 0.309596 -0.0761294 0.440759 0.476003 0.292132 0.661397 0.714109 0.86974 2.09832 2.90456 26.9762 79.6387 110.327 135.73 155.652 178.503 166.805 189.867 200.733 208.942 197.962 165.326 152.366 139.584 132.483 130.002 128.131 126.782 126.409 126.869 128.641 131.762 134.222 140.17 148.12 158.185 174.63 215.99 202.515 196.369 183.789 176.097 166.484 148.639 127.061 101.613 68.2068 11.8729 2.65255 1.65895 1.26176 1.20205 1.52359 0.262472 -0.137798 
