-0.676061 -0.571061 -1.07583 -0.99932 -0.912929 -0.810263 -0.913631 -0.720912 0.0683113 0.417659 34.5962 81.4322 109.287 132.413 152.746 168.813 174.421 183.599 192.421 201.035 203.171 167.833 152.781 142.189 136.794 131.801 127.753 125.486 124.849 124.873 126.774 126.792 132.098 136.218 142.681 150.967 165.598 203.758 201.885 194.187 182.7 169.403 165.771 149.409 130.292 105.223 75.6668 22.4186 0.638813 -0.126975 -0.591062 -0.838072 -0.668588 -0.706523 -0.477016 -1.03166 -0.950458 -0.802548 -1.03664 -1.17119 -0.71997 -0.718532 -0.697991 -1.20499 
-1.44464 -0.880144 -1.42163 -0.803373 -1.53782 -1.58782 -1.12733 -0.900229 0.0964065 0.0648053 34.9783 80.5892 110.04 134.714 152.367 167.865 175.652 186.542 194.157 201.851 202.496 167.624 153.827 142.932 135.724 131.527 128.109 126.68 124.494 124.927 126.692 127.298 131.883 135.978 142.137 152.399 166.23 201.916 201.572 194.222 184.058 168.153 166.263 149.588 129.622 104.558 74.3486 21.2218 0.69327 -0.299315 -0.541891 -1.11947 -0.890547 -0.934999 -1.02367 -0.823371 -0.940861 -0.721402 -0.881096 -0.91868 -0.855472 -0.545373 -0.75035 -0.840948 
-0.623849 -1.46665 -1.06056 -0.867178 -1.08049 -1.02353 -1.12072 -0.306966 -0.0551496 0.787518 35.5507 82.1396 111.144 134.506 153.363 168.104 173.318 183.446 193.802 201.423 203.018 167.426 152.12 142.574 136.406 131.869 128.757 128.333 125.327 124.395 125.92 128.374 131.794 135.359 143.055 153.345 166.727 203.113 202.715 194.115 183.868 170.102 164.715 149.71 130.132 104.273 73.6499 22.0474 0.0279861 0.119896 -0.654054 -0.874252 -0.76467 -0.997485 -1.06013 -0.683898 -0.61878 -1.111 -0.321828 -0.669027 -0.774983 -0.774117 -0.89366 -0.658544 
-1.60943 -2.02681 -1.36969 -0.892921 -1.16438 -0.73431 -0.682836 -0.905699 0.410288 0.32921 37.1976 82.1169 110.556 134.028 153.543 168.714 175.399 185.916 192.43 202.346 201.527 168.104 153.861 143.245 135.755 132.74 128.722 126.742 125.025 125.249 125.767 128.309 132.978 138.33 143.652 157.747 173.064 201.83 204.138 195.082 185.949 170.018 166.096 150.776 129.596 105.371 74.6543 21.1048 1.16108 -0.156624 -0.449884 -0.544927 -0.665554 -0.662032 -0.681368 -0.463297 -1.0699 -0.818347 -0.662391 -0.740118 -0.697006 -1.22147 -1.01399 -1.04004 
-1.11447 -0.845817 -1.01427 -0.676607 -1.59344 -0.64347 -1.04535 0.0429915 1.07058 0.86544 36.9582 83.5787 111.552 135.207 152.908 168.828 173.963 184.482 194.195 203.145 204.66 169.455 154.18 143.672 137.058 132.237 129.368 127.516 125.998 126.188 127.358 129.388 133.324 138.046 144.807 155.741 168.969 204.338 202.283 196.404 186.038 170.039 165.621 150.198 129.667 104.229 74.0295 20.8502 1.77719 0.324007 -0.507923 -0.41837 -0.617327 -0.831003 -1.27419 -0.647225 -0.780042 -0.401961 -0.780631 -0.396729 -0.78582 -0.655019 -0.630164 -0.777632 
-1.27964 -1.30239 -0.95089 -1.55231 -0.469379 -0.161607 -0.458386 0.346906 1.29766 1.16125 39.5583 85.2447 112.988 135.493 154.035 169.897 174.56 185.603 194.419 203.226 203.117 168.624 154.617 144.175 137.699 133.476 129.965 127.93 125.773 126.786 126.873 129.242 132.947 139.638 144.165 156.722 171.315 204.526 202.595 195.733 184.982 172.29 166.908 151.072 130.656 105.461 75.3657 20.1917 1.7643 0.903904 0.272134 -0.441775 -0.123322 -0.915015 -0.673991 -1.03194 -0.685973 -0.27375 -0.730986 -0.756095 -0.986856 -0.735386 -1.03259 -1.28337 
-1.39997 -0.894338 -1.31337 -0.815757 -0.896715 -0.292863 -0.152292 0.867648 1.59695 2.22642 33.8442 80.8123 109.503 134.586 153.06 168.882 175.223 185.73 195.095 203.154 207.47 171.574 155.62 146.114 138.304 134.39 131.099 129.161 128.652 127.188 128.616 130.08 134.496 139.629 145.471 155.275 168.557 201.692 206.739 198.082 188.739 174.109 169.402 153.012 133.135 109.409 80.34 27.7763 2.51376 1.33652 0.359421 -0.265441 -0.412332 -0.970712 -1.20128 -0.822876 -0.721066 -0.540154 -0.797213 -0.497974 -0.820054 -0.714212 -0.94715 -0.62639 
-1.01799 -0.954684 -1.11487 -0.669333 -0.587992 0.0761823 -0.00992526 1.05128 1.86591 2.96155 33.7183 82.9041 110.852 133.551 152.414 169.186 176.279 187.601 195.727 203.783 210.742 173.009 157.893 146.762 139.825 135.285 131.553 127.967 127.16 128.396 128.842 130.346 134.645 139.377 144.574 154.39 169.244 203.105 206.927 198.137 187.959 173.244 168.441 152.795 133.836 110.467 80.9758 28.9849 3.08715 1.73619 1.02911 0.138009 -0.505439 -0.370344 -0.49144 -0.877315 -0.955431 -0.976328 -0.702002 -0.732284 -1.26452 -0.869198 -0.569558 -0.423675 
-0.881804 -1.06746 -0.86601 -1.10019 -0.688429 -0.265893 0.528595 0.972379 1.91899 4.11098 40.2634 85.5902 113.603 135.8 154.324 169.814 176.943 185.852 196.391 204.814 211.039 173.118 156.917 146.032 140.541 135.841 132.743 129.55 128.286 129.023 128.873 130.981 135.003 140.787 145.718 154.729 171.247 204.41 207.171 198.213 189.701 176.023 168.728 153.948 133.633 110.619 81.1494 28.6425 3.19986 2.43392 1.42725 0.269053 0.447112 -0.6667 -1.19621 -0.893383 -1.41736 -1.08161 -0.788806 -0.831937 -1.15259 -1.2992 -1.0948 -0.594761 
-1.17925 -1.388 -0.79209 -1.24015 -0.289497 -0.280673 0.0851299 1.31302 9.85532 57.7553 85.5959 105.563 126.164 146.857 163.515 177.918 186.348 194.932 204.589 213.111 220.413 181.023 163.259 154.212 147.062 140.89 137.634 133.946 133.071 132.873 132.695 134.092 138.286 143.274 149.649 158.677 172.088 208.593 210.14 201.661 193.557 181.503 174.78 160.987 142.908 122.219 97.0214 62.9988 21.8901 1.02698 0.823102 0.904155 -0.176757 -0.238124 -0.858054 -0.836654 -1.26195 -0.869937 -0.692951 -0.614781 -0.618012 -0.938047 -1.15086 -0.85064 
-1.08726 -0.79367 -0.954731 -0.900815 -0.0362137 -0.735965 11.4214 43.4303 53.0786 95.9902 119.104 139.53 158.67 173.492 185.86 196.461 202.771 211.351 215.927 223.557 226.052 186.293 169.36 158.915 151.749 145.795 141.857 140.826 140.518 139.293 140.665 141.562 147.186 152.685 158.885 169.815 185.075 221.083 223.767 214.951 210.08 201.168 192.002 179.475 163.525 144.407 124.077 99.4069 73.9276 33.9773 20.7234 1.52628 0.227898 0.0219708 -0.976584 -0.42893 -0.796905 -0.99126 -0.694609 -0.752942 -0.478787 -0.814607 -0.962363 -0.647175 
-0.829103 -1.35356 -1.05889 -0.79692 -1.23691 4.40127 39.8525 67.2268 86.105 108.845 130.098 149.007 167.209 183.024 197.125 208.024 214.952 226.161 230.83 237.615 240.153 201.55 184.43 173.344 165.249 160.13 155.097 152.922 150.776 149.954 151.954 153.099 157.965 163.347 169.997 179.951 195.497 233.064 234.982 229.531 222.369 213.952 205.894 192.377 180.129 164.836 148.175 131.929 115.113 98.7424 70.6097 31.227 -1.10676 -0.739529 -0.559446 -0.917202 -0.870774 -0.291611 -1.24528 -0.978249 -1.00123 -1.10609 -1.007 -0.805816 
-1.54579 -1.29008 -1.51634 -0.0629839 3.47818 19.8722 54.1337 79.9562 103.944 125.958 144.055 160.237 175.866 190.808 202.729 212.724 222.519 229.886 236.438 242.205 243.576 204.168 186.408 175.998 164.682 155.232 150.496 149.89 156.735 156.145 156.839 158.58 163.969 168.9 177.737 186.74 202.632 241.132 245.833 240.135 234.333 227.009 218.313 205.556 193.559 177.207 162.946 142.046 127.512 110.777 92.9225 53.7578 6.87767 -0.187718 -0.679096 -0.890678 -0.979112 -1.07938 -0.860779 -0.927694 -0.607999 -0.525948 -0.808986 -0.788029 
-1.39043 -1.34018 1.95997 6.17115 12.334 22.0508 57.0791 82.3086 106.348 129.388 148.32 167.101 186.248 200.52 211.485 221.189 229.944 234.159 240.209 246.054 245.18 204.348 188.348 174.575 156.386 146.539 143.66 142.943 148.731 155.99 156.386 159.559 165.928 171.149 180.173 191.09 207.549 249.426 253.882 247.889 240.518 232.964 222.053 208.499 194.794 177.977 162.617 142.297 125.492 116.56 99.0678 64.4248 11.9394 -0.187681 -0.386336 -0.677335 -0.819168 -0.799333 -1.292 -0.897294 -0.857346 -0.9603 -0.687191 -0.919191 
0.252505 0.923767 2.05596 3.2812 5.7663 9.69984 19.03 45.8964 62.4253 87.03 118.105 130.551 147.704 165.785 181.757 196.379 207.016 215.447 222.527 227.252 230.455 192.224 168.689 148.076 138.633 133.815 131.637 130.13 130.433 138.059 148.433 150.053 156.507 161.683 169.088 180.065 192.98 231.168 232.374 228.498 218.877 209.177 202.468 188.323 175.154 161.736 147.681 129.58 118.025 113.547 103.027 68.6342 10.7164 -0.251617 -0.3715 -0.719765 -0.639305 -0.408241 -1.02344 -0.961871 -0.931854 -0.321179 -1.3583 -0.704261 
0.229478 0.209282 0.0328973 0.888128 0.779218 0.997975 1.17172 1.8405 0.347305 -0.950912 34.2781 86.5179 117.343 142.996 163.468 180.314 192.849 199.511 208.507 216.213 211.41 163.521 146.449 133.638 128.675 123.654 121.14 120.297 120.102 119.603 122.554 132.81 146.215 151.336 158.275 167.921 182.631 218.997 220.591 212.61 200.676 189.08 174.705 154.267 136.816 116.147 91.9067 45.6139 21.8998 25.1648 25.6816 18.2861 6.31866 0.274587 -0.427825 -0.839834 -0.802651 -1.13774 -0.887034 -0.84235 -0.982044 -0.808621 -0.674363 -0.623712 
-0.63896 -0.522499 -0.415291 0.300635 -0.235533 0.694987 0.720332 0.838153 2.60932 2.59102 8.65344 67.9442 94.7585 121.588 141.522 158.553 172.446 183.286 189.512 181.943 174.447 137.57 124.359 114.716 109.162 106.367 103.343 103.001 102.106 100.187 102.024 103.98 112.905 126.792 136.769 145.352 159.671 195.371 193.899 187.082 175.84 164.092 148.191 128.034 102.338 82.061 28.1326 3.96618 3.87974 3.87691 3.8096 3.24084 6.01427 13.124 -1.09291 -0.926779 -0.254386 -0.640786 -1.58584 -0.578144 -0.726693 -0.685693 -0.910631 -0.432492 
-0.355028 -0.468191 -0.543567 -0.113359 -0.537885 -0.248674 0.426909 0.79344 1.15026 2.10688 7.83486 66.4547 94.4003 120.756 140.304 155.609 169.02 180.315 168.024 161.622 165.76 129.846 117.27 109.419 104.552 100.429 97.5476 97.3571 96.9964 96.0034 97.3066 98.8805 105.753 110.742 124.726 143.59 157.046 192.785 192.144 184.371 173.045 160.067 145.924 125.475 100.443 76.522 21.2154 3.48735 2.85354 2.60228 2.51695 2.50414 3.81743 3.78501 -0.0660157 -0.73669 -0.749307 -0.505979 -0.723171 -0.612958 -0.795751 -0.652976 -1.06561 -0.806827 
-0.627951 -0.254518 0.00197625 0.0740416 0.498245 -0.00951739 0.661271 1.35005 1.37956 1.57048 5.93864 62.3885 92.7902 118.75 138.196 154.895 166.135 168.404 149.864 150.6 157.695 126.543 115.215 107.472 101.219 98.3835 96.5544 94.8052 93.2581 93.7842 94.5126 96.5184 101.856 106.303 113.42 128.032 157.858 191.865 191.514 182.556 172.359 159.02 143.491 122.331 97.2567 72.3468 17.257 3.77764 1.52158 1.58625 1.09841 1.64638 3.84955 3.21642 -0.783235 -0.488248 -0.452053 -0.784701 -0.792851 -0.731014 -0.466984 -0.76092 -0.747446 -0.397955 
0.444346 -0.193002 -0.130662 0.181066 0.805608 0.113729 0.0912156 0.361052 1.57004 1.89954 4.22271 59.4586 90.835 117.005 137.414 153.835 166.095 152.638 140.465 141.788 154.011 124.465 113.206 105.962 100.066 96.4889 95.3094 92.7869 91.6072 91.729 92.9058 94.3288 98.8371 102.645 109.415 120.121 143.772 196.377 190.064 182.064 170.267 156.892 141.982 119.749 94.6243 69.0966 15.1301 3.0668 1.14074 1.77739 1.42002 1.59209 4.32865 2.18707 -0.129774 -1.00138 -0.992404 -1.17847 -0.841547 -0.813744 -1.15979 -0.927342 -0.528142 -0.967108 
0.176116 0.302416 0.167168 0.576925 0.573183 -0.43314 0.277356 0.517743 1.06275 1.25529 4.00388 58.9594 88.7687 115.776 135.784 153.463 168.647 140.316 132.864 134.474 153.105 123.989 112.263 104.973 100.218 95.7964 93.6689 91.9666 90.3474 90.9997 91.4114 93.2034 96.1905 100.527 107.027 115.393 135.773 188.257 189.535 181.036 169.348 156.037 140.081 119.024 93.4069 65.6964 13.0307 1.37926 0.851348 1.0589 1.09797 1.38162 5.04034 1.80757 0.743414 -0.854816 -1.12912 -0.42587 -0.511488 -1.09089 -0.911941 -0.894526 -0.833873 -0.704704 
0.460505 0.200838 0.230113 0.309989 0.137238 0.235078 0.233938 0.113965 1.0104 1.17906 3.65671 58.0502 88.7952 114.608 135.045 151.491 166.463 136.247 128.857 128.169 151.328 123.94 111.523 104.628 97.9394 95.1624 92.6042 91.7866 90.7439 90.9973 91.1097 91.7932 96.3518 99.6553 106.146 115.491 132.148 185.213 188.653 180.251 168.35 154.567 138.733 118.284 92.5304 63.0731 11.5005 1.7923 0.741607 1.09631 0.649282 1.32799 6.86123 1.59543 1.44165 0.32968 -0.755804 -0.921786 -0.800777 -1.20895 -0.669757 -1.46873 -0.808736 -0.644224 
0.74792 1.01961 0.784148 1.19618 0.834961 0.66724 0.374049 0.16488 1.13446 1.37389 4.61096 57.7506 88.8328 114.785 135.395 151.938 165.287 134.5 126.584 122.245 152.61 124.484 111.764 105.008 99.3124 95.3653 93.4435 91.5631 90.5537 90.6872 91.0426 92.2152 96.0496 100.88 105.795 114.37 130.606 184.364 187.984 179.388 167.852 154.824 138.381 117.118 92.0225 64.7863 7.87322 1.53845 1.1677 1.33361 1.56108 3.7738 4.68585 1.2921 1.34493 1.24602 -0.804388 -1.01696 -0.890461 -0.350349 -1.1097 -0.773036 -0.543134 -0.733295 
0.946629 1.32166 1.16601 0.681388 1.07428 0.374278 1.12031 1.10687 1.50142 1.6207 1.03199 55.8537 86.197 112.743 134.162 151.461 163.333 142.137 126.816 119.912 153.28 124.69 113.346 105.769 99.9647 96.7232 93.3588 91.889 91.9841 90.9394 91.4498 92.1346 96.6286 99.6245 104.558 113.612 128.493 183.162 187.608 179.126 167.769 155.772 138.366 117.647 92.6877 67.5782 10.6026 1.61909 0.740513 0.912481 1.70871 4.31705 3.48821 1.23071 1.26404 1.41952 1.3725 -0.599557 -0.638482 -1.01165 -0.865574 -1.06799 -0.778239 -0.349518 
0.984738 1.63928 1.2811 0.936601 1.2788 1.07727 0.861806 0.878606 1.34358 2.00076 -0.600574 55.712 85.3741 112.043 133.971 150.685 161.291 150.723 128.297 120.363 152.831 125.215 114.329 106.712 100.91 96.6769 94.2928 93.3945 90.8781 92.23 92.7222 93.06 95.8192 101.193 106.562 113.51 128.527 181.146 187.153 179.768 167.971 154.68 139.155 117.731 92.911 66.4987 10.5282 2.09421 0.975521 1.19363 1.68157 5.24927 1.86741 1.43123 1.01663 0.956402 1.52847 0.410894 -1.19205 -1.27122 -0.934065 -0.710685 -0.802599 -1.17722 
0.450268 0.97919 1.10713 0.433583 0.549373 0.502301 0.949883 1.037 1.27884 2.03603 -0.613532 55.513 85.1245 111.952 133.941 150.203 160.296 157.115 130.429 121.718 154.386 128.089 114.573 107.476 102.117 98.3451 95.0965 93.4602 92.4912 92.7387 92.7065 93.5193 97.7619 100.616 107.189 114.712 131.35 186.483 186.738 179.483 168.215 154.418 138.312 116.687 91.1575 65.7581 9.16123 1.8755 1.06579 0.904433 1.3264 4.91476 1.73047 0.977873 0.677113 0.969247 0.72437 1.14642 0.26386 -0.819165 -0.989051 -0.536925 -0.83937 -0.704172 
0.984794 1.61884 1.25497 1.08166 0.486288 0.44927 0.610348 0.689408 1.25146 2.07028 -0.512424 56.3534 85.5496 111.514 133.244 150.195 161.271 162.869 133.299 122.658 156.522 127.572 115.34 107.903 102.638 97.96 96.6351 94.4308 93.5826 92.4739 92.8386 94.0813 97.7706 101.836 108.957 117.985 134.802 191.506 188.005 178.539 167.595 154.16 137.756 116.263 88.9255 67.0664 7.68241 1.88337 1.03987 0.99439 2.24569 4.13961 1.9355 1.41831 0.649822 0.843358 0.75203 0.929013 1.13582 -0.180111 -0.737032 -0.760013 -0.981131 -0.601971 
0.739485 0.761664 0.812231 0.995469 0.78715 0.202888 1.00915 0.316736 0.951332 1.89879 -0.91292 56.2067 85.7955 112.538 133.149 149.407 161.403 169.971 138.808 125.88 160.462 129.454 117.622 109.692 104.145 100.446 97.1411 94.5672 93.1912 93.8091 94.1135 94.7087 99.6781 104.12 109.477 120.08 144.924 189.72 188.187 177.777 167.274 153.853 137.9 115.366 88.7536 64.7739 6.88232 1.63399 1.02658 1.42466 2.53243 2.02568 0.874624 0.642735 0.745296 0.745901 0.274817 1.0609 1.03074 0.428622 -1.03129 -0.746971 -0.673432 -0.544396 
0.8562 0.642132 0.792375 0.982969 0.571548 0.72411 0.145161 0.792896 0.879413 1.66797 -0.357878 56.5915 85.688 112.145 132.747 151.016 162.284 174.591 148.241 132.956 165.049 131.963 117.648 111.063 105.159 101.311 98.0547 96.7489 94.5664 95.6502 94.84 96.4979 101.398 106.532 114.122 125.482 153.742 190.711 188.429 178.283 167.318 154.287 137.6 114.937 91.0242 61.4183 6.12576 0.908634 0.341325 0.568308 2.41793 1.82722 1.4677 1.45935 0.81792 0.275248 0.892691 0.891801 0.995036 1.1487 -0.0491455 -0.995993 -0.978775 -0.982826 
0.335359 0.515554 0.723588 0.462671 0.522344 0.372466 0.745502 0.0921602 0.777694 1.20941 -0.0939095 56.462 85.2873 112.859 133.386 151.139 162.078 172.066 166.333 143.519 168.052 133.967 120.75 111.861 106.98 102.892 100.1 97.1874 96.7977 97.5502 96.629 99.6431 105.091 111.016 119.254 136.524 154.694 191.534 186.332 178.545 166.465 152.626 135.971 113.658 93.9869 55.6086 4.62552 1.61155 1.07109 1.09557 2.29979 1.61639 0.599447 1.01804 0.797149 0.902699 0.634648 0.842759 0.83884 1.31578 0.717801 -0.548958 -0.461027 -0.616095 
0.203011 0.463629 0.891917 0.36722 0.552574 0.259807 0.301202 -0.330854 0.400779 0.979371 0.939778 56.9653 87.1692 112.789 134.28 149.954 162.627 174.295 181.83 158.781 173.497 138.409 123.715 115.801 109.978 105.06 103.261 100.056 99.2532 99.4507 101.184 103.063 110.296 118.93 128.476 138.602 154.928 192.282 186.466 178.868 167.015 152.455 134.849 113.899 94.1081 55.5537 3.72574 1.92401 0.677923 0.506281 2.05569 1.48635 0.463894 0.190785 0.761526 0.441062 1.1363 0.437865 0.239558 0.256005 1.19979 -0.691825 -0.716509 -0.900809 
0.188982 0.56654 -0.614637 0.957191 0.792698 0.296369 0.0152974 -0.065695 0.901884 1.20207 1.95071 58.1015 86.7965 113.176 133.304 149.489 162.705 173.862 182.927 187.404 185.042 145.859 130.439 121.578 115.267 110.329 107.944 106.278 104.879 105.419 108.836 111.805 121.039 122.803 129.498 138.684 154.559 192.194 186.019 177.472 164.794 151.347 135.757 113.351 91.9415 55.3593 3.4128 1.52424 0.619224 1.51658 2.9552 1.25675 0.841637 0.418007 0.2512 0.344102 0.122065 0.328667 0.280784 -0.00953964 0.192812 -0.293968 -1.10282 -1.02822 
2.57754 3.35564 2.57797 2.92031 2.83191 2.33162 2.52318 2.58099 2.81397 4.07664 4.10722 61.1045 91.3129 116.797 137.756 155.761 168.517 177.758 185.867 196.031 202.004 164.538 147.006 138.574 131.787 126.012 121.121 118.243 116.652 116.363 116.125 117.821 116.556 120.656 127.528 136.402 152.28 187.974 182.981 174.839 162.205 149.603 132.179 110.008 86.6458 53.2819 1.94055 0.195234 -0.18175 0.900896 1.00851 -0.775191 -0.105157 -0.946739 -0.305 0.0326577 -0.569134 -0.741044 -0.460404 -0.819273 -0.409113 -0.941962 -1.15244 -1.55337 
3.30411 2.53363 3.21928 3.011 2.95009 2.65499 2.94104 3.10302 3.29731 3.97011 5.75312 61.4443 93.4095 117.598 138.098 155.984 168.831 179.754 187.829 195.981 202.507 165.244 148.634 137.989 130.884 126.234 122.453 119.237 117.108 117.96 117.66 118.499 115.593 120.526 127.745 136.478 152.176 190.292 183.336 174.33 162.025 149.278 131.528 109.825 86.5249 52.0452 1.09354 0.528753 0.192497 0.780196 -0.224449 -0.977548 -0.768865 -0.881298 0.612248 -0.662656 -0.331669 -1.2462 -1.16342 -0.44298 -0.339791 -0.904991 -1.18889 -1.79585 
2.75411 4.1422 2.63883 2.7116 2.77867 3.25579 3.25322 2.9965 3.54088 3.90234 6.02574 62.5376 94.1143 119.511 138.54 157.046 170.062 180.487 188.772 196.564 204.117 166.093 149.404 138.799 132.21 125.814 122.148 119.341 117.153 118.3 117.745 118.413 116.037 121.896 127.594 137.394 154.095 191.449 182.783 174.017 161.702 149.644 131.646 109.111 87.1565 51.5936 0.238167 0.469819 -1.09896 0.240472 -0.587723 -0.0889837 -0.851931 -0.662442 -0.0362662 -0.0268869 -1.36458 -0.883902 -0.618227 -0.653464 -0.953727 -0.934331 -1.56831 -1.36642 
3.50831 3.19262 3.50296 3.31698 2.8088 3.55509 3.02311 1.89385 3.26879 2.98574 6.73763 64.2507 94.26 118.784 139.579 156.763 169.124 180.301 190.219 197.191 204.078 165.698 149.276 139.808 131.868 125.404 122.629 118.865 118.642 118.451 116.721 118.675 116.973 120.968 127.72 138.025 153.24 191.26 183.329 174.982 162.557 149.034 130.875 108.104 86.7581 50.3903 -0.460034 0.0225015 -0.687558 0.782669 -0.967103 -0.542116 -0.785692 -1.16141 -0.593287 -0.587882 -1.03751 -1.26729 -1.59881 -0.947337 -1.50095 -0.777391 -2.65833 -1.32541 
3.4441 3.13687 2.76862 2.40013 2.02634 2.78991 2.71829 3.10728 3.35021 3.674 7.29483 64.3886 95.1947 119.798 139.952 156.573 168.792 181.29 189.08 197.252 204.032 166.157 149.316 137.993 131.466 126.093 122.713 119.238 118.805 118.285 118.595 118.917 116.657 120.8 127.277 136.965 154.303 191.097 183.086 175.461 162.516 148.537 131.385 108.733 85.7384 49.3427 -0.674886 0.893833 0.0807884 -0.275684 -0.305668 -0.401765 -0.76367 -0.471821 -0.862684 0.104676 -0.589568 -0.938113 -0.469973 -0.829656 -1.18183 -0.910864 -1.56845 -1.87409 
3.32492 3.39359 2.37208 2.96187 2.22241 3.50446 -3.44298 3.59881 3.08122 4.48937 8.02359 64.9743 95.8316 121.399 140.511 156.347 169.707 180.798 189.906 198.51 202.756 167.727 149.992 136.842 132.443 126.922 123.135 120.147 118.498 117.508 118.015 118.728 117.105 120.697 127.395 137.571 154.29 193.534 183.452 184.021 162.896 148.142 130.651 108.316 85.203 48.6692 -0.549644 0.564714 -0.322322 -0.755319 -0.969268 -0.608519 -0.884819 -0.866494 -0.547666 -0.790719 0.69481 -0.757269 -1.43443 -1.30162 -0.649561 -1.66198 -2.03941 -1.73021 
3.43189 1.67287 2.97543 3.38763 3.09831 2.79649 -7.64965 3.7665 3.23534 3.93013 9.96127 65.2625 96.4155 122.282 141.075 157.308 170.307 179.923 189.118 197.083 202.686 166.611 148.818 139.276 131.43 126.554 123.123 120.467 118.798 117.244 117.984 119.602 117.535 121.349 127.753 138.203 154.08 192.077 182.323 174.279 161.603 148.226 130.886 107.694 84.7243 49.3446 -2.07281 0.0450522 0.00555916 -0.479857 -0.976489 -0.424992 -1.06528 -0.695822 -0.846819 -0.342464 2.67588 -0.882995 -0.762425 -1.09956 -1.43986 -1.63739 -1.46258 -1.59886 
2.5838 3.14805 3.57223 4.1064 2.71734 2.99195 2.3344 2.68582 3.56361 3.91539 9.88557 67.6673 98.5462 121.724 142.12 157.156 170.171 181.931 190.43 202.29 204.19 166.239 151.215 139.999 132.441 126.382 124.37 121.262 119.018 117.987 119.271 119.593 118.47 122.502 127.079 139.42 155.14 191.527 182.886 174.91 162.102 149.128 131.218 108.34 84.8655 49.9268 -1.34804 0.20343 -0.527482 -0.788769 -0.940129 -0.338318 -0.00240522 -0.232753 -0.614099 -0.797557 1.59292 -0.76937 -0.922515 -1.19973 -1.04399 -1.43996 -2.07044 -1.38477 
3.42817 2.71145 3.61459 3.28552 3.14794 2.56078 3.09991 3.23774 4.09624 5.42151 9.70037 66.0012 97.594 122.187 142.398 158.121 169.722 181.169 190.45 202.45 204.388 166.956 150.183 139.564 133.477 127.337 124.905 122.347 120.801 118.394 117.961 120.636 118.049 122.295 129.08 139.27 154.413 190.848 184.653 175.15 163.092 149.598 132.036 109.975 84.4787 53.9098 1.31849 1.66996 0.416515 -0.341205 -0.26056 -0.248681 -0.0785023 -0.76488 -0.866026 -0.726033 3.84708 -1.54585 -0.488263 -0.623976 -1.35493 -1.63633 -2.0443 -1.61024 
3.78192 3.49194 2.7769 3.55312 3.82449 2.97397 4.20129 4.22732 3.97978 5.01733 5.45583 66.0791 95.5898 121.509 141.403 157.664 170.098 180.353 192.366 198.127 206.5 168.639 151.373 140.706 133.117 128.716 124.081 122.684 119.654 118.741 119.635 119.128 118.359 121.619 128.205 139.542 153.124 190.606 184.802 175.334 165.721 151.21 133.886 111.92 86.1766 56.0345 3.95831 1.04357 0.778637 -0.264217 0.0349681 -0.475812 -0.802295 0.339263 -0.31172 -0.112854 7.72198 -1.69136 -0.660556 -0.634889 -1.51261 -1.62989 -1.72266 -1.41323 
2.93883 3.1988 3.37425 4.36801 3.28145 3.86116 3.36394 4.30446 5.23212 5.19181 7.32205 65.6506 96.8295 121.788 143.747 158.064 171.593 182.067 191.465 199.336 203.727 166.779 149.716 141.466 133.704 128.198 124.584 121.975 121.822 119.204 120.192 120.025 118.351 122.13 128.201 139.221 154.135 191.34 185.169 177.257 164.151 150.869 134.509 112.962 86.6822 56.8441 4.33526 1.91562 0.842154 0.396935 0.0957272 -0.471058 -0.686003 -0.318183 0.491622 -0.0196125 -1.20769 9.30475 -0.313835 -1.60134 -1.69807 -2.12074 -1.51958 -2.02526 
3.76334 3.00456 3.62803 3.48268 3.76259 4.29777 4.22286 5.07763 5.49069 6.7919 10.3194 67.815 99.2998 123.454 143.786 161.359 172.318 182.753 191.889 201.52 205.493 167.375 150.98 140.482 133.778 128.71 125.173 121.744 120.111 118.735 118.589 120.263 119.287 122.881 129.054 138.59 154.395 191.387 184.432 176.773 165.639 151.046 134.382 113.432 88.6608 57.5759 4.8971 2.40426 1.14221 1.806 0.23313 0.606181 0.350975 -0.342053 0.0870434 0.227201 -1.32347 22.6485 -2.39939 -1.94455 -1.30111 -1.71271 -1.83527 -2.18637 
5.658 4.9624 3.93614 4.46097 3.73514 4.94012 5.16406 4.87654 6.39517 5.97272 41.1502 84.7504 111.065 133.511 151.415 168.504 179.325 190.028 198.806 202.883 206.795 168.652 153.595 143.181 135.033 129.058 125.721 123.39 121.59 120.669 120.998 121.676 119.928 124.51 129.035 139.472 154.728 191.533 185.453 176.467 164.593 151.301 136.162 113.766 88.9133 58.3629 5.81563 2.94404 2.87226 1.27437 0.994624 0.903765 0.39293 0.97441 2.70684 4.89108 5.71064 4.71887 -2.64787 -1.90661 -1.7874 -2.20023 -1.37279 -1.17085 
9.57324 11.0616 11.7155 14.0938 15.561 17.0655 19.8063 19.7187 17.7492 51.4323 89.5263 112.596 139.241 164.009 182.026 197.533 207.126 217.947 226.822 232.985 235.071 194.376 178.485 169.217 161.897 156.653 151.836 150.581 148.44 147.412 145.877 148.944 145.259 149.868 155.893 164.593 180.824 217.36 210.974 200.304 190.783 179.532 163.16 143.86 114.927 75.8615 21.7282 -0.856338 2.05766 3.0385 3.08036 4.20405 5.81883 7.26005 7.52462 7.0285 0.610178 -1.7499 -1.39735 -1.69337 -1.66115 -1.43031 -2.14947 -1.61505 
2.89284 7.11262 12.2703 15.4453 19.4316 22.4071 25.2534 27.3816 57.2414 97.9889 128.761 151.953 172.402 191.428 206.268 219.387 228.339 236.787 244.7 251.708 251.172 210.8 192.867 183.098 173.487 169.915 165.284 163.23 160.275 161.378 162.342 163.345 163.964 167.609 174.244 184.599 200.374 239.584 236.05 227.353 219.547 207.451 195.944 183.264 164.765 150.287 139.761 105.697 67.824 37.4932 13.4881 13.864 11.7835 9.0912 5.44695 -1.31246 -0.978367 -1.46446 -0.99354 -1.70641 -1.58801 -2.1883 -2.24925 -1.87708 
2.29585 1.26928 2.91253 5.18705 12.0897 17.1852 22.8109 41.2962 84.6006 111.433 140.398 161.67 181.271 199.762 214.34 227.61 237.465 246.017 251.892 260.349 258.41 217.23 198.888 186.965 179.932 174.118 169.759 169.22 165.33 166.161 167.505 169.062 167.283 172.476 179.352 189.858 206.411 248.773 241.968 234.269 226.139 216.36 205.205 193.179 176.239 154.428 141.543 133.289 117.354 85.4009 37.8426 12.37 8.64845 1.97442 -1.53104 -1.23742 -1.21091 -1.41759 -1.20938 -1.54618 -1.40384 -1.79746 -1.97109 -2.01758 
1.73545 2.03469 1.02394 4.51337 1.74765 3.72387 18.7448 49.7003 87.9424 118.5 143.905 166.515 184.779 202.136 215.344 226.091 237.57 244.129 252.529 255.809 258.117 214.16 196.133 183.799 176.095 171.018 168.967 167.771 163.645 164.98 165.337 166.336 166.284 171.57 179.555 191.515 208.369 251.413 244.107 238.066 228.656 220.121 208.608 196.532 183.236 164.263 143.423 139.525 128.868 98.9155 60.6659 3.92187 -0.189905 -1.1234 -1.01703 -1.92533 -1.41591 -1.72128 -1.19944 -1.69338 -1.39493 -1.7776 -2.16187 -1.9847 
1.92976 0.731291 1.1744 1.88852 1.56207 1.91538 4.86314 34.513 80.2326 109.73 137.723 159.35 178.433 194.7 208.784 220.158 230.37 239.018 243.788 249.881 249.276 207.29 190.889 179.423 171.038 165.416 161.574 160.584 159.079 160.142 160.09 161.774 161.849 167.103 177.504 186.472 204.025 246.528 239.717 231.505 223.63 215.175 205.183 193.286 180.508 166.508 142.859 137.567 127.61 102.692 59.3681 -0.897427 -0.836607 -1.04776 -0.9697 -2.03439 -0.926696 -1.43321 -1.1141 -1.42406 -1.4644 -1.84778 -1.58294 -1.52075 
1.94883 1.52906 1.41123 0.919226 2.77181 2.25936 2.22752 9.39632 51.3849 87.8496 117.31 140.879 162.782 180.766 193.753 206.329 216.012 227.452 235.035 242.921 240.124 200.577 183.083 170.164 162.67 157.011 154.203 152.258 151.96 151.714 153.539 155.447 154.252 158.829 166.973 178.584 195.301 235.849 228.749 223.444 213.608 207.454 195.152 184.719 171.784 157.973 143.953 132.621 115.421 91.0318 54.1892 1.03774 -1.48874 -1.25086 -1.7431 -1.99162 -1.98937 -1.65387 -1.80099 -1.48875 -1.92764 -1.13543 -1.76128 -1.5361 
1.33123 2.31679 0.526508 1.70563 1.83587 2.214 2.58312 3.3647 3.9615 23.547 75.7207 115.088 136.238 158.394 176.106 189.089 198.994 210.72 220.209 226.172 225.993 187.226 172.353 159.37 151.347 147.249 143.833 142.259 141.32 141.286 143.072 145.92 144.916 149.636 158.615 170.343 187.602 228.641 218.818 212.674 202.171 193.251 184.227 171.559 159.257 144.836 130.559 117.166 96.8652 67.9025 29.5549 -1.66533 -0.896538 -1.10002 -1.42534 -1.60331 -2.12328 -1.80337 -1.32613 -1.74125 -1.73101 -1.8712 -1.68788 -1.51641 
0.936317 1.7836 1.1566 0.763645 1.43964 2.37651 2.53286 2.09366 3.89468 4.54162 44.6781 88.7505 121.866 142.011 160.248 176.483 184.14 198.27 206.266 215.105 215.481 179.15 162.836 151.263 145.513 140.691 138.3 134.166 133.373 133.446 135.564 136.62 135.867 139.891 147.498 160.021 175.928 218.395 206.112 196.905 188.651 177.518 167.436 152.785 136.896 122.43 106.789 89.0927 57.4907 21.7314 0.320326 -0.181804 -0.398046 -1.37613 -2.09394 -1.44234 -1.7198 -1.63453 -1.23203 -1.15374 -1.2156 -1.72368 -1.71601 -1.64234 
0.323601 1.25133 2.56364 1.71158 1.75122 2.34101 1.8655 2.1803 3.32684 4.48551 42.1289 91.4219 123.303 139.422 160.235 176.94 186.224 194.039 206.92 214.048 216.722 177.43 162.423 149.823 145.25 139.362 136.592 133.967 134.379 132.874 135.014 136.341 136.19 140.227 146.812 158.96 173.476 217 205.183 196.75 185.117 175.229 162.221 145.828 124.271 98.3897 65.0683 11.3427 -0.238453 -0.0455793 0.0408724 -0.355545 -0.87693 -1.66239 -1.65875 -1.40233 -2.10413 -1.20637 -1.46979 -1.66459 -1.5694 -1.60878 -1.57114 -1.42409 
1.70418 0.798742 1.51436 1.19925 0.919128 1.52928 1.80647 2.34984 3.4619 3.99912 44.3028 88.4869 118.96 139.377 160.922 176.983 185.278 192.485 204.864 210.933 214.518 178.145 160.662 149.237 143.602 138.126 134.653 134.207 132.056 134.035 134.696 134.921 134.1 139.197 145.914 156.743 170.715 216.672 203.077 194.802 182.65 171.693 161.306 143.727 122.914 97.7541 64.2626 7.44205 1.4463 0.91597 -0.158927 -0.732086 -1.62109 -1.43564 -1.18043 -1.90724 -2.03425 -1.56499 -1.21171 -1.49665 -1.80678 -1.91533 -2.05558 -1.118 
2.45423 1.78824 0.535611 0.813267 1.45253 0.768449 1.60326 1.89603 3.10728 2.67606 46.8526 89.98 118.019 141.85 162.458 178.278 182.296 193.97 204.287 211.984 211.324 175.763 159.304 149.186 142.31 137.561 134.793 131.229 131.961 132.879 133.478 135.229 134.085 138.568 147.05 157.616 172.363 213.341 202.099 194.352 183.863 173.326 161.632 143.599 122.914 96.6668 62.062 5.47619 1.23723 -0.422172 -0.34821 -0.758359 -1.19566 -1.86353 -1.68874 -1.41991 -1.5732 -2.10208 -1.96514 -1.99261 -1.79625 -1.53057 -1.55704 -1.83401 
1.69392 1.51801 1.21787 1.06824 1.29471 1.62746 1.12442 2.58633 2.68588 1.96256 48.4948 90.9436 119.181 143.791 162.322 176.805 183.683 193.007 201.524 213.024 208.426 173.898 160.599 148.346 142.088 137.094 133.391 132.13 131.117 131.76 132.129 133.533 134.3 138.697 146.071 157.108 172.017 214.69 200.797 193.54 182.685 172.786 160.549 143.216 121.2 95.4347 62.618 6.13996 0.727389 -0.405986 -0.568368 -1.30765 -1.74682 -1.54539 -1.33797 -1.41036 -1.95964 -1.51545 -1.49146 -1.98197 -1.76688 -1.71944 -1.66766 -1.8406 
1.14152 0.795607 1.00751 2.25199 1.59036 1.19765 0.907806 1.55866 2.63239 0.900631 50.1089 89.0635 118.602 142.304 161.407 176.009 181.148 193.614 202.821 210.826 209.416 173.453 159.63 147.652 141.796 136.65 135.347 131.259 130.608 130.107 131.511 132.068 132.64 136.252 144.515 155.19 171.316 210.957 201.678 193.332 181.709 170.352 161.078 144.579 123.103 96.1979 62.6344 5.8969 -0.0743792 -0.851831 -1.43676 -1.05822 -1.37807 -2.04024 -1.45847 -1.75205 -1.53624 -1.58667 -1.96049 -1.45058 -1.59153 -2.61399 -1.9489 -1.54545 
1.51628 1.58244 0.990196 1.25504 0.948517 1.25762 1.83805 2.1391 2.83462 2.30551 42.5959 86.8538 116.506 142.007 160.548 175.438 179.248 192.574 200.667 208.592 211.091 174.684 158.963 148.135 141.019 135.708 134.04 131.391 130.46 129.97 132.185 132.745 132.039 135.519 143.616 154.415 169.313 207.432 201.861 194.252 181.044 169.858 162.037 144.21 123.707 98.663 65.5182 10.3039 0.0953187 -1.43976 -0.635818 -1.75293 -1.11913 -1.79581 -1.37268 -1.36263 -1.36708 -1.14681 -1.64327 -1.57162 -2.04107 -1.67637 -1.43972 -1.56445 
1.7531 0.839716 0.693787 0.255015 1.62011 2.70888 1.32847 1.54025 3.73357 1.99736 45.8129 88.7864 117.193 139.695 160.863 175.694 178.832 193.66 201.214 210.737 209.271 173.814 156.378 147.614 140.925 136.273 133.789 130.465 129.878 131.187 131.399 132.207 132.433 135.51 143.094 154.025 169.465 209.127 201.282 193.756 182.368 172.195 162.943 144.736 123.241 97.7273 64.635 7.95842 -0.231935 -1.28903 -1.7381 -1.46782 -1.26497 -1.50253 -1.42675 -1.92661 -1.76088 -1.23357 -1.61055 -1.66421 -2.04822 -1.58038 -1.46824 -1.93883 
1.44442 1.1982 1.44526 0.609927 1.00588 1.58305 1.74167 0.952845 2.56104 2.16809 47.0969 90.2445 118.404 142.901 160.677 176.387 181.025 191.769 201.182 210.39 208.075 174.192 156.743 147.334 140.492 135.866 133.173 131.858 129.137 130.478 131.465 132.552 131.917 135.568 142.795 154.008 168.192 206.265 200.625 192.972 180.252 168.776 160.947 145.304 123.002 96.3224 64.8569 9.14703 -0.0973729 -1.59239 -1.3517 -1.71655 -1.77415 -1.26819 -1.33217 -1.29648 -1.3959 -1.14713 -1.28874 -2.22326 -1.67037 -1.55225 -1.69876 -1.43059 
1.27538 1.4095 0.844049 1.02656 0.569813 2.08406 2.06741 1.85568 2.65528 0.962634 50.1815 90.9028 118.44 143.954 160.57 177.159 176.707 192.563 201.493 212.14 205.069 172.244 158.748 147.54 140.458 135.965 132.395 129.612 129.07 128.939 131.349 131.071 131.662 143.936 148.222 153.384 167.327 207.329 199.342 191.862 181.219 168.05 161.013 143.703 122.71 96.5742 64.0155 7.76234 0.0456247 -1.39469 -1.45345 -1.78865 -1.635 -1.77723 -1.36734 -1.27436 -1.74213 -1.7371 -1.56019 -1.55651 -1.4557 -1.34468 -1.52716 -1.88421 
1.37495 1.15599 0.724527 0.764353 1.43198 1.3906 1.52789 2.75811 2.52964 1.30917 53.1771 92.6314 119.878 144.129 161.473 178.119 177.278 191.158 202.95 211.522 205.52 170.804 156.396 146.61 141.254 136.685 131.349 130.368 129.021 130.142 129.79 133.51 132.638 135.035 142.879 154.663 168.935 207.841 199.68 192.832 180.551 169.559 161.854 145.006 123.357 96.5485 62.588 6.88221 0.432928 -1.01123 -1.23761 -1.73587 -1.32621 -1.60108 -1.29271 -1.55332 -2.10895 -1.87131 -0.957005 -1.71437 -1.65875 -1.85984 -1.52881 -1.54424 
0.757314 1.2042 1.04333 1.14854 2.17537 2.26362 2.3085 2.82529 3.32089 1.37378 56.7357 93.2969 122.14 144.702 163.237 180.599 176.013 193.123 201.394 211.18 203.561 170.108 155.374 146.51 139.606 135.229 131.774 130.275 129.952 128.195 129.884 131.308 131.97 135.398 142.084 153.732 168.67 207.908 200.257 193.563 180.478 168.461 162.057 144.553 122.939 97.4778 64.0347 7.34326 1.13442 0.104095 -0.519446 -0.735393 -1.00181 -0.987531 -1.69718 -1.92759 -1.26397 -1.38435 -1.40182 -2.98094 -1.19152 -0.863791 -1.27731 -1.37516 
