0.200599 0.341006 0.0077133 0.268488 0.146101 -0.0145555 0.173395 0.289415 0.179951 0.438674 0.382435 0.288827 0.367627 0.169182 0.295691 1.06008 1.718 29.7633 78.6388 108.639 133.203 152.419 172.488 168.389 186.624 195.714 202.639 195.038 162.858 148.71 142.14 133.802 130.665 127.202 126.284 126.609 127.057 127.667 130.436 133.388 137.805 145.843 157.274 171.759 212.899 200.654 193.112 183.542 174.773 164.427 147.435 127.324 101.393 70.2169 14.4642 0.555681 -0.861841 -1.25433 -1.30982 -0.943741 -1.11855 -1.16954 -1.25903 -1.13543 
0.0736921 0.0179656 0.156261 0.463381 0.247657 -0.209207 0.494972 0.189444 0.0912452 0.333785 -0.0897019 0.173435 0.237048 0.429083 0.0483064 1.27969 2.22549 28.7601 79.156 109.277 133.836 152.633 175.314 164.589 186.017 195.557 203.952 196.282 162.45 149.354 141.345 134.071 130.153 127.137 125.85 125.822 127.697 128.606 129.798 134.004 138.773 145.637 157.771 171.775 214.789 200.942 194.178 183.015 174.884 163.781 147.223 127.068 102.084 70.3366 15.5596 0.0282819 -0.922532 -1.261 -1.50331 -1.11772 -1.10023 -1.36979 -1.30103 -1.01616 
0.930701 0.248432 -0.0494672 0.572267 0.206877 0.0840494 0.227485 0.203152 0.562413 0.455468 0.0499164 0.369272 0.132088 0.437669 0.390017 1.10956 2.46737 28.6665 79.6729 109.154 134.417 153.392 175.227 166.008 188.644 195.433 204.074 196.105 162.588 149.235 142.03 135.296 129.871 127.717 126.315 125.925 126.658 127.933 130.207 133.322 139.256 145.676 157.507 172.845 213.55 201.212 192.223 183.183 175.182 164.115 147.473 127.043 101.956 69.7608 14.1046 0.301453 -0.730083 -1.38079 -1.03768 -1.30562 -1.01307 -1.21671 -1.06723 -1.30819 
0.0398525 -0.00634248 0.100117 0.179981 0.409208 0.0821756 0.129681 0.22377 0.144975 0.0619181 -0.0365254 -0.055095 -0.045126 0.360568 0.614558 1.06539 1.74187 30.2304 79.0421 107.707 133.043 152.983 174.16 166.431 187.837 195.784 203.663 195.921 168.507 149.761 141.91 134.731 130.289 128.553 126.184 125.684 126.755 127.715 130.54 133.89 139.617 147.39 158.345 173.964 214.665 201.167 192.365 182.886 175.244 165.013 148.168 127.387 102.867 71.2401 15.6303 0.386564 -0.410712 -1.21752 -0.974795 -1.08324 -1.03994 -1.31497 -1.48337 -1.20806 
0.229067 0.166411 0.476629 -0.0260179 -0.0916992 0.478316 -0.0309065 0.78196 0.338656 0.40437 0.384216 0.34229 0.230405 0.668012 0.709021 1.64899 2.33825 28.5008 79.787 109.53 133.959 153.368 175.673 166.89 189.109 198.361 204.65 198.995 165.073 150.416 143.093 135.758 131.725 127.688 127.055 127.175 128.012 129.387 130.856 134.225 139.344 148.336 158.989 175.19 212.783 200.186 193.402 183.427 173.975 164.449 147.809 127.012 101.44 70.1812 14.5771 1.05413 -0.182761 -0.516837 -0.446143 -0.997632 -1.18334 -0.883582 -0.904185 -0.908583 
0.60024 0.190728 0.437986 -0.177257 0.316317 0.213692 0.104116 0.0287985 0.282065 0.142021 0.488692 0.393292 0.381725 0.83073 1.02982 2.03491 3.02878 30.3253 80.3585 109.672 133.809 153.754 174.03 169.889 188.698 197.782 205.123 197.915 166.869 152.721 143.538 135.494 131.369 128.591 127.401 126.955 128.521 128.623 133 135.105 139.63 148.122 158.834 179.414 210.659 202.397 195.431 183.51 173.527 165.331 148.712 128.86 103.793 72.552 17.2632 1.55456 0.105802 -0.299582 -0.175134 -0.971696 -1.09688 -1.0125 -0.884991 -1.47789 
0.197538 0.362993 -0.0335774 0.25196 0.297498 0.455346 0.171696 0.207414 0.173181 0.241958 0.323632 0.18625 0.76295 1.1417 1.65358 2.40118 3.29709 26.1422 78.471 108.699 134.08 152.511 169.095 173.547 188.682 196.958 205.447 201.727 166.384 153.263 144.06 138.432 131.873 129.09 127.35 127.525 127.73 129.399 131.53 134.466 140.373 147.685 158.644 173.611 214.506 203.695 195.67 185.753 174.577 167.664 150.912 131.86 107.783 76.5064 23.5895 2.26364 1.04161 0.267548 -0.240188 -0.307429 -0.945431 -1.31479 -1.34968 -0.995707 
0.196432 0.257261 0.228964 0.202656 0.176615 0.596603 0.344015 0.528022 0.273912 0.471448 0.484965 0.267808 1.25524 1.6616 2.02983 2.48267 3.95442 23.071 77.4038 108.361 132.697 152.164 168.181 177.18 188.821 197.966 206.566 202.316 168.372 154.755 145.903 139.603 134.797 129.833 129.467 128.241 129.677 130.776 133.118 136.443 141.774 148.923 158.995 174.702 216.912 204.285 197.219 186.515 177.45 167.756 151.751 131.949 107.466 78.0164 24.1185 2.52513 1.36854 0.401356 -0.427749 -0.0327816 -1.1297 -1.22824 -0.979058 -0.73136 
0.152341 0.343152 0.602032 0.145693 0.0634021 0.212647 0.616958 0.0386963 0.358424 0.194492 0.684783 0.812099 1.07686 1.42513 2.66846 3.38557 4.37654 26.265 79.2932 109.184 133.543 152.645 169.556 177.316 189.197 198.392 206.572 204.001 168.876 154.343 144.91 139.785 133.961 129.586 128.866 128.436 129.241 130.042 132.472 136.434 141.778 149.015 160.573 175.278 218.483 205.611 195.726 188.726 176.981 168.947 153.126 132.486 108.236 77.6367 22.4249 1.4221 1.10004 0.807056 -0.00450445 -0.470266 -1.01712 -1.09055 -0.895397 -1.10828 
0.665974 0.534665 0.262943 -0.0534618 0.516311 0.290854 0.344833 0.305493 0.316811 0.470286 0.60107 1.09154 1.36046 1.49458 2.29704 3.20706 8.65551 43.175 84.5238 112.848 135.939 154.346 169.389 179.811 190.798 200.41 206.514 203.185 168.097 155.235 145.81 138.643 133.725 130.56 128.333 127.601 129.033 131.553 132.605 135.674 141.249 149.146 162.143 177.349 219.074 207.42 198.598 191.195 180.298 174.763 160.39 144.48 125.675 102.699 79.0338 30.38 -1.63823 -1.23822 -0.0491036 -0.469235 -0.499951 -1.04917 -1.11201 -1.14404 
0.382215 0.266415 0.448424 0.169676 0.217682 0.128549 0.184033 0.399 0.410779 0.258088 0.598801 0.991624 1.18753 1.62212 4.85574 9.02337 57.3512 91.7884 117.785 141.253 160.742 176.346 190.916 199.987 211.553 218.124 225.297 222.691 184.698 168.798 159.475 152.271 144.792 141.913 140.508 138.501 139.217 141.869 143.04 147.364 154.721 163.704 175.548 191.2 234.593 222.543 216.714 207.015 198.456 188.147 175.394 158.224 138.458 120.508 97.9086 66.1537 51.9506 34.4105 14.4434 -0.950903 -0.39265 -0.805346 -0.881356 -0.760719 
0.396953 0.328511 0.0810077 -0.0560573 0.0405673 0.356014 0.226453 0.0360471 0.192767 0.625954 0.359532 1.09762 0.742549 11.297 60.4755 83.6676 100.54 120.34 138.821 157.617 175.25 189.594 202.541 213.625 220.284 228.322 232.799 226.473 189.135 174.307 164.826 156.577 149.961 147.428 143.917 144.174 144.199 145.516 148.491 152.372 157.935 166.435 179.241 196.186 238.89 229.991 224.442 214.987 208.105 197.959 187.152 175.193 163.868 147.615 130.612 112.125 89.3292 60.9768 27.5412 12.7454 -0.986091 -0.938031 -0.83102 -1.3538 
0.182949 0.191326 0.482994 0.392115 0.372594 0.128416 0.0258443 0.486484 0.604033 0.293292 0.353181 0.788636 4.8425 44.2069 77.075 101.442 120.868 140.176 157.847 174.942 190.651 203.713 215.64 228.159 236.499 241.608 246.944 240.685 201.552 186.784 176.726 168.712 159.264 156.367 149.831 143.152 144.471 149.826 154.98 162.614 169.359 178.861 190.861 210.018 252.24 244.214 239.696 233.675 225.384 215.197 206.528 193.782 178.3 161.755 142.857 122.954 100.688 73.439 35.381 22.6028 7.2641 -0.225464 -1.40666 -0.894829 
0.0937769 0.129443 0.237444 0.253294 0.203518 0.0715707 0.632297 0.0335092 0.383427 0.507488 0.389912 2.35414 12.8803 60.9804 76.6345 105.234 124.968 146.298 164.414 180.485 196.54 210.479 222.075 233.415 241.365 247.714 253.404 246.319 207.289 192.332 180.296 172.682 166.707 157.247 145.971 144.942 145.433 149.159 161.724 169.278 174.237 182.988 195.966 213.587 259.573 251.99 246.189 240.4 230.184 220.387 209.602 196.139 181.557 163.451 144.239 125.04 102.169 75.697 35.8112 22.9993 16.3381 9.36149 3.91075 0.433222 
0.455359 0.00983917 0.0880709 0.135622 -0.299615 0.369543 0.498928 0.377033 0.508683 0.577898 1.40833 9.93572 15.2196 56.1148 74.5117 104.171 124.609 143.251 161.331 176.91 194.747 208.585 221.246 234.987 240.855 246.466 250.204 242.392 203.405 188.121 178.864 170.336 151.682 144.023 139.563 139.403 138.863 141.406 145.448 155.174 166.811 177.463 190.304 209.099 252.526 246.638 242.534 235.884 226.928 218.106 204.877 187.516 168.541 147.403 123.537 95.3018 75.7405 48.0569 14.4295 12.3549 8.93573 6.8289 3.95957 2.65523 
0.154831 0.0747324 0.255212 0.380904 0.544352 0.00340864 0.104311 0.603584 0.343036 0.452958 6.9556 7.9427 10.8968 23.7606 41.7591 54.7874 66.5996 74.9082 110.185 133.736 153.169 170.952 186.389 190.269 196.003 207.353 216.063 211.791 176.916 164.396 151.366 135.343 124.855 122.215 120.88 120.705 119.857 121.13 122.962 126.389 130.669 138.51 159.056 184.245 222.928 215.325 205.016 194.148 182.661 167.619 149.041 128.466 105.511 73.651 19.1783 3.34806 2.58778 1.89651 2.26045 1.79587 1.1665 0.899799 0.821505 0.297921 
0.210685 -0.0454658 0.512814 0.30709 0.180486 0.288395 0.381994 -0.022831 0.577685 0.4408 11.445 10.5673 3.39577 3.54651 3.99481 3.98045 5.35181 6.19015 26.4566 77.8624 109.303 133.525 152.592 166.827 175.91 186.03 194.79 191.228 156.846 130.528 117.197 110.49 103.85 102.122 102.081 100.878 100.585 102.671 104.898 107.535 111.797 118.128 129.625 152.991 203.829 197.959 189.863 180.852 170.485 155.93 139.398 118.03 90.3785 52.7532 2.28765 2.03851 1.78353 1.30656 0.467429 0.531895 0.211243 -0.632532 0.0784553 -0.367286 
0.441572 0.543713 0.131344 0.373631 0.274616 0.0974764 0.452717 0.533493 0.43994 0.478181 0.0712028 11.3589 3.02592 2.53205 3.41743 3.20593 3.6158 4.31391 19.4062 70.4173 103.153 127.697 146.435 163.318 174.846 185.887 193.601 184.973 137.151 119.294 111.263 104.477 99.5479 97.4119 96.9752 95.9264 96.661 97.3839 100.455 104.095 108.127 114.266 123.683 140.796 180.852 191.45 189.895 180.432 169.521 155.354 139.135 115.552 88.4721 52.5045 1.01742 1.83382 0.817606 0.635405 0.503965 0.392268 0.266543 0.307732 -0.244258 -0.259916 
0.287025 0.500504 0.281552 0.163824 0.30699 0.109567 0.161819 0.266808 0.314849 0.458252 0.870162 7.72724 6.69953 2.55277 2.63856 3.06967 2.85328 4.17822 15.81 67.0023 100.073 124.435 144.934 158.988 173.31 183.69 187.321 168.546 129.978 115.902 107.845 102.157 97.1746 95.0945 93.6999 94.6808 94.1007 95.4342 97.7831 100.726 104.848 111.649 119.856 133.666 172.387 170.28 186.377 177.757 167.492 154.984 136.792 114.339 84.8568 49.8247 -0.42831 1.42566 0.529956 0.5017 0.516837 0.211567 -0.0606658 -0.231321 -0.073184 -0.0765847 
0.557447 0.394095 0.233364 0.270762 0.707542 0.132671 0.484072 0.457639 0.789178 0.457239 1.00475 4.6387 9.19254 2.25998 1.95883 2.58085 2.94881 3.29737 14.1596 63.9486 97.463 123.682 143.723 158.148 170.094 182.56 171.346 166.343 126.237 113.191 105.624 100.257 95.4065 93.1955 92.2254 92.2715 92.295 94.0248 96.2367 99.0198 102.728 108.401 116.915 130.186 166.022 161.118 170.063 176.99 165.188 153.267 135.557 113.805 82.9663 45.4438 0.0105008 0.678132 -0.0226109 0.157526 -0.0578085 -0.00421291 -0.192295 0.0383751 -0.272234 0.081224 
0.624023 0.0872507 0.571152 0.212777 0.447029 -0.187469 0.324527 0.501304 0.768395 0.250848 0.855413 0.467427 13.3752 1.73091 1.52784 1.92666 2.69582 2.76389 11.843 61.0563 95.757 121.8 142.297 156.707 170.431 176.924 163.475 159.057 123.655 112.282 104.522 99.829 94.1979 91.9379 91.0663 91.2961 91.5724 92.3889 95.6996 97.728 101.772 106.829 115.257 127.633 161.808 155.179 158.167 176.4 165.236 152.153 134.108 113.54 81.7155 43.9998 -0.779891 0.274124 0.0813534 0.264644 -0.0795364 -0.325714 -0.111554 0.150664 0.238041 0.348191 
0.425331 0.324791 0.0630764 0.262254 0.214333 0.172977 0.088552 0.184956 0.426612 0.0773709 0.526832 2.19193 14.8481 1.93198 1.89063 1.89008 2.07969 3.15545 9.63731 59.0812 94.4625 120.24 140.735 155.599 168.313 173.627 159.912 158.433 123.012 112.528 105.268 98.8423 93.974 91.2697 91.0958 90.3169 91.0864 91.7883 93.9591 96.8153 101.176 106.023 114.378 127.611 160.317 149.701 153.222 173.678 163.311 152.376 133.195 111.289 81.2625 44.1611 -1.26868 0.318819 -0.14573 -0.119225 -0.129877 0.366631 0.119253 0.0843636 0.203312 -0.0965307 
0.265002 0.602858 0.0962017 0.607918 0.277172 0.280274 0.0125857 0.50902 0.604368 0.679974 1.30051 3.35912 17.253 0.543642 2.56563 1.90332 1.59517 3.64213 7.95867 57.7282 93.1079 119.053 140.274 155.244 166.83 171.892 158.074 158.226 123.731 111.491 105.048 100.5 93.8575 92.2278 91.964 90.874 90.9926 91.7169 94.1321 96.4898 100.461 107.038 114.252 126.048 157.812 147.318 151.517 171.772 163.467 151.267 133.079 110.189 80.7857 43.9518 -0.702758 0.431482 0.405347 0.237726 0.0231743 0.920271 0.0942619 0.825808 0.665204 0.627836 
0.278641 0.617413 0.26888 -0.221059 0.325071 0.162046 0.0673171 0.614109 0.494701 0.758891 2.93712 2.34616 11.0402 5.39921 2.95521 2.04904 2.12152 4.28359 4.29364 53.2426 89.4521 116.78 138.342 152.534 165.644 173.692 158.812 159.576 126.562 113.445 105.977 99.9793 94.1638 92.0545 91.3352 90.7243 91.9891 92.4275 94.1929 97.1621 100.008 106.12 113.464 127.126 157.184 143.535 150.2 170.726 163.986 152.215 134.554 111.525 83.866 48.2659 1.675 1.00935 0.278787 0.387737 0.831812 0.682198 0.752474 0.666064 0.944399 0.961204 
0.297542 0.867212 0.586518 0.46111 0.252676 0.299488 0.233093 0.598245 0.188042 2.11064 2.48905 2.55161 5.10042 11.4848 2.53276 2.38173 2.00708 2.63145 2.30582 51.2419 87.6452 114.609 136.541 152.369 164.641 178.04 161.14 161.311 127.387 114.835 107.445 101.449 94.6425 94.2043 92.45 91.6161 92.2712 92.6209 94.4928 97.3754 100.003 105.361 114.409 125.647 157.726 143.551 150.206 174.78 164.933 153.192 135.557 112.499 84.629 48.59 3.0179 1.29756 0.691444 0.305907 0.759289 0.939512 0.7244 1.0072 0.984914 0.490108 
0.345653 0.27474 0.161334 0.096191 0.217139 0.569677 0.0531882 0.471705 1.91887 2.1324 1.81804 2.02546 0.549741 16.0236 2.85425 2.08483 2.1896 2.70255 2.07911 50.3869 86.5539 113.948 136.27 151.714 164.086 175.782 169.463 164.084 128.172 115.645 108.287 102.407 96.1181 93.826 93.0772 92.902 92.4415 93.7628 95.1118 98.1297 101.839 106.305 114.342 127.233 157.5 143.778 151.958 179.578 165.205 152.843 135.18 113.501 84.6912 48.048 3.24895 1.47842 0.977277 0.693033 1.04393 0.597187 0.61443 0.960157 0.968258 1.12956 
0.388165 0.36597 0.572809 0.448287 0.192629 0.287854 0.454327 0.840038 2.33739 2.32086 1.65516 2.32021 2.1991 14.9955 3.2647 2.66243 2.29931 2.75942 2.24182 47.4772 85.7302 112.681 134.368 150.576 163.996 174.3 178.728 168.718 129.913 118.004 108.83 102.97 96.5577 94.6862 94.1003 93.8603 92.6527 94.2324 95.8041 98.6445 101.734 107.896 114.821 128.118 158.814 146.947 158.119 176.791 165.134 152.724 134.643 112.854 85.2423 49.0842 2.8625 1.25686 0.50895 0.49318 0.320041 0.719702 0.60311 0.600017 0.829928 0.697267 
0.345031 0.228308 0.192619 0.41669 0.16476 0.0676454 0.933858 1.8799 1.77522 1.3739 2.34437 1.51582 2.36581 11.9613 2.67421 2.31087 1.91614 2.20914 2.42856 45.6457 85.13 111.706 134.36 150.759 164.4 173.742 185.891 173.886 133.044 119.22 110.89 104.532 99.11 96.6459 94.3949 94.6159 94.3839 94.5273 96.7145 99.0589 102.354 108.724 116.72 129.606 160.975 151.372 168.954 176.846 165.525 153.521 134.472 112.719 85.262 49.1694 2.99355 1.49383 0.751918 0.890982 0.376855 0.502382 0.693312 0.771405 0.557607 1.04436 
0.136908 0.614989 0.447755 0.466281 0.276879 0.320068 1.71406 2.66282 2.1327 1.8954 1.11156 1.80203 2.5331 11.0667 1.50239 2.15162 2.09199 2.43822 2.59073 43.4597 83.9195 111.824 132.845 150.752 163.724 174.792 183.603 187.811 138.745 122.961 113.063 107.044 99.6441 98.1468 96.065 95.3851 94.7466 95.8013 98.57 100.59 104.66 110.582 118.822 131.36 163.77 157.978 180.304 177.628 165.452 153.234 135.828 112.685 85.678 50.3941 3.22977 1.65961 0.591864 0.683114 0.560529 0.472724 0.546116 0.462092 0.46158 0.499912 
0.0286046 0.528192 0.474512 0.158992 0.639367 1.13595 2.1855 1.68673 1.78303 1.53947 1.69058 1.6447 2.6338 10.0782 1.48086 1.92868 1.9481 1.94864 3.52882 40.8165 83.5259 110.705 132.417 150.437 163.199 174.86 183.714 195.146 153.043 127.364 116.538 109.333 101.81 99.5705 97.7443 96.6846 96.4059 96.8527 98.6808 102.65 107.047 112.361 121.22 134.437 166.907 167.778 187.84 177.14 166.736 152.973 134.546 112.334 85.8036 50.3204 3.45945 1.26391 0.197277 0.322596 0.198245 0.221111 0.3847 0.162286 0.349997 0.800943 
-0.15526 0.417437 0.549087 0.443398 -0.000886484 2.75589 2.23446 1.28811 1.69961 1.84488 2.23521 1.73327 2.18911 8.01012 2.02424 2.23781 1.93937 2.44127 4.12813 39.5636 82.6783 110.737 132.385 151.24 162.101 174.252 184.169 193.439 164.344 139.369 123.13 114.604 107.389 102.718 100.424 99.5084 99.5341 99.1978 102.133 104.383 109.493 116.405 124.279 138.652 173.571 187.929 186.644 177.125 166.378 152.989 135.004 113.017 86.0855 50.7058 2.94532 1.39213 0.281539 0.258879 0.0315195 0.0700687 0.329522 0.155316 0.893616 0.145338 
0.487374 0.281455 0.0527221 0.858534 1.01998 1.94562 1.70752 1.71607 1.73251 1.27861 1.86591 1.64663 2.29468 5.82494 5.9244 2.43753 2.05861 2.64253 4.00943 38.7797 82.4032 109.648 132.148 150.425 162.421 174.358 185.814 193.378 168.119 144.004 134.322 124.028 115.63 108.563 106.006 104.387 104.193 104.518 105.902 109.054 115.189 124.102 134.323 151.325 190.235 193.715 186.938 176.6 166.339 153.587 135.399 113.755 86.6845 51.4939 3.71279 1.52935 0.250275 0.332996 0.577326 0.140681 0.856485 0.545922 0.632448 0.629016 
0.440157 0.0841747 0.0692697 0.577952 1.23028 1.22845 1.28162 1.35419 0.947707 1.35462 1.55009 1.53471 1.64105 2.1233 6.05906 1.93272 1.60543 2.30711 4.23493 37.4954 82.0195 109.809 132.358 151.004 163.687 174.818 184.697 192.001 172.217 145.322 134.352 127.856 118.652 116.756 115.252 114.545 114.321 114.848 117.017 120.884 125.69 131.299 140.602 155.596 193.575 193.467 187.15 177.925 167.326 153.586 136.067 114.317 87.7894 54.1715 4.43186 2.48724 1.77789 1.60832 1.77164 1.20421 1.57799 2.10706 1.81909 1.79713 
0.575838 0.0105389 0.144389 0.564357 1.13684 0.970528 1.01214 1.54413 1.31142 0.992344 1.88971 0.788952 1.49128 2.26705 3.92343 2.15247 1.0145 2.03675 5.08342 35.1965 81.2894 109.471 132.859 151.083 162.814 174.438 185.638 193.283 173.286 147.271 135.313 129.204 119.062 116.705 115.203 114.314 114.543 115.365 117.49 120.173 125.657 131.101 141.164 156.504 191.824 194.176 187.331 178.112 167.57 154.953 136.2 114.141 88.3682 55.1159 5.21368 2.48452 1.35544 1.24147 1.19086 1.43303 1.63255 1.15144 1.5663 1.62811 
-0.174368 0.237983 0.404459 0.756716 0.733955 1.32893 1.12645 0.994248 0.812024 1.49763 1.23478 1.12483 1.69526 1.48315 4.24065 1.46848 1.695 1.88789 4.43537 35.4159 81.1287 110.012 132.48 149.765 163.349 175.339 184.925 193.2 173.923 147.373 136.295 129.208 119.813 117.825 115.559 114.048 114.713 116.333 117.241 120.49 125.792 132.779 141.811 156.21 193.461 195.55 188.183 178.216 167.408 154.062 136.4 114.579 88.2027 55.8795 4.14271 2.08525 1.29001 1.50979 1.19241 1.37085 1.24651 1.55466 1.71025 1.42795 
0.146119 0.496156 0.403855 0.425679 0.998875 0.914848 0.836454 1.30579 1.13596 1.80099 1.06166 1.29015 1.38669 1.16491 4.88298 0.63626 1.08641 1.77625 4.32694 34.0608 81.2463 109.37 131.832 149.958 163.199 175.342 185.199 191.758 175.627 148.021 135.505 129.295 120.618 117.887 115.876 114.838 114.333 117.027 117.635 120.859 125.823 132.142 140.965 156.448 191.055 195.244 188.388 177.706 167.033 154.388 136.547 115.281 89.6809 56.3011 4.61995 1.96039 1.2028 0.818679 1.23791 1.41469 1.07532 1.41751 1.34621 1.53926 
-0.150363 0.279384 0.186911 0.348886 0.972877 1.05583 0.983986 1.13311 1.61967 2.44612 1.1475 1.13407 1.52228 1.36992 2.52544 2.34437 1.47497 1.80934 3.3275 34.1427 80.3877 108.907 131.819 149.826 162.827 175.704 185.139 192.941 178.347 148.482 136.861 128.77 120.388 117.532 115.562 114.743 115.185 115.755 117.682 121.226 126.085 132.607 141.795 156.983 191.025 195.04 188.334 179.469 167.189 155.53 137.45 115.687 89.5394 57.6162 5.36708 2.29761 1.01309 1.00513 1.33159 1.73371 1.32728 1.4925 1.15598 1.36547 
-0.000105433 0.615464 -0.233732 0.748459 0.647758 1.32133 1.19993 0.555173 1.97139 2.67802 0.693665 0.713317 0.902327 2.56451 1.25574 1.83851 1.99321 2.14955 3.25543 34.346 79.8876 109.142 131.995 150.272 164.07 175.556 185.753 192.925 178.703 155.69 137.883 130.053 120.508 117.626 116.26 115.035 115.154 116.665 118.214 121.585 126.059 131.639 141.515 156.46 191.667 194.602 188.635 179.438 168.317 154.813 138.582 115.886 90.0397 57.7415 6.05101 1.9665 1.13819 1.06955 1.24874 1.02099 1.13025 0.871047 1.35849 1.49914 
0.293703 -0.655804 -0.0180971 0.14334 0.931463 0.727224 -0.373326 0.917807 3.56703 2.33342 0.864934 0.743268 2.6254 1.34698 1.49869 1.51073 1.10965 1.43305 2.99597 33.691 79.3053 108.202 131.815 150.662 163.46 175.385 184.661 192.868 178.892 150.04 136.913 130.148 121.135 117.992 115.774 115.684 115.164 117.038 118.66 121.774 125.685 132.267 141.556 156.868 191.292 195.687 189.937 180.378 167.832 156.105 137.886 118.172 90.537 59.1742 6.81242 2.31566 0.963225 1.15799 0.866083 0.815796 0.985179 1.5571 1.28221 1.26917 
0.15063 0.0238168 0.179716 -0.0809956 0.583266 1.34826 0.422863 2.47612 3.12891 0.446911 1.15193 2.70963 1.37755 0.965858 1.09845 0.909051 0.753597 2.4792 1.823 33.6424 79.7825 108.072 131.762 148.911 162.783 175.915 185.205 193.555 179.66 150.172 138.729 130.593 121.302 118.7 116.179 115.176 116.423 116.428 119.016 121.894 125.635 132.268 141.541 155.945 191.174 194.99 189.145 181.772 168.13 155.975 139.605 116.582 91.3971 59.8471 8.3176 2.85967 1.62999 1.81104 1.41125 1.18951 1.52869 1.74678 1.69746 1.5003 
0.221398 -0.042331 0.0572202 0.0785094 0.00884506 0.298934 0.913033 3.02977 6.16624 0.545138 1.16703 2.80879 0.792808 1.30518 1.13269 0.913409 1.32402 2.34765 2.82793 31.5619 78.7942 107.072 130.522 148.273 162.223 175.383 185.55 194.473 183.603 151.741 140.112 131.253 122.928 118.574 117.062 116.031 116.024 117.385 118.589 122.097 126.153 132.382 140.328 153.418 189.134 195.852 190.109 183.073 170.762 156.018 141.801 119.704 95.1359 63.7154 11.6097 3.00241 1.86461 1.62358 1.99064 1.63722 1.36492 1.50312 1.46596 1.41687 
0.125819 0.0843258 -0.0815341 0.0410889 0.458534 0.215975 0.957654 5.14137 6.91291 0.247588 1.75238 1.25027 0.850917 1.21582 1.01158 1.24305 1.6477 2.97142 3.1095 27.7632 76.2145 107.16 129.695 147.273 161.259 174.741 185.177 193.663 187.002 153.843 140.038 131.855 122.845 118.403 117.294 116.419 116.541 116.478 118.615 121.125 125.885 132.031 141.325 152.342 182.926 198.013 191.002 183.165 170.677 158.948 142.514 122.002 97.988 66.4185 15.9179 3.70391 2.73119 2.08395 1.78893 2.16493 1.7944 1.8121 1.95653 2.06001 
-0.371112 -0.17487 0.411801 -0.0642313 -0.100397 0.0631931 -0.220159 5.58288 6.46311 1.6103 1.7163 1.47983 1.27336 1.73134 1.14854 1.4806 2.49819 2.07813 3.88066 28.3515 77.034 106.949 130.261 148.176 161.894 175.061 185.56 195.25 188.343 154.467 140.7 131.927 123.53 119.337 117.043 116.477 115.81 117.517 119.28 122.16 125.199 132.13 140.144 153.867 181.776 198.518 191.127 182.981 170.555 159.052 143.059 122.896 99.3092 66.8428 17.7663 4.16013 3.77556 3.02972 1.92584 1.59299 2.04807 2.2675 1.59291 1.4568 
0.290604 0.0186522 0.054731 0.428803 0.0618981 0.275632 5.47811 15.572 8.35312 2.10415 1.66989 1.27742 1.55936 1.61558 1.9328 2.02747 2.60452 3.45518 4.13659 28.6474 77.3752 107.647 131.189 148.029 163.596 175.665 185.688 193.672 186.782 154.461 141.729 132.946 123.599 119.576 118.033 117.627 117.431 117.338 119.029 121.327 125.397 130.988 138.272 153.112 181.549 198.98 191.687 183.208 171.602 159.347 144.688 124.977 101.587 70.2447 18.8727 4.57132 4.21677 3.32675 2.42013 2.71846 2.25804 1.98521 1.84638 1.29976 
0.0958596 0.02825 -0.059913 0.00415734 0.364687 0.249518 3.72269 8.64907 7.33175 4.84553 2.97845 1.8477 2.05386 2.45663 2.29171 3.59158 3.36955 4.11011 5.07246 29.2946 77.7478 107.974 131.843 149.717 162.602 175.697 187.356 195.89 188.91 155.462 143.468 133.716 124.168 121.587 118.864 118.275 117.924 119.474 121.083 123.105 127.784 134.582 143.534 155.261 181.809 201.966 195.827 187.396 177.502 164.364 152.485 135.857 114.036 87.364 48.2833 6.45752 4.46919 3.85563 3.33682 3.61979 2.82995 2.46199 2.85054 2.49266 
0.198776 0.273478 -0.215935 0.0513797 0.247133 0.188965 -0.865578 3.36318 10.0497 10.9466 9.54362 6.73289 4.30872 4.01382 3.40433 3.80361 4.41286 5.00324 6.06715 51.7063 92.6275 118.044 138.349 161.84 183 198.044 209.496 219.482 214.326 177.794 163.879 156.703 145.19 143.131 141.566 140.954 141.211 143.535 145.257 149.053 154.388 162.359 171.291 183.984 212.885 233.249 227.78 221.513 211.285 198.088 186.316 172.746 154.249 132.089 100.455 55.6023 24.006 13.38 17.8065 17.9796 16.9443 15.5383 12.9467 11.3248 
0.194404 0.125551 0.771832 -0.00734138 0.262022 0.477581 0.0607759 0.0790959 3.00897 9.71922 11.4331 12.5174 15.2093 14.6548 14.3044 14.4525 15.7621 38.9806 79.501 119.455 146.114 173.885 195.732 208.972 218.012 229.714 238.104 247.092 238.528 201.551 186.236 176.383 165.869 161.858 158.988 157.118 157.695 158.822 161.398 163.528 169.738 176.356 184.761 197.93 227.02 252.018 248.288 239.939 230.391 221.17 210.105 196.276 179.266 162.477 140.185 114.423 81.6415 39.4998 24.9368 22.7345 19.9718 17.2078 13.9458 11.0893 
0.733346 -0.0898193 0.155626 0.0934055 0.411124 0.301334 0.0606082 0.0664149 0.00369283 0.268326 7.44628 11.9408 15.3383 19.5729 20.9669 20.8409 65.0349 87.8617 114.909 142.543 164.358 184.857 200.257 214.785 227.218 237.706 247.594 256.155 245.019 206.492 191.315 181.835 170.339 166.365 164.438 163.207 161.892 163.235 166.55 169.041 173.306 180.894 188.81 202.036 231.354 257.803 252.335 246.076 238.686 230.132 217.798 204.374 189.47 171.086 151.818 128.894 102.329 64.6102 30.8329 22.3693 14.5323 8.12759 3.69117 0.32016 
0.199097 0.466263 0.403903 0.658182 0.187403 -0.317982 -0.0274981 0.304357 0.334852 0.344243 0.297629 3.23525 9.37035 16.8978 24.8187 38.1484 78.7774 99.6418 130.285 150.435 173.382 192.102 207.561 219.345 228.383 238.307 245.76 254.335 246.672 207.055 191.045 180.477 169.41 164.576 162.554 160.19 160.344 160.715 164.17 167.09 170.86 177.077 185.36 198.623 230.954 256.599 251.554 245.082 237.477 229.117 215.702 203.919 189.711 171.773 152.934 131.014 106.036 79.4603 39.0161 18.1412 2.35006 0.0467798 0.516928 0.392929 
0.240546 0.0563907 -0.0714502 0.0502642 -0.0778732 -0.320774 -0.037965 1.03187 0.793072 0.820351 0.269227 0.640806 0.922836 6.10467 25.5217 48.8253 80.1415 112.003 133.655 154.376 173.049 188.69 202.631 215.165 223.74 232.969 240.493 246.541 242.358 203.086 186.473 175.868 163.779 159.057 156.413 154.629 154.167 155.121 157.644 159.514 164.625 170.7 179.694 193.246 221.167 247.49 244.063 235.585 228.768 219.381 208.417 196.562 180.549 163.837 143.833 120.222 94.9715 67.632 37.9775 6.81351 0.65032 0.389789 0.549421 0.263478 
0.0110907 0.0430074 -0.415796 0.0125897 0.359464 -0.0263815 -0.170333 0.591833 0.529839 -0.216175 -0.0795522 0.360801 1.10279 0.287588 10.3469 55.1723 85.9622 110.089 126.86 145.393 163.23 179.867 194.964 205.457 215.415 223.158 231.037 237.538 234.879 194.915 180.028 168.633 156.15 152.134 149.464 147.663 147.041 147.353 149.372 151.679 156.133 162.204 170.282 182.933 213.146 235.841 230.88 226.624 215.478 206.023 195.81 181.008 166.23 147.23 124.114 97.9906 70.8342 44.1562 19.5114 0.617227 0.746469 0.509049 0.317849 -0.213758 
-0.106125 -0.349528 -0.351186 -0.0397396 -0.0231401 0.177532 0.236828 -0.0124317 0.519051 0.497791 0.284434 0.751837 0.245332 0.895242 0.53705 35.4351 74.7117 92.8459 110.105 129.159 148.441 166.49 182.58 193.31 201.51 212.004 219.821 226.83 224.008 185.263 169.893 159.471 147.459 142.792 139.414 137.976 137.893 137.843 139.578 141.013 144.605 148.886 156.87 170.433 198.929 219.969 213.58 206.093 195.773 186.607 176.628 162.168 140.952 119.9 93.3837 58.8592 26.1295 4.8292 1.00384 1.3306 0.324008 -0.0636905 0.122926 0.508619 
0.18322 0.190832 -0.187974 -0.389037 -0.154115 -0.108139 0.352602 -0.226682 0.235803 0.926416 0.741107 0.795835 -0.0769797 0.973572 1.07675 3.76156 28.0716 60.6501 83.0447 105.222 126.405 146.844 163.928 176.678 184.786 196.156 205.837 212.022 213.918 175.52 160.657 148.608 139.673 134.842 132.078 131.116 131.013 131.685 133.209 134.55 138.038 145.038 153.381 162.396 191.678 214.729 207.894 197.531 186.7 178.343 167.179 150.926 129.818 101.616 72.9018 16.7315 2.85881 1.86839 1.56128 1.09903 0.716898 0.385169 0.39105 0.221335 
0.339561 -0.187811 0.293641 -0.0441952 0.381769 0.130192 0.0459552 0.0769008 0.376861 0.584362 0.124589 0.335786 -0.0168616 0.470666 1.12296 1.4469 1.93005 1.82922 21.6118 74.252 105.896 131.716 152.341 170.042 182.245 192.248 202.885 210.421 214.342 175.575 159.143 148.784 138.652 134.124 132.55 130.126 129.528 130.758 132.357 134.341 137.554 142.269 151.486 163.06 186.153 213.88 204.511 197.373 187.922 177.316 165.531 149.782 129.952 102.443 71.1928 17.1358 2.94314 1.87122 1.20143 0.597003 0.087517 0.489172 -0.0566245 -0.144032 
0.17339 0.184883 -0.0462002 0.3228 0.0890975 -0.290038 0.19223 -0.170138 0.130676 0.213202 0.120629 0.255473 0.350125 0.602217 0.577982 1.36577 2.47231 3.3746 16.1007 73.9588 105.566 131.7 152.675 169.129 177.679 190.094 200.934 209.355 211.183 175.142 157.157 147.998 136.649 133.459 130.935 129.281 129.09 130.075 130.898 132.656 136.184 141.678 149.942 161.05 179.655 216.233 205.965 197.405 187.257 179.466 165.621 150.647 130.772 103.981 70.9173 14.9893 2.25479 1.43519 0.983497 0.115699 0.164834 -0.0688068 0.193863 0.0969718 
0.18157 0.295497 -0.389059 0.153845 -0.346322 -0.00545688 0.0245171 0.187522 0.108328 0.440405 0.392554 0.194279 0.156059 0.359769 0.119095 1.16977 2.45131 2.98303 15.1567 73.1279 104.596 132.509 152.631 169.072 178.298 190.592 202.476 209.151 212.715 174.801 156.917 146.98 137.587 132.635 130.012 128.993 128.178 128.3 131.076 132.599 137.045 141.671 149.875 158.966 176.832 216.855 204.433 197.658 184.324 177.9 166.737 148.306 129.596 102.873 71.7794 16.6067 2.11308 1.09103 0.157673 0.385461 0.087765 -0.0739753 0.0114694 0.0415525 
-0.169007 0.278733 -0.106316 0.0111112 0.467064 0.533703 0.0617888 -0.236302 0.068572 0.00249687 0.362477 -0.184992 0.218289 0.876379 1.14888 0.944088 1.03 2.34262 14.7045 72.0514 104.197 130.352 150.988 168.112 178.314 192.205 200.225 207.737 209.426 173.943 157.738 147.188 136.872 131.981 130.276 128.046 127.474 129.893 129.535 131.45 135.814 139.607 147.617 159.888 174.385 214.967 203.953 195.905 184.452 178.11 166.855 149.549 129.393 104.98 72.7465 17.5424 1.68267 0.667099 0.208059 0.0248979 0.0173821 -0.211236 -0.0349704 0.111159 
0.0682823 -0.201218 -0.131823 0.135309 -0.148943 0.237908 -0.240478 0.00500986 0.409561 -0.368467 -1.23544 0.428198 0.0671237 0.648401 0.183013 0.323685 0.938111 1.84172 12.4571 69.755 104.172 131.145 152.199 168.401 176.836 189.17 200.396 206.692 210.158 171.539 156.113 145.929 135.55 130.896 129.362 127.219 127.876 127.838 128.951 130.837 134.955 139.911 147.522 158.574 173.367 212.413 204.151 197.63 187.77 177.256 167.182 150.56 129.149 104.839 73.9749 19.5782 1.52032 0.494161 -0.292188 -0.0473162 0.175736 -0.359266 -0.36597 0.141801 
0.249963 -0.0532118 -0.382924 0.367287 -0.525284 0.336822 0.296322 0.262452 0.41054 -0.0730835 -0.0859229 0.554268 0.0340807 0.227631 0.581224 -0.0713633 0.76161 1.87972 9.16193 65.0967 98.3284 125.668 148.309 165.665 175.654 186.623 199.298 206.78 213.902 173.268 157.876 146.692 137.359 131.923 129.171 127.825 126.763 128.636 130.054 131.087 134.223 138.334 146.938 155.005 171.752 209.316 205.834 196.547 188.015 177.441 170.279 153.296 132.772 108.933 78.9365 25.7148 1.65401 0.561317 0.198768 0.402967 -0.657459 0.0798375 0.0302099 0.408063 
-0.00110803 -0.28554 0.189214 -0.145815 0.249149 0.386988 0.289433 -0.0754819 0.69051 0.142533 -0.188997 -0.176561 0.170171 0.0666927 0.282868 0.185688 0.647933 1.80848 7.08287 65.2398 99.2753 127.288 148.652 166.192 177.272 187.551 198.922 206.863 212.288 173.777 157.417 146.58 136.553 131.409 129.214 127.469 126.244 127.123 129.37 130.159 133.384 139.139 146.277 156.49 171.201 209.138 204.135 196.769 188.036 176.044 169.126 152.78 133.908 108.004 78.0735 26.7823 1.14413 0.746668 0.0655876 0.0711346 0.0578518 0.140622 0.200906 -0.118655 
0.0111583 0.105743 0.44808 -0.369091 -0.0997794 -0.0523555 0.0945839 0.470463 -0.203103 0.182533 0.280705 0.18601 0.389364 0.662024 -0.116958 0.0470756 0.819141 1.47357 7.41218 65.0756 97.7686 125.842 147.153 165.597 172.987 186.048 196.972 205.214 211.689 173.49 156.75 145.76 136.334 132.198 128.754 127.242 125.748 127.556 128.85 130.49 133.57 137.138 144.728 155.466 168.72 206.923 205.315 198.513 186.277 178.543 170.142 154.33 134.076 108.76 78.7473 28.0459 1.97123 0.700297 0.0545186 -0.400012 0.139693 0.181391 -0.0173378 0.344901 
0.170572 0.0261403 0.400298 -0.646452 0.0318378 0.474336 0.277716 -0.154593 -0.100241 -0.424354 0.172411 0.120347 -0.348723 0.318992 -0.0326144 -0.24595 0.599125 1.66939 6.56826 63.3168 98.458 127.041 149.126 166.276 173.638 185.192 196.491 205.338 212.255 173.295 171.006 146.614 136.158 130.865 127.664 127.638 126.674 126.001 126.793 128.982 133.193 138.092 146.105 155.133 168.864 204.801 204.653 199.307 187.095 178.889 170.926 154.259 134.553 110.845 80.5653 28.9848 2.01311 0.988632 0.773299 0.796781 0.217943 0.52245 0.202064 -0.00531159 
0.199762 0.241422 -0.462406 -0.195927 0.0965333 0.188851 -0.0851679 0.242681 -0.368867 -0.159111 0.527677 0.342329 0.299446 0.366894 0.138565 0.44469 1.08284 1.53363 5.81931 64.924 98.5233 126.015 148.123 166.385 174.352 185.786 196.672 206.57 210.925 173.061 156.917 148.084 137.308 131.74 128.042 127.003 126.551 127.056 127.548 130.279 132.809 138.119 145.287 154.807 169.722 205.013 205.576 198.096 188.365 180.214 170.711 154.984 136.034 111.358 81.1885 30.1482 2.02762 1.44156 0.898674 0.45982 0.943765 0.533085 -0.20501 0.306067 
0.145056 0.334061 0.0262216 -0.0741088 0.110229 0.24041 0.0212775 -0.139166 -0.121424 0.16507 0.168818 0.211527 0.274515 0.448795 0.455996 1.31406 1.20984 2.32755 6.50635 64.1426 98.4098 125.97 148.127 165.736 173.471 184.923 196.406 205.445 212.083 172.727 156.156 146.668 135.616 131.442 128.585 127.206 126.455 126.814 128.063 130.244 133.12 137.928 144.7 153.418 168.295 204.644 204.35 197.911 189.88 178.546 172.489 156.102 136.721 112.071 83.1755 33.5323 3.28777 1.79897 1.52096 1.22227 1.07391 1.43536 0.200553 -0.0490228 
