-0.338927 -0.439818 -0.981775 -0.695785 -0.552337 -0.518744 -0.713599 -0.468523 -0.529873 -0.704678 -0.717464 -0.126003 -0.0359401 0.595946 15.4737 69.3321 102.096 127.862 147.459 163.71 170.195 181.127 194.576 203.041 206.901 169.95 153.541 142.59 135.821 132.143 130.22 127.283 127.228 128.595 128.389 130.458 134.079 138.76 144.646 152.732 166.42 200.282 206.082 196.648 186.563 170.816 175.48 156.436 137.54 113.726 85.791 41.1312 0.980462 0.888052 0.308352 0.170502 -0.0706669 -0.00535486 -0.178663 -0.233621 0.252685 -0.207265 -0.00904945 -0.193736 
-0.924779 -0.611085 -0.83303 -0.165267 -0.571536 -1.10152 -0.774836 -0.624752 -0.851349 -0.61402 -0.977279 -0.336595 0.161109 0.881485 15.0637 69.6968 101.393 127.739 148.39 164.359 170.119 182.026 195.301 203.162 206.682 169.738 152.869 144.066 136.129 132.03 129.465 127.666 127.402 127.801 129.346 130.796 134.435 138.509 143.556 154.323 166.212 200.444 204.488 196.884 186.654 169.572 176.138 155.502 137.608 113.491 85.1496 40.0118 1.00123 1.06755 -0.220852 0.21298 -0.0621757 0.118126 -0.278276 0.0877578 0.110166 -0.18469 0.311063 0.0467701 
-0.610757 -0.855078 -0.590759 -0.539084 -0.768147 -0.694333 -0.632224 -0.489379 -0.307736 -0.26257 -1.16896 -0.17203 0.238682 1.16251 15.4605 70.6043 101.946 127.341 148.059 164.484 170.055 181.983 196.224 201.783 207.043 168.68 155.199 144.212 137.052 132.407 130.403 128.202 127.58 126.848 128.582 131.666 133.219 139.896 144.556 153.423 166.237 200.684 203.837 197.493 187.636 170.341 174.658 156.004 138.986 114.381 85.5695 41.1232 1.16918 0.760158 -0.0737811 0.0416593 0.0101654 0.174622 0.372302 0.291652 0.115999 0.0161838 0.0510143 0.409094 
-0.944885 -1.32693 -0.730459 -0.551082 -0.690278 -0.483414 -0.692932 -1.07884 -0.754627 -0.94131 -0.492935 -0.437993 0.214056 1.2186 14.6026 69.5504 101.126 128.004 148.335 165.307 168.545 182.668 194.251 204.241 207.846 169.855 154.874 144.866 136.781 133.318 130.401 128.535 128.203 127.818 128.619 132.596 137.584 141.374 149.142 154.604 168.466 202.427 205.301 198.613 189.208 175.181 172.788 156.958 137.112 114.054 85.1313 40.7779 1.55352 1.26165 0.173082 0.509982 0.181688 0.192894 0.169663 -0.0555485 0.107547 -0.243901 -0.147272 0.0346467 
-0.743191 -0.721455 -0.881232 -0.333733 -1.24069 -0.234268 -0.974822 -0.511307 -0.481446 -0.576447 -0.278013 -0.129804 0.182722 1.38972 14.9191 69.8163 101.645 127.418 148.887 165.495 171.516 184.037 195.719 203.771 209.549 170.995 155.03 144.861 138.238 133.94 130.418 128.769 128.972 129.652 130.441 132.925 137.256 139.569 145.823 154.772 168.197 201.77 205.585 198.24 188.688 172.878 174.018 156.598 137.532 114.575 85.7125 40.2776 2.03179 1.55794 0.394299 0.52184 0.358133 0.389717 0.425082 0.179575 0.288331 -0.0950773 0.306349 0.229468 
-0.441974 -0.942508 -0.511824 -1.0029 -0.797416 -0.684258 -0.916668 -0.734215 -0.556603 -1.06412 -0.181525 -0.168245 0.511935 1.71635 14.5462 70.3706 102.369 128.839 149.145 165.616 170.045 185.042 195.16 205.14 210.027 171.015 156.529 145.73 138.33 134.326 130.124 129.212 129.503 130.378 129.48 131.988 136.804 144.369 146.679 154.79 168.186 203.275 206.054 200.089 189.176 174.732 174.644 156.993 139.103 116.505 87.3392 40.9996 2.57518 1.71317 1.1024 0.408861 0.556272 0.367652 0.253579 0.0741119 0.201046 0.296356 0.0967291 -0.191028 
-0.849737 -0.677105 -0.728531 -0.512738 -1.33221 -0.459727 -0.596917 -0.654774 -0.765538 -0.449294 0.173145 0.107792 0.512481 2.15954 9.30134 68.0586 101.169 126.765 148.036 164.724 173.34 183.418 194.194 205.169 215.325 175.242 158.585 148.33 140.493 137.186 132.495 129.763 130.385 129.712 131.459 134.249 135.643 140.91 147.127 155.879 168.057 201.385 208.839 201.216 192.667 178.058 178.807 160.26 142.037 120.057 91.4427 51.1152 1.01903 2.30042 1.35613 0.589325 0.416337 0.249765 0.279555 0.387159 -0.0909697 0.162439 -0.175888 0.0817277 
-0.831263 -0.920745 -0.840986 -0.652534 -0.584454 -0.701824 -0.902074 -0.290948 -0.765327 -0.154267 -0.137395 0.181373 1.08835 2.37495 9.57636 66.8885 100.007 126.884 147.436 164.818 175.172 186.191 196.18 204.118 215.46 176.707 159.041 148.692 141.073 136.989 133.635 130.573 131.477 129.952 132.133 133.33 136.401 141.337 146.171 155.192 168.238 201.054 208.651 200.328 192.658 177.89 176.856 160.153 142.263 119.672 92.6056 54.1477 1.24317 3.06952 1.79566 0.985029 0.290816 0.307594 -0.135292 0.377819 -0.00125002 0.200516 0.302497 0.381803 
-0.562525 -0.803963 -0.451433 -0.746706 -0.782523 -0.448867 -0.549596 -0.638697 -0.509254 -0.314333 0.485331 0.474979 1.03064 2.15321 7.58926 64.8784 101.129 129.09 151.053 168.132 178.138 188.477 198.491 207.458 217.962 179.321 163.145 152.004 143.269 137.582 134.868 132.73 131.943 132.967 131.898 134.968 137.658 141.394 147.036 156.088 170.048 203.245 210.457 204.18 195.486 181.193 177.332 162.633 144.408 122.174 94.0496 52.1354 2.05119 2.6714 1.60048 1.14289 0.0881372 0.236082 -0.116144 0.0467043 -0.00550777 -0.166424 -0.0197826 0.0593149 
-0.757929 -0.73272 -0.401604 -0.808447 -0.448826 -0.702418 -0.25218 -0.629306 -0.372666 -0.377929 -0.221687 0.558592 1.27771 0.665834 31.7339 85.7789 117.451 141.353 163.415 182.556 192.209 201.159 210.449 218.889 226.751 190.703 168.654 158.181 149.337 144.131 141.448 138.82 139.606 139.113 139.06 140.465 143.718 146.835 153.166 161.75 176.009 211.667 217.092 212.279 202.25 186.385 186.231 169.347 151.595 130.043 104.515 70.8014 22.6729 1.40779 1.72878 1.00811 0.272732 0.13194 0.260604 0.269369 0.393208 -0.147267 -0.318131 0.09646 
-0.911812 -0.762848 -0.827133 -0.442293 -0.435345 -0.74986 -0.768206 -0.570058 -0.934 -0.205793 -0.0365857 -0.261343 0.82906 15.653 73.7888 113.907 139.929 170.674 196.473 208.614 220.633 217.393 228.325 236.398 246.393 209.028 190.136 177.72 169.885 163.535 159.015 153.847 150.435 150.273 150.368 151.444 154.809 159.135 165.159 172.304 186.953 224.386 232.253 224.671 217.143 207.069 200.698 188.401 174.495 154.694 133.499 109.281 77.1776 20.5855 0.11273 1.33655 0.752737 0.0951469 0.0716875 0.0648531 0.739636 -0.0783395 0.10184 0.178812 
-0.339269 -0.896115 -0.525597 -0.549775 -1.13758 -0.877128 -0.805424 -0.77392 -0.919405 -0.0518431 0.13419 0.248897 7.43175 60.7707 105.248 132.519 154.14 187.855 208.103 219.334 227.586 228.786 236.656 242.422 252.08 216.9 194.642 184.271 175.448 171.388 167.863 165.642 163.618 163.095 162.422 163.892 166.489 171.638 176.733 187.675 201.844 241.404 253.251 249.697 244.181 235.539 226.714 209.119 197.069 180.661 161.417 140.883 119.202 92.0824 48.486 3.58449 0.268042 0.682714 -0.508488 -0.183368 -0.182346 0.147956 0.243781 -0.138329 
-1.3209 -0.931179 -1.05695 -0.825861 -0.54209 -0.261332 -0.955929 -0.705264 -0.458016 -0.324386 -0.0412019 7.10333 56.4902 87.1668 113.486 137.95 161.469 203.21 220.635 228.55 231.392 233.249 240.195 248.176 257.029 208.025 188.282 186.091 180.751 174.041 170.053 167.658 166.556 166.963 168.615 169.423 173.821 177.827 186.034 197.572 212.841 248.86 264.587 263.288 257.973 249.733 241.154 219.641 206.065 191.396 173.253 155.104 134.759 113.096 82.8076 32.1072 0.0771084 -0.136825 0.110176 0.28546 0.214728 0.360979 -0.296765 0.598575 
-1.09048 -0.895898 -0.701121 -0.425463 -0.749641 -0.438007 -1.00678 -0.694736 -0.878668 -0.153669 -0.51447 23.6048 70.8157 99.0771 123.698 146.03 165.792 215.482 231.71 235.622 235.242 234.604 242.114 251.541 238.866 207.022 187.122 185.776 181.083 175.803 172.39 168.941 169.527 169.271 170.04 172.729 176.245 180.242 186.874 197.063 211.124 246.949 260.102 264.041 259.858 252.502 245.733 217.217 207.34 194.136 178.545 159.587 137.927 114.163 84.2855 39.9402 -0.00286236 0.381693 -0.272225 -0.0105102 0.209156 0.135169 0.347765 0.0813592 
-1.48456 -1.3966 -0.6721 -0.897 -0.976488 -0.33227 -0.957515 -0.84278 -0.684728 0.0171905 0.0563583 25.1216 73.7675 94.1729 111.349 129.814 154.283 171.563 194.353 208.29 218.447 221.343 223.541 197.488 193.453 173.807 154.488 150.404 157.652 156.504 152.622 151.045 151.606 153.381 154.353 156.688 160.725 166.382 172.518 181.843 195.61 229.162 243.492 243.51 244.916 240.833 238.811 203.557 191.306 174.592 154.716 132.091 110.112 85.332 66.2997 22.3741 0.493022 0.703088 0.093461 0.073365 0.0213798 0.646815 -0.234891 0.142727 
-0.565376 -0.710752 -0.760371 -0.375395 -1.08539 -0.925249 -0.757197 -0.281704 -0.456944 -0.820523 0.50794 -0.436465 5.54362 10.1556 45.5187 92.9189 120.477 143.918 165.376 180.488 192.933 200.707 183.339 166.23 174.886 162.537 141.961 134.454 132.274 136.279 140.783 139.151 139.03 140.188 142.345 143.371 146.078 149.68 155.892 164.591 174.518 203.659 218.979 219.813 222.425 220.13 208.42 177.795 157.707 134.781 106.737 61.1366 10.1384 3.33999 -0.561008 0.462604 0.598145 0.0059057 0.441048 -0.0757364 0.0738941 0.306112 0.31993 0.471323 
-0.728519 -0.584247 -0.87165 -0.568319 -0.80306 -0.605535 -0.544731 -0.920232 -0.572179 -0.981036 -0.609689 0.35605 0.928784 4.17805 2.89973 37.2356 83.9113 112.458 137.668 155.847 169.482 173.967 143.728 131.513 146.228 145.434 122.879 115.862 111.804 108.058 108.574 114.747 121.313 120.781 121.686 123.742 126.352 129.694 134.906 142.74 154.523 184.258 206.727 197.81 188.684 178.877 163.825 148.638 128.505 100.425 66.4635 6.19501 4.03082 2.07126 1.70095 1.58602 1.05608 0.474708 -0.0599903 0.545376 0.0726638 0.150393 0.0932312 0.777488 
-0.787904 -0.748426 -0.660551 -0.997522 -0.745177 -1.17862 -0.907551 -0.23103 -1.03663 -0.595258 -0.109319 -0.0324535 2.92534 3.66096 3.8612 28.7533 79.647 108.376 132.629 150.049 163.575 155.336 124.521 113.645 128.951 142.939 120.366 113.237 108.866 104.305 102.911 102.827 110.713 118.768 120.635 120.488 123.306 126.87 132.711 140.019 152.91 183.146 203.91 196.736 185.736 172.989 160.749 142.654 120.656 95.2373 59.2971 5.16108 3.24207 2.03047 2.04783 1.00595 0.735506 0.664442 0.296702 0.427962 0.406339 0.394723 0.444528 0.579942 
-0.770551 -0.72705 -0.970874 -0.76797 -0.660078 -0.932182 -0.582519 -0.370422 -0.664628 -0.572547 -0.194715 1.44021 2.19193 2.58635 3.90998 22.6327 76.0424 104.541 129.657 147.59 161.673 141.336 114.274 103.422 107.512 140.097 119.421 111.556 105.916 102.675 100.238 99.8698 100.78 104.096 116.069 120.614 121.903 126.715 131.922 138.912 151.743 182.077 200.253 197.601 183.021 171.479 158.817 141.424 119.416 92.533 56.0944 1.80395 3.99626 1.78457 0.927566 1.06341 0.809437 0.421168 0.0121016 0.158694 0.530092 0.00439563 0.209762 0.484446 
-0.445064 -0.885833 -0.976628 -0.790642 -0.215255 -0.929855 -0.646732 -0.583495 0.146967 -0.423448 -0.131254 1.68411 1.68481 2.97517 3.94233 20.6954 72.7253 101.567 127.927 147.278 161.71 129.947 107.985 97.4405 99.7112 127.285 118.697 109.46 105.29 101.173 98.8567 97.6319 98.233 99.6248 102.191 114.983 122.049 126.366 134.134 138.997 150.248 177.454 199.617 194.577 182.722 170.617 157.39 139.606 117.798 91.4011 53.778 0.919169 2.99124 1.80562 0.721557 0.892697 0.0286023 0.00786744 0.0354718 0.278097 -0.189646 0.0756207 -0.0786922 -0.188391 
-0.691715 -0.776876 -0.770982 -0.532482 -0.544454 -1.18596 -0.757932 -0.702161 -0.513324 -0.759447 0.0795922 2.56094 1.16901 1.9238 3.5333 17.8419 71.75 99.5168 126.854 146.428 164.997 122.967 104.215 94.2694 95.3682 121.208 113.757 109.78 104.277 100.175 98.5885 96.4815 95.9171 97.6154 99.5225 104.147 120.502 124.014 130.383 137.507 147.873 175.249 202.609 188.07 180.312 168.737 154.837 138.737 116.657 89.9297 49.8422 2.05821 2.84236 1.93207 0.541786 -0.122447 0.301384 0.46471 0.54532 -0.472215 0.123403 0.37466 0.17383 0.479039 
-0.741968 -1.00927 -1.03513 -1.1879 -0.867112 -0.959961 -0.79989 -0.567763 -0.64778 -0.865639 0.125517 2.36983 2.395 2.48508 3.9887 15.217 68.2426 97.6193 125.97 145.712 163.003 123.08 105.339 94.6771 92.2377 119.865 107.431 111.214 103.337 100.578 98.0875 96.122 96.7989 95.7412 98.4341 101.683 113.336 124.388 129.536 137.002 147.398 171.963 202.4 188.633 179.997 168.181 155.135 138.545 116.657 90.1011 47.6547 2.55619 2.34327 1.8385 1.3746 0.955005 0.311472 0.33402 0.472097 0.182063 0.665437 0.0346468 0.304652 0.278656 
-0.654892 -0.627356 -0.61305 -0.441677 -0.878657 -0.791627 -1.49288 -0.821742 -0.400687 -0.434984 1.27836 3.0473 3.5535 3.41204 4.36762 14.708 67.0134 97.6514 124.374 145.051 160.268 130.7 106.648 95.318 92.5402 120.513 104.148 108.738 103.877 100.288 98.2366 96.1004 96.3215 97.2874 99.1058 101.277 109.872 123.974 129.739 136.623 147.495 172.221 202.34 189.625 179.987 168.299 153.91 138.025 115.755 88.805 45.2534 3.01 2.51333 1.57601 2.25477 0.997423 0.300786 0.273259 0.260988 0.764314 0.103559 0.4189 0.518376 0.0499531 
-1.00246 -0.52845 -0.472626 -1.3317 -0.711676 -1.17454 -0.211714 -0.282202 -0.610842 -0.748119 2.04493 -0.465365 1.83372 4.54871 4.66554 10.0389 63.9596 95.3239 122.579 143.248 157.125 140.812 110.058 98.6643 90.6524 122.316 104.764 106.523 106.201 100.904 98.601 96.4882 96.7549 96.7358 98.1896 101.396 106.949 124.246 128.506 135.404 145.789 165.153 204.288 190.214 180.517 168.957 155.997 139.226 117.75 91.4811 52.0812 1.39585 3.08643 1.12985 1.93208 2.22963 0.830244 0.542157 0.482856 0.0850429 0.398733 -0.28422 0.263658 0.778884 
-0.880356 -0.167754 -0.588264 -1.09684 -1.00776 -0.673154 -0.774013 -1.1054 -0.309664 -0.221936 1.86956 1.61258 2.87652 3.79834 5.12256 7.61453 60.7407 92.3025 119.663 141.814 156.882 150.486 114.738 100.765 91.5465 127.281 106.988 104.015 107.23 102.396 99.3564 97.4327 96.761 98.1629 99.7026 100.723 106.385 123.706 127.343 134.971 143.723 162.175 202.574 190.19 181.071 169.515 155.97 139.757 118.032 92.1278 52.4755 0.537691 2.65853 2.03802 1.96461 2.22168 2.58082 0.112862 0.00936824 -0.261515 -0.185521 0.475304 0.846941 -0.045862 
-1.10368 -0.808178 -0.638311 -0.998327 -0.940139 -1.15906 -0.983408 -0.677365 -0.0528902 -0.342059 1.81977 2.48685 2.95165 3.98578 3.96835 6.97656 59.9147 92.6259 119.905 142.28 156.738 158.084 119.006 104.155 93.6206 130.772 108.347 105.4 108.092 103.364 99.6906 98.1923 98.5485 98.4412 99.7595 102.69 109.623 124.353 127.64 133.711 143.179 161.942 201.485 190.543 180.536 167.946 155.849 138.853 117.995 91.7562 53.204 0.634483 2.7745 1.54146 1.52354 1.88533 2.06719 1.38091 0.177449 0.336938 0.1635 0.597885 0.314654 0.306518 
-0.734064 -0.369611 -0.247749 -0.768967 -0.774755 -1.32966 -0.834338 -0.690267 -0.696396 -0.279637 1.46159 3.87656 2.82654 3.46228 4.2414 4.19976 59.7938 92.0066 118.275 140.633 157.721 163.934 123.785 107.555 95.8681 133.213 112.118 107.19 109.133 104.007 100.857 99.3877 99.1459 100.226 102.03 106.253 113.457 122.66 126.558 133.035 142.206 162.187 198.924 190.355 180.325 169.434 155.176 139.089 117.951 90.6476 51.4405 1.07633 1.79044 1.59358 1.7074 2.05625 2.12573 2.4203 0.2018 0.515759 0.341543 -0.0571457 0.20074 0.162891 
-0.848521 -0.574015 -0.806274 -0.329846 -0.809412 -0.954003 -0.597378 -1.28925 -1.06015 -0.882194 1.47178 3.1603 3.62872 3.95926 4.14279 4.93728 57.1833 90.8572 118.472 139.463 157.553 169.854 130.216 112.674 100.575 138.905 115.45 111.457 111.1 105.615 102.913 100.143 101.304 102.467 103.369 107.825 117.012 121.374 126.081 132.418 141.547 161.294 196.197 189.8 180.639 170.157 155.572 139.54 116.771 90.0935 50.9983 0.41731 2.4559 1.12547 1.61557 2.05636 1.95161 2.82878 0.676237 0.274284 -0.140468 0.0795191 0.074075 0.526786 
-0.984793 -1.11103 -0.744403 -0.0771312 -0.747834 -0.942143 -1.03747 -0.43137 -0.414273 -0.201353 1.11163 3.29727 3.51748 3.21195 3.63681 4.68527 57.5636 89.5191 117.848 139.329 156.22 170.062 143.568 118.293 105.626 144.006 120.366 118.259 112.803 108.021 104.486 102.795 103.066 105.966 108.026 114.1 118.969 121.848 126.509 133.098 141.444 160.468 196.851 189.868 180.023 168.557 156.29 139.118 117.601 89.5536 50.3805 1.09539 2.92029 1.84997 1.20422 2.92212 2.62359 1.84171 1.15327 0.389343 0.0979921 0.325655 0.222697 0.126015 
-1.19949 -0.528812 -0.46062 -0.799802 -0.821614 -0.725541 -0.737272 -1.1807 -0.839495 -0.976634 0.644164 3.54671 3.34229 4.13687 4.31882 3.59948 56.0195 89.6715 117.389 139.015 156.987 167.188 160.59 125.533 112.64 150.902 129.496 123.956 115.322 110.52 107.036 106.218 107.275 110.669 113.963 116.548 118.52 121.217 124.795 131.948 141.17 158.877 194.69 188.676 179.428 168.089 155.145 138.637 117.475 89.7467 48.8015 0.6086 2.54871 1.55338 2.88633 2.65549 2.21272 1.56662 1.1215 0.49211 -0.469099 0.692825 0.85227 0.486144 
-1.07471 -0.708371 -0.958514 -0.764376 -0.618922 -1.19768 -0.874296 -1.36054 -1.1628 -0.994519 -0.911998 5.77563 4.7154 4.01844 4.88901 3.10205 55.8619 89.2673 116.293 139.091 156.805 168.211 178.218 138.572 123.578 164.951 140.069 127.493 119.233 114.912 111.139 110.465 115.695 115.833 115.851 116.388 118.238 120.381 125.489 130.873 140.081 157.999 192.476 189.253 179.982 168.207 156.494 138.214 117.223 89.08 49.4494 0.935905 2.33412 1.62441 3.54233 2.46301 1.71128 1.79738 1.27392 0.343976 0.445874 0.035656 0.400454 0.325313 
-0.819673 -0.853923 -1.67571 -0.125865 -0.499525 -0.711561 -0.845741 -0.755669 -0.637428 -0.815328 -0.402729 3.88728 4.46631 4.31654 3.83136 2.23224 55.6741 89.7514 116.574 139.589 155.669 170.345 178.571 173.609 153.317 184.749 148.788 136.143 127.826 123.258 120.919 119.15 119.013 117.943 116.328 115.896 117.454 120.812 124.52 130.062 138.135 156.711 191.117 189.246 178.653 168.17 155.306 138.3 116.928 90.1983 50.3358 0.938861 2.24226 1.69974 2.3468 1.23766 1.14013 1.0437 1.2103 0.333643 -0.150031 0.0662207 -0.34228 -0.169421 
1.71948 1.97843 1.44903 1.37254 1.5372 0.826416 1.57785 1.78863 1.42186 1.69788 1.15515 3.77826 7.52839 6.00754 6.55951 4.08248 59.6412 92.7105 119.989 142.777 159.857 172.449 183.276 190.641 197.51 206.803 172.528 150.183 138.745 132.221 125.797 122.58 114.876 113.02 113.505 113.207 115.019 116.602 120.938 126.144 135.27 152.047 186.297 184.126 175.862 164.657 151.875 135.648 113.749 86.7764 48.0375 -0.848423 4.31723 0.737192 -0.0448759 -0.0320127 -0.173764 -0.30101 -0.0661597 -1.56602 -1.00402 -1.3645 -1.16232 -1.20753 
3.01611 1.60024 1.9422 2.08833 1.62384 1.32501 1.96663 1.84209 1.9993 1.94438 2.15364 0.779315 8.73405 6.85164 6.40795 4.19601 58.3485 93.0379 120.046 142.048 159.245 173.891 184.367 191.783 198.016 203.821 177.42 153.44 140.271 133.396 127.126 123.275 114.123 113.562 113.779 113.215 115.413 117.319 120.935 126.47 134.464 151.045 184.963 185.725 175.447 164.098 152.383 135.295 114.28 87.9147 48.1892 -1.25729 3.71848 -0.512607 0.164232 0.427516 -0.47907 -0.4739 -0.892584 -0.95754 -0.907934 -1.43763 -1.16402 -1.3554 
1.73192 3.08903 1.71131 1.81672 1.83683 2.24195 1.97672 1.94083 1.99832 2.24067 1.82257 1.90364 6.45626 7.67411 7.11628 3.48205 57.9284 92.7651 120.324 143.5 160.339 174.531 184.63 192.34 199.638 204.436 180.667 153.701 141.355 133.901 127.861 123.822 114.504 114.252 113.729 113.721 115.717 118.023 120.121 126.981 133.909 149.959 183.65 185.133 175.992 164.565 152.833 134.606 112.614 87.2613 48.4073 2.00844 0.119183 -0.22123 -0.473983 -0.572496 -0.657681 -0.513134 -0.867378 -1.14468 -1.39302 -1.17747 -1.15958 -0.989213 
2.64775 2.41491 2.53598 2.38267 1.30444 2.23542 1.82314 1.52435 2.37589 1.19474 1.97012 2.31605 3.8768 7.77239 7.88645 2.62578 57.7269 92.7033 119.079 141.709 161.107 173.913 184.503 194.462 198.949 204.661 185.091 154.736 142.044 134.812 127.371 124.898 115.349 113.738 114.075 113.759 115.067 117.204 119.588 126.184 134.269 149.217 182.842 185.086 176.646 164.789 153.334 134.458 113.612 88.1918 49.855 1.38598 0.305962 -0.0105156 -0.550134 -0.832404 -0.207212 -0.36044 -1.22188 -1.22402 -1.21765 -1.15511 -1.93499 -0.798087 
2.17112 2.04469 1.70782 1.65316 1.4457 1.84708 2.00544 1.82609 2.05175 1.51649 1.82863 2.14215 1.94093 9.83016 8.35835 3.08229 57.8822 91.7407 119.001 140.636 159.744 173.596 186.34 191.96 199.94 205.67 186.216 156.706 143.677 135.373 129.191 124.913 114.82 113.548 113.48 113.112 114.743 116.621 120.463 125.97 133.862 149.224 182.476 185.865 176.464 164.325 152.677 135.141 113.63 87.1287 51.0281 1.5372 1.17007 -0.395286 -0.304107 -0.565582 -0.0905034 -0.489684 -0.46541 -1.26989 -1.36531 -1.40738 -1.31473 -1.1179 
1.96084 2.63963 1.86976 1.99141 1.91912 2.30426 2.88483 2.68103 1.65596 2.1225 1.59836 2.04448 1.30908 9.05963 8.63714 2.79041 59.1314 91.7799 119.927 140.508 160.438 175.53 186.101 192.158 201.387 206.093 188.871 157.69 143.639 134.835 130.095 124.52 115.279 113.954 113.745 113.689 114.547 117.773 120.561 125.969 134.114 147.817 181.72 186.089 175.298 165.263 152.517 136.66 114.459 88.4198 61.9079 0.0847153 1.55504 -0.521559 -0.436314 -0.181951 -0.556089 -0.301942 -1.08153 -1.33741 -0.991791 -1.81933 -1.57396 -1.19269 
2.21352 1.00119 1.72983 2.04004 1.98543 2.00371 1.90202 2.37095 2.20268 1.54088 2.1747 1.86801 1.95056 6.1408 10.4551 2.56713 60.0907 91.7374 120.765 141.563 160.369 173.795 185.411 193.447 199.95 206.087 188.623 158.441 144.334 136.326 129.08 125.795 115.262 113.421 112.979 113.341 114.519 116.939 120.323 126.238 133.147 147.288 178.851 186.045 177.883 166.893 153.168 136.97 114.491 87.9556 53.7965 -0.473646 1.56263 -0.632232 -0.602347 0.127449 -0.0977386 0.0809368 -0.787173 -1.47292 -1.80937 -1.8574 -1.24684 -0.968733 
1.76113 2.22113 2.4199 2.32192 2.02255 1.97834 1.37789 1.5619 1.76257 1.90479 1.58131 1.94547 2.91127 1.50524 13.6063 3.2904 57.409 91.7001 122.064 142.008 160.69 175.837 186.559 193.683 200.578 204.437 192.336 158.939 145.38 137.444 131.368 130.656 117.037 115.26 113.001 113.588 114.823 116.73 121.029 126.014 132.023 144.473 180.851 185.616 177.292 165.672 153.77 136.267 115.488 89.2372 55.0726 -0.529266 1.54405 0.0863484 -0.35895 -0.0456242 0.191044 -0.395116 -0.596692 -1.70309 -1.32777 -1.15814 -1.36001 -0.670811 
2.25271 2.03286 2.30396 2.07104 2.01817 1.66697 1.75645 2.16695 2.00935 2.27218 1.59531 1.90829 2.13773 2.96064 10.9288 6.35667 53.4014 91.5452 119.86 142.693 160.096 174.043 185.083 192.979 199.822 204.762 194.008 162.268 147.563 137.207 131.474 128.025 117.681 114.083 114.446 113.659 116.254 117.665 120.273 125.479 132.032 144.33 177.39 187.824 179.218 167.853 154.838 139.955 118.38 92.9577 58.8676 2.14216 2.51307 0.834312 0.510838 0.0109115 -0.398828 0.101191 -0.76961 -1.11191 -1.25878 -1.22875 -1.152 -0.987658 
2.1113 2.03921 1.28317 2.56301 2.60976 1.96649 2.78212 2.22402 1.79098 1.86962 1.10588 1.284 2.07065 2.78017 2.20831 16.3659 46.2896 91.0602 117.688 141.163 159.482 174.134 185.338 193.725 199.608 206.913 197.792 164.099 148.496 138.369 131.521 126.613 117.737 115.158 114.134 115.067 115.537 117.485 120.292 124.486 132.122 143.077 173.977 187.664 179.6 169.574 156.091 142.062 120.747 96.908 62.2839 5.88471 2.91377 2.49584 1.01904 0.92143 0.743596 -0.5316 -1.08291 -1.14865 -1.31363 -0.996228 -1.3554 -1.17602 
1.89633 2.08525 2.49619 2.15167 1.87709 2.26889 1.92091 1.71352 2.46242 1.61461 2.29854 2.45158 2.58071 3.0221 4.01798 14.4521 44.8543 88.9311 117.588 141.436 159.514 175.192 185.241 194.061 201.372 207.437 200.118 164.508 150.322 139.841 132.857 127.308 117.722 115.491 114.513 114.512 115.205 116.683 120.435 125.243 130.581 142.906 172.066 189.857 180.701 169.892 156.96 142.452 121.475 99.0866 63.5797 6.73523 3.61247 3.22719 1.7661 1.30176 1.18819 -0.986776 -1.18177 -1.67735 -1.58553 -1.46768 -1.19995 -1.16969 
2.1371 1.86813 2.4978 2.31542 2.28427 2.24907 2.58504 2.43674 2.14164 2.43153 1.86781 1.9044 1.78972 2.86539 4.41937 12.6493 48.6779 89.8128 118.992 141.91 161.53 176.16 187.207 195.13 202 207.302 198.924 163.395 148.815 137.909 132.263 128.121 118.258 115.825 114.516 114.316 115.037 117.206 119.155 123.961 131.36 142.189 171.133 190.295 183.024 170.867 160.05 141.795 123.399 100.35 66.8866 11.581 9.14642 9.58909 4.14279 0.892139 -0.00839253 0.0966352 -1.58529 -1.6236 -1.56803 -1.09251 -1.41858 -1.46329 
2.73576 2.17018 1.82022 2.73486 1.70789 2.21838 2.13333 1.89937 2.18526 2.16685 2.44136 1.96636 2.72254 2.90345 3.98838 12.263 72.6977 103.761 129.578 149.868 166.905 181.466 193.206 199.867 206.877 211.64 206.172 169.095 153.391 143.385 136.646 131.182 122.218 119.092 115.549 115.722 116.729 118.039 119.878 124.69 131.438 140.955 172.798 190.427 185.292 173.238 161.153 144.244 129.813 107.376 76.8887 14.0707 4.98192 3.08564 1.27064 0.952262 0.846694 -0.317553 -1.27138 -1.04953 -1.30792 -1.6524 -1.06922 -0.865955 
1.52049 2.17032 1.53789 1.91505 2.05686 2.20511 1.70205 1.82105 2.36452 2.08804 1.9361 2.22245 2.82438 4.17208 1.71642 52.2191 100.855 138.521 168.001 192.193 205.851 219.758 220.492 214.301 223.013 226.19 218.124 184.459 172.213 163.288 155.137 152.68 143.313 140.967 139.378 139.777 141.038 142.238 145.448 149.097 158.094 170.291 196.562 226.45 217.561 207.676 200.825 188.4 175.696 152.754 117.009 76.2734 30.1743 18.6628 14.7273 10.9355 -1.1882 -0.33741 -0.751279 -1.59557 -1.34811 -0.793384 -1.51889 -1.53456 
2.46246 1.86254 1.71685 1.47515 1.67387 1.91381 1.46303 2.05581 1.94557 1.84283 2.1822 2.03933 2.54973 2.17916 26.6375 79.0417 106.463 144.003 181.115 209.144 226.225 235.7 233.26 231.85 239.316 249.043 243.086 205.351 188.518 179.912 172.856 167.354 158.873 156.906 156.973 155.266 157.206 158.769 162.236 167.219 177.553 187.486 209.576 261.662 268.989 259.435 246.644 230.972 208.434 185.91 169.216 154.758 142.534 124.586 97.6146 64.7271 19.4117 -0.545912 -0.566985 -1.58038 -1.23468 -1.97688 -1.59393 -1.4125 
2.34804 1.5633 2.39077 2.09595 2.76658 2.35556 1.68868 1.31131 1.44431 1.89191 2.38983 2.18594 1.81409 2.96746 58.1558 92.7653 121.207 145.939 174.784 213.353 228.066 235.771 239.067 239.549 247.474 254.479 248.364 212.153 196.433 187.607 179.492 174.241 165.181 163.002 163.276 163.444 163.482 166.659 171.208 175.357 182.798 194.69 214.024 272.117 279.415 280.785 268.43 236.518 214.067 200.891 187.336 170.48 153.021 132.285 111.601 83.3457 50.0306 -2.53308 -0.779372 -1.61666 -1.33083 -1.78015 -1.09081 -1.94674 
2.27595 2.02251 1.7093 3.36634 1.92456 1.30489 1.73662 1.45274 1.82253 2.04349 1.80627 2.56537 2.69666 3.67058 58.7848 92.6868 119.036 144.763 167.853 198.703 220.907 230.114 237.628 241.577 250.238 257.843 256.057 215.945 200.088 189.866 183.99 178.152 169.352 167.262 165.131 165.933 167.022 169.516 173.702 179.104 185.814 197.216 214.782 272.298 274.659 276.717 274.217 226.312 216.185 203.563 188.436 173.471 155.717 134.72 114.563 87.8937 54.0513 2.99119 -0.835819 -1.11081 -1.16835 -1.30278 -1.53497 -1.21771 
2.51309 1.12267 1.45458 1.83374 1.58062 1.32563 1.59256 2.20865 2.0808 1.9337 1.70742 3.13504 2.65368 2.1063 29.0246 76.8298 107.418 134.516 160.606 186.355 211.157 222.68 231.922 241.976 248.476 254.607 251.722 213.957 198.015 188.139 181.152 174.59 166.012 163.165 162.77 162.575 164.083 165.872 171.092 177.631 185.59 198.369 215.007 270.979 264.179 263.499 251.035 230.856 213.996 200.351 186.422 171.187 151.812 132.076 109.376 81.9024 47.4174 -2.26326 -1.00761 -1.07438 -1.19435 -1.41209 -1.36147 -1.19722 
1.91227 1.53831 1.67971 0.974861 2.33278 1.80067 1.82379 2.47146 2.69092 1.36124 2.0074 2.26634 2.20171 2.59807 2.75994 41.4186 85.2281 116.005 142.057 168.414 192.137 212.858 226.989 236.328 244.847 246.973 246.813 204.041 189.114 179.747 173.16 167.258 157.263 153.667 154.384 154.782 155.668 158.382 163.827 169.556 178.322 192.726 214.755 263.643 252.09 247.915 239.287 228.8 209.256 198.016 183.897 165.455 145.333 124.929 99.809 71.3317 12.5829 -0.401408 -0.764784 -1.08384 -1.51493 -0.771444 -1.53146 -1.25855 
1.54808 2.99401 1.33866 1.9836 1.95825 1.66741 1.60619 2.27755 2.34305 1.89592 1.76991 2.37387 1.84983 2.54764 3.57168 3.53346 43.1882 89.2241 118.913 145.535 164.734 185.267 203.628 211.441 218.656 230.4 231.735 194.896 175.653 165.955 160.11 155.361 144.409 142.848 141.713 142.947 143.885 146.773 150.111 158.725 165.148 177.74 199 243.588 239.023 233.597 223.357 214.565 200.501 189.83 173.847 156.556 135.435 110.215 77.5768 18.2015 -0.872003 -0.92811 -0.685268 -0.932925 -1.40862 -1.76833 -1.23349 -1.22433 
1.67991 2.07634 1.61238 1.00181 1.91416 1.70266 2.12149 1.2788 1.68795 2.20888 1.6759 2.3545 1.71265 2.7064 3.52828 4.63711 24.6171 82.7974 113.286 138.46 157.272 174.132 184.865 194.65 204.481 213.578 216.915 177.132 163.336 153.168 145.948 140.852 132.832 130.071 130.733 129.952 131.22 133.757 137.922 144.139 152.229 163.277 181.573 224.567 219.141 214.52 206.801 195.36 186.78 174.314 153.794 133.317 104.924 59.7586 11.4397 1.16131 0.504383 -0.189092 -0.58913 -0.995151 -0.948688 -1.28125 -1.3873 -1.30931 
0.98213 1.97085 2.84535 1.93344 2.25503 2.38092 1.38647 1.55762 1.66056 2.28972 2.28685 2.32181 2.15638 2.04862 3.49498 4.90506 24.9465 80.21 110.793 137.237 157.273 173.842 184.388 193.554 204.713 213.15 217.603 176.62 165.564 150.785 144.495 141.673 131.763 129.975 128.823 129.4 129.826 133.227 138.152 142.827 148.927 159.125 174.747 216.305 204.472 197.095 188.045 177.473 166.869 150.367 128.52 104.899 74.6153 20.0511 1.7291 1.16713 0.0159711 -8.73438e-06 -0.676928 -1.16518 -1.5 -1.05467 -1.04627 -0.918858 
2.12433 1.08092 1.57876 1.78867 1.15448 1.73324 1.68508 1.7227 1.91632 1.92422 1.79236 2.15235 1.94594 3.01524 3.12786 4.26861 25.4979 78.2826 110.473 136.812 157.122 173.699 182.693 192.203 204.065 212.274 217.363 176.068 161.252 151.115 144.071 139.112 130.797 128.931 127.614 127.206 128.973 132.634 135.51 139.846 146.456 156.718 172.37 211.747 203.903 195.655 186.76 174.852 167.289 151.517 130.908 105.568 74.5672 21.4575 1.7652 0.518307 -0.439914 -0.620166 -0.844771 -1.09383 -1.40609 -1.33007 -1.01428 -0.485513 
3.0709 2.39782 1.43041 0.845244 1.5924 1.02973 2.07406 1.6863 1.61066 2.09826 1.8625 1.1226 1.33773 1.95222 3.34003 4.70822 25.8121 79.596 110.346 136.231 155.779 175.654 179.636 192.321 202.223 211.233 216.256 175.705 161.514 151.719 143.187 139.83 130.732 127.453 127.21 127.802 130.079 131.901 135.598 140.368 147.615 156.612 171.882 210.205 204.007 197.007 187.072 174.047 166.939 149.621 131.021 105.925 74.8483 21.2519 1.1741 0.509964 -0.711861 -0.839081 -1.32617 -1.36356 -1.63833 -1.43679 -1.57612 -1.47866 
1.22347 1.70039 1.46884 1.53192 2.46024 2.49632 1.44991 1.81008 1.76473 2.02863 1.97487 1.81101 2.22553 2.32397 3.2287 3.3061 26.5683 79.7522 111.048 137.346 156.776 173.074 176.628 191.972 202.951 212.159 213.498 174.186 160.022 150.673 142.46 139.886 130.619 127.468 126.856 126.267 129.003 132.251 133.951 140.732 146.88 156.773 171.026 207.854 202.102 196.724 187.315 174.578 166.083 150.844 130.749 106.206 74.3852 20.8975 0.826396 0.17831 -0.916853 -0.906455 -1.26951 -1.52338 -1.29247 -1.45019 -1.25751 -0.900008 
1.49111 1.73361 1.6107 2.59279 2.10431 1.85152 1.27838 1.78613 2.01223 1.74752 1.36769 1.72512 1.97183 2.19647 2.2584 3.21496 25.9151 80.105 109.06 134.575 155.483 172.648 177.186 191.441 202.005 211.017 217.217 173.656 158.635 149.053 141.743 138.527 128.704 126.157 126.264 126.202 128.597 130.323 133.92 138.56 144.652 153.123 167.761 204.73 201.769 194.401 185.851 172.983 168.106 150.263 130.667 106.824 76.8755 25.1579 0.65912 -0.500971 -0.977939 -1.2036 -1.3194 -1.57396 -1.39426 -1.90378 -1.53739 -0.80185 
2.2119 1.72751 1.56726 1.81544 1.08386 1.45491 1.7918 2.24958 1.80254 2.03029 1.2972 1.65585 1.83971 2.78628 2.54786 3.59722 21.0694 76.7401 107.664 132.82 154.189 170.545 176.033 189.311 200.682 209.273 217.172 175.246 159.331 148.908 142.671 137.655 130.124 125.66 126.342 126.011 125.8 129.855 133.448 137.395 143.621 152.389 167.368 201.285 204.124 197.048 187.562 175.992 168.934 152.294 133.558 108.373 79.3016 29.021 0.645228 -0.360073 -1.46514 -0.424364 -1.08363 -1.01699 -1.61306 -1.19394 -0.981055 -1.25481 
1.5141 1.93389 1.11365 1.09046 1.96254 2.6006 1.81404 1.51302 2.85879 1.66063 1.28889 1.78826 1.61609 1.56893 2.29301 3.39241 22.7521 77.4176 106.214 132.714 155.002 170.99 172.893 187.986 201.086 209.694 218.184 175.298 159.5 150.722 142.735 137.432 128.951 126.743 125.945 126.457 126.712 129.883 132.924 136.412 143.645 152.835 166.532 199.874 202.372 195.418 187.075 175.151 167.031 151.369 131.467 107.274 79.415 31.8924 0.487833 -1.04261 -1.36797 -1.08677 -1.33702 -0.924067 -1.85627 -0.967903 -0.916517 -1.27538 
1.61467 1.3682 1.35758 0.998496 1.45828 1.72925 2.08536 1.61528 1.2037 2.0408 1.67699 1.41438 1.88397 2.64699 2.51114 2.93949 22.0412 77.1883 107.999 134.047 154.24 171.592 171.94 187.808 200.034 210.489 216.257 175.575 158.324 149.63 142.009 137.441 129.756 125.361 125.567 125.371 126.544 128.967 132.542 136.302 143.177 151.187 164.972 198.752 203.228 195.239 185.678 175.139 167.426 152.052 132.202 108.561 78.5714 30.2249 0.279808 -0.0108372 -0.827089 -0.762718 -0.894712 -1.6498 -1.13485 -1.04186 -1.18338 -1.43065 
1.47748 1.99329 1.2789 1.3257 1.2485 2.41042 2.23098 1.21281 1.86472 1.39069 1.4128 1.68474 1.58042 3.09643 2.155 3.17021 23.0711 77.6967 107.895 134.531 154.143 171.79 171.512 189.542 200.872 208.981 214.336 175.01 156.926 148.312 141.551 136.494 129.334 125.257 126.11 137.509 126.152 127.705 131.596 135.284 142.923 150.771 164.978 198.415 202.312 195.228 187.167 173.754 168.562 152.839 133.213 108.45 80.3235 31.1892 0.658652 -0.386021 -1.1794 -0.93116 -0.834201 -1.08957 -1.30717 -0.416749 -1.24946 -1.29945 
1.75503 1.91235 1.11817 1.57432 1.4802 0.997786 1.26979 1.68036 0.662126 2.10319 2.38535 2.08452 1.73916 2.6519 2.86476 3.6126 23.9705 77.7572 108.897 134.631 154.251 171.033 168.865 189.13 201.52 209.965 216.002 175.67 158.098 148.64 141.357 137.617 131.141 126.385 124.988 125.664 127.019 128.826 131.547 135.378 143.501 150.442 164.105 198.835 203.044 195.319 186.872 174.833 169.132 152.019 133.59 109.535 80.4895 33.1278 1.17359 0.347998 -0.871502 -0.452993 -0.0715157 -1.16603 -1.04168 -1.49782 -1.12799 -1.09092 
1.17318 1.89665 1.66876 1.25822 1.4953 1.51074 1.24111 1.71631 1.10373 1.81745 1.58671 1.64977 2.04969 2.51603 3.25548 4.12124 25.3992 79.6458 108.987 135.181 155.546 171.674 169.436 188.236 200.467 208.88 213.867 174.433 158.401 147.829 140.9 136.13 129.072 126.089 124.697 124.711 127.599 128.31 131.207 136.193 141.788 150.591 164.643 197.079 201.895 196.091 186.913 173.007 171.558 153.304 134.855 111.492 82.2882 35.2464 1.20936 0.774715 0.863867 -0.0644077 -0.363612 -0.998371 -0.592526 -0.343933 -0.478307 -1.01357 
