-0.394733 0.0728917 -0.32785 -0.13846 -0.296981 -0.216086 -0.364284 -0.285323 0.0258451 -0.348252 0.0417025 0.138813 -0.0619539 -0.263575 -0.505691 -0.42565 -0.237872 0.388629 1.27157 16.2986 70.2781 102.488 128.199 148.052 165.153 171.855 184.384 193.486 201.409 198.293 164.37 148.427 137.686 132.304 128.918 127.948 126.106 126.536 127.913 128.539 130.514 133.572 139.591 147.391 158.439 181.085 213.406 206.366 195.993 182.017 167.781 167.618 151.843 132.341 107.372 76.1593 24.0214 0.470009 -1.0835 -1.43222 -1.04798 -1.10782 -1.32021 -1.15239 
-0.378978 -0.338849 -0.447309 -0.109344 -0.56033 -0.635617 -0.410521 -0.197452 -0.452485 -0.354714 -0.518788 -0.357878 -0.433353 -0.145676 -0.149091 -0.363209 -0.00329142 0.843251 1.66574 15.0818 70.7234 101.672 128.435 148.457 165.109 171.07 184.709 193.313 202.714 198.282 164.056 148.353 137.977 132.375 128.364 127.66 127.036 126.842 127.506 129.439 130.824 134.422 139.71 148.211 158.542 180.84 213.453 203.979 196.659 181.923 167.933 167.43 152.308 132.379 107.708 76.8372 24.9782 0.253829 -0.734662 -1.4406 -1.08179 -1.29939 -1.00917 -1.20027 
0.0971598 -0.592252 -0.203031 0.0576701 -0.0288164 -0.364839 -0.24752 0.0160076 -0.103124 0.0490394 -0.379219 -0.259494 -0.337888 0.010052 -0.458885 -0.391284 0.195124 0.313924 1.54913 15.3786 70.4126 102.366 128.253 147.618 165.122 172.503 184.094 193.732 202.556 198.253 164.551 148.803 137.739 131.852 129.119 128.295 127.165 126.88 127.325 128.583 130.409 134.807 139.527 149.579 160.141 181.481 214.853 205.853 198.215 182.529 169.348 168.522 152.696 133.233 108.215 77.9979 24.4735 0.480328 -0.707976 -1.03549 -1.22683 -1.08624 -1.04076 -1.17134 
-0.442276 -0.915705 -0.514498 -0.201191 -0.137039 0.0446775 -0.317819 -0.621828 -0.124474 -0.526441 0.00174044 -0.322389 -0.248075 -0.151024 -0.106331 -0.286152 0.0805115 0.565795 1.79378 15.3823 69.8354 101.033 127.819 148.423 165.693 173.018 183.39 192.164 199.865 199.468 163.377 149.257 137.98 132.918 131.697 132.17 129.26 126.837 128.172 129.113 131.877 135.653 140.294 148.903 160.717 182.922 215.612 205.195 197.684 183.55 172.506 168.964 151.812 132.557 107.801 77.3674 25.9761 0.467981 -0.672754 -1.29955 -0.885369 -1.08049 -1.47592 -1.3818 
-0.363095 -0.378873 -0.154573 0.0164382 -0.776477 -0.0264148 -0.610967 -0.0468408 -0.0997184 -0.172608 -0.0792248 -0.0608574 -0.0308852 -0.405148 -0.168296 -0.354476 -0.0830153 0.348988 1.74 13.3818 69.5158 102.62 128.982 148.322 165.495 171.248 184.653 193.078 203.556 200.48 165.879 150.289 139.174 135.694 129.546 129.663 127.788 128.52 127.859 129.811 132.857 135.824 140.496 149.1 160.373 182.375 216.124 205.956 196.535 184.319 173.305 169.47 153.165 133.576 109.16 79.1619 26.1649 1.13134 -0.123625 -0.845967 -1.28688 -1.13841 -1.09779 -1.20457 
-0.249906 -0.775373 -0.0661108 -0.506956 -0.356522 0.225926 -0.434106 -0.186651 0.0668827 -0.420177 0.124623 -0.31233 -0.580894 -0.274793 -0.37914 -0.426687 0.138422 0.781603 1.60385 14.5144 68.7498 101.722 128.114 149.689 165.686 172.833 185.76 195.655 202.151 203.241 166.315 151.157 139.642 135.016 132.857 131.575 128.067 127.232 128.93 129.687 132.299 137.051 141.927 150.368 161.987 183.127 218.115 206.305 198.566 185.954 174.193 170.556 153.256 134.508 109.912 79.0597 27.4248 0.876747 -0.222799 -0.820993 -1.39214 -1.25571 -1.08035 -1.50414 
-0.417998 -0.121167 -0.345088 -0.364502 -0.525231 -0.30218 -0.577176 -0.185792 -0.338012 -0.0748282 -0.422059 -0.12824 -0.489019 0.0499411 -0.424965 -0.216286 0.0269819 0.466755 1.85444 10.8668 67.1788 98.69 125.095 147.051 163.447 174.051 184.511 195.798 201.905 207.393 169.774 153.835 141.621 136.184 132.475 129.7 128.719 129.381 129.724 131.344 133.023 136.716 142.83 148.94 160.749 177.625 218.015 208.527 200.993 188.643 177.843 171.724 157.095 137.571 114.205 84.6851 34.1551 1.34137 0.368147 -0.644789 -1.10731 -1.12828 -1.529 -1.12865 
-0.204411 -0.451222 -0.442046 -0.0888832 -0.408178 -0.0102492 -0.248119 -0.101523 -0.0165619 -0.212693 -0.040553 -0.253185 -0.35416 -0.307995 -0.0856111 -0.176533 0.282972 1.05926 2.18168 7.64031 64.7324 98.335 125.205 146.839 163.411 174.945 186.175 195.298 203.233 209.358 172.432 155.557 142.723 135.213 133.998 130.319 130.615 128.979 130.817 131.842 134.836 137.699 142.613 149.266 161.05 177.895 220.737 208.786 202.445 191.466 178.93 172.943 157.94 138.967 115.447 85.8653 38.899 1.54838 0.382113 -0.510875 -1.27535 -0.993766 -0.831764 -1.09749 
-0.0144371 -0.483259 -0.145329 -0.261923 -0.464006 -0.061547 -0.318725 -0.461272 -0.429171 -0.214099 0.0333873 -0.245951 -0.395815 -0.470132 0.147341 0.113605 0.313721 0.690763 2.33391 8.83202 65.9056 99.792 126.324 146.995 164.058 174.318 185.766 195.768 203.613 211.165 173.944 157.808 141.583 137.17 133.596 131.591 131.403 131.953 131.916 134.126 136.359 139.568 144.358 153.472 164.271 180.903 221.819 212.182 204.385 191.082 181.948 174.425 158.739 137.277 114.243 85.9816 37.3134 1.46121 0.302061 -0.517032 -1.10697 -1.28378 -1.38474 -1.03073 
-0.282568 -0.375921 -0.235662 -0.291086 -0.123064 -0.362425 -0.078837 -0.522609 -0.313266 -0.519838 -0.234381 -0.0254471 -0.248835 -0.38473 -0.619832 0.138071 0.605182 1.13591 1.96838 5.05589 61.588 97.7785 124.786 146.476 164.839 177.047 189.946 199.992 207.685 219.125 180.908 164.265 152.28 149.211 143.194 141.212 141.527 141.46 140.791 142.855 144.51 149.351 156.308 166.459 177.998 194.876 237.202 226.704 215.784 205.708 190.351 183.051 168.535 150.473 126.683 96.5742 54.5824 6.1521 0.872003 -0.504213 -1.12807 -1.2393 -1.30771 -1.44931 
-0.672459 -0.276973 -0.561994 -0.441817 -0.00458878 -0.46257 -0.519709 -0.088127 -0.412674 -0.597346 -0.307906 -0.0860886 -0.305646 -0.585821 -0.114777 -0.260631 0.48887 1.04965 2.42913 51.7188 91.4478 120.262 144.71 166.912 184.417 194.2 205.247 217.366 224.515 233.858 196.119 177.699 163.632 157.378 152.961 151.574 151.308 152.195 154.915 159.437 164.703 169.542 181.085 190.54 203.722 221.619 266.884 252.245 244.922 234.471 224.607 210.55 195.716 177.284 152.557 123.075 88.1528 42.7959 -1.91975 -0.581151 -0.69192 -1.29182 -1.13184 -1.17697 
0.0943019 -0.252542 -0.256142 -0.32459 -0.643961 0.00839103 -0.146073 -0.457267 -0.168582 0.0750067 0.141027 -0.0785905 -0.0723547 -0.17551 -0.0186671 0.0103569 0.134274 1.39568 16.3252 72.3399 104.461 130.627 152.788 173.9 188.913 203.275 215.654 227.704 239.145 253.645 214.253 200.771 190.93 189.246 184.77 182.067 181.296 180.204 180.701 181.172 181.957 186.804 193.991 204.355 218.28 241.222 283.328 267.021 257.927 247.013 235.916 223.748 209.487 192.319 173.113 148.571 119.89 83.2922 37.3649 -1.16056 -1.02251 -1.53619 -1.21055 -1.32138 
-0.714983 -0.36066 -0.749703 -0.448444 -0.354382 -0.19398 -0.421206 -0.200529 0.0701438 -0.0268139 -0.303353 -0.12448 -0.476866 -0.0922921 -0.0502758 0.61027 0.375673 0.116707 33.6518 83.2387 113.953 141.645 166.39 190.998 210.124 225.735 234.998 249.983 258.907 259.979 220.687 209.13 195.239 189.207 188.907 185.528 183.777 183.716 185.531 187.02 190.16 192.216 199.085 211.829 228.408 248.789 303.197 295.897 269.129 261.948 250.885 237.776 221.842 206.156 185.799 164.33 139.998 111.17 78.7269 24.773 -1.01812 -1.18555 -1.29945 -1.32643 
-0.64038 -0.687538 -0.228436 -0.124645 -0.3774 -0.223011 -0.342141 -0.0779006 -0.163975 0.20419 -0.398452 0.0484764 -0.131299 0.0403394 -0.068241 -0.0216457 0.294179 8.8633 68.3909 102.88 132.264 158.101 179.728 200.179 216.763 229.437 238.086 254.814 241.198 251.426 223.234 212.146 198.926 192.603 189.883 186.53 185.693 185.153 186.113 187.776 190.039 193.542 197.276 209.602 230.718 252.957 305.885 313.756 280.831 262.197 253.456 240.945 226.983 209.682 189.756 168.978 143.671 115.094 87.2483 26.853 -1.24218 -1.01635 -1.39266 -1.16031 
-0.551294 -0.837092 -0.210587 -0.412128 -0.465458 0.451215 -0.306813 -0.122158 -0.447149 0.123296 -0.0690944 0.0303854 -0.112513 -0.00887083 -0.0413917 -0.336832 0.356005 18.7616 74.1621 107.337 134.81 161.796 183.397 203.701 219.169 231.867 241.467 221.428 231.909 233.89 211.392 202.371 191.447 185.758 179.698 176.172 174.154 172.808 173.303 173.465 174.198 173.228 177.019 182.662 192.573 218.555 268.8 274.181 259.598 239.504 223.912 206.495 187.963 168.613 146.875 123.52 98.6147 53.8067 2.63832 -2.66033 -1.1377 -1.00934 -1.37114 -1.31633 
-0.322925 -0.131975 -0.0650621 -0.432917 -0.314837 -0.593287 -0.643047 0.0173846 -0.0570764 -0.56188 -0.0860317 -0.515927 0.37365 -0.0863073 -0.146825 0.123968 0.461172 12.3649 50.9181 74.2847 108.193 131.717 152.207 163.672 177.318 189.088 189.705 161.689 177.992 193.556 183.283 156.999 155.178 158.982 155.375 150.38 145.606 145.805 145.652 145.392 143.612 143.862 147.407 153.881 164.577 178.827 214.156 214.487 201.34 192.42 187.645 170.407 156.621 137.055 115.284 89.5064 47.1114 1.63892 0.464681 -0.474454 -0.862519 -1.14512 -1.1337 -1.28313 
-0.706423 -0.344879 -0.612645 -0.058107 -0.491675 -0.383002 -0.245767 -0.373803 -0.270456 -0.301879 -0.720455 -0.113497 0.183979 -0.251183 -0.363736 -0.112647 0.539149 0.82456 0.479484 0.513412 24.037 72.8139 101.357 124.319 143.953 159.74 153.06 123.81 127.053 143.309 152.471 129.095 117.786 115.748 120.963 123.701 121.948 120.805 123.171 123.855 125.357 128.125 133.17 139.502 150.05 163.665 199.836 203.715 195.869 189.662 177.106 161.368 144.883 122.76 98.5238 65.0041 8.1007 1.6744 -0.224117 -0.213842 -1.06498 -1.06309 -1.41104 -1.18758 
-0.242403 -0.0963794 -0.17307 -0.296615 -0.277313 -0.42691 -0.438053 -0.0441729 -0.270398 0.0284465 -0.148685 -0.189719 -0.160935 0.510084 -0.0890354 0.225217 0.330433 0.309225 1.65196 2.3136 3.71609 62.1686 94.1317 119.457 140.926 156.47 140.478 112.06 110.08 113.476 145.126 125.107 114.161 110.812 109.096 108.636 115.736 120.777 119.836 120.431 122.971 125.363 131.457 135.767 149.473 159.187 195.469 203.164 197.365 188.828 172.656 159.48 143.093 121.286 96.9417 61.7028 8.1931 1.43749 -0.0852343 -0.446527 -0.648831 -0.822886 -1.0407 -1.27459 
-0.307233 -0.0360137 -0.594165 -0.0799199 -0.200525 -0.55074 -0.494334 -0.191907 0.0185881 -0.463051 -0.265341 -0.0897628 0.0929601 0.126315 0.0346716 0.0498126 0.0151885 0.659619 1.11608 1.84979 -0.741264 55.6283 92.4928 116.591 137.808 154.992 128.891 104.975 101.846 101.163 127.869 123.145 111.467 107.345 106.342 103.986 102.901 109.713 119.07 119.521 121.744 125.441 129.199 134.782 146.06 158.749 189.474 202.118 198.795 185.878 172.007 158.998 142.405 120.441 94.3315 61.6673 6.31839 0.840453 -0.334105 -0.600074 -0.555121 -1.27202 -1.26718 -1.39868 
-0.0215429 -0.500822 -0.367543 -0.269092 0.333542 0.0821709 -0.210351 -0.362411 -0.011372 -0.335431 0.03888 -0.454068 0.0830941 -0.184862 0.00537692 0.167072 0.19715 0.280433 0.791813 2.04074 0.0799333 49.3564 89.3177 115.335 135.47 157.48 117.242 101.719 96.9723 95.0026 120.021 112.045 109.788 105.414 103.69 104.08 101.217 101.405 106.668 119.041 120.535 122.81 128.187 133.651 144.165 154.888 187.627 202.329 197.883 184.202 171.222 158.204 139.658 119.947 94.3004 60.4202 4.91828 0.0466415 -0.876561 -0.740557 -1.44377 -1.41514 -1.87071 -1.30177 
-0.107492 0.00961566 -0.242872 -0.167695 -0.211533 -0.95102 -0.117682 0.0238368 -0.426022 -0.281006 -0.109669 -0.481973 -0.596242 -0.173363 -0.199346 0.236645 -0.307739 0.0560427 -0.0228505 1.08409 1.77618 40.6166 86.26 113.043 134.221 154.409 116.674 100.635 94.0676 91.2915 117.166 105.279 109.439 105.568 102.411 99.4203 98.3585 98.9819 101.702 109.364 120.711 123.215 126.679 132.228 141.047 155.845 183.131 201.37 196.355 185.306 170.482 157.341 140.491 119.549 93.5007 59.0091 4.03037 0.204008 -1.4558 -1.63424 -1.30583 -1.09855 -1.25267 -1.44857 
-0.186043 -0.123937 -0.488559 -0.435673 -0.561454 -0.49655 -0.580172 -0.188719 -0.0923655 -0.226647 -0.225829 -0.444368 -0.147514 -0.356856 -0.0331207 -0.152735 -0.368314 -0.363351 0.222963 1.04808 1.57095 34.6422 83.2058 109.826 131.798 148.905 125.17 101.074 94.7206 90.2494 118.609 102.586 107.723 104.44 102.183 100.653 98.3534 100.288 99.4595 102.468 114.498 122.308 125.66 131.059 138.616 158.192 184.096 201.818 195.66 185.602 169.732 155.984 139.715 119.377 93.0565 59.9316 4.19823 -0.327725 -0.954084 -1.47224 -0.969349 -1.68607 -1.33524 -1.23608 
-0.643646 -0.131907 -0.125854 0.195655 -0.406999 -0.272035 -0.0394898 -0.464227 -0.0437291 0.02709 -0.30276 -0.287455 0.111706 -0.238128 -0.28316 -0.35696 -0.553915 -0.0102843 0.349817 1.06658 1.64954 31.2664 79.5232 108.205 130.62 145.832 131.297 102.846 96.6902 90.1781 120.47 103.949 105.222 105.673 102.353 100.695 98.8253 101.98 97.8726 100.656 107.451 122.089 124.666 130.744 137.496 159.048 176.073 206.246 198.045 188.592 169.615 156.73 140.953 118.892 93.4 59.2771 4.097 -0.0535382 -1.2376 -0.898125 -1.45517 -1.58759 -0.911262 -1.63042 
-0.00411742 0.135723 -0.244797 -0.482756 -0.541359 -0.0350467 -0.306058 -0.0701262 -0.138724 -0.338404 0.0367893 -0.532445 -0.28509 -0.0809726 0.130589 -0.246747 -0.222068 0.320571 0.0539229 0.70939 1.22946 22.9623 74.1792 103.016 126.27 144.08 140.136 106.622 99.8123 90.4207 123.717 104.643 102.805 107.049 103.006 100.978 99.5782 101.781 101.204 101.321 105.06 118.439 124.108 130.057 134.797 155.705 169.212 209.935 199.198 188.193 169.643 157.382 142.869 121.542 96.5181 63.4541 8.77944 0.140618 -0.885887 -1.37386 -1.38962 -1.86825 -1.46942 -1.11174 
-0.272425 0.0700381 0.120706 -0.727159 0.0297411 -0.202925 -0.345358 -0.410561 0.238802 -0.0172498 -0.11084 -0.150146 -0.678118 -0.0492957 0.428825 0.281856 -0.0820428 -0.142529 -0.112588 0.642013 1.65777 17.3708 70.0794 100.77 124.607 143.178 150.117 111.692 101.918 92.9518 125.63 107.81 103.374 109.495 104.348 101.526 100.362 102.834 102.495 100.588 104.549 114.726 124.217 128.473 135.429 153.973 166.534 210.308 199.425 190.68 172.246 157.879 142.59 122.654 96.6254 65.0276 10.573 -0.0328222 -1.66188 -1.46823 -1.3518 -1.26834 -1.05095 -1.80956 
-0.58192 -0.448908 -0.254693 -0.394643 -0.578151 -0.842728 -0.435373 0.0349845 -0.391663 -0.146296 -0.0735559 -0.185476 -0.158294 -0.0304505 -0.166468 0.0730132 0.191399 -0.221114 -0.0251839 0.890477 1.41204 15.6871 68.2854 99.3456 124.25 144.048 154.496 116.45 106.351 97.7311 126.649 110.479 106.102 110.194 106.201 103.321 102.204 105.397 101.59 102.13 105.907 111.364 124.629 127.932 134.345 152.667 164.829 206.783 197.75 189.871 175.366 157.919 142.811 123.13 97.9843 65.9068 11.2745 0.13249 -0.990684 -1.31564 -1.27666 -0.90243 -1.58454 -1.2436 
-0.100937 0.0180977 0.213951 0.0356064 -0.425904 -0.800471 -0.317665 -0.327208 -0.611953 -0.108249 -0.236973 -0.119803 -0.593856 -0.182723 0.315023 0.0286784 0.120186 0.0129799 -0.146153 0.74853 1.69145 12.3683 66.9871 96.9573 123 142.233 161.04 121.272 109.583 102.605 129.506 115.15 110.683 111.835 107.665 106.154 103.877 111.863 100.039 103.493 107.107 113.654 123.334 127.75 133.691 150.67 161.876 200.896 197.518 188.074 178.108 158.844 143.457 123.321 98.6241 66.2005 11.4059 0.483201 -0.994353 -1.19754 -1.22323 -1.37222 -1.19572 -1.42227 
-0.593793 -0.19545 -0.308261 0.00521261 -0.351436 -0.493788 -0.0646914 -0.40965 -0.66004 -0.333373 -0.350432 -0.367307 -0.270125 0.144003 -0.333533 -0.108027 -0.194396 -0.503028 0.200513 0.0265337 1.4579 10.3554 65.1653 96.7794 122.841 142.088 157.047 137.213 113.932 108.704 128.024 125.867 115.981 112.193 108.289 106.75 103.484 114.53 102.839 104.65 108.467 116.751 122.57 126.601 132.913 149.438 161.116 196.293 197.512 188.007 177.384 162.037 143.687 123.296 98.7655 66.6854 12.4776 -0.242761 -1.19169 -1.79153 -1.53296 -1.26361 -1.41023 -1.25567 
-0.0512098 -0.758382 -0.249813 -0.183537 -0.390772 -0.651391 -0.191249 -0.152858 -0.390181 0.0282859 0.086884 -0.381318 -0.0415758 -0.370338 -0.408602 0.130475 -0.0423944 -0.458263 -0.468132 0.464106 1.05003 9.27822 62.3847 94.834 121.543 141.263 156.91 149.951 118.16 115.416 129.207 135.11 121.015 115.529 111.52 108.777 114.813 109.238 105.996 107.988 112.427 120.497 123.048 126.174 132.239 147.677 158.885 195.249 197.506 187.951 177.39 164.298 144.514 124.607 99.4167 67.9579 13.3656 -0.187603 -1.29564 -1.41383 -1.22943 -1.19852 -1.23491 -1.39321 
-0.499952 -0.109302 0.0818969 -0.258743 -0.391778 -0.570158 -0.0988049 -0.437864 -0.492712 -0.566844 -0.201912 -0.312019 -0.469179 0.149127 -0.10469 -0.172068 -0.118104 -0.551719 -0.873966 0.349622 1.56484 7.68008 60.9193 94.5469 120.332 141.267 156.59 163.401 127.025 124.453 136.877 146.045 126.246 119.94 114.37 112.354 121.115 106.724 107.842 110.981 117.902 119.339 121.671 125.911 131.808 144.397 157.164 190.604 198.25 187.246 175.88 163.604 148.173 124.554 100.256 68.9888 14.4715 0.227911 -1.21236 -1.12045 -1.56986 -1.15679 -0.978013 -1.26778 
-0.498981 -0.0580383 -0.190659 -0.560723 -0.239216 -0.365324 -0.103489 -0.645206 -0.583207 -0.401478 0.0813312 -0.159552 -0.0619123 -0.250586 -0.117958 0.274976 -0.528408 0.0854675 -0.174351 0.256295 0.995698 6.29898 58.9757 93.5163 119.859 140.38 155.643 170.05 144.647 136.406 153.037 160.949 131.305 122.62 118.194 124.323 118.118 111.141 114.898 117.812 118.699 119.518 121.716 125.46 130.724 144.493 155.797 187.038 197.863 187.192 177.158 165.253 150.046 125.79 100.139 69.1845 15.4675 0.0267691 -0.972946 -1.12785 -1.05499 -1.71594 -1.08274 -1.34398 
-0.413527 -0.0551893 -0.973191 -0.0786847 -0.473689 -0.535237 -0.397621 0.199711 -0.530444 -0.352459 -0.0470448 -0.636912 0.149033 0.0425148 -0.501245 -0.296697 0.186062 0.220148 -0.502702 -0.0374316 0.59426 4.83117 59.544 92.433 119.3 139.817 156.423 168.062 175.347 157.776 177.92 172.025 139.663 132.415 131.316 127.441 124.651 119.181 117.394 117.027 117.365 119.123 121.373 125.074 129.876 142.584 152.961 182.742 196.468 187.535 177.175 164.134 148.316 128.135 100.597 70.4834 17.3685 0.0201821 -0.868898 -1.22476 -1.43327 -1.37059 -1.37258 -1.13179 
0.721642 0.0288366 0.555739 0.463619 0.770808 0.0793965 0.580976 0.614082 0.494647 0.451115 0.26213 0.673741 1.04001 0.516254 0.772218 0.866397 0.74563 1.10234 1.05494 1.2587 1.63966 4.91598 57.5786 93.5951 120.536 140.81 157.247 169.193 179.363 195.026 199.997 193.932 148.662 139.314 138.236 127.974 119.754 117.37 115.525 114.741 116.418 116.709 118.994 122.154 126.441 137.686 149.535 174.715 194.947 184.99 174.781 161.437 146.851 127.147 101.856 70.5802 18.5952 -0.724868 -1.36498 -2.20065 -1.59798 -1.90112 -1.85715 -2.19446 
0.647704 0.453081 0.650876 0.968478 0.766983 0.437343 0.387463 0.863758 0.557965 0.606849 1.02072 0.232481 0.602028 0.85219 0.315344 0.379266 1.20094 0.760684 0.500226 0.83436 2.01277 3.45513 57.9692 92.4931 119.028 140.086 158.2 169.65 180.162 196.59 199.428 198.193 150.013 142.444 136.36 126.936 120.895 117.775 116.503 115.648 116.366 116.947 118.346 121.338 126.529 136.799 148.37 171.873 195.439 186.946 174.645 162.721 146.72 127.046 103.784 71.3117 19.4676 -0.167656 -1.74637 -1.57693 -1.46893 -1.99752 -1.63906 -1.71151 
0.233421 0.885672 0.484235 0.966076 0.429696 0.841082 0.617402 0.498437 0.49307 0.470149 0.563959 0.790447 0.923481 0.677768 0.443396 0.966378 0.410807 0.627945 0.816074 1.13396 1.95467 1.71924 57.4945 91.4893 118.85 139.696 157.457 170.648 180.511 194.499 200.537 201.491 151.467 145.215 137.527 126.63 121.684 118.391 116.992 115.52 116.943 117.395 118.81 121.71 126.679 135.966 147.778 164.045 196.948 185.294 174.361 163.185 148.043 128.57 104.721 71.7923 21.3693 -0.253155 -1.47301 -1.7293 -1.84531 -1.42288 -1.48408 -1.78376 
0.819153 1.36795 0.959979 1.10493 -0.10796 0.81374 0.322327 0.413905 0.800948 0.085232 0.51892 1.12975 0.212015 0.402235 0.46518 0.524578 0.686899 0.978933 0.644902 1.07816 2.22008 1.376 56.1078 91.4034 117.289 139.177 157.674 167.744 180.97 194.508 201.595 205.468 154.903 143.884 143.119 125.901 121.903 118.864 116.393 116.179 115.518 116.888 118.235 120.965 125.226 134.577 145.588 158.586 199.388 185.729 174.402 162.839 147.849 129.002 104.631 74.0027 23.3762 -0.627931 -1.93486 -1.71051 -2.29679 -2.12841 -2.34546 -1.674 
0.634497 0.770623 0.360173 0.69195 0.0962438 0.398256 1.03665 0.645106 0.713694 0.328934 0.609853 0.527987 1.16784 0.80413 0.971481 0.71118 0.539332 1.40233 1.10455 0.524632 1.99633 -0.389507 54.6312 89.861 117.56 138.775 157.542 170.28 182.322 194.832 201.578 206.682 156.064 143.939 142.529 126.123 122.313 119.216 116.86 115.697 116.085 116.589 119.152 121.121 123.955 133.76 144.644 158.108 197.082 187.388 175.873 163.868 148.978 129.27 106.563 75.197 25.1953 -0.182934 -1.07499 -1.68579 -2.34537 -1.97152 -1.77308 -2.03828 
0.561972 0.764011 0.641903 0.989079 0.146299 0.691239 1.14025 1.15846 0.521019 1.14094 0.472865 0.814345 0.344392 1.10123 0.796663 0.769126 0.776999 1.01083 0.417211 0.7895 1.98856 -1.24149 53.7808 88.3341 117.605 138.215 156.993 169.275 180.42 193.153 201.865 211.487 159.458 144.31 145.895 125.707 122.36 120.07 117.582 115.834 115.293 116.207 118.67 120.988 123.761 132.479 143.256 158.543 195.433 187.282 176.863 177.117 149.539 130.6 105.963 77.1564 27.2823 -0.373219 -1.53127 -2.4046 -1.62865 -2.13745 -1.82848 -2.02649 
1.06913 -0.333797 0.7887 0.770978 0.693749 0.70864 -0.369759 1.36451 0.89549 0.489124 0.888504 0.981026 -0.0138894 1.00505 0.372147 1.40757 0.849177 0.65176 0.909866 1.09842 1.82017 -1.14402 52.622 89.1408 116.219 137.625 156.539 169.109 180.044 192.188 202.297 210.994 162.018 144.1 139.27 131.717 122.856 120.024 117.065 117.025 115.334 115.823 118.189 120.022 123.202 131.643 142.038 158.106 193.881 187.166 177.332 165.132 150.392 131.594 107.969 78.6523 30.4442 -0.317144 -1.37677 -2.14288 -2.06734 -2.10389 -1.46599 -1.73682 
0.386852 0.899176 0.885035 0.438749 0.966749 0.952202 0.380564 0.387343 0.585127 0.401075 0.639871 0.629205 1.28146 0.501424 0.635326 0.706746 0.409998 0.244162 0.753547 0.487677 2.13852 -0.554187 51.7384 88.0283 115.647 136.524 156.577 168.852 179.863 196.1 203.469 208.677 161.881 145.726 133.644 135.571 123.087 119.246 117.998 116.59 115.979 116.686 117.503 119.904 124.39 130.812 141.739 156.047 197.407 187.928 177.834 164.972 150.721 132.321 109.148 80.2529 32.8367 -0.106624 -0.344928 -1.71978 -1.2171 -1.26604 -1.37765 -1.42274 
1.34664 0.590989 0.233365 0.561317 0.309391 0.447598 0.636787 0.860818 0.931455 0.627125 0.433332 0.762822 0.149276 1.08969 0.416299 0.924638 0.472976 0.861074 0.532416 1.12479 1.62681 0.37761 45.5236 86.1756 113.772 136.781 155.304 169.417 180.143 196.295 202.175 212.23 165.358 147.021 137.87 135.464 122.472 120.868 117.766 116.53 116.346 116.968 117.304 119.256 123.841 130.726 139.052 155.019 190.521 188.471 180.184 167.702 152.975 134.854 112.244 84.1945 41.1125 -0.290366 0.624296 -0.435818 -1.12427 -0.977314 -1.33523 -1.33729 
0.648726 -0.0126975 0.448597 0.902908 1.19063 0.817128 0.387915 1.44692 0.427964 0.823351 0.534958 0.75484 0.637161 1.09168 0.550561 0.355478 0.861423 0.988241 1.20212 1.41627 1.55699 2.10348 37.8652 83.4964 111.12 136.225 154.364 168.277 179.877 189.116 210.989 211.246 169.685 148.021 138.54 132.758 124.927 121.65 117.396 116.333 117.085 116.2 119.347 119.661 122.783 127.092 139.853 152.071 187.051 191.408 181.746 168.832 155.986 137.751 115.422 87.7413 51.4543 -2.34856 0.690511 0.462434 -0.189153 -0.511666 -0.983729 -1.51188 
0.564879 0.665928 0.95056 0.633833 0.675421 0.751962 0.316659 0.537817 0.819358 0.818003 0.45274 0.99926 1.03028 1.142 0.137674 0.0161767 0.699524 0.293974 0.524068 1.53902 1.54435 2.47865 36.6031 84.5966 111.743 135.52 154.438 169.004 181.379 191.361 214.418 209.794 171.735 148.992 138.957 133.294 123.863 120.985 118.223 116.638 115.137 116.632 117.701 119.966 122.976 127.746 139.657 150.5 184.205 190.478 183.38 170.237 156.57 140.076 118.25 87.6231 53.8281 -1.44471 1.16354 0.501907 0.252578 -0.406944 -1.04676 -1.43155 
0.780157 0.935472 1.10734 0.816991 1.43029 0.737236 0.898835 1.276 1.20226 0.864182 0.647994 0.525701 0.51228 0.88879 0.948421 0.68843 1.1409 1.21082 0.940824 1.29262 1.60554 2.82564 35.3904 82.9861 112.36 134.407 153.893 167.99 179.634 202.373 210.493 214.677 176.903 153.712 140.787 132.409 125.795 122.666 118.645 117.32 116.961 116.382 117.468 120.03 122.612 126.745 139.798 150.71 182.175 193.132 183.17 171.584 157.798 140.967 118.065 90.3515 55.1881 1.85127 1.67395 0.671647 0.801691 0.234467 -1.05317 -1.79185 
0.601889 1.37901 0.425483 1.15978 0.686047 0.605845 0.806043 0.691883 0.616177 0.92251 0.969069 0.537866 0.671299 0.852102 0.90484 0.732789 0.458298 0.887048 1.0609 0.758871 2.18364 1.75882 35.504 85.6759 114.761 138.086 158.181 171.35 182.069 225.176 211.994 212.684 177.062 151.784 141.584 134.561 128.842 125.965 121.446 120.725 119.647 119.844 121.553 122.419 125.998 128.773 143.687 155.385 185.171 201.674 191.513 181.252 167.621 147.085 124.497 96.2334 63.0861 6.23757 -0.14408 -0.468704 -1.68985 -1.65127 -0.549982 -1.13766 
0.566193 0.163172 0.731785 0.807665 0.80691 1.02415 0.391944 0.960151 0.999273 0.882276 0.814832 0.405036 0.936037 1.28657 0.415056 0.651853 0.818083 0.217109 0.595345 1.54323 1.86475 18.0534 75.5649 106.698 132.716 154.978 170.556 184.903 206.579 237.774 230.143 228.101 186.144 161.421 150.835 142.994 136.517 132.173 130.4 127.506 127.519 128.513 129.375 130.984 133.072 142.376 171.382 195.143 232.205 250.877 226.529 206.338 188.497 179.757 168.245 153.017 134.729 116.245 109.219 92.9832 73.6816 42.9403 -0.0798894 -1.48622 
1.22842 0.771696 0.838863 0.2986 0.584447 0.73429 0.531584 0.681079 0.608566 0.511046 0.17752 0.89698 1.05227 0.502599 1.1925 0.769343 0.610065 0.567981 0.870715 1.67646 2.17824 22.702 76.5694 110.165 139.939 162.97 180.138 196.732 225.969 262.812 268.853 262.829 206.263 177.225 166.804 158.446 151.342 150.971 149.397 148.647 151.922 156.543 158.207 162.296 167.29 182.543 205.411 228.091 273.541 313.975 262.842 245.906 236.443 228.1 216.093 204.415 186.88 171.365 152.208 132.34 108.807 79.9455 31.0231 -1.7048 
1.20647 0.527177 1.00859 0.843155 1.19338 0.867677 -0.374213 0.578154 0.309863 0.203599 0.910341 0.776734 0.117124 0.629509 0.830639 1.11576 0.413722 0.440886 0.70883 0.954065 0.414913 53.4356 94.5226 122.374 149.895 171.476 191.413 206.654 237.843 264.766 273.089 274.209 224.221 189.692 180.095 175.28 170.141 166.9 165.203 165.282 166.843 168.536 169.119 172.249 174.453 189.521 206.56 228.493 267.776 289.3 262.513 254.601 244.24 234.976 226.313 212.652 197.098 182.124 161.406 139.981 115.926 88.8779 40.8981 -2.96309 
1.00729 0.65478 0.904292 1.39409 1.10352 0.38684 0.346872 0.530886 0.255484 1.2173 0.749926 1.30753 0.794354 0.798593 0.719014 0.887836 0.3154 0.490065 0.482902 0.898567 -1.58071 52.8989 94.4819 125.405 150.866 174.548 193.284 208.884 225.502 262.2 273.559 273.588 230.644 196.859 184.603 177.871 173.237 170.852 168.958 169.232 168.91 171.583 173.621 178.058 182.209 193.806 206.355 224.177 245.918 286.589 267.693 260.642 251.532 241.659 231.094 215.852 200.079 182.665 161.475 138.114 112.473 80.8933 25.4505 -1.2853 
0.969266 0.57943 0.0533295 0.320497 0.053393 0.337004 0.643807 0.563923 0.779985 0.668238 0.138876 1.10136 0.886908 1.10912 0.232455 0.587007 0.524681 1.16466 0.802905 1.05166 1.48098 26.8639 81.1567 114.755 143.233 167.166 186.824 206.069 219.741 246.773 262.915 267.222 234.845 196.655 185.002 175.81 171.423 170.538 167.22 167.79 167.016 168.43 172.035 175.994 183.179 191.41 202.736 220.03 239.389 284.381 268.779 261.089 250.349 239.976 227.125 211.086 194.986 174.874 152.26 127.526 98.0074 57.824 0.00331191 -1.2241 
0.783149 0.318346 0.405613 -0.22018 0.877715 0.303546 0.727404 1.25486 0.251924 0.299485 0.201424 0.548662 0.968671 0.376204 0.537199 0.5295 0.317764 0.652331 0.840934 1.86249 2.00982 2.87372 59.4933 96.8276 127.391 151.952 174.164 191.852 212.774 233.769 244.72 253.572 236.861 195.972 180.288 174.2 168.794 165.962 164.955 162.412 161.866 165.41 166.666 170.986 176.136 184.603 194.95 210.911 227.96 273.497 265.017 254.591 241.604 229.903 214.457 198.782 180.517 160.213 134.281 107.23 70.6266 9.94538 -0.802714 -1.77787 
0.503485 1.3283 0.286196 0.459156 0.454944 0.811909 0.92477 0.713414 0.930555 0.770698 0.176182 0.66813 0.313523 0.612384 0.553768 0.41337 0.712613 0.610498 0.991184 0.906357 1.84153 2.6498 21.9975 76.5689 109.542 136.496 159.367 176.648 193.578 208.032 226.704 240.245 225.508 188.003 173.227 165.329 160.558 156.544 155.255 155.231 153.542 152.508 154.058 156.345 159.531 164.358 171.847 185.583 203.376 245.881 238.567 230.058 218.185 206.648 195.818 179.809 161.135 139.049 109.057 72.9723 15.0905 -0.109104 -0.113883 -1.10545 
0.59329 0.843244 0.530987 0.449308 0.375549 0.483464 0.577015 0.0125696 0.820438 1.11504 0.648167 1.18812 0.0482485 0.713071 0.773699 1.03454 0.669152 0.585001 1.06322 1.05114 1.72333 2.24699 7.12127 63.9538 99.4392 126.767 149.561 167.224 180.099 190.796 205.586 216.317 211.251 177.463 163.43 157.074 150.632 146.781 144.051 142.318 141.14 140.373 140.516 141.628 143.7 149.348 154.873 164.751 180.28 218.876 212.725 204.785 193.372 179.642 170.907 157.79 139.097 116.835 87.4515 47.0981 0.0803133 0.612954 -0.602573 -1.14652 
0.594285 0.671355 1.36892 0.840962 0.720351 0.874147 0.594463 1.47533 0.668895 0.744151 0.737844 0.575724 0.628887 0.069407 0.702821 0.598814 0.410358 0.945071 0.911074 1.20026 1.51728 2.13625 6.52642 62.6073 98.0161 125.239 147.728 165.381 178.325 187.296 199.347 207.15 195.996 161.555 149.382 142.226 134.749 132.711 130.098 128.716 127.17 127.834 129.466 130.345 134.727 139.883 146.726 158.603 173.552 213.039 208.423 202.388 190.991 176.638 172.406 157.789 139.82 115.041 86.5275 44.709 -0.476155 0.34963 -0.758435 -1.02629 
0.86467 0.523493 0.815566 0.800517 0.234953 0.256607 0.775327 0.472642 0.874416 1.37674 0.540561 0.594958 -0.0418766 1.05849 0.344192 0.749379 0.936464 0.42012 0.732146 0.471735 1.3102 2.29056 3.87378 60.9669 96.8403 123.742 146.027 164.55 176.955 187.243 196.779 207.308 196.162 162.684 149.741 141.156 135.206 131.825 128.782 127.036 127.456 128.1 128.908 131.741 134.909 139.136 145.233 157.022 172.214 210.882 207.215 198.435 187.984 172.378 171.481 156.255 138.287 114.357 89.1513 48.6164 -0.914079 -0.144858 -1.12743 -1.21176 
0.805632 0.689081 0.287563 0.186754 0.284525 0.529512 1.12107 0.444454 0.709385 0.832891 0.695761 -0.0996216 0.3099 0.806812 0.704493 0.637797 0.967948 0.865499 0.98207 0.761486 1.68142 1.25476 4.11043 61.4006 95.8912 122.479 145.722 162.906 176.518 188.339 197.866 205.376 195.658 163.261 149.273 140.861 135.193 130.104 129.035 127.91 127.154 126.518 128.665 130.048 134.175 137.968 143.881 154.379 169.908 208.77 207.312 198.688 188.213 174.29 172.869 157.074 139.205 115.247 87.3817 49.2806 -2.2694 -0.931599 -1.36932 -1.63079 
0.245003 0.83752 0.73141 0.325522 0.959453 0.78385 0.239784 0.459423 0.595759 0.441941 0.976476 0.585917 1.01302 1.22506 1.39824 0.637653 1.06862 0.539928 0.391089 0.477055 1.22675 1.95633 2.75022 60.5205 94.6132 122.753 143.965 162.427 174.645 185.479 197.431 205.21 194.684 162.459 147.706 140.169 134.462 130.468 128.854 127.433 126.763 126.214 127.482 129.35 132.41 137.254 143.682 154.702 168.322 207.946 207.01 198.92 189.529 173.835 172.591 157.444 137.691 115.833 88.0482 50.714 -2.84144 -0.63955 -1.76376 -1.82996 
0.531088 0.377005 0.496365 0.913494 0.576922 0.406412 0.399228 0.522934 0.872589 -0.383199 -0.313518 0.746855 0.823282 0.576964 0.493683 0.917846 0.705595 0.672166 0.37137 -0.111263 1.21341 1.48051 1.9848 56.8962 93.6137 121.098 146.139 162.741 173.867 182.934 194.98 203.708 195.494 161.762 147.447 139.048 133.683 128.886 127.79 126.696 126.239 126.669 127.066 129.785 132.434 136.416 141.905 153.285 167.86 204.479 206.614 200.037 188.195 166.396 175.369 157.765 139.829 116.321 89.4223 55.5167 -0.951397 -1.1367 -1.82556 -1.72984 
0.822526 0.33013 0.215719 0.91731 -0.031304 0.59439 0.601814 0.754181 0.695058 0.630102 0.302782 1.16055 0.323811 0.95222 1.34272 0.43086 0.509564 1.0281 0.755827 0.562519 1.02154 1.58296 -0.212839 51.4038 89.5658 119.841 142.858 160.642 172.902 181.881 194.397 203.312 198.322 163.681 149.183 141.895 133.798 128.958 128.419 127.598 125.238 126.01 125.574 127.872 131.082 134.727 140.568 151.651 164.142 198.001 206.862 200.074 190.728 166.594 177.684 159.92 141.189 120.399 93.3669 60.4814 2.3455 -0.317809 -1.10827 -1.6148 
0.686641 0.321867 0.328365 0.184533 0.554367 0.822458 0.490689 0.477289 1.49333 0.616912 0.0548515 0.236738 0.509911 0.78874 0.619857 0.86051 0.218498 1.25754 0.331581 0.388434 1.39469 1.99349 -0.250535 50.6667 89.0121 118.423 141.769 160.417 173.575 180.902 194.557 202.496 197.096 162.793 148.219 140.643 132.646 130.087 126.505 126.103 124.081 125.529 126.066 128.275 130.733 135.11 141.737 150.899 164.572 198.104 207.909 201.152 190.248 170.115 176.474 158.751 140.496 119.262 93.5673 60.0505 3.53955 -0.193033 -1.48695 -1.63476 
0.651767 0.313946 0.59178 0.220824 0.193797 0.405231 0.981444 0.201448 0.325449 0.782923 0.451316 0.715999 0.704876 1.4668 0.537964 0.643669 0.428167 0.570107 0.450169 0.654636 0.850368 2.0678 0.409321 47.8129 88.7758 117.68 140.578 160.52 171.787 181.03 192.302 201.357 199.503 162.62 148.209 139.75 132.707 130.126 126.526 125.626 125.354 124.445 125.418 127.245 129.848 134.922 140.803 150.44 162.995 196.115 207.361 201.5 191.156 171.87 173.832 159.812 143.167 121.333 94.6506 60.5582 4.10184 -0.332009 -1.58849 -1.71258 
0.612963 0.971132 0.0501574 -0.191619 0.0561452 1.2902 1.06048 0.726448 0.14467 0.000833781 0.526179 0.579526 0.246378 1.10318 0.182614 0.525417 0.386824 0.827206 0.479807 0.850036 1.05866 1.9669 0.417858 45.1638 86.8753 116.478 141.363 158.953 173.078 180.133 192.029 200.245 200.424 162.803 162.405 139.821 132.581 129.28 126.328 125.251 124.514 124.897 125.585 126.914 128.559 132.981 139.979 148.929 162.017 192.935 207.939 202.21 190.196 175.259 171.799 161.372 143.141 122.313 95.8274 62.0064 5.07072 -0.0139397 -0.928805 -1.42961 
0.942039 0.786439 0.28938 0.00926594 0.46109 0.145016 0.242148 0.797756 -0.23714 0.481946 1.42983 0.572244 0.153985 0.901998 0.166021 0.822195 0.147208 0.0467046 0.991978 0.745406 0.758717 2.71377 1.31502 45.1048 88.4414 118.035 141.055 159.812 172.596 179.174 192.117 201.038 202.069 162.832 147.877 139.438 133.899 129.811 126.186 124.814 125.798 124.655 126.695 128.528 130.769 134.221 140.151 149.422 162.503 193.541 207.259 203.48 193.247 177.343 170.95 161.241 144.446 123.124 96.6472 63.7039 7.62865 0.729494 -0.391407 -0.276325 
0.530439 0.918764 1.17425 0.1787 0.893922 0.636305 0.496238 0.484541 0.344451 0.463123 -0.045384 0.0719916 0.579477 0.104457 0.369605 0.414968 0.251862 0.654686 0.903597 1.22614 1.45651 2.23298 2.10958 42.4922 86.8876 116.219 140.611 160.176 173.549 177.486 191.178 199.709 202.045 163.573 149.094 139.389 133.57 128.769 127.251 126.35 124.858 124.012 126.018 126.849 129.479 133.546 139.74 148.804 160.854 191.938 208.572 203.656 193.86 179.329 168.783 162.554 146.274 124.619 100.357 68.0337 10.2117 2.32505 0.843638 0.0211618 
