0.0854825 0.0823646 -0.57731 -0.341308 -0.508691 -0.129929 -0.0338927 -0.392026 -0.230228 -0.318142 0.120778 1.27169 3.24221 59.1419 92.9929 119.763 141.92 159.078 173.588 172.519 191.318 198.52 206.917 186.278 159.187 147.346 139.851 135.393 130.33 127.41 126.871 125.9 128.383 129.756 131.399 135.115 140.879 149.377 161.304 183.367 206.021 200.049 190.994 180.448 172.223 161.345 144.156 122.184 96.0043 62.4256 5.86549 1.35819 0.27058 0.465261 0.625491 0.124029 0.177056 0.0395869 0.0452592 0.0496723 0.234448 0.273046 0.170361 0.1742 
-0.566657 -0.192305 -0.387219 -0.0410917 -0.877297 -0.380912 -0.366561 -0.385596 -0.508843 -0.323029 -0.323574 1.18348 3.11627 58.5625 93.4535 121.012 142.764 160.505 174.675 173.932 191.795 200.254 207.497 189.643 159.665 147.676 140.869 135.068 130.611 128.413 126.587 125.335 128.84 129.77 131.845 135.25 141.962 148.207 159.829 185.173 208.573 199.029 189.358 180.74 171.477 161.682 143.499 121.744 96.4849 61.995 4.91265 0.965169 0.348773 0.412307 0.218006 0.531738 0.153821 0.203347 0.383323 0.00623827 0.381912 0.19336 0.397692 0.278644 
-0.0329649 -0.740596 -0.342361 -0.504804 -0.125724 -0.422207 -0.116664 -0.0886012 -0.251916 0.19398 0.0553789 1.44988 3.18569 60.5423 93.9342 120.871 142.49 160.111 175.17 172.509 190.975 200.422 206.99 186.918 159.607 147.932 139.809 135.673 130.53 127.581 126.544 127.032 129.065 130.462 131.861 135.699 141.11 149.602 160.858 185.935 209.681 200.661 189.056 181.815 171.452 161.02 143.875 122.085 97.4702 62.8748 5.24352 1.43813 0.721163 0.384102 0.0969848 0.609862 0.407058 0.526707 0.972319 0.698591 0.114938 0.448472 0.232685 0.647746 
-0.600611 -0.925932 -0.320873 -0.241753 -0.138347 0.102146 -0.315671 -0.695043 -0.522126 -0.666727 0.434796 1.06706 3.41953 58.7371 93.3661 121.39 144.27 160.218 174.473 173.936 190.616 199.932 206.907 188.326 160.089 150.151 141.21 135.945 130.361 128.152 126.754 127.282 129.472 131.924 130.923 136.836 146.458 151.967 163.704 186.824 208.755 201.64 192.017 183.851 173.084 161.327 144.006 122.807 96.1077 62.1601 4.3044 2.08992 0.609577 0.748787 0.481338 0.37807 0.369613 0.595286 0.465162 0.282741 0.272373 -0.0339644 0.271759 -0.0656069 
-0.234047 0.00868681 -0.373057 -0.0116909 -0.895021 -0.115109 -0.785554 -0.118115 0.0762883 0.00206121 0.659043 2.01011 3.01253 60.2114 94.2565 121.218 142.959 160.281 175.395 173.854 192.647 199.36 208.857 189.61 161.173 149.128 140.846 135.365 132.322 129.079 127.179 127.636 129.88 131.674 133.563 137.478 145.661 149.511 162.13 188.462 208.49 200.539 191.829 181.217 173.171 161.623 143.663 122.442 95.9558 62.5117 5.31962 2.20535 1.13011 0.713763 0.19992 0.856418 0.674439 1.013 0.596792 0.695577 0.262338 0.419746 0.69584 0.341721 
-0.0974626 -0.674608 0.00680891 -0.44948 -0.158709 -0.184529 -0.624648 -0.0815731 0.222919 0.0932699 1.47562 2.20601 3.97723 60.1056 94.7458 122.112 144.445 161.118 176.023 175.106 192.657 199.894 209.062 189.84 161.972 150.281 141.974 136.06 132.374 129.326 127.747 128.285 130.273 132.345 133.552 135.954 148.294 152.059 161.717 189.552 208.17 200.555 192.895 183.147 173.504 162.936 145.318 124.022 97.4562 62.7787 5.47731 2.25311 1.59834 0.856236 0.866375 0.620704 0.698584 0.589725 0.607016 0.482059 0.378335 0.4914 0.409859 -0.145873 
-0.59261 -0.342506 -0.400089 -0.382958 -0.742063 -0.225792 -0.0765917 0.0600873 0.27689 0.629213 1.65735 2.50374 0.426358 58.03 93.2261 120.301 141.996 159.564 177.165 174.092 191.896 200.543 207.909 195.122 165.033 151.6 143.813 138.53 134.098 131.683 129.796 129.234 130.015 133.345 134.678 137.574 143.279 150.757 163.309 182.417 214.809 202.53 197.022 185.499 176.074 165.5 148.442 127.156 101.747 67.8954 10.0217 2.84392 1.80833 1.12769 0.967423 0.677334 0.385619 0.712932 0.547954 0.939994 0.334204 0.637804 -0.0804044 0.661167 
-0.404527 -0.264626 -0.121077 -0.263245 -0.38237 -0.121935 -0.265872 0.535801 0.059684 1.09791 1.66091 2.32637 0.521451 56.5503 93.4346 121.184 143.298 159.906 176.038 180.249 192.854 201.139 208.527 198.409 166.535 152.415 144.667 138.695 134.357 132.296 129.617 128.884 131.347 132.394 134.821 137.41 144.177 151.899 162.972 182.099 215.002 202.942 194.55 183.53 175.553 165.311 147.791 128.089 102.748 69.5223 11.8845 3.57695 2.3231 1.8619 1.38427 0.554273 0.37766 0.679549 0.252586 0.561038 0.0584048 0.5511 0.674115 0.673363 
-0.113518 -0.460473 -0.171101 -0.542476 -0.328385 -0.653965 -0.403265 0.102879 0.440722 0.685178 2.11788 2.63596 -0.999367 57.9036 96.299 124.45 145.943 164.744 179.357 180.735 195.812 202.621 210.418 200.669 168.443 155.089 146.188 141.786 136.149 132.529 130.664 130.531 132.496 133.616 136.073 138.308 144.562 152.818 164.388 183.442 215.513 204.011 198.476 186.664 177.053 167.524 149.751 129.125 103.472 70.0947 11.1964 3.38296 2.81794 1.69793 0.990547 0.562716 0.117193 0.269382 0.344089 0.242096 0.0849269 -0.0116638 0.561184 0.573276 
-0.292074 -0.224706 -0.200731 -0.416668 0.0416418 -0.526782 0.338698 0.0976803 0.791082 1.14507 2.12672 2.71707 41.815 86.4124 117.025 140.135 160.288 176.97 189.644 186.391 201.971 208.324 216.808 207.312 174.219 161.102 152.285 147.056 142.505 139.907 138.162 136.534 139.271 139.534 140.542 143.666 149.307 155.785 167.081 186.522 219.393 210.754 201.95 192.189 182.895 171.984 157.321 138.852 115.457 86.8835 45.9329 8.03398 2.06059 2.07846 0.818691 0.724174 -0.0686175 0.0803647 0.323711 0.536223 0.564108 -0.0487057 -0.171644 0.541057 
-0.231162 -0.136202 -0.352319 -0.098662 -0.16982 -0.76843 0.0773998 0.0632923 -0.040586 0.60035 -0.643918 29.4872 97.2764 131.355 154.417 163.573 184.077 196.885 209.532 217.765 224.571 231.901 237.843 225.644 191.024 173.014 162.087 155.602 150.527 147.232 144.876 143.103 143.764 146.2 147.844 152.175 159.064 167.342 179.731 202.025 236.859 225.425 220.25 209.537 201.461 189.14 175.912 159.147 140.499 120.364 96.7306 59.3312 11.7233 0.0603463 1.73006 1.3026 0.47692 0.167974 0.611886 0.376175 1.05202 0.261236 0.209603 0.620254 
-0.104497 -0.498744 -0.295048 -0.372012 -0.442818 -0.351179 0.121992 -0.0519806 0.0989961 1.32446 36.4532 77.3952 123.424 141.468 157.042 171.966 188.98 204.269 215.91 227.85 233.767 241.652 247.027 235.282 197.848 184.536 173.826 167.778 163.946 160.04 158.659 157.789 159.762 159.691 162.586 166.268 172.284 178.514 188.562 208.277 246.321 237.953 231.364 223.798 216.883 208.607 198.782 185.436 169.732 148.712 129.124 108.881 86.2938 47.3849 -0.586823 0.521319 0.412178 0.632342 -0.201255 0.352565 0.154074 0.25544 0.485236 0.515572 
-1.0294 -0.634613 -0.449811 -0.248343 -0.181207 -0.183476 -0.377302 -0.11104 0.0363391 22.9876 67.9263 111.258 139.014 152.925 163.663 178.03 194.703 210.035 221.109 231.56 236.536 243.33 248.005 236.693 197.01 175.711 168.093 169.595 166.7 164.303 161.016 160.905 162.898 163.889 168.07 171.124 177.943 185.818 199.499 217.082 264.097 254.539 248.598 242.002 231.489 221.412 211.496 199.036 184.675 163.022 142.062 120.981 99.8467 73.4703 20.4158 0.69556 0.610801 -0.17102 0.323798 0.521957 0.439331 0.426128 0.344655 0.360357 
-0.413428 -0.7082 -0.314147 0.0103583 -0.255746 -0.400437 -0.0916482 0.233117 -0.191076 35.4474 80.3363 122.2 154.959 162.745 171.666 182.458 199.778 212.692 224.61 236.393 243.573 250.395 254.01 233.792 184.045 168.426 161.981 162.594 167.171 164.219 162.05 161.152 164.546 165.35 169.283 173.82 180.63 189.201 201.701 219.908 264.771 253.12 247.553 240.231 232.146 220.597 214.974 205.23 191.491 167.9 143.187 122.973 102.238 75.3455 26.1244 0.994512 0.498242 0.234898 -0.393602 0.221621 0.187743 0.17359 0.1995 0.378401 
-0.736005 -0.841715 -0.293446 -0.609759 -0.498856 0.145156 -0.513401 -0.40962 2.11334 26.9828 66.3107 86.9975 109.832 130.73 149.819 165.057 182.67 190.597 199.339 205.401 212.01 219.909 213.405 192.586 160.603 148.389 142.815 140.461 144.799 151.087 150.014 149.754 153.033 154.058 157.057 161.88 167.797 177.677 189.124 207.551 251.343 238.191 233.409 223.924 215.406 200.525 193.954 182.287 170.88 151.12 119.609 105.502 91.5779 71.4061 18.0387 1.05482 0.769706 0.503803 0.251653 0.149942 -0.0541625 0.842829 0.319441 0.37277 
-0.332627 -0.283332 -0.689931 0.0148319 -0.391092 -0.483313 0.941733 2.02557 2.32259 0.405405 1.06213 6.02697 24.6788 76.167 109.976 132.732 154.685 175.075 184.771 195.89 206.113 193.367 188.34 178.48 147.401 135.525 129.281 125.493 123.592 125.599 133.106 138.954 139.826 142.109 144.897 149.39 153.894 162.433 174.507 189.869 230.49 215.192 207.535 197.696 188.842 176.544 164.017 150.375 132.196 91.4542 36.8988 11.3063 7.4994 2.85822 0.391942 0.847962 0.915467 0.14198 0.745777 0.334007 0.308667 0.249293 0.881331 0.386203 
-0.594979 -0.254751 -0.285249 0.140027 -0.440606 0.798899 1.6827 0.785996 1.49549 1.18995 1.90388 2.9399 4.59038 24.1863 74.9093 108.295 129.081 151.465 162.406 176.188 169.383 154.698 159.406 158.622 128.557 118.658 110.905 108.137 105.469 103.543 104.11 106.822 121.007 122.832 125.46 129.004 133.375 140.421 151.27 167.101 207.244 193.27 184.483 173.73 169.201 149.76 128.669 105.894 75.6094 18.9558 8.66401 9.55259 7.32569 2.65584 1.77368 1.17746 0.873161 0.423766 0.410699 0.762031 0.38626 0.739439 0.504715 0.597894 
-0.329017 -0.29107 -0.481867 -0.385844 0.935031 0.440299 1.21734 1.50309 0.724759 1.49558 2.19251 3.26959 4.40526 21.207 71.8922 102.188 126.595 147.423 160.835 171.984 141.944 134.967 141.902 150.712 123.019 113.76 107.7 104.123 102.026 100.286 100.179 100.431 104.391 113.609 123.258 126.396 131.881 138.357 149.03 164.569 204.197 191.409 183.284 171.424 164.583 146.336 127.803 100.942 68.7326 12.329 5.71835 4.84625 4.50904 3.41594 1.859 0.971064 0.623196 0.683869 0.2267 0.595709 0.510578 0.731361 0.616441 0.47556 
-0.517207 -0.432797 -0.274748 0.494119 1.31573 0.179881 0.940846 1.45901 0.919073 1.77286 2.26435 2.65654 3.63584 17.5512 68.3475 99.8368 125.148 144.959 158.006 161.367 127.912 120.032 126.838 149.243 121.174 112.016 105.471 101.515 99.1886 98.0227 97.8142 97.3515 99.3271 103.539 110.295 123.478 129.586 137.909 148.331 162.938 202.841 190.648 181.519 170.586 162.127 147.297 125.203 99.3614 66.6008 8.11678 4.2337 3.85285 3.77955 3.32964 1.35854 1.10182 0.573219 0.135039 0.356031 0.368806 0.939496 0.349496 0.680778 1.00079 
0.123028 -0.166429 -0.39279 1.50278 1.59377 1.54997 1.49547 1.38669 2.49694 1.61672 2.21445 2.65548 3.41996 15.5882 64.2615 98.7361 123.492 144.435 155.466 152.993 119.226 111.737 111.549 151.454 119.871 109.771 104.705 100.505 97.8877 96.3211 95.3715 96.0875 98.4923 99.7428 103.209 110.146 127.465 136.389 149.839 161.825 201.49 189.928 180.501 168.099 158.629 147.177 123.173 97.6456 64.3306 6.91143 4.27751 2.90916 2.44705 2.74072 2.43497 0.884078 0.42828 0.201973 0.437095 0.256647 -0.0382459 0.428561 0.617204 -0.0736989 
-0.1594 -0.0352326 -0.144028 2.33163 1.43319 1.13039 1.55117 1.63532 1.44379 1.40995 1.90076 2.33223 2.6754 13.3314 61.4728 97.0522 121.167 143.263 154.658 147.797 115.663 106.762 102.667 146.921 120.563 110.119 103.192 100.186 97.1775 95.8106 95.3233 94.9848 96.4985 98.068 100.549 104.935 117.051 135.473 146.346 159.893 200.305 188.492 178.834 168.486 163.507 141.13 121.27 96.292 61.41 4.2362 3.89073 3.06354 2.99157 2.6575 1.97816 1.20738 0.133109 0.816788 0.246047 0.328596 0.727177 0.404902 0.46351 0.628607 
-0.373151 -0.365342 0.108281 1.83401 1.98638 1.33142 1.31844 2.11065 1.8821 1.36139 1.39254 2.37722 3.25299 11.7456 60.7108 95.8685 120.584 142.564 154.459 147.519 113.217 105.146 98.7381 139.823 120.165 109.847 103.153 100.139 96.2196 95.3508 93.8923 94.3451 96.6543 97.172 100.072 104.637 111.02 132.464 145.155 159.953 198.636 187.652 180.02 167.366 162.082 141.848 121.229 95.5344 60.4504 3.05811 3.58638 3.54185 2.66928 2.34674 1.81812 3.10776 0.737175 0.540581 0.790582 0.388538 1.11385 0.21379 0.382575 0.783313 
-0.158198 0.363197 1.0573 3.18717 2.59694 2.05605 1.42344 2.49118 2.85957 2.43998 2.40307 2.86136 3.25903 10.9696 60.4375 95.0088 119.799 142.037 153.535 147.925 114.557 105.393 97.8889 134.998 122.492 110.918 104.135 100.044 96.9082 95.4258 94.8447 94.4955 95.4053 97.7688 100.287 102.968 110.271 129.711 145.483 160.404 197.864 188.102 178.51 165.439 162.72 140.968 119.15 93.6093 59.1637 1.74659 4.09673 3.84105 2.47089 2.29863 2.41749 2.63002 1.7785 0.66496 0.293366 1.09142 0.366464 0.393969 0.727439 0.398364 
-0.253904 -0.187729 2.51078 0.208599 1.35829 2.07563 3.35365 2.68474 2.92096 2.69802 2.57197 2.94137 3.11896 7.00605 57.4961 92.9718 118.343 140.227 153.267 153.688 117.226 105.968 99.434 132.85 121.515 112.101 105.291 101.336 97.998 95.5356 94.6773 94.041 95.9771 97.2001 99.8371 103.314 109.578 127.407 142.417 159.486 194.993 188.562 179.28 166.82 165.445 142.871 121.86 95.6454 62.2735 4.38572 3.93613 3.89698 3.1945 2.03062 2.09075 2.13199 2.87348 1.95187 0.691603 0.1827 0.378192 0.167482 0.567056 0.940144 
-0.10621 -0.179201 3.04481 0.446873 2.12067 2.65479 2.84404 2.58095 2.71918 2.45692 2.51861 3.08988 3.64576 5.76973 54.8972 91.8049 117.258 137.819 152.619 159.426 121.72 108.856 101.988 131.857 120.224 113.855 107.679 102.013 97.8529 97.0901 95.8846 95.0706 96.2702 98.9377 101.335 103.278 109.212 127.151 141.1 157.773 192.805 187.681 179.289 169.86 161.702 142.953 121.141 95.5426 61.9141 5.23563 3.81005 3.44973 1.90783 2.18105 2.14431 1.95809 2.72905 2.14957 1.24529 0.434963 0.698429 0.542554 0.884912 -0.041339 
-0.512866 -0.213865 3.49241 1.72925 2.45194 2.17617 2.45853 2.24456 2.90343 2.51655 2.20336 2.89958 3.15562 5.10762 55.3802 90.1753 118.144 137.552 153.507 165.756 125.649 113.148 104.033 134.989 121.195 114.694 107.844 103.564 99.2564 97.4201 96.4609 95.0835 97.7326 98.72 101.85 105.377 111.695 129.686 140.859 156.696 192.764 188.452 179.229 169.918 159.783 142.438 121.418 95.4 61.1273 4.04433 3.95447 3.70158 2.15986 2.19857 2.02288 2.0302 1.6792 2.218 2.54824 0.643708 0.454064 0.916182 0.533925 0.595686 
-0.471235 0.408628 2.99968 3.04548 2.50347 2.55358 2.70163 2.61802 2.37087 2.22424 2.0733 3.23337 3.00797 4.04356 55.0621 90.2225 116.081 138.084 152.789 167.501 132.579 115.788 106.561 136.828 123.678 115.608 108.671 103.709 100.513 98.3991 97.1837 96.2224 98.2102 100.263 102.682 107.042 114.124 132.237 140.302 155.256 191.504 188.164 178.595 171.194 158.557 142.093 121.063 95.3025 61.1406 2.50478 4.34143 2.41742 1.97503 2.70644 2.21464 2.24066 2.24461 1.89724 2.08456 2.17389 0.760467 0.507323 0.278089 0.504187 
-0.458411 0.066165 3.58088 2.84864 2.58952 2.21424 2.8998 2.19678 1.97748 1.77705 1.94153 2.83913 3.55473 3.7035 54.7809 88.9357 116.283 137.395 152.628 164.089 148.032 121.032 109.917 141.555 128.623 117.214 110.035 104.073 101.297 99.7464 97.8096 96.7785 99.0416 101.947 103.893 108.859 119.66 131.076 140.847 154.516 190.43 188.95 179.59 171.825 158.66 141.65 120.527 94.88 61.2284 2.67547 3.62655 1.86853 1.53242 1.70888 2.13105 1.64093 1.72944 2.37332 2.59695 2.11442 0.417607 0.237238 0.293029 0.595222 
-0.329886 0.459362 2.71187 2.77264 2.81623 2.54506 2.38952 2.87242 2.44103 2.05189 2.15815 2.49282 3.21619 2.28746 54.0442 90.4567 116.465 137.489 152.7 164.328 158.371 127.279 113.428 149.789 132.381 119.857 112.244 106.367 102.787 100.646 99.162 98.9227 101.47 104.432 107.957 114.288 125.197 130.88 140.874 154.852 191.159 187.96 179.87 171.71 157.442 141.672 120.341 93.7822 60.039 1.75905 3.34426 1.61129 2.40982 2.41223 1.7375 1.87591 1.73813 2.19832 2.52975 2.45466 1.3231 0.398473 0.697436 0.398598 
-0.669133 0.72438 2.758 2.54713 2.6382 2.36919 2.49061 2.12193 1.51714 1.74801 2.07128 2.13629 3.0828 2.37382 53.7697 88.3002 115.416 138.098 152.978 164.136 172.445 134.207 119.084 163.21 134.616 122.2 114.468 108.52 105.013 103.09 101.674 102.027 104.677 108.858 112.935 120.559 124.758 131.126 139.497 153.987 189.326 187.106 177.242 170.514 158.588 139.974 119.744 94.2383 59.5467 0.994859 3.39886 1.97578 1.52609 1.88036 2.38724 1.85739 1.92497 2.19278 2.14903 2.36645 1.69368 0.955076 1.08576 0.442852 
-0.472099 -0.0210622 4.16581 3.27664 2.9041 2.86344 2.49482 1.65554 2.19339 1.69602 1.85297 2.38071 3.74719 1.9907 55.6182 88.1396 115.719 137.32 152.585 164.261 177.223 155.601 131.867 177.962 141.077 126.637 117.679 111.562 108.094 106.94 105.777 106.067 112.952 115.028 118.996 120.526 124.436 130.061 139.409 154.638 188.535 186.777 176.935 169.997 157.85 140.824 119.828 93.7371 58.8612 0.702322 3.00438 1.98525 1.49472 1.20933 1.88546 2.07029 2.72799 2.00771 1.50332 1.73218 1.91302 0.616991 0.497485 0.677703 
-0.167727 -0.587361 3.10546 3.96433 3.2097 3.04363 2.54142 2.05165 1.98137 1.59003 2.10336 2.5764 3.19166 2.14264 53.7465 88.0978 115.901 137.628 152.517 165.746 174.909 183.093 161.641 183.353 149.504 132.461 124.497 118.071 114.916 114.17 114.116 114.534 118.095 117.336 117.844 120.272 124.841 130.248 138.662 153.424 187.32 185.486 177.239 170.392 156.731 140.3 118.999 93.0489 59.2193 0.799332 3.32579 1.77144 1.68703 1.26759 1.58515 2.0265 2.14552 1.17072 1.09001 1.41556 1.1991 0.513317 -0.0532783 -0.00860469 
1.96707 2.56801 4.49396 5.06399 5.02244 4.16685 4.86251 4.44318 3.93991 4.02665 3.4048 4.68985 5.49507 4.51104 57.369 91.6715 118.973 140.445 156.391 169.805 179.542 189.121 194.728 205.56 173.313 152.308 139.649 130.222 125.594 122.351 119.107 119.097 113.496 113.547 115.414 116.815 120.785 126.533 135.331 148.359 184.434 184.082 174.351 165.567 152.835 136.643 116.261 90.1073 56.4245 -1.28733 1.45731 -0.356288 0.0628535 -0.357876 1.43347 0.493653 0.0362199 -0.289181 0.290656 -0.280952 0.00735786 -0.309513 -0.967733 -1.06517 
2.95041 1.96208 3.60552 5.58677 4.68393 4.1843 5.00103 4.25712 4.27857 4.03821 4.15877 4.29733 5.835 4.74869 57.4036 91.6736 119.754 141.523 156.346 169.914 180.317 189.825 198.005 206.465 174.786 153.058 140.749 132.354 126.292 123.709 120.668 119.275 112.939 112.897 115.691 118.005 121.43 126.615 134.837 149.515 184.114 182.005 173.467 165.161 153.136 136.896 116.806 90.0406 55.7172 -0.976454 1.11688 -0.124636 -0.0547463 -0.450867 3.14684 -0.0450014 0.369853 -0.425512 -0.234986 0.270768 0.119893 -0.593355 -0.952028 -1.17145 
2.15557 3.40244 1.77865 5.96643 4.87567 5.35429 4.82467 4.44697 4.55769 3.92104 3.68113 4.45044 5.54214 5.2662 57.117 92.3989 119.147 142.03 157.312 170.918 183.571 190.712 198.838 205.039 178.761 153.492 140.154 132.696 126.753 123.834 121.226 120.006 112.943 114.145 115.83 117.019 121.749 127.223 134.485 149.865 182.382 184 174.542 165.03 153.702 137.511 115.759 90.3566 55.5695 -1.55556 0.433741 0.361779 -0.466584 4.66063 -1.94918 -0.386177 -0.384425 -0.0279686 -0.268712 -0.0113785 -0.23196 -0.515187 -1.24923 -0.863551 
2.16303 2.69611 3.004 5.49271 4.60175 5.59082 4.31201 4.14878 4.2072 3.11419 3.7491 4.67053 4.57673 4.87519 57.6564 91.1861 119.607 141.338 157.286 171.433 182.362 191.797 198.055 206.285 181.835 153.871 142.086 131.916 127.626 124.048 120.793 119.746 113.599 114.184 115.669 117.675 121.253 126.708 134.669 148.425 181.821 183.8 173.509 165.851 153.13 137.252 116.153 89.8794 55.7597 -1.30478 0.55081 -0.485266 0.159414 1.53172 0.0310259 -0.662888 -0.288088 -0.560814 -0.717509 -0.764665 -0.607912 -0.591774 -1.5898 -0.784354 
3.19064 2.46565 1.97707 3.43177 4.83754 5.5014 5.5881 4.58477 3.6622 3.53687 3.69257 4.227 5.50978 4.87619 57.6907 91.7075 118.139 140.807 157.237 171.153 180.642 192.252 200.208 206.083 182.456 155.408 141.739 134.255 128.365 124.186 121.495 120.095 113.394 113.758 115.37 117.261 121.104 125.51 134.878 148.672 181.754 183.23 175.573 165.211 152.868 136.853 116.411 90.0194 56.4858 -1.64525 0.880316 0.0573124 -0.104944 1.09325 0.744239 -0.383252 -0.0604475 -0.15969 0.17914 -0.0158362 -0.522881 -0.716686 -1.1653 -1.10485 
2.55374 2.5784 1.67065 2.54555 5.8511 5.8897 6.21667 5.54409 3.82617 4.19069 3.529 4.3769 4.24581 6.32154 57.7675 91.3804 119.236 140.718 158.055 171.631 182.128 192.313 200.184 205.158 185.329 155.718 144.411 134.379 127.623 123.893 122.22 119.468 113.368 113.328 115.628 117.764 121.712 127.444 134.167 146.941 181.868 183.288 174.506 165.18 153.436 137.375 116.006 99.5849 55.5958 -1.44129 0.877136 0.330681 -0.336894 0.403571 -0.349606 1.68657 -0.746471 0.11187 -0.954803 -0.299748 -0.189246 -1.42416 -1.30041 -1.0865 
2.28936 0.960905 1.97192 2.44799 5.33842 5.23057 5.70534 5.68141 4.26334 3.71259 4.27811 4.83655 4.94248 6.21906 58.3862 92.8124 119.409 140.675 158.746 170.988 182.41 192.161 199.783 205.977 185.08 155.422 143.933 133.424 128.161 124.015 121.639 120.507 113.259 113.616 114.918 117.711 121.558 126.231 134.678 148.123 179.933 182.524 174.304 164.61 153.743 137.804 116.709 90.1094 56.2983 -1.62853 0.925154 -0.0121883 -0.517229 -0.317184 0.397013 2.19277 0.00669898 -0.38326 0.0206914 -0.118303 -0.542582 -1.30948 -0.804604 -0.900948 
2.09402 2.62489 2.43702 2.69779 3.39295 6.72945 4.44759 4.32482 4.06881 3.85266 3.86815 5.2159 6.14208 6.31004 58.7652 91.4462 120.351 141.408 159.003 172.444 184.385 193.699 203.039 206.321 184.959 156.407 149.849 135.479 128.948 125.158 122.553 120.465 115.453 114.619 114.996 118.499 121.142 126.258 134.853 147.461 179.981 184.243 174.215 163.106 155.357 137.669 116.692 89.985 56.8245 -1.35786 1.05124 0.642619 0.0550815 0.776654 0.481754 1.54812 -0.0382494 -0.287553 -0.194259 -0.645281 -0.237794 -0.94122 -1.12219 -0.429234 
2.89887 1.80207 2.75316 2.48542 1.60142 6.59841 6.19253 4.75535 5.18128 4.532 4.42619 4.65592 5.59379 5.06201 57.7395 91.5803 119.148 142.857 158.572 173.149 183.3 192.463 199.372 204.367 188.202 158.009 145.782 137.317 130.449 124.532 122.233 120.992 114.599 114.92 115.367 117.763 122.396 126.065 134.532 147.167 178.989 184.722 175.732 162.955 157.365 139.434 119.063 94.3814 60.0833 1.69321 2.55476 1.3519 0.8529 0.65326 -0.108398 1.49185 -0.457627 -0.0863095 -0.158683 -0.119341 -1.12411 -0.867227 -1.17139 -0.53221 
3.30309 2.72079 1.6815 2.69264 2.83581 3.33594 8.18932 5.8281 3.96464 4.4914 4.02261 4.86674 5.43328 3.54052 53.597 90.5948 118.817 139.929 159.56 171.333 182.608 194.045 200.758 205.45 191.166 159.201 145.652 137.894 130.108 126.59 123.628 121.08 115.496 115.415 116.066 118.981 121.046 125.865 133.483 144.9 178.062 185.122 177.625 165.373 155.304 142.693 121.817 96.5758 63.3958 4.98802 2.86911 1.76126 1.46464 1.05206 0.644337 2.36306 0.572884 -0.20345 0.26659 -0.113429 -1.39914 -0.745268 -1.00125 -0.420649 
1.68726 2.42225 2.65041 2.73291 2.22959 2.47425 6.98492 5.47898 4.91044 4.34138 5.02961 5.43896 6.66733 5.91637 50.5946 89.2982 119.726 142.997 158.233 171.9 183.231 192.869 200.117 207.785 192.352 159.708 146.555 138.125 131.571 126.669 123.847 121.56 115.093 114.687 115.629 118.813 121.749 126.07 133.045 145.861 174.276 185.604 177.376 166.229 155.135 142.79 123.388 97.0413 64.5504 6.26568 2.98005 1.90689 2.79529 1.48581 1.46654 2.55657 1.84968 0.359156 -0.346834 -1.58918 -1.19043 -1.5569 -1.22138 -0.869933 
2.21545 1.92549 2.32546 2.65776 2.80708 2.51758 4.14633 8.04957 6.06049 5.10894 5.17853 5.30685 6.64201 3.97609 56.7705 93.3049 120.077 142.609 159.029 174.407 183.177 193.77 201.31 208.311 191.977 159.301 145.9 136.845 131.401 126.031 123.412 121.246 116.102 114.44 117.084 118.344 121.518 126.422 132.726 144.04 175.078 185.598 177.823 166.984 156.689 143.115 126.074 99.566 65.636 8.69757 4.38707 3.4812 3.51397 2.64817 3.73171 7.12923 8.46662 0.394766 -1.63612 -1.35066 -0.934955 -1.10185 -1.33445 -1.58872 
2.95471 3.15381 1.78169 2.99592 1.9974 2.78815 1.90034 8.2847 9.6441 8.70763 7.58378 7.1681 7.48427 18.0467 72.3322 105.056 131.161 150.565 167.491 179.148 188.926 198.442 207.017 213.766 197.748 163.1 150.516 141.62 132.898 128.896 125.571 122.449 116.995 116.338 116.987 118.964 121.57 126.954 132.888 144.685 173.597 187.037 180.138 166.834 158.243 143.308 127.006 101.38 68.9002 9.17009 4.56906 6.0028 6.976 9.39823 6.11881 2.00628 -0.15828 -1.01082 -1.50862 -1.55313 -1.10669 -1.51341 -0.714756 -0.559767 
1.99886 3.27729 1.82847 1.86811 2.55531 2.21853 1.35416 2.92095 8.55461 14.1654 15.8914 19.2938 27.5639 85.304 119.431 146.904 164.087 171.018 185.373 194.555 202.936 215.334 225.301 233.122 217.96 187.95 174.042 166.428 159.05 154.045 150.705 149.118 142.207 141.395 143.904 145.453 147.846 152.157 161.037 171.569 204.396 220.28 214.367 200.174 191.216 176.776 159.82 138.168 111.456 69.9041 24.0747 18.4884 13.521 4.48414 0.107842 0.177606 -0.106873 -1.04757 -0.882809 -1.10992 -1.02848 -0.61464 -1.47316 -1.01621 
2.55629 1.92861 2.23676 1.47135 2.27496 2.45164 1.76332 2.37454 1.97187 3.98047 12.5916 21.9151 75.7992 118.454 146.735 169.016 177.673 187.857 201.781 218.19 227.49 239.87 244.934 253.297 236.666 202.652 187.733 181.641 172.659 168.72 165.231 162.635 156.6 156.251 157.695 160.146 164.472 169.966 179.654 190.961 223.179 238.897 232.583 225.442 215.527 218.515 214.751 197.014 177.288 156.768 139.466 120.513 91.2021 44.134 0.557774 -0.482568 -0.450524 -0.666765 -0.859733 -1.2136 -0.95877 -1.50926 -1.77434 -1.10881 
2.52934 1.79344 2.79577 2.03087 2.86502 2.79977 1.7742 1.98993 2.39191 2.74433 3.50429 27.8566 90.5425 128.923 156.813 173.449 184.373 198.174 211.015 226.563 237.345 246.786 253.381 259.476 244.238 210.274 195.403 187.667 179.262 174.936 171.304 168.645 162.274 161.857 162.851 165.342 168.794 175.705 185.83 196.865 230.927 246.988 238.824 231.215 221.79 224.228 228.201 223.094 201.85 178.893 152.897 123.826 102.736 75.6205 23.5807 -0.621314 -0.25988 -0.557265 -1.02697 -1.14194 -1.03859 -1.54804 -1.11247 -1.52179 
2.63259 2.34959 1.70514 5.13972 2.26362 1.37813 2.35301 1.91047 2.0164 2.78396 2.81016 26.915 80.0367 124.986 154.366 170.501 183.065 197.805 214.138 225.705 240.874 247.647 255.238 260.923 243.714 209.268 196.17 188.005 179.334 176.127 172.324 169.388 162.745 163.237 164.505 168.42 171.845 176.939 187.305 199.679 232.67 249.902 243.651 234.481 225.078 226.306 229.998 219.978 207.255 174.598 144.707 126.527 105.818 81.2338 48.4154 -3.31214 -0.927986 -1.05033 -0.602202 -0.952607 -0.976477 -1.11204 -1.31011 -1.1612 
2.32838 1.21359 1.68474 1.77385 1.7953 2.02955 2.22737 2.87876 2.15795 2.54957 2.94599 6.06 60.8737 103.562 145.88 163.103 179.463 197.806 209.356 222.809 235.797 240.445 249.55 255.034 240.479 204.59 189.762 181.945 174.844 171.349 168.096 167.365 159.258 158.181 160.31 163.063 167.039 173.932 182.427 196.738 229.885 246.489 243.258 236.353 223.959 226.221 222.885 209.792 197.512 164.172 143.258 122.867 102.839 78.2232 46.7006 -0.773322 -0.62735 -0.71802 -1.23172 -1.20065 -0.899874 -1.04921 -0.94984 -0.923947 
2.38936 2.09509 2.24272 1.38662 2.96166 1.93417 1.91252 2.78936 2.88164 1.8944 2.73341 3.84301 11.7017 67.3432 111.427 151.223 174.495 193.934 204.305 215.552 222.065 231.199 240.07 244.06 232.709 195.517 182.965 172.878 167.072 162.692 159.775 158.018 151.033 150.402 152.466 154.663 158.86 165.944 175.298 189.927 220.71 239.564 235.367 229.051 222.396 220.028 211.508 199.616 183.963 159.567 138.566 118.553 95.691 68.2289 30.3373 -1.52523 -0.99662 -1.01676 -1.13267 -0.800246 -1.49744 -0.981911 -1.00472 -1.33698 
1.72994 3.14405 1.01571 2.16369 2.20018 1.50487 1.82608 2.59625 2.68425 2.73549 2.924 3.9817 4.11284 9.11562 66.35 107.054 139.988 166.797 185.134 198.501 206.583 215.114 226.11 230.744 218.754 183.415 170.681 161.039 155.236 151.311 148.452 146.968 139.995 140.309 141.895 144.768 149.175 154.155 164.027 179.019 208.132 225.433 221.636 216.287 211.193 206.306 198.75 187.508 171.462 147.913 127.653 105.951 80.3891 38.9686 0.487689 -0.448403 -1.11321 -1.43011 -0.824398 -0.991034 -1.10006 -1.47329 -0.735946 -1.14256 
1.44604 2.72024 1.97553 1.20647 1.48851 1.72437 2.21293 1.2975 1.89745 2.53325 2.78509 3.5926 4.18884 3.22726 52.8924 95.2879 123.826 147.305 164.573 179.598 185.822 202.63 207.774 216.159 206.857 173.835 159.699 150.841 145.129 141.08 138.095 135.238 130.282 129.228 132.622 133.764 137.515 143.296 151.123 165.176 194.838 212.299 206.229 199.165 190.965 188.896 179.658 165.087 146.785 127.122 103.446 67.9441 23.1323 -0.312317 0.0882186 0.0770332 -0.791723 -0.927523 -0.838915 -0.544443 -0.707307 -1.233 -1.10603 -0.963771 
1.28965 2.37374 2.8302 1.80009 2.33571 2.3383 1.57778 1.96533 1.91616 2.32371 2.81125 2.95712 4.39685 1.98343 52.8155 93.6605 123.683 146.342 164.251 179.545 185.756 200.507 207.81 215.662 207.824 173.08 158.785 150.467 145.529 139.636 136.733 135.795 130.198 130.063 130.799 133.826 136.348 143.764 152.179 165.725 190.993 210.389 201.837 195.498 183.953 174.49 160.795 144.298 123.799 96.7247 60.7244 1.86219 2.53213 0.920955 0.249017 0.01265 -0.880919 -0.419014 -0.682915 -1.16646 -1.32851 -0.80304 -1.06523 -0.757043 
2.36398 1.13331 2.28125 2.11802 1.43672 2.04932 2.23101 1.85852 2.20633 2.37155 2.36128 3.20458 3.60504 2.2709 53.3165 94.7234 123.173 144.515 164.369 178.773 183.974 199.791 207.484 215.022 206.592 170.886 157.369 149.929 143.311 139.948 134.681 133.452 128.138 129.328 129.37 131.909 135.381 142.198 149.809 162.048 187.644 207.765 199.925 192.604 181.62 173.107 160.532 143.277 122.524 96.2929 60.3367 3.09959 1.74271 0.691045 -0.00523064 -0.467709 -0.977355 -0.851933 -0.94534 -0.424529 -1.1432 -1.24463 -1.00618 -0.521911 
3.26462 2.56793 1.62025 1.42948 1.95972 1.56143 2.00664 1.97377 1.96945 2.24799 2.08634 2.0229 3.25474 1.05219 55.201 94.2136 122.206 145.872 163.935 181.667 178.48 199.143 206.46 214.771 205.057 169.211 157.07 147.018 142.136 140.177 134.919 133.815 128.291 127.962 129.767 132.178 136.375 141.275 150.234 161.352 189.648 208.982 201.436 192.253 183.756 174.7 159.704 142.942 121.6 94.2587 59.1522 2.74997 1.31634 -0.118542 -0.452617 -0.437832 -0.840105 -1.25764 -1.55523 -1.28293 -1.47003 -1.48576 -1.33432 -1.29938 
1.5188 2.01922 1.63524 1.80181 2.24946 2.18784 1.35197 2.52327 1.68337 2.01803 2.29758 2.6284 3.58642 1.76285 58.0684 93.1102 122.51 144.853 163.415 187.055 172.221 197.248 204.728 213.655 207.314 169.779 154.902 146.082 141.146 139.495 135.239 132.453 128.089 129.51 129.026 131.185 135.126 140.759 147.658 161.102 188.511 207.622 200.425 194.257 182.103 174.005 160.538 142.903 121.321 94.3642 59.1958 2.23524 0.856343 -0.369154 -0.62968 -0.20073 -0.947872 -1.02258 -1.05357 -1.15285 -1.25335 -0.853611 -1.64658 -0.961313 
1.87384 2.04544 1.791 2.9467 2.41364 1.66275 1.52205 2.04319 2.20183 1.55773 1.74966 2.40628 3.30745 1.6716 54.719 93.6589 123.312 146.471 163.634 185.199 173.404 198.267 206.923 214.384 206.057 170.094 156.137 146.551 141.451 136.12 132.839 132.917 126.386 126.631 127.845 131.605 134.911 138.946 147.33 159.237 180.92 208.16 200.123 190.723 181.176 170.933 159.69 143.157 121.674 94.4871 61.0124 6.09147 1.11819 -0.628215 -0.621886 -1.02508 -1.1609 -0.87223 -1.36686 -1.0546 -1.26161 -1.65926 -1.4639 -0.887585 
2.00072 1.70266 1.56107 1.78107 1.42338 2.09801 1.88475 2.07147 2.35369 2.60896 1.41769 2.11626 3.05549 1.91942 52.3952 90.8129 118.501 143.669 161.934 176.452 176.781 194.895 204.633 212.405 207.553 169.929 155.65 147.218 142.584 136.335 133.858 131.89 127.369 126.387 127.745 130.026 133.55 138.279 147.376 157.352 172.822 212.016 200.535 193.277 182.528 171.99 161.769 145.982 123.485 96.3136 63.3444 6.78586 0.589987 -1.02218 -0.879342 -1.117 -1.24069 -0.434912 -1.16142 -0.945671 -1.15301 -1.09714 -0.746589 -1.1465 
2.24799 1.78102 1.42815 1.27199 1.94401 2.69394 2.01559 1.60699 2.86069 1.86408 1.41318 2.17359 2.9608 0.718223 51.2921 91.677 120.64 145.727 161.624 181.707 172.022 194.469 203.35 211.259 207.826 169.88 155.731 146.237 140.657 137.057 134.376 131.138 126.829 125.508 127.951 130.648 132.741 138.327 145.881 156.883 173.411 210.196 201.839 193.053 182.908 172.376 162.06 144.088 123.227 96.6219 63.0578 7.80941 0.55679 -0.925203 -1.10783 -1.76878 -1.26636 -1.18304 -1.10725 -0.962024 -1.30296 -0.974682 -1.20745 -0.882109 
2.22113 1.5753 1.78074 1.14985 1.52557 2.49533 2.43316 1.45233 1.89077 2.05438 2.26415 2.34813 3.22666 1.51093 54.3831 92.1633 120.209 144.068 161.6 181.435 170.57 196.044 203.817 212.737 206.16 169.607 154.649 147.52 140.397 136.386 134.003 131.733 126.86 125.258 127.87 129.419 132.851 137.313 145.547 155.76 172.194 208.279 199.807 192.234 181.479 171.944 161.389 145.547 121.824 96.1316 63.6785 6.57763 0.194705 -0.372179 -0.877879 -0.899278 -0.805448 -0.509791 -0.854116 -1.24742 -0.876079 -0.594568 -1.12989 -1.21497 
2.00786 2.0958 1.5023 1.30979 1.49594 2.49116 2.33069 1.48555 2.21794 1.96852 1.87084 2.51282 2.81715 2.2443 56.1112 92.8724 121.336 144.685 161.318 184.663 167.139 194.789 205.553 213.638 205.243 167.977 154.385 146.046 139.62 135.245 133.786 130.412 127.125 125.547 134.826 134.674 131.94 136.629 144.4 154.479 172.008 208.451 199.81 192.466 182.113 171.916 162.18 143.928 122.594 96.465 62.2753 7.69529 0.274923 -1.10144 -0.84956 -0.732658 -1.24943 -0.579903 -1.11437 -0.808529 -0.843576 -0.433681 -0.810418 -1.01439 
2.29436 1.91036 0.945758 1.2112 1.74263 1.66011 1.51949 2.21196 1.18364 2.61872 2.67978 3.02052 3.84621 1.80301 57.0651 93.5432 121.787 143.734 164.442 186.638 165.45 194.685 204.646 214.056 204.853 168.567 154.632 146.649 139.914 136.576 132.368 131.923 127.853 125.742 127.269 130.04 133.424 138.87 144.617 155.997 172.946 207.983 199.651 191.892 182.036 172.606 160.648 144.759 123.412 97.2324 64.1965 7.54363 1.05541 0.0774672 -0.00599767 -0.605185 -0.921974 -0.62825 -0.608102 -1.12548 -1.11192 -1.40542 -1.06181 -0.63329 
1.23402 1.85995 1.93454 1.04653 1.80294 1.68375 1.47046 1.72493 1.78928 2.17403 2.62982 2.94861 3.98393 1.69978 59.1171 93.8691 121.599 146.602 163.243 185.319 166.335 194.62 203.703 213.167 202.883 167.16 153.481 145.524 139.834 135.296 132.032 130.46 126.534 125.148 126.584 129.754 132.682 138.109 144.014 156.256 172.098 208.876 201.418 191.974 180.866 172.51 161.683 144.494 124.849 98.2213 65.1483 8.72449 1.70853 0.653311 0.177417 -0.365781 0.132089 -0.522649 -0.594938 -1.12432 -0.510542 -0.260281 -0.775467 -1.16987 
