0.150875 0.0555348 -0.321601 -0.442534 -0.0710205 0.0334058 -0.253218 0.389907 0.009663 -0.0768838 -0.211384 0.436912 1.2269 -0.436181 46.2682 86.5297 115.369 137.996 155.751 176.225 167.252 189.713 198.737 206.73 194.976 162.606 148.334 140.405 134.305 131.099 129.686 126.77 126.964 127.246 128.037 131.048 134.396 139.405 147.136 158.472 172.688 209.404 200.36 193.166 181.087 170.985 162.893 146.575 126.637 100.533 69.1481 12.9037 1.07781 -0.182404 -0.365262 -0.628649 -0.263968 -0.473258 -0.863873 -0.609132 -0.375142 -0.53419 -0.383742 -0.425696 
-0.306974 -0.192394 -0.337297 0.541833 -0.424904 -0.34158 -0.17392 -0.116211 -0.277295 -0.316371 -0.495094 0.432741 0.732296 -0.266008 45.636 86.5239 115.44 138.602 157.249 174.92 169.903 189.871 199.401 206.082 195.096 162.442 150.518 141.3 134.984 130.928 128.891 127.292 126.83 126.948 129.186 130.847 136.072 139.641 145.77 158.101 173.843 211.101 199.705 193.095 181.458 170.611 164.382 146.71 126.805 101.048 68.6958 13.1599 0.961173 -0.0530704 -0.228755 -0.331754 -0.809795 -0.372647 -0.590117 -0.304217 -0.326639 -0.530035 -0.213157 -0.342398 
-0.146521 -0.302819 -0.129345 -0.0868332 -0.0119674 -0.386413 -0.238665 0.0334225 -0.131765 0.346039 -0.230585 0.526278 1.25569 0.0234639 46.8741 87.1168 115.193 138.05 156.83 177.507 166.997 191.178 199.602 204.615 195.318 161.438 150.47 141.285 135.726 131.346 129.31 127.56 126.97 126.592 128.512 131.805 135.07 141.434 146.337 158.57 173.494 212.827 199.612 193.268 181.218 170.63 163.213 147.012 126.034 101.31 69.1439 13.2101 0.779092 0.0327681 -0.511043 -0.212933 -0.265058 -0.52589 0.0353751 -0.169221 -0.435253 -0.572877 -0.0207307 -0.135784 
-0.598112 -0.625589 0.0391649 -0.022074 -0.41438 0.0281949 -0.0749125 -0.323738 -0.237905 -0.190514 0.042801 0.414956 1.24857 0.381277 45.3012 86.8745 115.689 139.355 158.038 175.982 167.89 190.454 199.823 206.015 195.275 163.914 151.178 142.047 135.57 132.119 129.697 128.122 128.095 127.34 129.808 132.761 138.068 142.989 152.248 159.136 174.913 213.102 201.428 194.191 184.053 172.504 163.992 148.168 126.317 100.283 68.7809 12.7758 1.17394 0.400406 -0.288432 -0.215804 -0.452165 -0.191151 -0.681337 -0.14541 -0.486034 -0.70679 -0.727115 -0.641393 
-0.175651 0.0973403 -0.0282038 0.181132 -0.755011 0.307056 -0.448129 -0.00934061 -0.149587 -0.533916 -0.0127585 0.689463 1.25232 0.731993 45.2153 87.5196 115.5 138.558 158.016 175.44 171.585 190.177 201.191 205.736 197.232 164.623 150.303 142.009 136.392 132.14 130.527 128.474 127.622 128.946 130.102 132.79 137.967 140.546 148.667 158.794 174.658 214.334 201.549 193.305 183.965 172.577 164.331 147.907 126.079 101.802 69.2255 12.8016 1.46715 0.427301 -0.317563 -0.234323 -0.2751 -0.0171995 -0.121841 -0.0333177 -0.17732 -0.581228 -0.0579789 -0.185265 
-0.01564 -0.0143788 0.121709 -0.488769 -0.0584888 0.274363 -0.08879 -0.0911034 0.12209 -0.239809 0.513525 0.686777 1.60899 1.09619 45.6385 87.3875 116.912 139.452 158.591 176.923 169.865 190.764 201.025 207.111 198.003 164.857 152.338 141.859 136.488 132.772 129.762 128.715 128.817 129.44 129.777 133.151 137.945 145.272 148.317 158.897 175.097 214.47 202.67 195.326 184.344 173.523 165.81 147.584 128.465 102.983 70.0311 12.6325 2.0379 0.532829 0.00993378 -0.434965 -0.13048 -0.0424421 -0.323586 -0.177894 -0.49245 -0.203711 -0.586953 -0.937429 
-0.415885 0.0766836 -0.131578 -0.223022 -0.483951 0.297823 -0.0946151 -0.0928187 0.0880619 0.106881 0.674986 1.05187 1.59135 2.54424 38.0652 86.7327 115.257 137.443 157.42 172.195 173.962 190.093 201.828 206.519 202.29 168.621 153.409 146.423 139.915 134.451 131.88 130.289 129.497 130.734 130.812 133.794 137.495 141.454 149.648 159.955 176.587 213.499 204.499 196.709 187.071 175.858 167.971 150.904 131.872 107.699 74.9788 18.412 2.46829 1.34365 0.582193 -0.0601088 -0.198162 0.0815516 -0.208405 -0.0864971 -0.517285 -0.378326 -0.691804 -0.0835193 
-0.437609 -0.111839 -0.401487 0.178912 -0.35529 0.131201 -0.349848 0.114045 -0.414617 0.454456 0.911598 1.18977 2.32096 3.14843 36.6126 85.0881 114.898 138.148 156.512 173.836 179.221 190.981 201.816 207.843 203.283 169.741 155.065 145.295 138.623 135.329 132.944 131.075 128.859 130.498 131.214 134.031 138.225 142.305 148.354 159.285 175.461 213.211 203.328 195.728 186.863 175.69 167.974 151.439 131.942 107.088 76.795 21.5345 2.72178 1.84335 1.28267 0.476387 -0.270728 -0.289345 -0.446048 0.0354231 -0.679079 -0.339881 -0.329707 -0.404468 
0.187724 -0.32938 0.226187 -0.274101 -0.441186 -0.188612 -0.234275 -0.112761 -0.108556 -0.0975152 1.39125 1.32976 2.1917 2.84947 33.0686 86.4238 117.199 141.624 160.692 176.564 181.71 193.184 203.302 211.123 206.549 172.264 157.365 149.046 141.75 136.383 133.929 132.586 130.844 132.008 130.797 134.898 138.131 143.383 150.525 160.56 177.994 214.544 206.873 199.421 187.983 178.887 169.395 153.533 133.8 108.497 77.1695 19.9643 3.30271 1.83697 0.928521 0.482478 -0.326332 -0.264164 -0.369874 -0.430911 -0.614999 -0.989848 -0.312713 -0.433607 
-0.457275 -0.330287 0.125597 -0.524797 0.172521 -0.322907 -0.00550795 -0.0122707 0.354835 0.306987 1.18096 1.43518 2.36486 14.3735 65.9726 103.609 129.537 157.349 175.653 190.156 193.841 205.997 213.374 219.635 213.333 178.267 163.557 154.221 146.963 144.276 140.753 138.352 137.895 139.074 138.637 140.865 144.261 148.107 154.082 165.167 182.592 221.41 213.148 205.657 194.7 185.474 176.051 159.978 141.877 118.263 90.6316 48.5023 9.68091 1.59956 0.747262 -0.297622 -0.355249 -0.439183 -0.205321 -0.279369 -0.291198 -0.674739 -0.91181 -0.412844 
-0.3503 -0.0783533 -0.270806 0.121866 0.182295 -0.435252 -0.0268978 -0.313074 -0.422683 0.198194 0.768906 0.870999 0.380563 54.94 101.452 132.994 169.943 188.383 203.178 207.771 215.517 224.371 233.803 238.296 237.685 197.996 183.119 174.079 166.581 157.591 153.926 149.198 147.19 146.528 148.155 149.846 153.516 158.862 167.314 177.158 196.241 234.509 228.041 220.579 213.142 201.729 193.374 179.554 165.494 146.292 123.699 97.0479 59.5562 3.53556 0.658945 0.924698 -0.186194 -0.605155 -0.333693 -0.538175 -0.114214 -0.373849 -0.50727 -0.5149 
0.0842061 0.0491995 0.152845 0.0120143 -0.564266 -0.317062 0.0821817 -0.1611 -0.0787992 0.86563 0.870019 3.80404 42.3262 93.6966 119.395 150.285 182.097 199.078 209.425 215.378 226.156 234.428 240.178 247.621 244.613 202.786 188.432 179.021 172.452 169.765 165.573 162.779 160.92 160.798 160.859 163.265 167.329 172.499 179.752 190.133 206.365 250.464 245.625 241.063 232.982 228.247 218.453 202.535 187.019 171.91 151.763 131.529 109.481 81.7745 31.661 -1.41634 0.229016 -0.0185052 -0.945349 -0.295552 -0.731388 -0.487905 -0.306076 -0.4566 
-0.63301 -0.671918 -0.433958 0.0522646 0.03625 0.0703614 -0.365648 0.142103 0.0677805 0.380874 -0.23047 44.5533 77.0024 103.586 128.331 165.448 195.72 207.304 215.549 219.532 229.068 237.26 244.587 250.715 246.796 194.695 183.129 181.815 177.073 172.045 168.507 165.072 163.169 163.718 166.938 168.376 174.015 178.328 186.701 199.477 220.916 263.55 257.438 252.332 250.146 241.183 233.37 219.098 196.559 181.418 163.893 144.498 124.434 102.64 70.3192 11.6795 0.110558 -0.457461 -0.199894 -0.182386 -0.449913 -0.0548607 -0.63801 -0.153579 
-0.395508 -0.301655 -0.0345265 -0.0399162 -0.170217 0.00373244 -0.0692516 -0.0809594 -0.141257 0.471259 7.5746 57.7162 89.5718 114.124 138.199 178.648 207.41 214.566 218.055 221.776 232.423 239.149 247.716 251.474 231.812 188.279 179.129 179.552 177.213 173.003 169.375 166.297 166.344 166.332 168.861 172.216 176.049 180.985 189.376 199.936 217.816 260.957 254.16 249.129 251.296 243.271 235.247 223.716 197.64 186.387 170.108 148.156 125.98 102.384 72.7077 17.071 0.000629969 -0.403571 -1.14857 -0.586205 -0.678661 -0.46737 -0.456552 -0.492216 
-0.595605 -0.713549 -0.313421 -0.660368 -0.135904 0.181622 -0.485257 -0.286978 0.147578 0.947086 5.50122 58.5925 84.4903 101.395 124.159 143.103 165.618 187.112 199.785 208.11 217.112 218.216 218.8 197.993 194.111 161.653 152.034 148.067 153.985 155.297 152.419 150.935 150.931 151.786 154.589 158.482 162.03 168.185 176.293 186.896 204.545 242.822 240.581 232.418 230.55 230.231 224.812 215.915 177.334 161.883 142.648 123.076 97.9477 83.2294 61.0785 7.07158 0.00638542 0.223841 -0.653056 -0.779458 -0.698024 0.117495 -0.665465 -0.574213 
-0.280371 -0.127767 -0.323358 0.38037 0.0388825 -0.295011 -0.137729 0.277371 0.124938 0.147835 0.374615 1.48622 8.81003 22.465 70.5946 105.683 133.046 154.328 172.48 185.641 198.267 204.294 177.707 174.011 178.587 148.438 138.062 132.153 130.342 132.461 139.694 138.827 138.316 139.475 142.471 145.123 147.648 152.169 159.531 169.472 183.479 220.133 214.307 210.07 206.574 207.26 200.43 181.732 149.513 122.626 89.537 32.9258 6.28152 3.01438 -1.47299 0.0054995 0.241122 -0.338509 -0.536653 -0.309433 -0.320306 -0.313438 0.118324 -0.127424 
-0.345612 0.0895911 -0.0886048 0.160725 -0.474415 -0.113444 0.0577502 -0.250323 0.310172 0.276993 0.505083 3.65755 3.51912 3.90971 9.17517 68.8304 99.2461 126.472 147.117 163.952 175.585 166.237 141.993 141.925 158.088 131.052 119.563 114.052 110.2 107.077 107.456 113.121 120.313 120.141 121.996 124.183 127.233 130.43 137.504 146.727 162.784 199.436 195.29 195.158 181.435 170.595 155.95 136.301 114.273 85.7364 33.9481 5.93861 3.54991 1.2778 1.08989 0.510694 0.372399 -0.181192 -0.839793 -0.0564588 -0.304478 -0.389167 -0.285582 -0.0424213 
-0.370716 -0.249628 0.0707814 -0.0338897 -0.116446 -0.619563 -0.18269 0.351762 -0.0593563 0.525329 2.28933 1.85297 3.34435 4.26355 6.99972 62.1415 95.0989 121.672 141.613 158.363 174.409 136.064 121.048 117.352 156.517 126.92 116.652 110.523 106.904 103.31 102.164 101.974 107.031 116.811 119.787 121.192 124.563 128.788 135.983 144.482 160.903 197.579 195.636 190.308 179.647 166.005 152.086 132.39 107.112 79.3909 25.3516 4.86411 3.69363 1.2727 1.46022 0.436046 0.115088 0.00595408 -0.352051 -0.121902 -0.204024 0.0684888 -0.362393 -0.00582336 
0.000444203 -0.127289 -0.240044 -0.160586 -0.507419 -0.356002 -0.0281757 0.267551 -0.0150681 2.03433 1.80389 2.28043 2.70159 3.81849 5.09906 58.5984 90.7112 119.547 140.562 155.231 164.026 123.929 110.952 106.772 143.421 125.262 115.09 108.57 104.947 102.108 100.077 99.1167 99.3828 102.75 113.517 120.903 123.679 127.928 134.474 143.769 158.885 196.454 192.691 188.516 179.565 163.668 150.507 129.843 106.374 76.4198 20.9789 3.82246 3.30208 1.75008 0.390686 0.238711 0.0744324 -0.373144 -0.55534 -0.324843 -0.152217 -0.397336 -0.336759 -0.0805962 
0.314494 -0.396866 -0.483686 0.0223865 0.646208 -0.141921 0.147476 -0.185981 1.37721 2.37444 2.2881 2.21233 2.53705 3.73924 2.16082 56.1338 87.1798 117.166 139.187 155.232 157.938 116.588 103.587 99.9772 126.605 124.228 113.575 107.225 103.349 100.183 98.3366 96.8094 97.1573 98.5564 101.894 111.8 122.85 127.363 136.979 143.45 156.719 193.384 190.495 191.378 174.525 162.655 148.092 127.829 104.596 75.0018 19.3049 3.09307 1.8383 1.87463 0.47501 0.185139 -0.356866 -0.502396 -0.390414 0.109181 -0.906347 -0.710042 -0.320071 -0.558717 
-0.370114 -0.150797 -0.0386317 0.320513 0.307881 -0.55417 -0.265106 0.19471 1.39364 2.18264 2.23993 1.8687 2.08079 3.16543 1.59683 53.122 84.905 116.184 138.461 154.43 153.811 112.858 99.9964 95.3071 121.181 119.637 113.565 107.14 101.709 98.727 96.944 96.7972 95.0042 96.7678 98.8464 102.471 118.972 125.844 133.093 141.453 155.782 191.127 189.483 188.679 173.786 160.564 147.095 127.402 103.686 73.5447 16.7292 3.07105 1.64758 1.30889 0.538979 -0.471104 -0.390983 -0.109808 -0.360562 -0.707479 -0.397877 -0.240769 -0.192073 0.19544 
-0.0588681 -0.0211365 -0.372924 -0.484542 -0.406864 -0.529008 -0.170352 -0.0222456 2.15697 2.43428 2.27695 2.0171 3.12759 3.21928 1.83721 49.0466 82.793 114.027 137.562 153.038 152.896 115.537 99.2809 93.379 118.494 111.682 113.634 106.444 101.695 99.1338 97.3375 95.5741 95.888 95.9875 98.3391 102.301 110.803 125.899 131.896 141.521 154.736 190.662 191.665 187.215 172.014 160.412 146.54 127.563 102.186 72.8745 15.5237 3.09826 1.56265 0.997389 1.20772 0.718052 -0.158497 -0.301717 0.0706539 -0.479694 -0.0541682 -0.657665 -0.580495 -0.189403 
0.00911184 0.0659761 -0.15021 0.275343 -0.286821 0.000905969 -0.474896 -0.254899 3.6588 3.58912 3.2141 2.777 3.72865 4.39267 3.50769 47.3217 81.9046 114.294 135.741 153.271 155.243 117.19 100.548 94.1704 119.403 108.073 112.586 107.1 101.781 98.7185 97.2834 95.9264 95.7374 96.7071 98.2746 100.661 106.126 126.368 131.703 140.57 154.538 189.615 191.302 186.777 173.237 159.6 145.988 126.262 101.693 71.8242 13.6282 3.25141 1.54721 1.17343 1.35551 1.92247 -0.403173 -0.5385 -0.584827 -0.0409243 -0.830655 -0.261113 -0.043129 -0.81782 
-0.339649 0.177498 0.0912776 -0.597765 0.323798 -0.387702 0.253317 0.312916 2.5896 0.680302 2.85945 3.57674 3.24849 4.70135 4.69458 39.355 80.4296 111.329 134.937 152.264 161.757 121.065 102.844 96.6167 110.738 116.081 110.199 108.187 103.934 99.1544 97.6279 96.1511 95.7388 96.2511 97.5175 100.119 106.583 124.703 130.302 138.753 152.608 185.787 192.226 188.286 173.78 160.66 147.68 127.876 104.095 74.2734 16.8889 3.21774 2.04406 0.595923 1.2414 1.58798 1.45406 -0.30454 0.0982078 -0.225466 -0.582797 -0.978041 -0.399221 0.0593978 
-0.23748 0.707688 0.257754 -0.64785 -0.0756001 -0.15814 0.14298 0.160846 3.0714 2.17198 3.12429 3.68023 3.55637 4.0309 5.49155 35.4375 78.3986 109.173 132.057 151.334 168.318 124.4 106.113 98.7419 109.385 121.358 108.509 111.213 104.048 101.214 98.5984 96.7294 96.1544 97.3629 98.7025 100.935 106.592 123.587 130.404 138.33 150.283 181.494 193.337 187.363 173.417 160.562 147.843 128.505 104.38 75.0481 17.635 2.5028 1.41949 1.13712 1.17802 1.44448 2.23741 1.06968 -0.706785 -0.714257 -0.605873 -0.756667 -0.0101289 -0.487607 
-0.434137 -0.104301 0.223568 -0.569576 -0.060542 -0.127756 -0.109443 0.319095 4.16541 3.31702 3.28116 3.14339 3.23976 4.24243 4.83678 33.1587 77.4325 108.426 131.909 151.793 166.075 137.421 110.383 102.074 110.862 125.1 108.375 111.701 105.325 101.719 98.7364 97.7039 97.6848 97.4547 100.132 102.542 109.249 124.811 129.602 137.415 150.339 181.468 194.97 185.098 173.311 160.033 146.358 128.428 104.055 74.1404 17.8572 2.59191 1.72456 1.11183 0.910376 1.13633 1.18962 1.97767 0.084204 -0.277038 -0.214564 0.348003 -0.360089 -0.257249 
-0.355518 0.666606 0.360424 -0.185443 -0.129071 -0.509331 -0.0921961 0.00859053 4.10085 3.95594 3.23747 3.79779 2.79652 3.81098 5.0352 31.6161 77.2968 107.851 130.851 150.88 163.782 147.505 114.612 105.424 114.031 126.717 111.915 112.977 106.179 102.197 99.8632 98.3971 97.7275 98.769 100.966 104.837 112.251 124.828 128.352 137.752 148.625 181.205 193.847 184.801 172.944 160.806 147.233 127.479 103.4 73.6265 16.0328 2.86213 1.18777 0.937302 1.18952 1.21925 1.53787 1.5001 1.23245 -0.227882 0.0664107 -0.301947 -0.460819 -0.481454 
-0.361444 -0.0949684 0.23594 0.466236 -0.124268 -0.408521 0.284101 -0.200616 3.76607 3.57304 3.46302 3.78613 3.83882 4.02024 4.39832 29.6268 76.6286 105.908 131.583 150.338 163.961 157.296 119.766 109.296 117.786 131.649 117.128 113.489 107.976 104.073 101.978 99.4659 99.7095 100.885 102.317 106.757 116.125 123.063 128.419 135.856 148.192 178.053 193.862 185.782 173.436 161.557 147.425 128.148 103.793 72.9504 15.7388 2.19876 0.839291 0.925407 0.604822 1.37452 0.655583 1.89862 1.84 -0.666638 -0.716333 -0.686402 -0.612838 -0.376794 
-0.120432 -0.457678 0.0568024 0.531728 -0.0156218 -0.0871605 -0.679854 0.373971 4.55214 3.70876 3.59013 3.05826 3.24858 3.31415 3.72659 29.5713 76.8822 105.973 130.46 150.083 163.819 167.204 126.459 114.636 123.201 137.655 123.024 115.905 109.667 106.311 102.701 102.254 101.848 104.188 106.458 113.005 119.781 123.416 128.543 136.454 148.396 175.66 195.709 185.597 172.624 160.452 147.409 127.642 103.703 72.285 14.7291 2.18802 1.55263 1.01955 1.17923 1.47557 2.32957 1.75129 1.62526 -0.104451 -0.496201 -0.487178 -0.248068 -0.412178 
-0.484806 0.328075 0.208124 -0.241252 -0.296494 -0.338137 0.112848 -0.705996 4.41847 3.18169 3.51154 3.35455 3.08071 4.11185 4.12673 28.4104 75.3322 106.468 130.674 150.065 165.329 175.857 136.246 121.003 129.292 147.918 128.49 118.329 112.688 108.303 105.281 105.209 106.009 108.311 112.408 116.97 119.095 122.516 127.303 136.044 147.182 173.651 194.453 183.629 173.02 159.443 146.194 127.211 103.757 71.9208 14.5508 2.03124 1.07252 1.16755 1.94128 1.95666 1.71012 1.39883 0.94755 0.548062 -0.863264 -0.0663651 0.140805 -0.294656 
-0.361511 0.151713 -0.237021 -0.30001 0.110367 -0.17619 -0.0785209 -0.456818 3.65939 4.56846 3.77588 3.70378 3.88886 3.7232 4.74564 28.2579 74.5709 105.83 129.241 148.773 165.934 174.201 161.189 132.411 143.394 161.524 133.245 122.269 115.474 112.141 109.711 108.918 113.364 114.662 115.891 117.212 118.704 121.66 127.954 134.612 146.13 172.973 193.374 184.574 173.598 160.177 146.998 127.379 103.11 71.5763 14.6346 1.82451 0.342239 0.847561 1.71604 2.62352 1.1188 0.811277 0.595033 0.432612 -0.143321 -0.540727 -0.411779 -0.458333 
-0.232435 -0.00867189 -0.686908 0.126445 0.0567152 0.0811888 -0.111985 -0.226305 2.61783 4.66976 3.95443 3.49348 3.40976 3.77992 3.41738 28.2038 74.3845 104.754 129.391 149.694 164.456 174.973 181.464 155.648 173.508 170.53 141.933 130.078 123.828 120.833 119.715 117.919 116.713 115.715 115.892 116.408 118.733 121.777 126.503 133.526 144.979 171.922 193.038 184.49 171.613 160.721 145.972 127.337 103.069 71.9187 14.7016 2.02421 0.96442 0.575256 2.00177 1.63358 0.592221 0.550146 0.715764 0.52664 -0.703069 -0.370965 -0.728592 -0.711967 
1.07239 1.0979 0.87835 0.76607 0.666036 0.14093 0.834524 1.12667 1.17981 6.29224 4.37236 4.56013 4.2298 4.35083 4.96649 29.4539 76.9019 106.736 131.675 152.117 167.373 177.887 183.161 193.565 199.548 193.634 157.644 142.3 133.131 127.539 122.503 119.653 113.326 112.506 113.614 113.461 115.594 118.724 123.483 129.685 141.361 168.828 187.043 178.774 168.66 156.875 143.501 123.867 99.7526 69.1135 13.5061 0.64348 -0.541098 3.65169 -0.852579 -0.763619 -0.516637 -0.673263 -0.294364 -1.1962 -1.33764 -1.69688 -1.3008 -1.70271 
1.60394 0.932835 1.166 0.846559 0.68013 0.410376 0.995512 1.2597 0.644778 5.51972 5.2089 3.92438 4.79869 4.41852 4.69635 28.7309 77.4385 106.422 131.406 151.602 166.447 178.189 185.587 193.437 198.456 194.282 159.896 143.847 133.793 128.726 123.862 120.843 113.347 112.782 113.14 113.923 115.203 118.961 123.124 130.49 140.667 168.6 186.555 179.613 168.853 157.815 144.192 124.062 100.634 69.5428 13.6168 0.463908 2.17697 -0.163963 -0.123903 -0.186124 -0.600681 -0.637046 -1.11318 -0.697895 -1.26339 -1.6611 -1.2723 -1.97443 
0.769938 1.86775 0.497223 0.61034 0.930141 1.14945 1.30007 0.984821 1.63433 4.05244 5.50902 4.74327 4.49804 4.66581 4.59831 28.5681 75.8051 106.525 131.508 151.805 167.847 179.048 185.623 195.636 201.341 196.277 159.489 145.09 134.743 129.101 123.58 120.829 113.32 113.858 113.439 113.821 116.588 118.547 122.845 130.554 140.228 168.807 187.328 180.068 169.945 157.142 143.544 123.989 99.5079 68.9479 13.1611 1.12654 1.91135 -0.833748 -0.755965 -0.781517 -1.37651 -0.854711 -0.620863 -0.725151 -1.50178 -1.54 -1.50995 -1.72069 
1.34941 1.13416 1.82826 1.19803 0.0228044 1.21127 1.09639 0.612666 1.04546 0.709422 6.27168 5.29988 4.5508 3.80949 4.4889 27.2498 76.284 106.325 131.582 151.382 169.097 178.739 185.097 196.116 200.685 197.739 162.267 144.529 136.15 129.098 124.13 121.539 113.973 113.417 113.883 113.54 116.028 119.479 122.534 129.88 140.503 166.345 187.786 180.634 169.933 157.052 143.789 122.982 100.474 69.7957 13.4206 0.444929 2.46973 -0.420285 -0.608865 -0.967123 -0.453734 -1.15863 -1.53134 -1.20134 -1.59635 -1.62136 -2.47376 -1.19386 
1.33546 0.831597 0.542839 0.467362 0.252846 1.11283 1.11801 1.04733 1.25742 0.313964 5.6336 5.27437 5.1361 3.54312 4.44048 26.9532 76.6483 106.309 131.369 150.345 167.956 178.093 187.557 195.51 202.301 200.769 162.545 146.36 136.861 129.83 125.741 121.618 113.509 112.746 113.21 113.283 116.115 118.077 122.514 130.371 140.283 163.662 190.289 180.824 169.735 157.547 143.361 124.12 100.485 69.7863 14.0127 1.03895 1.07512 0.518722 -0.918041 -0.55155 -0.469145 -1.04154 -0.468459 -0.688487 -2.06863 -1.69206 -1.47976 -1.54408 
1.2743 1.14717 0.194732 1.06613 0.823913 1.46608 1.06416 1.70497 0.795732 1.03708 4.17354 5.99429 4.21063 4.9971 5.05015 26.9157 77.2709 106.234 130.588 149.978 166.915 179.002 188.111 195.464 202.633 202.601 165.345 148.159 136.377 129.906 125.823 121.87 114.127 112.448 113.652 113.736 115.205 119.702 122.743 128.994 139.187 158.316 193.056 180.794 169.511 158.138 144.308 124.348 100.79 79.8209 14.1141 0.965501 0.881489 0.342186 -1.00646 -0.586471 -0.95371 -0.59692 -1.60094 -1.4454 -1.17684 -2.36387 -1.80035 -1.7706 
0.942385 -0.408151 0.959289 1.04653 0.841388 1.28647 0.459952 1.60485 1.19667 0.786869 1.21927 7.71291 5.40326 4.71702 5.18051 28.3983 76.795 106.159 131.75 150.639 167.839 178.72 186.971 195.277 202.663 201.793 164.237 148.216 137.637 130.7 125.206 122.039 113.762 112.565 112.581 114.081 116.195 119.323 122.041 129.541 138.52 157.138 192.464 180.097 169.465 157.835 143.847 125.756 101.089 70.5007 14.5843 0.86518 0.48971 0.487522 -0.816469 -0.735684 -0.35703 -0.522389 -0.806792 -1.45226 -1.83804 -2.42162 -1.21409 -1.49209 
0.60643 1.02609 1.5673 1.03518 0.782605 1.21618 0.0956494 0.764742 1.15063 1.14193 0.788457 7.69858 5.75008 4.26805 5.32709 28.4538 76.7655 105.716 132.652 151.58 169.556 180.365 188.961 196.742 202.391 202.285 166.456 148.749 138.483 131.611 131.497 123.259 115.676 114.136 112.937 113.795 115.685 118.52 122.92 129.834 137.806 155.432 193.525 181.139 171.583 157.553 145.088 125.032 102.089 71.4995 15.904 1.44342 0.774412 0.851875 -0.700057 -0.905763 -0.731488 -0.9702 -0.643326 -1.72392 -1.58517 -1.49989 -1.68145 -1.12328 
0.72482 0.637009 1.23876 0.797324 1.05264 0.548416 0.702904 1.08708 1.22445 1.5737 0.730479 3.32774 8.87067 4.99235 5.28739 24.7632 76.0889 105.417 131.132 152.572 167.533 179.375 186.909 195.259 202.653 204.763 168.498 151.749 140.728 131.842 127.162 122.75 114.867 113.501 114.045 114.306 116.674 118.088 122.96 129.019 137.816 153.796 191.967 183.829 172.932 159.45 146.412 128.1 104.135 74.9605 22.0071 2.52067 0.790845 0.724712 -0.00571828 -0.311525 -0.577167 -0.712077 -0.0410987 -1.19914 -1.96117 -1.74042 -1.70246 -1.17092 
1.81111 0.904803 0.354342 1.091 1.3419 0.896497 1.30696 1.62641 0.63182 1.08835 1.18642 0.730273 9.00767 5.68489 6.23432 21.6675 73.3219 104.139 130.553 150.888 167.585 179.666 185.93 195.218 202.185 208.318 168.975 152.815 140.087 132.855 127.126 123.539 116.148 114.08 113.718 115.031 116.641 119.397 121.872 128.555 137.314 152.49 190.763 182.166 173.792 161.382 148.049 130.38 106.893 78.7199 26.5974 2.91077 1.64849 1.6615 1.10673 0.121311 0.326008 -0.790108 -1.39082 -1.44375 -1.79429 -1.42693 -1.4952 -1.48791 
1.05076 1.23959 1.19885 0.910543 0.487488 1.07841 0.202626 1.0874 1.59864 0.988268 1.33073 1.97175 8.42788 6.66798 6.52732 18.9899 72.8869 104.626 130.362 152.109 167.183 179.19 186.129 197.325 202.809 210.192 170.12 152.256 142.681 132.903 127.724 123.118 116.036 114.563 113.982 115.857 115.835 117.663 121.843 128.623 136.83 152.406 188.193 184.261 173.352 162.502 148.066 130.926 108.431 80.425 29.0745 3.13418 2.35362 2.51116 2.30823 0.679392 1.13216 -0.633055 -1.79665 -2.06778 -1.65594 -2.08218 -1.5427 -1.58231 
1.02769 0.951554 1.28256 1.25417 1.40906 0.896513 1.50493 1.60002 1.86504 1.51594 0.985199 0.9481 2.25369 11.2085 7.287 22.3759 75.3947 105.258 131.673 152.664 168.906 182.208 187.248 197.767 203.811 211.14 169.166 151.279 141.427 132.592 127.262 124.258 116.599 114.149 115.045 115.468 116.39 118.812 121.963 128.311 136.614 150.544 188.49 185.29 173.636 164.546 149.084 133.977 109.485 83.2944 31.4319 4.80889 6.26683 7.41003 9.17463 1.80266 -0.330601 -0.571866 -2.09713 -1.78571 -1.59528 -1.52457 -1.99057 -1.89652 
1.66632 1.17099 1.04533 1.48701 0.672202 1.25212 0.962532 0.709886 1.45812 1.38537 1.72929 1.2843 1.50628 12.9461 9.86094 41.9512 88.6424 117.353 140.813 159.471 174.262 185.503 194.055 202.559 208.5 215.095 174.033 157.012 145.711 137.269 132.35 127.623 118.298 115.888 114.64 115.511 116.8 119.025 121.963 127.703 136.389 151.432 189.524 186.637 176.348 165.995 151.073 136.945 112.489 86.3101 37.9759 11.7187 7.07212 3.92714 1.64629 -0.471327 -0.223171 -1.21879 -1.57992 -1.35004 -1.5722 -1.8893 -1.29094 -1.11557 
0.593146 0.820147 0.644098 0.865969 0.961426 1.05767 0.0320031 1.05023 1.17694 1.1677 0.788671 1.81328 2.12821 5.36947 37.7297 95.0531 127.554 159.466 180.643 197 206.698 202.682 208.932 215.192 221.101 233.916 191.777 176.36 167.02 159.179 153.98 151.097 142.638 140.954 139.443 140.161 141.131 144.159 147.854 153.054 164.544 180.977 218.377 219.244 211.221 199.378 186.164 174.562 159.298 137.636 104.943 45.29 16.1663 11.9579 9.25595 -0.00323883 -0.435696 -1.27322 -1.09879 -1.52338 -1.63584 -0.954327 -2.13369 -1.86648 
1.68178 0.60027 0.676388 0.403719 0.879722 0.860018 0.392984 1.0289 1.0508 0.795299 1.01301 1.31745 1.80782 11.4527 67.7343 108.157 146.49 177.957 199.636 214.792 218.157 218.596 223.889 236.512 245.328 255.913 211.615 195.616 182.272 174.752 169.797 163.401 157.513 155.177 156.509 156.167 157.562 161.08 165.641 171.649 182.276 197.29 235.87 240.846 251.427 251.862 238.73 223.123 205.398 183.626 158.334 142.139 128.688 108.759 77.0901 34.3369 -1.50612 -0.717668 -1.39067 -1.66804 -1.18577 -2.20012 -2.02668 -1.72204 
1.32075 0.571979 1.27703 0.665507 1.55254 0.941251 0.201332 0.551395 0.522711 0.535324 1.4908 1.60148 0.65119 38.1521 81.1368 113.276 144.119 181.798 204.995 216.058 221.929 226.967 235.105 243.315 251.71 263.969 216.66 202.2 188.641 181.75 176.171 172.379 163.118 162.336 160.643 162.677 163.7 167.049 172.324 178.458 188.921 204.973 243.394 246.626 261.843 266.124 265.868 241.301 215.337 190.926 175.532 157.271 138.924 118.255 95.0742 63.1226 10.1208 -0.71296 -1.4841 -1.64009 -1.25875 -2.00954 -2.01712 -2.02212 
0.662233 0.851866 0.157788 1.8943 0.812569 0.375895 0.991264 0.365605 0.776319 1.36352 0.870995 1.78421 0.806231 39.7845 82.4152 111.98 138.346 169.119 198.452 208.362 220.948 226.936 238.409 244.918 254.513 264.662 221.048 203.489 192.054 184.204 179.016 174.758 166.131 165.839 163.954 164.718 167.172 170.095 174.866 182.971 190.759 206.992 244.642 245.522 264.639 263.569 260.682 248.979 203.066 191.994 176.093 160.682 141.666 120.49 98.4224 68.4097 20.1121 -1.20058 -1.60236 -1.58833 -1.48907 -1.44226 -2.00598 -1.41949 
1.20927 0.0984007 0.299297 0.941308 0.598975 0.613455 0.661053 0.61622 0.935943 0.812759 0.701543 1.72047 1.81141 12.5931 66.3605 97.7046 127.642 156.323 186.858 203.556 213.774 223.673 235.874 244.011 250.479 262.402 216.056 199.38 187.347 183.082 174.425 170.359 162.435 160.426 160.921 160.995 163.278 167.029 171.521 179.203 189.855 208.343 245.748 247.114 258.612 252.14 246.899 230.734 206.754 190.249 173.665 156.254 137.576 116.841 93.3313 62.8628 15.3133 -0.86856 -1.41469 -1.59335 -1.32978 -1.69105 -1.56679 -1.59141 
0.917359 0.822474 0.764525 -0.078251 1.44324 0.791721 1.03339 1.48865 1.15155 -0.153479 0.661758 1.33963 1.772 1.1831 21.1665 74.7543 106.337 135.181 166.109 193.532 207.529 223.915 232.733 234.898 242.305 251.945 208.956 191.35 179.841 171.887 167.188 162.837 153.895 151.602 151.964 154.216 155.19 159.826 164.096 170.761 182.687 202.495 242.613 247.143 247.026 239.89 233.813 222.338 202.272 186.31 170.857 151.782 131.653 109.343 83.3465 46.194 -0.716974 -0.980603 -1.86358 -1.22123 -1.63049 -1.17087 -1.47999 -1.60457 
0.600337 0.701598 0.025565 0.900924 1.07566 0.520912 0.614107 1.14896 1.51145 0.941299 0.8055 1.44772 1.32888 2.45817 2.24285 21.143 76.5903 110.112 137.499 161.069 181.62 200.555 211.137 218.21 224.435 239.675 198.459 178.892 167.405 159.5 152.992 149.89 141.68 141.933 141.542 141.45 143.908 146.494 152.264 161.439 169.311 185.068 227.392 234.779 231.061 225.325 216.408 209.583 192.031 177.301 162.115 141.898 120.139 93.4375 52.1216 1.93187 -1.13688 -1.50843 -1.10286 -1.33297 -1.46256 -1.65981 -1.55576 -1.60672 
0.927977 0.964403 0.815873 0.17188 1.02448 0.559309 0.746568 -0.201008 0.952012 1.2164 0.699914 1.48181 0.856581 2.83767 3.35712 6.8806 67.8957 103.033 129.713 151.192 167.797 179.433 189.777 199.344 209.73 219.489 191.316 166.147 153.626 146.508 143.112 137.979 132.255 128.872 129.767 128.788 132.023 136.646 140.294 146.857 157.369 170.832 208.956 214.032 212.222 208.252 197.682 189.341 176.009 162.022 140.25 116.492 84.8996 33.717 0.15757 0.659277 -0.0354072 -1.12644 -1.38886 -1.30456 -1.09848 -1.76208 -1.82556 -1.7014 
-0.153485 1.06276 1.5422 1.07858 1.30602 1.04115 0.93039 0.732991 0.617233 1.13487 1.09982 1.20803 1.51422 1.60163 3.43282 7.90751 66.5912 101.649 128.183 149.39 168.495 179.157 189.282 199.048 209.257 217.774 191.639 164.942 154.364 145.612 141.489 138.008 131.002 128.151 127.467 129.544 131.034 136.09 139.487 147.093 154.033 168.251 202.714 206.515 199.656 190.892 177.975 174.481 156.933 138.365 113.819 84.7426 39.067 0.758783 0.79202 0.20084 -0.519743 -0.494325 -1.12825 -1.51946 -2.02118 -1.58264 -1.23998 -1.14547 
1.17047 -0.0429702 0.907314 1.00156 0.48111 1.05396 0.518817 0.684281 0.719818 0.925406 0.823509 1.16966 0.975066 1.84795 2.90551 7.93467 66.4133 99.6311 127.514 149.347 167.485 177.467 189.024 200.087 208.736 216.126 188.545 165.433 152.93 147.311 139.009 136.643 129.307 126.403 127.705 128.32 129.709 133.579 137.363 144.386 152.441 166.482 201.241 204.793 198.11 189.939 175.127 173.189 156.354 138.004 114.236 85.1433 41.1783 1.05683 0.671801 -0.287705 -1.06354 -0.96962 -1.26284 -1.28511 -1.65683 -1.72655 -1.43313 -1.06968 
1.89811 1.04448 0.145138 0.576972 0.586849 0.523143 0.707209 0.99705 1.01838 1.09771 0.988993 0.260032 0.724249 1.55235 2.9628 8.87661 66.832 99.9382 127.478 149.664 167.153 176.793 188.522 199.495 208.147 212.829 189.676 163.479 153.308 146.052 138.942 135.759 129.171 126.172 127.128 128.557 130.773 133.276 137.514 143.67 153.274 165.727 198.512 205.518 198.821 191.17 175.699 172.804 156.126 136.381 113.823 85.7075 41.7222 0.583545 0.252349 -0.567436 -1.06059 -1.444 -1.83472 -1.72065 -1.72521 -1.94996 -1.66105 -1.77641 
0.687949 1.20745 0.963762 0.685956 0.921381 1.14766 0.307945 1.1605 1.09994 1.15131 1.07621 1.01076 1.10855 1.91469 2.73269 9.2072 67.4187 101.16 127.08 148.511 166.381 175.138 186.318 199.177 207.306 214.924 187.34 162.36 151.263 145.705 137.813 134.682 128.055 127.702 126.642 127.713 128.72 133.68 137.024 142.907 152.022 165.431 196.953 206.673 197.513 190.494 175.719 172.255 154.55 137.091 114.106 85.814 41.1824 -0.449 -0.104379 -0.700887 -1.44715 -1.63539 -1.69293 -2.16357 -1.66332 -1.49924 -1.7906 -1.37617 
0.575068 0.638431 0.805953 1.5247 1.091 0.934894 0.543874 0.956214 1.12809 0.266621 -0.70416 0.934374 0.914371 1.6201 2.19712 7.80983 66.3012 100.612 126.827 148.992 166.21 175.766 185.755 197.198 207.141 215.417 190.374 163.501 151.038 143.672 137.2 134.028 127.332 125.99 125.648 126.652 129.016 131.557 134.896 142.506 149.836 162.274 192.481 203.653 197.547 189.043 174.23 170.971 156.009 136.949 114.212 86.9927 47.4384 -1.37636 -0.132899 -1.28135 -1.3875 -1.4634 -1.9151 -1.66516 -1.48542 -2.49135 -1.82153 -1.25397 
1.18342 0.711285 0.563534 0.76766 0.508736 0.46764 1.04292 0.905416 1.31353 0.885876 0.163164 1.08092 0.938478 1.41268 2.33328 6.47492 63.0648 97.8765 125.133 145.697 164.948 179.857 178.77 196.985 204.987 212.972 191.782 163.905 152.024 142.618 138.274 134.55 127.903 125.456 125.645 127.863 128.192 130.744 134.647 140.366 148.279 160.845 190.324 203.619 198.676 191.041 177.613 171.526 157.562 138.376 116.723 88.9218 53.0905 -2.55701 -0.301093 -1.17657 -1.78924 -1.17986 -1.28411 -1.34911 -1.73031 -1.34328 -1.23011 -1.52923 
1.26119 0.572008 0.493123 0.137221 0.801036 1.4882 0.837721 0.782476 1.81403 1.40033 0.537876 0.795859 0.800991 1.26748 2.04734 6.67588 63.8125 98.0479 123.307 146.789 164.928 175.526 178.013 196.971 205.535 211.95 190.775 163.304 151.317 143.412 138.086 134.141 127.566 124.653 125.09 126.351 127.717 130.887 134.552 140.966 147.905 160.564 188.705 203.016 198.05 191.111 177.666 170.689 157.146 137.817 115.289 88.4609 55.1853 -1.98675 -0.373849 -1.87386 -1.41624 -1.54328 -1.49919 -1.19258 -2.03361 -1.22214 -1.3398 -1.71277 
1.37545 0.424357 0.421541 0.264428 0.428302 0.847087 0.800682 0.592867 0.389122 0.932071 1.15627 0.896292 1.4586 2.13119 2.16205 6.3322 64.1799 98.1805 125.143 147.847 164.608 175.662 176.77 196.177 205.868 212.512 190.798 163.583 151.067 143.266 137.508 134.537 127.067 124.693 125.455 125.196 127.178 130.272 133.553 139.718 146.878 159.848 187.546 204.677 196.927 189.791 178.308 169.838 157.021 138.605 116.642 89.458 52.8409 -1.91727 -0.173715 -0.980014 -1.01764 -0.944923 -1.51685 -1.86926 -1.2636 -1.1894 -1.72925 -1.48982 
0.694503 1.25661 0.480765 0.257489 0.409138 1.74889 1.44226 0.240206 1.01515 0.51865 0.78253 0.832153 0.793284 2.45931 1.76436 7.01565 64.8639 98.82 125.537 148.71 165.092 175.267 178.507 197.477 204.567 212.11 189.544 162.213 149.74 142.936 137.266 134.08 127.193 124.502 125.831 137.018 126.909 129.483 133.414 138.85 146.107 158.972 184.854 203.495 197.694 189.261 178.723 169.774 157.009 138.39 116.77 89.4665 54.0959 -2.33514 -0.0630746 -1.18851 -1.31642 -1.1671 -1.25626 -1.3495 -1.28052 -1.30955 -1.44481 -1.52685 
0.93165 0.641481 0.230695 0.37232 0.867216 0.122159 0.51667 1.29422 0.0963662 1.29653 1.2791 1.15753 1.15185 2.30464 2.48374 8.5412 65.8287 98.1036 126.137 147.352 165.656 174.809 176.51 196.768 205.719 212.209 190.345 162.114 150.172 142.235 137.172 135.092 129.423 124.836 124.771 126.152 127.23 132.298 133.721 138.74 148.249 159.479 184.765 203.884 196.752 189.56 179.205 170.56 157.956 139.293 116.867 89.968 55.4235 -0.795288 0.510004 -0.496201 -1.13514 -1.12628 -1.00574 -1.37058 -1.30796 -1.5459 -1.44259 -1.19543 
0.293951 0.875394 0.871848 0.417688 0.619521 0.994035 0.441298 0.430751 0.379533 1.02334 0.961806 0.828822 1.56099 2.50789 2.91616 9.59718 65.9349 100.602 126.594 148.85 166.172 174.651 178.282 195.842 205.708 211.625 190.318 162.381 150.313 141.477 136.432 132.817 127.967 125.486 124.883 124.996 127.397 130.715 133.742 139.82 146.711 158.625 183.772 203.213 196.137 189.85 177.792 170.669 158.516 140.158 119.014 91.2014 56.6944 0.239118 0.718202 -0.320193 0.128656 -0.384637 -0.709072 -1.47412 -0.983243 -0.512783 -0.893883 -1.5773 
