-1.05906 -0.50227 -1.20378 -0.794171 -0.781232 -0.636504 -0.996487 -0.816461 -1.00095 -1.13747 -0.857954 -0.842091 -1.02361 -1.10271 -0.911266 -1.09509 -0.63396 -0.862544 0.29036 -0.105505 55.6434 89.4776 117.689 140.587 159.168 168.617 179.34 190.512 199.104 207.692 170.247 150.373 138.074 133.712 129.679 127.471 125.916 125.698 125.652 126.603 128.291 132.322 137.258 143.905 154.941 169.447 206.944 206.522 197.063 188.048 169.526 172.802 156.777 138.715 115.62 88.1495 48.5104 -2.45954 -1.1564 -2.00182 -1.72841 -1.77844 -1.71619 -2.02086 
-1.07764 -0.879197 -1.27836 -1.00574 -1.5002 -1.38861 -1.11795 -1.52598 -1.02325 -1.37272 -1.5248 -0.831293 -0.973371 -1.22559 -1.03418 -1.1595 -0.679732 -0.549649 0.331819 -1.34582 55.4951 90.4468 117.797 140.844 158.445 167.648 178.686 189.901 198.999 208.853 169.729 150.478 137.612 133.169 129.082 127.057 126.231 124.67 125.307 126.868 130.016 133.166 138.062 144.626 154.282 169.429 207.938 204.659 198.644 187.755 169.488 172.483 157.138 138.277 116.109 87.2367 49.565 -2.69232 -0.934441 -1.80332 -1.66858 -2.13521 -1.6592 -1.6776 
-0.81133 -1.51019 -1.13053 -0.74146 -1.24436 -1.33426 -0.762825 -0.780896 -1.24287 -0.865498 -1.12349 -0.779907 -1.37546 -1.13163 -1.25754 -1.32532 -0.771223 -0.937835 0.343787 -1.75894 55.5879 90.4566 117.98 140.034 157.899 166.817 179.768 191.12 198.083 208.158 169.68 151.585 138.92 132.992 128.974 127.565 126.213 124.595 125.471 127.145 128.535 133.095 137.105 144.978 155.098 169.505 207.604 205.359 199.104 186.796 169.556 173.698 157.75 139.867 116.542 88.3138 49.5014 -2.96926 -0.784449 -1.81314 -1.89881 -1.95345 -1.92673 -1.74786 
-1.13146 -1.81394 -1.10908 -1.11291 -1.05029 -0.944292 -1.31054 -1.11057 -1.00924 -1.39943 -1.0558 -1.28981 -0.716363 -1.02729 -0.886546 -1.17012 -0.963676 -0.418965 0.217704 -1.20948 54.5563 90.6913 117.96 140.531 157.854 167.353 178.242 189.901 194.707 208.577 170.543 151.845 139.181 136.164 134.248 128.033 125.776 125.079 126.804 126.547 129.88 133.85 138.955 145.378 156.26 169.957 208.609 206.406 198.482 188.395 171.838 173.825 157.528 139.754 117.102 88.2624 50.9464 -2.62938 -0.818415 -1.77724 -1.58002 -1.94601 -2.14593 -2.02309 
-0.987288 -1.31467 -1.22271 -0.828227 -1.5725 -0.918113 -1.19127 -0.676644 -0.919143 -1.26561 -0.849077 -1.01895 -1.25236 -1.34709 -0.982648 -1.17499 -0.774263 -0.671482 0.65927 -2.39637 54.0287 89.8674 118.362 140.593 158.965 168.122 179.675 190.913 196.802 212.073 170.649 152.478 141.472 133.89 130.846 128.365 126.21 126.672 127.204 127.697 129.376 134.081 138.855 144.56 154.789 171.96 207.4 207.366 197.337 190.044 171.158 173.565 158.149 140.275 117.956 90.1997 51.7523 -2.14529 -0.231684 -1.40102 -2.00556 -1.54704 -1.83575 -1.88565 
-1.38071 -1.36588 -1.05365 -1.3713 -1.14741 -0.843894 -1.32312 -0.992862 -1.00312 -0.953142 -0.798787 -1.24756 -1.41405 -1.01778 -1.31127 -1.1699 -0.890819 -0.823815 0.453833 -1.46528 54.2053 89.5494 117.957 141.372 158.446 168.879 180.351 191.668 198.265 213.943 170.714 154.627 140.589 137.309 134.781 127.833 127.819 126.178 127.132 127.179 130.46 134.785 139.132 145.965 156.25 173.319 208.462 206.596 200.105 190.77 172.594 174.645 158.661 140.345 117.851 90.521 52.8814 -2.67241 -0.188775 -1.66892 -1.88574 -2.0917 -1.59999 -2.35955 
-1.21704 -0.722738 -1.35589 -1.03839 -1.23861 -0.916533 -1.50603 -1.28234 -1.13009 -1.09262 -1.02176 -1.25131 -1.18845 -0.800582 -1.29502 -0.907443 -0.973423 -0.368005 1.09853 0.38229 47.534 87.7147 115.324 138.214 156.81 170.581 179.799 190.521 199.345 207.889 182.985 157.295 141.164 135.862 132.231 129.184 128.248 127.861 128.022 130.031 130.726 134.396 140.116 146.462 154.413 170.108 206.305 210.137 202.802 192.219 174.544 178.425 161.76 144.723 122.606 94.2747 58.1834 0.471246 0.266111 -0.762235 -1.4625 -1.6699 -2.20295 -2.15675 
-1.31992 -0.984257 -1.2647 -0.889735 -1.35261 -1.02985 -1.1028 -1.14281 -1.14692 -1.15429 -0.913291 -1.47301 -0.9729 -1.21625 -0.817191 -1.34147 -0.883688 -0.02978 0.971662 0.445416 42.0594 86.8228 115.509 139.232 156.962 171.335 179.715 190.686 199.603 207.331 187.65 160.107 142.834 136.806 133.475 130.295 128.316 129.175 127.236 130.015 131.963 136.353 139.414 146.63 156.663 171.099 207.474 210.334 203.868 194.629 179.31 178.49 162.66 145.945 123.713 96.7393 62.641 3.6861 0.267792 -0.639456 -1.81132 -1.66466 -1.58564 -1.94542 
-1.10715 -1.6592 -1.50651 -1.37501 -1.10392 -0.99664 -0.938153 -1.06384 -1.13383 -0.996057 -0.913983 -1.0546 -1.16104 -1.21586 -0.74341 -0.605046 -0.480655 -0.197471 0.874545 1.00203 44.7353 87.3897 115.629 138.745 157.253 173.258 177.086 190.933 199.356 206.814 187.713 160.078 143.71 137.307 133.901 130.599 129.264 127.823 128.671 129.578 133.526 136.721 141.969 149.06 157.022 173.403 209.207 213.968 205.96 195.685 179.27 181.615 164.782 145.192 123.801 95.392 60.9273 2.24348 0.104581 -1.1562 -1.78066 -1.94924 -2.16751 -1.83442 
-0.98314 -1.44256 -1.12073 -1.37672 -0.754602 -1.19803 -1.19958 -1.23186 -0.876261 -1.55112 -0.966735 -1.09056 -1.14783 -1.58294 -1.0724 -0.922297 -0.465427 0.116239 1.12239 -0.302273 38.7626 84.3056 112.235 138.087 159.306 177.034 179.674 193.863 202.5 212.822 193.866 164.706 149.155 143.959 139.961 137.226 136.954 138.076 137.892 139.39 141.337 146.903 150.525 157.643 167.397 180.095 218.857 225.182 217.804 210.588 196.072 190.109 175.265 156.851 135.027 110.37 76.9069 25.384 -0.324153 -0.636858 -1.51901 -1.97688 -1.73494 -1.64273 
-1.17179 -1.2564 -1.35335 -1.29048 -1.05993 -1.72351 -1.15723 -0.909564 -1.56278 -1.41863 -0.955928 -1.1098 -1.28845 -1.06129 -0.830145 -1.10229 -0.741752 -0.192999 -0.139696 30.971 80.3926 112.128 139.467 160.153 179.239 192.436 199.464 209.86 216.866 223.771 209.526 177.784 162.158 155.936 152.961 151.509 150.03 150.446 149.607 151.313 153.923 159.17 165.326 174.255 187.268 202.236 243.142 253.487 249.708 244.755 234.649 221.85 203.45 188.382 166.216 140.737 111.829 73.8654 8.48909 -1.23498 -1.02223 -1.47299 -1.81336 -1.72442 
-1.24616 -1.2507 -1.41963 -1.3085 -1.67527 -1.26979 -1.19491 -1.04829 -1.4528 -0.994621 -0.908712 -1.15456 -0.950738 -1.07856 -1.4391 -0.671383 -0.856267 -0.0359605 3.6979 61.2772 95.468 122.604 145.333 171.263 188.445 205.859 220.033 231.316 241.786 251.867 234.435 199.593 186.621 181.358 176.634 172.637 170.549 168.049 170.065 171.002 172.932 178.766 183.514 189.446 198.656 212.599 250.773 264.308 262.26 254.921 250.187 237.847 207.851 194.923 175.326 154.425 130.947 106.506 74.4819 18.5648 -1.94981 -2.16173 -1.77906 -1.95379 
-1.4883 -1.54678 -1.40958 -1.46318 -1.26131 -1.08885 -1.71673 -1.04335 -0.988481 -1.34107 -0.930429 -1.16279 -1.31029 -1.06485 -1.03883 -0.782035 -0.667299 -0.854283 21.5598 76.3668 109.16 137.827 162.484 184.31 207.613 226.979 237.181 241.422 248.691 255.04 229.614 200.829 193.788 190.072 186.886 184.388 180.895 179.196 179.865 181.219 182.375 186.049 189.845 196.827 206.46 221.704 259.74 275.408 275.893 270.89 266.618 261.078 237.842 211.704 192.755 172.65 148.168 123.583 96.1824 59.8143 -1.61015 -1.68914 -1.90746 -1.87835 
-1.72392 -1.44994 -1.30756 -1.19952 -1.42286 -1.23161 -1.28339 -1.41024 -1.09668 -0.907757 -1.39815 -0.868906 -1.66673 -0.958987 -0.890802 -1.08832 -0.675085 0.959324 60.0937 96.7328 123.518 148.854 171.961 193.297 221.071 235.65 244.525 246.483 253.301 238.285 223.891 199.92 202.434 193.427 189.286 186.179 183.284 181.719 181.954 182.157 183.939 187.291 191.537 198.1 208.967 221.072 258.775 274.377 274.898 274.572 270.125 266.845 249.673 220.567 196.29 174.401 151.479 128.092 101.606 61.4958 -2.16083 -1.855 -2.00137 -1.78988 
-1.42629 -1.71776 -1.16848 -1.81843 -1.31757 -0.854723 -1.31414 -1.27954 -1.16159 -0.748152 -0.953608 -1.23629 -1.22817 -1.18887 -0.848411 -1.24189 -0.641934 4.65372 64.9936 100.552 125.662 150.426 173.264 192.431 232.986 243.001 245.613 247.028 232.202 227.161 220.613 192.542 188.615 190.88 185.378 180.405 176.657 174.849 172.857 173.703 172.314 173.164 176.922 181.462 192.077 206.268 237.783 250.382 241.835 241.377 236.189 223.359 206.939 185.779 161.693 137.386 108.253 67.3626 10.8113 0.161776 -2.33595 -1.59227 -2.17144 -1.79811 
-1.2979 -1.52537 -1.35832 -1.32298 -1.13508 -1.30262 -1.32168 -1.02382 -1.1383 -1.48946 -1.04655 -1.35331 -0.47574 -0.987729 -1.07461 -1.02489 -0.500228 -1.25325 41.6033 68.8462 96.5374 124.965 147.111 161.041 192.904 205.644 211.061 199.811 180.034 182.213 181.138 154.616 142.248 139.42 143.173 145.558 142.798 140.501 141.47 140.39 139.175 139.533 142.453 146.424 151.01 159.384 190.202 210.42 208.382 199.073 188.699 178.083 165.333 146.707 125.647 98.4177 64.4482 9.8674 0.152933 -0.872148 -1.30157 -1.8257 -1.76166 -1.92391 
-1.31514 -1.53272 -1.68163 -1.16648 -1.5449 -1.27756 -1.29353 -1.27887 -1.05264 -1.10505 -1.45369 -1.02188 -0.943719 -0.906018 -1.49183 -1.41724 -0.881752 -0.273858 -0.852862 -0.344681 2.30091 53.7396 91.0166 115.751 146.291 161.282 174.048 141.089 134.458 137.472 151.184 123.628 113.413 109.564 108.636 108.126 113.153 120.036 122.48 122.257 123.204 125.594 130.468 136.016 144.064 155.715 183.084 204.27 200.905 187.635 179.002 168.531 153.032 133.077 108.994 80.8553 25.6437 2.62945 -0.31171 -0.799088 -1.63075 -1.6748 -1.92682 -1.81842 
-1.07649 -1.11087 -1.49224 -1.40215 -1.43856 -1.65402 -1.24373 -1.09256 -1.35602 -0.98454 -1.02184 -1.12544 -1.57041 -0.239755 -1.27895 -0.856313 -0.602411 -0.559265 0.467442 1.0115 2.30081 31.3482 79.8905 108.687 134.955 152.322 160.28 124.222 119.691 117.773 151.05 122.142 111.598 106.474 103.677 102.113 102.249 103.542 109.937 118.78 120.62 123.164 128.057 133.026 141.596 153.706 177.935 204.157 198.456 186.594 177.554 166.53 151.784 130.811 106.896 79.9392 26.3437 1.76682 -0.250182 -0.935155 -1.35013 -1.41318 -2.00621 -2.14852 
-1.36582 -1.285 -1.54966 -1.05003 -0.814505 -1.37398 -1.18412 -0.760785 -1.29391 -1.45482 -0.831301 -1.12792 -1.3297 -0.995743 -0.698743 -1.014 -1.12483 -0.687996 -0.377054 0.509972 1.74467 25.7075 74.7828 104.788 133.101 150.214 152.049 114.568 106.743 100.813 147.923 122.957 109.899 104.829 102.368 100.395 98.9812 98.7727 100.946 103.852 114.957 123.103 125.95 131.433 139.798 150.748 170.49 206.922 195.711 188.608 177.495 166.576 149.103 130.637 106.915 76.6207 26.6699 0.395899 -0.803398 -1.16884 -1.19045 -1.89734 -1.79192 -2.10292 
-0.937515 -1.41831 -0.982016 -1.29943 -0.934912 -1.22852 -0.961071 -1.00076 -0.91587 -1.38005 -1.01455 -1.40713 -1.15359 -1.11654 -1.174 -0.76748 -0.687239 -0.660039 0.0361738 0.51875 1.0229 21.0901 72.3463 103.195 130.754 147.021 147.516 109.576 99.8862 94.9013 131.244 122.961 107.684 102.691 104.169 98.2482 97.2183 97.4027 97.8805 98.9649 101.163 113.821 125.166 129.642 137.439 148.85 166.088 206.686 196.785 184.943 177.223 164.927 149.56 131.175 106.339 76.6886 25.4842 0.0171074 -1.12949 -1.8183 -2.35648 -2.38258 -2.61121 -2.0267 
-1.27016 -1.23598 -1.31907 -1.38625 -1.24227 -2.19227 -1.1184 -0.716679 -1.24944 -1.47764 -1.31911 -0.952499 -1.53447 -1.47895 -0.974169 -1.00312 -1.3402 -0.993656 -1.14837 -0.290702 1.0855 15.851 68.4894 99.8006 124.236 150.804 146.31 107.193 97.157 91.0813 123.511 119.546 107.57 102.92 99.5302 97.2917 95.836 95.1853 96.8105 96.9692 98.672 103.54 120.539 128.741 136.312 147.524 164.213 202.495 194.942 186.67 177.457 164.585 149.706 130.179 105.071 74.9818 25.7404 0.092125 -1.61341 -2.38451 -2.18677 -1.68702 -2.06185 -2.065 
-1.28105 -1.24707 -1.71068 -1.50739 -1.72154 -1.6429 -1.48327 -1.15141 -1.16677 -1.07752 -0.990717 -1.0263 -1.0849 -1.08795 -0.873051 -1.02614 -0.957483 -1.27085 -1.10473 -0.396 0.886792 11.4986 66.5362 97.8077 121.142 149.928 149.482 106.959 97.7081 91.1329 119.757 113.969 109.72 102.312 99.786 97.0268 95.6568 95.3364 95.1401 96.1709 96.6563 100.248 109.592 128.745 135.039 144.926 161.43 200.265 195.784 185.796 177.182 165.477 149.432 130.665 104.863 76.568 26.914 -0.253932 -1.36511 -2.26097 -1.46073 -2.30775 -2.1032 -2.28673 
-1.49411 -1.18427 -1.32483 -0.922021 -1.43984 -1.17429 -1.58045 -1.13141 -1.30471 -1.25037 -0.924022 -1.17026 -1.21079 -0.858003 -0.71351 -1.41544 -1.62497 -0.858046 -0.663615 -0.35511 0.352495 7.26704 64.5744 96.1462 121.157 148.151 152.776 110.873 98.6434 91.5951 120.104 113.175 112.673 103.896 100.345 97.8284 95.9437 95.0363 95.1911 95.2955 96.0333 100.016 106.109 124.203 135 144.491 159.972 196.688 195.602 187.765 177.155 164.801 151.112 131.821 105.846 76.7348 29.6784 -0.776392 -1.59039 -1.7621 -2.33638 -2.32644 -1.83939 -2.27495 
-1.09472 -0.962635 -1.07425 -1.4165 -1.1496 -1.46529 -1.30875 -1.1486 -0.826486 -1.06381 -1.04321 -1.41668 -1.53514 -0.87434 -0.949196 -1.21738 -1.05073 -0.514068 -1.23482 -0.612267 0.280208 1.38279 58.8597 92.4496 116.779 144.485 160.331 114.465 101.409 93.7673 114.862 116.444 117.447 102.279 99.2145 98.359 97.5346 95.886 95.2924 95.7709 95.8416 99.4549 104.375 117.872 132.477 141.853 157.496 191.625 194.345 190.107 179.898 167.998 154.55 134.706 109.95 80.4212 31.4525 1.82564 -1.2256 -2.32935 -1.81446 -2.36986 -2.08768 -1.94991 
-1.28657 -0.965576 -0.921517 -1.76838 -1.26041 -1.45939 -1.38962 -1.40199 -1.19389 -1.29204 -1.30158 -1.06687 -1.52217 -1.23969 -0.661957 -1.08729 -0.895465 -1.20796 -1.03198 -0.768403 0.350547 -2.73717 53.653 89.7484 115.085 141.625 156.75 129.609 104.11 98.3458 111.037 123.894 121.372 104.717 101.948 98.5525 97.3804 96.7518 95.5998 96.6937 96.3456 98.8942 104.614 112.266 132.635 139.74 154.291 191.428 193.32 194.011 181.214 168.161 154.773 135.441 110.377 81.6547 35.2679 3.2421 -1.89685 -2.37011 -2.24879 -2.13855 -1.90656 -2.49832 
-1.70989 -1.60635 -1.26486 -1.80885 -1.7367 -1.51045 -1.09119 -1.01634 -1.18874 -1.25868 -1.08678 -1.23139 -1.10398 -0.977304 -1.13991 -1.01932 -0.719792 -1.08282 -1.06467 -0.244609 0.0199648 -2.39398 50.6858 87.8572 113.783 141.027 153.117 139.995 107.469 101.447 112.472 128.317 124.851 107.236 103.102 100.896 98.537 97.3706 96.9986 97.0735 97.8398 100.142 105.138 112.763 129.872 138.2 152.444 187.881 192.749 193.249 181.525 168.352 153.745 135.842 111.037 81.7331 37.7497 3.37305 0.110278 -1.93201 -2.00555 -1.77354 -2.3392 -1.92313 
-1.20877 -1.04244 -0.781598 -1.31119 -1.50263 -2.31578 -1.38345 -1.24145 -1.5144 -1.03675 -1.05737 -1.0502 -1.1243 -1.05315 -1.02305 -1.1568 -1.02894 -1.34072 -1.14721 -0.692415 0.351127 -1.39157 45.3222 86.1572 112.907 140.084 156.34 150.652 113.992 105.148 114.26 133.633 130.625 108.185 104.68 102.44 99.6267 99.0125 97.9938 97.8936 98.7669 100.969 106.222 113.318 129.357 138.531 149.831 182.687 192.754 192.079 179.938 167.681 153.898 135.296 111.434 81.7105 37.8408 3.46504 2.26784 -2.12648 -2.08023 -2.18123 -2.21326 -2.10983 
-1.71339 -1.52467 -1.60001 -0.959749 -1.44283 -1.62274 -1.42707 -1.44321 -1.52981 -1.0743 -1.22699 -1.55586 -1.24792 -0.740805 -1.26034 -1.22719 -1.60279 -1.49041 -1.08639 -0.907826 0.0263791 -0.125276 42.0046 84.8436 112.77 140.695 152.924 158.882 120.872 109.746 116.53 140.485 124.447 110.133 105.91 103.257 101.137 99.7945 99.5262 99.1667 100.372 103.112 107.779 117.095 129.201 136.729 149.379 180.395 192.759 191.694 180.814 168.078 154.6 135.528 111.813 82.868 39.8418 2.82782 2.29438 -1.43434 -2.4012 -1.92516 -2.13903 -1.93586 
-1.47551 -1.35701 -1.56048 -1.15835 -1.38566 -1.18615 -1.84492 -0.706539 -1.38147 -1.0023 -1.05146 -1.8173 -1.05139 -1.13906 -1.54316 -1.00707 -1.22739 -1.00758 -1.1504 -1.21271 0.0633764 0.120748 38.4382 83.385 110.773 137.91 151.294 167.995 128.195 117.097 120.987 155.162 122.343 113.38 108.861 105.507 102.189 101.974 101.581 101.61 102.655 106.022 110.119 121.481 128.581 137.261 149.103 177.423 193.762 191.759 180.71 167.971 154.299 137.167 111.81 82.6539 40.8067 1.78246 1.68285 1.10186 -1.86913 -2.28537 -1.99705 -2.53547 
-1.66385 -1.23782 -1.08128 -1.44607 -1.54273 -1.49768 -1.19156 -1.46037 -1.77271 -1.55963 -1.10226 -1.41771 -1.68285 -1.29856 -1.16751 -1.14073 -1.2439 -1.70881 -1.69232 -1.34186 0.0649177 0.111307 35.4735 81.649 110.026 133.446 156.699 165.573 151.797 124.711 135.401 161.491 123.645 115.949 110.959 106.997 104.922 104.335 103.042 103.826 104.615 108.483 117.311 122.335 128.226 134.672 147.874 174.483 195.383 191.227 179.62 168.369 155.102 136.211 112.331 83.5705 42.7921 1.43374 1.44101 0.936652 -0.904063 -1.98537 -1.58794 -1.67462 
-1.91468 -1.36104 -1.40183 -1.37822 -1.20169 -1.29791 -1.11929 -1.41449 -1.8813 -1.59506 -1.28959 -1.45365 -0.981094 -1.32386 -1.0883 -0.989019 -1.10961 -1.08198 -1.16718 -1.09904 -0.36503 0.168791 32.4702 81.3067 109.5 130.747 157.483 163.701 172.471 139.179 157.924 169.87 129.577 119.82 114.183 111.081 108.954 107.295 107.449 107.786 111.174 115.777 118.707 121.633 127.664 134.64 146.069 167.853 197.391 190.478 181.562 168.899 155.734 136.153 112.568 83.8116 43.9974 1.15569 1.98733 0.94404 0.976352 -2.35439 -1.68529 -2.06589 
-1.90945 -1.47598 -2.47033 -0.996142 -1.19915 -1.25607 -1.74701 -1.18357 -1.6197 -1.23993 -1.48635 -1.1106 -0.784927 -0.907584 -1.41871 -1.20781 -1.31855 -1.08958 -1.56383 -1.42254 -0.659056 0.489415 30.5255 80.1095 108.391 129.38 158.62 164.674 175.413 184.074 169.737 179.547 137.29 128.498 120.651 117.301 115.492 114.216 113.83 114.648 116.204 116.186 118.889 122.185 126.306 133.901 144.543 161.342 200.227 190.685 180.614 167.878 155.658 136.097 112.83 84.6464 46.7725 -0.0513661 1.92788 0.912986 0.889208 -0.262508 -1.83531 -1.90222 
-0.537059 -0.961287 -0.967154 -0.983135 -0.795178 -1.22885 -0.851135 -1.09956 -1.09165 -0.974721 -0.958543 -0.696031 -0.448522 -0.890868 -0.685724 -0.0820878 -0.567137 -0.409429 -0.461489 -0.251668 0.126237 0.966843 28.1423 80.0714 108.907 129.989 156.647 164.691 176.874 200.27 195.043 202.615 151.189 139.349 131.559 124.695 121.958 118.907 116.429 115.213 115.613 115.988 117.806 121.1 125.276 132.327 142.698 159.725 197.769 189.709 181.91 167.647 155.051 135.706 114.278 86.3788 50.7915 -0.25878 2.21987 1.30331 1.48689 1.63598 -0.884385 -0.594139 
-0.657196 -1.15897 -1.03 -1.17466 -1.0396 -1.15772 -0.809599 -0.445574 -0.888212 -0.75785 -0.584465 -1.0274 -0.899567 -0.815178 -1.22289 -0.981933 -0.353958 -0.689588 -0.784929 -0.722601 -0.030602 0.784395 27.2296 78.5139 106.825 129.478 155.529 166.149 195.569 184.279 197.495 205.317 153.263 140.469 132.316 125.549 122.635 119.287 116.81 115.996 115.674 116.116 117.139 121.787 125.512 132.011 142.425 157.62 196.676 190.553 180.403 168.831 155.209 136.841 115.69 85.8906 52.1612 -0.0761739 1.78936 1.42734 1.5918 0.884905 -0.224046 -0.86498 
-1.27789 -0.971233 -0.82386 -0.617415 -1.52146 -0.649106 -0.843566 -1.07984 -0.969021 -0.303887 -0.89043 -1.14893 -0.687377 -0.541884 -0.634338 -0.585718 -0.769615 -0.70882 -0.762469 -1.01053 0.297212 0.818939 25.3571 77.5206 106.745 130.182 154.254 165.072 184.315 188.877 197.294 201.786 154.474 141.496 132.667 127.199 122.82 120.159 117.717 116.519 116.14 116.397 118.134 121.831 124.596 131.244 140.92 156.62 193.173 189.628 180.294 169.668 155.18 137.502 115.356 88.2087 53.7195 0.513362 2.00435 1.28472 0.870342 1.12106 0.30065 -0.809133 
-0.743337 -0.493404 -0.635816 -0.7159 -1.90092 -0.697524 -1.26048 -1.07427 -0.69265 -1.58768 -1.184 -0.583427 -0.851309 -0.960034 -0.788807 -0.761808 -1.09887 -0.382393 -0.693576 -0.301177 0.405925 1.2495 23.1724 76.7355 106.279 129.405 153.772 164.162 181.634 192.287 197.967 200.672 158.474 143.004 134.445 127.313 123.405 120.534 118.106 116.403 116.284 116.197 117.351 120.611 124.284 131.404 140.904 155.139 190.845 189.58 181.265 169.616 156.779 137.964 115.294 88.5228 54.152 1.77024 1.2585 1.06661 0.908797 0.861486 -0.0162035 -0.955126 
-1.15226 -0.702089 -1.1241 -1.16218 -1.1623 -1.09472 -0.936448 -1.26934 -0.734421 -1.19684 -0.858346 -1.0075 -0.305365 -0.459017 -0.726275 -0.521601 -0.927782 -0.0763794 -0.800419 -0.6685 0.34016 1.09962 21.8235 75.6298 105.544 129.104 151.637 164.85 180.427 193.685 194.568 201.095 158.102 143.785 134.686 129.09 124.052 119.595 117.795 116.41 116.275 117.062 118.468 119.991 123.575 130.715 140.924 153.729 188.951 190.778 181.461 171.112 156.835 138.472 116.263 89.5272 55.0796 3.09848 2.69139 1.24781 1.02616 0.929554 1.1311 -1.17152 
-1.03009 -0.556027 -1.46299 -0.843692 -1.03821 -0.861552 -1.48234 -0.377423 -0.905951 -0.920857 -0.808106 -1.15324 -1.40039 -0.342527 -0.83508 -0.90048 -0.866656 -0.54166 -1.05684 -0.949693 0.329492 0.768161 20.5874 75.3126 104.152 128.088 151.531 166.632 178.981 194.008 196.467 202.246 159.976 145.903 136.141 128.823 124.329 121.055 118.705 116.178 115.959 116.27 117.968 120.057 123.956 130.624 138.604 152.637 186.724 203.956 182.99 171.225 156.362 139.755 117.298 90.5137 56.6286 4.54993 1.81266 1.14539 1.00312 0.371434 0.663857 -0.613204 
-0.564236 -1.58548 -1.00266 -0.930002 -1.02144 -1.15586 -3.6329 -0.249756 -0.784582 -1.19506 -0.65505 -0.990115 -1.33064 -0.746854 -0.882208 -0.984966 -0.774406 -0.763296 -0.575455 -0.703605 -0.139353 0.96622 18.2824 74.8529 104.693 128.43 150.605 170.661 177.613 192.423 193.025 203.815 161.93 146.268 135.78 130.104 125.39 121.573 118.064 116.83 116.157 116.879 117.317 118.993 123.861 129.771 138.213 151.734 185.561 190.186 181.421 171.912 156.881 140.603 118.307 91.4822 59.0257 6.19776 2.05213 0.565125 0.514595 0.733049 1.094 -0.568083 
-1.41246 -0.628734 -0.623161 -0.929794 -0.306174 -1.03779 -1.43654 -1.12323 -0.999815 -1.35765 -0.818795 -1.23725 -0.483325 -0.901438 -0.864511 -1.12936 -1.18692 -0.970853 -0.629964 -0.787059 0.44587 1.06211 18.0249 73.8121 104.382 128.901 156.332 165.591 175.182 185.89 199.836 203.113 164.492 148.671 136.332 129.714 125.238 121.508 118.888 117.407 115.727 116.395 117.112 119.921 123.673 128.268 137.487 150.089 184.228 190.736 186.99 171.124 158.155 142.019 119.784 94.0896 60.3212 7.77995 3.01836 0.673692 1.27766 1.62041 1.55944 -1.05992 
-0.65192 -1.18156 -1.16461 -0.911131 -1.14284 -1.34938 -1.25417 -0.635767 -0.540187 -1.30543 -0.94956 -0.996411 -1.29994 -0.320419 -1.19185 -0.460242 -1.00347 -0.441007 -1.18349 -0.671745 -0.221436 0.330685 14.2292 70.873 102.925 127.854 157.924 164.543 175.892 185.043 199.87 200.655 170.267 149.961 139.198 131.528 126.239 121.847 119.002 117.888 117.048 117.189 116.96 119.525 123.834 128.828 136.487 148.697 179.004 191.089 185.854 173.788 160.957 144.608 122.379 97.1356 65.5292 12.4306 3.45667 2.52953 1.7974 1.57381 1.28317 -0.71291 
-0.886888 -0.877836 -1.52004 -0.948757 -0.66081 -0.325351 -1.19777 0.0166028 -0.92629 -1.12125 -0.508442 -1.03016 -1.13787 -0.525196 -0.94217 -0.919795 -0.666574 -0.650632 -0.273425 -0.448699 -0.289592 0.848306 9.75131 68.4204 100.131 129.758 153.094 162.397 175.136 184.573 198.622 201.624 175.538 152.035 139.92 132.562 126.078 121.963 119.674 117.221 117.067 117.287 116.967 119.02 122.656 127.324 135.018 146.784 175.154 192.973 184.716 175.28 162.67 146.648 125.635 100.504 70.0826 17.4023 3.78238 3.18112 2.47693 1.84112 0.69673 -0.297739 
-1.18076 -0.711815 -1.10851 -1.09478 -0.966136 -0.845809 -1.43427 -1.31162 -0.895799 -0.668176 -1.44998 -0.484599 -0.316059 -0.628116 -0.770375 -1.36517 -0.75139 -1.66328 -1.09122 -0.473569 -0.225843 1.17458 9.29081 68.3499 99.966 134.38 151.373 163.179 175.42 186.265 197.898 200.331 177.22 152.383 140.911 132.533 126.384 122.036 119.325 117.703 116.026 116.869 117.542 118.638 120.935 127.497 134.213 145.492 170.987 193.675 186.665 175.641 163.015 148.635 128.001 102.531 72.5882 20.268 4.96764 3.09496 3.2749 2.36191 -0.0348531 -0.382815 
-0.440446 -0.447664 -0.522663 -0.942427 -0.448448 -0.831014 -0.253092 -0.786023 -0.234823 -0.8947 -0.872147 -1.48986 -1.09663 -0.921074 -0.516324 -0.95659 -0.882625 -0.682856 -0.430904 -0.656492 0.29141 1.25944 8.31819 67.3123 105.814 140.249 156.043 165.013 177.807 187.181 195.076 201.4 179.278 153.659 141.803 134.008 128.167 123.495 120.438 118.091 117.912 116.919 117.387 118.672 122.714 126.813 134.612 144.079 162.713 199.774 186.477 178.101 164.845 150.353 130.957 104.983 73.7247 23.7423 5.9006 4.00868 4.00368 1.3376 0.268041 -0.24815 
-0.984527 -0.641033 -1.17289 -0.963766 -0.405177 -0.872356 -1.02681 -0.788547 -0.725079 -0.361505 -0.444609 -1.23129 -0.510271 -0.643526 -0.666611 -0.332929 -0.816456 -0.948812 -1.09519 -0.532235 0.160966 1.69244 7.07153 66.9167 119.948 140.619 152.245 164.591 177.662 187.861 197.836 204.534 182.602 157.149 144.027 136.326 128.991 126.652 122.42 121.032 120.963 120.406 121.277 122.131 125.293 129.704 137.165 146.985 161.794 202.817 195.1 184.227 170.497 157.195 140.801 117.928 89.0837 38.7336 6.44419 3.49954 0.454102 -0.038985 0.590376 -0.0217 
-1.36596 -0.877679 -1.12763 -0.888917 -0.715175 -0.689941 -1.34566 -0.88678 -1.10456 -0.695535 -0.785044 -1.17888 -0.653975 -0.103971 -0.850866 -0.901461 -0.742037 -0.973844 -1.16216 -0.270196 0.104879 2.70878 50.0099 92.8385 141.381 163.703 168.293 181.157 193.413 199.529 205.415 213.971 190.338 165.659 152.214 144.328 137.2 133.574 131.635 128.314 126.675 125.917 127.974 130.863 137.028 144.035 151.707 163.841 181.903 222.833 229.755 234.84 229.485 216.395 196.564 178.141 154.896 132.378 109.626 91.9333 78.1923 52.6069 7.98592 -0.630305 
-0.478393 -0.712243 -0.736507 -1.63223 -1.1714 -0.859319 -1.35645 -1.00187 -0.875364 -0.586261 -1.33577 -1.2758 -0.455827 -1.12252 -0.574491 -1.17304 -0.609586 -0.98695 -1.03354 -0.436193 0.238068 4.21701 58.9325 100.348 149.627 178.565 195.787 211.108 215.701 214.172 219.117 227.862 209.275 183.131 171.304 164.326 160.083 158.168 157.074 156.223 158.683 162.261 163.034 165.663 168.324 173.996 183.282 194.269 211.106 256.18 265.757 268.667 269.619 269.197 256.131 223.914 192.841 175.577 158.785 139.179 117.055 91.429 53.5597 -1.1077 
-0.119884 -0.682463 -0.433946 -1.17711 -0.48361 -0.680224 -1.46475 -1.06222 -1.01342 -1.13519 -0.637399 -0.345781 -0.887854 -0.640681 -0.551727 -0.892499 -1.10615 -1.05978 -0.487382 -0.785912 0.250764 24.9858 77.9738 109.512 156.906 190.098 206.971 225.093 229.414 229.145 233.641 243.73 233.513 201.998 188.439 181.398 174.973 170.825 169.452 167.469 168.499 168.468 169.002 172.273 177.214 183.903 192.218 201.305 220.591 262.406 271.139 271.296 271.653 273.075 245.95 211.652 198.604 184.433 164.915 145.403 124.458 100.136 67.6504 5.612 
-0.358216 -0.858506 -0.723767 -0.608179 -0.511223 -1.17071 -1.68828 -0.757648 -1.12339 -0.663293 -0.91726 -0.320801 -0.752621 -0.72374 -0.806008 -0.703363 -0.849688 -0.681947 -0.785397 -0.376203 -1.26406 34.468 82.3857 112.95 139.855 185.559 206.71 226.38 232.842 233.951 238.083 248.076 240.004 205.8 194.135 184.344 179.401 176.265 173.545 171.793 170.738 171.843 172.005 174.758 180.212 186.244 194.391 206.906 222.678 268.801 271.548 269.722 264.356 253.304 235.105 215.856 201.621 185.408 167.163 146.464 123.043 96.5424 59.6551 -0.824929 
-0.295097 -1.02942 -1.11435 -0.644527 -1.30532 -1.07857 -0.909943 -1.21987 -0.995497 -0.41085 -1.47629 -0.70091 -0.505042 -0.523335 -0.960043 -0.98068 -0.868693 -0.6506 -0.311335 -0.510612 -0.345593 15.9777 73.6941 105.056 135.215 166.257 198.334 217.66 230.315 235.839 236.707 246.026 242.111 205.24 191.684 182.298 177.524 174.438 171.255 170.092 168.985 169.898 171.346 174.332 176.551 183.24 189.872 201.649 219.017 263.255 263.255 262.712 255.318 245.574 228.694 215.157 198.525 180.89 160.507 138.03 112.293 80.6686 22.1144 -0.277571 
-0.929121 -1.53896 -1.18432 -1.90048 -0.555692 -1.1102 -0.947601 -0.413606 -0.35492 -1.55359 -1.10051 -0.860076 -0.703615 -0.892308 -1.12545 -0.846035 -0.670609 -0.823065 -0.857767 -0.408912 0.22077 -0.0757694 47.0216 88.7069 119.78 150.31 187.196 203.667 220.191 229.51 233.093 240.761 243.173 202.072 188.21 179.704 173.374 169.349 167.024 164.947 164.117 163.685 164.547 165.621 168.132 172.71 180.092 191.214 208.019 250.667 253.962 249.545 242.129 233.889 224.569 210.45 190.259 168.274 143.538 118.919 87.9645 38.0258 -0.71836 -0.848819 
-1.31085 -0.368277 -1.42498 -0.978083 -0.6375 -0.778739 -0.528403 -1.08653 -0.835754 -1.38571 -1.02348 -0.60489 -0.854602 -0.553282 -0.783109 -0.943973 -1.00115 -0.99308 -0.568035 -0.129721 -0.24743 1.12839 9.0059 67.1173 101.952 131.382 161.274 190.185 206.139 215.722 224.947 231.675 235.298 196.037 181.296 170.99 164.21 159.47 156.162 153.755 150.821 149.192 149.715 151.345 153.441 157.377 163.454 173.394 187.271 223.851 230.402 225.098 217.517 205.969 201.102 185.828 169.91 146.007 117.177 87.7886 37.7658 0.132945 0.522548 0.026252 
-0.877556 -0.834743 -1.00795 -1.36869 -0.60221 -1.23854 -0.731022 -1.3237 -0.709 -0.341853 -0.71795 -0.49838 -1.36201 -0.420822 -0.952992 -0.615941 -0.776261 -1.2268 -0.639412 -0.489955 -0.303333 0.653705 -0.0742119 45.5412 88.0878 117.985 143.154 162.964 185.467 197.58 214.761 222.163 226.253 183.784 168.359 159.956 152.907 148.083 142.788 140.673 137.766 136.521 136.981 137.991 140.015 144.223 149.725 158.201 171.866 209.882 211.939 203.858 194.756 175.452 180.901 162.366 145.214 122.773 97.9377 63.0469 6.59564 2.03043 0.668111 -0.251784 
-1.33426 -0.568366 -0.179479 -0.737457 -0.631611 -0.951321 -0.774348 -0.73675 -0.898531 -1.10354 -1.05039 -0.518778 -0.95789 -1.44508 -0.981081 -0.889101 -1.08352 -0.825853 -0.650695 -0.182455 0.114572 0.36444 0.753796 42.7735 87.7688 116.495 140.11 158.936 177.915 178.412 193.365 202.375 207.926 169.803 152.727 144.011 135.526 133.272 131.081 129.507 128.122 129.787 129.638 131.965 134.482 140.213 145.659 154.398 169.099 203.659 210.283 204.265 195.92 174.017 182.513 162.303 145.998 122.942 97.806 62.1514 5.16399 1.49176 0.523941 -0.210122 
-0.406547 -1.0644 -0.735195 -0.897785 -1.04205 -0.965496 -0.807481 -0.769445 -0.560216 0.141973 -1.14791 -1.07533 -1.31791 -0.89499 -1.04529 -0.753196 -0.79692 -0.966117 -0.897627 -1.153 -0.253192 0.909233 0.630878 38.5325 85.3377 114.068 138.906 158.401 176.715 178.026 193.511 202.712 206.841 171.133 153.169 144.68 136.977 134.379 130.962 128.751 128.28 128.227 128.852 131.473 134.095 138.963 146.156 154.02 167.39 202.796 208.78 202.037 193.175 171.639 178.882 160.978 144.385 123.645 98.7314 64.1938 7.21156 0.961524 -0.164506 -0.334834 
-0.433659 -0.890565 -1.16071 -1.49023 -0.695404 -0.860288 -0.813306 -0.657019 -0.67675 -0.599664 -0.785205 -1.25419 -1.09232 -0.650663 -0.495143 -0.630738 -0.243361 -0.682097 -0.375631 -0.825168 0.163363 -0.307859 0.59591 37.8394 84.3527 112.668 138.146 156.286 177.836 177.97 193.46 202.34 207.919 169.49 153.501 143.825 137.386 132.502 131.188 128.279 128.262 128.227 129.499 129.347 133.244 139.144 142.647 152.174 165.72 200.923 208.586 202.004 192.535 173.749 178.067 161.593 144.866 123.704 96.683 63.2522 7.1485 0.321352 -0.412534 -0.800448 
-0.661697 -0.78818 -1.01782 -1.1297 -0.813944 -1.09212 -1.00922 -0.80521 -0.879079 -0.794151 -0.386039 -0.840328 -0.549686 -0.688882 -0.301561 -1.37099 -0.694358 -0.648378 -0.687522 -1.2083 -0.867102 -0.426729 0.25071 36.643 83.8297 112.843 136.798 155.869 177.272 174.612 191.821 202.398 208.175 168.648 152.378 142.222 136.891 132.706 129.33 128.532 127.17 127.132 127.088 131.268 131.959 137.325 143.298 151.622 163.623 198.468 208.828 200.776 191.734 177.299 176.817 162.472 145.745 124.383 97.267 64.7529 7.36615 0.484555 -1.07764 -0.754618 
-0.962403 -1.11324 -0.863187 -0.243931 -0.61009 -0.877549 -0.769382 -0.954811 -0.794635 -1.28081 -2.26798 -0.745994 -0.611835 -0.63028 -0.910875 -0.731556 -0.503573 -1.18894 -1.10309 -1.3077 -0.467082 0.493349 0.728895 32.9195 80.6053 110.565 136.723 154.946 176.222 173.527 190.951 200.914 208.054 169.039 153.601 141.273 136.929 132.083 129.416 127.587 126.88 125.752 126.602 129.528 131.622 136.631 142.397 150.352 163.942 193.175 209.232 202.232 192.832 177.372 171.69 162.131 145.768 124.123 99.2222 67.549 12.0684 -0.091514 -0.899655 -0.798707 
-0.982957 -1.26498 -1.13685 -0.797174 -1.15065 -0.622725 -0.283606 -1.07744 -0.5326 -0.977433 -1.03651 -0.42862 -0.979376 -0.478717 -0.0512477 -0.85159 -0.837311 -0.335481 -0.385202 -0.544903 -0.332613 -0.0830707 1.03184 25.9366 77.8864 108.581 134.087 153.283 169.965 176.325 189.955 198.897 209.744 170.798 153.537 142.909 135.514 132.669 129.339 128.28 126.401 127.205 127.448 127.68 130.796 135.109 141.73 149.917 160.09 187.964 209.85 201.432 193.791 181.398 171.908 164.986 147.503 128.142 101.972 71.6838 16.3096 0.483668 -0.447992 -0.682124 
-0.494413 -1.33563 -1.12777 -1.43914 -0.784203 -0.385977 -0.895184 -0.876659 0.0101913 -0.761396 -0.997021 -0.839082 -0.975759 -0.756398 -0.790766 -0.783916 -1.06455 -0.278369 -0.902365 -1.16589 -0.326521 -0.080563 0.825745 26.6461 76.8368 107.923 132.151 151.972 168.763 175.513 188.355 197.07 209.554 170.185 153.627 142.391 134.927 131.68 128.732 126.233 125.276 126.502 126.685 128.156 130.692 134.814 140.443 147.79 160.254 183.253 211.269 203.128 194.716 182.643 172.305 165.673 147.77 127.114 102.842 72.056 17.9473 0.604003 -0.723308 -1.10387 
-0.453437 -0.945083 -0.586433 -1.16148 -1.4355 -1.18403 -0.345079 -0.775136 -0.994753 -0.216718 -1.08275 -0.769868 -0.699873 -0.147631 -0.712795 -0.773406 -0.848771 -1.02946 -0.735639 -0.644641 -0.9217 0.304216 0.99191 23.3017 76.2497 106.923 132.022 154.116 168.805 173.92 186.705 197.356 209.285 169.345 154.491 142.057 135.279 131.884 128.476 126.679 125.594 126.347 125.944 128.066 130.311 135.039 140.445 147.639 158.247 178.755 216.069 203.208 193.678 182.834 171.162 165.487 149.139 128.189 103.693 71.8599 18.3729 0.383311 -0.645645 -0.592496 
-0.824367 -0.666889 -1.0053 -1.50923 -0.792874 -0.0630692 -0.608602 -0.734368 -1.1563 -2.03637 -0.852034 -1.15005 -0.880905 -0.40356 -1.10354 -0.827528 -0.89571 -0.460327 -0.789861 -0.729575 -0.181118 0.454493 0.330131 21.2935 74.8506 105.764 132.271 152.617 167.94 174.46 187.626 197.631 209.59 183.875 153.814 142.525 134.787 129.938 127.881 126.905 125.456 125.512 125.351 127.928 129.192 133.423 140.607 146.714 158.584 175.125 217.769 203.598 195.301 182.762 171.458 167.655 149.919 130.841 104.688 73.9579 19.3501 1.18405 -0.204111 -0.902459 
-0.352563 -0.980078 -1.67839 -1.40127 -0.485011 -1.40102 -0.613008 -0.75973 -1.49374 -0.522251 -0.130832 -0.574996 -0.982184 -0.488038 -1.09355 -0.45264 -1.08549 -1.33435 -0.278314 -0.412196 -0.347281 0.351011 1.05998 21.8982 75.1371 105.966 131.011 151.726 167.936 172.987 185.874 198.449 211.294 170.074 152.753 143.447 136.215 131.466 128.221 126.037 127.044 125.402 126.407 126.986 131.518 134.279 139.203 147.88 158.708 174.153 216.494 204.22 195.568 183.096 174.973 166.949 150.665 130.793 106.054 75.3083 23.0648 1.8418 0.531542 0.308387 
-0.838743 -0.196191 -0.352499 -0.671445 -0.644672 -0.587959 -0.785805 -0.602716 -0.798226 -0.802996 -0.892743 -1.3102 -0.904131 -0.854256 -0.92746 -0.816469 -1.0039 -0.76205 -0.218225 0.0562429 0.098218 0.89675 1.43919 19.3892 74.2755 106.124 131.347 152.003 169.387 172.768 186.515 196.592 212.173 170.562 152.824 142.561 135.652 131.625 128.049 126.981 126.145 125.275 126.605 127.417 129.809 134.011 139.641 146.277 158.243 173.915 215.538 205.508 195.707 182.177 174.297 168.408 152.532 131.911 108.792 79.6004 25.1329 2.73904 1.78681 0.985912 
