-0.336087 -0.328892 -0.786797 -0.631808 -0.487554 -0.504418 -0.746428 -0.572754 -0.281072 0.619108 0.857231 25.2427 75.1354 104.655 130.874 150.288 166.116 172.491 180.086 192.638 201.837 207.145 170.085 154.533 145.26 137.271 132.234 129.146 127.437 125.762 126.266 125.87 129.5 132.375 136.651 142.543 150.652 165.749 198.973 203.019 194.917 184.953 169.678 172.612 153.071 133.954 110.735 81.8804 33.4779 1.25737 0.176186 -0.589611 -0.371603 -0.237241 -0.148769 -0.578383 -0.376302 -0.288683 -0.818195 -0.608483 -0.40752 -0.623836 -0.32925 -0.539305 
-0.776833 -0.710529 -0.902979 -0.372173 -0.759467 -1.12856 -0.717928 -0.597942 -0.492108 0.487224 0.566052 25.4522 76.2705 106.312 131.116 149.674 167.399 174.943 182.307 194.073 202.41 207.506 171.323 155.222 143.974 137.35 132.465 130.597 126.865 125.952 124.493 124.826 129.545 132.779 135.996 141.196 151.33 164.588 199.365 203.426 195.573 183.973 168.165 174.14 152.909 133.324 109.724 81.0382 32.4413 1.26477 0.541941 -0.345991 -0.41257 -0.431796 -0.310723 -0.322689 -0.376464 -0.46724 -0.149276 -0.363885 0.0119759 -0.207617 -0.205163 -0.558481 
-0.479454 -0.781176 -0.649214 -0.595894 -0.507707 -0.590506 -0.62732 -0.368259 -0.61971 0.838988 0.96308 25.7292 76.7681 106.817 131.688 150.794 166.773 173.11 181.15 192.865 202.772 206.547 171.029 154.593 143.997 136.884 132.898 131.043 127.655 125.408 126.366 125.91 129.634 131.473 136.864 141.423 151.723 166.212 200.45 203.999 195.301 185.653 169.323 171.225 153.28 133.679 109.816 80.8364 32.2183 1.34914 0.301729 -0.272134 -0.422477 -0.359122 -0.642667 -0.163652 -0.100462 -0.0963459 -0.0728727 -0.00112747 -0.35231 -0.307297 -0.537481 -0.0762962 
-0.945735 -1.52886 -0.674239 -0.469405 -0.465214 -0.145826 -0.485187 -1.0043 -0.307357 0.442318 1.63093 25.9964 76.6485 106.497 131.953 151.232 167.465 174.424 182.011 194.223 200.876 209.004 170.442 155.536 144.087 138.32 133.588 129.975 127.614 126.641 125.274 126.768 130.674 133.768 137.364 141.238 157.798 170.813 201.563 203.214 196.578 186.459 170.757 170.834 152.465 133.381 110.361 81.4473 31.0074 1.46839 0.556697 -0.0614751 -0.326369 0.0730713 -0.362996 -0.34733 -0.271254 -0.301791 -0.422024 -0.279369 -0.543755 -0.478538 -0.545425 -0.602448 
-0.744936 -0.499645 -0.551432 -0.213547 -0.999846 -0.183582 -0.750839 0.0885542 0.321449 0.991599 1.64773 26.1417 77.957 107.504 131.109 150.927 167.551 172.579 182.581 195.295 202.79 208.292 172.792 155.808 146.201 138.294 133.585 129.662 128.852 127.029 127.331 127.72 130.492 133.71 137.824 143.981 155.909 168.264 201.284 204.254 196.748 186.479 171.962 170.796 153.581 133.382 109.612 80.4087 31.6453 2.42494 0.822032 0.163601 -0.107993 -0.296122 -0.650747 0.197456 -0.0927558 -0.0814979 0.0654848 -0.126896 -0.24893 -0.375989 0.101449 -0.301094 
-0.678834 -1.01368 -0.355082 -0.936231 -0.409477 -0.114493 -0.305813 0.291061 0.857596 1.15033 2.81626 27.2842 79.2721 108.449 133.064 152.928 168.422 173.477 181.529 195.223 202.718 208.09 172.064 156.013 146.48 138.861 134.378 130.301 128.854 127.064 125.635 128.349 131.758 134.737 138.141 145.727 157.815 167.378 199.765 205.561 197.227 186.611 173.634 170.987 154.193 135.191 111.474 81.8714 31.2112 2.39749 1.70101 0.34442 0.46534 -0.115388 -0.165361 -0.489246 -0.138214 -0.197197 -0.318576 -0.282214 -0.598337 -0.142632 -0.197802 -0.78227 
-0.83489 -0.468849 -0.537016 -0.840083 -0.962543 -0.23141 -0.251478 0.523721 0.829065 1.80153 3.03775 22.5854 75.0968 106.173 131.192 150.544 167.734 175.642 183.247 195.734 203.101 212.376 173.28 158.858 147.157 141.4 135.649 132.032 130.083 129.855 127.753 128.928 131.341 135.61 138.611 145.638 152.797 167.573 201.005 207.22 198.983 190.611 176.219 173.646 156.321 138.215 115.048 85.7565 39.9863 2.58492 1.62832 0.909727 0.32312 -0.116833 -0.0123702 -0.40379 -0.352475 -0.236605 0.19049 0.139913 -0.576635 -0.353686 -0.53818 -0.0748743 
-0.772017 -0.546921 -0.609124 -0.5975 -0.6529 -0.0499576 -0.0141296 0.99215 1.00327 2.65295 3.19883 21.6136 77.2621 107.444 131.405 151.342 167.729 178.396 184.113 196.593 203.273 213.897 175.234 159.83 147.399 142.204 134.952 132.801 130.339 129.022 128.808 128.784 132.49 134.99 139.898 145.143 152.921 167.786 200.815 207.551 198.583 188.405 172.495 173.519 156.934 138.004 115.407 87.6982 41.7971 3.14929 2.49057 1.19953 0.382509 0.606643 0.515213 -0.276422 -0.389417 -0.0515412 -0.3177 -0.156259 -0.862578 -0.325376 -0.190966 0.324266 
-0.110786 -0.761238 -0.474202 -0.723212 -0.782776 -0.518168 0.307008 0.787294 1.24728 2.00337 2.24182 26.2118 80.8709 110.177 134.443 153.549 169.29 179.725 185.952 196.639 204.154 213.924 175.76 161.583 149.778 142.018 136.683 131.439 132.1 129.837 128.989 129.776 133.557 136.797 139.753 146.585 154.385 169.153 202.979 208.917 200.113 190.885 177.727 174.875 156.195 139.414 116.288 87.4136 40.5233 3.38249 3.07758 1.30972 1.44509 0.503922 -0.0362204 -0.359742 -0.463001 -0.200437 -0.550974 -0.748241 -0.389328 -0.623428 -0.620058 -0.239792 
-0.645937 -0.830371 -0.504639 -1.01631 -0.248345 -0.294444 0.249355 0.771555 1.32733 -0.0721768 39.9176 80.8169 105.132 126.811 143.516 158.875 176.535 186.029 194.02 204.925 214.563 223.753 185.006 168.327 156.696 148.912 143.782 140.255 136.953 136.505 133.799 134.129 137.033 140.57 143.677 149.635 158.152 172.172 205.489 210.192 203.239 196.102 183.123 177.883 163.79 148.207 127.554 102.819 70.4123 29.7284 1.28652 2.18887 1.44908 0.836802 0.0556262 -0.513158 -0.604905 -0.382837 -0.445758 -0.494003 -0.150661 -0.659727 -0.516608 -0.0358972 
-0.835692 -0.771062 -0.655882 -0.660581 -0.170581 -0.625691 0.113153 0.808067 9.22599 45.8179 93.4965 110.328 136.314 155.466 175.544 189.492 200.524 209.889 214.778 222.557 227.723 233.994 191.641 174.689 163.589 154.376 149.025 145.391 142.595 140.563 140.02 139.916 145.931 149.6 151.903 159.318 169.854 182.965 219.17 226.586 220.593 212.297 203.65 195.084 183.128 167.228 148.7 127.642 105.248 79.2415 43.5018 15.3394 0.798655 0.644964 0.0202479 0.307771 -0.42392 -0.337556 -0.180124 -0.403871 0.0862343 -0.0976608 -0.391864 -0.237402 
-0.399434 -0.639295 -0.435841 -0.706248 -0.872331 -0.487125 -0.0810773 0.841024 64.2645 87.303 101.497 122.564 142.382 162.626 181.255 196.7 207.947 219.972 226.838 234.378 241.379 248.366 204.879 187.29 174.802 166.075 162.02 158.842 156.268 155.421 156.077 154.898 157.91 160.266 162.753 168.38 178.738 193.656 229.046 236.698 230.627 223.954 216.976 207.59 195.726 183.421 170.561 156.46 141.455 125.151 100.844 76.0032 36.8985 -0.359832 0.277695 -0.265536 -0.464197 0.415246 -0.732118 -0.219835 -0.628153 -0.3753 -0.136506 -0.684378 
-1.25705 -0.863012 -0.346773 -0.544851 -0.496717 -0.084975 1.55181 28.0579 89.5622 106.466 117.723 135.947 153.205 171.68 186.616 201.104 212.002 223.969 232.71 239.447 244.032 249.109 207.029 190.497 174.014 161.474 156.615 158.095 159.88 158.387 157.251 158.292 161.274 164.06 170.233 178.388 187.081 201.921 237.43 248.17 245.153 239.068 231.753 223.037 211.877 198.289 181.066 168.884 152.932 138.184 116.06 87.5056 60.8347 12.3473 0.331756 -0.272822 -0.332364 -0.737815 -0.365129 -0.162624 -0.000636687 -0.0786341 -0.288842 -0.101171 
-0.616529 -0.756357 -0.25119 -0.402285 -0.285368 2.215 8.59037 36.9113 96.5453 112.909 122.826 139.723 160.52 179.16 196.563 209.26 221.615 231.456 235.481 241.557 245.057 252.635 210.02 186.207 163.315 153.235 150.668 150.069 159.063 158.969 158.419 159.163 164.658 167.142 172.869 180.087 189.689 205.31 243.373 254.099 249.832 242.419 235.002 225.969 214.564 199.887 181.359 166.34 157.28 141.365 125.347 90.8037 65.0632 16.1472 0.197093 -0.0978118 0.0438624 -0.185968 -0.932774 -0.83735 -0.436483 -0.177814 -0.446543 -0.438588 
-1.09657 -1.36086 -0.439249 0.837433 2.09776 3.27784 3.29173 9.63995 50.9998 74.6147 91.1155 116.544 135.141 150.004 165.349 177.903 190.431 200.83 209.82 217.832 225.486 233.728 183.933 157.478 145.249 138.291 135.438 134.796 135.627 144.579 149.247 149.291 153.067 157.241 161.75 169.012 178.641 193.709 230.105 238.606 234.014 224.633 216.03 203.012 190.162 177.499 161.282 143.163 136.836 131.298 120.737 94.952 64.1823 10.7648 0.483155 -0.0257739 0.21077 0.302958 -0.495292 -0.660715 -0.728935 0.0857034 -0.679725 -0.279907 
-0.499559 0.618754 0.9016 1.42306 0.456142 0.795126 1.39285 1.95043 1.1179 0.274395 1.78783 35.1606 90.0604 120.199 140.968 162.438 175.846 189.787 199.986 209.12 211.064 202.485 161.662 143.679 134.858 128.193 124.38 121.096 120.503 121.122 126.788 136.045 141.913 145.163 150.094 157.075 166.2 179.516 215.129 224.631 214.995 202.085 190.97 178.014 161.02 143.666 121.064 99.9347 67.5978 32.2866 27.2985 17.4596 8.23165 -0.962728 0.0593024 -0.308625 -0.0837043 -0.555338 -0.305583 -0.478017 -0.436574 -0.14605 0.120066 -0.132574 
0.24825 0.0711896 0.458116 0.509093 0.308357 0.222107 1.03299 1.32098 2.01131 2.39537 2.83895 1.00952 59.8099 92.7658 115.891 140.062 156.611 170.419 179.964 180.663 167.065 176.008 137.765 124.895 115.897 111.034 106.656 104.399 102.064 101.55 102.749 104.488 116.277 125.663 130.11 135.653 143.707 156.58 189.278 198.109 189.522 177.54 165.581 152.78 133.288 118.601 87.3379 45.7288 3.87238 5.20846 5.14051 5.75215 8.26138 9.47129 -0.281335 -0.0685809 0.234837 -0.0816383 -0.374917 -0.115311 -0.531555 0.0610839 0.0625219 0.136858 
0.0744254 0.102039 0.597398 -0.067487 0.189986 -0.174157 1.11738 1.52824 0.977871 2.19015 3.02931 -0.551462 59.6741 91.0879 114.582 136.026 154.06 167.293 174.304 152.422 150.816 165.287 129.841 118.122 110.187 104.523 101.016 100.075 99.2572 97.293 98.1519 99.8847 104.133 109.891 123.666 134.422 141.626 153.735 187.351 194.624 187.758 175.331 164.392 149.525 132.929 113.675 84.9937 34.8845 4.27215 3.11162 3.28936 3.5884 4.25719 4.51058 0.655432 -0.148899 -0.228652 -0.363454 0.0218342 -0.394253 -0.0328063 0.0565297 -0.173305 -0.143721 
0.113059 0.36164 -0.103609 0.471153 0.579324 0.559524 0.805095 1.21493 1.37888 1.74508 3.02356 0.106604 52.3908 88.7955 112.868 134.223 151.192 164.136 157.722 139.179 137.931 157.277 127.493 116.119 107.947 103.028 99.3063 97.2268 96.4749 95.5385 95.4062 96.2956 99.8857 103.705 109.568 124.36 141.344 153.175 187.079 193.635 185.588 175.523 162.268 147.664 131.787 109.422 81.3164 30.6915 3.02776 3.04797 2.37698 2.56195 3.39941 3.35498 1.05352 0.0806271 -0.118657 -0.275015 -0.450518 -0.302367 0.171186 -0.53438 -0.279018 -0.17046 
1.10107 0.821716 0.413448 0.79834 1.16503 0.985132 1.42857 0.991238 1.68742 1.53839 2.54405 1.45048 46.5519 86.4079 110.864 133.269 149.976 164.93 142.503 129.61 127.187 152.606 126.296 115.41 106.966 101.072 97.8807 95.9453 95.1103 93.9632 93.0363 94.6317 98.1154 100.741 105.451 111.875 132.222 154.442 187.517 192.888 184.244 173.057 160.46 145.39 130.131 107.188 80.0295 26.9342 2.97053 3.10783 2.46401 2.38475 2.64552 2.42355 1.82416 0.037492 -0.373215 -0.758819 -0.233327 -0.39985 -0.439065 -0.573832 -0.545944 -0.48113 
0.908646 1.11024 0.998043 1.19606 0.912198 0.139231 0.630437 0.894982 1.05614 0.901626 1.85763 2.02237 44.4681 83.789 109.237 132.295 148.677 166.969 131.717 122.503 120.418 146.734 127.5 114.003 106.513 100.495 97.5233 95.2975 93.9879 92.9686 92.1564 94.3029 96.1081 99.1093 102.905 108.7 120.122 150.046 186.193 191.75 183.012 173.31 160.133 145.85 128.032 105.177 76.0687 24.2948 2.9028 2.22146 1.95979 2.36751 3.85647 2.22926 1.37015 0.726153 -0.45861 -0.0210962 -0.381221 -0.460209 -0.0587199 -0.12595 -0.336628 -0.461805 
0.909081 1.14146 0.975647 0.708846 0.920893 0.230227 1.32484 1.19592 1.52233 0.826433 1.72775 2.22041 42.4631 84.1147 109.91 131.285 148.437 165.11 129.165 119.86 115.021 142.588 129.535 114.137 105.301 100.448 96.9125 95.2666 92.9472 92.2208 92.4072 92.0806 95.467 98.0313 102.023 107.845 117.41 144.586 186.26 190.236 181.875 171.936 160.43 144.77 127.284 106.297 73.7863 22.5696 2.64208 2.30245 1.62863 2.33921 3.82673 2.27435 1.40836 2.19432 0.242917 -0.408106 -0.0441201 -0.159374 -0.115244 -0.511503 -0.171411 -0.108314 
1.51971 1.45807 1.47998 2.23895 1.55149 1.57285 1.31873 1.21247 1.33207 1.52211 2.12213 2.74229 42.7984 83.1946 110.235 131.052 148.182 165.701 127.67 118.002 113.598 137.312 130.965 114.954 106.863 100.214 97.0169 95.7374 93.1229 92.7581 91.9696 92.6234 95.06 97.8883 101.196 106.717 117.041 143.239 185.937 190.28 182.715 172.697 158.414 143.555 127.392 105.578 71.7088 21.0772 2.70183 2.11084 2.05534 3.281 3.72628 1.96009 1.8641 1.99939 0.928326 -0.308851 -0.669345 0.184901 -0.369028 -0.4203 -0.233038 -0.541468 
1.94193 2.19404 2.03839 1.82893 2.05212 1.61891 2.20493 1.86697 1.97275 2.16717 2.45762 2.86571 35.999 81.7533 108.156 129.782 146.474 160.688 138.848 118.526 112.666 130.017 137.288 116.68 107.092 101.338 98.14 95.8005 94.3982 92.9777 93.0578 92.9505 95.695 96.8966 101.171 105.857 115.552 140.202 183.47 190.443 183.31 172.712 158.723 145.708 127.053 108.672 74.03 24.142 2.70769 2.10527 1.9063 3.59696 3.22237 1.95202 1.46848 1.18062 2.10134 1.25797 0.029328 -0.430413 -0.0320126 -0.664272 -0.00200734 0.232952 
2.14503 2.7828 2.10258 1.56467 1.92778 2.16087 1.83597 1.75437 2.2075 2.17474 2.67078 3.34698 32.7406 80.6078 106.794 128.54 145.929 158.592 148.466 121.777 113.105 124.083 141.938 117.72 108.843 102.317 99.3611 96.2876 94.0888 94.0789 93.8564 93.7034 95.3133 98.6599 101.734 105.758 115.083 140.639 181.502 190.906 182.513 172.361 159.687 145.133 126.047 109.242 73.6937 24.3523 2.9498 2.46858 1.70591 3.41612 2.49803 1.92744 1.61301 1.45378 1.82753 2.06286 0.370284 -0.544851 -0.529481 -0.295235 -0.175524 -0.803257 
1.43585 2.00904 1.5471 1.35918 1.55908 1.43711 1.36197 1.43729 2.00828 1.75362 2.75936 3.03294 32.1919 80.5789 106.808 128.095 145.767 158.984 154.141 124.883 115.883 124.092 144.517 119.025 109.868 103.874 98.8307 96.8493 95.189 94.1297 93.763 94.3706 97.7454 98.3561 102.478 107.915 117.17 143.811 180.935 190.01 183.87 172.154 159.264 144.89 131.356 102.456 73.1198 23.2012 2.71029 1.70407 1.48124 3.34412 2.60895 1.38368 1.66478 1.03915 0.696609 1.60615 1.49577 0.075547 -0.249513 0.287365 -0.250441 -0.0591989 
1.71689 2.13994 2.09386 1.79746 1.32109 1.18341 1.30861 1.44571 1.44975 1.8456 2.51457 3.38538 32.3716 80.2317 106.148 127.665 144.952 159.486 160.74 128.882 118.167 126.831 144.686 119.892 111.351 104.15 101.393 97.7966 95.7464 95.0616 94.3925 94.9997 97.6095 99.5797 103.653 109.797 119.554 148.899 180.463 189.563 182.809 172.289 158.416 144.495 132.511 101.094 72.487 21.5993 2.94421 1.63993 2.03015 3.42331 1.70029 1.7493 1.54076 1.89102 1.247 1.06735 1.57398 1.69315 -0.0595008 -0.393714 -0.555123 -0.161257 
1.55911 1.58928 1.82505 1.83171 1.42114 1.18512 1.83438 1.68948 1.33416 1.46461 2.2941 3.23214 32.6478 81.7936 105.76 127.213 145.49 159.297 168.913 134.764 121.841 132.842 145.892 121.567 113.159 105.937 102.18 98.6493 96.4886 95.9828 95.6775 95.3623 97.9601 101.24 104.801 111.099 126.115 148.123 180.843 189.271 182.473 172.138 159.197 143.44 130.399 101.683 71.1105 20.5704 3.07141 2.27651 2.63317 1.8362 1.43743 0.941098 1.47211 0.794656 1.02943 1.63527 1.73301 1.11983 0.375127 -0.390753 -0.27903 0.231232 
1.67463 1.73792 1.54805 1.81213 1.19713 1.65907 0.595757 1.78227 1.25076 1.49436 1.91437 3.06196 31.8753 79.9001 106.099 128.356 146.066 158.839 173.216 144.13 125.96 142.517 146.629 123.268 114.422 107.488 103.102 99.5922 98.7505 97.2488 96.3809 97.4713 99.8211 104.49 109.29 117.07 134.413 147.637 181.533 189.848 182.163 171.492 159.382 144.633 129.135 101.485 70.9361 19.3451 2.07521 1.53465 2.13274 1.90344 1.57117 1.52322 1.1699 1.37533 0.620479 1.54371 1.4505 2.02644 1.65807 -0.359038 -0.544334 -0.295604 
1.19404 1.96764 1.64174 1.37792 1.18218 0.981794 1.90355 1.05864 1.17972 1.34826 2.30207 2.81577 32.147 80.3329 106.688 126.953 145.228 159.671 169.126 163.522 135.382 150.531 151.429 125.412 116.647 109.189 105.325 101.879 100.463 99.4714 98.392 100.364 103.387 108.031 113.74 125.195 135.353 148.306 179.558 189.678 181.835 170.874 157.963 143.205 128.175 99.948 69.8039 18.2167 3.13442 1.40072 1.90296 1.87674 0.866822 1.22888 1.67099 1.0749 1.05286 1.47079 1.43861 1.76256 0.957014 0.901655 0.416448 -0.327093 
1.78559 1.77896 1.70607 1.32813 1.86375 0.979409 1.34704 0.612287 0.916369 1.31678 2.02994 2.86426 32.8852 80.5395 107.511 128.148 145.499 159.286 170.135 180.064 148.348 161.088 156.724 129.692 119.45 111.927 107.758 104.57 102.417 101.873 102.457 103.867 110.307 115.355 121.317 127.177 134.692 148.597 180.179 189.731 182.058 170.51 157.115 142.933 127.695 100.927 69.4338 18.076 2.68748 1.3241 1.86871 1.53522 0.906359 0.825975 1.01963 0.906691 1.59763 1.41557 1.02404 0.814508 1.59972 0.947107 -0.22866 -0.357108 
1.55621 1.52447 0.414416 1.91629 1.62294 1.22054 1.09002 1.08023 1.04542 1.32813 2.15909 2.7915 33.331 81.6702 106.295 127.584 144.497 161.27 171.143 180.542 180.466 176.815 163.86 137.278 125.722 117.645 113.957 110.382 109.517 109.725 111.012 111.881 118.203 118.676 121.599 126.228 135.508 147.45 179.862 190.093 180.705 169.168 157.627 143.402 126.475 99.7773 68.9404 16.8153 2.10872 2.11453 2.65699 1.27863 1.46599 0.860781 0.823415 0.98504 0.731429 1.09361 0.67857 0.610975 0.581558 0.834218 -0.485535 -0.369551 
4.63037 4.95279 3.99789 3.84149 4.01024 3.42128 4.06365 4.42669 3.46091 3.99764 3.95215 5.3396 37.4699 84.8847 110.874 133.008 150.144 164.894 175.1 185.216 193.677 199.998 184.56 156.575 143.778 135.219 127.733 122.71 120.751 119.156 117.475 117.868 114.438 115.777 119.884 124.719 132.331 144.868 178.44 186.168 178.459 169.127 155.677 140.08 122.862 98.045 66.7622 14.8658 1.9209 1.45624 1.71278 0.0657808 0.709708 0.412879 0.382132 1.6583 0.561773 0.315505 0.369262 -0.296225 0.379287 -0.0556368 -0.148213 -0.792513 
5.4412 4.49294 4.83471 4.30115 3.23879 3.66918 4.493 4.4112 4.0694 3.69648 4.91598 4.72671 39.0571 85.1859 111.333 133.488 152.145 167.432 177.307 186.827 195.116 201.268 187.836 156.615 143.044 135.518 128.643 125.213 120.674 121.291 118.621 118.989 113.833 116.029 120.242 124.904 133.291 146.327 177.321 186.408 178.512 167.494 154.787 139.645 122.588 97.7001 67.1525 14.0533 2.38841 1.2491 0.574937 0.153998 0.02815 0.0120503 2.23867 0.325443 0.242746 -0.127556 -0.360339 0.161423 0.396146 -0.173789 -0.106285 -1.1202 
4.7329 5.98226 4.30188 4.07119 4.12469 4.4996 4.41443 4.32706 4.33817 4.4792 4.79929 5.32135 39.7973 86.5204 110.954 134.366 151.596 167.244 177.204 188.096 196.508 203.279 188.714 157.42 144.849 134.431 128.924 125.577 121.795 120.479 118.914 118.636 114.408 117.022 119.45 125.417 134.008 145.422 176.744 186.195 177.775 168.052 155.947 140.243 123.897 97.5007 65.9798 14.1514 1.37704 1.01519 0.0977849 0.557802 0.0244555 0.445705 1.34308 0.402942 -0.155934 -0.00426606 0.347293 0.155287 0.169776 0.0523304 -0.356365 -0.572768 
5.0485 5.28785 5.1641 4.6473 4.01583 4.79606 3.82848 3.22241 4.03794 3.52209 4.65412 5.52441 39.6741 85.9204 111.879 133.673 152.077 165.784 178.393 187.552 197.978 202.483 187.433 159.579 145.246 134.485 129.495 124.397 122.183 120.743 118.44 118.613 115.07 116.632 120.031 125.075 133.191 146.094 177.063 186.11 178.9 168.053 154.505 140.101 122.398 96.9471 66.4529 12.4528 2.16342 1.30322 0.196382 -0.361181 0.19538 0.0953383 0.517492 0.403145 0.129879 0.0550654 -0.473575 -0.0378172 -0.399274 -0.00916181 -1.27453 -0.221653 
5.6938 4.93308 3.89778 3.25323 3.48381 4.1603 4.5239 4.10575 4.14022 4.01893 4.0969 5.24293 41.7485 86.2542 111.243 133.532 151.545 166.99 177.173 188.703 196.445 202.504 189.301 158.149 145.186 135.339 130.212 125.676 123.32 121.351 119.598 119.384 114.252 116.422 120.287 124.825 132.743 146.342 177.843 186.637 179.75 167.987 155.164 139.982 121.578 96.3887 66.111 12.9554 2.02028 0.519943 0.518512 0.289917 0.141218 0.437981 0.362086 1.45184 0.190185 -0.140646 0.486549 0.342199 -0.480757 -0.0018275 -0.256802 -0.703473 
5.23096 5.25921 4.19716 4.25472 4.37037 4.3995 -0.107749 5.05926 3.34905 4.33571 4.01634 5.35715 41.5003 87.0392 112.748 133.37 151.603 167.156 178.716 189.056 198.272 202.449 189.556 158.706 146.319 136.222 131.023 125.169 121.833 120.285 119.751 118.861 114.448 116.189 119.86 125.622 133.459 146.398 178.468 186.484 177.671 167.083 154.997 149.05 121.75 96.2154 65.7275 13.4083 1.53622 0.728813 0.671354 0.201957 0.337813 0.327785 0.546914 -0.459541 1.63272 0.188252 -0.551116 -0.147455 0.398192 -0.660757 -0.831545 -1.00181 
5.60366 3.37212 4.0538 4.9274 3.92266 4.14635 -3.4475 5.21455 4.07298 3.51458 4.92967 4.75553 44.328 88.3812 113.039 135.19 153.023 167.361 178.414 188.181 197.059 203.068 188.905 160.781 145.974 135.625 131.39 125.818 122.365 121.41 119.301 119.603 114.312 116.516 119.405 125.371 132.307 145.582 178.058 186.649 178.587 167.632 154.504 139.731 122.143 96.3635 65.1498 12.2073 1.75106 0.383057 -0.0956063 0.452537 -0.292886 0.221363 0.00377819 0.701785 2.73105 0.0440573 -0.056347 -0.00780256 -0.310037 -0.622938 -0.498825 -0.916606 
4.33459 4.97138 4.74911 4.83268 4.08776 4.05347 3.988 3.75703 4.36649 3.8098 4.69475 5.28931 45.8676 88.4091 114.417 135.03 153.138 166.41 180.064 189.86 198.59 204.334 197.081 159.211 145.495 136.55 131.282 126.081 122.564 121.274 120.188 119.371 115.723 118.137 120.505 125.835 133.965 145.757 178.667 187.694 178.178 168.589 154.684 140.303 122.161 98.1734 65.4299 12.9044 1.9306 0.342639 0.0110133 0.808693 0.492376 0.717289 -0.0411108 0.393524 3.6317 -0.263218 -0.0904322 -0.10443 -0.112087 -0.3237 -0.794788 -0.407725 
6.51043 4.76463 4.9213 4.70614 4.25317 4.03056 4.23218 4.08556 4.63356 5.14285 5.10985 5.50032 42.4784 88.1036 113.161 135.543 153.183 169.133 179.06 190.741 197.817 203.81 195.306 159.668 146.649 137.094 131.158 128.025 124.046 121.102 120.272 120.956 116.475 116.756 120.427 125.957 134.37 144.736 177.17 187.737 179.927 168.953 155.636 141.038 123.576 99.6712 68.6838 16.7512 2.57228 1.02854 0.952596 0.588056 0.673698 0.296198 0.456849 -0.168453 3.94602 -0.320065 0.663896 0.01198 -0.355754 -0.0507628 -1.11405 -0.778783 
6.33686 5.10715 3.88284 4.43805 4.90062 4.92054 5.00298 5.21579 4.22162 4.9667 5.42433 6.72855 36.0005 86.81 112.985 134.684 153.359 167.391 179.774 189.167 197.49 205.57 195.492 160.042 147.163 137.119 131.862 127.783 124.05 122.596 121.108 120.446 115.559 117.55 120.644 126.098 133.223 144.321 175.356 188.793 181.45 170.325 158.127 142.764 124.687 101.755 73.3816 19.5386 3.37238 1.68068 1.39707 1.08119 0.761753 1.07093 0.324119 0.87354 6.1079 -0.638978 0.544932 0.422158 -0.41943 -0.712731 -0.639765 -0.604778 
6.25691 5.66809 5.23572 5.34775 4.19585 4.80394 4.32922 5.27034 5.35322 5.1585 6.23887 7.75886 33.7489 87.7606 114.831 135.102 154.484 168.928 179.222 189.7 197.989 205.623 194.254 161.319 146.449 138.21 132.394 128.277 125.461 122.269 120.887 120.466 116.366 117.817 121.095 126.787 133.655 144.95 174.787 189.304 180.485 170.133 158.061 143.677 124.426 103.222 73.4327 20.2684 3.06724 2.63543 1.52642 1.01064 1.02701 1.2916 1.61183 0.607827 2.59281 3.68211 0.0643738 -0.59061 -0.82066 -0.841415 -0.741169 -0.950656 
6.06964 5.77795 5.9351 4.75579 5.16006 4.9709 5.28207 5.86416 5.93883 6.39778 6.32833 6.57579 40.9892 89.3496 115.471 137.299 154.885 168.826 179.925 191.338 197.784 207.222 194.347 160.501 147.355 138.995 131.829 127.368 124.993 121.646 121.031 121.177 117.289 117.412 120.84 125.71 133.536 144.76 173.646 189.217 181.357 170.69 157.584 144.06 127.344 104.672 74.6664 21.6075 3.78863 4.06523 2.82639 1.91218 2.05556 1.45341 1.37919 1.6529 2.81458 17.4417 -1.33711 -0.862365 -0.52008 -0.724183 -0.884793 -1.30122 
3.2007 8.52603 7.95227 7.84177 5.71787 5.92064 5.82025 5.43637 6.67932 7.42882 7.97311 15.194 68.8172 99.7363 124.566 145.305 163.383 176.16 186.863 196.091 205.138 211.12 197.934 164.343 150.179 138.965 133.718 129.494 125.903 122.957 122.573 121.478 117.621 118.333 120.614 126.087 134.149 144.752 173.018 190.024 180.28 170.752 159.22 142.697 127.145 105.926 75.4569 23.3757 5.02582 3.91191 3.14549 2.98612 2.17619 4.10187 5.6392 6.41457 4.63212 2.41116 -1.16823 -0.615657 -0.919135 -1.45105 -0.596196 -0.285875 
2.69766 2.82688 5.72601 10.7194 12.2618 13.1551 15.9199 19.3438 21.4908 23.0934 26.0726 79.7919 110.347 128.52 146.335 165.591 184.212 199.04 211.56 221.535 230.699 237.302 220.864 188.101 176.29 167.075 160.007 155.916 153.26 150.615 148.585 149.524 144.385 145.492 149.155 154.614 162.107 171.062 200.337 216.814 209.843 201.662 189.256 175.726 158.3 138.483 110.172 59.8107 11.3244 3.78709 2.86591 7.50886 9.42099 9.93432 8.72031 3.06071 -0.555944 -0.634092 -0.296172 -0.647717 -0.597651 -0.614126 -1.15619 -0.898523 
2.95132 2.32145 2.60154 2.57798 6.16997 12.7442 16.0507 21.8056 24.9999 31.8767 84.3449 116.406 132.02 155.768 178.858 195.369 209.228 222.614 231.758 241.31 248.459 254.42 236.826 202.863 190.591 180.953 172.352 170.289 164.375 163.354 162.246 161.975 159.044 161.045 164.25 170.318 178.142 191.381 224.014 239.984 234.866 224.308 214.329 204.814 190.103 178.624 171.245 155.751 135.348 111.726 87.262 38.6165 11.6084 9.44709 1.30905 -1.21039 -0.406246 -0.537729 -0.502314 -0.641824 -0.279886 -1.41035 -1.25939 -1.10224 
2.80389 2.2851 3.32046 2.28269 3.34583 3.40552 5.2752 9.93953 16.9902 57.44 106.531 124.42 143.186 164.4 185.209 203.577 218.46 230.804 241.926 252.739 257.435 262.757 245.049 209.079 196.108 186.289 178.647 175.35 170.699 168.713 166.99 166.828 163.627 165.3 169.736 175.707 183.436 194.955 229.448 246.493 240.368 233.769 223.794 212.475 199.714 186.131 180.44 176.182 164.823 139.546 112.538 79.9001 18.9031 -0.0828898 -0.15357 0.0409997 -0.487033 -0.620574 -0.317625 -0.534834 -0.925557 -1.31592 -1.0058 -1.42357 
2.57165 2.78227 1.83533 5.83501 2.88952 2.25269 2.87871 2.55021 3.84973 62.6802 107.028 125.559 147.191 169.323 190.204 206.53 217.902 229.585 241.02 248.438 257.477 262.273 244.899 207.409 192.707 183.807 177.199 173.792 168.983 168.159 166.45 167.092 163.471 165.767 169.548 176.151 185.74 199.488 231.97 247.799 243.338 236.257 226.452 216.411 205.713 190.286 179.684 179.003 168.392 145.989 116.212 80.4151 37.1678 -1.3949 0.0183214 -1.03728 -0.722569 -0.835373 -0.396806 -0.545376 -0.371753 -0.751649 -1.09876 -0.793453 
3.13291 1.86064 2.19579 2.70687 2.28469 2.42468 3.19589 3.75737 3.27878 23.3818 100.786 120.996 144.14 164.311 184.875 199.867 211.34 223.874 235.386 242.936 249.019 253.174 238.834 202.942 188.096 179.227 171.453 168.072 164.593 163.271 161.816 161.054 160.059 161.701 165.569 171.987 181.025 195.022 227.759 246.068 238.999 230.918 222.533 215.336 206.338 190.686 178.8 173.964 160.97 141.956 103.095 76.6519 47.1522 -2.98659 0.0472736 -0.974659 -0.623008 -0.665537 -0.913264 -0.759971 -0.68122 -0.911848 -0.774667 -0.683928 
3.25974 2.78834 2.17184 1.84663 3.43784 2.75061 2.66359 3.61429 3.95427 2.42745 35.7321 110.82 135.346 152.424 170.009 186.238 200.662 213.636 223.474 233.872 238.892 244.826 232.215 194.632 179.943 168.543 164.363 158.964 155.913 154.571 155.084 154.565 150.504 153.548 157.779 164.571 172.99 187.266 219.206 235.239 228.77 222.934 213.965 207.61 197.805 186.995 176.246 167.39 148.432 126.628 96.1517 71.831 39.9235 -1.54203 -0.414717 -0.758672 -1.18936 -0.784109 -0.667299 -0.647255 -0.910646 -0.47353 -0.824626 -0.703983 
2.30271 2.66314 1.53573 2.57508 2.57614 2.79513 2.73361 3.18898 4.15721 4.18382 4.316 19.5924 86.3273 120.511 148.472 170.322 182.556 197.086 205.082 215.44 221.343 231.487 221.258 183.173 166.441 159.07 152.855 149.13 145.467 143.348 143.891 144.576 140.359 143.083 147.78 153.954 163.776 175.889 208.91 225.585 217.864 209.404 202.686 195.303 185.699 175.688 163.957 150.186 133.726 109.889 81.5437 54.2358 9.91277 0.170725 -0.159806 -1.07987 -0.834071 -0.831722 -0.731106 -0.695386 -1.15933 -0.881106 -0.629231 -0.640964 
2.39679 2.78362 2.15268 1.32353 1.92585 2.69541 3.01315 2.47779 2.98546 4.26204 5.26307 5.09726 63.4692 99.1546 125.931 148.293 170.511 184.227 184.689 199.54 211.232 219.79 209.846 174.342 159.86 150.107 145.439 140.936 136.61 135.999 136.221 135.071 131.644 134.171 139 143.581 152.845 166.193 196.927 211.347 203.422 195.674 185.616 177.72 165.609 156.861 142.713 124.819 103.444 80.4364 39.127 4.26946 1.61137 0.452243 -0.919683 -0.534478 -0.443599 -0.814861 -0.490188 -0.557242 -0.717482 -1.11845 -0.825408 -0.917707 
1.24571 2.41178 3.53086 2.22873 2.79036 3.06894 2.31474 2.36652 2.80044 4.01984 5.31699 3.91426 63.4009 97.0811 126.305 148.183 170.719 183.289 183.303 199.075 209.877 218.744 207.605 172.772 159.157 150.192 144.521 139.461 137.952 134.895 135.439 135.143 132.484 133.725 137.655 143.347 151.624 165.499 196.532 211.282 202.988 193.326 181.611 175.915 160.257 140.916 118.01 93.8519 55.8205 -0.914589 1.50534 1.50964 0.932237 -0.19013 -0.629525 -0.314523 -1.04436 -0.409387 -0.642957 -0.753338 -0.934609 -0.815859 -0.769382 -0.336 
2.56253 1.77277 2.1548 2.53508 1.95742 2.61554 2.50407 2.33207 2.89713 3.95611 4.48715 4.23419 63.2644 98.6255 125.792 148.941 167.425 183.324 182.27 198.078 209.573 217.55 203.94 171.828 159.057 148.325 142.509 139.537 136.039 135.57 134.089 132.112 130.517 132.87 136.794 142.473 149.618 162.548 193.342 208.643 200.506 191.033 181.278 170.337 158.889 140.798 119.018 91.6905 53.7791 0.29989 2.31866 1.27648 -0.271171 0.0722914 -0.803017 -1.02684 -0.884211 -0.622377 -0.63669 -0.614577 -0.884804 -0.752436 -0.749624 -0.167904 
3.73289 3.18369 1.90246 1.92278 2.23003 2.04992 2.7091 2.67777 2.64589 3.51118 4.44944 4.83033 63.2722 97.968 127.519 149.322 166.84 185.206 180.386 196.908 210.213 217.088 201.811 170.504 157.474 147.721 141.98 137.476 136.571 136.556 133.723 132.87 130.696 132.055 137.2 141.957 150.477 162.437 193.618 207.928 202.295 191.997 183.009 171.861 158.955 141.397 117.246 90.0217 51.6848 -0.691243 1.78345 0.957766 0.236428 -0.303525 -0.551422 -0.254765 -0.794431 -0.818709 -0.861082 -0.915859 -0.728448 -0.873317 -0.653811 -0.827863 
3.04492 2.47707 2.12005 2.0703 2.84402 2.63497 1.66889 3.01307 2.46406 2.98903 4.45049 6.1882 63.7906 99.6717 126.313 148.446 169.715 182.306 180.51 197.769 210.073 213.532 200.816 170.036 156.164 148.32 140.286 137.896 135.179 134.304 132.506 132.371 130.4 132.368 136.365 142.076 149.069 162.583 191.703 206.657 201.542 191.02 180.77 173.306 158.048 140.714 116.84 89.5075 51.7971 -0.6946 0.745471 0.11776 -0.22876 -0.508254 -0.331524 -0.49968 -1.22996 -0.28263 -0.843841 -1.14688 -0.620919 -0.693305 -1.07619 -0.559512 
2.30123 1.93358 1.75909 3.05355 2.70583 2.47987 1.81301 2.52783 2.61881 2.40598 2.60029 6.54266 64.0548 98.446 125.643 148.023 167.554 183.952 180.4 196.981 207.826 214.772 200.635 169.358 155.987 147.644 142.255 135.775 134.074 132.568 130.393 131.274 128.762 130.64 134.337 140.7 149.038 159.745 188.097 207.605 198.879 189.896 180.224 171.206 157.789 140.525 117.781 91.3323 54.4635 -0.131369 0.635366 0.323207 -0.359471 -0.929165 -0.302136 -0.684104 -0.688818 -0.76539 -1.02416 -1.27531 -1.00924 -1.70321 -1.21307 -0.592789 
2.84847 2.43142 1.80914 2.32744 1.60519 2.07625 2.40288 2.53488 2.70725 2.72974 3.40292 3.52018 62.0163 97.1117 124.071 146.157 164.367 186.036 174.023 193.922 205.44 213.784 202.595 170.773 156.292 146.574 141.09 137.473 134.721 132.301 131.045 131.192 128.522 129.605 134.63 140.042 147.604 158.432 184.514 207.303 199.12 192.154 180.115 171.739 159.726 141.438 119.125 93.0809 57.2707 0.680489 1.11525 -0.921548 -0.645414 -0.814449 -0.518022 -0.85391 -0.905122 -0.186748 -0.726826 -0.347115 -1.04632 -1.06609 -0.577949 -0.800621 
2.55355 2.33607 2.10125 1.19048 2.50503 2.98681 2.45871 2.0507 3.27464 2.95277 3.0954 3.95982 61.8938 96.3416 124.98 148.716 165.717 184.623 177.664 194.185 205.274 213.564 200.79 168.454 155.457 146.069 141.513 135.518 134.035 132.147 132.157 130.881 128.267 130.323 133.717 139.727 146.997 159.049 182.423 207.722 200.898 192.578 180.372 172.068 158.364 141.852 119.424 91.6067 56.9812 -0.024393 -5.2125e-05 -0.752017 -0.48415 -1.29931 -0.937632 -1.33714 -1.09654 -0.820252 -0.650516 -0.657687 -1.20836 -0.360553 -0.698919 -0.964725 
2.09042 2.09489 2.09006 1.39428 2.24728 2.89722 2.73569 1.25208 2.39511 3.3506 3.44766 5.73133 63.0056 98.1296 124.436 148.151 165.816 181.771 177.883 195.861 205.224 215.406 199.838 169.113 155.914 146.048 140.468 137.374 133.23 132.934 130.775 130.125 128.69 129.398 133.635 138.623 145.884 157.15 180.659 210.099 199.51 189.74 179.11 171.285 159.192 141.163 118.698 92.0496 56.8645 0.306961 0.386043 -0.732731 -0.765379 -0.433013 -0.686397 -0.47204 -0.734126 -0.486442 -0.210576 -1.17211 -0.925032 -0.570538 -0.905133 -0.99969 
2.09133 2.57563 1.57271 1.46243 1.35732 3.25884 2.97731 2.19967 2.53015 3.01417 3.94749 7.54275 64.176 99.2409 125.225 147.986 165.731 181.054 177.75 195.408 205.719 214.723 199.938 169.447 154.65 146.365 138.916 136.048 133.109 131.561 131.012 130.2 127.991 129.767 147.785 137.99 145.425 157.722 178.682 207.881 198.458 190.652 179.057 170.446 157.243 139.998 118.939 91.4468 56.794 -0.0815352 0.336803 -0.990062 -0.626811 -0.919033 -0.395127 -0.61066 -0.895548 -0.707905 -1.06805 -0.567428 -0.398606 -0.454462 -0.702382 -1.05289 
2.68227 2.32313 1.80272 1.94255 2.35361 1.93974 2.17056 3.28678 2.2988 3.40166 4.50158 7.89105 65.1948 100.014 126.027 147.817 167.501 179.119 181.848 194.919 208.035 214.354 198.464 168.289 155.413 146.35 139.237 136.4 133.113 132.32 130.808 130.388 129.393 129.105 133.839 139.114 146.658 158.153 178.823 208.872 198.56 191.482 179.897 170.136 159.881 140.265 118.368 92.2776 55.6203 -0.0924418 0.621547 -0.673762 -0.301848 -0.540928 -0.125898 -0.660217 -1.26233 -0.76778 -0.0755709 -0.764039 -0.602309 -0.914042 -1.1872 -0.632066 
1.65116 2.32149 2.07691 1.40487 2.47006 2.25668 2.52714 2.89499 2.98729 4.07894 4.50613 8.6883 66.8102 101.427 128.676 150.059 167.815 179.858 178.617 195.435 207.504 214.006 196.175 166.768 153.533 144.821 139.246 136.03 133.32 130.911 130.06 129.527 127.994 129.716 132.797 137.658 146.53 157.095 179.564 210.074 198.507 191.403 180.13 170.848 157.6 141.71 119.29 91.8478 56.9124 0.621777 1.43441 0.198754 0.476974 0.372095 -0.218804 -0.901034 -0.483034 -0.861427 -0.737865 -1.20038 -0.472936 0.120793 -0.541484 -1.13646 
