-0.755855 -0.488468 -0.966477 -0.691327 -0.732978 -0.475944 -1.10226 -1.084 -0.846809 -1.00669 -0.68805 -0.498246 -0.785346 -0.923999 -0.849985 -0.993205 -0.934649 -0.511773 0.203189 -1.59017 53.1906 88.6106 116.914 139.261 157.526 168.817 176.799 190.564 198.972 210.555 169.997 150.964 140.339 133.447 129.99 126.765 126.23 125.561 125.406 126.601 129.146 132.315 138.237 143.66 153.819 168.108 205.471 206.637 197.445 187.143 173.154 174.366 158.58 140.718 117.521 89.5583 53.6697 -2.96974 -1.01119 -1.64678 -1.44937 -1.62308 -1.84105 -2.07986 
-1.09002 -0.854458 -1.03638 -0.583822 -1.11484 -1.25731 -1.01745 -1.12045 -1.02589 -1.20717 -1.18668 -0.803473 -1.05751 -0.886765 -0.844796 -1.00248 -0.389969 -0.473105 0.499555 -2.03828 52.8169 88.2889 116.998 139.101 157.452 170.194 175.389 189.796 198.743 210.946 169.86 151.22 139.715 132.868 129.551 127.386 125.83 125.856 125.096 126.975 129.821 133.103 137.684 144.532 154.24 168.744 206.43 205.284 198.921 188.177 169.333 175.172 158.157 139.825 117.216 90.2259 54.6352 -2.53418 -0.529454 -1.68732 -1.39847 -1.62042 -1.5844 -1.31877 
-0.712738 -1.24285 -1.1216 -0.533774 -0.973572 -1.10856 -0.86206 -0.683088 -0.923099 -0.698635 -0.998592 -0.712459 -1.07279 -0.851904 -1.05255 -1.31869 -0.458916 -0.844095 0.560189 -2.2836 52.0558 88.9576 116.948 138.843 157.659 170.897 177.04 190.654 198.132 211.331 171.192 152.106 141.129 132.445 129.621 127.951 125.218 126.024 126.182 126.762 128.384 133.272 138.537 144.389 154.367 169.149 206.411 205.752 200.352 186.729 171.001 174.359 158.238 141.249 117.445 90.1561 53.8886 -2.8417 -0.466046 -1.26069 -1.7206 -1.68352 -1.43915 -1.72511 
-1.19138 -1.84912 -0.629215 -0.881153 -0.883199 -0.84933 -0.838236 -1.09423 -1.13862 -1.18607 -1.18128 -1.23621 -0.803895 -0.854429 -0.866068 -1.01012 -0.856435 -0.197608 0.423996 -1.57313 51.9044 88.5478 116.894 139.172 157.549 170.207 176.531 190.573 194.509 211.906 170.4 152.145 143.387 138.257 131.932 127.361 126.959 126.247 125.844 127.606 130.312 134.082 138.59 146.525 154.939 169.611 208.507 206.73 199.244 188.118 176.673 175.025 158.761 141.111 118.595 90.4154 55.4314 -2.15257 -0.559249 -1.14511 -1.32688 -1.68529 -1.65377 -1.62959 
-0.862903 -1.02065 -0.881157 -0.50413 -1.58272 -0.941118 -1.10278 -0.768824 -0.820013 -1.21057 -0.73892 -0.936447 -0.830369 -1.11701 -0.702269 -0.94406 -0.700069 -0.653039 0.871742 -1.62306 49.3234 88.2309 117.798 140.212 157.297 167.972 178.731 189.28 199.379 213.387 171.897 154.076 141.223 134.669 131.221 129.513 125.784 127.446 126.258 127.492 130.138 134.598 139.695 145.407 154.632 169.914 207.983 206.332 199.489 188.466 173.371 176.374 159.247 141.362 119.499 91.9289 55.625 -1.51179 0.349526 -1.26913 -1.50792 -1.48531 -1.46754 -1.50547 
-1.04567 -0.976169 -0.827235 -1.29345 -1.12941 -0.573307 -1.36979 -1.04581 -0.67744 -1.10901 -0.575427 -0.697348 -1.20863 -0.632685 -1.10613 -1.1977 -0.424837 -0.399507 0.477919 -1.09057 50.0818 88.4303 116.188 139.86 158.13 169.149 179.387 189.832 199.848 213.118 173.896 155.602 142.597 136.646 132.782 130.044 126.733 126.755 126.846 127.355 129.649 133.466 139.337 146.717 155.619 171.615 210.219 205.958 201.089 189.952 175.569 174.959 159.842 142.64 119.764 92.0594 57.0143 -1.24099 0.176555 -1.08017 -1.49648 -1.51577 -1.32543 -1.97338 
-1.11646 -1.04859 -1.13134 -0.865175 -0.97194 -0.901146 -1.2241 -0.676079 -1.24896 -0.947772 -0.753194 -0.905504 -0.962067 -0.874469 -1.0696 -1.05914 -0.756692 -0.288228 0.544222 0.581787 43.7175 86.3959 114.397 137.543 156.376 171.752 176.367 190.463 198.269 207.004 184.922 157.303 141.805 137.175 131.518 130.385 127.894 128.583 127.858 129.179 131.833 135.208 140.039 145.164 154.546 169.966 205.053 209.747 201.671 191.687 173.304 182.755 162.753 145.001 123.659 95.8046 60.9904 2.81886 0.607412 -0.228262 -1.66322 -1.61792 -2.02001 -1.32007 
-1.03113 -0.855444 -1.1082 -0.718291 -1.20904 -0.721719 -1.15857 -0.769688 -0.749943 -0.651524 -0.909054 -0.875777 -0.782872 -0.963185 -0.612597 -0.841207 -0.58773 0.0844491 0.909764 1.15522 37.5494 85.248 114.336 138.407 157.324 175.292 176.662 189.674 199.504 207.92 189.648 159.461 144.205 138.254 134.5 130.786 129.248 128.618 129.055 129.456 131.758 135.082 141.304 145.616 155.451 170.795 206.422 210.767 204.586 194.335 175.794 183.259 164.798 147.78 125.8 98.9738 65.224 6.16526 0.804476 0.00966055 -1.23066 -1.53045 -1.48309 -1.35966 
-0.802038 -1.20012 -1.07021 -0.87352 -1.04782 -0.916264 -0.779058 -1.31565 -1.01302 -0.96894 -1.02812 -1.05424 -0.843506 -1.19866 -0.635128 -0.450822 -0.584365 -0.161204 1.50718 1.76418 40.822 85.7739 115.079 138.686 156.532 177.247 175.335 189.959 199.781 206.477 189.867 160.648 143.851 138.501 134.319 130.057 129.115 129.117 129.207 128.58 133.721 135.67 141.039 148.053 157.23 172.503 206.365 213.266 207.705 196.78 178.225 184.023 165.393 148.074 125.904 97.2872 63.1414 5.07502 0.439334 -0.493065 -1.18598 -1.62887 -2.21221 -1.42373 
-0.862817 -1.00083 -1.10689 -1.28756 -0.555361 -0.947549 -0.941111 -0.84661 -0.608143 -1.20351 -0.790238 -0.798226 -1.00821 -1.20145 -1.16433 -0.77506 -0.183839 0.415237 0.945163 0.369112 34.5456 81.5296 111.179 137.655 157.777 178.722 178.94 193.956 203.412 211.893 196.706 164.155 149.702 144.2 140.079 136.597 134.975 136.139 137.464 137.692 141.76 146.011 150.436 157.724 166.018 179.669 217.033 221.405 216.057 208.687 195.22 195.868 176.798 158.951 138.483 113.5 80.6239 32.0947 -0.148789 -0.319029 -0.952573 -1.53003 -1.95306 -1.46436 
-1.29274 -0.858531 -1.09824 -1.25945 -0.933503 -1.25463 -0.924074 -0.868178 -1.24322 -1.22194 -0.861188 -1.28767 -1.06195 -0.808348 -0.958119 -0.919339 -0.356649 0.214161 0.0666574 29.1605 79.8991 113.237 139.888 160.05 178.669 192.224 195.945 208.916 218.616 223.544 209.777 177.489 162.919 156.69 152.566 151.328 150.253 149.373 150.17 150.877 153.86 157.487 163.378 169.953 180.1 198.403 236.596 250.234 244.349 240.559 233.074 226.743 211.827 191.37 170.947 146.07 116.439 80.8556 18.3262 -2.13336 -0.967241 -1.29941 -1.46646 -1.69662 
-0.910273 -0.965272 -1.31303 -1.25214 -1.51208 -1.32169 -0.943742 -1.22925 -0.970655 -0.899719 -0.669822 -0.849932 -1.04741 -0.930323 -1.00116 -0.768878 -0.526556 0.654851 3.1415 61.1999 95.1408 121.644 147.118 172.527 193.423 211.829 222.33 233.933 242.817 250.667 234.091 199.088 184.458 178.24 172.421 169.595 167.187 165.856 166.061 167.478 172.14 176.375 180.308 187.246 197.31 212.821 249.195 259.447 252.879 250.61 242.862 235.802 225.202 197.067 176.573 155.362 133.987 108.837 80.3761 33.5821 -2.85154 -1.93395 -1.58968 -1.69536 
-1.37694 -1.17848 -1.07078 -1.11261 -0.826239 -0.999964 -0.902914 -0.80653 -0.82147 -1.24951 -0.832578 -1.01942 -1.09837 -0.63223 -0.734313 -0.444227 -0.335252 -0.760881 23.2734 79.0023 110.788 141.31 162.28 190.441 213.008 224.215 229.411 239.807 247.889 255.024 237.308 198.074 191.134 189.884 185.314 181.132 179.345 177.769 177.141 179.329 181.561 186.222 189.344 195.482 204.645 218.452 257.231 273.994 265.783 263.592 259.823 253.243 244.207 230.881 195.467 174.011 151.195 126.188 100.658 67.9617 3.58261 -1.46629 -1.84926 -1.79326 
-1.31897 -1.36059 -1.25525 -1.05812 -0.832991 -1.08839 -1.26006 -0.83514 -0.95053 -0.752885 -1.14131 -1.01249 -0.975623 -0.800818 -0.672994 -1.08665 -0.568782 2.33352 62.1474 95.6906 124.609 149.091 173.253 205.709 221.921 228.567 236.957 247.978 255.668 246.11 225.745 194.877 198.269 193.552 187.932 184.555 181.795 181.747 181.275 181.452 183.103 186.706 190.328 195.858 205.906 219.104 255.925 276.817 265.478 262.465 261.41 254.739 248.074 234.68 207.358 180.58 154.68 129.928 103.074 68.7366 2.17181 -1.42942 -1.63988 -1.5449 
-1.03512 -1.73859 -1.09372 -1.29259 -1.40985 -0.917334 -1.294 -1.15451 -1.14509 -0.732358 -0.640182 -1.07261 -0.919446 -0.942501 -0.484389 -0.904961 -0.601641 5.47057 66.484 100.046 125.878 149.863 176.249 212.24 223.504 231.442 237.395 250.718 241.26 232.584 223.564 192.883 183.611 187.007 186.717 181.274 177.389 175.584 173.928 174.621 172.811 173.428 177.895 184.678 193.383 203.378 232.681 251.809 241.916 231.022 229.584 221.717 209.704 191.265 169.667 141.792 114.33 72.8739 15.4477 2.8689 -1.84992 -1.02679 -1.94894 -1.79662 
-0.758277 -0.920833 -1.20568 -1.00781 -1.0151 -1.06759 -1.23514 -1.24051 -0.92596 -1.31504 -0.710687 -1.15976 -0.525136 -0.55132 -1.07398 -1.08564 -0.452968 -2.33112 40.9285 65.09 93.8526 125.128 153.364 176.723 191.466 200.317 208.859 206.91 187.698 188.293 183.678 152.705 139.605 136.72 135.899 138.969 141.99 140.448 139.02 139.226 138.386 138.417 140.35 140.739 146.9 162.126 192.05 212.02 206.58 200.807 192.145 178.986 166.261 148.673 127.185 98.9985 64.7124 10.9376 3.3068 0.207843 -1.09711 -1.46169 -1.38106 -1.63923 
-1.28869 -1.32146 -1.23066 -1.04413 -1.24134 -0.896899 -1.01667 -1.16391 -1.06839 -1.08213 -1.10983 -0.984751 -0.811165 -0.830639 -0.844536 -1.1346 -0.41658 0.172989 -0.654408 -0.150374 0.439438 47.9779 90.777 127.249 143.184 158.528 172.535 147.306 135.331 140.951 152.862 123.941 113.218 109.68 107.579 106.687 107.648 115.221 123.038 122.588 124.257 126.045 128.89 134.704 143.303 156.317 181.99 205.24 198.721 193.224 177.96 169.457 154.311 134.181 111.041 80.8922 29.0628 3.47129 1.26903 0.309024 -0.936771 -1.61447 -1.61706 -1.45751 
-1.21438 -1.04598 -1.19949 -1.03525 -0.900653 -1.45465 -1.3584 -0.680974 -0.990971 -0.921457 -0.641804 -1.03933 -1.16749 -0.161489 -1.06671 -0.828841 -0.477246 -0.300514 0.576522 1.00214 2.42836 27.8023 77.6928 111.819 133.235 151.145 164.036 129.5 121.54 125.175 149.74 121.711 110.497 106.514 103.392 101.842 101.574 102.144 104.251 113.548 122.01 123.213 128.802 134.36 142.027 153.327 173.329 207.91 196.868 191.493 177.335 166.559 152.665 133.674 108.686 80.9366 28.7469 4.04729 2.03784 -0.0583147 -0.818896 -1.1095 -1.43773 -1.57309 
-1.36213 -1.17522 -1.12171 -0.793231 -0.895032 -1.3578 -0.996784 -0.962731 -1.07188 -1.04486 -0.668857 -1.06162 -0.864568 -0.84897 -0.689363 -0.909565 -1.28992 -0.143407 -0.0364565 1.06813 1.83804 21.7306 72.9303 108.16 129.086 148.845 156.489 118.789 110.457 106.285 150.49 121.336 109.663 104.732 101.378 100.071 99.1993 98.8185 100.056 102.419 106.862 118.119 125.118 131.074 139.674 150.364 168.223 208.691 196.926 190.833 175.622 166.245 151.912 131.228 107.415 78.6612 28.8571 3.16693 2.93831 -1.71889 -1.06015 -1.69085 -1.62056 -1.70664 
-0.785188 -1.33537 -1.12976 -0.750101 -0.952909 -0.752072 -0.734824 -0.891872 -0.898035 -0.950239 -0.930012 -0.802772 -0.828434 -0.816935 -1.20208 -0.641258 -0.43446 -0.619996 -0.207724 0.800525 1.17209 18.1932 68.8393 106.14 127.68 146.556 151.444 112.368 102.72 99.2663 140.063 120.811 107.565 102.702 102.106 98.35 97.0915 96.8806 96.7505 97.721 100.603 103.659 121.013 129.603 138.121 148.477 166.03 205.584 194.564 186.886 177.314 164.723 150.761 131.712 107.941 76.9855 29.2386 3.14051 2.01997 -1.76759 -1.73459 -1.69789 -2.26021 -1.65478 
-0.953436 -1.49811 -1.1432 -1.12329 -0.977511 -1.92222 -0.780365 -0.696673 -0.606654 -1.30435 -0.707387 -0.602567 -1.33972 -1.30922 -0.960092 -0.676031 -1.46256 -0.888809 -1.07799 0.137973 1.37931 12.5456 66.7103 101.347 126.918 145 149.681 111.254 98.7175 95.7267 128.153 122.8 106.381 102.11 98.6798 96.6989 95.6021 95.1188 97.05 96.6816 97.6234 100.656 108.263 128.455 135.927 146.841 164.836 202.071 195.801 186.168 176.034 165.653 152.129 131.886 106.608 76.6333 27.7934 3.00997 2.76057 -2.15044 -1.7131 -1.71687 -1.66913 -1.88595 
-1.12672 -1.15744 -1.42445 -1.3143 -1.37313 -1.22584 -1.21249 -1.11829 -0.946187 -1.01338 -0.85172 -0.745515 -0.823958 -0.891695 -0.73907 -0.806332 -0.847906 -1.13377 -1.18523 -0.161876 0.805146 8.49425 64.1969 93.7826 129.78 143.817 153.18 111.179 98.3889 94.4138 124.541 121.567 108.002 101.653 99.4329 97.0369 95.1199 94.854 95.015 95.4146 96.4062 98.4155 104.652 119.845 134.729 145.848 161.583 200.814 193.208 187.602 176.487 165.202 150.796 131.302 106.675 78.0025 28.703 3.05868 3.23158 -2.34339 -1.37178 -2.11731 -1.62379 -1.86075 
-1.35906 -1.01889 -0.767828 -0.672272 -1.03127 -1.53282 -1.31434 -0.864865 -1.16696 -0.965305 -1.15188 -1.03985 -1.04181 -0.973523 -0.826866 -1.26357 -1.1954 -1.06193 -0.536654 0.0335908 0.467806 4.40674 61.9671 92.4006 129.972 142.634 156.32 113.857 99.5967 95.6124 123.427 120.226 108.942 102.955 100.513 97.0935 95.8071 94.1738 95.0211 94.8069 97.1415 98.261 102.626 111.513 135.443 144.727 160.067 196.602 193.866 187.004 177.902 165.149 152.881 132.582 107.729 77.8646 29.7709 3.54025 3.57151 0.714729 -1.88581 -1.87387 -1.48866 -1.73355 
-0.728452 -0.783231 -0.970945 -1.27662 -1.08863 -1.04121 -0.997079 -0.929418 -0.926376 -0.936153 -1.06317 -1.46994 -1.21391 -0.534149 -0.838643 -0.694963 -0.75166 -0.462965 -1.00594 -0.692165 0.256029 -0.0556419 56.5529 89.5293 124.169 141.754 156.755 122.925 103.461 95.7963 117.458 125.798 110.495 103.231 100.395 97.2363 96.8493 95.7006 94.9882 95.4113 96.7336 98.5005 101.522 109.748 128.679 141.628 156.411 191.588 194.267 186.68 180.691 167.134 154.31 134.634 111.387 82.5921 37.8809 4.38551 0.941237 1.14084 -1.69803 -1.69809 -1.6964 -1.4097 
-1.1221 -0.341779 -0.860807 -1.33591 -1.05362 -0.903542 -1.38853 -1.08445 -1.10317 -0.870757 -0.879373 -0.946781 -1.04984 -1.00454 -0.22738 -0.966107 -0.618251 -1.11604 -0.733052 -0.398497 0.334009 -1.60435 49.7134 86.8925 122.175 139.605 153.544 136.552 106.366 99.6133 111.996 136.358 111.15 106.268 101.471 98.0502 97.4014 96.6066 95.8238 95.9778 96.4272 97.9743 101.91 108.683 125.653 139.855 155.014 190.77 195.59 187.695 182.05 168.15 155.389 135.95 111.88 83.3826 40.4363 3.67339 2.05742 1.96535 -1.86481 -1.83894 -1.40945 -2.11786 
-1.46939 -1.33708 -1.19888 -2.11085 -1.4082 -1.32251 -1.01666 -1.05046 -0.971963 -0.917821 -0.956723 -1.0308 -1.08534 -0.920029 -1.00965 -0.575182 -0.762492 -0.748014 -1.14427 -0.540959 -0.0328565 -0.282998 45.0742 85.4621 119.899 138.902 152.208 146.325 111.815 103.185 112.358 144.146 113.806 106.946 102.97 100.362 98.5179 97.2444 96.8796 97.204 97.3899 99.3583 102.12 109.208 122.653 138.612 152.472 187.608 195.177 187.901 181.756 169.979 154.146 136.856 112.491 84.6053 42.0575 2.84481 3.16655 1.43703 0.580929 -1.22124 -1.95531 -1.52023 
-0.995632 -0.600057 -0.722645 -1.02398 -1.39819 -1.56988 -1.1674 -1.12551 -1.35608 -0.876455 -0.891981 -0.917138 -1.34942 -0.739011 -1.13598 -0.79804 -0.546874 -1.00413 -1.10626 -0.446835 0.200251 -0.44629 39.9039 84.7537 118.803 137.403 153.649 152.43 117.307 106.892 122.093 141.971 115.175 108.879 104.396 101.688 99.1174 99.0487 97.8595 97.7977 98.7387 100.297 103.67 110.84 123.98 138.312 150.995 182.544 195.865 187.601 181.51 168.271 154.56 135.612 112.864 84.365 42.8999 2.52411 2.28725 2.13476 1.99024 -1.96683 -1.65265 -1.57668 
-1.68873 -1.21042 -1.21075 -0.950567 -1.23261 -1.64264 -1.308 -1.13424 -1.40431 -1.01511 -0.846425 -0.919512 -0.918731 -0.841777 -1.39254 -1.07421 -1.3044 -1.14001 -1.04936 -0.696525 0.155884 0.230047 36.4228 82.4899 119.629 135.729 153.926 161.437 123.337 113.682 128.987 141.163 118.502 109.329 105.413 102.599 100.923 99.5265 98.589 98.7788 99.7752 102.433 105.596 112.478 126.468 136.977 149.529 180.396 195.857 187.547 182.009 169.396 155.199 136.408 113.268 84.857 44.3944 2.22266 2.26155 1.18156 1.29522 0.150932 -1.75899 -1.51876 
-0.727166 -1.54621 -1.17804 -1.06185 -1.50945 -1.19699 -1.67581 -0.771248 -1.11307 -0.985222 -0.7963 -1.4574 -0.709106 -1.26068 -1.44127 -0.650005 -1.1508 -1.20448 -1.21596 -0.846361 -0.316296 0.532158 34.4267 80.8317 115.774 133.617 152.747 167.23 134.812 124.362 129.775 149.838 120.002 112.898 108.096 104.856 102.194 101.194 101.425 100.978 101.87 104.715 107.569 116.197 128.733 137.371 148.527 176.703 195.579 188.655 181.576 168.914 155.44 136.914 113.633 85.7152 46.2221 1.15795 2.01926 1.18154 1.43104 1.18133 -1.75683 -1.89547 
-1.3916 -1.18147 -0.866685 -1.18618 -1.09146 -1.40272 -0.804406 -1.34775 -1.39915 -1.11256 -1.05137 -1.18504 -1.25517 -1.11103 -0.848433 -0.891065 -0.85302 -1.57042 -1.56256 -1.01988 -0.00782457 0.341393 31.4536 80.2829 110.654 138.271 151.245 164.781 164.828 131.016 138.683 157.468 123.595 115.748 110.642 106.943 104.582 103.776 102.474 103.958 104.621 107.006 111.496 122.175 127.665 135.354 147.379 174.212 197.057 188.938 180.709 169.793 156.795 136.026 113.883 86.3776 47.9704 0.73259 1.88155 1.27968 0.80543 0.695363 0.700356 -1.59189 
-1.55783 -1.33564 -1.3033 -1.09531 -1.26493 -0.998899 -0.701733 -1.51929 -1.33496 -1.75468 -0.971704 -1.11778 -0.553177 -1.08102 -0.861189 -0.98419 -1.20102 -1.19016 -1.16537 -0.906239 -0.083011 0.563062 27.6785 80.6148 107.922 138.632 151.281 161.804 187.149 147.994 154.805 165.094 129.544 119.556 114.097 110.712 108.415 106.366 106.861 106.852 108.273 113.723 119.218 122.493 127.254 135.128 146.035 166.735 198.711 188.802 182.117 170.828 155.808 136.805 114.039 86.3085 50.8183 -0.296975 2.30525 1.18197 1.14478 0.897792 1.32176 -1.13292 
-1.66 -1.31402 -1.9965 -0.844261 -1.12776 -0.939663 -1.29509 -1.13036 -1.4898 -1.27059 -1.0675 -1.25324 -0.354356 -0.604245 -1.33623 -0.994459 -1.20659 -0.997659 -1.15391 -1.12727 -0.829211 0.717804 26.0403 78.4676 105.866 139.205 153.266 176.287 175.658 182.675 174.123 174.341 138.509 127.114 120.314 116.018 114.182 112.888 113.047 113.509 115.636 116.215 119.049 123.249 126.271 134.214 144.95 161.056 202.004 189.121 181.498 169.296 155.799 136.71 114.089 87.0424 53.0065 -0.612123 2.38151 1.40546 1.0612 1.24899 1.13025 0.676874 
-0.903176 -1.21796 -1.24743 -1.24082 -1.14203 -1.26866 -1.43747 -1.45401 -1.97804 -1.12719 -0.999226 -1.23008 -0.919082 -1.17112 -0.86252 -0.837195 -1.29412 -0.971618 -1.25617 -0.621035 -0.542967 0.825442 23.3302 77.7526 104.656 137.406 150.258 173.45 176.002 186.671 193.006 197.978 152.997 139.453 131.919 126.336 122.073 119.005 116.906 116.11 116.343 117.403 118.554 120.996 125.74 133.637 143.675 159.56 198.347 189.222 181.433 169.887 156.812 137.138 115.696 88.9924 54.9605 1.56439 3.04473 1.70588 2.07509 2.04534 1.98887 1.95607 
-1.42051 -1.39805 -1.48444 -1.58292 -1.32885 -1.80273 -1.33775 -0.784633 -1.38831 -1.3051 -0.866939 -1.68276 -1.53437 -0.882902 -1.50841 -1.25724 -1.39264 -1.05108 -1.39503 -0.965831 -0.920438 0.442233 22.4807 75.8529 104.068 136.223 152.779 171.012 176.237 189.399 192.073 201.263 153.846 139.834 132.415 126.811 122.91 119.377 117.795 116.933 117.167 116.702 118.406 121.945 126.296 132.195 143.351 158.757 196.262 189.976 181.647 169.888 156.425 138.036 117.175 88.5143 55.3528 2.79053 2.91116 2.31324 2.21898 1.83455 1.729 1.38208 
-1.84027 -1.46381 -1.53296 -1.36473 -2.10356 -1.43219 -1.27951 -1.57798 -1.65578 -0.802486 -1.51708 -1.76057 -1.27998 -1.02086 -1.22935 -1.19249 -1.4793 -1.3595 -1.22482 -2.4001 -0.273534 0.63811 20.8264 74.9854 104.063 134.189 154.787 168.356 174.62 188.245 192.147 198.932 155.416 143.493 133.265 127.134 123.833 120.747 117.93 116.907 115.869 117.648 118.126 122.037 127.74 132.197 141.858 156.159 194.357 189.801 182.754 170.838 157.616 139.1 117.42 90.5791 56.0678 4.12756 2.70937 1.80161 1.98264 1.84823 2.10739 1.96982 
-1.1186 -1.26142 -1.00973 -1.3691 -2.61743 -1.42257 -1.64219 -1.24554 -1.52007 -2.02513 -1.01234 -1.05377 -1.70947 -1.85058 -1.34011 -1.55811 -1.17006 -0.956255 -1.0239 -0.492053 -0.175682 0.617562 19.4912 74.5188 103.864 132.538 153.92 167.609 178.175 185.143 193.625 199.284 158.296 143.353 134.485 128.236 123.875 120.863 117.876 117.331 116.356 117.325 118.208 121.263 125.35 131.938 142.08 155.617 191.006 190.348 181.627 170.2 158.644 139.332 117.094 90.6854 57.4032 4.86356 2.34217 2.0149 1.52356 1.20275 1.17811 1.73187 
-2.04056 -1.48274 -1.64447 -1.4191 -1.62501 -1.16111 -0.752605 -1.60552 -1.38847 -1.82992 -1.26604 -1.44429 -0.782429 -1.29687 -1.18694 -1.09483 -1.25946 -0.553692 -0.944105 -1.34422 -0.349043 0.158995 17.139 73.2229 103.04 130.468 153.441 168.814 176.881 185.113 193.959 200.17 158.897 144.068 135.06 128.988 124.491 121.087 118.36 116.59 116.704 117.13 119.079 121.562 124.712 131.319 141.268 154.364 190.786 191.142 182.553 171.262 158.519 140.598 118.817 91.6184 58.3931 6.08821 2.96975 1.79 1.14535 1.81403 1.78026 1.38893 
-1.99091 -1.37303 -2.20055 -0.776266 -1.75828 -1.35156 -2.18902 -1.20796 -1.73966 -1.53221 -1.53861 -1.29419 -1.8519 -0.816584 -1.09315 -1.2115 -1.33694 -0.866407 -1.67724 -1.2249 -0.198837 -0.126296 16.2792 72.1257 103.726 128.862 152.542 175.938 171.574 184.053 193.717 200.853 160.803 145.289 137.732 129.545 124.768 122.181 119.139 116.714 117.068 116.615 118.481 121.018 124.505 130.752 139.878 153.764 204.023 190.338 183.431 171.694 158.048 141.483 119.446 92.8692 59.5174 7.55612 2.78048 1.52314 1.5422 0.894381 1.32094 1.4878 
-1.29587 -2.68164 -1.5028 -1.70096 -1.65176 -1.17225 -4.13531 -0.914216 -0.93487 -1.64475 -1.0728 -1.43505 -1.72084 -1.17795 -1.34889 -1.46986 -1.35384 -1.34124 -1.13157 -1.15166 -0.669051 0.456153 14.8933 71.5584 101.414 132.561 153.99 166.653 176.288 183.391 192.989 202.593 162.426 147.267 136.198 130.438 125.178 122.115 118.674 118.521 116.857 117.21 118.034 120.038 124.32 131.018 139.022 152.421 188.656 191.553 183.35 172.604 159.657 141.929 119.796 93.981 61.2806 9.41793 3.1264 1.7398 0.994153 1.06214 1.82593 1.79295 
-1.84089 -1.49789 -1.19468 -1.55758 -0.974106 -1.67998 -2.00093 -1.82566 -1.48765 -1.47281 -1.01755 -1.32669 -0.906775 -1.73425 -1.49012 -1.55274 -1.35166 -1.46312 -1.53459 -1.39043 -0.452546 0.39736 14.0519 70.4136 104.785 132.976 149.913 162.802 177.757 183.955 194.134 200.846 164.971 148.693 137.724 129.915 125.857 121.923 119.145 118.11 116.797 117.735 118.235 120.892 124.881 129.885 138.928 150.901 182.896 191.016 183.563 175.7 160.569 143.288 121.626 96.4861 63.6753 10.8729 3.95086 2.06844 1.85742 1.98387 1.53181 1.99562 
-1.20027 -1.93242 -1.65055 -1.67896 -1.48535 -1.69036 -1.69168 -1.46663 -0.791832 -1.67226 -1.47795 -1.48547 -1.97012 -0.786673 -1.64577 -1.19553 -1.71955 -0.852902 -1.51645 -0.855068 -0.696065 -0.224882 10.5267 67.5987 105.842 131.067 146.851 161.053 176.994 184.714 192.03 199.601 170.646 149.852 139.242 131.608 126.687 122.423 119.792 118.587 117.27 117.891 118.695 120.334 124.691 128.785 137.204 148.912 179.679 190.614 185.412 174.939 161.973 146.154 125.54 99.6661 68.2636 15.9306 4.98562 2.94257 2.2925 2.59284 1.88139 2.04977 
-1.2771 -1.42746 -1.84066 -1.38548 -0.939325 -0.916736 -1.94073 -1.11599 -1.36678 -1.27715 -1.15637 -1.66519 -1.42699 -1.1184 -1.54156 -1.44632 -1.04617 -0.844462 -0.521895 -0.868165 -0.664072 0.443226 6.62293 66.5791 102.867 129.63 145.245 162.468 176.296 183.897 192.491 200.235 176.902 151.868 140.925 133.631 126.724 122.879 119.548 118.409 117.837 116.983 118.418 120.225 123.131 129.02 135.255 146.751 175.219 193.555 185.488 175.576 164.1 148.421 129.229 103.328 72.9526 20.9575 5.04028 3.8573 3.2229 2.69595 2.34779 2.01686 
-1.45421 -1.33287 -1.53255 -1.73784 -1.11844 -1.0628 -1.42574 -1.7915 -1.27742 -1.27158 -1.79249 -1.12145 -1.15895 -0.824484 -1.8493 -1.95533 -1.15058 -1.96976 -1.24028 -1.27233 -0.796768 0.711726 6.21648 69.0847 104.848 127.503 145.844 163.333 176.642 182.767 193.036 200.548 178.055 153.337 140.975 132.585 127.29 123.151 119.529 118.421 116.49 117.527 118.16 120.754 122.214 127.539 134.305 146.166 171 193.308 187.835 176.252 165.26 149.852 130.651 105.314 75.5719 23.8118 5.5859 4.22937 4.23233 2.97297 2.82546 2.42747 
-1.09323 -1.31937 -0.881982 -1.6276 -0.958963 -1.27547 -0.961036 -1.32706 -0.926054 -0.952401 -1.28962 -1.89867 -1.76829 -1.49934 -1.17866 -1.72174 -1.15971 -1.12443 -1.23531 -0.996405 -0.836075 0.971834 5.4138 75.4644 109.404 132.693 149.026 163.82 172.669 183.213 192.343 200.375 179.551 153.982 141.423 133.915 128.941 124.151 120.812 118.28 117.459 117.827 118.048 119.842 122.745 127.508 134.678 146.009 162.013 201.719 187.931 177.345 166.703 150.251 132.352 108.519 77.5645 27.6158 5.95827 4.92706 5.10422 3.95599 2.97742 0.986235 
-1.9059 -1.10495 -1.38869 -1.33372 -1.13563 -1.37795 -1.2805 -1.14146 -1.70731 -0.877589 -1.09813 -1.7248 -1.30533 -1.4489 -0.937509 -2.09454 -1.39835 -1.41567 -1.44348 -1.36069 -0.176292 0.983543 12.0141 82.3893 100.704 129.055 144.981 163.458 175.325 186.309 196.782 202.244 182.778 156.907 143.999 135.738 129.834 127.088 122.637 121.254 120.846 121.098 122.071 123.207 126.746 131.12 137.287 147.557 164.877 203.371 189.439 185.896 173.294 157.971 142.121 118.831 92.6443 43.9653 6.89739 7.51617 6.59214 3.04014 1.37424 0.875975 
-1.50889 -2.79354 -1.70222 -1.01477 -1.26737 -1.09058 -1.65468 -1.45247 -1.57143 -0.994731 -1.41612 -1.69649 -1.35316 -0.633881 -1.67216 -1.50164 -1.14987 -1.63765 -1.62721 -0.448339 -0.547149 1.29149 58.8493 109.086 127.694 145.817 163.522 178.437 188.105 194.291 203.132 212.822 190.587 165.586 153.267 144.952 137.231 133.555 130.545 128.192 127.637 129.062 131.518 136.31 140.461 146.755 153.948 167.166 184.73 226.461 217.507 221.457 224.702 218.96 202.562 185.364 163.699 140.282 121.56 96.1917 78.0438 54.605 8.42566 0.133866 
-1.07334 -1.38673 -1.58392 -1.88529 -1.50198 -1.37199 -1.70102 -1.44658 -0.866436 -1.28575 -1.64837 -1.04768 -1.04377 -1.57457 -1.36946 -1.42724 -1.08776 -1.45125 -1.21396 -0.743052 -0.252185 2.23945 69.0896 120.009 149.633 173.283 188.078 200.661 201.393 207.302 218.805 224.258 212.934 187.349 174.523 166.766 163.816 160.66 159.64 158.861 159.753 162.855 164.265 167.662 171.186 176.714 184.876 196.875 212.762 256.068 249.15 252.215 255.421 255.606 252.539 240.573 215.002 184.345 158.64 140.004 118.8 91.9476 55.0182 0.751932 
-1.14492 -1.01069 -1.42684 -1.63724 -0.728564 -1.32411 -1.82051 -1.06591 -1.72673 -1.6897 -1.09008 -0.880554 -1.87013 -1.05651 -1.32428 -1.50908 -1.49305 -1.60373 -0.931536 -1.08283 -0.0972576 22.4548 80.0515 131.888 162.662 184.852 205.386 214.177 216.645 222.594 233.746 245.841 234.075 202.147 188.931 181.843 175.643 172.444 170.52 169.22 168.257 169.354 170.039 174.434 177.442 183.887 192.982 203.251 221.955 265.201 259.926 261.779 259.16 256.27 256.694 244.675 198.762 182.951 164.46 145.476 124.774 100.544 68.7048 10.1101 
-1.1835 -1.30185 -1.53891 -1.11284 -0.736321 -1.6771 -1.99878 -1.58199 -1.6399 -1.2158 -1.0624 -0.973191 -1.06616 -1.50981 -1.32175 -1.27214 -1.19568 -1.04517 -1.51644 -0.790349 -2.42028 35.6594 81.5353 116.737 161.037 185.089 206.556 215.008 219.512 226.061 239.332 248.307 242.422 207.293 195.3 185.75 180.228 176.753 174.029 171.915 172.375 172.796 172.317 176.269 181.255 187.146 195.521 205.125 222.862 267.747 262.424 263.122 256.767 252.502 245.336 220.977 200.814 186.305 167.777 147.136 124.359 97.7168 64.4376 2.76597 
-0.724477 -1.57827 -1.667 -1.34768 -1.66312 -1.71856 -1.35773 -1.40419 -1.41067 -0.813821 -1.84448 -1.18227 -1.10465 -1.06143 -1.93344 -1.31756 -1.35011 -1.17645 -0.952078 -1.12029 -0.827652 18.7989 74.2395 106.723 144.365 178.977 198.397 214.391 217.46 224.942 236.387 246.223 244.808 207.181 193.23 183.724 178.433 175.204 172.756 171.112 170.108 170.36 170.54 174.149 177.261 181.722 188.332 199.447 217.359 259.999 260.522 255.307 249.306 244.592 236.172 215.535 200.695 183.254 161.737 140.348 113.62 82.7978 29.0945 0.369512 
-1.43505 -2.04167 -1.55367 -2.30263 -1.21251 -1.80772 -1.25391 -0.882971 -1.57474 -1.96947 -1.29873 -1.18937 -1.13535 -1.57028 -1.28991 -1.41928 -1.33914 -1.1883 -1.17877 -0.74724 -0.187679 -0.0879134 49.9547 90.0784 124.589 167.113 188.18 204.243 215.96 219.072 232.777 241.029 245.762 203.589 189.62 180.265 174.702 170.946 167.801 165.814 164.449 163.802 163.215 164.848 166.979 171.641 179.57 189.576 204.314 244.392 247.852 243.298 239.401 232.233 221.136 209.738 193.715 173.98 145.835 120.28 90.939 42.6774 0.638074 0.080794 
-1.87582 -0.939536 -1.83263 -1.25564 -1.35935 -1.11182 -1.30095 -1.6645 -1.16543 -1.69486 -1.54823 -1.1208 -1.30436 -1.29035 -1.36283 -1.70473 -1.52291 -1.33848 -1.26123 -0.474515 -0.538025 0.530351 10.6751 68.4007 103.261 138.002 174.467 192.33 205.818 211.714 222.495 232.802 236.335 196.794 182.532 170.905 165.068 159.109 155.651 153.388 150.072 148.646 149.102 150.172 152.408 157.332 161.885 171.83 185.599 222.028 227.819 221.083 214.582 205.907 200.97 186.352 169.655 148.543 118.872 87.7339 40.9944 1.50493 1.74699 0.796674 
-1.50569 -0.952762 -1.40683 -1.73544 -1.10635 -1.63448 -1.09655 -1.6857 -1.2174 -0.94236 -1.44693 -1.01654 -1.71741 -1.12521 -1.41723 -1.17831 -1.31954 -1.84923 -1.06237 -0.81763 -0.35523 0.427304 -0.0304814 44.543 87.8829 117.576 143.463 170.167 189.299 198.576 215.686 220.865 226.218 185.827 170.156 158.872 152.89 147.234 143.324 139.808 138.086 135.865 137.304 137.326 138.89 144.916 149.995 158.576 172.751 208.533 213.138 204.824 195.273 177.4 182.004 163.254 146.798 124.51 97.2499 64.6651 7.0175 2.44894 0.923434 0.670881 
-1.74277 -1.25 -0.741942 -1.15931 -1.10569 -1.26218 -1.22533 -1.26356 -1.2131 -1.31586 -1.33769 -1.7841 -1.24683 -1.83207 -1.36466 -1.48268 -1.23764 -1.32902 -1.12078 -0.562446 -0.360717 0.156223 0.22141 41.0613 87.1871 116.564 139.482 158.186 176.572 175.482 192.381 202.301 208.897 169.706 154.095 144.296 137.967 134.938 132.516 130.766 128.699 129.759 131.041 132.673 135.531 141.273 146.82 155.471 170.032 203.252 212.257 204.775 194.502 175.48 183.627 164.243 146.507 123.649 97.4818 64.176 6.04731 1.96598 1.17028 0.5198 
-1.21991 -1.91448 -1.69782 -1.12789 -1.66575 -1.73195 -0.983906 -1.17648 -1.174 -1.22244 -1.47439 -1.57048 -1.61581 -1.2761 -1.39338 -1.3594 -1.21747 -1.35721 -1.31759 -1.36533 -0.973985 0.501643 0.24888 37.0302 84.1484 113.349 137.89 157.717 177.195 176.645 193.571 201.852 207.877 170.884 153.965 145.337 138.939 134.822 131.99 128.243 129.021 127.862 130.441 130.827 135.137 139.585 146.361 154.935 168.903 202.227 209.61 203.982 193.888 173.127 181.661 162.795 145.565 124.092 98.259 64.1037 7.90822 1.71356 0.810123 0.197335 
-0.950119 -1.50202 -1.68563 -1.60521 -1.18378 -1.3807 -1.20782 -1.25282 -1.1905 -1.1655 -1.17896 -2.05352 -1.38714 -1.30308 -1.35978 -1.19729 -1.08598 -0.843881 -1.07517 -1.44959 -0.517507 -0.855938 0.239605 36.3341 84.2587 112.473 137.179 155.743 177.348 177.524 191.679 201.153 208.702 170.36 154.188 144.893 138.226 133.969 131.261 128.72 129.43 128.182 130.409 130.658 134.206 139.679 143.828 153.159 167.2 201.416 209.672 202.35 191.995 176.685 178.621 161.763 146.174 123.831 98.2615 63.4176 7.50133 0.992687 0.105552 -0.104241 
-1.6037 -0.896553 -1.55271 -1.70541 -1.36929 -1.69185 -1.79388 -1.73038 -1.48972 -1.28451 -0.736429 -1.50385 -1.09909 -1.2046 -1.00096 -1.5593 -1.39149 -1.24655 -1.19272 -1.66899 -1.2815 -0.480699 0.0825652 35.2305 82.3768 111.31 136.007 154.637 176.774 174.181 190.799 200.855 208.913 170.287 153.159 144.274 137.501 133.8 129.995 128.121 127.821 127.541 127.717 131.309 133.935 138.775 143.718 152.404 165.037 198.153 208.414 201.624 194.197 180.429 175.227 163.032 145.29 123.897 99.4803 64.3762 8.2198 0.956811 -0.314544 -0.209248 
-1.46192 -1.57021 -1.38896 -1.06597 -1.21954 -1.60982 -1.1704 -1.33379 -1.30218 -1.50307 -1.8489 -1.15236 -0.996327 -1.40635 -1.36758 -1.03474 -0.810763 -1.66363 -1.36996 -1.71353 -0.699986 -0.544659 -0.114765 31.9288 79.7383 109.839 135.619 154.602 175.265 171.165 189.608 199.486 207.939 170.447 154.105 143.507 138.265 133.013 129.313 127.495 126.829 127.187 127.358 129.237 133.44 137.538 143.281 151.532 164.376 193.447 208.813 202.811 193.766 180.384 172.005 164.318 146.045 125.554 99.9814 67.4871 12.8434 0.713094 -0.678718 -0.0674926 
-1.22324 -1.42895 -1.65981 -1.06691 -1.58156 -1.27264 -1.05136 -1.6756 -1.01445 -1.42961 -1.34445 -0.777254 -1.65853 -1.09125 -0.560415 -1.24933 -1.40906 -0.679298 -0.918712 -0.789992 -1.02198 -0.491359 0.506918 25.048 77.0359 107.663 132.865 153.195 168.499 176.234 188.222 198.483 209.821 171.771 154.178 144.361 136.94 132.632 130.18 128.253 126.959 127.564 128.052 129.079 132.513 135.722 142.407 150.056 161.551 186.406 212.089 203.478 194.728 178.948 175.679 165.556 148.337 129.112 103.639 72.2448 17.0637 0.944621 0.217483 -0.225506 
-1.08137 -1.9403 -1.53939 -1.74801 -1.77648 -0.83488 -1.27889 -1.0841 -0.413307 -1.33451 -1.21569 -1.60082 -1.17307 -1.40662 -1.28334 -1.48705 -1.61858 -1.01573 -1.53312 -1.66276 -0.999934 -0.564552 0.0819706 25.2351 76.1216 107.02 132.177 151.428 167.744 174.394 188.518 197.453 209.883 170.918 154.74 143.884 137.253 132.998 129.122 127.608 125.723 127.055 127.193 128.944 130.855 135.504 142.007 148.955 160.606 180.943 213.349 204.771 194.516 181.692 176.979 166.302 148.778 128.751 103.923 72.9281 18.5898 1.17663 0.160748 -0.424733 
-1.32741 -1.63082 -1.28072 -1.47143 -1.38989 -1.4906 -0.767612 -1.28083 -1.32589 -1.08332 -1.34629 -1.24907 -1.14142 -0.86488 -1.01761 -0.831727 -1.48697 -1.15998 -1.19304 -1.22614 -1.00389 -0.500937 0.521979 21.863 75.3731 106.038 131.46 152.365 168.497 173.075 187.039 196.961 208.466 170.723 154.623 143.617 136.156 132.876 128.809 127.368 125.97 126.319 126.84 128.891 131.875 135.863 142.226 148.226 160.407 176.395 217.932 205.835 193.516 184.191 173.221 165.582 149.253 129.54 104.618 72.3106 19.2703 1.22631 0.268121 -0.182207 
-1.32524 -1.08027 -1.16144 -1.91141 -1.50286 -0.820618 -0.935263 -1.50186 -1.51625 -2.29644 -1.17098 -1.31575 -1.5984 -0.947101 -1.51038 -1.34725 -1.44384 -1.24443 -1.08488 -0.925949 -0.824698 -0.376745 -0.621476 20.3843 73.6182 104.42 130.78 151.941 167.487 172.576 186.019 197.028 208.745 185.496 153.105 143.52 135.468 131.99 128.67 127.266 125.522 126.14 126.75 127.603 130.782 135.21 141.765 147.693 159.502 175.442 216.19 204.806 196.146 184.778 172.964 168.007 150.062 131.027 105.471 74.3365 20.2174 1.90989 0.716063 -0.00692756 
-1.00542 -1.22696 -1.71869 -1.92334 -0.873432 -1.9252 -1.0797 -1.21955 -1.84294 -1.10332 -0.803853 -1.07572 -1.68133 -0.819134 -1.36729 -0.932747 -1.46103 -1.53582 -0.939012 -0.981775 -1.15263 -0.0410321 0.944573 20.5124 74.2626 105.263 130.458 150.851 166.808 172.2 185.512 197.401 213.407 170.86 154.29 144.873 137.463 133.529 129.27 126.638 127.587 125.779 127.081 128.113 131.586 135.676 141.112 148.98 159.06 175.54 215.993 206.171 197.503 185.57 175.33 168.244 151.331 131.728 106.816 76.6368 23.7402 2.10352 1.18152 0.957673 
-1.2251 -0.978977 -0.959778 -1.30967 -1.21434 -0.986169 -1.0911 -1.21292 -1.37044 -1.30983 -1.52353 -1.70075 -1.03445 -1.4679 -1.22365 -1.25993 -1.72689 -1.31257 -0.373506 -0.575667 -0.270172 0.459147 1.26995 18.3697 73.2814 105.163 131.418 151.532 168.755 170.979 185.581 196.317 212.788 170.874 154.259 142.766 137.558 131.787 129.042 127.749 125.996 126.136 127.58 128.731 130.125 136.276 140.542 147.985 157.735 175.342 216.483 205.184 196.7 185.591 175.453 168.654 153.251 133.024 108.195 78.4194 25.7439 3.48479 2.21682 1.2909 
