0.386542 0.316364 0.121344 0.264353 0.065334 0.149287 0.130621 0.533385 0.231536 0.304846 0.487706 0.529065 0.258502 0.59395 1.19273 1.05387 39.6587 84.2099 113.307 136.87 155.754 173.699 169.375 186.652 198.997 207.259 191.963 162.112 148.624 140.758 136.136 131.355 127.883 128.735 127.254 128.868 130.367 132.393 136.855 140.305 148.599 160.478 184.164 207.907 200.804 193.47 180.033 174.197 165.059 149.27 128.845 102.525 70.2741 14.278 1.42302 0.223092 -0.202975 -0.263698 -0.377485 -0.214645 -0.0774525 -0.212575 -0.0244063 -0.0788509 
-0.271969 0.164935 0.282422 0.667845 0.225713 0.0864022 0.179975 0.48342 0.371299 0.136607 -0.228332 0.146987 -0.173174 0.600391 0.982603 1.53314 39.3481 83.7874 113.644 137.458 155.585 173.096 172.334 187.443 197.886 204.906 192.858 163.242 148.969 141.46 135.686 130.949 128.561 127.759 126.65 128.095 130.478 131.918 136.092 140.902 149.283 161.038 185.19 209.331 200.14 193.716 179.833 174.333 165.892 149.026 127.956 101.807 69.5223 15.0286 1.52225 0.409374 0.0102603 0.222232 -0.0993853 -0.0375634 -0.0211952 -0.176575 0.0595008 -0.142377 
0.492289 0.0867338 0.192472 0.501376 0.479184 0.0655001 0.307344 0.562124 0.107255 0.740814 0.0699871 0.485384 0.568242 0.672715 1.01104 1.54781 39.471 83.2329 113.612 136.504 156.284 173.93 171.674 185.777 197.96 205.947 193.907 163.766 150.175 141.742 136.076 133.036 128.695 127.598 127.901 127.989 129.77 132.46 135.584 141.129 149.142 160.298 184.462 209.481 200.007 193.136 179.239 173.899 166.29 148.609 127.973 102.69 71.497 14.324 1.03898 0.0515295 -0.169371 0.145909 0.418937 0.0981508 -0.0858398 0.249818 0.351432 0.250492 
-0.19481 -0.105058 0.325856 0.604297 0.45815 0.47841 0.503864 -0.143932 0.168982 0.276701 0.407276 -0.129488 0.483074 0.716127 1.73565 1.41708 36.7778 84.5989 113.323 136.611 154.606 173.64 170.246 187.77 199.814 208.39 194.181 163.805 148.988 141.796 135.82 132.25 129.462 129.363 127.628 129.065 133.408 134.929 140.559 142.18 149.07 161.66 186.813 210.541 202.303 195.216 181.18 174.852 165.772 148.652 128.806 102.081 70.3126 14.9744 1.63793 0.769981 -0.144436 0.172853 -0.0361758 0.0128935 -0.0415397 -0.305784 -0.252625 -0.616919 
0.358594 0.544321 0.285585 0.467861 -0.0774426 0.568105 -0.187544 0.615355 0.47471 0.0661204 0.591068 0.484634 0.279187 0.388879 1.45228 2.09515 37.0106 83.3998 112.979 137.001 156.449 173.009 174.579 188.884 199.544 207.047 197.331 164.134 150.521 142.902 136.739 133.271 130.167 130.061 127.682 128.585 133.429 134.002 137.442 142.455 149.616 161.738 188.238 210.322 203.002 195.236 181.023 175.197 165.698 149.271 128.425 102.754 70.9944 14.9596 1.38684 0.807731 0.306404 0.35456 0.135057 0.225556 -0.27221 0.207436 0.379438 -0.0660406 
0.539868 0.0953064 0.285678 0.133136 0.363582 0.609717 0.0829249 0.145241 0.479259 0.127276 0.60038 0.256007 0.333928 0.862272 1.36083 2.26524 37.0238 84.5863 113.492 137.473 155.085 173.584 173.037 189.512 200.81 206.72 198.154 165.202 150.99 144.542 137.52 133.653 130.394 130.151 128.436 129.391 133.156 137.561 138.278 142.052 150.067 163.359 188.329 211.035 203.887 195.527 181.877 175.785 166.882 150.103 130.131 104.148 71.9717 15.3121 2.14782 0.549177 0.563916 0.36056 -0.103956 -0.0912201 -0.236793 0.0699828 -0.107378 -0.200262 
0.338996 0.330485 0.13468 0.234554 0.17134 0.0123339 0.363176 0.455521 0.35921 0.355262 0.643103 0.315595 0.609768 1.24103 1.28263 2.73909 29.9788 81.6583 111.989 136.048 155.833 171.476 174.316 189.325 200.99 207.807 202.477 169.301 153.588 145.464 139.688 135.55 131.57 131.238 130.87 130.396 131.803 134.571 139.266 143.549 149.937 161.597 179.055 220.589 206.068 198.292 188.365 178.247 169.555 153.594 133.016 108.645 77.2144 20.693 2.58418 1.27417 0.703321 0.268063 0.130482 -0.03222 0.00964902 -0.0545915 -0.170961 0.143208 
0.0985661 0.329837 -0.19794 0.481715 0.178077 0.527895 0.105372 0.772125 0.273211 0.484599 0.4342 0.322889 0.896957 1.41986 2.29495 3.09852 29.3841 80.2291 110.223 135.308 154.583 170.63 179.268 191.881 199.982 208.91 205.938 169.8 154.525 147.477 140.664 136.36 132.142 131.217 131.584 130.77 132.281 136.632 139.529 144.265 150.347 161.492 177.286 220.034 205.875 198.271 187.116 177.58 170.395 152.367 134.732 108.953 78.1444 24.9294 3.39027 1.8867 0.803642 0.668923 0.185212 0.276188 -0.14196 -0.049239 0.158924 0.360816 
0.589921 0.163205 0.302204 -0.012644 0.126238 0.0790095 0.230301 0.324975 0.234234 0.0245869 0.362767 0.413886 0.75557 1.02778 2.37985 3.60203 26.9435 80.1573 110.925 134.969 156.088 172.38 180.012 193.858 202.215 212.015 210.613 173.61 159.681 148.809 142.59 139.071 134.104 134.096 132.865 133.454 134.003 136.616 139.699 144.247 152.473 164.8 178.155 221.841 207.2 201.086 189.851 179.432 171.606 154.827 135.283 109.593 78.6676 23.3113 3.20151 1.70245 0.690476 0.337183 -0.206026 0.106003 -0.262148 -0.123879 -0.219246 0.233404 
0.47563 0.305185 0.45404 -0.250165 0.772118 0.482487 0.432807 0.329531 0.606123 0.136327 0.620092 0.701797 0.817259 1.18836 1.93857 1.9358 34.6295 90.7436 122.618 149.872 168.12 185.549 191.474 202.945 214.077 225.27 224.875 188.437 170.43 161.925 153.401 148.028 139.34 138.758 137.121 137.212 139.592 143.738 147.899 151.865 160.142 173.055 188.925 232.087 218.649 210.575 198.433 190.006 178.328 163.199 142.261 119.351 90.0789 42.5966 5.41407 1.72702 0.91372 0.186314 0.347934 0.0627084 -0.270439 -0.257303 -0.0147674 0.023993 
0.0693617 0.256957 0.206509 0.436562 0.27298 -0.0284165 0.188136 0.409602 0.071028 0.328348 0.325682 0.729763 0.639979 1.36118 2.45777 20.9942 80.7374 112.534 136.642 160.683 181.625 200.603 210.38 227.031 242.548 251.722 246.209 208.486 185.109 176.651 172.233 165.759 163.554 161.969 161.481 162.07 160.99 160.922 163.72 166.121 175.443 184.998 201.589 244.473 235.061 226.601 215.297 206.551 196.452 183.214 165.446 142.173 117.392 89.2072 44.1214 0.226023 0.970101 0.421469 0.165382 -0.33725 0.322556 0.0975291 0.0267288 0.153032 
0.625781 0.277923 0.147194 0.33642 -0.065912 0.450254 0.22077 0.361125 -0.0175068 0.791913 0.606094 0.579615 0.864971 1.172 -0.325194 51.212 102.699 134.368 161.862 184.329 200.59 215.335 223.745 241.134 253.241 263.87 254.871 212.47 193.251 184.706 178.278 173.108 169.106 167.575 166.205 166.781 168.737 172.292 176.977 183.079 192.331 207.971 227.309 272.906 264.108 257.35 249.097 237.751 223.877 210.06 194.925 173.872 148.436 121.302 89.994 44.4301 6.49849 0.801295 -0.372446 -0.335744 -0.49971 -0.322522 0.229286 -0.0793761 
-0.141116 0.0507951 0.284441 0.57367 0.187383 0.412986 0.268008 0.434481 0.481973 0.58479 0.618812 1.03857 0.733688 0.373531 35.6097 88.8897 119.037 145.193 168.631 188.292 203.313 218.048 227.669 250.963 267.68 278 244.719 213.279 198.16 188.42 184.055 178.351 174.815 173.203 173.956 176.288 178.992 179.904 184.121 192.563 200.756 215.318 235.681 281.811 268.135 262.21 253.105 245.499 235.315 220.591 205.137 186.322 165.254 141.264 116.176 86.8757 43.8825 -1.52072 0.224789 0.0435252 0.18537 0.00718587 -0.223321 0.126972 
-0.00330125 -0.160492 0.339541 0.419815 0.212175 0.54517 0.443133 0.425396 0.119305 0.645345 -0.178577 0.574408 0.938885 11.9574 71.7485 101.137 126.371 150.151 171.405 192.177 208.407 221.527 233.419 244.413 265.328 274.6 252.452 215.808 200.412 193.521 189.018 185.067 182.247 179.274 177.815 177.54 179.537 180.535 183.655 193.937 202.153 216.362 238.193 278.801 269.573 262.207 253.858 247.059 232.826 221.164 204.603 186.489 168.211 145.711 121.304 93.085 51.774 -2.52082 -0.52302 -0.143393 -0.123963 -0.0605393 0.17569 0.0487908 
-0.0865455 0.229959 0.610421 0.153297 0.0962287 0.878651 0.103425 0.140404 0.38609 0.529227 0.516604 0.655706 0.608473 23.9208 78.1841 106.724 125.711 144.657 162.1 180.386 196.256 207.88 218.239 217.508 194.249 193.797 215.19 190.873 185.252 170.573 163.16 157.379 152.545 151.843 151.847 153.922 155.508 158.627 162.524 168.129 188.528 202.006 226.435 261.895 248.966 243.223 237.758 229.127 215.321 201.749 187.245 167.554 149.458 122.978 77.9831 50.3859 20.0042 0.187004 -0.0676713 -0.2195 -0.0151348 0.584409 -0.150293 -0.0471072 
0.353191 0.222869 -0.0832387 0.734645 0.173369 0.33112 0.358237 0.767383 0.351553 -0.0724113 0.91221 0.558346 1.31042 6.01276 14.972 26.5758 70.2899 108.436 132.655 154.093 170.974 185.135 194.876 182.631 160.628 155.848 179.884 153.995 152.653 152.464 151.048 145.44 141.285 140.823 140.381 140.807 140.788 142.785 145.022 149.165 168.716 189.556 209.876 235.268 226.125 218.481 209.497 197.409 183.07 165.769 144.199 119.739 84.1854 24.8319 -1.35536 0.400539 1.36212 0.107148 0.377484 -0.0403119 0.129226 0.174723 0.268166 0.0814001 
-0.0256568 0.328832 0.248708 0.323098 -0.0965006 0.274634 0.595834 0.331162 0.52267 0.0666562 -0.0115892 0.61306 1.01067 1.27367 1.98222 2.45 3.37637 55.0442 95.8015 123.421 144.995 159.714 176.631 144.674 126.131 118.659 148.887 135.535 126.803 117.97 121.406 125.57 122.68 121.573 121.653 121.181 122.004 123.151 127.242 129.835 149.092 156.474 168.414 206.308 204.551 195.255 184.957 172.955 157.122 138.833 115.301 87.0734 39.4724 2.0659 2.66144 1.53904 1.63551 0.735247 0.0721491 0.549997 -0.233005 0.396839 0.0957444 0.521249 
0.329621 0.213493 0.370972 0.375829 0.217132 -0.314129 -0.0248854 0.357962 0.298796 0.158953 0.354368 0.636171 0.743836 1.69909 1.49635 2.76679 3.32819 42.1093 87.775 115.726 136.826 155.128 170.696 126.567 116.08 107.399 125.733 128.729 123.738 113.154 110.484 110.994 120.606 120.39 118.673 118.801 119.948 121.977 125.138 127.384 146.695 147.33 164.278 200.273 199.753 190.762 182.325 168.946 155.821 135.376 111.339 84.1917 36.4608 3.18769 2.46791 1.43456 0.902573 0.645418 0.140374 0.181863 0.258356 0.355 0.341834 0.322242 
0.324327 0.284054 0.546041 0.750477 0.158662 -0.048027 0.341492 0.486243 0.126449 0.279901 0.624663 0.653958 0.673395 1.30344 1.86717 2.34406 3.0883 34.6822 84.3486 111.12 135.826 152.158 160.411 120.13 108.124 101.412 119.166 110.39 119.041 111.641 107.582 105.225 105.941 115.168 117.828 117.437 120.108 120.438 123.868 126.348 144.107 146.496 161.157 198.017 198.397 190.587 180.805 167.514 153.444 135.412 108.876 80.3035 34.1317 2.93783 1.56505 0.751615 0.542979 0.387637 0.0967928 0.327833 0.391836 -0.070429 0.322275 0.327973 
0.522428 0.33378 0.111247 0.408261 0.984943 0.25843 0.452697 0.297441 0.929977 0.420967 0.575255 0.424028 0.491219 0.887384 1.4823 2.43535 2.59533 29.0973 82.0493 109.157 135.986 149.399 153.233 116.528 104.563 96.0487 113.362 106.872 103.833 109.248 105.339 102.939 101.898 103.1 112.891 117.447 118.906 120.547 125.767 127.476 139.405 145.179 159.295 194.774 197.988 188.551 179.395 165.782 152.241 133.54 109.239 77.866 31.1344 2.35487 1.28196 0.62645 0.361784 -0.0359842 0.0168438 -0.107542 -0.189636 0.365942 -0.0439162 0.0243022 
0.487082 0.393706 0.08461 0.551473 0.629418 0.0654137 0.0977196 0.172428 0.369822 0.329897 0.361295 0.552756 -0.143137 0.527314 0.971534 1.79258 2.6763 25.3326 78.2703 106.437 135.421 149.263 150.442 114.675 101.665 94.9151 106.416 109.922 98.3652 99.8606 105.647 102.158 99.5244 100.984 103.125 114.135 118.018 118.533 122.22 127.399 137.966 143.282 158.519 192.971 196.908 188.854 178.155 165.454 150.975 132.304 107.776 77.8974 29.3935 2.25102 0.526716 0.0483081 -0.108272 0.401944 0.150383 -0.42116 -0.210759 0.152287 -0.0643746 0.127359 
0.554251 0.360573 0.276855 0.0218783 0.176911 -0.150286 0.302209 0.547152 0.394214 0.367912 0.498545 0.265926 0.633431 0.211683 1.00484 1.47314 1.83986 20.0682 77.6675 106.233 133.223 149.787 151.599 114.808 101.561 94.0325 102.368 112.529 100.277 96.1979 102.801 101.916 99.9617 98.595 100.797 107.836 117.283 118.198 121.621 127.828 137.39 141.456 157.382 189.91 196.474 189.952 178.116 165.266 150.826 132.189 106.671 78.7904 27.4228 1.88099 0.352871 0.337159 -0.170507 -0.168521 0.503309 -0.0521016 0.272497 -0.421892 -0.161628 -0.0801902 
0.561156 0.72748 0.441787 0.733759 0.211754 0.208656 -0.0497411 0.156084 0.355314 0.490214 0.455589 0.532402 0.635001 0.531572 0.804613 0.979415 1.71419 19.5386 74.4059 105.178 133.664 152.082 154.683 117.818 104.366 95.7599 102.286 115.199 99.9049 94.5915 97.5609 102.33 99.8283 99.6836 100.938 103.403 117.046 117.957 120.032 128.546 138.244 142.685 154.476 187.101 197.675 188.958 178.438 164.054 151.228 131.098 106.359 77.8108 27.78 1.72338 0.716051 0.612413 -0.0883598 0.0961208 0.0398696 0.38547 -0.365783 0.0271611 0.246983 0.151203 
0.567219 0.506266 0.141513 0.124607 0.526294 0.112741 0.509295 0.592628 0.457573 0.205149 0.619491 -0.101664 0.316997 0.533412 0.491547 1.2176 1.96104 13.6954 68.4459 101.72 128.119 148.878 162.592 122.988 107.665 99.3965 101.765 120.187 102.85 95.2416 95.5209 101.421 100.331 99.1011 100.828 103.534 114.991 117.673 119.08 130.452 136.783 141.651 152.224 183.593 196.935 188.442 179.209 165.434 152.076 132.907 107.911 79.4516 34.6696 1.79019 0.722378 0.119426 0.209634 0.0969107 0.295621 -0.316947 -0.0228966 -0.314798 -0.200233 0.255678 
0.359489 0.833632 0.798584 -0.123576 0.638721 0.285966 0.414895 0.27578 0.569048 0.378876 0.34775 0.46948 0.211046 0.7192 1.40754 2.07244 2.25431 8.36584 63.811 99.4035 127.309 147.624 167.5 128.887 111.193 101.29 102.195 125.229 104.195 97.9082 97.3458 99.8262 101.109 101.065 101.854 103.529 113.823 117.654 117.645 130.842 132.95 139.817 152.327 178.034 196.429 188.893 179.221 167.02 152.508 133.83 109.851 80.986 35.5144 4.08897 0.473744 -0.0670922 0.316678 -0.135868 -0.441074 -0.215724 0.206206 0.0804238 0.511259 -0.218772 
0.138097 0.526982 0.391298 -0.191104 0.00208725 0.295148 0.537069 0.428088 0.610016 0.712477 0.430349 0.088032 0.209889 0.808862 0.895521 0.862462 2.27436 7.22388 63.999 97.2961 128.797 148.777 161.253 142.592 114.713 104.863 103.338 128.899 107.689 100.12 98.44 99.7596 102.619 101.659 102.996 106.123 114.83 117.969 118.325 130.305 132.155 139.146 149.925 176.23 196.699 189.3 179.322 168.244 151.682 133.751 109.98 81.3526 35.1577 3.60768 1.50608 0.372675 0.115388 0.102106 0.250214 0.0778515 -0.0985635 0.422612 -0.0727687 0.19065 
0.503626 1.02749 0.5373 0.841778 0.269425 0.124663 0.390358 0.531911 0.337866 0.429411 0.456352 0.619383 -0.0787693 0.515605 0.869617 1.30301 1.965 5.92333 63.1947 96.473 127.685 149.111 162.208 150.801 118.819 107.753 105.566 133.08 111.212 102.752 100.319 101.471 105.084 103.928 104.678 109.374 116.11 117.37 119.97 128.749 130.2 138.355 148.52 171.962 196.652 188.932 178.536 167.265 151.826 134.189 109.484 81.0656 34.7301 4.0717 1.93483 0.363953 -0.00653073 0.0416767 0.158606 0.0973375 0.259718 -0.306167 0.0296872 0.341757 
0.00875812 0.956631 0.712089 1.06591 0.350867 0.32664 0.338203 0.0978199 0.0592798 0.0391797 0.368525 0.765747 0.761812 0.934587 0.827138 1.08305 1.33407 5.22446 61.1707 95.8117 125.919 149.189 162.556 162.208 124.5 112.645 108.763 137.793 114.83 106.558 103.794 106.638 106.82 106.546 107.47 111.553 115.62 116.525 122.931 125.141 129.69 137.376 147.859 166.963 201.268 188.763 178.893 165.55 151.696 132.166 109.515 80.4749 35.4581 3.9407 2.78523 0.361192 0.017985 0.272483 0.193118 -0.304252 -0.474591 -0.273382 -0.0356583 0.421839 
0.404199 0.189474 0.75944 0.841466 0.490454 0.178241 -0.00736583 0.836926 0.678836 0.579911 -0.0247003 0.466576 0.515861 0.232143 -0.221558 1.44085 1.93613 4.80224 60.144 94.4217 122.689 149.895 162.581 169.875 132.107 117.434 112.649 143.664 119.319 111.24 108.908 112.992 109.274 110.26 111.567 116.628 116.137 116.975 122.664 125.376 129.742 135.855 146.937 162.379 203.481 188.53 179.561 165.958 152.968 133.583 109.134 78.9933 37.0476 4.8664 2.57589 0.438619 0.109613 -0.217908 -0.122755 -0.154996 0.179479 0.0652141 0.228506 0.215493 
0.160515 0.798446 1.02691 0.310014 0.511266 -0.0641868 0.423293 0.109231 0.516354 0.266198 0.087744 0.178127 0.131662 0.877649 0.568147 0.842587 1.58629 4.08108 59.3 94.5626 119.486 150.72 163.554 174.973 142.383 124.359 118.813 151.559 126.717 119.748 118.621 115.741 113.839 115.396 117.84 115.63 116.111 117.74 120.275 124.703 128.203 135.412 145.582 160.452 201.136 187.822 179.423 166.907 152.167 133.174 109.491 82.5047 37.2029 3.33218 2.25295 0.068843 -0.20032 0.123428 -0.326474 0.389981 -0.0985657 0.281436 0.586393 0.370102 
0.30832 0.861669 0.417224 0.693254 0.720224 0.129149 0.522341 -0.125351 0.0624955 0.206848 0.440392 0.386089 0.992522 0.689028 0.832175 1.21008 1.58313 3.19176 59.3005 92.77 120.049 152.146 164.006 173.584 168.756 135.25 129.343 163.657 138.291 133.128 125.48 121.931 123.193 118.863 117.24 116.369 115.824 115.863 121.399 124.883 128.404 134.78 144.289 160.447 198.086 188.566 179.604 166.77 152.698 133.375 110.201 85.5953 36.6377 2.89043 2.48347 -0.374362 -0.132033 -0.137643 -0.174782 0.117026 0.0829616 -0.122821 0.0334381 0.268451 
0.513797 0.480461 -0.201822 0.845855 0.306771 0.581956 0.689375 0.484835 0.547964 0.0464384 0.690715 0.162744 0.513992 0.677889 0.464694 0.748603 1.89226 0.0443172 59.848 93.6864 118.241 146.471 167.518 174.15 184.22 158.901 155.522 185.899 157.385 143.786 136.247 128.716 123.934 121.039 117.512 115.707 115.221 116.356 120.26 123.775 126.833 133.888 143.714 160.244 196.153 187.478 178.888 167.32 152.667 133.748 114.012 82.0329 36.9657 2.2345 1.42966 0.253032 -0.403287 -0.11211 0.139585 0.127554 -0.332201 0.540832 0.0443927 -0.136647 
1.78162 2.03312 1.49372 1.48002 1.48815 0.746514 1.3591 1.02056 1.31455 1.67256 0.856986 1.46184 1.77096 1.37575 1.85877 2.08682 2.93215 1.4744 60.5154 95.4928 120.724 141.084 174.619 176.915 185.571 196.829 202.049 209.625 171.018 151.542 139.396 132.459 121.906 118.577 116.597 114.621 113.923 114.444 117.704 120.231 125.087 131.025 140.459 155.639 191.712 187.042 177.963 165.88 150.924 137.277 108.957 79.4617 37.2229 2.2555 1.29712 -0.256083 -0.29288 0.0866135 0.195545 -0.20898 0.351741 -0.31402 0.211753 -0.269124 
2.83619 1.27866 1.76752 1.65147 1.50259 0.994961 2.15849 1.38042 1.59164 1.59576 1.6744 0.640533 1.75083 1.69284 1.29226 2.1593 3.00831 1.33586 60.5047 94.3248 120.93 141.37 174.848 176.687 185.672 195.424 201.833 212.233 172.287 154.592 141.609 134.175 122.133 118.72 117.04 114.564 114.907 114.565 117.925 120.613 124.08 130.877 139.093 154.614 192.217 186.733 177.371 165.024 154.194 135.117 109.518 79.9603 37.7564 1.7164 1.59904 0.227222 -0.275745 0.0197356 -0.232675 0.0870072 0.430444 -0.211094 0.014964 -0.0772511 
1.20215 2.5211 1.19548 1.73786 1.7169 1.80772 1.74685 1.87114 1.47027 2.28321 1.5222 1.62703 1.81738 2.33976 1.50867 2.30496 3.01048 0.155101 60.077 94.2452 121.059 142.616 161.456 189.536 186.671 196.868 202.165 215.414 174.558 154.88 142.357 134.728 122.671 120.472 117.038 114.766 114.495 114.924 117.703 120.594 124.24 131.129 139.352 154.121 188.756 187.943 177.916 165.736 153.979 133.064 108.785 80.9454 38.7036 2.08415 1.2241 -0.0680044 -0.188056 0.131463 0.0297321 0.232096 0.128448 0.0947796 0.139574 0.098785 
2.34978 2.49284 2.19725 2.30172 1.38043 1.70944 1.62587 1.37935 1.6693 0.941735 1.7435 1.97604 1.18403 1.2486 1.76642 1.83515 2.70688 -0.121508 60.4965 93.7332 120.581 142.278 157.289 201.7 186.144 196.384 203.428 211.194 179.563 156.665 143.495 135.669 123.815 120.064 117.427 115.373 114.486 114.271 117.215 120.364 123.945 129.485 138.504 152.956 188.441 187.905 178.25 165.13 155.601 132.827 109.928 81.1668 39.9201 2.02984 1.05154 -0.106538 -0.0678682 -0.225155 -0.446832 0.129412 -0.272909 -0.0306726 -0.621619 0.275844 
2.45655 1.85363 1.41105 1.27126 1.17551 1.65557 1.90853 1.41722 1.69391 1.42258 1.27453 1.42507 2.12584 1.46194 1.53293 2.30035 2.64755 1.0442 57.5685 92.9683 119.772 141.104 159.221 202.95 183.108 197.864 204.437 211.196 186.127 157.316 145.046 136.293 123.644 120.008 117.374 115.506 115.116 114.61 117.41 120.022 124.046 130.075 138.654 152.925 187.54 187.229 178.206 166.661 155.9 132.677 110.777 82.1239 40.6752 1.90376 0.844598 -0.240942 -0.0320911 -0.134602 0.659309 0.0842467 -0.327029 -0.00140455 -0.0209936 -0.107077 
1.80698 2.05505 1.01839 1.90424 1.6981 1.97864 2.42358 2.5902 1.51948 1.77166 1.35769 1.48014 1.13827 2.10294 2.09444 1.80453 2.97721 0.437901 55.7488 91.6709 120.171 141.948 158.499 193.278 189.166 197.604 205.628 209.595 188.468 157.706 145.367 135.862 123.902 120.196 118.23 115.48 114.661 115.961 118.147 118.225 124.175 128.939 138.388 150.717 184.307 188.328 178.68 166.082 157.249 134.986 111.542 82.9034 49.8068 1.69692 1.1366 0.0897573 -0.313326 0.176097 -0.741308 -0.415115 0.366151 -0.494022 -0.180591 -0.295093 
2.15175 0.828782 1.77636 1.99571 1.28932 2.17736 2.34772 2.3522 2.15476 1.2037 2.07613 1.79303 1.8254 2.20059 1.81389 2.40972 2.89031 0.493277 56.7218 92.4584 119.182 140.949 158.381 173.126 203.028 197.38 204.091 210.699 190.713 159.043 145.467 137.139 125.022 120.47 117.63 116.294 114.652 115.098 115.072 121.89 123.627 129.203 137.418 150.544 185.228 188.041 180.161 170.222 153.302 134.291 110.389 82.939 45.1397 0.750762 1.20331 0.244587 0.138263 0.393287 0.0282315 0.0778434 -0.487627 -0.387007 0.10604 0.276232 
1.60616 2.00695 2.23419 1.75849 1.64109 1.68353 1.85875 1.31829 1.51266 1.80069 1.35007 1.98056 2.6192 1.93324 1.71647 1.86973 2.72056 0.135616 55.9977 92.5819 119.59 140.81 159.548 168.323 204.652 196.21 205.659 210.722 195.103 160.591 147.595 138.172 126.298 121.19 117.604 115.488 119.791 115.272 115.668 122.161 122.762 129.279 137.408 149.905 183.915 187.717 179.833 170.009 154.323 135.606 111.564 84.3574 47.1557 1.13407 1.58335 0.387207 0.512947 0.186146 0.470908 -0.0631683 -0.0604641 -0.0593133 -0.0224959 0.483431 
2.06172 1.2468 1.9391 1.58012 1.29025 1.32521 1.51308 1.9716 2.177 1.99761 1.4442 1.27423 1.83121 2.28619 1.41031 2.27724 2.89603 2.40303 50.4758 91.6255 118.877 138.903 158.573 170.071 198.14 197.185 205.487 212.368 198.287 162.7 147.878 139.064 126.368 122.101 118.755 116.879 118.266 116.614 116.175 118.275 125.409 128.88 137.269 148.697 180.655 190.158 182.586 171.127 156.694 137.792 114.99 87.4187 52.833 2.00503 2.13793 1.00144 0.747798 0.717146 0.772418 0.148585 -0.322995 0.158542 -0.148633 -0.0277677 
1.88098 1.88388 1.12078 2.17911 2.17344 1.85112 1.93637 2.05857 1.67143 1.73081 1.03119 1.33591 1.14635 1.9549 1.55466 2.01442 3.6054 4.10305 44.7584 89.668 116.605 139.825 157.056 169.44 193.228 200.577 204.67 212.17 202.685 166.019 150.406 139.349 127.396 121.638 119.009 116.532 116.145 115.335 115.531 117.599 124.02 128.967 136.327 148.842 176.795 191.974 183.094 170.824 157.575 141.555 119.031 90.8268 57.643 5.2713 2.45525 2.07273 1.61162 0.969095 0.731463 0.470274 0.428402 0.012511 0.0923603 0.385067 
1.60328 1.73665 2.38387 2.00215 1.72043 1.82098 1.5462 1.58208 1.97735 1.44211 1.7609 1.96759 1.84511 1.7509 1.96168 1.84533 3.26927 3.1667 43.0688 90.0349 115.014 138.115 156.079 170.058 187.545 205.307 206.634 214.274 207.128 167.341 151.345 140.445 127.558 122.458 119.202 117.509 115.58 115.311 115.967 117.803 121.688 130.766 135.936 149.005 175.49 194.425 181.935 171.828 158.806 142.741 120.338 92.8478 59.6768 5.06225 3.22812 2.40757 2.04076 1.38529 0.558954 0.249873 0.208947 -0.338988 -0.352333 -0.107337 
1.57897 1.63762 2.10961 1.80972 2.44109 2.05792 2.22945 1.96705 2.38864 2.16834 1.44278 1.25453 1.03931 1.89294 2.26059 2.61486 3.56218 4.63695 41.2254 90.0056 116.864 140.248 156.814 170.735 181.264 213.174 207.884 214.113 208.478 168.202 151.474 140.992 128.518 122.225 119.566 117.478 116.497 115.759 115.55 117.995 123.253 129.921 134.877 149.272 173.871 194.715 186.595 175.865 162.596 147.692 123.438 95.029 60.9536 7.1157 3.84802 2.84355 2.59224 1.939 0.593462 0.0319552 0.386456 -0.00725759 0.00818933 -0.221686 
2.35164 2.42231 1.41595 2.61842 1.68493 1.58196 1.80695 1.28397 2.16265 1.97805 2.09405 1.60031 1.92046 1.57528 2.28298 2.70792 3.19026 5.59726 56.5392 93.8905 120.493 143.955 162.765 178.057 190.003 224.553 214.173 220.58 214.808 172.445 156.882 145.229 131.03 126.945 122.042 120.299 118.886 119.536 119.329 121.255 125.443 133.019 136.831 150.414 178.315 205.138 193.391 175.041 159.784 141.905 122.725 97.202 63.9314 10.3724 4.42867 3.51546 2.80876 2.29557 0.928 0.534355 0.0249364 -0.471531 0.123112 0.218368 
1.13472 1.86767 1.29293 1.55289 1.7928 2.07531 1.25894 1.55734 1.92025 2.03744 1.68801 1.66505 2.24497 2.63802 1.85744 1.94651 1.97622 42.049 88.006 115.94 139.958 158.803 176.144 191.381 203.018 254.677 267.099 274.081 259.971 198.215 171.325 159.841 141.851 138.504 137.172 136.198 135.371 135.797 138.831 140.786 147.682 159.724 171.111 186.531 209.359 235.601 213.171 203.115 191.801 177.655 161.691 140.629 115.707 86.6442 44.9876 40.5235 33.9233 23.2806 3.5676 0.742735 0.133486 0.390749 -0.15197 -0.308116 
2.30922 1.44744 1.79823 0.996721 1.83224 1.38562 1.36692 2.0234 1.70929 1.56365 1.41584 1.62075 2.14767 1.35693 2.01703 2.69883 9.11074 64.5114 98.7529 126.129 149.918 170.92 185.947 201.787 211.382 250.49 284.323 288.341 267.746 215.675 186.343 175.701 164.888 160.956 158.283 155.683 154.096 155.431 158.984 158.722 171.478 207.762 221.693 224.681 226.891 252.148 240.575 233.645 225.165 217.539 207.739 196.029 183.52 171.646 150.645 126.083 103.991 78.0507 33.6728 -0.433034 0.189272 -0.25588 -0.413308 0.056248 
2.0109 1.836 2.24491 1.90776 2.40332 2.16584 1.47609 1.23316 1.35435 1.46306 2.40806 1.96987 1.44178 1.34404 1.70573 2.4489 32.5992 83.5317 112.753 138.15 160.271 181.463 196.791 211.144 224.092 234.186 281.736 280.378 266.734 219.488 194.436 182.8 169.941 165.816 164.855 162.31 161.609 162.636 164.135 167.088 188.067 212.746 228.103 251.345 217.349 270.203 258.31 250.081 242.529 231.295 222.065 208.624 193.159 176.218 158.545 136.668 114.032 90.2164 55.4892 -0.596964 0.0400797 -0.409545 0.0214 -0.386946 
1.69959 1.62509 1.66538 2.37712 1.98676 1.20806 1.99573 1.44648 1.55449 1.77284 1.75499 2.49544 1.8033 1.83313 2.0104 2.15396 30.9602 79.6548 109.303 135.182 161.568 181.134 197.83 212.71 225.259 237.783 259.604 272.549 265.877 220.941 201.35 190.337 176.986 172.106 169.312 169.267 168.871 169.007 169.648 172.273 191.151 205.74 223.484 230.32 227.132 273.027 260.964 253.251 243.678 236.437 224.389 212.83 197.211 180.213 162.321 140.553 116.466 90.2982 50.4827 -2.00974 0.176906 0.200557 -0.247822 -0.0277333 
1.97226 1.24104 1.72941 1.67509 1.55624 1.41359 1.49442 1.62779 1.62714 1.4498 1.74247 2.41075 2.00895 1.99367 1.83904 2.10403 6.97462 63.3517 97.8795 126.189 149.901 171.436 189.181 205.51 220.333 232.319 250.009 260.937 262.446 218.555 201.022 190.194 176.422 171.553 169.24 168.051 168.217 170.19 170.288 172.795 189.329 196.862 210.04 216.844 232.039 267.93 257.854 251.272 242.074 233.694 221.91 209.356 194.286 177.59 158.764 137.163 113.156 80.0932 18.5946 0.789207 0.335081 -0.159948 0.0447337 0.134188 
1.59325 1.6629 1.54018 1.30481 2.23915 1.28494 1.72719 2.15964 2.07775 0.879318 1.57463 1.92647 1.91302 1.45428 1.702 2.69421 3.14003 19.5257 75.5276 108.571 134.166 157.636 176.758 191.47 205.911 217.358 232.643 247.095 253.277 213.671 200.303 188.661 171.951 165.89 161.469 160.452 160.581 163.473 166.718 170.736 181.124 187.289 196.29 207.115 226.423 261.703 253.705 248.35 238.8 229.658 217.104 204.266 189.675 173.175 150.796 126.507 94.7125 46.0831 -0.545179 0.71178 0.19197 0.120666 0.213364 -0.00197375 
1.49295 1.74852 0.788247 1.54691 1.68378 1.53904 1.76001 1.79857 2.51808 1.93409 1.49379 2.38165 1.38766 1.68413 1.65543 2.24711 3.44139 3.60168 30.5451 81.9006 112.029 139.013 160.558 175.682 188.216 201.229 212.074 222.069 229.882 192.269 179.752 172.179 157.037 153.447 150.847 148.158 147.352 148.452 152.462 158.99 163.74 171.595 182.538 194.292 211.405 247.801 239.609 236.826 227.25 215.624 207.031 194.072 178.306 156.928 131.375 101.867 58.0652 4.03938 1.66349 0.61026 0.392088 -0.173538 0.170272 -0.067628 
1.21258 2.5202 1.68823 1.12786 1.73325 1.94662 1.46966 0.475182 1.53676 1.91143 1.73876 2.07025 1.31422 1.61327 1.89438 2.41969 3.0189 4.53613 16.6752 73.4201 105.179 131.275 152.852 170.611 182.715 192.101 203.305 211.424 218.311 179.828 165.136 152.852 139.868 136.044 136.181 131.976 132.412 133.224 135.203 139.261 145.019 152.525 163.354 176.406 191.488 231.16 226.629 219.854 207.88 199.317 189.575 174.141 154.943 127.882 97.5572 51.4597 3.33531 2.08307 1.44084 1.19289 0.531794 -0.00763536 -0.185799 -0.137012 
0.658143 1.63136 2.69729 2.12662 1.69017 1.90058 1.22827 2.49361 1.6865 1.53804 1.59725 2.45516 1.42294 1.05657 1.79146 2.07716 3.32076 4.12513 14.2098 71.6879 105.26 131.364 153.301 169.855 180.736 190.356 201.588 210.125 219.59 177.967 163.967 153.584 139.857 135.071 134.083 130.797 129.797 131.333 133.437 136.251 138.388 143.534 148.1 159.071 175.722 214.407 206.158 200.667 189.334 178.892 170.605 154.764 136.385 113.299 84.1347 35.4155 3.00003 2.12684 1.05796 0.640206 -0.0668525 0.142517 -0.210334 0.124115 
1.82 0.975988 1.75453 1.44057 1.21092 1.74703 1.74027 1.52493 1.69163 2.32995 1.48386 1.40329 1.46467 1.75367 1.648 2.23049 2.78249 3.12416 13.7824 71.8726 105.121 129.91 151.726 170.26 180.158 188.901 200.08 209.99 220.686 180.264 162.887 152.496 138.855 134.154 131.276 130.089 129.022 130.196 131.691 134.312 137.98 141.245 147.742 157.472 174.054 210.315 205.712 200.219 190.321 177.552 172.262 156.221 137.217 112.927 83.5399 34.5703 2.26936 1.61448 1.49838 0.468399 0.00994267 -0.190181 0.129814 0.415866 
2.67018 2.41175 1.31046 1.17988 1.63406 1.10241 1.72315 1.33004 1.63198 2.1049 1.71147 0.924111 1.06552 1.61165 2.22287 2.02298 2.76623 3.60284 14.674 71.0933 104.156 131.732 153.273 169.602 178.446 188.087 198.495 209.211 216.381 179.767 162.175 150.836 138.003 133.657 132.258 129.885 129.992 128.963 130.698 132.855 136.536 140.196 148.362 155.974 173.87 208.009 205.483 199.134 189.645 176.219 171.89 156.075 135.259 112.479 83.9526 36.8486 2.02988 1.21332 -0.203463 0.125879 -0.361427 -0.271842 -0.0370173 -0.00776756 
1.29013 2.12776 1.64268 1.44516 2.12138 1.7536 1.29806 1.49638 1.60557 1.5449 1.69455 1.42268 1.75573 1.56855 2.21099 1.81229 2.21433 3.24354 14.07 71.1092 103.836 130.547 152.407 169.238 176.713 186.728 198.421 207.485 216.211 177.847 161.708 149.568 138.838 133.173 130.3 129.17 128.305 130.146 129.974 132.78 136.127 140.458 146.322 157.262 171.636 208.388 206.475 198.2 189.429 177.49 170.992 155.471 136.535 112.761 83.6955 36.9471 1.46672 0.83337 0.170891 -0.105445 -0.0703439 -0.169025 -0.0592187 -0.0673711 
1.36541 1.46201 1.59075 2.19403 2.03803 1.26865 0.965665 1.53828 1.75065 1.02626 1.42388 1.6393 1.76877 1.77003 1.15066 1.75477 2.41435 2.93992 14.8735 70.0369 102.352 129.181 151.388 168.427 177.189 186.463 198.701 206.487 215.66 177.947 160.359 150.009 137.617 132.544 130.519 129.084 127.603 128.75 130.441 130.97 133.883 138.387 144.351 154.065 168.542 204.564 204.188 198.413 190.351 174.852 174.051 155.975 137.327 113.294 85.219 40.3185 1.09223 0.723827 -0.362497 -0.510665 -0.339346 -0.986879 -0.524937 0.0225704 
1.91401 1.57854 1.11601 1.50406 1.3689 1.28164 1.72955 1.96512 1.58327 1.95632 1.29908 1.79085 1.16252 1.84399 1.93591 1.5844 1.98173 3.25083 9.11255 65.9626 100.405 127.581 149.894 167.223 175.384 184.646 197.039 206.113 218.049 177.944 161.564 150.963 137.336 132.797 128.962 127.998 126.176 127.365 128.348 130.254 134.017 138.398 144.363 153.627 166.446 201.784 206.169 200.22 189.446 174.179 177.402 157.605 140.081 116.658 87.9575 49.7383 -1.07852 1.0244 0.111436 -0.150604 -0.363984 -0.285644 0.302467 -0.0962899 
1.37722 1.0083 1.14008 0.853806 1.31176 2.37008 1.43849 1.15581 2.84288 1.66899 1.01167 1.15955 1.24397 1.39158 1.57526 1.35721 1.92906 3.66116 10.4238 66.5177 100.542 127.829 149.016 166.056 174.312 183.943 196.879 205.916 217.679 178.916 161.897 150.836 137.65 132.243 129.874 128.739 126.92 127.532 128.836 129.579 133.802 137.48 143.51 152.43 164.886 199.248 204.859 200.262 188.807 175.366 173.522 157.011 139.351 115.855 88.7338 51.1312 -1.04925 1.03275 0.0341194 0.247421 -0.153912 -0.0114108 0.116937 -0.438092 
1.63051 1.28417 1.18393 1.13104 1.25079 1.60583 1.96525 1.4989 1.44206 1.79765 1.3094 1.34298 1.85959 2.04472 1.49083 1.24541 2.29341 3.06548 9.73053 66.5591 100.263 128.485 149.555 166.842 174.243 183.175 194.762 206.103 215.687 178.381 160.721 149.719 137.247 131.935 130.308 127.739 126.544 126.46 128.813 130.074 132.688 135.897 142.952 153.49 165.519 199.497 206.783 199.889 188.209 178.439 170.936 158.27 139.811 116.033 88.6778 51.5341 -0.798554 0.935324 0.343273 -0.356596 0.161715 -0.0406007 -0.341159 -0.285385 
1.48012 2.05263 1.41199 1.1172 0.700422 2.28232 2.02462 0.845589 1.04949 1.3992 1.31075 1.46982 1.4648 1.97732 1.06304 1.75389 1.91295 2.87038 10.4186 66.5052 100.882 127.903 149.504 167.186 174.275 183.926 194.81 204.776 215.37 178.554 161.093 148.52 136.752 131.725 128.488 141.419 125.543 125.311 126.76 129.473 132.063 135.765 142.284 152.37 163.123 198.254 206.571 199.789 189.313 178.612 170.858 158.069 140.483 117.844 89.0627 52.3286 -1.20893 1.00864 0.0387389 0.695525 0.379352 0.336479 0.0947375 -0.302065 
1.35497 1.56099 1.11161 0.904329 1.40409 1.13868 1.11949 1.83845 0.647155 1.84618 1.58217 1.49016 1.27617 1.82563 1.2915 2.02529 2.1545 3.0856 11.8878 66.7206 99.9765 127.179 149.634 167.7 173.626 181.839 194.679 206.346 216.383 178.916 160.664 150.315 138.332 131.167 129.25 127.711 127.348 127.348 127.805 129.145 133.582 134.68 141.863 151.161 164.175 196.629 206.071 201.113 190.5 181.306 171.095 158.452 140.301 118.223 91.1865 54.6862 -1.28369 1.58472 1.11153 0.181065 0.572778 0.121714 0.0255499 0.40928 
1.01721 1.71121 1.49878 0.966567 1.28597 1.73421 1.02672 1.31989 0.951562 1.36376 0.934203 0.981575 1.52238 1.48729 1.60257 2.34974 2.69872 3.72185 11.2238 68.1043 101.768 128.057 148.534 166.37 173.151 180.151 193.896 205.329 216.413 177.332 160.835 148.194 138.708 131.977 128.997 127.229 126.154 126.712 127.348 128.607 132.472 136.623 142.931 150.412 161.771 193.938 205.497 199.651 190.972 180.641 170.44 160.11 141.521 118.588 91.3141 55.9537 1.04165 2.35129 1.25732 0.443542 1.1321 1.06067 0.348903 -0.0193825 
