-0.482066 -0.244347 -0.484975 -0.377432 -0.596213 -0.489369 -0.62654 -0.357151 -0.419378 -0.704485 -0.310453 -0.135151 -0.566104 -0.888224 -0.685654 -0.557098 -0.601231 -0.0607829 0.720648 7.25302 62.2688 95.8625 123.231 145.061 162.426 169.439 180.112 191.707 198.872 205.993 169.229 151.284 140.385 135.051 131.078 126.869 126.53 126.508 126.605 127.205 130.001 132.82 139.73 145.832 157.009 172.365 208.649 203.266 197.265 186.421 179.005 170.649 154.77 137.012 112.049 82.608 35.6235 0.630277 -0.221097 -0.895989 -0.994126 -1.01112 -0.874689 -0.913351 
-0.694895 -0.276448 -0.822011 -0.738398 -0.757572 -0.887781 -0.821003 -0.773284 -0.533795 -0.846743 -0.983468 -0.717434 -0.943091 -0.469201 -0.597784 -0.607558 -0.129767 -0.0128011 0.753449 5.64774 62.9043 95.9588 123.28 145.075 161.125 168.328 180.402 192.94 199.355 204.712 167.907 150.947 140.033 134.847 130.605 126.398 126.754 126.12 127.068 127.422 130.483 134.447 139.895 146.823 157.251 173.38 210.453 203.547 196.755 187.004 177.37 170.865 155.58 135.871 112.942 83.4468 36.6388 0.733772 -0.208357 -1.08415 -0.779191 -1.10808 -0.644543 -0.690926 
-0.441637 -0.74937 -0.415828 -0.361914 -0.665584 -0.702223 -0.28604 -0.343318 -0.503114 -0.771589 -0.626765 -0.350544 -0.864684 -0.276071 -0.928456 -0.597893 -0.0825971 -0.522268 1.01419 5.83491 62.324 95.9959 123.519 144.002 162.743 170.353 181.648 192.785 201.064 205.429 169.158 151.739 140.15 134.815 130.531 127.853 126.539 126.31 126.453 127.031 129.414 135.142 138.496 147.025 157.008 173.22 208.895 203.944 197.499 186.166 177.357 171.074 156.061 137.747 113.014 83.9801 37.5397 0.541875 -0.0936607 -0.768362 -0.98501 -0.747852 -0.527464 -0.697297 
-0.828119 -1.64367 -0.566877 -0.635745 -0.805591 -0.539642 -0.534387 -0.717352 -0.963866 -0.721257 -0.68204 -0.744534 -0.602134 -0.386466 -0.555324 -0.679792 -0.530999 0.131424 1.00353 6.70671 61.6242 95.5095 122.823 144.854 162.154 169.837 181.586 190.358 196.953 206.5 169.562 154.865 141.286 134.72 130.156 129.165 127.944 126.56 126.705 129.041 130.958 134.112 140.795 146.963 158.467 173.053 211.097 204.963 197.662 187.952 178.661 172.225 155.47 137.715 113.534 84.0567 37.7072 0.809712 0.147718 -0.651836 -0.578547 -0.988906 -1.13263 -0.96782 
-0.695118 -0.818656 -0.475499 -0.435844 -0.982074 0.133242 -0.883629 -0.52072 -0.661073 -0.715387 -0.432077 -0.537966 -0.74931 -0.62461 -0.375083 -0.37429 -0.109101 0.0178426 1.20338 4.28279 61.9666 96.4493 123.469 145.217 161.913 168.629 181.333 192.463 199.39 207.799 170.675 154.666 140.783 134.844 130.965 128.597 126.604 127.683 127.28 128.654 130.579 134.868 140.3 146.458 157.992 174.673 210.357 206.547 196.956 187.757 176.567 171.755 156.191 136.54 114.248 85.9625 38.8302 1.41012 1.07304 -0.0991429 -0.618492 -0.607416 -0.568529 -1.04865 
-0.56199 -0.856326 -0.52016 -1.02678 -0.949682 -0.395925 -0.585206 -0.745073 -0.402326 -0.809556 -0.141317 -0.592177 -0.852234 -0.907818 -0.463462 -0.693364 -0.0563641 0.0924326 1.7225 6.25481 62.3738 95.9413 123.464 145.398 162.009 170.334 181.387 193.797 201.667 208.763 170.503 155.318 143.523 137.009 130.344 129.712 128.064 126.78 128.168 128.693 131.105 135.117 141.247 147.975 157.579 174.904 210.629 205.205 197.759 187.509 178.676 171.995 156.491 138.641 115.261 85.6322 39.7807 1.77002 1.18454 -0.13635 -0.35564 -0.754318 -0.649934 -0.978912 
-0.771499 -0.547332 -1.01656 -0.521185 -0.66032 -0.474631 -0.634067 -0.615375 -0.612732 -0.484538 -0.689809 -0.68628 -0.6567 -0.572962 -0.493059 -0.0856114 -0.401896 0.575127 1.57558 2.68082 59.6999 94.7349 122.021 143.251 161.122 172.243 180.643 193.918 200.435 212.06 172.693 155.359 141.968 137.2 131.698 130.728 127.59 128.18 129.071 129.614 131.933 136.234 141.268 147.432 158.074 173.797 210.45 208.047 199.962 191.459 180.223 174.552 159.942 142.067 119.639 91.8539 50.8484 0.334623 1.62068 0.682485 -0.610371 -0.547583 -0.951505 -0.821245 
-0.954059 -0.635767 -0.929873 -0.612555 -0.762116 -0.464829 -0.648133 -0.351027 -0.788723 -0.391393 -0.547395 -0.689828 -0.468649 -0.629237 -0.248671 -0.713438 0.142149 0.84518 1.89134 0.49187 57.083 93.4024 120.992 144.532 161.973 173.364 182.916 193.805 200.877 215.216 173.605 158.034 144.158 138.379 133.399 131.882 128.442 129.752 129.651 131.183 133.242 135.82 141.714 147.162 158.445 174.638 210.951 207.816 200.315 193.383 181.327 175.532 160.735 142.72 120.165 93.2567 54.918 0.364525 1.60209 0.924208 -0.451486 -0.410514 -0.305309 -0.580533 
-0.60537 -0.933122 -0.526489 -0.541885 -0.587925 -0.791598 -0.596891 -0.781527 -0.443636 -0.626402 -0.770055 -0.851037 -0.750858 -0.753669 -0.292435 0.0137885 0.350663 0.745088 2.0718 2.00515 60.4027 94.708 122.063 144.002 161.459 172.175 183.107 193.596 201.072 214.472 173.877 158.11 142.883 137.674 132.678 131.036 128.962 129.061 129.076 130.045 133.612 137.155 141.903 148.189 157.775 173.808 210.276 211.027 200.965 192.147 182.385 177.262 161.767 143.272 122.078 93.8983 53.5298 -0.578054 1.5851 0.672243 0.186684 -0.473412 -0.814918 -0.551922 
-0.73919 -0.631904 -0.697877 -0.854259 -0.211964 -0.358449 -0.602236 -0.456744 -0.856854 -0.842968 -0.294405 -0.508447 -0.436999 -0.647241 -0.618276 -0.081943 0.293716 1.17284 1.72348 -1.41589 56.6462 94.7721 123.033 145.22 162.699 175.466 186.294 197.042 203.274 218.554 176.158 160.582 145.565 139.74 135.149 133.745 130.765 130.668 132.173 132.702 135.34 141.013 146.268 154.045 165.814 181.116 219.441 219.137 210.205 204.496 192.578 187.302 174.282 155.979 134.992 112.891 83.4152 35.7394 0.457453 0.658921 0.315101 -0.538739 -0.577494 -0.747835 
-0.846735 -0.710644 -0.686607 -0.864924 -0.62577 -0.745526 -0.58473 -0.65054 -0.635124 -0.73347 -0.378374 -0.877689 -0.720946 -0.359713 -0.54332 -0.510544 0.53526 1.04472 4.12901 60.6357 98.3615 121.731 143.901 167.392 185.16 194.449 203.117 213.811 220.869 234.496 192.923 174.756 160.883 154.051 148.66 147.018 145.537 145.213 145.528 147.088 150.358 154.467 160.077 167.723 177.603 193.44 232.729 230.195 225.536 218.902 212.516 203.32 194.644 182.156 169.415 151.704 131.285 98.4258 41.5691 17.1609 -0.993926 -0.347736 -0.617857 -0.793595 
-0.9061 -0.671503 -0.889876 -0.561542 -1.21882 -0.707234 -0.564599 -0.844582 -0.781971 -0.480973 -0.816494 -0.337055 -0.559922 -0.713925 -0.398495 -0.015795 0.200483 -0.254806 28.924 94.4121 125.661 154.789 178.5 194.742 207.479 220.486 230.082 236.357 242.097 250.152 209.053 186.607 169.662 163.002 157.258 154.638 152.948 152.076 152.805 153.669 156.431 163.511 169.717 177.334 186.388 202.563 243.821 246.376 243.441 234.662 226.342 217.146 205.179 189.939 174.267 159.996 143.559 125.059 95.0857 57.4102 10.2975 -0.838657 -0.670013 -0.659549 
-1.00567 -0.713359 -0.572005 -0.345751 -0.52335 -0.712304 -0.811576 -0.387508 -0.369225 -0.575262 -0.664066 -0.106505 -0.565019 -0.145462 -0.470927 0.00920477 0.209517 23.0296 86.0153 117.617 135.067 158.087 178.037 197.947 214.155 227.56 236.01 241.832 250.822 258.438 216.229 196.972 170.042 165.976 165.572 166.771 167.045 167.404 167.894 171.202 173.711 178.67 183.836 191.197 202.84 216.696 260.145 265.192 259.233 250.577 242.166 230.933 218.328 204.549 186.205 172.198 156.955 140.956 121.643 81.084 25.9706 -0.839293 -0.85347 -0.659919 
-1.03858 -0.955007 -0.720654 -0.713955 -0.954189 -0.495902 -0.52688 -0.672709 -0.895327 -0.705546 -0.860365 -0.490672 -0.747599 -0.338199 -0.284212 -0.126474 -1.57306 56.3435 106.34 125.746 144.642 167.394 186.737 204.87 219.544 231.49 241.984 249.333 253.661 263.717 225.662 189.457 170.969 166.102 168.613 174.628 173.112 172.162 173.183 174.105 176.94 182.003 186.131 193.051 205.547 218.568 260.73 270.108 260.683 252.786 245.963 233.694 219.787 206.66 188.428 173.16 158.415 143.15 119.558 87.3998 31.049 3.5103 0.463231 -0.751025 
-0.713375 -1.42891 -0.57099 -0.592452 -0.987484 -0.668235 -0.541284 -0.505246 -0.678646 -0.259348 -0.600451 -0.715547 -0.472927 -0.419959 -0.393125 -0.357887 -1.20926 64.1959 105.449 126.369 144.86 169.289 187.996 206.33 220.83 233.993 241.014 249.585 255.052 255.619 213.969 183.057 167.885 164.429 161.247 163.396 168.86 173.632 174.348 177.404 175.259 173.294 178.527 183.428 191.014 205.804 245.405 252.868 244.817 233.675 224.975 212.714 195.097 177.633 159.013 140.18 119.878 81.3801 33.913 20.228 7.2507 3.50586 2.41331 1.62625 
-0.550457 -0.812553 -0.782765 -0.5314 -0.789382 -0.505836 -0.85021 -0.780759 -0.651995 -0.82635 -0.61183 -0.751335 -0.301953 -0.571035 -0.413604 -0.198694 4.17106 32.2054 58.6543 77.3958 107.541 140.441 165.215 174.994 190.267 202.836 211.921 221.19 217.912 202.632 177.672 149.595 134.807 130.04 127.132 124.561 121.297 119.679 123.289 129.738 132.874 137.269 141.416 148.895 157.964 173.46 207.126 216.774 209.356 200.284 190.514 176.691 159.878 140.532 120.49 91.4895 47.34 3.85912 2.61292 1.89142 1.39892 1.10635 0.849532 0.310263 
-1.02986 -0.643953 -0.721324 -0.561408 -1.09194 -0.61332 -0.796122 -0.886395 -0.570837 -0.58543 -0.878809 -0.461308 -0.35935 -0.486688 -0.485962 -0.498624 0.639053 12.9762 6.49143 6.36537 6.82933 56.1243 93.5755 118.552 141.356 158.023 170.533 176.628 162.187 164.483 147.077 122.317 111.646 106.963 105.587 103.771 102.621 102.494 104.083 106.945 113.867 123.73 132.922 138.457 147.582 161.608 196.074 204.304 198.001 189.135 179.023 166.696 149.732 129.791 103.544 72.1505 15.5112 3.64604 2.07073 1.4501 0.849506 0.61103 -0.227029 0.709457 
-0.984518 -0.661018 -0.983384 -0.859026 -0.597733 -0.670168 -0.720597 -0.366495 -0.753222 -0.735255 -0.663551 -0.548614 -0.678222 0.00414048 -0.127324 -0.080064 0.115847 3.9353 5.05383 4.98615 4.9149 42.1998 85.7623 114.008 137.101 154.328 167.774 152.311 144.789 151.582 143.161 118.465 108.03 103.091 101.026 99.2527 98.4394 99.3487 100.599 101.997 105.045 108.44 119.631 134.903 145.798 158.336 191.856 202.382 197.682 187.771 175.772 165.38 149.503 129.037 103.683 71.9794 13.9531 3.12167 1.92761 1.86554 1.28748 0.53063 0.40248 0.290116 
-0.61684 -0.924108 -0.628414 -0.767516 -0.538525 -1.06204 -0.366513 -0.457819 -0.777713 -0.787271 -0.317893 -0.806727 -0.529448 -0.638292 -0.404763 -0.339753 -0.20919 -0.691206 7.7204 4.61354 4.90325 36.5226 82.8409 110.57 134.783 150.822 161.175 137.055 132.411 142.96 141.299 116.379 105.177 101.43 98.8355 96.6423 96.2973 96.0678 97.8596 99.1274 101.234 105.149 109.272 117.708 140.548 156.956 187.224 199.784 195.878 186.2 175.844 161.291 148.323 128.331 102.605 70.5351 13.142 2.75897 1.33159 0.808329 0.908676 0.558904 0.535543 0.0915073 
-0.390399 -0.38165 -0.607964 -0.746642 -0.388277 -0.908882 -0.540151 -0.594527 -0.507915 -0.585643 -0.333087 -0.516256 -0.46272 -0.236212 -0.505848 -0.0544551 0.225168 0.0980836 6.12079 4.28633 4.09084 32.0289 81.4225 106.659 132.184 149.313 154.751 128.843 123.805 133.381 140.971 116.367 103.938 98.3908 96.0963 95.2349 94.3995 94.3178 95.1429 96.688 99.1263 101.826 106.015 111.572 123.007 151.606 186.229 199.426 193.546 184.832 174.749 161.353 146.115 127.12 102.296 69.5549 12.9185 2.31992 1.39514 1.17336 0.520459 0.803194 0.611878 0.572989 
-0.303292 -0.667775 -0.902967 -0.716703 -0.809279 -1.66189 -0.80892 -0.460906 -0.27919 -0.7456 -0.37544 -0.608247 -0.862951 -0.68407 -0.57938 -0.436384 -0.56913 -0.117664 5.35774 3.55435 4.28343 28.3702 77.1572 106.217 129.983 147.477 150.463 124.165 118.287 127.522 141.221 114.708 103.51 98.2178 95.9494 94.7409 93.6286 92.9608 94.5785 95.0653 96.7805 100.743 104.151 109.124 118.109 137.438 182.741 198.657 193.488 183.646 173.485 161.669 146.418 126.228 99.9533 68.9373 12.5692 2.46471 1.0223 0.523522 0.697491 0.998533 1.01295 0.944065 
-0.593723 -0.975161 -0.900154 -0.581631 -1.07297 -0.794216 -1.08424 -0.644619 -0.836545 -0.731412 -0.770197 -0.739958 -0.693643 -0.515209 -0.457461 -0.385708 -0.547362 -0.553289 3.61564 5.6521 4.28408 25.4965 77.0456 104.512 127.027 145.868 151.782 122.911 115.536 123.279 142.88 115.112 103.687 98.024 95.6157 94.2507 93.853 92.7582 93.5364 93.9528 96.1375 98.2499 102.928 107.879 115.241 130.362 175.305 198.759 191.802 183.861 173.12 159.429 145.216 127.422 100.639 70.5095 13.1141 2.18112 1.37884 0.617021 1.67948 0.653746 0.962357 1.1364 
-0.656565 -0.661508 -0.688313 -0.353719 -0.464495 -0.827596 -0.820357 -0.530197 -0.905441 -0.146251 -0.845201 -0.628222 -0.267513 -0.609017 -0.47685 -0.635229 -0.66822 -0.367979 -1.54702 12.428 4.84021 22.6586 75.9831 103.586 126.963 143.96 153.68 124.082 115.065 119.941 144.803 116.692 104.744 99.8076 96.2431 93.521 92.9735 92.4322 93.3716 93.4243 95.7797 99.4033 101.98 106.488 114.938 127.533 167.65 196.955 191.64 183.54 172.983 159.935 146.352 127.047 101.377 70.4663 13.357 2.67343 1.40529 1.66968 1.47153 1.56207 2.06206 1.96026 
-0.392054 -0.251186 -0.705851 -0.838818 -0.368647 -0.424767 -0.553277 -0.177923 -0.432534 -0.615506 -0.301111 -0.736701 -0.826455 -0.546532 -0.468931 -0.521077 -0.458246 -0.0634328 -0.814944 10.4814 4.53012 16.2761 71.1674 102.643 122.608 142.291 159.264 125.811 116.846 113.122 151.057 119.549 105.9 100.264 96.5826 94.4249 93.6693 93.5471 93.6751 94.787 95.9467 97.9199 101.664 106.534 113.55 124.716 152.066 200.329 192.29 184.687 173.975 161.814 148.284 128.924 105.098 74.6077 19.6136 3.38427 2.23646 1.69714 2.03358 1.9863 2.29148 2.37934 
-0.719563 -0.13803 -0.461814 -0.832811 -0.680946 -0.832295 -0.905332 -0.691291 -0.90149 -0.559945 -0.859687 -0.649554 -0.952484 -0.611617 0.110905 -0.219584 -0.0689702 -0.77203 -0.0299736 9.61268 4.30477 11.6857 67.9859 100.77 121.507 141.065 156.893 137.352 119.479 111.925 153.747 121.768 106.462 101.425 98.0248 95.6012 93.4642 93.2069 93.8978 94.4983 95.1864 98.094 101.772 106.759 113.91 123.619 148.487 200.807 193.846 185.317 174.495 161.843 148.304 129.163 106.456 76.4166 21.4153 3.51326 1.7536 1.76064 1.87437 2.3093 2.09996 1.81703 
-1.04465 -0.886378 -0.613908 -1.45501 -1.14537 -0.589717 -1.07839 -0.549146 -0.399941 -0.247372 -0.59299 -0.724948 -0.360172 -0.565534 -0.57499 -0.635658 -0.336273 -0.381198 -0.516717 7.94728 4.05567 11.3202 65.9934 99.5012 119.127 140.733 154.935 147.595 123.971 114.214 155.301 123.576 108.819 102.307 98.8864 96.6181 94.6494 95.0285 94.6696 95.2565 96.7898 98.9584 102.476 107.121 114.05 124.012 145.885 200.277 191.951 185.163 174.253 162.726 148.09 130.867 107.38 78.1067 22.7047 3.46302 2.5607 1.46779 2.02727 2.02214 1.7634 1.63487 
-0.539793 -0.0466881 -0.564563 -0.882819 -0.826921 -0.915235 -0.634489 -1.05725 -0.900053 -0.743928 -0.669508 -0.526229 -0.819643 -0.48916 -0.63263 -0.179989 -0.656172 -0.297329 -0.647033 6.88509 5.34426 10.8599 63.162 98.6519 118.794 139.085 156.19 156.918 129.241 118.436 156.532 125.711 109.719 104.036 100.402 97.8909 95.7398 95.5457 94.7734 95.654 97.489 100.102 103.058 107.623 113.948 124.346 147.472 199.041 192.382 184.64 173.673 161.541 148.867 130.889 107.867 78.2271 22.9893 2.97074 1.89527 1.75296 1.59587 1.30289 1.51733 2.07714 
-0.791007 -0.777284 -1.14571 -0.488942 -0.663372 -0.903912 -0.718083 -0.707465 -0.931727 -0.522961 -0.973124 -1.06101 -0.955426 -0.775146 -0.78526 -0.36734 -0.849054 -0.838154 -0.182047 1.92436 12.144 7.99536 60.2767 95.8348 117.979 138.577 155.381 165.617 135.375 122.66 160.908 127.016 111.761 105.548 100.578 98.77 96.9863 96.6387 96.5416 97.7197 98.3391 101.561 104.13 108.476 115.853 126.195 152.082 193.626 192.076 184.722 174.864 162.744 149.638 131.07 108.428 79.0759 23.8542 2.94281 1.72284 1.40467 1.68728 1.59845 1.64399 1.73055 
-0.745723 -0.631622 -0.977234 -0.661631 -0.902096 -0.771576 -0.91799 -0.364187 -0.759553 -0.786775 -0.495771 -0.956199 -0.472114 -0.837339 -0.784938 -0.282892 -0.502836 -0.591183 -0.633468 0.383914 13.4301 6.68466 57.8395 96.3073 117.77 138.363 155.875 168.74 151.265 128.446 163.912 131.723 114.461 107.108 103.452 100.459 97.9237 97.3604 98.5468 99.3253 100.781 103.306 106.781 110.692 117.686 130.624 157.847 194.197 192.589 184.619 175.337 163.171 149.509 132.11 108.145 79.2909 25.3432 2.93434 1.42384 1.18523 1.58602 1.69222 1.49 1.07277 
-1.23213 -0.661399 -0.494528 -0.85865 -0.904694 -0.704198 -0.664902 -0.940075 -1.0443 -1.10642 -0.507532 -0.929703 -0.769599 -0.612784 -0.730027 -0.519145 -0.610309 -0.864721 -0.100469 1.38711 12.4507 4.96439 57.3544 91.848 115.948 137.548 154.075 168.595 172.483 143.018 162.58 141.239 118.037 111.495 105.347 102.017 100.298 99.1134 99.1141 100.772 101.244 104.609 108.538 113.474 120.994 136.506 155.91 192.399 193.659 185.472 174.808 162.842 150.532 131.814 109.605 80.1289 25.7386 3.21071 1.44648 1.25669 1.19403 1.40549 1.96089 1.27739 
-1.32933 -0.961143 -0.840863 -0.974356 -0.87056 -0.677891 -0.301118 -1.02304 -0.966234 -0.906818 -0.588568 -0.976399 -0.579744 -0.683982 -0.930862 -0.514232 -0.670199 -0.641316 3.5027 1.78195 10.8199 4.37006 58.1644 87.8831 115.196 136.376 154.358 167.015 178.96 169.95 168.051 150.376 122.265 113.618 108.949 105.089 103.122 102.059 103.406 103.919 105.799 108.534 112.258 119.297 129.594 141.845 156.436 189.577 192.926 185.731 176.492 164.12 150.605 132.175 109.438 80.193 27.5969 2.72677 1.50323 1.30114 1.44808 1.03116 1.95588 1.28868 
-1.02516 -0.626209 -1.71165 -0.204368 -0.536233 -0.930854 -1.03044 -0.425097 -0.710949 -0.949092 -0.68617 -0.599874 -0.445682 -0.296184 -1.19392 -0.947397 -0.563172 0.00162273 3.11656 1.01867 10.1054 3.23111 61.0412 85.1246 113.607 135.833 155.422 166.91 177.831 187.321 188.024 162.618 130.95 120.407 114.192 109.935 107.632 107.488 107.686 109.057 111.312 116.71 120.707 127.23 131.865 141.877 154.205 188.484 194.605 186.182 175.724 164.235 150.9 133.461 109.61 81.4892 29.1016 3.124 1.98577 1.6649 1.864 1.6709 1.8314 1.62721 
-0.303037 -0.875572 -0.878228 -0.592182 -0.76433 -1.05186 -0.614925 -0.692204 -0.962656 -0.597884 -0.739801 -0.48112 -0.339895 -0.589392 0.198774 -0.538786 -0.669912 2.27403 2.49752 1.80197 8.04288 2.50525 54.3266 84.8322 113.651 137.445 154.395 166.906 178.372 187.384 193.854 181.381 143.297 132.85 125.71 121.537 118.936 116.608 116.212 115.773 117.975 119.06 122.322 125.817 130.931 139.64 152.585 186.687 194.392 186.138 176.793 164.131 152.268 134.317 111.361 83.3544 32.3867 4.05919 2.91722 1.65597 2.74218 2.71324 2.58512 2.94588 
-0.716251 -1.20799 -0.818635 -0.757922 -0.910815 -0.83041 -0.531757 -0.0927262 -0.791026 -0.28908 -0.452776 -1.10162 -1.03998 -0.298166 -0.702483 -0.662714 0.314084 1.19726 1.77888 1.36948 6.61141 2.16348 52.0288 83.6128 112.559 135.878 154.247 168.033 178.775 190.652 195.756 185.015 144.404 133.651 126.967 122.1 118.795 117.54 117.065 115.906 117.86 119.827 122.226 125.763 131.372 139.415 152.262 184.478 194.709 186.745 175.814 164.238 151.52 134.385 113.285 83.526 34.0618 3.87413 2.75039 2.62178 2.63592 2.18228 2.33502 2.34047 
-0.937932 -0.740193 -0.899611 -0.907219 -1.16329 -0.74953 -0.47698 -1.16633 -0.938478 -0.402175 -0.669852 -0.780303 -0.502037 -0.746376 -0.608943 -0.538702 0.394874 1.20794 1.39245 1.58881 5.76461 2.3624 50.6871 82.5684 111.981 135.504 153.688 167.424 178.819 189.125 194.513 186.594 145.246 134.732 128.096 123.336 119.13 118.491 117.04 116.713 117.116 120.337 122.045 126.081 131.18 139.212 151.491 182.497 193.846 186.446 176.493 165.675 152.35 135.41 113.103 85.4952 35.4502 3.85315 3.10341 2.27357 2.11335 2.19141 2.40927 2.99647 
-0.318054 -0.256764 -0.0178189 -0.450608 -1.2637 -0.416165 -1.14594 -0.869636 -0.835748 -1.3954 -0.696339 -0.198718 -0.848405 -1.20692 -0.745387 -0.690428 -0.271723 1.44363 1.36204 3.09803 6.18334 6.10457 41.2094 82.7088 111.102 134.942 153.652 166.223 179.605 188.971 196.296 191.592 147.986 136.061 128.603 123.115 120.174 118.261 116.806 117.16 118.14 120.006 121.99 125.426 130.74 138.896 150.925 179.232 194.258 185.706 176.244 165.657 153.068 135.71 113.506 85.6768 38.3303 3.48 2.52297 2.22047 1.84818 2.06872 1.92726 2.57245 
-0.854197 -0.840001 -0.781838 -1.00307 -0.738338 -0.537591 -0.401404 -0.949006 -0.71251 -1.15564 -0.674333 -0.675665 -0.383102 -0.689489 -0.432599 -0.54889 0.0864987 1.87253 2.04973 2.25803 3.06409 9.58663 38.2687 80.9185 110.42 134.671 154.018 166.809 178.026 188.506 195.053 192.011 148.305 136.301 128.189 124.107 120.678 117.298 117.795 118.216 117.85 120.361 123.587 126.852 130.503 138.312 150.257 177.436 194.052 188.488 177.351 166.736 154.617 135.586 114.555 87.1398 40.7715 3.18217 2.88739 2.17372 2.19848 2.4108 1.86963 2.38586 
-0.670475 -1.14796 -1.57649 -0.543811 -1.31461 -0.909733 -0.697035 -0.274125 -1.20989 -0.661729 -1.08033 -0.803634 -1.1378 -0.280425 -0.683371 -0.532477 0.136859 1.0038 2.12756 2.71807 3.85858 7.48662 38.4667 80.4049 110.029 134.407 153.374 166.224 179.491 187.682 196.288 195.098 150.517 136.553 129.408 124.056 120.628 119.28 118.386 116.872 118.51 119.431 129.814 125.898 130.448 137.466 149.444 176.267 195.86 187.14 178.03 166.474 153.178 136.952 116.166 87.9829 43.1617 3.13481 2.921 2.23333 2.05355 1.72051 1.9529 2.48287 
-0.844049 -1.96363 -0.615397 -0.168143 -0.79329 -0.512494 -1.86804 -0.145905 -0.216164 -1.09451 -0.561245 -0.804369 -0.914985 -0.533425 -0.578657 -0.78252 -0.70177 1.77474 2.2072 3.76285 7.54881 3.20234 35.8338 79.9704 108.475 133.79 152.799 166.725 179.09 187.817 195.451 196.774 151.212 138.528 129.489 125.51 121.627 119.454 117.625 117.79 117.805 118.526 121.144 125.384 130.641 136.997 149.544 170.465 197.71 187.841 177.861 167.461 155.409 137.546 115.99 89.7685 46.2604 2.68508 2.92859 1.95017 2.11118 2.08493 2.7433 2.49676 
-1.08515 -0.994853 -0.62724 -1.10493 -0.255721 -0.968474 -1.14461 -0.805106 -0.926575 -1.25877 -0.651694 -0.833316 -0.284406 -0.819709 -0.864221 -0.645618 -0.499152 2.05578 1.64744 10.0192 2.3023 1.68896 34.9249 79.093 107.843 134.066 152.136 166.91 177.811 188.837 197.202 199.072 152.415 139.447 129.265 124.92 121.518 118.819 118.169 117.89 118.121 119.417 121.806 124.913 129.864 136.334 147.36 164.092 202.086 188.584 178.961 167.343 156.577 139.007 117.177 91.4986 50.2125 2.57472 3.5477 2.23384 2.26851 2.95738 2.71013 2.583 
-0.97401 -1.22274 -0.922306 -0.939126 -1.18034 -0.908591 -1.03078 -0.742526 -0.379529 -0.791424 -1.07332 -0.935444 -1.31537 -0.334785 -0.454774 -0.237267 0.85434 1.88603 5.6149 6.09111 0.787201 1.40168 30.9274 76.5822 106.722 133.181 152.034 167.07 180.108 189.027 195.158 202.65 155.388 141.3 132.447 125.78 122.812 119.836 118.477 118.74 118.441 119.806 120.92 123.678 130.49 135.325 145.923 160.878 201.053 189.172 180.186 168.08 157.896 140.926 120.245 94.6556 57.802 2.88401 4.79397 3.38348 2.66789 3.00124 2.44237 2.46184 
-0.545742 -0.682373 -1.13919 -0.820476 -0.600937 -0.548836 -1.07548 -0.235196 -0.64463 -0.430033 -0.293639 -0.705612 -1.07335 -0.16669 -0.544853 -0.742375 2.28752 1.87644 4.69149 10.2801 -1.4949 2.37363 25.9715 74.6117 104.033 130.612 150.817 166.496 176.905 188.967 196.174 205.034 157.98 142.814 133.473 126.983 123.62 119.408 118.458 117.863 119.342 120.834 123.494 124.517 128.238 135.338 144.696 159.467 196.381 191.182 180.977 170.294 157.501 143.141 123.78 98.5856 65.1907 4.98594 5.17085 4.24639 3.68221 3.43024 2.86014 2.94507 
-0.901781 -0.470281 -0.863594 -0.565753 -0.752596 -0.697668 -1.31804 -0.934908 -0.374221 -0.992475 -1.16228 -0.647518 -0.515599 -0.0403497 -0.931491 -1.55793 5.49983 0.433928 5.15164 8.08895 0.827889 2.56671 25.7604 75.1093 104.886 130.432 150.412 166.965 178.461 188.321 196.931 207.895 158.888 143.212 133.248 127.598 122.651 119.908 118.895 119.257 117.982 120.737 121.94 124.781 127.049 134.094 142.652 158.203 193.614 189.817 181.775 171.267 159.141 145.12 126.479 99.3276 67.4223 7.30923 4.97588 4.88532 4.30277 4.02913 3.08434 3.17626 
-0.719547 -0.368545 -0.482092 -0.970568 -0.805307 -0.607947 -0.0102358 -0.410578 -0.00501406 -0.503465 -0.762817 -1.07815 -0.742779 -0.688553 -0.721392 5.47586 9.80675 6.46719 4.78598 5.72328 1.50712 2.988 24.9422 74.6984 106.2 131.493 152.045 166.127 178.335 187.505 197.208 209.267 159.274 143.954 134.126 128.685 124.02 121.313 119.883 118.171 119.22 120.076 121.99 124.497 128.349 134.042 142.891 157.177 191.885 192.04 183.159 172.001 159.404 145.469 127.028 103.53 69.2355 10.2416 6.56844 6.22107 5.41739 4.48841 4.21695 2.9827 
-1.19232 -0.496216 -0.990519 -0.867208 -0.601947 -0.517617 -1.21606 -0.877489 -1.00089 -0.189004 -0.415522 -1.0852 -0.483397 -0.828339 0.582365 13.1758 9.32693 3.33007 0.786245 2.74958 2.65019 3.38711 22.3068 75.0502 106.535 132.489 151.766 166.946 179.823 189.447 198.17 208.243 164.146 145.683 137.922 131.084 125.323 123.802 121.099 120.911 120.115 122.226 123.977 126.391 130.369 136.558 145.42 158.576 194.358 197.578 188.647 177.815 165.828 150.562 133.042 114.415 84.1756 36.0998 5.68504 5.3551 5.17979 4.95089 4.79875 4.70662 
-0.45322 -0.503835 -0.912868 -1.02463 -0.613266 -0.2935 -0.969628 -0.893599 -0.350767 -0.58893 -0.802814 -0.868587 -0.606695 0.184581 -1.38321 9.45488 12.699 11.4504 5.48941 4.08981 2.91929 11.8108 62.9341 98.9237 120.823 142.202 160.962 175.696 186.999 197.02 204.74 213.99 171.212 152.206 141.572 135.141 132.993 132.843 134.504 134.452 136.933 141.433 144.248 149.015 153.252 159.69 169.03 185.768 223.856 227.577 221.883 211.147 201.632 191.935 177.669 165.518 154.26 136.453 121.092 95.9448 75.8317 38.3872 14.355 11.3831 
-0.146168 -1.02938 -0.953137 -0.936725 -0.578823 -0.832411 -0.517084 -0.928494 -0.339006 -0.618145 -0.873531 -0.701756 -0.32217 -0.840821 -0.402914 1.95885 12.8861 14.8548 17.9122 17.3077 15.0535 41.8599 89.187 117.258 137.304 159.163 178.411 197.374 209.408 222.057 233.411 242.373 203.727 186.919 179.341 174.764 169.415 166.033 165.728 163.674 165.608 165.751 167.229 171.637 177.433 183.657 194.002 206.359 244.875 254.991 245.479 237.373 226.609 216.299 202.934 190.661 182.208 175.733 164.902 146.475 120.78 88.2309 29.7513 7.36205 
-0.451021 -0.15914 -0.782763 -0.977978 0.115345 -0.508067 -1.28657 -0.432592 -1.04734 -1.26391 -0.242261 -0.221757 -0.824713 -0.586786 -0.416187 -0.659427 3.19905 13.2344 18.0122 19.5439 24.51 80.3279 114.134 132.165 159.701 183.34 200.445 217.591 226.434 238.152 247.842 254.798 215.641 194.754 184.51 179.097 173.95 170.958 169.851 168.771 169.309 172.154 173.224 178.181 182.096 189.651 198.242 210.906 251.119 260.454 254.83 247.05 238.19 226.647 214.92 197.589 185.882 177.806 165.176 154.058 121.254 83.3471 42.9379 -0.722295 
-0.169814 -0.762253 -0.677311 -0.660061 -0.263078 -0.94679 -1.06971 -0.719475 -0.875456 -0.543992 -0.560221 -0.360015 -0.494343 -0.432698 -0.461541 -0.0811839 -0.349502 1.8206 9.76031 19.1675 47.8532 97.5758 119.665 137.734 163.627 186.193 202.681 218.199 228.824 240.389 249.857 254.402 218.495 198.208 188.241 179.863 175.988 173.913 172.326 171.799 170.979 171.66 172.902 176.685 181.225 188.018 197.048 210.908 247.462 261.913 253.36 247.298 236.012 225.604 216.21 201.817 188.111 176.045 162.968 147.212 107.009 80.8149 46.6304 -0.225745 
-0.468511 -0.622699 -1.05037 -0.538132 -1.06086 -1.29194 -0.960683 -0.701836 -0.347255 -0.44193 -0.923691 -0.763349 -0.718647 -0.433267 -0.707558 -0.691165 -0.518788 0.173815 0.345505 7.9075 47.4344 100.445 118.483 137.182 162.062 183.491 199.663 215.014 227.812 237.778 247.181 253.872 219.866 198.459 185.726 178.341 173.295 170.046 167.304 166.175 165.816 165.492 167.425 170.395 174.465 180.706 190.008 203.281 240.705 252.381 244.565 237.548 228.687 219.657 209.456 197.547 184.89 169.985 153.448 132.964 104.522 71.8374 18.1468 1.22195 
-1.06195 -0.513894 -0.991335 -1.46697 -0.970059 -0.802375 -0.874051 -0.147747 -0.678501 -1.14891 -0.957567 -0.816435 -0.510553 -0.756098 -0.781737 -0.323281 -0.497223 -0.0347908 -0.231168 -0.109433 14.612 87.4287 115.05 130.857 158.832 179.338 197.465 210.057 223.737 233.006 242.731 248.153 217.1 193.453 179.858 171.882 165.941 161.452 159.321 158.712 156.339 157.841 158.577 161.466 164.305 169.604 178.929 193.022 226.265 238.67 233.076 224.357 215.419 207.906 196.291 184.394 172.583 156.686 138.07 115.527 87.6777 29.8078 0.959607 1.48647 
-0.655263 -1.1837 -1.09238 -0.897635 -0.926252 -0.79408 -0.654109 -0.927255 -0.207005 -0.587157 -0.871119 -0.38503 -0.817706 -0.664806 -1.01847 -0.75017 -0.439359 -0.541014 -0.117832 0.673755 0.319848 32.6169 102.537 123.415 149.037 171.717 189.83 202.931 211.702 220.944 229.726 236.503 206.785 182.663 169.821 159.926 154.293 149.953 147.243 146.416 143.916 143.626 144.922 146.25 150.484 155.498 163.284 176.144 205.734 221.813 214.961 207.342 198.45 188.127 177.48 163.902 148.761 130.396 102.694 68.1029 19.349 1.68624 1.97175 1.52432 
-0.781448 -0.487904 -1.02702 -0.855799 -0.616223 -1.15913 -0.652704 -1.68839 -0.692845 -0.480696 -0.535488 -0.477896 -1.19761 -0.347512 -0.68425 -0.278523 -0.841257 -0.960571 0.323692 0.918501 1.37511 0.604422 43.7484 100.563 132.011 156.46 173.703 189.091 197.23 207.362 216.531 221.612 195.038 169.48 157.775 149.37 142.871 138.99 135.972 133.774 133.255 131.849 133.868 135.406 140.536 146.708 153.66 168.742 192.621 213.02 205.342 198.984 188.645 178.674 168.53 152.039 131.409 106.58 74.107 19.3449 3.88787 2.39003 2.18281 0.922785 
-0.661819 -0.892741 -0.498454 -1.05512 -0.718133 -0.728901 -0.511658 -0.803393 -0.339326 -0.616953 -0.910425 -0.740914 -1.09521 -1.08454 -0.921992 -0.814706 -0.624723 -0.533703 -0.11818 0.651301 1.02757 2.21088 21.6855 76.3296 107.276 131.107 153.108 168.852 179.663 191.219 200.149 209.269 184.55 160.929 149.497 143.083 136.133 134.021 132.36 131.542 129.657 130.765 132.405 135.529 140.612 145.28 152.387 165.174 191.471 212.491 204.983 197.687 187.238 178.95 168.101 150.881 131.721 106.899 73.3702 20.3091 3.39474 2.03905 1.75135 1.04445 
-0.337461 -1.01172 -1.09015 -0.408387 -0.887072 -1.00658 -0.693715 -0.789586 -0.899785 -0.303453 -1.07456 -0.60429 -1.16967 -0.55344 -1.05102 -0.965813 -0.7148 -0.653678 -0.302708 -0.493116 0.749468 2.01088 19.0162 73.7634 106.003 131.695 151.471 169.841 177.733 190.739 200.094 208.216 184.898 159.662 149.04 142.436 136.749 133.439 131.251 130.128 129.627 129.985 131.675 134.58 138.474 144.425 150.824 165.176 188.305 214.445 204.723 197.815 186.818 177.893 167.785 151.577 130.515 106.556 74.5345 20.5608 3.24509 1.73844 1.58227 1.22955 
-0.746695 -0.400451 -1.0872 -1.0196 -0.495634 -0.384131 -1.16178 -0.745814 -0.765951 -0.568082 -0.400609 -1.49601 -1.1572 -0.477646 -0.807462 -1.05361 -0.147292 -0.216979 -0.236413 0.104422 0.90175 -0.307122 17.3371 72.7232 105.583 130.627 150.703 167.676 179.018 191.424 199.437 206.644 185.407 160.344 149.661 141.818 136.968 132.019 130.882 130.305 130.212 129.369 130.849 132.895 137.893 143.301 150.424 162.646 181.338 217.599 203.925 195.159 185.794 178.599 167.784 150.648 132.12 106.234 74.7964 20.6333 2.48648 1.27025 0.811117 0.421229 
-1.06346 -1.08097 -1.20705 -0.627958 -0.86257 -0.565559 -1.01379 -0.577402 -0.663815 -0.5795 -0.63522 -0.903054 -0.332358 -0.553682 0.182709 -0.869046 -1.02742 -0.858441 -0.563839 -0.518556 -0.111126 0.903091 15.9971 71.4452 103.875 130.792 150.049 167.671 176.967 187.921 198.764 205.874 184.477 160.036 148.465 141.129 135.327 132.672 128.73 129.197 129.002 128.628 129.541 134.532 138.121 143.492 149.61 162.267 178.159 218.355 205.149 194.409 186.029 177.63 167.207 150.502 131.007 106.342 76.543 21.6409 3.68633 0.951919 0.299392 0.479858 
-0.895377 -1.26126 -0.596294 -0.455494 -0.878386 -0.975263 -0.952386 -0.713333 -0.76812 -1.60117 -1.26665 -0.271968 -0.368398 -0.311527 -0.603814 -0.682788 -0.481684 -0.92601 -0.638344 -0.604589 0.434981 0.790634 16.0631 69.4506 101.972 128.003 150.396 167.802 174.113 185.751 197.332 204.833 186.589 160.084 150.032 141.021 135.805 132.878 129.136 129.127 128.513 128.161 128.803 132.527 134.867 140.962 148.637 160.157 177.155 213.046 203.978 197.773 187.917 177.41 169.403 151.37 132.364 107.793 77.7665 26.1083 2.70708 0.838826 0.0272226 0.994336 
-0.372801 -1.03019 -1.07522 -0.545434 -0.821865 -0.498968 -0.165881 -0.65635 -0.56063 -0.625628 -1.05513 -0.267982 -0.873475 -0.278723 0.0548116 -0.881081 -0.582518 -0.247422 -0.36757 -0.248863 0.322324 0.628975 7.90905 65.2545 99.4317 126.604 148.017 164.822 174.424 183.911 197.542 204.342 188.78 161.052 149.845 141.327 135.53 131.468 130.104 127.863 128.265 129.613 129.812 132.359 136.504 140.941 148.634 158.362 174.378 211.354 205.098 196.05 188.908 177.131 170.919 153.832 134.42 110.758 81.178 33.0762 1.86865 1.52889 0.0988724 0.773103 
-0.323219 -0.770764 -1.067 -1.13618 -0.799122 -0.202407 -0.777845 -0.602865 -0.201643 -0.951643 -0.696773 -0.972887 -0.517393 -0.796512 -0.46202 -0.930118 -0.851297 -0.532934 -0.612071 -0.63576 0.12525 0.535842 9.55632 65.9707 98.2761 125.181 147.477 163.493 173.699 182.522 196.51 203.691 189.783 161.394 149.142 141.162 135.678 131.088 128.878 128.373 126.859 128.722 129.535 131.352 134.529 141.345 147.075 157.546 174.267 209.754 206.011 197.167 189.714 178.601 171.227 155.037 135.218 110.725 82.088 34.0285 1.88736 1.18112 0.590662 0.176396 
-0.412294 -0.865744 -0.516104 -1.19852 -0.950217 -0.845575 -0.672131 -0.624033 -0.896416 -0.30809 -0.909791 -0.859202 -0.447668 -0.289765 -0.590016 -0.736865 -0.820829 -0.680709 -0.44536 -0.584283 -0.473148 1.14841 6.00936 63.3765 97.172 123.911 145.799 164.882 172.233 183.715 194.252 202.259 190.427 161.238 149 140.576 136.015 131.051 128.264 129.306 126.687 127.327 128.464 131.335 134.618 141.361 146.447 157.079 171.554 208.425 204.063 198.851 189.043 178.481 171.41 155.41 136.328 111.839 83.7657 34.679 2.25149 1.18135 0.779472 0.919576 
-0.943705 -0.49883 -0.827466 -1.14828 -0.749642 -0.451823 -0.669688 -0.629012 -0.682907 -1.45334 -0.807036 -0.737825 -0.93471 -0.155815 -1.08246 -0.647679 -0.805088 -0.344164 -0.775785 -0.225705 0.0700736 1.04525 6.30106 62.9045 95.94 124.063 146.23 163.516 173.533 183.343 194.856 202.002 195.184 161.336 149.066 140.417 134.664 131.894 127.377 126.971 126.496 127.085 128.033 130.669 133.296 140.277 147.1 156.984 171.623 207.663 205.787 198.259 190.04 178.488 171.556 155.827 136.185 113.435 84.0887 37.166 2.2986 2.29862 0.986238 0.777037 
-0.147294 -0.579928 -0.895635 -1.39618 -0.418895 -0.964515 -0.602479 -0.390205 -0.99899 -0.642273 -0.016437 -0.47716 -0.84788 -0.198919 -0.669495 -0.518302 -0.955759 -0.684403 -0.251928 -0.176504 0.172508 1.24976 6.37882 62.6408 96.9276 124.168 145.495 163.285 170.765 181.786 193.204 204.378 191.138 162.234 149.731 140.815 135.027 132.652 128.024 127.364 127.969 127.471 129.335 131.605 134.442 139.918 145.639 155.261 171.925 206.997 205.001 198.871 190.983 178.858 173.916 156.99 138.35 114.028 85.7543 39.9754 2.90348 1.87807 1.58395 1.47457 
-0.626988 0.0577655 -0.351295 -0.931387 -0.409827 -0.759447 -0.70565 -0.763578 -1.09339 -0.87285 -1.1669 -1.15232 -0.945578 -0.797888 -0.817688 -0.580477 -0.854179 -0.424821 -0.247058 0.0385357 0.772143 1.72865 5.22894 62.3014 95.8848 123.92 145.711 163.037 172.493 179.032 192.816 201.871 189.775 161.913 150.115 140.82 135.442 131.875 128.14 127.868 128.208 127.188 128.765 130.775 133.788 138.732 145.975 155.515 170.633 204.269 206.522 200.154 192.02 179.291 174.146 157.951 139.654 116.561 88.4382 43.7851 2.90839 3.67384 2.22874 2.09183 
