-0.368156 -0.363216 -0.828409 -0.525043 -0.552293 -0.540976 -0.476673 -0.602635 -0.39111 0.0709068 0.986571 12.8339 67.1808 97.7687 125.365 146.282 163.002 171.208 178.539 190.574 200.351 212.058 173.914 157.286 146.838 138.775 132.925 129.368 128.183 125.354 125.683 125.307 129.248 132.138 135.219 139.899 148.458 160.933 191.605 204.206 196.608 185.621 177.574 168.678 157.635 139.383 116.652 89.0644 52.4847 -1.64437 0.642182 -0.74749 -0.405296 -0.671204 -0.398123 -0.785629 -0.615304 -0.716473 -0.869807 -0.748477 -0.371915 -0.463833 -0.636918 -0.964387 
-0.769097 -0.618732 -1.0683 -0.479731 -1.11045 -0.806506 -0.833931 -0.792263 -0.79271 -0.043799 0.119954 12.4894 67.4332 99.7998 125.502 146.373 162.651 173.874 179.592 191.469 200.977 213.429 174.324 158.327 146.145 138.825 133.358 130.77 127.746 126.077 125.535 124.764 128.523 131.768 135.532 139.439 149.637 160.232 190.713 204.826 197.183 185.616 178.496 167.767 156.477 138.709 115 88.479 50.9998 -1.41755 0.518261 -0.529389 -0.780559 -0.294875 -0.582292 -0.155661 -0.697062 -0.459333 -1.00067 -0.736804 -0.540448 -0.526765 -0.457682 -0.777308 
-0.438923 -1.00766 -0.344044 -0.661963 -0.453837 -0.714917 -0.712892 -0.338328 -0.569344 0.50439 0.88704 13.0662 67.9265 99.5175 126.325 146.17 163.97 172.709 178.581 190.428 201.664 212.556 173.961 156.632 145.431 138.427 134.093 130.398 129.008 126.026 126.568 125.806 128.104 130.904 136.287 140.234 149.092 160.961 191.632 204.226 198.109 186.753 176.357 169.802 157.407 138.421 115.958 88.2741 45.4976 -1.32305 0.42856 -0.389514 -0.63324 -0.303587 -0.644737 -0.471636 -0.594598 -0.301905 -0.383076 0.116245 -0.596839 -0.610977 -0.549375 -0.374391 
-0.965877 -1.4485 -0.492082 -0.315183 -0.799827 -0.409629 -0.784575 -0.908841 -0.461954 -0.0509585 1.33902 13.0091 67.7328 99.9188 125.84 146.115 162.935 172.441 180.734 190.091 200.336 212.578 173.851 157.935 146.952 139.759 133.277 130.01 127.774 126.655 125.14 126.605 128.881 132.898 136.284 139.652 154.54 166.824 193.35 205.745 198.06 189.345 177.804 170.509 156.788 138.058 116.303 89.1361 49.1983 -1.29733 0.377487 -0.117855 -0.567965 -0.459603 -0.288056 -0.388279 -0.560753 -0.499742 -0.489707 -0.506311 -0.567689 -0.73874 -0.464315 -1.05847 
-0.828279 -0.257406 -0.805327 -0.449956 -0.967828 -0.314869 -1.01543 -0.120772 -0.0630873 0.712755 1.79404 13.4691 69.1795 101.044 125.532 146.661 163.057 171.483 180.196 192.135 201.917 214.216 175.595 159.145 147.648 139.745 134.585 130.748 127.813 127.427 126.674 127.603 129.094 132.264 136.368 142.929 152.92 162.618 193.39 205.394 197.647 187.866 176.692 168.97 156.832 138.793 115.184 87.7688 49.9544 0.0695484 1.19742 0.0286005 -0.361433 -0.369447 -1.00093 -0.0702796 -0.201189 -0.252121 -0.312159 -0.254448 -0.559521 -0.487695 -0.518254 -0.38162 
-0.504985 -0.991055 -0.358755 -0.525662 -0.568752 -0.16015 -0.328948 -0.267681 0.427539 1.03777 2.41659 13.9733 70.3582 102.198 127.668 147.741 164.983 172.491 179.713 192.715 201.538 214.613 175.722 159.389 147.775 139.917 135.68 131.452 129.314 128.515 127.04 127.68 130.611 133.018 136.523 143.853 155.971 161.702 193.41 206.828 197.624 188.959 176.88 172.043 158.52 140.405 117.698 89.7258 48.4798 0.16049 1.41238 0.18027 0.0971325 -0.498448 -0.163796 -0.788265 -0.297625 -0.156479 -0.358617 -0.693079 -0.459127 -0.608886 -0.48824 -0.801102 
-0.97398 -0.55044 -0.79919 -0.70249 -0.834888 -0.362042 -0.477526 0.151872 0.139596 1.41982 2.99889 10.6409 65.5534 99.221 124.349 146.247 164.866 174.943 179.452 191.648 202.142 209.976 185.21 161.053 150.639 141.854 137.403 132.763 130.944 129.517 128.084 128.804 131.204 132.343 138.432 144.393 149.9 164.04 192.04 209.536 200.519 193.654 180.763 173.57 160.715 143.155 120.725 93.8826 58.374 0.633871 1.94737 0.791203 0.339996 -0.0520389 -0.120135 -0.597915 -0.344579 -0.261907 -0.347916 -0.148752 -0.765483 -0.49656 -0.562055 -0.350945 
-1.04436 -0.784353 -0.996133 -0.719269 -0.459972 -0.313704 -0.170357 0.646315 0.68383 2.09143 3.04238 8.78638 67.9539 100.515 125.699 146.511 163.26 175.712 182.035 193.06 203.092 209.21 189.395 162.97 150.194 142.497 137.953 132.265 130.243 129.673 129.099 128.012 131.278 133.488 138.087 143.808 150.903 164.258 193.098 209.607 199.242 190.845 178.513 173.728 160.535 143.007 121.595 95.0552 60.7932 1.29831 2.77092 1.26238 0.33707 0.552314 0.211542 -0.635009 -0.793228 -0.59797 -0.4717 -0.326379 -0.791807 -0.590918 -0.120936 -0.000776438 
-0.212872 -0.714952 -0.749815 -0.800265 -1.0224 -0.608427 0.133971 0.557839 0.807482 1.76886 2.81459 11.2206 71.3225 103.326 128.676 149.218 165.283 177.665 184.706 193.82 204.245 209.331 189.934 164.613 151.78 143.593 138.555 132.909 131.34 130.405 129.176 129.905 132.433 135.734 138.658 143.996 151.431 166.447 193.408 210.425 202.402 193.232 182.086 175.337 160.304 143.579 121.856 95.8143 59.8815 1.46655 3.09236 1.3215 1.25856 0.0962627 -0.451046 -0.430876 -0.885751 -0.600917 -0.850987 -0.722512 -0.905321 -0.603169 -0.878672 -0.454272 
-0.578735 -0.635523 -0.544752 -0.923176 -0.508536 -0.379629 0.177701 0.52026 0.963761 0.811082 19.8525 73.2013 98.9005 122.187 140.789 156.804 172.649 182.935 191.758 202.376 211.968 219.316 198.169 172.514 158.38 150.753 144.657 140.704 138.008 136.515 134.577 133.651 137.023 139.518 142.251 147.401 155.364 168.804 197.583 211.279 205.19 198.327 187.337 179.099 167.388 151.917 132.301 109.103 80.9466 37.8658 3.34433 2.5283 1.1182 0.561497 -0.234818 -0.620825 -0.62353 -0.829856 -0.433991 -0.478443 -0.660056 -0.758656 -0.870823 -0.434205 
-0.852202 -0.512569 -0.787368 -0.866464 -0.456451 -0.505764 0.17942 0.502757 0.151065 26.7134 86.4166 108.187 128.192 151.502 170.184 186.891 198.265 208.92 214.811 222.719 226.442 229.523 208.116 178.647 166.044 156.246 150.27 146.842 143.06 141.01 140.49 139.352 144.005 147.828 152.052 157.37 166.488 178.717 210.345 227.095 223.183 214.117 206.02 197.498 185.583 170.626 152.792 132.409 111.119 86.0418 54.4768 17.1931 1.07552 0.650879 0.100869 0.0851936 -0.537518 -0.51494 -0.721702 -0.718515 -0.277475 -0.492161 -0.504695 -0.329694 
-0.701903 -1.03455 -0.779965 -0.93183 -1.06039 -0.431931 -0.167625 -0.84647 34.3054 83.0137 101.416 116.103 136.886 156.712 177.536 191.62 205.562 218.964 224.964 233.372 240.51 245.375 220.982 192.685 177.711 168.283 163.41 158.876 156.661 155.916 156.57 155.233 157.554 159.316 162.804 167.231 176.003 189.198 220.008 238.769 230.926 225.576 217.747 210.061 198.61 187.505 175.346 161.077 145.608 128.163 105.061 82.0255 48.8401 0.915291 0.336529 -0.606338 -0.432681 0.00356205 -1.14895 -0.666305 -0.757336 -0.347502 -0.44727 -0.954312 
-1.36614 -0.997699 -0.518825 -0.756959 -0.600455 -0.271689 -0.0380229 4.39325 77.3332 106.555 117.891 129.839 147.402 166 182.954 197.783 209.647 222.32 230.141 237.275 242.561 247.474 222.397 194.317 176.204 163.819 157.659 159.921 160.29 158.429 158.244 158.311 161.531 163.817 169.808 176.288 184.44 196.872 228.099 248.834 245.373 241.29 234.92 224.997 216.164 200.881 185.023 174.52 158.147 144.087 119.586 92.8993 67.7005 22.6775 -0.0764146 -0.56231 -0.671028 -1.0978 -0.419737 -0.937616 -0.122416 -0.553847 -0.641937 -0.230514 
-0.811766 -0.999674 -0.471119 -0.503153 -0.388914 -0.364513 4.11035 14.054 86.3305 115.723 122.965 134.787 154.728 172.777 191.704 206.983 218.798 227.92 234.934 241.087 246.321 248.799 225.239 190.916 165.273 155.725 152.315 151.845 159.447 159.196 157.796 159.393 163.376 166.051 170.47 178.138 187.58 200.176 232.614 255.299 251.527 244.01 235.649 227.062 220.307 203.983 184.032 173.441 162.154 146.189 127.566 95.8154 72.0205 26.9042 0.145754 -0.0707298 -0.501293 -0.803153 -1.05988 -0.878311 -0.658834 -0.195835 -0.641604 -0.543364 
-1.34336 -1.37712 -0.676602 -0.700165 1.33511 2.73067 2.71403 1.86747 43.1653 71.9733 88.1242 111.722 130.636 148.516 162.535 176.06 187.488 196.668 206.949 213.14 222.276 227.771 196.703 160.877 146.681 139.782 136.141 135.186 137.386 145.573 149.622 149.69 152.155 156.329 160.359 166.699 174.318 189.912 220.065 242.517 235.989 226.027 217.351 206.608 193.605 179.194 164.989 147.564 141.413 132.312 122.226 95.4381 71.5603 20.917 0.221326 -0.346113 -0.482708 -0.0996236 -0.814174 -0.958192 -0.674314 -0.33594 -1.03457 -0.554859 
-0.518164 -0.172831 0.696555 1.46391 0.366377 0.69253 1.20678 1.54522 1.24275 -0.349443 2.11424 24.1464 81.7885 112.529 139.274 156.407 171.862 186.327 197.622 206.46 209.058 197.518 175.327 146.425 136.842 129.536 124.698 122.568 121.163 121.919 128.002 136.559 140.8 143.248 149.042 154.745 162.797 174.772 205.002 225.18 216.407 204.953 193.075 181.243 165.037 149.933 126.971 106.975 81.2968 39.2198 26.2509 16.4461 7.13592 -0.271454 -0.0341176 -0.447572 -0.363645 -0.778924 -0.396931 -0.349627 -0.514946 -0.482156 -0.405884 -0.598168 
-0.634046 1.00611 0.288464 0.541179 0.0666558 0.0787077 0.701953 1.02537 2.04056 1.77684 2.67183 2.86984 41.002 83.4655 113.045 134.459 152.084 167.321 177.249 181.192 165.453 168.147 151.639 127.364 117.402 111.487 107.134 104.982 102.492 101.068 102.547 104.505 116.964 124.694 128.889 134.051 141.192 152.04 180.257 198.777 191.747 180.035 168.355 156.403 138.28 124.914 94.8058 61.3118 6.21924 5.66738 4.89059 6.19983 8.7208 7.23658 0.040119 -0.252197 0.0183683 -0.290717 -0.902476 -0.65651 -0.54213 -0.294819 -0.415846 -0.311467 
0.691245 0.236085 0.235128 0.324139 -0.0998129 -0.0542782 0.80916 1.69734 1.29117 1.53622 2.76581 2.87532 38.187 83.0822 111.019 129.374 149.417 163.09 174.379 152.672 148.098 156.183 144.247 120.114 111.488 105.238 101.993 100.683 98.7089 97.7147 98.5349 99.6481 103.889 110.118 123.448 130.664 139.653 149.627 178.135 196.392 188.571 178.837 167.561 153.908 139.264 118.532 92.3528 54.807 1.25053 3.26032 3.50167 3.4304 3.71793 4.07182 -0.182895 -0.283992 -0.532022 -0.261316 -0.410338 -0.578203 -0.297157 -0.310743 -0.562629 -0.319823 
0.0582689 0.0894012 0.540495 0.330243 0.0825296 0.572849 1.14075 1.29234 1.30905 1.19681 2.83442 3.13619 33.9034 80.0263 107.875 127.848 147.948 161.447 161.066 137.689 134.114 145.479 142.873 118.011 109.33 104.183 99.6484 98.0445 96.8408 95.6179 95.6652 96.6506 99.5808 102.948 108.457 122.634 140.164 149.31 177.461 194.918 187.15 177.728 165.266 151.298 136.926 115.965 90.2772 48.2961 1.37834 3.13466 2.10522 2.50085 3.19568 2.76244 1.07937 -0.0239461 -0.448693 -0.444183 -0.644273 -0.535137 0.0272938 -0.617615 -0.444938 -0.117651 
1.22088 0.736013 0.226451 1.00576 1.04982 0.667046 1.18381 1.00549 1.68794 1.58349 2.10667 3.02301 29.0677 77.6455 106.588 126.958 145.645 159.619 150.383 127.997 124.159 137.177 140.615 117.383 108.196 102.04 98.3979 96.2719 95.1364 94.0016 93.8783 95.0413 97.2064 99.8318 104.01 110.816 130.874 148.708 179.703 193.74 185.646 176.82 163.456 149.205 135.779 113.848 87.6439 43.6663 1.86533 2.70646 2.03275 2.21428 2.34347 1.94434 1.60532 -0.456762 -0.487934 -0.999689 -0.413027 -0.329278 -0.459264 -0.676846 -0.596243 -0.740223 
0.696661 0.591531 0.85795 1.03746 1.13673 0.265102 0.641053 0.992022 1.11335 1.25934 2.07747 2.83359 26.9455 75.7719 105.203 125.923 144.575 157.988 144.872 122.168 117.648 130.724 140.742 116.007 107.927 101.571 97.7731 95.4227 93.2785 93.5695 92.5019 93.7806 95.4428 98.4584 101.806 107.775 118.475 146.594 177.089 192.536 184.371 175.379 163.03 148.5 134.46 113.132 84.1296 40.1893 1.94176 2.28038 1.45775 2.1779 3.17212 1.99118 1.10225 0.669572 -0.796007 -0.17432 -0.277135 -0.925559 -0.427864 -0.305501 -0.388472 -0.502806 
1.33081 1.23159 0.635698 0.826952 1.1308 0.505283 1.13669 1.51535 1.12409 1.22848 1.42057 2.29702 25.9863 74.4508 104.713 125.659 143.844 157.199 141.659 120.433 113.3 126.232 139.903 117.372 107.317 101.501 97.7559 95.5826 93.0617 92.9929 92.7614 92.7283 95.4853 96.8368 100.774 106.582 115.31 141.41 176.843 192.435 184.34 174.406 163.373 148.463 132.993 112.611 83.097 38.1275 2.00552 2.25959 1.45083 2.10316 3.46812 1.91816 1.09663 2.05271 -0.0826053 -0.41983 -0.167343 -0.837646 -0.0722396 -0.811167 -0.7643 -0.46269 
1.76538 1.97744 1.5279 1.75852 1.48905 1.29178 1.3661 1.42512 1.15973 1.42387 2.0335 2.95785 24.5851 74.9541 105.741 125.21 143.425 155.956 142.498 118.205 111.849 121.408 142.5 117.36 108.376 101.958 97.977 96.0289 93.4052 92.6529 92.6228 92.9471 94.6744 97.598 100.858 104.794 114.543 139.019 175.869 191.584 185.073 175.104 161.968 147.295 132.931 113.66 80.3347 35.0863 2.68314 2.0966 1.43407 3.22597 2.65835 1.82085 1.53803 1.47499 1.30517 -0.838498 -0.790001 0.304999 -1.02967 -0.909492 -0.245056 -0.882474 
1.7637 2.43103 2.00951 1.62313 2.23713 1.52504 1.92711 2.04789 2.06331 1.71735 2.04281 2.75348 19.3686 72.1714 103.57 123.422 142.757 155.349 148.803 119.888 112.258 114.161 146.675 119.744 109.299 102.783 98.981 96.2553 94.2781 92.921 93.1756 93.1318 94.6055 96.8141 99.5015 104.662 113.762 137.135 172.439 191.837 185.091 175.495 162.871 148.547 131.774 116.665 82.0857 39.4017 1.89624 2.32432 1.70295 3.37529 2.89875 1.27344 1.44247 1.07614 1.88537 1.30774 -0.222475 -0.651286 -0.504107 -0.78862 -0.584029 -0.021572 
1.71896 2.32531 2.07819 1.88002 2.0217 1.70871 1.9925 1.6077 2.11854 2.08373 2.63622 3.41567 18.1363 71.5001 101.959 122.864 140.836 154.618 155.084 123.341 112.953 112.297 147.221 120.39 111.13 103.784 99.8466 96.5328 94.4925 94.3735 93.7687 93.8132 95.0681 98.0151 100.852 104 113.424 136.484 168.52 193.703 185.052 175.65 162.691 148.827 138.057 111.48 82.6343 39.9922 2.01044 2.79226 1.05921 3.1758 1.86095 1.60354 1.32339 1.28662 1.58904 1.704 0.339291 -1.08773 -0.540915 -0.388321 0.0747191 -0.94526 
1.24409 1.71649 1.56583 1.61996 1.40293 1.13523 1.39042 1.32701 2.19052 1.71996 2.13859 3.25412 17.2147 71.7492 101.682 121.609 141.433 156.067 160.285 127.382 116.208 114.54 148.136 122.507 111.73 104.936 100.171 98.0524 95.3075 94.375 93.8295 94.298 96.6301 97.9746 101.371 106.238 115.101 140.193 168.082 192.413 184.879 175.521 162.207 148.859 137.593 107.814 82.1252 37.7909 2.09679 2.04293 1.52221 3.19977 2.47059 1.23533 1.26799 1.14996 0.653583 1.19302 1.40772 0.186233 -0.520024 0.111584 -0.341132 -0.718849 
1.91646 2.54092 2.1259 1.93963 1.38071 1.11831 1.58714 1.5695 1.58595 1.56008 2.20539 3.6024 17.0243 71.393 100.938 122.198 140.413 156.107 165.238 131.01 118.848 114.872 148.981 122.397 113.279 105.705 102.021 98.28 96.1371 94.5766 94.6738 94.7285 96.5566 98.5397 102.583 109.015 116.989 144.358 169.39 191.553 183.653 174.954 161.087 147.955 135.774 109.678 80.984 36.5724 2.67097 1.56931 2.07322 2.64658 1.49716 1.60275 1.2089 1.43091 0.956028 1.28971 1.37081 1.65608 -0.266224 -0.509261 -0.597578 -0.507683 
1.71555 1.87737 1.7986 1.89926 1.55993 0.766124 1.62767 1.28101 1.35394 1.61351 1.8932 2.79752 17.5537 71.8421 100.762 121.37 141.46 156.699 170.187 139.579 123.477 118.979 154.79 125.685 114.978 106.903 102.912 99.3309 97.234 96.3117 96.0069 95.6024 97.685 101.059 104.099 110.321 123.621 143.335 168.14 191.795 184.61 175.089 162.729 147.963 135.473 109.296 80.7514 35.3047 2.8508 2.31841 2.40797 1.35882 0.8164 0.581247 1.12734 0.781163 0.881785 0.962418 1.27763 0.788761 -0.0783217 -0.936227 -0.54049 -0.366808 
1.67857 1.52637 2.13673 1.83134 1.31544 1.58865 0.653408 2.04743 1.20024 1.37202 1.76436 2.93498 17.0272 70.9543 100.404 122.282 140.813 156.039 167.469 155.218 127.93 127.008 155.969 127.106 116.253 109.316 104.304 100.949 99.0042 97.5024 96.7288 98.1367 98.7762 103.261 108.724 115.961 130.907 143.479 170.218 191.307 184.832 174.265 162.909 148.236 134.549 109.227 80.5767 33.4333 1.55665 1.54659 1.91682 1.08206 1.2723 1.424 0.904736 1.35904 0.186975 1.11689 1.37122 1.75341 1.52552 -0.622172 -0.756644 -0.4352 
1.68778 1.88839 2.03435 1.38617 1.53682 1.0866 1.44955 0.927149 1.09362 1.22681 1.71021 2.34676 17.113 71.1438 101.87 121.187 140.747 157.203 167.21 168.994 137.151 139.395 158.41 128.687 118.558 111.01 105.843 102.488 100.984 99.6928 98.4394 100.444 103.405 107.842 113.039 122.734 132.397 143.275 168.393 191.77 183.094 173.599 161.738 147.25 134.589 106.933 78.9852 33.0504 2.73367 1.57743 1.58857 1.39379 0.523253 0.910446 1.4141 0.697174 0.724268 1.09122 1.60663 1.64315 0.877393 0.433436 0.18013 -0.194801 
1.61022 1.89937 1.85703 1.15311 1.59529 1.14109 1.11799 0.781997 1.05856 0.751946 1.7085 2.66614 17.5454 70.8487 102.15 121.215 140.975 157.187 167.382 179.031 153.386 152.373 163.98 134.068 121.955 113.681 109.653 105.338 103.174 102.922 102.837 104.269 109.783 114.292 120.059 124.521 132.195 143.352 167.647 192.053 183.387 173.371 160.545 147.692 133.573 108.114 79.4744 31.6715 2.49658 1.3648 1.66445 1.17188 0.640496 0.307154 0.653436 0.834885 1.53232 1.22283 0.35522 0.25416 1.27102 0.556224 -0.215565 -0.753578 
1.84641 1.72751 0.622639 1.91692 1.32141 1.35824 0.756172 1.05778 1.15271 1.01713 1.54825 2.56249 17.6093 72.353 101.247 121.126 140.44 157.622 168.16 178.835 181.688 173.933 173.092 140.505 127.836 119.51 114.888 111.131 110.1 109.732 111.244 112.03 117.051 118.255 120.323 124.927 131.791 143.275 166.182 191.19 182.312 173.364 161.046 147.49 132.822 107.55 78.3272 30.8248 2.27572 2.15544 1.97276 1.00117 1.37483 0.647128 0.732178 0.966049 0.40532 0.830399 0.632981 0.40384 0.444702 0.899115 -0.507057 -0.488639 
3.14577 3.52367 3.09835 2.58568 2.78299 2.36498 2.45257 3.05616 2.73076 2.40176 2.44815 3.95287 19.9736 73.8573 104.15 124.874 143.724 159.776 171.021 181.666 189.464 196.436 193.196 158.998 144.78 134.724 127.793 122.57 119.546 117.704 116.036 115.489 114.187 116.264 119.822 123.146 130.339 140.747 164.261 190.464 181.041 171.285 159.432 145.114 130.512 105.558 77.1729 29.264 2.4848 2.14075 1.13763 0.41475 1.13158 0.459175 0.586355 2.04944 0.545431 0.946045 0.477002 0.65948 0.56627 0.494358 0.328494 -0.436518 
3.74742 2.87678 3.20313 2.79586 2.49171 2.15794 2.63788 2.41631 2.56415 2.48867 2.87619 3.16506 20.1436 74.1149 104.522 125.138 145.393 161.149 172.034 182.685 190.547 198.401 196.39 159.945 144.947 135.257 130 123.47 120.287 119.388 117.22 116.536 113.817 116.217 119.569 123.738 130.228 141.966 165.048 189.56 180.707 171.517 158.729 145.073 129.966 106.196 76.8517 28.0614 2.6312 2.28992 1.05153 0.196592 0.588716 0.380685 2.54673 0.481101 0.97482 0.231691 0.243769 0.686156 0.620925 0.314977 0.351189 -0.885156 
3.38616 3.93274 3.07687 2.48473 2.36807 2.56324 2.57042 2.65712 2.96136 2.81825 2.91477 3.83429 21.2744 75.1671 103.225 125.012 145.492 160.381 174.041 182.767 193.37 200.008 197.237 160.664 145.473 135.116 128.27 123.679 121.049 118.499 117.806 117.035 114.281 116.813 120.023 123.68 131.135 142.685 163.558 190.316 180.074 171.565 159.539 145.801 130.72 105.641 76.2934 28.0041 1.8986 1.82187 0.390432 1.01097 0.309481 0.712481 1.45551 0.730632 0.131381 0.37099 0.472277 0.715704 0.708903 0.428611 0.280047 -0.533651 
3.36934 3.19346 3.80536 2.82592 1.94434 2.59466 2.16156 1.71697 2.40546 1.77564 2.57077 4.27421 21.6517 74.7711 104.762 125.683 144.767 161.522 172.874 182.862 192.977 198.419 197.422 161.418 145.541 136.356 129.918 123.223 121.028 118.877 116.799 117.63 115.027 116.471 120.115 123.935 130.657 142.049 162.539 190.559 181.472 171.351 158.431 145.62 130.314 105.504 77.3453 26.4748 2.75575 1.61786 0.332324 0.352522 0.576924 0.155296 1.07407 0.563552 0.584698 0.0819803 -0.294761 0.180656 0.351895 0.383215 -0.730091 0.132965 
3.34529 3.10527 2.75058 1.62287 1.8783 2.29555 2.42906 2.55873 2.62307 2.40545 2.66782 3.73509 22.6945 75.329 104.641 125.162 144.99 161.214 173.246 183.199 192.844 199.552 198.877 162.661 146.191 136.458 128.991 124.012 121.462 120.103 117.563 117.677 114.223 115.613 118.47 124.2 130.38 141.88 164.382 190.049 180.815 171.672 159.843 145.273 128.665 105.151 76.4233 27.2113 2.51499 1.55806 0.781709 0.556214 0.151841 0.882945 0.812318 1.36129 0.56317 0.372345 1.0528 0.396373 -0.234464 0.072643 -0.168932 -0.0192075 
3.28804 3.56768 2.63016 2.79703 2.42696 2.67751 2.58009 3.62295 1.8838 2.52142 2.40875 4.1558 22.1542 75.5567 104.867 125.597 145.66 161.432 172.935 184.803 192.514 199.299 198.776 162.131 148.208 136.742 130.606 124.487 121.165 119.107 118.059 117.483 114.748 115.895 119.484 123.78 130.947 142.658 166.121 189.346 181.973 171.314 159.311 146.238 138.66 105.221 76.0737 27.1569 2.35551 1.0263 0.681301 0.585422 0.600251 0.766835 0.918287 0.0714864 2.16288 0.507563 -0.124169 0.293395 0.603818 -0.228231 -0.290223 -0.898071 
3.33755 1.79925 2.83718 2.94468 2.26668 2.36974 1.48985 3.28835 2.41522 2.19799 3.42651 4.03092 23.6395 76.54 105.024 126.835 146.373 161.477 174.735 184.322 192.674 199.64 199.058 163.51 147.494 135.883 130.006 124.671 121.07 119.352 117.001 117.438 115.068 115.963 119.253 124.245 130.913 141.712 164.793 188.939 181.771 171.255 158.854 144.885 129.086 105.2 76.1261 26.9417 2.26475 1.2394 0.433771 1.2622 -0.0173577 0.427281 0.631103 1.16758 3.41247 0.61961 0.0916511 0.376544 0.0956263 -0.0517455 -0.0200596 -0.428748 
2.65369 3.45879 2.81076 2.55985 2.70461 2.22134 2.1452 2.07023 2.65651 2.39187 3.15937 3.80617 25.0521 76.6961 107.233 125.664 146.842 161.955 175.349 184.78 194.692 200.946 204.447 165.404 147.649 136.794 130.449 124.775 121.399 120.1 119.107 117.894 115.973 117.779 119.072 124.115 131.45 141.881 165.339 191.095 181.063 171.996 159.4 144.957 128.853 106.291 76.7323 27.061 2.44396 1.56758 0.387312 0.853688 1.12642 1.32029 0.503533 0.78656 4.38111 0.138361 0.555485 0.465929 0.23635 0.166456 -0.724067 0.00447136 
4.26496 3.88162 3.49518 2.72209 2.77261 2.14565 2.46837 2.77558 2.68716 3.05897 3.5877 4.20551 22.6457 76.2562 105.895 126.472 146.085 163.318 173.158 185.927 193.344 201.018 203.211 164.431 148.497 137.708 131.048 126.959 123.293 120.142 118.809 118.741 116.486 117.273 119.592 124.02 132.061 140.844 162.003 193.74 181.814 172.749 160.267 146.133 131.034 108.15 79.3434 32.0564 3.24549 1.77219 1.65664 1.54599 1.12451 0.926903 0.606522 0.521812 3.77125 0.725174 1.07796 0.596081 0.250353 -0.0807269 -0.660604 -0.463586 
4.85367 4.26296 2.93699 3.04257 3.11036 3.00024 3.01702 3.52202 2.40607 2.99743 3.304 4.66252 17.3856 75.7858 105.17 126.6 147.111 162.064 174.45 184.24 192.764 201.303 204.08 163.988 149.037 138.917 131.236 126.547 122.416 121.678 119.279 117.961 115.942 117.019 120.152 124.962 131.033 140.024 155.907 196.204 183.424 173.785 161.843 147.653 131.34 110.615 83.2317 35.6433 3.488 2.32672 2.05861 1.40518 1.37975 1.46488 0.543801 1.17519 5.1503 0.0384925 0.918316 0.827557 -0.0525314 -0.353459 -0.501811 0.042731 
1.11033 5.0611 3.52327 3.49702 2.96709 3.12019 2.42227 3.02734 3.58184 3.276 4.39823 5.67541 15.4099 76.0814 106.441 126.262 146.765 163.681 173.377 185.547 194.166 201.587 201.552 166.377 149.173 137.706 131.992 127.306 124.076 120.531 119.484 118.575 116.204 117.237 120.35 124.141 130.759 141.383 155.826 195.962 183.065 173.622 161.921 148.201 131.357 111.953 84.511 37.1391 3.52512 3.08433 2.19737 1.68903 1.37783 1.69996 1.72418 1.00527 5.33238 1.11367 0.772133 -0.130431 -0.559601 -0.627426 -0.28413 -0.325855 
1.04231 4.06436 4.2683 3.35197 3.34632 3.24597 3.65421 3.88045 4.20268 4.59775 4.63196 5.32452 21.3745 77.4001 108.252 128.744 147.972 163.147 174.732 186.651 194.727 202.549 203.159 165.222 149.241 139.465 131.652 125.971 123.194 120.645 118.927 118.693 117.014 117.977 120.451 124.662 130.894 140.907 155.902 193.897 185.439 174.156 161.831 148.473 133.28 112.931 84.9328 39.1413 4.19411 4.48473 4.06632 2.20379 2.63221 2.25286 1.80632 1.99883 6.10444 14.2442 -0.801205 -0.935278 0.052153 -0.17123 -0.378999 -0.72237 
1.43325 2.06408 6.26337 6.67764 5.31973 4.21744 4.37264 4.12362 4.58279 5.27243 6.22437 6.74202 50.4627 90.5669 116.037 139.045 156.827 171.005 182.066 191.199 200.083 207.862 207.922 168.799 150.758 140.138 132.502 128.427 124.694 122.115 120.698 119.761 117.334 118.89 120.862 124.9 131.729 140.922 155.935 195.456 183.311 174.303 163.849 147.862 134.592 113.975 86.5596 40.0369 4.65391 4.81213 4.21465 3.1484 3.33316 5.15809 6.7875 7.21945 4.35457 1.56599 -0.623422 -0.458863 -0.528807 -0.729247 -0.0545379 -0.0198108 
0.678462 1.20461 0.704035 5.01465 9.8862 11.1625 12.0893 16.1833 19.0004 21.0546 19.1346 60.7484 103.998 123.88 140.23 156.539 174.25 191.811 204.131 213.938 226.375 231.79 233.706 192.192 177.436 166.519 158.384 155.093 151.512 148.828 146.6 146.578 143.977 144.846 147.967 152.584 159.843 168.312 183.91 221.828 214.068 205.662 194.479 180.541 165.004 147.073 121.36 81.1616 22.7508 6.96116 4.50291 7.54184 10.6011 10.8416 8.34539 1.69361 0.0496694 -0.123176 -0.0662738 -0.492897 -0.636386 0.0699215 -0.829183 -0.668249 
1.37643 0.550964 0.901317 0.366352 1.23841 5.8582 11.4746 16.6657 21.0509 24.3539 63.4833 107.471 128.478 144.485 168.238 187.709 202.67 214.657 225.157 235.512 243.128 251.557 249.214 206.995 191.574 180.403 172.385 169.431 163.289 162.315 160.915 160.616 158.698 160.335 164.108 168.751 175.824 187.9 205.185 246.825 236.737 228.88 218.629 208.601 196.015 185.805 178.515 162.345 144.156 121.436 101.36 61.5035 14.3094 8.64509 0.58132 -0.190972 0.444973 0.181355 0.114795 -0.193617 0.109872 -0.717509 -1.23346 -0.880336 
0.770772 0.637669 1.46228 0.574151 1.97049 1.47191 0.357561 4.438 10.6804 28.9382 94.0173 121.339 136.293 154.115 176.596 195.219 209.445 222.908 235.527 244.687 252.52 260.603 256.523 214.807 197.791 186.398 178.686 174.412 169.631 166.48 166.241 163.965 163.366 164.894 168.576 174.224 180.19 192.08 209.853 251.851 244.217 238.227 226.9 216.235 203.767 192.287 189.229 185.07 172.275 148.812 121.988 91.2687 40.5684 -1.67726 0.495212 -0.00456766 0.180587 0.00829891 -0.150484 -0.447441 -0.860573 -0.76139 -0.746386 -0.786905 
0.711774 0.773234 0.106904 3.50926 1.30131 0.236528 0.878085 1.45929 1.05021 22.0966 98.6847 120.828 136.923 158.293 180.064 196.415 210.454 224.35 237.414 242.807 254.202 258.257 254.275 212.69 195.577 184.78 178.346 173.353 168.476 166.471 165.742 165.02 162.851 164.805 169.18 175.002 182.862 195.155 211.839 254.005 246.299 238.323 230.05 220.763 210.606 194.568 188.416 186.822 176.381 153.672 121.791 89.0567 58.6569 3.80098 0.68214 -0.471352 -0.274625 -0.168354 -0.139989 -0.158529 -0.149324 -0.581765 -0.819435 -0.511636 
0.923239 0.32113 0.00285845 1.09744 0.619682 0.51996 1.14615 2.20116 1.45154 0.423158 75.6391 112.163 134.433 156.572 174.571 192.977 205.551 218.027 229.457 238.404 245.881 250.819 249.848 208.473 190.251 180.55 171.91 167.427 163.31 162.75 160.023 159.122 160.706 160.099 164.566 169.921 178.822 192.035 206.862 254.839 242.33 233.911 227.131 219.903 210.536 195.623 187.753 181.325 168.415 147.718 109.917 86.223 59.034 10.5364 0.701304 -0.724706 0.0927277 -0.113352 -0.139651 -0.398171 -0.40154 -0.284499 -0.101584 -0.44275 
1.14081 0.674902 0.407602 0.0952078 1.48866 0.977427 1.00769 1.85097 1.73772 1.63913 6.68819 84.556 126.154 145.64 161.868 179.877 192.634 207.705 218.573 228.19 235.127 242.264 242.024 199.406 182.18 170.679 163.831 158.37 155.181 153.026 153.331 152.688 151.076 152.797 157.032 162.593 171.006 182.19 198.401 244.799 232.149 226.793 217.063 211.047 202.713 193.094 183.774 172.316 155.984 134.303 103.457 80.7323 52.0335 8.07355 0.397771 -0.417176 -0.594678 -0.285442 -0.438298 0.113288 -0.856364 0.0751187 -0.343479 -0.439187 
0.230427 1.06188 -0.0636872 0.564712 1.2781 0.898426 0.920826 1.26852 2.35598 2.00447 3.18095 3.61894 60.267 106.726 136.909 160.567 178.822 190.669 200.966 211.764 216.861 226.138 231.32 188.236 170.224 160.03 153.968 147.353 143.285 142.306 142.694 143.016 139.743 142.429 146.446 152.398 161.314 171.423 188.651 235.112 219.883 212.59 206.934 199.702 191.204 182.304 171.041 158.407 140.573 117.739 90.2523 64.1625 22.682 -0.327826 0.285362 -0.76032 -0.849315 -0.417535 -0.269979 -0.478967 -0.60099 -0.558775 0.0956862 -0.25903 
0.461118 0.826739 0.399343 -0.0334663 0.580052 0.959538 1.31073 0.292054 1.40381 2.41789 3.16552 4.09368 35.4913 86.1193 115.028 138.649 160.507 177.909 183.991 194.012 203.99 214.959 216.666 178.256 161.758 151.919 145.049 139.518 135.472 133.871 134.559 133.831 131.125 132.318 137.75 142.033 149.58 161.651 176.745 218.253 208.833 197.917 191.438 180.27 172.185 163.159 149.21 132.797 110.886 88.6308 53.3792 11.2903 0.690997 0.649375 -0.416175 -0.129451 -0.455303 0.0369221 -0.341877 0.210902 -0.385886 -0.810211 -0.819658 -0.651504 
-0.246501 0.531297 1.41005 0.70238 1.25407 1.09453 0.517802 0.612369 1.21456 2.2331 2.91916 3.89196 34.8486 84.1567 114.808 139.26 159.875 177.424 181.985 193.181 204.383 212.273 216.233 177.123 160.109 150.979 144.494 140.028 136.808 133.972 131.805 133.639 131.066 133.145 136.061 142.423 148.612 160.789 177.272 217.547 205.385 196.813 187.354 178.494 166.654 148.697 126.713 103.699 71.8696 13.9615 0.902203 2.20704 1.6612 0.41258 0.23314 -0.13975 -0.62241 -0.21118 -0.206186 -0.488156 -0.80345 -0.254903 -0.272061 -0.187824 
1.00501 -0.214235 0.386063 0.626619 0.236863 0.874154 0.80034 0.466262 1.05874 1.70427 2.42127 3.06133 34.8675 86.0089 115.113 140.39 160.178 172.67 181.323 193.221 204.678 212.875 213.926 176.312 158.942 150.211 142.439 140.461 134.185 134.048 131.815 131.031 129.876 131.462 134.791 140.137 147.525 158.661 174.829 214.587 203.334 193.964 184.881 175.222 164.944 148.849 127.265 103.053 69.6209 13.0417 3.07603 2.05876 0.579526 0.672937 -0.178401 -0.471549 -0.685847 -0.197984 0.032862 -0.511996 -0.661989 -0.741145 -0.172108 0.175364 
1.64049 1.16265 0.109481 0.304995 0.512418 0.603873 1.20041 0.764295 0.861003 1.16063 2.17046 2.10884 36.6492 84.9153 115.493 139.737 158.602 175.032 180.832 191.064 203.553 212.882 210.893 173.795 158.662 148.605 141.068 137.138 134.564 134.196 130.693 132.155 130.328 132.209 135.323 140.569 148.064 158.208 175.992 214.244 204.432 196.134 186.619 175.264 164.847 148.132 127.27 101.109 67.8058 11.1821 2.60707 1.79131 0.364917 0.182145 -0.647356 0.0599817 -0.194946 -0.60174 -0.560502 -0.730753 -0.500243 -0.465809 -0.51729 -0.319481 
0.843624 0.809736 0.315526 0.555101 0.94004 1.20893 0.276991 1.39761 0.473405 1.22976 2.17836 1.9264 39.1855 85.9984 114.845 138.556 160.769 173.82 177.446 190.94 203.385 211.327 211.28 174.591 158.237 148.285 139.871 137.611 134.039 132.759 130.46 130.185 129.235 132.178 134.725 140.123 145.955 158.718 173.05 212.686 204.687 195.073 184.486 177.222 164.027 147.886 126.265 100.786 67.6683 12.077 1.5314 0.728217 0.224989 -0.0367153 -0.271896 -0.141993 -0.674183 -0.506852 -0.349432 -0.93506 -0.345636 -0.205946 -0.672703 -0.467097 
0.204857 0.476042 0.467121 1.6699 1.02665 0.559317 0.173505 0.739918 0.852425 0.183692 0.81172 2.06576 38.7141 85.3994 114.76 139.691 158.806 174.71 178.358 191.135 202.974 211.2 211.54 172.301 157.732 147.345 141.635 136.214 131.977 131.158 128.806 129.61 128.127 130.545 133.952 138.811 145.384 156.241 171.885 211.089 202.862 192.617 183.865 175.688 163.851 147.77 126.75 101.245 69.57 13.8256 1.15627 0.689292 0.063076 -0.324807 -0.0871673 -0.57226 -0.491248 -0.460811 -0.723416 -0.367416 -0.324264 -1.61891 -0.855942 -0.370292 
0.753688 0.377767 0.434618 0.300484 -0.100264 0.623733 0.607356 0.868551 0.871905 0.76162 1.31521 2.04651 35.372 83.8657 112.281 136.933 155.534 173.594 176.082 187.424 202.331 208.834 211.201 174.168 157.89 147.725 141.049 135.808 133.57 131.072 129.511 130.405 128.324 129.318 132.906 138.505 144.909 154.639 170.231 208.471 203.308 194.711 183.713 175.25 165.809 149.432 128.452 103.87 71.633 16.9426 1.536 -0.141271 0.14224 -0.32765 -0.279654 -0.539716 -0.60733 -0.0332916 -0.369601 -0.202279 -0.649785 -0.31118 -0.111301 -0.559252 
0.974689 0.617156 0.0930889 -0.230682 0.484654 1.07327 0.845992 0.452809 1.58872 1.07368 1.19697 2.19145 34.6805 83.123 112.741 139.659 157.713 175.732 174.991 188.956 200.696 209.475 210.384 172.726 158.222 148.36 140.318 134.681 132.661 131.438 129.798 130.261 127.359 129.209 132.573 138.429 144.455 154.643 170.617 207.047 203.571 195.663 185.262 175.987 165.78 148.822 128.996 101.895 71.4654 15.7481 0.686267 0.0440642 -0.12443 -0.902886 -0.151105 -0.685142 -0.464204 -0.414626 -0.326538 -0.0288981 -0.829448 -0.416646 -0.477946 -0.390313 
1.08942 0.700221 0.620949 -0.153817 0.71781 1.22318 1.03383 0.141975 0.757112 1.06143 1.52783 2.36128 36.858 85.4865 113.578 138.789 157.972 173.789 176.925 188.895 200.982 210.894 210.863 173.392 157.488 146.748 139.713 136.875 132.969 131.39 129.416 128.842 127.335 129.108 133.017 136.885 143.367 152.959 168.654 207.043 202.143 193.59 183.93 175.471 165.61 148.437 129.148 103.309 70.8642 15.9931 1.12216 -0.846605 -0.368713 -0.0936057 -0.309636 -0.217652 -0.0393657 -0.183523 -0.227206 -0.923493 -0.351773 -0.130873 -0.667713 -0.336616 
0.372161 0.7948 -0.0873529 -0.219074 0.110474 1.32992 1.19712 0.412912 1.17441 0.872601 2.11179 2.33237 39.747 85.8374 113.345 138.854 157.5 173.824 176.068 187.992 201.092 209.436 211.241 173.198 157.438 147.802 139.914 135.88 131.867 129.63 128.938 128.729 127.91 128.113 145.61 136.28 142.74 152.875 167.567 205.066 202.055 193.236 183.035 174.712 164.458 147.333 128.558 102.583 71.0831 16.0708 1.23003 -0.0926775 -0.585406 -0.109037 -0.270053 -0.303579 -0.501745 -0.399249 -0.815312 -0.124273 -0.350738 -0.144121 -0.134386 -0.357709 
0.747904 0.680423 0.237075 0.152515 0.813627 0.225587 0.387672 1.27374 0.498692 1.92005 2.46464 2.66626 40.9776 86.5604 114.677 139.113 158.043 173.027 176.831 188.981 200.553 209.701 209.221 172.961 156.835 147.089 139.672 135.199 132.516 130.832 128.18 129.996 129.139 128.379 132.858 137.368 144.741 153.31 168.039 204.783 202.785 194.733 183.075 174.83 165.808 148.166 127.71 102.827 70.89 15.3643 1.56402 -0.0616288 0.181293 0.0178537 0.456967 -0.235015 -0.853842 -0.570945 -0.09543 -0.58511 -0.547405 -0.894637 -0.884341 -0.0865517 
0.163089 0.605782 0.732211 0.284473 0.741954 0.621468 0.809935 1.21688 1.1832 2.04747 2.82312 2.75488 42.266 88.3291 116.928 140.624 159.946 176.341 174.403 190.053 199.46 210.556 207.724 171.99 155.757 145.509 139.808 135.124 132.311 130.084 128.939 128.814 127.94 128.89 132.362 136.068 143.775 152.786 167.999 206.226 202.17 193.815 184.896 173.512 164.704 149.59 128.584 102.59 71.4498 16.4707 2.36161 0.973586 0.968409 0.475467 0.240865 -0.251501 0.0573471 -0.813825 -0.161792 -0.489088 -0.0575201 0.640636 -0.349277 -0.685734 
