0.214052 0.33617 0.0375295 0.212609 0.371654 0.546045 0.0691033 0.402566 0.351585 -0.264459 0.555811 0.6111 0.414323 0.357439 0.323139 0.856001 1.78556 24.5812 77.2563 106.956 132.174 151.677 167.476 173.892 185.97 195.849 202.474 194.552 165.181 150.288 143.696 134.895 130.436 128.51 126.533 126.096 126.735 127.942 130.426 133.861 139.033 148.18 158.189 174.266 217.09 202.115 190.921 184.032 169.807 166.446 151.138 131.251 106.161 75.891 22.635 0.493297 -0.503399 -0.845776 -1.26611 -1.25916 -1.05327 -1.44057 -0.678892 -1.16122 
0.0415098 0.242523 -0.0917088 0.676588 -0.0453308 -0.16053 0.0559451 0.369608 0.459043 0.458502 -0.200515 0.594679 -0.0351385 0.0873804 0.411684 1.07688 2.32628 23.9378 76.6961 106.873 132.013 151.943 168.083 174.252 184.822 194.843 202.796 197.084 165.516 151.499 143.021 134.675 130.286 127.337 126.901 127.144 127.221 128.706 129.928 133.696 139.046 149.615 159.258 175.755 216.679 202.257 191.414 181.757 171.065 167.159 151.178 130.887 107.016 75.6425 22.9209 0.452773 -0.61954 -1.15749 -1.10736 -1.08449 -0.798584 -1.00664 -0.985691 -1.19495 
0.324015 -0.176103 0.436263 0.172919 0.507602 0.123253 0.327131 0.222131 0.376007 0.497179 0.0496295 0.406135 -0.15044 0.620824 0.10414 1.14026 2.26609 24.6683 75.4635 105.903 131.381 152.167 168.797 174.247 186.446 194.294 203.596 197.774 166.588 152.134 144.116 136.108 130.529 127.325 127.825 127.31 126.949 128.236 130.449 133.9 139.448 149.142 157.889 175.766 217.966 202.302 192.914 184.402 173.899 167.724 150.781 131.233 106.937 76.8929 22.7229 0.593521 -0.644162 -1.01445 -1.01852 -0.485637 -0.892227 -0.721178 -1.07712 -0.970242 
0.133902 0.290653 0.336515 0.350502 0.4197 0.516481 0.262967 -0.429578 0.0807353 0.0488265 0.32071 0.131867 0.274284 0.559226 0.716913 1.21911 1.98026 22.2621 77.0299 106.293 131.484 150.596 168.152 173.805 185.74 196.758 203.219 201.072 166.394 153.238 143.195 137.963 131.022 129.026 126.59 128.468 129.592 132.272 132.151 134.484 141.217 148.903 158.976 177.618 219.355 202.835 194.074 184.676 171.697 167.641 150.86 131.448 105.782 75.9022 23.5446 0.688435 -0.422969 -0.936051 -1.06642 -0.987522 -0.687899 -1.19179 -1.48396 -1.22947 
0.401344 0.656975 0.311741 0.470194 -0.276774 0.31951 -0.0136331 0.625724 0.350562 0.0749301 0.645762 0.50129 0.0892369 0.182154 0.752401 1.02563 2.15873 23.2599 75.5135 106.063 131.351 150.845 168.454 174.627 186.681 196.214 204.914 199.936 166.704 154.662 145.268 138.384 130.887 129.243 127.96 129.228 128.555 129.444 130.915 134.245 141.414 148.803 160.075 175.74 219.301 204.585 194.52 186.085 171.535 168.75 152.108 132.196 106.712 77.0773 23.1747 1.35077 -0.176921 -0.59232 -0.664692 -0.875859 -1.05916 -1.07971 -0.727572 -0.918605 
0.297292 -0.15389 0.311747 0.218274 0.375962 0.620401 0.234077 0.0761467 0.192654 -0.00535703 0.492847 0.62955 0.0938529 0.214491 0.409533 1.26344 2.50514 21.6586 75.5095 106.944 131.911 151.615 169.721 175.026 186.587 195.822 205.828 200.951 168.624 154.922 145.934 139.326 131.912 130.54 128.692 128.498 133.393 130.922 131.902 135.964 141.35 148.577 160.406 177.491 218.746 205.847 194.676 184.919 172.8 168.884 152.863 133.097 108.769 78.0332 24.5392 1.14337 0.241979 -0.579119 -0.861933 -1.06504 -1.18203 -0.909777 -0.962695 -1.21218 
0.226192 0.50717 0.0438886 0.273809 0.106019 0.119297 0.053994 0.231901 0.56763 0.267557 0.43175 0.311176 0.238191 0.860183 0.227525 1.46811 2.4647 16.9898 72.5203 103.65 130.607 150.067 167.123 177.647 186.529 196.572 204.287 207.956 171.349 157.112 147.047 140.218 133.486 131.406 129.52 129.164 129.465 131.019 132.489 136.964 141.825 150.012 161.153 176.826 216.831 206.891 199.051 188.492 178.17 171.374 156.185 136.353 112.861 83.0761 31.1796 1.49349 0.839144 -0.234108 -0.883843 -0.661512 -1.61444 -0.733452 -1.46985 -0.887907 
0.290457 0.165786 0.128402 0.424169 0.135805 0.592909 0.133978 0.494084 0.268852 0.497847 0.497765 0.272714 0.627766 0.414268 0.638483 1.56056 2.957 15.5519 71.179 103.854 129.71 149.855 166.648 178.243 187.066 198.251 205.631 209.659 174.28 159.014 149.247 141.678 135.06 131.89 130.269 129.478 131.156 132.432 133.03 136.701 141.802 149.468 159.282 176.419 215.506 207.138 199.447 188.656 177.393 171.799 155.618 136.224 112.396 84.2196 35.847 1.8279 0.673112 -0.134007 -0.953754 -0.533183 -1.35046 -0.862475 -1.08514 -0.719762 
0.59235 0.268191 0.375296 0.228242 0.237154 0.254058 0.303504 0.410233 0.272957 0.17623 0.505808 0.324971 0.416285 0.412514 1.11458 2.00421 2.79744 14.3069 71.4277 104.008 129.563 150.308 166.648 177.955 187.774 200.594 207.472 213.355 177.732 161.796 151.638 145.809 137.343 133.193 133.087 132.07 132.126 133.887 134.841 138.116 144.895 151.572 162.612 178.934 217.917 209.166 200.5 191.241 177.809 172.261 157.525 138.126 115.002 84.0461 33.0842 2.08424 0.614887 -0.152578 -0.828802 -0.755979 -1.06626 -1.3528 -1.29804 -0.842151 
0.462533 0.283284 0.394778 0.0823506 0.932262 0.406197 0.64757 0.510396 0.46782 0.12086 0.667747 0.356392 0.199795 0.363125 0.517802 1.90758 3.02427 12.3513 73.2224 109.086 137.085 159.525 177.67 188.758 197.39 207.337 216.934 222.175 185.318 170.908 162.559 155.885 149.554 144.888 143.4 142.043 141.176 141.871 141.515 145.007 150.692 158.935 169.648 188.229 227.77 220.201 213.695 201.337 191.144 181.577 164.178 146.31 123.415 93.5927 49.2636 3.79651 0.657523 0.0798177 -0.266226 -1.03482 -0.978802 -1.17735 -1.22722 -0.837322 
0.276635 0.44574 0.0509524 0.434051 0.287502 0.0474592 0.280154 0.424874 -0.315339 0.225304 0.338237 0.118613 0.3967 0.613889 1.3986 1.63143 5.69813 63.2506 98.5075 127.03 151.89 171.745 187.593 199.608 213.115 223.479 235.625 243.13 207.529 196.251 188.532 181.385 174.072 164.123 162.521 162.948 163.258 165.195 166.512 168.783 174.918 183.927 194.708 209 247.816 240.62 232.12 219.183 207.221 195.794 180.555 166.014 144.807 120.58 91.6392 46.947 -1.67056 -0.269486 -0.437998 -0.904809 -0.727926 -0.747716 -0.634428 -0.848843 
0.746146 0.364443 0.535163 0.363507 0.102497 0.545577 0.599349 0.0675702 0.0559382 0.553645 0.521732 0.527183 0.557951 0.773504 1.17315 1.99495 18.1235 78.3011 114.675 145.865 169.867 190.596 206.399 222.442 230.238 240.036 245.556 248.309 213.878 203.795 197.176 190.724 181.414 170.355 169.222 170.017 172.785 175.839 180.344 185.674 191.294 198.967 212.401 231.224 275.098 271.232 264.301 253.717 241.349 230.001 214.037 194.067 170.94 146.645 118.411 84.3139 31.4407 1.83595 -0.998671 -1.18793 -1.14611 -1.45988 -0.762075 -1.19218 
-0.297356 0.238096 -0.0698552 0.441249 0.321745 0.349592 -0.121262 0.124692 0.420758 0.38942 0.43188 0.339628 0.444295 0.620168 1.0344 1.06437 53.7523 103.785 135.133 160.331 181.447 200.35 214.944 228.113 235.542 245.609 243.287 235.345 222.036 212.084 206.977 207.763 194.434 181.292 177.603 179.115 181.14 183.904 190.327 194.823 197.438 201.297 213.295 232.018 276.905 273.472 268.707 259.428 251.115 237.926 223.661 205.76 186.474 165.913 140.585 114.409 83.4518 34.2623 -1.66452 -1.11288 -0.936659 -0.864527 -1.18398 -0.935835 
0.477328 -0.149569 0.121269 0.410879 0.379109 0.0587858 0.283291 0.638356 0.447606 0.441931 0.322167 0.462402 0.473251 0.815254 0.916483 29.3758 84.6138 117.24 143.487 166.764 187.306 204.924 219.416 231.874 241.399 231.097 222.574 238.683 223.98 211.373 212.193 218.636 205.314 182.101 177.378 178.09 188.764 190.993 198.291 200.089 197.199 199.777 212.755 230.953 277.785 276.945 268.383 260.961 251.627 238.151 224.085 205.232 188.215 167.113 143.643 118.872 89.1687 43.6546 -2.74552 -1.03823 -1.36109 -1.03185 -1.12866 -1.07772 
-0.0364633 0.11958 0.52906 0.198287 0.107721 0.569667 0.159008 0.1298 0.486979 0.559 0.558166 0.245368 0.431534 0.583665 -1.83608 51.6495 91.4284 123.133 148.323 166.017 184.084 198.601 211.799 219.658 219.321 189.516 185.327 209.65 203.126 188.04 175.018 171.846 194.539 164.904 159.214 155.684 161.175 168.404 174.597 175.295 171.027 178.369 191.304 207.596 249.563 249.709 245.946 238.498 229.207 217.526 202.685 187.425 170.12 145.749 115.261 73.2652 29.2958 10.3703 -0.954197 -1.05992 -1.25288 -0.588912 -1.28763 -1.21792 
0.694636 0.353724 0.0378853 0.380757 0.160835 0.168582 0.373173 0.610959 0.626732 -0.231959 0.560049 0.420654 0.74512 0.636863 0.0899144 21.8605 37.5435 64.8187 97.2968 123.689 148.391 167.9 181.725 191.74 181.703 150.529 144.086 164.075 171.518 170.093 159.77 158.148 149.243 143.586 138.589 137.609 135.857 159.717 173.673 167.43 153.692 158.922 168.493 183.789 222.125 225.273 216.422 206.349 196.53 181.102 163.01 140.606 111.015 79.9583 40.2569 1.32575 0.83402 -0.160794 -0.347371 -0.890678 -1.04622 -0.983782 -0.859682 -1.03067 
0.0882875 0.525367 0.339072 0.546858 0.168005 0.430302 0.422369 -0.015654 0.348206 0.200692 -0.25125 0.379867 0.539219 0.612239 1.00353 1.27647 2.24248 1.31408 42.1964 85.6361 113.114 135.369 153.014 166.523 148.42 120.065 109.858 116.063 134.64 133.075 142.165 136.892 130.523 122.077 120.726 119.432 119.181 133.738 134.79 130.697 135.293 139.793 148.252 163.505 197.145 201.343 193.102 183.351 173.142 159.473 142.903 119.988 94.2256 57.3758 1.27018 1.63384 0.808836 0.152882 -0.538636 -0.893555 -0.851502 -1.18193 -0.997032 -0.888023 
0.0255163 0.172549 0.373291 0.454401 0.327206 -0.187598 0.186174 0.875994 0.327218 0.198152 0.280822 0.230024 0.374722 1.36758 1.12572 1.54005 2.14745 2.99396 21.7969 73.8685 105.315 129.38 147.959 166.912 129.546 112.091 102.973 104.886 118.601 112.756 124.666 132.281 128.274 120.637 118.699 117.566 117.517 132.793 122.117 126.236 130.801 135.576 145.536 158.753 192.718 198.719 191.994 182.339 170.523 156.802 139.801 118.418 92.3487 55.9302 -0.780977 1.60938 0.195938 -0.0760573 -0.433604 -0.521578 -0.491182 -0.635485 -0.910252 -0.426982 
0.22578 0.07566 0.218542 0.208957 0.349624 0.448321 0.222564 0.519513 0.274253 0.0147059 0.378861 0.584108 0.477885 0.931623 1.12429 1.04121 1.8684 3.28235 16.35 69.3724 101.062 127.182 147.017 158.689 121.303 105.469 97.1234 98.7254 112.452 103.73 104.215 119.168 119.663 121.899 118.913 117.496 118.874 127.796 121.595 125.22 129.505 134.697 142.762 156.359 189.215 197.802 193.35 180.426 170.078 155.859 137.848 116.451 89.1416 52.8483 -1.48208 0.877909 -0.120839 -0.175406 -0.957885 -0.756109 -0.529972 -1.32447 -0.991226 -0.62269 
0.486957 0.443926 0.244959 0.455945 0.957937 0.218467 0.586958 0.202422 0.781258 0.344218 0.858395 0.207171 0.400766 0.59052 0.73684 1.41791 1.63306 2.51458 13.6332 67.1356 97.3206 124.72 143.713 153.387 116.043 101.702 94.1684 94.5684 112.18 100.415 97.8328 103.669 111.205 113.362 118.28 116.924 118.28 124.117 124.756 124.553 127.312 133.61 142.042 153.533 184.849 196.501 190.063 181.29 167.633 154.897 136.262 113.222 87.4475 51.8292 -1.73383 0.2507 -0.60558 -0.908047 -1.03089 -0.685984 -1.22806 -1.26869 -1.29188 -1.332 
0.454824 0.563368 0.199175 0.829543 0.403931 -0.299007 0.481133 0.319267 0.54757 0.0262297 0.569766 0.428434 0.181528 0.113309 0.65198 0.425023 1.33272 2.07644 8.7916 63.9063 93.3516 121.855 142.02 151.087 115.789 99.6115 92.2594 92.4557 113.619 101.224 96.4851 96.5815 103.067 106.064 114.318 115.662 119.215 121.796 121.063 122.976 126.837 131.96 140.512 152.198 182.549 196.391 189.002 180.054 167.551 154.005 135.784 113.3 86.5761 49.7365 -2.32816 0.0705333 -0.935998 -0.717247 -1.01725 -1.61383 -0.935734 -0.894652 -0.817392 -1.08068 
0.713672 0.127794 0.251117 -0.172508 0.1812 -0.349174 0.220603 0.448254 0.197395 0.00264487 0.364307 0.518157 0.390109 0.22362 0.528381 0.445793 1.02165 1.60139 6.37808 60.7164 93.0408 120.459 140.324 152.362 113.697 100.122 91.0385 91.8566 114.49 102.389 97.1854 95.211 95.0052 105.015 107.403 116.903 119.291 122.673 119.782 122.44 125.81 130.425 140.613 151.68 179.716 197.195 189.89 180.46 167.37 153.161 135.292 113.09 85.5079 48.9496 -2.60674 0.197806 -1.05004 -0.978066 -1.15396 -1.29489 -0.724812 -1.60155 -1.15679 -0.907936 
0.191053 0.600028 0.389618 0.533597 0.351461 0.594101 -0.154188 0.147939 0.58229 0.427595 0.403796 0.681945 0.401064 0.712529 0.564675 0.392546 0.684354 1.57197 2.59413 59.7242 91.3781 120.113 139.946 153.95 115.912 100.08 92.0712 91.6232 118.781 106.287 100.185 97.347 94.0376 100.399 105.204 114.944 120.733 122.705 119.577 122.637 125.358 130.676 137.84 149.695 177.708 197.692 188.863 179.466 167.932 153.278 134.812 111.777 85.0911 47.6961 -2.20985 -0.181863 -1.03238 -1.09602 -1.08817 -0.798255 -1.392 -0.832611 -0.913071 -1.3142 
0.290611 0.70795 0.705635 0.155508 0.363752 0.0417889 0.509184 0.484505 0.597132 0.120552 0.659499 0.131866 -0.0173858 0.803221 0.249848 0.191696 0.959598 2.27144 0.636883 51.7548 87.8255 115.475 137.02 152.809 127 103.848 93.9706 90.0644 122.947 103.55 104.82 100.369 94.9145 96.2452 104.102 112.993 121.966 121.735 119.847 122.893 125.775 130.249 135.928 148.041 165.871 201.017 190.143 180.249 169.186 156.73 137.726 114.606 88.1757 52.1941 -0.555076 0.0259982 -1.11528 -0.932989 -0.812376 -1.25092 -0.874417 -1.4592 -1.40684 -0.681515 
0.593548 0.733451 0.564605 0.1504 0.505397 0.174248 0.723205 0.0127203 0.758358 0.411488 0.549129 0.589235 0.143208 0.635842 1.03921 0.947405 1.12147 1.57931 1.40911 43.1573 85.9116 113.549 136.054 150.967 137.838 108.383 97.7128 89.5731 125.17 111.732 106.793 102.891 96.9681 97.8689 103.357 111.363 120.287 119.697 119.945 121.564 123.937 128.187 135.408 147.219 163.449 199.39 190.244 180.867 171.63 158.526 138.977 115.67 87.9727 53.9852 0.462742 0.0327211 -0.722846 -1.39277 -1.74708 -1.5417 -1.12779 -0.956306 -0.456459 -1.44061 
0.246346 0.271401 0.37026 0.0452479 0.185633 -0.114472 0.549653 0.522669 0.732814 0.479601 0.242746 0.373813 0.456636 0.640916 0.470341 0.688737 0.802966 2.03635 1.88712 40.9531 83.5931 113.409 135.29 150.975 146.5 112.447 100.384 91.3258 125.588 118.291 109.439 104.861 100.578 98.2734 103.264 113.39 121.458 119.462 120.143 120.232 123.441 127.074 134.208 145.595 161.769 197.093 189.922 181.163 169.334 157.794 140.231 116.062 88.2309 53.3598 0.913651 0.273723 -1.15185 -1.01234 -0.998956 -1.17224 -1.27493 -0.644567 -1.2324 -1.31806 
0.709643 0.918231 0.913819 0.109215 0.454363 -0.0685983 0.546718 0.244391 0.382102 0.459093 0.384325 0.903715 0.0658956 0.441657 0.628593 0.82094 0.80944 1.625 1.52697 37.8317 83.5285 111.265 134.327 150.132 153.768 115.878 104.587 93.6634 130.844 120.424 113.253 108.653 102.452 101.969 106.161 115.997 121.976 118.74 121.879 121.236 122.965 127.33 133.663 142.788 158.691 196.673 189.483 181.48 170.242 158.017 139.997 114.807 88.3371 53.8724 0.864099 0.353693 -1.16524 -1.05103 -1.22406 -0.973827 -1.3407 -0.888703 -1.02343 -1.00337 
0.237996 0.577189 0.455245 1.0235 0.246768 0.463251 0.494115 0.285257 0.249157 0.305966 0.317264 0.599367 0.506901 0.652561 0.767961 0.295756 0.316662 1.35838 2.07873 35.1779 82.4956 109.411 133.397 150.152 162.503 123.409 108.965 97.2394 134.224 122.155 120.843 111.794 107.587 106.251 111.047 115.844 122.158 117.882 120.815 120.929 122.583 127.818 132.316 141.623 156.878 194.373 190.226 180.67 170.15 158.17 140.907 114.667 88.8401 54.8704 0.871121 0.2827 -1.30215 -0.91092 -0.739859 -1.50742 -1.56535 -1.34623 -1.12011 -0.573851 
0.605379 -0.169638 0.422827 0.53531 0.470046 0.174942 0.0503627 0.572439 0.149793 0.339984 0.425453 0.332933 0.256665 0.291869 0.0489514 0.840291 1.08362 1.50138 2.12441 32.6729 81.1106 110.14 132.444 150.64 167.117 131.25 113.873 103.977 139.535 116.238 137.643 117.113 113.524 114.755 118.134 116.18 122.25 117.793 119.641 120.731 122.383 126.827 132.946 141.195 156.014 192.126 191.23 181.93 172.395 160.22 139.387 114.894 89.5908 55.2111 1.18138 0.479402 -1.25649 -1.31774 -1.0371 -1.27735 -0.770506 -1.38208 -1.25036 -0.983714 
0.090823 0.83055 0.602717 0.368516 0.263169 0.0465983 0.292396 0.172726 0.194936 0.230967 0.840075 0.253287 0.258204 0.633433 0.627656 0.559168 0.391594 1.07802 1.25647 32.0725 81.3834 108.376 131.989 149.906 161.232 150.215 121.256 109.898 143.857 126.193 149.13 123.45 121.466 126.432 119.474 116.148 122.472 118.268 117.942 120.552 122.181 125.629 131.19 139.749 153.697 188.423 190.926 181.794 177.217 157.112 138.614 115.901 89.7485 54.7446 1.8982 0.286527 -0.99611 -1.13709 -1.11541 -0.829292 -1.14151 -1.01348 -0.745105 -1.05485 
0.151962 0.606043 0.613682 0.173112 0.391031 0.0910817 0.721455 -0.0464866 0.0790719 0.0184132 0.180064 0.452604 1.01698 0.596353 0.848738 0.688856 0.569515 1.37727 1.74764 28.8262 79.8228 107.738 131.675 150.016 161.957 167.915 133.466 117.871 151.554 144.084 165.799 134.123 136.277 126.248 120.78 116.042 122.032 117.342 119.109 120.079 121.945 125.119 130.761 138.976 152.63 187.219 190.739 191.153 170.833 158.631 139.904 116.681 90.1418 55.4993 1.92117 0.31603 -1.19351 -1.12927 -1.16905 -1.27817 -0.674334 -1.20678 -0.758203 -1.34852 
0.555046 0.411869 -0.710819 0.977393 0.761756 0.259216 0.405731 0.570128 0.594159 0.216147 0.373943 0.174909 0.44082 0.597161 0.167447 0.601371 0.661719 1.54903 1.7721 27.0114 78.9153 106.701 131.775 150.122 163.206 174.813 162.724 137.519 176.451 170.488 169.562 159.626 135.75 128.956 119.388 116.223 121.511 118.05 118.457 118.839 120.562 124.522 129.722 139.163 150.626 183.714 191.542 184.872 170.665 157.908 138.861 117.241 89.9077 55.9298 2.7586 0.438926 -0.973277 -1.1662 -0.621494 -0.840355 -0.767906 -0.811178 -0.858529 -0.879393 
2.99909 2.59375 1.92963 2.10819 2.05522 1.78416 2.50088 2.30895 2.07787 2.28034 2.01093 2.3814 2.54731 2.05388 2.6691 2.76108 2.61937 3.53914 4.42857 28.7604 80.6218 109.996 133.568 154.483 166.506 177.521 186.712 195.909 201.937 187.78 154.869 178.986 135.578 126.951 120.026 115.354 119.898 116.244 116.759 118.018 119.972 122.721 128.098 135.343 148.589 181.817 194.47 181.204 170.293 156.224 138.346 116.04 90.2749 56.7706 3.5497 0.936541 -0.675048 -0.424768 -0.219239 -1.02992 -0.412209 -0.617692 -0.275566 -0.663256 
3.64344 2.46019 3.18144 2.70276 2.49975 2.38729 2.81141 2.87614 2.29306 2.64051 2.69596 1.97163 2.48994 2.49127 2.38123 2.60757 2.69553 3.24194 3.98641 28.6634 79.6296 109.69 134.32 152.567 166.909 177.766 188.574 197.533 202.595 193.271 159.262 172.45 135.646 127.709 119.781 115.747 120.708 117.18 116.34 117.668 119.694 122.548 127.179 134.67 147.627 181.306 190.032 181.337 170.875 156.965 138.988 116.055 91.2633 57.5653 4.89784 1.17428 -0.569113 -0.630958 -0.737303 -0.104857 -0.200298 -0.982703 -0.473541 -0.856627 
2.25465 3.88581 2.16378 2.57309 2.69146 2.5292 2.8059 2.49297 2.51849 3.13558 2.46595 2.50722 2.77793 2.58495 2.50815 3.13843 2.37891 3.25432 4.00278 27.242 80.0006 109.77 133.671 152.365 166.986 177.845 188.257 197.453 203.252 195.956 162.329 167.293 138.491 129.606 121.011 116.547 120.477 116.541 117.037 117.913 118.534 123.572 127.171 134.752 148.008 178.203 190.426 181.618 169.862 156.71 138.591 117.784 91.7747 58.5237 4.92885 0.530262 -0.462202 -0.519966 -0.623276 -0.195177 -0.678427 -0.451774 -0.151393 -0.590534 
3.26062 3.50752 3.13716 3.35735 2.25709 3.09993 2.24892 2.18691 2.23944 2.08156 2.25294 2.98005 2.15391 2.47017 2.75176 2.26957 2.3643 3.89405 3.99592 26.6703 78.9364 109.185 133.134 153.009 168.152 177.325 189.415 196.646 205.283 199.255 164.521 162.204 141.538 129.569 120.957 117.011 119.117 117.447 116.113 117.588 119.679 122.562 126.356 134.099 148.335 176.11 190.373 181.204 170.383 157.477 139.131 117.95 92.8148 59.2494 5.9423 0.587192 -0.372579 -0.60314 -0.786754 -0.398051 -0.910122 -0.896567 -1.7663 -0.0790369 
3.91014 2.98821 2.74215 2.43054 2.47472 2.588 3.41836 2.86168 2.41517 2.2524 2.31046 2.56399 2.74409 2.41336 2.49058 2.79038 2.4544 4.17019 4.36917 24.056 77.4113 107.881 133.427 151.81 166.51 179.178 190.073 198.324 206.1 202.431 166.212 158.511 144.502 128.659 121.136 117.81 120.032 116.556 117.463 117.85 119.457 122.838 127.126 133.24 147.636 171.361 189.654 181.738 170.976 157.508 140.471 119.589 93.3542 60.2824 6.41621 0.642786 -0.334935 -0.453933 0.054054 -0.34324 -0.530808 -0.397377 -0.411661 -0.609109 
3.13196 3.07259 2.63007 2.69778 2.47316 3.21179 3.51093 2.86448 2.37701 3.12859 2.42579 2.79471 2.13462 3.15775 3.03532 2.86237 2.88825 3.56449 4.31352 22.4141 78.3446 108.244 133.42 151.473 167.609 180.913 190.228 199.233 205.531 203.006 168.078 153.125 145.381 130.482 121.913 117.756 119.069 117.69 116.867 117.522 119.753 121.415 127.188 132.294 147.54 170.563 190.257 182.692 171.402 157.66 141.538 119.826 93.2249 71.9948 7.81711 0.912768 -0.605941 -0.533659 -0.895517 -0.68101 -0.00505194 -0.88869 -0.593786 -0.532887 
3.0025 2.09161 2.76487 3.26066 2.38503 2.6167 3.16904 3.36255 2.88389 2.55988 2.55084 2.57319 2.30053 3.0793 2.7454 2.29939 2.46492 3.37585 4.48341 23.6963 77.77 106.101 132.144 152.591 167.079 178.836 188.806 198.553 204.757 205.381 169.22 154.004 148.529 133.106 121.362 119.12 118.569 118.039 116.973 118.424 119.496 122.085 125.764 134.183 143.676 167.424 190.816 182.314 172.614 158.501 141.171 120.862 94.1786 62.9938 8.4116 1.01235 -0.304473 -0.276117 -0.71868 -0.764731 -0.900291 -1.00483 -0.613987 -0.222566 
2.33826 3.35203 3.38102 2.48182 2.86362 2.71615 2.43672 2.05036 2.74867 2.74021 2.35514 2.70066 3.25527 2.74246 2.83413 2.22658 2.87668 3.27194 4.50343 22.3545 76.8674 106.429 132.217 152.303 166.825 178.441 190.308 198.082 206.207 208.723 170.989 153.932 152.507 135.74 122.025 119.397 120.186 117.208 116.88 118.672 123.374 122.182 125.049 135.261 142.595 160.029 194.689 182.21 172.31 159.372 141.748 121.259 95.1058 64.5759 10.1283 1.27158 0.315855 -0.0553342 0.032986 -0.24141 -0.182365 -0.416876 -0.652585 0.153239 
3.06806 2.85502 2.73177 3.06415 2.43777 2.28641 2.30643 2.91115 3.04639 3.03283 2.43717 2.61866 2.9106 3.03029 2.46083 2.51297 2.80604 4.30367 4.24159 20.6559 75.5013 105.681 130.363 149.58 166.357 177.144 188.402 199.202 207.078 212.419 172.69 155.905 151.843 139.47 123.558 120.443 117.282 119.97 117.92 119.112 121.918 121.477 131.367 130.972 142.854 157.49 194.86 184.462 174.01 161.499 144.875 124.238 100.278 68.1096 14.8867 1.89918 0.822384 0.533308 0.834719 0.0870032 -0.524613 -0.502397 -0.631611 -0.401614 
2.83414 3.34095 2.34607 2.93025 2.80121 2.95982 3.32191 3.1427 2.44659 2.6456 2.18665 2.40284 2.33966 2.66878 2.39257 2.50361 3.00836 4.12002 4.94083 16.4004 72.0973 104.208 128.925 148.12 164.102 177.286 188.337 198.047 205.272 214.998 175.861 158.697 157.36 142.474 123.649 120.39 118.195 116.783 119.629 118.43 121.577 124.681 127.265 131.933 140.8 155.649 192.244 184.624 174.967 162.04 147.165 126.255 102.705 72.7026 19.2906 2.87931 2.01873 0.94267 0.754023 0.890037 0.00301228 -0.0734902 -0.664852 -0.500368 
2.20008 3.12404 3.23019 2.93366 2.5437 3.29525 2.42703 2.62917 2.97567 2.82476 2.71451 3.15514 2.76756 2.70694 3.30392 2.22485 2.83831 3.1632 4.65837 16.295 71.002 104.332 129.059 149.105 164.39 177.49 188.221 199.597 206.305 216.856 176.402 158.427 160.819 145.881 123.194 120.942 118.188 116.229 121.308 119.023 119.691 126.541 126.261 132.12 140.47 155.857 191.445 185.488 175.88 162.125 147.353 128.355 105.057 74.8307 21.4523 2.95418 2.17275 1.72719 0.8861 0.226258 0.189342 -0.570239 -0.677329 -0.256966 
2.82352 2.59523 3.22567 3.15932 3.55163 3.05636 3.25746 3.10589 2.91871 3.08537 2.3717 2.34913 2.11846 2.36755 3.12124 2.9271 3.38198 4.31626 5.06102 14.8454 71.5267 104.385 128.688 148.828 165.596 178.18 188.59 197.334 205.667 216.693 176.011 159.731 159.026 147.46 124.529 121.947 118.557 116.769 121.971 120.627 121.941 126.129 129.358 135.19 145.104 157.423 191.468 185.802 174.855 162.543 147.407 130.369 106.854 76.7846 24.5078 3.40055 2.67814 2.72558 0.954375 0.468305 0.313576 0.127648 -0.865204 -0.473043 
3.67978 3.53719 2.34996 3.35627 2.66396 2.79829 2.57197 2.50565 2.67758 2.78096 3.30483 2.89742 2.7252 2.72932 2.90963 2.57543 2.98534 3.81732 3.86105 25.1871 74.8178 106.27 132.955 153.856 170.192 182.294 193.198 203.222 210.442 223.379 181.669 163.621 173.336 157.626 127.273 124.541 122.346 120.406 126.218 126.098 131.42 139.663 133.542 134.142 141.89 153.802 188.357 187.774 177.749 165.026 149.484 132.316 110.734 81.6822 32.3442 2.27401 3.49903 2.16823 1.24297 0.916121 0.376104 -0.541603 -0.519082 -0.238203 
2.44756 2.99205 2.9677 2.66745 2.64463 3.08554 2.6482 3.14849 3.45465 3.06649 2.7733 2.51389 2.97574 3.13268 2.69875 2.37277 2.65002 3.35346 10.9576 67.8829 99.574 125.722 149.285 168.831 186.261 198.046 206.939 216.304 225.315 235.145 197.24 177.494 214.642 208.687 164.621 140.808 134.513 130.717 141.257 149.555 155.728 146.993 144.497 151.134 160.393 175.916 212.901 214.837 207.23 194.287 180.76 166.243 150.61 132.933 112.963 76.0147 59.0026 53.3378 52.3655 18.1302 -0.605181 0.41512 -0.529245 -0.886848 
3.03436 2.79519 2.77227 2.61869 2.7773 2.73292 2.0612 2.65223 2.59702 2.43221 2.32752 2.40549 2.53638 2.72411 3.07107 2.24251 3.10535 3.70279 19.9177 75.8019 108.282 135.776 158.827 180.478 195.788 207.344 216.633 227.576 231.959 244.174 213.93 185.703 219.374 204.215 184.1 165.284 151.206 155.052 200.93 206.187 185.23 161.15 166.934 173.842 183.596 201.638 243.317 251.523 244.015 239.883 230.155 222.243 211.481 197.749 176.037 159.074 139.38 121.513 98.0693 64.1084 6.43908 -0.719108 -0.594646 -0.520254 
3.09535 2.63833 3.83183 2.8266 3.04013 3.12683 1.902 2.94699 2.6443 2.68122 3.3465 2.96521 2.37835 2.76405 2.50528 3.30051 2.81665 2.12101 49.089 91.9493 120.586 147.487 169.008 187.193 203.32 217.104 226.807 239.812 244.393 252.156 226.65 196.518 206.741 192.177 179.854 170.868 160.462 177.375 199.476 208.11 197.422 172.821 178.309 187.308 199.168 215.72 258.532 265.596 261.16 252.164 242.147 233.24 219.722 203.113 186.292 168.34 149.175 129.463 104.679 75.4531 16.8141 -0.28018 -0.714195 -0.786416 
2.84568 3.17782 2.45456 3.29804 3.16787 2.55365 3.04356 2.09155 2.7085 2.87689 2.69415 3.60121 2.70993 2.77535 2.55803 2.86126 2.87243 2.64417 39.1297 89.4763 120.911 147.946 169.575 188.356 202.449 217.072 230.036 241.365 250.544 259.857 235.07 207.237 195.154 189.142 180.592 173.361 165.152 180.056 196.589 200.769 192.621 184.262 182.729 191.168 203.912 219.137 259.769 269.091 264.528 258.949 246.366 238.095 223.674 206.839 190.996 172.265 151.667 130.891 103.799 68.1351 5.2457 -0.00957338 -0.73942 -0.31841 
3.23077 2.04631 2.63662 2.56865 2.04066 2.09798 2.45244 2.81488 2.90316 2.94625 2.58844 3.73938 2.66609 3.03636 2.41357 2.3295 3.09568 4.0441 11.1364 73.7832 108.565 136.03 160.906 180.278 198.229 210.401 223.164 234.768 243.777 254.455 236.754 206.131 190.319 185.821 181.12 173.094 169.029 184.305 186.282 189.934 188.777 189.879 182.767 191.502 201.084 217.06 256.602 267.926 264.392 256.201 243.008 233.702 221.44 206.254 190.582 171.238 147.627 121.969 88.7022 34.3266 -0.243944 -0.1047 -0.398371 -0.368859 
2.96816 2.88872 2.76738 2.03623 3.04638 2.32555 2.67939 2.95121 2.93424 1.90422 2.59644 2.89791 2.73912 2.54273 2.56485 2.68861 3.31858 3.8366 3.81943 34.4363 86.8269 120.129 146.391 165.685 182.959 197.37 209.869 220.745 230.412 239.854 227.111 197.447 180.791 176.45 174.466 174.497 175.24 180.25 179.413 179.806 179.149 184.104 181.465 186.548 195.122 212.464 251.247 266.853 256.264 246.086 240.854 227.724 214.887 200.167 182.054 158.848 132.319 102.935 56.101 1.25023 0.482914 0.375049 -0.212022 -0.887558 
2.47759 3.30907 2.07015 2.43525 2.84965 2.91958 2.87767 2.81991 3.80595 2.82207 2.51342 3.35094 2.38521 2.26645 2.34031 2.46933 3.15454 3.91219 4.73071 4.46149 54.6793 97.2382 128.193 148.447 165.293 183.195 195.018 206.225 214.834 222.625 213.168 183.575 161.608 154.875 155.194 155.086 158.235 160.989 163.038 166.427 166.8 167.052 169.987 175.324 186.302 198.391 231.484 251.083 245.218 233.805 223.451 212.987 198.638 182.272 161.512 137.556 108.936 69.7466 6.30068 1.32743 0.433688 -0.412879 -0.152817 -0.671887 
2.28331 3.09373 2.38635 1.95783 2.62803 2.53289 2.54033 1.76086 2.53612 3.04637 3.08841 3.40765 2.45198 2.78717 2.52952 2.50156 2.87543 3.08911 4.18183 5.39601 39.2381 86.5725 117.344 141.343 160.476 176.274 187.253 198.155 205.615 213.844 207.653 173.029 150.879 142.501 138.278 135.366 134.436 137.119 139.718 144.199 147.974 147.37 152.317 159.088 169.006 182.345 214.2 230.194 219.765 210.209 199.125 190.059 177.061 158.798 136.541 110.183 75.0921 16.3162 2.55634 1.69513 0.576276 -0.613382 -0.383673 -0.607011 
2.3756 2.64741 3.4863 2.65904 2.99474 2.85509 2.51852 2.97053 2.47918 2.92677 2.50327 2.88964 2.60438 2.07574 2.53485 2.70712 2.56003 3.37587 3.99854 4.5232 38.226 86.9127 116.438 140.747 160.734 176.765 184.043 195.903 206.57 211.74 205.611 173.737 150.374 141.699 136.145 133.073 129.985 130.877 130.569 130.59 132.771 133.418 137.86 145.042 152.426 165.231 193.904 212.886 204.51 194.096 183.806 176.708 165.962 148.708 128.245 102.976 70.5582 14.5878 2.23748 0.681362 -0.332843 -0.0428048 -0.634127 -0.530232 
2.67931 1.99396 2.53329 2.5516 2.22182 2.88096 3.02322 2.42219 2.3044 2.68572 2.71735 2.55622 2.16164 2.96538 2.34158 2.82327 2.96717 2.38059 3.84352 4.17929 36.8259 84.8805 114.945 140.048 157.563 173.655 183.966 195.064 205.611 213.318 204.378 171.54 148.914 141.025 136.267 132.58 130.898 129.445 128.955 130.237 129.731 132.719 137.715 144.131 151.93 164.035 192.33 211.592 203.887 194.288 183.449 174.086 165.621 148.589 127.445 102.775 69.8273 12.604 1.7455 0.671718 -0.259043 -0.711678 -0.325315 -0.272313 
3.74562 3.25724 2.43889 2.11134 2.3833 2.22832 2.83967 2.27444 2.21769 2.66268 2.65592 2.05881 2.01707 2.47069 3.09324 3.21039 2.84237 3.24808 4.14643 4.55216 35.3976 85.8932 115.567 139.363 159.535 176.032 184.31 192.289 204.245 213.641 203.088 172.015 149.472 139.857 134.831 131.523 130.003 128.238 128.643 129.563 130.602 133.567 138.213 142.88 151.796 162.777 189.467 211.852 204.998 194.511 183.258 172.913 165.482 149.15 128.012 101.826 70.0581 14.8945 1.08167 -0.173327 -0.430741 -0.781581 -0.542234 -0.634854 
2.86156 2.65146 2.66352 2.15133 2.94712 3.0602 2.02763 2.68184 2.39533 2.68677 2.83913 2.35223 2.47115 2.64846 2.98029 2.52735 2.14283 2.92845 3.29137 3.92006 36.2525 84.3335 114.774 139.133 159.219 175.52 180.627 191.977 203.063 210.965 201.742 171.45 148.207 139.459 133.535 131.115 129.033 128.42 128.232 128.145 131.341 131.821 136.14 146.95 149.511 162.75 188.35 211.414 203.678 195.443 182.364 173.579 165.211 148.041 127.712 102.38 70.7747 16.2177 1.25908 -0.374347 -0.846636 -0.766882 -0.725123 -0.489119 
2.64001 2.3072 2.30527 3.11549 2.4118 2.13843 2.23018 2.54427 3.12625 1.86514 1.85561 2.94165 2.6292 2.61252 2.10919 2.7139 2.1369 3.04241 3.2109 3.72321 34.7503 84.2262 114.412 137.402 157.793 173.701 181.082 191.773 203.043 209.975 202.828 171.452 149.15 139.25 134.878 130.51 129.858 127.585 127.79 127.355 128.423 130.467 134.558 141.903 148.616 158.949 180.855 213.558 204.306 194.083 183.233 172.733 165.715 147.775 128.463 103.197 71.8009 16.8942 0.711036 -0.501212 -0.73537 -1.22764 -1.10264 -0.693434 
2.97932 2.69985 2.04476 2.44999 2.2024 2.54955 2.65954 3.05298 2.60216 2.4557 2.64316 2.82496 2.61902 2.79579 2.6934 2.47081 1.89308 2.77981 3.38326 3.58167 28.6574 80.0152 110.674 137.149 157.082 173.995 180.02 192.069 199.993 209.069 206.945 172.051 150.433 138.4 134.172 131.26 127.971 126.666 127.184 127.247 127.755 130.361 134.349 139.152 147.191 157.085 175.253 215.036 205.2 196.045 184.114 171.18 168.441 151.003 131.131 105.807 75.6808 25.5858 0.912855 0.140146 -0.959241 -0.693104 -0.487336 -0.568131 
2.57176 2.39958 1.95831 1.81645 2.72021 3.3993 2.05407 2.20054 3.80254 2.45933 2.22246 1.84023 2.52609 2.08401 2.60041 2.58381 2.43664 3.0563 2.90206 3.77216 27.5569 80.7094 111.439 136.316 156.7 172.997 180.262 189.296 198.69 208.554 205.477 171.549 149.486 138.947 133.987 130.357 128.076 126.959 126.813 126.78 128.342 130.861 134.687 139.447 146.187 156.404 173.757 214.117 204.165 194.97 183.931 172.442 167.72 150.556 130.793 105.725 76.3984 24.2795 1.06578 0.46556 -0.794202 -0.904017 -0.446596 -0.47184 
2.7032 2.30777 2.11257 1.84909 2.01104 2.58106 2.47174 2.38258 2.34352 2.7066 2.68569 2.5909 2.1563 2.85312 2.47945 2.31499 2.84805 2.42267 3.60991 4.19694 27.8816 80.1868 110.532 135.55 156.191 173.244 178.363 189.324 199.088 208.02 204.084 171.457 149.831 139.063 133.418 130.4 127.69 125.569 126.528 126.06 127.993 129.087 133.172 139.165 146.66 156.82 174.063 213.466 203.232 195.908 184.197 170.479 166.782 151.648 131.755 107.158 77.352 26.1617 0.993297 -0.576995 -0.482177 -0.166656 -0.67612 -0.559336 
2.36397 3.32881 2.21106 2.10061 2.05715 3.33685 3.25221 2.23617 2.03495 1.71526 2.37029 2.50077 2.46021 3.0064 1.73152 2.26381 2.28708 2.27164 2.98102 4.06609 27.4823 79.9528 110.855 135.875 155.168 172.315 178.539 188.307 199.332 207.558 205.96 171.143 149.978 137.933 133.192 144.038 125.81 125.322 125.339 125.713 126.161 128.762 132.571 138.848 145.354 156.141 172.665 210.826 204.436 195.274 185.338 172.369 168.099 152.41 132.085 107.967 77.2197 27.2324 1.17104 0.420706 0.0643499 0.106231 -0.369739 -0.696567 
2.50181 2.89119 2.19848 2.05565 2.43275 2.06117 2.24564 2.35679 1.49376 2.37038 3.01594 2.23006 2.3182 2.63214 1.7731 2.19213 2.54401 2.24702 4.34595 3.83512 25.9157 79.7981 111.358 136.5 156.341 174.793 177.006 190.669 198.077 208.265 203.609 173.789 150.784 138.239 133.284 130.984 127.906 126.867 126.295 126.1 128.211 128.824 133.337 138.12 145.851 155.849 173.009 211.658 205.309 196.096 185.61 172.988 169.157 152.851 133.387 108.345 79.2582 29.0308 1.9581 0.78931 0.525518 0.143782 -0.0980191 -0.0495232 
2.10009 2.90598 2.39861 1.86511 2.3187 2.55066 1.95674 2.43568 1.96328 2.19933 1.64046 1.63645 2.19912 1.71926 2.0438 2.57534 2.30251 3.3702 3.96977 4.73625 27.5727 78.9797 110.049 136.459 156.282 172.509 175.387 188.331 199.088 206.008 202.409 171.429 150.444 138.363 133.668 130.089 127.893 126.719 126.484 126.434 127.891 128.5 133.839 138.329 145.197 155.24 171.286 209.362 205.818 196.556 186.498 171.485 169.878 153.697 134.131 109.731 81.4264 31.2694 2.32239 1.01621 1.06629 1.70256 0.518086 0.0396511 
