-1.62645 -1.352 -1.63965 -1.43739 -1.63735 -1.3903 -1.71562 -1.95809 -1.58597 -1.91102 -1.67693 -1.5662 -1.9308 -1.9405 -1.96662 -1.45944 -0.459883 -2.08843 46.2253 85.2952 114.13 136.517 153.917 166.518 174.976 185.999 195.564 203.367 178.507 155.76 144.372 136.995 131.041 129.071 127.181 126.639 127.446 127.06 129.542 130.919 135.05 140.385 148.297 159.89 190.955 205.426 198.445 193.083 175.984 177.932 160.243 143.552 120.945 93.7362 59.5543 3.20257 -0.275956 -0.826689 -0.860524 -1.10862 -0.806263 -1.15951 -1.09877 -0.846625 
-1.78071 -1.82658 -2.13076 -1.96527 -1.67661 -2.45205 -1.80482 -2.14614 -1.79638 -2.09069 -2.15031 -1.97173 -1.78227 -1.86318 -1.8336 -1.41533 -0.177153 -1.89235 45.2186 85.0806 113.235 136.476 155.16 165.973 172.62 185.729 197.499 203.778 180.11 155.807 143.491 136.548 131.747 129.356 127.046 127.568 126.874 127.224 129.232 131.635 135.047 140.833 148.37 160.921 192.039 205.348 200.288 192.223 175.134 177.768 160.775 142.421 121.391 94.3184 59.5735 2.69005 -0.0599977 -0.825111 -1.08273 -1.02331 -0.78274 -0.718789 -1.09338 -1.0437 
-1.54639 -1.91867 -1.92996 -1.6857 -1.94607 -2.14513 -1.74657 -1.76434 -1.81134 -1.62039 -2.08389 -1.38655 -2.11175 -1.85419 -1.76687 -1.56622 -0.353383 -2.33075 45.5377 85.4471 114.58 137.831 154.24 166.821 174.688 185.249 196.697 203.752 179.138 156.079 144.672 137.356 131.98 128.62 127.502 126.301 126.651 127.315 129.132 131.94 134.641 140.355 149.38 160.856 192.383 205.25 199.289 192.521 174.307 177.727 160.165 142.055 120.385 93.7039 59.0075 2.88545 0.156135 -0.898238 -0.78503 -0.84215 -0.993935 -1.09757 -0.844868 -1.2449 
-2.01922 -2.56148 -2.07827 -1.69081 -1.96894 -1.90864 -2.04481 -2.1225 -1.8038 -1.91522 -2.174 -2.10377 -1.95195 -1.84023 -1.70219 -1.74803 -0.662913 -1.52723 45.8301 85.1053 113.059 136.721 155.039 167.016 174.386 187.456 196.333 203.814 184.025 158.058 143.762 137.309 132.357 129.107 127.542 126.777 126.969 128.135 128.915 133.014 135.224 141.699 149.401 162.417 193.923 206.27 200.491 192.067 174.239 179.582 160.054 143.552 121.806 95.6803 61.501 3.36801 0.5254 -0.66173 -0.799688 -0.949649 -0.654903 -1.03706 -0.944154 -1.09806 
-2.05709 -2.08599 -1.79772 -1.86183 -2.23319 -1.62092 -2.40624 -1.99552 -2.02001 -1.95145 -1.71393 -1.75129 -1.73303 -1.65723 -1.61605 -1.59774 -0.3029 -1.69809 44.486 85.9965 114.021 136.903 155.244 166.627 173.86 187.443 197.999 204.671 183.305 157.227 145.522 138.712 132.64 130.043 127.815 128.24 126.095 129.18 130.736 132.562 136.045 142.323 149.196 162.438 195.017 206.57 199.475 192.618 172.05 180.976 161.26 143.088 120.586 93.3987 59.5695 2.98824 0.696292 0.240714 -0.0632694 -0.602458 -0.703414 -0.902886 -0.839614 -0.961768 
-1.9688 -1.95446 -1.90327 -2.49484 -2.04754 -1.63838 -2.1533 -1.93881 -2.05535 -1.88596 -1.76914 -2.04676 -1.8028 -1.57754 -1.51778 -1.05234 0.253376 -1.34815 46.4512 86.7416 113.221 137.468 155.565 166.831 175.86 188.542 197.584 203.384 183.898 158.479 147.119 138.364 132.761 130.485 129.178 127.794 127.175 128.294 131.553 132.83 136.478 142.13 151.445 162.682 196.133 207.252 200.668 193.265 173.426 179.934 161.729 144.311 122.946 96.3587 62.6535 4.48862 1.22137 0.141958 -0.00278505 -0.541236 -0.39814 -0.439985 -1.18326 -1.01884 
-2.03166 -1.74172 -2.22725 -2.00157 -2.08778 -1.88571 -2.06382 -2.17326 -1.69114 -2.06508 -1.75485 -1.8682 -1.75473 -1.35768 -0.87471 -0.780959 0.529407 0.706356 40.0658 85.1948 113.114 136.342 154.662 169.988 173.423 185.893 196.225 204.627 187.671 159.582 146.958 139.401 133.086 130.91 128.442 127.71 127.62 128.937 131.043 133.848 136.349 142.424 150.694 161.798 194.371 208.326 203.101 194.165 178.059 177.947 163.577 146.977 125.807 100.565 67.892 10.5663 2.20889 0.887329 -0.24728 -0.0458483 -1.06741 -0.55172 -0.987342 -0.883264 
-2.10431 -2.07843 -2.44132 -1.85778 -2.11358 -1.83223 -1.82989 -1.79748 -2.08635 -1.98155 -1.85356 -1.90104 -1.59787 -1.11866 -0.692586 -0.467657 0.886831 1.6461 36.0741 84.4984 112.535 136.294 154.561 171.037 173.213 189.509 197.752 204.672 189.827 160.873 149.368 141.124 134.877 132.547 130.288 129.586 128.904 131.177 130.852 134.611 138.818 143.825 151.262 163.122 194.67 209.783 204.159 194.113 180.93 179.071 163.909 147.017 126.26 100.513 67.7921 10.1391 2.41216 1.31074 0.215897 0.323766 -0.509847 -0.558865 -0.470347 -0.798401 
-2.05443 -2.29768 -1.95318 -1.85378 -2.40344 -2.14527 -1.83667 -1.99656 -2.17742 -2.08459 -1.63176 -1.57196 -1.26631 -1.18642 -0.132521 0.326461 1.23176 1.3274 40.6674 84.8239 113.254 136.6 153.831 172.067 173.455 188.845 198.144 205.409 190.654 160.612 148.565 140.985 134.622 132.509 130.18 129.286 127.894 129.947 131.3 134.097 138.305 142.516 151.087 164.745 195.4 210.565 203.115 196.652 180.195 178.775 163.786 147.293 126.907 101.367 68.6528 10.4734 2.30748 1.20862 0.563848 0.146268 -0.33976 -0.848903 -0.749874 -0.980699 
-2.08477 -2.07919 -2.06298 -1.94328 -1.78762 -2.00317 -1.78767 -1.9845 -2.15233 -2.02051 -1.96203 -1.45148 -1.3525 -0.909626 -0.659092 0.319383 0.938316 9.37976 48.4702 88.4658 115.514 137.102 154.706 172.62 175.366 189.758 199.31 205.793 190.573 160.208 148.923 140.197 135.135 131.914 130.313 128.679 128.883 128.981 132.782 134.099 138.006 144.353 152.195 165.478 197.817 212.596 207.331 199.304 186.666 183.861 172.31 158.323 143.433 121.163 98.2331 70.2227 12.8647 -0.225586 -0.711866 0.176548 -0.176729 -0.565082 -0.545841 -0.929514 
-2.27967 -2.03292 -1.70226 -2.4418 -1.96452 -2.10523 -2.27038 -1.83104 -2.33374 -1.99699 -1.86913 -1.82399 -1.36693 -0.630416 -0.573668 -0.0548699 10.0733 62.9827 93.7781 119.151 143.287 163.468 179.668 193.499 198.943 209.992 217.901 224.73 207.937 177.328 165.149 154.292 148.131 143.846 140.686 140.322 139.696 140.576 141.391 145.496 150.568 157.747 166.559 180.975 213.483 228.368 224.395 214.642 205.458 200.238 186.776 173.498 156.7 136.921 110.009 86.679 64.7007 57.1985 36.9118 7.06063 -0.60705 -0.387998 -0.501628 -0.87089 
-2.27742 -1.77705 -2.47519 -2.2808 -2.37321 -2.00295 -2.47102 -2.114 -2.0881 -2.00642 -1.68408 -1.72654 -1.23681 -1.79725 5.12777 52.8252 76.1896 103.616 125.677 145.7 162.324 179.267 192.052 205.11 213.233 220.756 228.654 233.018 215.891 183.342 170.087 160.16 152.836 147.091 144.848 144.619 143.972 144.969 147.214 150.543 154.232 161.335 170.186 183.674 216.145 234.29 230.242 222.713 215.801 207.818 197.091 185.578 171.316 156.835 145.412 127.937 109.109 85.8788 56.3186 20.9583 4.53378 -1.42419 -0.400959 -0.633094 
-2.35644 -2.23377 -1.99734 -1.79841 -1.99716 -2.08835 -2.44622 -1.93608 -2.1399 -2.5118 -1.82607 -1.72338 -1.8267 7.1546 31.494 73.4179 101.258 122.591 140.001 157.374 175.243 191.325 204.89 216.975 227.911 235.402 241.091 245.414 226.178 194.128 180.463 170.713 164.92 160.284 149.326 146.234 148.466 150.285 156.168 160.351 167.019 174.898 183.298 197.368 230.323 250.019 248.177 242.268 235.375 227.318 217.208 204.725 189.67 173.679 155.606 137.109 116.512 93.0371 66.6179 34.1402 16.3305 4.25966 -0.607365 -0.755511 
-2.12584 -2.05286 -2.26425 -2.13277 -2.38828 -1.79428 -1.91701 -2.13158 -2.17824 -2.09114 -1.6307 -1.65257 1.60332 18.6863 37.1829 82.1026 106.712 129.015 146.205 165.073 181.703 197.711 211.552 223.931 233.05 239.196 246.591 252.006 231.578 199.073 185.863 176.543 168.216 153.13 147.661 147.24 147.384 155.871 164.635 167.909 173.043 179.949 188.646 201.792 234.886 258.355 253.11 246.669 239.977 232.326 222.405 206.722 192.681 174.955 157.06 138.195 117.355 95.7973 65.4764 31.6971 19.5758 13.4962 7.50404 3.34467 
-2.25573 -2.6433 -2.15736 -2.53524 -2.68042 -2.08242 -2.12812 -2.14725 -1.95722 -1.58811 -1.88516 0.190109 10.1345 17.5828 34.8894 80.938 106.316 127.584 144.203 162.038 179.343 196.029 210.188 221.758 232.686 240.2 245.45 252.198 233.696 199.842 186.535 172.063 151.751 145.246 142.058 141.643 141.272 143.507 148.289 159.89 169.261 175.412 184.483 198.459 228.137 252.379 251.059 244.328 235.999 224.407 212.119 196.538 178.731 157.721 133.607 105.327 79.365 56.6167 31.8827 11.9161 9.9629 8.08508 5.33486 3.4487 
-2.21363 -2.30034 -2.2108 -1.91973 -2.12549 -2.33991 -2.19204 -2.48229 -2.08544 -2.12456 -2.68333 6.38938 6.87047 9.37139 15.646 39.5291 61.223 74.1698 85.2966 119.933 140.886 159.629 177.595 184.72 194.825 201.312 207.067 211.357 198.978 170.175 148.323 132.732 125.048 122.13 120.776 120.132 118.781 120.045 122.259 125.186 128.337 139.151 155.639 169.999 195.051 213.923 206.782 199.904 190.11 179.288 165.332 147.508 125.452 98.3906 59.9475 8.14266 3.68679 1.9974 2.08267 2.09722 1.44259 1.37492 1.17011 0.657612 
-2.19697 -2.36348 -2.0903 -2.08652 -2.42865 -1.77314 -2.22604 -2.26108 -1.96957 -1.96953 -2.62879 12.4084 4.83862 1.8567 1.4975 1.43423 2.16049 3.21274 3.73319 34.066 84.3287 112.405 135.642 153.634 166.175 177.196 185.737 193.245 175.884 133.336 119.178 110.073 104.785 102.58 101.51 100.46 100.845 101.913 104.518 105.36 109.273 115.568 125.049 145.235 181.564 203.043 197.808 189.394 179.88 168.83 153.803 134.905 110.231 82.3271 33.1566 4.15077 2.02114 1.67852 0.973273 0.988786 0.510351 0.666737 0.0219571 0.312515 
-2.28942 -2.05234 -2.48944 -1.94011 -1.91173 -2.16022 -2.17124 -1.82187 -1.98804 -1.85472 -2.10001 -2.39672 6.94123 2.70599 0.0575137 1.04012 0.965921 1.31743 3.1371 25.1365 77.1673 105.504 129.923 149.698 162.163 173.548 184.653 181.24 157.104 124.246 112.352 105.511 100.516 98.7455 97.2425 96.1373 96.611 97.7155 99.4675 101.624 104.706 110.354 118.807 129.481 161.892 199.644 197.107 188.901 178.28 167.563 152.137 131.967 109.939 80.5897 31.5811 3.06836 1.2132 1.17127 0.84987 0.68528 0.52049 0.23017 -0.0133898 0.0383165 
-2.29201 -2.43325 -2.56442 -2.1204 -2.29765 -2.14508 -2.27933 -1.9418 -2.14616 -2.11706 -1.92973 -1.58062 4.03748 6.14119 -1.36114 0.701226 0.358463 1.18809 1.87215 21.0587 73.7184 103.559 127.708 147.058 159.513 170.721 175.314 164.135 151.449 120.765 108.727 102.841 98.2181 95.81 94.6059 94.7521 94.5453 95.2458 98.078 99.7848 102.794 107.389 113.133 124.336 151.502 179.055 193.357 187.97 177.362 165.031 150.976 130.434 108.099 78.9511 30.0394 2.24015 1.039 0.767073 0.258795 0.642944 0.476965 0.38367 0.133805 0.0410591 
-1.84108 -2.4042 -2.30372 -2.24162 -2.188 -2.04976 -1.96107 -1.93862 -1.9842 -2.13255 -1.60907 -1.57294 0.671984 6.70228 2.34094 0.17432 0.590871 0.59696 1.20514 17.6393 71.5583 101.728 126.522 145.35 158.07 171.482 161.298 156.228 150.925 117.97 106.359 101.048 96.7307 94.0332 93.0236 92.531 93.4018 94.7565 94.3942 97.1208 100.13 104.767 111.681 120.754 145.308 169.83 175.938 187.385 175.859 164.423 150.105 128.602 104.907 78.5929 27.7935 2.04826 0.522426 0.288834 0.69569 0.419096 -0.0397474 0.691365 0.0730987 0.318651 
-2.26846 -2.23156 -2.10516 -2.54021 -2.65373 -2.89715 -2.18778 -1.99095 -1.82927 -2.13314 -2.0309 -1.92999 -3.96183 6.9319 6.23527 -0.643865 -0.608048 0.222583 0.510212 13.9647 69.2937 99.5188 124.295 142.954 157.315 167.018 151.36 150.021 146.086 117.05 106.614 100.591 95.838 93.8251 91.9955 91.1256 91.5823 92.1545 94.0653 95.9285 97.9214 103.192 109.201 119.789 141.858 163.94 165.655 182.569 176.321 163.379 149.451 129.199 104.645 76.6637 26.7867 0.991386 0.641395 0.405765 0.0349324 -0.0548675 0.350199 0.20202 0.313547 0.505333 
-2.29974 -2.40694 -2.85751 -2.59413 -2.33699 -2.09195 -2.2027 -2.08683 -2.23146 -2.09543 -2.17322 -1.7555 -2.09817 8.35271 7.70607 -0.457809 -0.866061 -0.0187318 0.591114 11.551 67.3596 97.9008 123.068 142.431 154.911 164.286 149.352 147.38 145.22 116.462 107.052 100.618 95.9371 93.0402 92.1473 91.3452 91.5018 91.8611 92.6196 95.2092 97.6723 101.597 108.292 118.468 139.607 160.515 161.456 177.847 174.37 162.789 149.409 127.932 103.466 75.9214 27.0593 1.43376 0.333507 0.1563 0.545634 0.0553581 0.6247 -0.0965355 0.426562 0.384209 
-2.26355 -2.37017 -2.27451 -1.77255 -2.08612 -2.28484 -2.36485 -2.10522 -2.07918 -1.99828 -1.90107 -1.78482 -1.1743 8.44544 9.08235 -0.0456702 -0.810044 -0.183535 1.02661 9.87462 65.5018 96.0852 121.612 140.96 153.962 164.667 147.544 145.045 145.886 117.15 106.799 100.187 95.8022 94.271 92.4919 91.5659 91.2752 91.5184 92.7739 94.803 97.492 102.406 107.688 117.121 137.072 159.418 157.391 174.319 174.456 162.86 149.247 127.837 103.972 75.6621 27.1064 1.97628 0.898227 0.103156 0.0112669 0.654785 0.467548 0.381707 1.45904 0.87657 
-2.43532 -2.0459 -2.13095 -2.46414 -2.57053 -2.33419 -2.3625 -1.82103 -2.11454 -2.06784 -1.68036 -1.99878 -0.270121 6.37165 9.88173 -0.155965 -0.56567 0.075388 1.76082 4.71759 60.6686 93.8029 119.156 138.758 152.355 165.52 150.163 144.615 149.622 120.859 107.534 100.721 97.4734 93.7252 92.6606 91.9533 91.5154 91.519 93.4049 94.9078 97.3875 101.494 106.894 116.644 130.479 161.278 155.588 171.879 174.65 163.347 149.886 129.732 106.259 78.0092 34.2126 2.0035 1.03565 0.218429 0.912412 0.755769 1.04486 0.650211 1.04084 1.1762 
-1.94993 -1.89616 -1.97529 -2.23846 -2.38959 -2.27805 -2.58872 -2.59141 -2.20452 -2.19148 -2.21042 -0.611888 0.560433 1.2174 14.6565 -0.272954 -0.024632 -0.586308 1.72274 0.884215 58.3912 90.778 117.21 137.102 150.919 163.096 158.877 145.378 151.186 122.189 109.887 101.611 96.8992 95.6765 93.6564 91.8733 91.4018 92.0239 93.3644 95.1203 97.6344 102.33 108.647 116.378 129.128 162.694 154.166 174.351 175.389 164.937 150.496 130.979 106.838 78.628 35.9552 2.00029 1.19415 0.705373 0.86862 0.912786 0.861841 1.10115 1.08709 1.09548 
-2.66126 -2.72662 -2.54867 -3.00914 -2.16246 -2.40067 -2.24675 -1.94641 -2.03402 -2.46556 -1.44721 0.365456 -0.178249 -1.78835 15.9038 -1.42368 0.147942 -0.18614 1.00737 -0.420497 57.4894 90.4679 116.227 135.984 150.657 162.787 164.9 147.41 152.775 122.77 111.384 103.238 98.5562 96.1775 94.7977 93.2191 92.6152 93.5084 94.2386 95.8606 99.9055 102.54 107.558 116.443 130.432 163.219 155.051 178.502 176.125 164.446 150.787 132.266 106.808 79.0722 36.4544 2.06938 1.20567 0.688073 1.67776 0.9923 0.744598 1.38163 0.996441 1.12694 
-2.26527 -2.21226 -1.92478 -2.15186 -2.30957 -2.76767 -2.38655 -2.30669 -2.45687 -1.73268 -0.740661 0.033429 -0.357436 -0.497809 16.4364 -1.58524 -0.247986 -0.354436 0.984058 -0.782037 56.3761 88.9529 115.037 135.365 150.385 161.913 172.383 150.724 156.18 124.627 112.545 104.408 99.2633 96.9722 95.5861 94.3977 93.4212 93.3726 94.6075 96.7723 99.1021 103.18 109.463 117.788 130.131 163.659 157.318 182.039 176.163 164.322 150.866 130.52 106.79 79.4569 37.1068 2.0065 1.72294 0.644027 0.868608 1.14748 1.2098 1.083 1.12789 0.944162 
-2.65176 -2.67435 -2.60827 -2.37259 -2.22532 -2.79755 -2.45814 -2.312 -2.27998 -0.504406 -0.625672 -0.944516 -0.0370486 -0.979033 12.7847 -1.33416 -0.515154 -0.910863 0.498873 -1.03249 54.7133 87.5832 114.084 134.758 150.535 161.926 173.451 161.855 159.847 127.582 114.608 106.385 101.278 98.1876 95.7479 95.2892 94.2826 94.4159 95.3905 97.3648 100.132 104.244 110.01 118.819 133.032 165.432 162.316 188.817 175.802 164.119 150.316 131.753 107.462 78.8517 37.7613 1.6216 1.44084 0.48737 0.608996 0.380232 0.507869 0.889282 0.849846 1.08144 
-2.70287 -2.42207 -2.49945 -2.41642 -2.71457 -2.38584 -2.77996 -2.16507 -0.818769 -0.575233 -0.148692 -0.342644 -0.879317 -0.427071 10.0248 0.178396 -0.263553 -0.279865 0.179146 -0.944749 52.2541 87.6758 112.749 134.225 149.094 161.408 172.961 176.467 165.498 130.601 116.132 108.798 101.535 100.405 97.6222 96.6946 95.286 95.1522 97.2501 98.9582 101.663 106.151 111.895 120.354 133.954 169.72 177.37 185.966 175.83 164.935 151.636 132.701 108.147 79.8458 39.1692 1.65751 1.31908 0.497879 0.490317 0.472356 1.03323 0.719947 0.626039 0.722027 
-2.8555 -2.53839 -2.72733 -2.4518 -2.05451 -2.53025 -2.34983 -2.12601 -0.632088 -0.655146 -0.77038 -0.935995 -0.780056 -0.461136 6.75007 3.1625 -0.288365 -0.466999 -0.0899313 -0.90493 50.981 86.4142 112.879 133.517 149.145 161.856 172.805 183.459 179.664 136.695 120.123 110.954 104.785 103.218 99.2271 97.827 96.789 96.858 97.9385 100.224 103.475 107.739 113.759 122.851 137.914 173.971 188.136 186.542 176.988 165.121 150.762 131.848 107.777 79.7891 40.7446 1.04273 1.18265 0.457469 0.528605 0.475261 0.522313 0.599836 0.90985 0.846415 
-2.70455 -2.61054 -2.39629 -2.23761 -2.6108 -2.09641 -2.07087 -0.151286 -0.590405 -0.734655 -0.395067 -0.262987 -0.0565953 -0.965491 -0.837246 13.8361 -0.0282461 -0.504011 0.151472 -0.989063 48.3934 85.3932 112.123 133.689 149.921 161.309 172.483 181.98 193.404 148.555 128.007 116.179 110.078 105.342 101.617 100.055 99.7266 99.0545 100.735 102.92 106.574 111.234 117.17 127.78 144.03 188.77 194.705 186.673 176.875 164.87 152.299 132.323 108.217 81.2305 41.87 0.268433 1.18592 0.355743 0.37115 0.48494 0.682615 0.141398 1.07665 0.571649 
-2.76065 -2.43634 -2.95194 -1.93351 -2.26621 -2.13354 -2.16818 -0.530271 -0.873295 -1.39013 -1.19593 -0.84333 -0.720832 -0.601224 -2.40045 14.4568 0.12149 -0.245367 0.194331 -0.640285 47.1608 84.553 111.648 132.902 148.979 161.101 174.635 181.574 195.189 155.919 141.213 127.652 119.66 111.742 107.191 105.485 104.289 104.171 104.749 107.318 111.967 117.639 124.717 138.395 156.982 196.623 192.739 185.529 176.827 165.438 151.38 132.071 109.057 80.7376 42.6319 0.663347 1.06643 0.513263 0.859105 0.778416 0.506814 0.731633 0.927178 0.823659 
-0.228952 -1.17584 -0.999314 -0.918611 -0.733952 -1.20831 0.327823 0.602013 0.303303 0.591122 0.670322 0.672875 1.13638 0.72123 1.17253 8.74525 1.1125 0.996072 1.74497 0.891952 47.0583 86.8172 113.299 135.671 152.742 165.027 174.913 185.079 196.907 163.044 144.407 134.547 123.65 120 117.894 115.76 114.424 113.497 115.384 116.575 120.363 124.616 131.705 141.305 158.24 194.334 193.679 186.985 177.456 165.839 152.034 132.232 109.251 82.4332 45.281 1.44328 2.08719 1.31032 1.54752 1.53692 1.34791 1.40974 1.70537 1.79047 
-0.287762 -0.582147 -0.477272 -0.321384 -0.990881 0.125487 0.66731 0.719177 0.771166 1.11257 1.188 0.393498 1.22371 0.995954 1.11612 7.07896 1.14603 1.04412 1.4657 1.21593 45.605 86.3805 112.962 135.954 151.793 163.662 176.214 185.481 193.37 170.242 145.94 134.647 124.027 120.178 117.745 115.387 115.092 114.303 115.195 116.757 120.688 124.184 131.821 141.507 157.68 193.431 193.336 187.006 178.169 166.363 150.859 132.7 110.487 83.2318 47.0663 0.551615 2.15656 1.20621 1.21537 1.3295 1.54411 1.40172 1.66125 1.37023 
-0.453076 -0.396051 -0.768976 -0.305587 -0.627942 -0.0223354 0.491968 0.586261 0.487957 0.783997 0.584868 1.03273 0.866489 0.483762 1.57853 5.47386 0.768458 0.706791 1.55794 1.10975 44.5383 86.7083 112.772 135.171 151.81 164.308 175.72 186.357 193.071 171.272 146.932 135.671 124.069 120.75 117.699 116.201 115.641 115.415 115.33 117.511 120.635 125.805 131.99 142.811 156.87 194.26 194.777 187.911 176.876 168.022 152.054 133.564 110.805 83.6766 48.5176 -0.0476269 1.86104 1.38435 1.36041 1.54739 1.38194 1.31324 1.26776 1.71911 
-0.301182 -0.410716 -0.129943 -0.454561 -0.618288 -0.0570053 0.178233 0.371402 0.587569 0.0653273 0.790301 1.74115 0.699072 0.560524 0.850521 5.98358 0.321362 0.830392 1.56134 1.28727 43.262 86.0679 112.949 135.008 151.556 164.483 176.755 184.686 192.539 174.249 147.534 136.725 125.424 120.666 118.566 115.848 115.545 115.868 116.064 118.198 121.414 124.819 131.292 141.182 156.807 195.407 194.954 187.038 177.187 166.587 152.776 133.227 111.883 84.2961 50.3528 -0.78004 1.96986 1.15731 1.23021 1.41544 1.41113 1.6332 0.716949 1.73657 
-0.589971 -0.885833 -0.333167 -0.914235 -0.550967 -0.00954236 0.909817 0.339861 0.282796 0.638017 1.18489 1.57908 0.933081 1.23775 1.03969 2.96966 2.13505 0.926372 1.4669 1.74459 41.4482 85.1513 112.747 134.587 151.69 162.724 176.025 186.345 193.328 175.089 147.904 137.94 124.566 120.703 118.192 114.977 116.414 115.404 115.865 118.362 121.216 125.357 132.128 141.474 156.123 193.601 195.038 188.937 178.195 167.302 152.678 134.455 112.083 84.6246 52.5474 -0.503833 2.03804 1.12462 1.52132 1.66947 1.28368 1.50465 1.17588 1.49753 
-0.653348 -0.318293 -0.869845 -0.00442886 -0.585989 -0.392192 0.60739 0.325141 0.418825 1.57181 2.64942 -0.361487 0.152027 1.06041 2.19521 0.650807 2.17201 0.822232 1.42576 1.98154 41.2067 85.108 112.968 134.487 151.901 163.853 176.229 186.007 193.317 176.314 149.597 137.312 133.559 121.219 118.174 115.563 115.986 116.196 116.746 118.114 120.483 126.095 132.15 141.641 155.971 193.065 195.649 186.861 178.624 167.327 153.224 135.01 111.754 85.0285 53.8244 -0.619442 1.99435 1.26378 1.09623 1.19355 1.37878 1.20537 1.28617 1.44027 
-0.317731 -1.26453 -0.465424 -0.450436 -0.256539 -0.479935 -0.789585 0.597355 0.891397 1.93744 3.57304 -0.712919 0.0144259 2.51303 0.935371 1.34826 1.49773 0.704618 1.54186 1.9071 39.8111 84.0676 112.257 134.303 151.598 163.906 176.016 185.623 192.844 178.853 148.642 138.245 126.649 121.766 118.556 115.597 116.238 116.656 116.421 118.143 120.853 124.942 131.927 141.01 156.109 191.761 195.134 189.153 178.333 166.834 153.531 136.089 112.812 86.7495 54.3792 0.83926 1.8069 1.21257 1.11551 0.749316 1.15742 1.18795 1.39994 1.47349 
-0.581891 -0.535384 -0.182393 -0.327529 -0.200405 -0.720688 -0.754969 0.69913 0.406318 2.92892 2.5901 0.424827 2.54789 0.998878 0.789376 0.524417 0.189036 0.345293 1.62492 1.36043 39.9807 84.1534 112.819 133.798 150.837 163.626 176.179 186.499 194.084 181.075 150.683 138.771 127.393 122.392 118.703 117.158 116.304 116.258 116.351 119.134 120.437 125.504 131.649 140.832 155.675 190.357 195.972 188.471 179.59 170.507 154.59 136.2 113.942 88.3231 55.2565 2.8549 2.36182 1.9143 1.23547 0.735536 1.48445 1.91173 2.02075 1.8349 
-0.424497 -0.553101 -0.627505 -0.513201 -0.709877 -0.598927 -0.558398 0.130114 0.108531 5.33312 3.08237 0.446466 1.97042 0.673576 0.0793317 0.589283 0.489904 0.959884 1.80413 2.29975 36.3052 83.4216 111.324 132.651 150.214 163.307 175.512 185.994 193.993 184.8 152.236 140.577 127.421 122.396 120.155 118.038 116.963 116.408 116.578 118.578 120.63 125.392 130.616 140.112 154.426 186.961 197.082 190.181 180.291 170.99 155.626 137.513 116.936 90.7743 58.9395 6.11934 2.6632 2.00213 1.92886 1.90406 1.58553 1.5687 1.75535 1.74138 
-0.376533 -0.585088 -1.1097 -0.517221 -0.250084 0.410019 -0.429284 0.324902 1.1305 4.56352 4.54334 1.05803 1.36972 0.922775 0.571035 0.452127 0.549415 1.30712 1.87266 2.91239 30.3554 82.2941 109.173 131.948 149.049 162.743 175.928 186.995 193.595 187.109 153.603 140.683 129.07 123.637 120.53 118.323 117.344 116.418 116.5 118.218 121.736 125.112 131.133 139.186 151.92 183.649 197.38 191.441 182.612 170.08 156.822 139.654 119.844 93.7478 62.5464 9.74689 3.8371 2.26052 2.54384 2.29732 2.32501 1.70822 1.86046 2.01452 
-0.632415 -0.622298 -0.540965 -0.858639 -0.683942 -0.570361 -0.697124 -0.390336 3.9906 3.40034 5.2614 1.65605 1.13866 0.892681 0.287501 0.541829 1.30588 0.293156 2.15667 3.5596 30.6702 82.6084 109.512 131.82 149.861 162.889 174.677 186.875 195.67 188.106 155.04 140.952 129.194 124.231 120.848 118.881 116.758 116.422 117.632 118.747 120.48 124.499 131.435 138.855 151.17 181.101 197.338 191.13 181.273 169.499 157.221 140.465 120.194 94.1576 63.4416 12.3885 4.53475 3.49306 2.93989 2.13246 1.94041 1.7856 1.85581 1.68083 
0.0785931 -0.371262 -0.48518 -0.205454 -0.948869 -0.452992 -0.00722805 1.56411 14.6839 6.85557 5.64622 1.20016 0.978147 1.0956 1.81013 0.876145 1.71566 2.19828 2.52719 3.70103 30.9217 82.6487 110.092 132.593 149.657 163.615 175.336 186.122 193.642 189.606 154.928 142.957 130.15 124.075 121.105 119.568 118.608 116.468 117.389 117.466 120.67 123.817 129.834 139.18 150.662 178.542 198.162 191.085 182.678 171.219 157.598 142.791 121.622 97.572 65.687 13.1867 5.17497 4.5448 3.19028 2.93031 2.68493 2.55394 2.21316 1.44332 
-0.820722 -0.170264 -0.234704 -0.268987 -0.691682 -0.207787 -0.51412 0.933299 10.2918 7.09187 3.88396 1.68003 1.50335 1.28572 1.96206 2.08248 1.83269 2.60281 3.64245 4.24668 31.4742 83.2233 112.827 134.778 150.138 164.506 176.56 186.916 194.766 190.992 155.744 142.819 130.855 124.863 121.252 119.854 118.441 118.699 118.866 121.131 123.788 128.495 134.704 140.317 153.076 179.929 200.773 195.429 186.844 175.85 164.407 149.595 131.789 111.809 84.3008 40.5336 5.50083 4.98146 4.46356 4.02443 3.48312 2.42536 2.62468 2.66089 
-0.801848 -0.19273 -0.495902 -1.02613 -0.336193 -0.337212 -1.74957 -0.667542 3.32758 10.0498 9.90424 9.09109 6.35473 3.67968 2.47135 2.63628 3.07474 3.33649 4.45361 8.52903 57.7587 95.839 123.632 143.13 158.334 174.112 189.499 205.428 215.477 209.668 176.414 163.6 149.311 144.976 143.217 142.275 139.667 140.521 141.668 143.532 147.141 155.123 163.294 170.88 182.592 209.92 235.311 228.376 221.11 211.171 199.601 187.397 173.504 154.351 131.704 106.11 63.3432 32.8188 22.1222 17.9209 17.9399 17.1915 14.6925 12.9844 
-0.388124 -0.626206 -0.41934 -0.753325 -0.213524 -0.088805 -0.475651 -0.365053 -0.0421716 2.96465 9.51917 10.9966 13.4137 14.4553 14.5098 13.5604 13.0389 11.5639 19.5981 67.6773 113.599 143.01 163.757 189.847 208.288 222.053 229.763 239.551 242.664 239.034 201.463 185.808 173.133 166.913 162.521 159.999 158.592 159.442 159.125 161.145 166.769 170.04 176.402 185.688 198.567 223.784 255.72 248.235 239.983 232.625 221.002 210.745 196.532 182.329 162.84 140.864 115.848 86.9347 68.6871 29.0196 23.4745 19.9025 16.3111 13.8807 
-0.388906 -0.480122 -0.566598 -0.618024 0.173061 -0.016978 -0.126904 -0.398558 -0.282158 -0.887939 1.14455 8.46383 11.5069 15.7837 18.8707 19.7826 19.4115 31.0504 72.8742 113.408 140.447 161.082 180.524 198.928 214.625 225.085 235.797 246.33 251.463 247.996 209.037 193.168 178.284 171.73 168.056 165.162 164.117 163.592 164.23 166.463 170.143 175.643 180.937 189.036 202.017 227.488 262.239 253.658 246.716 238.403 228.898 217.228 205.385 189.68 172.146 152.546 131.282 108.592 78.6309 48.2452 22.2 14.0535 7.47136 3.24728 
0.0806793 -0.207085 -0.0887931 -0.0563704 0.200631 -0.667139 -1.01165 -0.179359 -0.680823 0.0164128 -0.0436165 -0.135241 3.67617 10.0055 18.008 24.0044 22.1292 49.2236 96.8726 124.105 148 170.618 188.182 203.885 218.709 228.84 237.347 245.749 252.117 250.186 208.33 191.606 176.779 169.392 166.585 163.549 161.414 160.605 162.822 164.674 166.667 171.344 178.042 186.821 200.922 224.768 260.776 252.099 245.041 237.761 228.98 217.743 204.394 188.626 173.688 153.16 132.611 111.074 85.4603 63.1505 17.383 1.32686 0.134429 0.836244 
-0.43474 -0.26086 -0.42398 -0.492521 -0.741736 -0.798131 -0.677473 0.450004 -0.0378668 0.130695 -0.482707 0.0317112 0.318113 0.92223 6.22836 26.7529 24.8398 66.2427 100.499 127.038 149.945 169.261 188.459 202.32 216.052 224.307 232.368 240.876 246.24 245.471 204.386 187.593 171.377 164.577 160.505 156.623 155.824 156.347 155.973 158.119 161.282 165.119 171.785 179.907 193.301 217.659 251.255 244.651 238.374 229.429 219.317 209.189 195.926 181.592 164.514 143.575 123.457 100.27 75.8741 51.3553 9.33539 0.672967 0.371839 0.125443 
-0.319432 -0.394341 -0.767398 -0.710595 -0.554873 -0.335421 -1.02804 -0.239339 -0.12939 -0.562562 -0.781605 -0.0205155 0.02012 -0.505392 -0.174436 12.151 33.0815 69.3002 95.1682 120.312 143.269 163.315 180.719 193.672 204.66 216.094 224.434 230.171 238.052 238.458 197.754 180.711 165.356 156.962 153.446 149.838 148.719 147.221 148.141 150.089 151.734 156.892 162.827 169.7 182.972 206.237 240.322 232.578 225.047 215.39 207.937 195.369 182.858 167.429 147.284 125.49 103.491 79.0536 53.4787 21.7093 5.40715 0.706296 0.744292 -0.227547 
-0.534296 -0.733017 -0.647831 -0.687741 -0.540265 -0.480434 -0.130104 -0.771917 -0.210494 -0.124886 -0.446162 0.240574 -0.382365 -0.0304438 -0.137754 0.100675 17.7589 58.6735 81.4769 104.359 126.506 147.565 167.028 179.889 191.587 203.403 212.495 220 226.3 227.657 188.146 172.836 155.655 148.175 143.185 141.092 138.632 137.423 138.103 140.551 140.654 144.528 148.774 156.208 167.921 186.795 226.245 216.733 208.279 194.937 187.223 176.941 160.654 144.352 124.283 98.19 68.5008 33.9769 6.27664 1.14224 0.840321 0.602043 0.0811335 0.427045 
-0.323844 -0.252181 -0.421049 -0.776718 -0.690192 -0.513011 -0.195721 -1.1832 -0.32159 0.128545 -0.146227 -0.0186166 -0.457404 -0.187673 0.119243 0.641522 -0.0154059 17.9557 44.6947 74.8676 100.868 126.19 147.896 162.636 176.468 183.44 196.964 204.972 211.923 216.873 178.27 161.615 145.39 138.233 135.027 132.663 131.73 131.159 131.629 133.44 134.73 139.894 144.163 149.355 160.493 178.195 221.547 205.6 200.483 188.612 180.142 169.172 152.419 132.932 109.301 76.6175 23.8517 4.1298 2.46337 1.60246 1.46341 0.551376 0.345451 0.152499 
-0.323403 -0.613203 -0.229078 -0.855633 -0.213003 -0.293797 -0.501786 -0.117479 0.0196061 0.077458 -0.390775 -0.457299 -0.455635 -0.618314 -0.102015 0.156342 1.14116 1.9699 1.20856 14.4015 70.8273 101.898 127.581 149.858 168.291 178.866 190.532 200.425 210.296 214.855 176.104 160.095 145.14 138.8 133.283 131.898 130.123 129.964 130.123 131.573 133.117 138.616 141.282 150.124 159.982 175.872 218.805 207.28 200.413 188.689 180.217 168.062 151.716 132.995 108.712 76.3942 24.5449 4.07324 1.90869 1.35417 0.833509 0.337005 -0.185036 0.0222781 
-0.50075 -0.63585 -0.607042 -0.19192 -0.590906 -0.873367 -0.421378 -0.350508 -0.531299 -0.580933 -0.427716 -0.24345 -0.401203 -0.188194 0.0426287 0.215953 0.178463 1.08565 2.69999 8.89262 67.645 102.004 128.216 148.82 166.731 175.918 188.429 200.197 208.391 213.659 174.595 158.575 142.087 137.924 133.178 130.416 129.282 130.046 130.26 131.306 133.469 136.072 142.385 149.059 158.054 175.505 216.374 206.227 198.721 188.99 177.773 170.037 153.345 132.437 109.488 77.6567 22.331 2.81372 1.42336 0.630604 0.369758 0.312491 0.324072 0.366608 
-0.570799 -0.364636 -0.801024 -0.610708 -0.673458 -0.375461 -0.293157 -0.585211 -0.384969 -0.544734 -0.275384 -0.996908 -0.602867 -0.380035 -0.269641 0.434756 0.803871 1.51607 2.1602 9.59586 66.7696 99.9248 127.588 148.308 165.865 175.586 189.359 199.05 207.731 215.512 175.233 159.618 143.04 136.334 132.195 130.768 129.453 128.524 128.705 129.988 133.445 136.157 141.165 146.527 158.064 174.756 215.663 205.605 197.509 187.74 176.908 168.255 152.212 132.482 108.137 78.0343 25.0503 2.56253 0.64363 0.390667 0.34147 0.194506 0.0680742 0.304964 
-0.737452 -0.488642 -0.298075 -0.695904 -0.232301 -0.37801 -0.754883 -0.795259 -0.368263 -0.408803 -0.0433857 -0.543492 -0.186311 -0.211765 0.25645 0.11683 0.103861 0.853659 1.54271 7.75311 65.2903 99.4203 126.465 147.72 165.24 175.647 186.97 196.825 208.682 211.64 173.735 158.99 142.295 135.954 132.391 130.651 128.66 129.097 127.614 131.3 132.361 134.405 138.829 148.179 155.638 172.688 212.044 204.006 197.71 190.295 177.489 168.133 152.91 133.461 107.765 77.8389 27.7425 1.79949 0.813007 0.458018 0.0652942 -0.195984 -0.344282 -0.185612 
-0.692437 -0.71121 -0.414054 -0.0086545 -0.452228 -0.524764 -0.826045 -0.373118 -0.364215 -1.07089 -0.575876 0.0125955 -0.157248 -0.122714 -0.159661 -0.211906 -0.172495 0.241552 1.52159 6.30479 64.1888 98.6104 127.1 147.786 165.307 171.976 186.408 196.054 205.623 211.711 173.368 156.69 141.861 135.085 131.77 129.281 127.859 128.106 127.16 128.446 130.987 135.18 138.805 147.055 154.8 171.479 207.299 206.381 199.764 190.339 177.75 170.603 154.338 133.102 108.871 79.1809 28.173 1.63476 0.602231 -0.0101932 0.348189 -0.0448875 -0.606254 0.197437 
-0.376907 -0.254132 -1.04114 -0.310421 -0.546762 -0.283913 -0.199779 -0.279702 -0.162483 -0.274109 -0.992639 0.0813225 -0.265932 -0.486758 -0.319546 -0.469545 -0.174603 0.323606 1.25745 2.54917 59.2272 93.4345 122.066 144.764 161.967 172.488 184.601 196.448 204.509 214.749 177.151 159.07 144.645 136.904 131.739 129.812 127.718 128.125 127.752 129.532 132.626 133.547 138.613 144.162 153.631 168.623 206.699 205.699 200.521 190.335 176.213 170.706 156.269 137.244 112.924 82.8828 36.2075 1.65516 0.817862 0.503337 -0.385459 -0.0263399 -0.0688001 0.269327 
-0.457871 -0.6095 -0.358913 -0.531708 -0.257181 -0.327966 -0.365105 -0.336644 0.0317807 -0.376335 -0.501617 -0.781285 -0.404267 -0.494054 0.0673599 -0.0580465 -0.0387182 0.170312 1.19142 0.890596 58.5056 94.0233 121.976 144.417 163.183 173.701 185.171 195.567 204.055 214.059 176.435 157.287 143.003 135.246 132.355 128.782 128.798 126.756 126.985 127.881 130.85 133.508 139.678 144.278 151.91 167.94 205.346 204.368 200 190.833 177.358 171.555 156.387 136.046 112.752 83.504 36.4716 1.49606 0.581354 0.115106 -0.148784 -0.120339 0.0844725 -0.388068 
-0.325702 -0.534601 -0.115637 -0.741539 -0.827702 -0.534431 -0.602879 -0.285373 -0.834104 -0.449544 -0.836854 -0.433331 -0.421383 0.10958 -0.182103 -0.375314 -0.725165 0.11933 1.23916 0.48495 57.903 94.286 121.488 143.275 161.961 170.793 182.461 194.575 204.026 214.432 176.404 157.962 143.684 134.927 130.872 129.059 128.125 126.716 126.795 127.917 130.256 133.82 137.458 144.354 152.553 166.616 202.958 205.477 198.868 191.766 178.434 173.177 156.864 136.715 113.458 83.8209 38.2328 1.59029 1.10636 -0.233361 0.236007 0.160163 -0.010428 0.454622 
-0.47116 -0.53255 -0.478389 -0.635654 -0.562215 -0.128435 -0.370219 -0.466131 -0.363259 -1.11995 -0.483099 -0.733896 -0.676388 -0.0129963 -0.492213 -0.553392 -0.43504 0.117756 0.745005 0.135936 57.578 93.6387 122.817 144.002 161.357 169.574 182.955 193.711 203.537 213.844 187.196 159.169 142.677 135.657 131.89 129.533 127.723 125.912 126.848 127.709 129.907 133.204 137.195 143.895 151.597 166.359 202.723 205.162 198.812 191.527 177.193 172.738 156.945 139.268 114.438 84.9052 40.6222 1.49594 1.23617 0.672328 0.479734 0.644486 0.20975 -0.0151325 
-0.359646 -0.422369 -0.939786 -1.41416 -0.563302 -0.626102 -0.517105 0.0248695 -0.935714 -0.534214 0.264729 0.0316736 -0.383064 -0.317718 -0.396402 0.0781888 0.0712522 0.0505323 1.37258 0.138919 57.7052 92.8948 121.866 144.896 162.944 170.437 182.559 194.64 202.994 213.79 175.695 159.523 143.796 135.478 132.08 129.086 127.866 126.669 126.709 127.734 130.67 133.71 138.19 143.484 152.191 165.991 202.217 206.96 200.175 191.731 177.514 173.938 157.742 138.704 115.984 86.1872 42.0113 1.89614 1.71491 0.807387 1.24663 0.455133 0.489947 0.679288 
0.00510786 0.0963334 -0.363554 -0.554185 -0.135708 -0.238807 -0.626298 -0.212723 -0.333665 -0.456456 -0.251968 -0.226877 -0.28234 -0.105277 0.0274573 0.317702 0.115117 1.24998 2.06806 -0.00190531 57.6073 93.0343 121.652 144.463 162.172 170.284 181.574 194.498 203.359 213.192 174.343 158.066 143.892 135.933 131.326 129.1 127.361 127.672 127.255 128.336 130.582 133.078 137.493 143.646 151.036 165.13 199.019 205.162 201.029 192.55 178.821 174.151 159.639 139.913 116.992 87.9686 45.4401 2.17879 2.41288 1.43768 1.33681 1.94032 0.497154 0.523259 
