-0.197658 -0.0970267 -0.554692 -0.287603 -0.213067 0.0903491 -0.162549 -0.167693 -0.229236 -0.567118 0.0384651 0.295484 -0.106602 -0.255328 -0.559304 0.0573492 0.778495 1.20619 30.7884 80.4722 109.97 133.407 152.775 168.8 173.826 185.981 194.577 201.567 188.994 161.259 149.994 141.25 133.867 130.24 128.112 126.059 125.845 128.325 127.553 130.77 134.769 139.997 148.437 162.386 191.002 208.127 201.955 194.005 177.01 170.864 164.529 149.313 128.131 102.217 70.2406 14.1776 0.626952 -0.419898 -1.57256 -1.125 -0.905824 -0.912477 -0.93273 -1.12844 
-0.389651 -0.267523 -0.221272 0.00536239 -0.571572 -0.86307 -0.263317 -0.498752 -0.346738 -0.266853 -0.609673 -0.158131 -0.584235 -0.382727 -0.311295 -0.148858 1.03438 1.41107 29.5787 78.882 108.859 133.504 153.057 169.749 173.842 187.055 194.283 202.967 191.262 161.639 149.077 140.01 133.901 130.008 127.708 126.673 125.648 127.177 128.038 130.891 135.449 140.141 149.235 162.375 191.566 209.643 202.165 193.348 178.446 169.394 165.905 148.757 128.278 101.775 70.0303 15.0186 0.35491 -0.664157 -1.14317 -0.918905 -1.09976 -1.0351 -0.866226 -0.888583 
-0.15986 -0.701746 -0.0777608 -0.132782 0.0591138 -0.415903 -0.255718 0.0607169 -0.131539 -0.0254865 -0.393322 -0.110002 -0.515093 -0.0800282 -0.608685 -0.000512672 1.25142 1.26956 30.5705 79.1382 108.947 133.772 152.825 167.687 174.253 186.395 194.533 202.634 192.032 160.32 149.413 140.893 134.158 130.057 127.529 126.572 125.833 127.142 129.19 130.896 135.002 140.843 148.662 162.785 192.448 209.154 202.342 195.338 179.115 169.815 165.117 148.493 127.719 103.046 70.8586 14.719 0.393204 -0.825709 -1.18017 -0.603223 -0.89132 -1.11855 -0.941349 -1.13034 
-0.402136 -0.901021 -0.177074 -0.12281 -0.314252 -0.106266 -0.226009 -0.281184 -0.390182 -0.495528 0.0360998 -0.449708 -0.149106 -0.16501 -0.0868357 -0.181529 0.856125 1.40822 28.4031 78.6919 108.78 133.708 153.137 169.188 173.238 185.862 194.981 203.149 191.605 162.161 149.891 142.066 134.872 131.365 127.772 130.043 129.048 130.381 129.064 132.374 136.886 140.886 149.685 163.187 192.376 210.149 203.827 195.997 180.154 172.933 165.231 149.548 128.446 102.673 70.2324 15.4544 0.626397 -0.910635 -1.20826 -1.26225 -0.677264 -1.30753 -1.1994 -1.44406 
-0.0517427 0.0334355 -0.385747 0.169513 -0.813302 -0.208111 -0.734721 0.171783 -0.33859 -0.355011 0.134795 -0.0614434 -0.243862 -0.354031 0.0558107 -0.0478505 0.881042 1.54698 28.357 78.7535 108.372 132.921 152.873 169.903 175.39 187.294 195.586 203.755 195.229 163.136 150.906 141.714 135.879 131.139 128.843 129.084 126.756 129.088 130.133 132.427 137.323 141.653 149.544 164.241 192.248 210.804 203.606 195.499 179.062 173.322 165.54 149.069 128.491 103.702 71.9038 15.3959 0.719277 -0.331991 -0.721986 -0.754126 -1.02013 -1.30704 -0.785682 -1.02466 
-0.124715 -0.357892 -0.306166 -0.402659 -0.277076 0.220578 -0.489598 -0.234466 -0.251624 -0.778601 0.123858 0.0139961 -0.633487 -0.156057 -0.171296 0.0139009 1.31939 1.73651 27.844 78.9512 108.426 132.992 152.86 169.771 174.128 186.724 195.628 203.858 195.955 165.299 152.098 141.641 136.067 133.128 129.208 129.382 133.551 128.665 130.307 134.284 137.668 142.521 150.901 164.546 193.1 212.114 205.385 194.705 181.182 173.064 166.697 150.145 129.452 104.442 72.3678 16.3432 1.01434 -0.109274 -0.605767 -0.973833 -0.979626 -0.959181 -0.9326 -1.42718 
-0.367111 -0.113001 -0.517067 -0.217223 -0.526597 -0.165032 -0.278347 -0.138115 -0.292756 0.033836 -0.341709 -0.206545 -0.467975 -0.0204028 -0.307458 0.0141852 1.24896 1.82783 23.031 75.5167 106.385 131.202 151.815 168.286 176.806 186.749 196.13 205.248 202.917 168.063 152.389 144.779 136.704 133.585 130.237 128.917 128.319 129.209 131.545 134.149 137.81 143.275 151.24 163.284 184.144 217.685 206.424 199.483 186.394 177.152 170.239 153.113 133.207 108.386 78.0112 22.0143 1.38492 0.366629 -0.669037 -0.694113 -1.49095 -0.970473 -1.16959 -0.902398 
-0.564475 -0.319956 -0.558938 -0.348268 -0.336291 -0.293086 -0.466054 0.0210691 -0.339636 -0.0877238 -0.0829035 -0.220004 -0.0462369 -0.0545272 0.106092 0.226313 1.32249 2.32759 20.7421 75.0411 106.05 131.035 151.241 168.346 178.342 187.314 197.203 204.888 205.227 169.688 155.361 146.598 138.607 134.299 131.825 130.082 130.8 130.514 131.729 135.224 137.796 144.356 150.46 162.919 183.965 218.715 206.876 198.763 186.343 178.472 169.856 153.572 133.598 109.501 79.5991 25.9569 1.69989 0.567023 -0.395264 -0.469263 -1.13921 -0.523156 -0.98184 -1.07054 
0.135997 -0.508004 -0.366546 -0.39885 -0.279398 -0.594599 -0.119708 -0.335835 -0.240977 -0.244988 -0.0511329 -0.269827 -0.458621 -0.424968 0.379573 0.864505 1.18903 2.16013 20.206 75.2817 106.289 131.019 151.173 168.822 175.729 187.368 197.532 206.289 206.971 170.083 157.623 148.96 139.238 137.409 135.262 132.292 131.676 133.642 134.341 135.906 141.448 145.053 152.827 166.821 186.257 221.763 209.408 200.864 188.164 177.065 170.525 154.12 135.395 110.792 78.8691 24.1584 1.87677 0.760517 -0.582975 -0.957649 -1.01772 -1.35827 -1.19913 -0.832881 
-0.280014 -0.252475 -0.211661 -0.234182 0.0939537 -0.205824 0.101383 -0.191493 -0.0836765 -0.412021 -0.152976 -0.21329 -0.430341 -0.321093 -0.184851 0.724701 1.37881 2.58577 14.8919 74.4064 107.972 134.838 156.637 174.947 185.483 196.643 206.993 214.342 214.739 180.078 166.337 156.556 147.374 146.17 146.004 145.788 145.612 146.216 145.364 146.609 151.115 159.292 162.22 173.172 191.33 232.246 219.882 213.625 200.83 191.368 180.267 162.787 144.448 118.644 88.4586 38.7623 1.2815 0.445491 -0.126003 -0.810464 -0.870478 -1.03965 -1.25279 -0.854194 
-0.333248 -0.112137 -0.357722 -0.377771 -0.0346735 -0.398996 -0.34288 0.0304133 -0.633475 -0.458752 -0.363811 -0.312569 -0.283433 -0.189456 0.244729 0.349994 1.3867 8.11436 65.4375 98.0383 126.236 150.963 170.56 186.577 201.239 208.846 220.207 229.917 231.579 195.733 184.861 176.452 170.239 171.189 171.025 171.021 170.907 170.917 161.184 164.88 172.715 178.844 187.629 199.977 216.367 260.413 246.56 237.331 222.112 209.318 197.4 180.648 161.476 140.311 114.465 83.705 29.6467 -0.237397 -0.420262 -0.793288 -1.10335 -0.892744 -0.926287 -0.973 
0.0295463 -0.0661443 -0.557647 -0.0426318 -0.708021 -0.202114 0.033362 -0.303522 -0.316566 0.261722 0.0567507 -0.275204 -0.174401 -0.33678 -0.0820273 0.861807 0.880566 25.3031 78.5808 111.664 138.835 163.887 184.276 203.457 215.625 226.263 237.138 247.094 240.044 211.037 195.73 185.347 177.942 182.098 183.192 188.035 189.82 188.504 181.164 186.92 191.984 195.705 204.445 217.436 236.079 286.11 273.64 263.5 252.654 239.306 223.065 206.852 189.123 168.13 140.563 108.953 67.8614 19.6343 -2.5648 -0.630245 -1.22409 -1.60543 -0.754153 -1.05209 
-0.890625 -0.581322 -0.413729 -0.0304326 -0.295213 -0.339075 -0.44946 -0.153923 0.212876 -0.226291 0.12848 0.0540188 -0.116173 -0.0188419 0.173815 0.546163 -1.1558 47.7661 95.7644 128.478 157.665 181.881 198.719 214.621 228.541 238.104 245.516 240.408 238.389 219.247 204.854 195.487 185.807 191.287 194.7 200.07 207.82 201.273 187.113 187.585 192.276 199.438 207.924 221.771 240.517 286.817 281.081 271.164 260.529 249.326 234.655 218.446 200.916 180.732 158.936 134.615 107.297 74.1567 15.0713 -0.971747 -0.867825 -0.622553 -1.2693 -0.846957 
-0.563969 -0.189744 -0.104884 -0.385656 -0.35906 -0.37049 -0.198974 -0.122022 -0.461562 0.351967 -0.608222 -0.128135 0.128394 0.103007 0.364148 0.0703009 20.759 81.4552 114.424 142.59 167.826 189.364 206.24 222.133 233.368 242.012 225.912 222.657 247.365 220.404 206.763 194.971 186.857 193.006 200.541 209.05 214.603 220.784 187.396 189.718 196.147 204.366 211.289 222.545 243.254 287.078 280.995 271.664 261.128 252.28 237.843 221.604 204.986 183.958 162.731 139.813 111.3 79.2078 21.9899 -0.972434 -1.42682 -1.18625 -1.07368 -1.21356 
-0.559505 -0.654939 -0.226718 -0.350149 -0.468969 0.243832 -0.829151 -0.292797 -0.163836 -0.297653 -0.36788 -0.623241 -0.0986361 -0.134312 0.239171 -0.397885 39.3797 91.6624 119.733 146.496 171.892 192.737 205.711 213.547 225.214 220.655 191.396 189.311 224.413 206.657 191.449 180.485 169.169 172.63 174.981 178.256 171.273 225.482 169.362 171.49 171.036 171.94 180.375 193.338 210.764 253.584 251.895 244.498 233.423 223.658 212.564 199.532 183.797 157.964 129.779 96.7809 55.7922 13.6393 -0.633448 -0.894444 -1.18601 -0.759846 -1.13927 -1.01744 
-0.144466 -0.352712 -0.503196 -0.0785192 -0.44992 -0.425473 -0.342509 0.160961 -0.254492 -0.692381 0.255207 -0.235668 0.304008 -0.0315168 0.118018 0.0886015 24.6109 47.4213 77.1096 107.368 126.691 145.729 168.687 181.815 192.146 176.953 149.239 143.479 160.638 177.143 168.133 156.759 146.18 142.202 162.919 177.565 151.072 171.507 148.789 150.042 151.282 152.918 158.966 169.74 185.84 224.759 221.646 212.654 201.325 189.505 173.697 151.215 127.253 105.727 78.9232 38.0303 0.709525 0.265939 -0.230235 -0.865496 -0.770096 -0.69931 -0.834159 -1.08338 
-0.560432 -0.113429 -0.360456 -0.133298 -0.8227 -0.469872 -0.185292 -0.524951 -0.0454885 -0.490142 -0.42155 -0.222065 -0.0277051 0.200417 0.103362 0.145684 0.877045 1.52601 2.96814 45.713 85.7964 111.162 134.186 151.201 168.386 137.371 116.691 109.128 122.35 122.963 136.621 137.375 128.675 124.445 128.386 146.681 131.528 145.698 124.727 126.217 128.165 133.293 139.356 149.028 164.199 200.965 201.678 193.378 182.286 172.155 156.737 138.453 117.776 90.5205 54.0394 -0.770215 1.8116 0.296408 -0.557519 -0.570285 -0.969437 -1.024 -1.18938 -0.511726 
0.0808733 -0.472162 -0.189328 -0.416026 -0.206629 -0.701363 -0.492551 -0.0845117 -0.182427 -0.0660186 -0.284432 -0.0803416 0.021666 0.590977 -0.19486 0.553301 0.858433 1.30635 2.94509 23.7694 75.2221 103.582 129.907 148.065 163.379 124.316 109.901 100.866 109.668 109.073 108.638 120.015 126.654 123.846 124.985 127.11 140.838 127.004 122.434 123.694 127.399 130.73 138.372 144.83 160.517 196.632 199.14 190.19 179.78 168.786 155.602 138.29 115.961 88.9506 50.3572 -0.426582 0.937825 0.0306032 -0.28181 -0.655048 -0.693263 -0.610938 -1.30331 -0.57707 
-0.170495 -0.266995 -0.392873 -0.244449 -0.11924 -0.516075 -0.422075 -0.145341 -0.0634847 -0.448482 0.155085 0.274617 0.264979 0.0265658 0.41432 0.292351 0.436591 1.46846 2.65384 17.4929 69.5272 99.9729 125.606 146.254 154.367 118.026 104.753 95.9173 100.5 107.84 96.9089 99.8827 113.609 122.012 124.35 128.705 142.742 120.044 121.776 123.676 126.056 130.542 136.304 144.869 157.281 193.483 196.445 188.068 178.846 165.714 154.806 137.274 114.54 87.8354 45.7458 -0.0774745 0.890038 -0.459125 -0.753578 -0.893659 -0.742132 -1.18173 -1.09165 -1.08957 
0.187791 -0.432757 -0.2246 -0.27915 0.0539825 -0.157016 -0.172517 -0.327155 0.219195 -0.193991 0.00857074 -0.288247 -0.12724 0.0150105 0.0992804 0.500633 0.671516 1.22952 2.56751 14.7539 64.7866 97.9907 123.714 144.181 147.003 113.613 101.544 93.2316 96.2141 106.025 92.9478 91.0724 98.096 110.793 120.487 128.173 146.706 123.203 121.03 122.585 123.943 128.705 134.815 143.325 155.728 188.661 194.463 188.032 177.755 165.938 152.537 135.068 113.766 86.9868 43.3717 0.151281 -0.0517416 -0.859334 -0.752176 -1.06596 -1.46712 -1.13124 -1.37017 -1.20348 
-0.150258 -0.296626 -0.413695 -0.208753 -0.00783359 -0.491035 -0.176774 -0.113926 -0.253547 -0.385975 0.182877 -0.192829 -0.499791 -0.27808 0.327316 0.0831993 0.0819101 0.724868 1.61171 9.80008 61.6915 95.941 119.581 140.711 147.397 112.399 99.2826 91.9597 93.3684 107.904 90.8211 88.2411 89.3473 101.893 110.299 129.718 142.348 118.218 120.372 121.746 123.707 128.477 134.564 142.206 155.202 186.685 194.111 186.797 177.465 164.888 152.062 134.382 113.44 85.6752 41.2769 -0.211712 -0.317063 -0.928094 -1.18486 -1.6721 -1.04927 -0.831595 -1.04108 -1.23653 
-0.285686 -0.316093 -0.664537 -0.793034 -0.128504 -0.604366 -0.47844 0.0325265 -0.132291 -0.582038 -0.068528 -0.0873301 -0.0455719 -0.331259 -0.0653248 -0.0210799 -0.167999 0.487642 1.28252 8.07179 59.1584 93.3265 117.236 138.531 147.336 112.454 99.9596 91.3338 93.4223 108.63 91.3731 87.5432 87.0052 93.6314 106.777 126.578 139.771 121.968 120.576 121.846 123.171 126.665 134.546 141.283 153.408 183.007 194.443 187.493 175.874 164.682 151.215 134.797 111.691 84.7787 40.6365 0.0561274 -0.399945 -1.22669 -0.893686 -1.49823 -0.614236 -1.26471 -0.94423 -1.2628 
-0.475517 -0.0478009 -0.221367 0.197357 -0.580907 -0.335481 -0.283621 -0.53124 -0.181691 -0.066977 0.00105675 -0.184594 0.0801277 -0.163445 0.197937 -0.206469 -0.145962 0.20074 1.20948 4.8664 57.5113 90.5128 117.61 137.932 150.301 113.555 101.017 92.5771 92.1295 110.754 92.2958 89.3062 86.2542 93.8018 104.483 125.879 143.789 123.176 119.728 121.385 123.338 127.261 132.673 139.252 152.898 182.153 193.755 186.539 177.05 164.384 152.236 134.223 111.671 84.5062 40.5724 0.126339 -0.312967 -1.46521 -1.37438 -0.726237 -1.33496 -1.17804 -0.777559 -1.35523 
-0.320831 0.154978 -0.107297 -0.425072 -0.0690413 -0.403169 -0.262917 -0.0803052 -0.0622647 -0.481738 -0.468735 -0.41307 -0.268323 -0.170591 0.0398709 -0.281774 -0.14629 0.546195 0.996237 0.42679 50.6239 87.8367 114.397 135.495 152.326 120.731 103.643 94.6122 91.6689 115.24 94.838 90.5857 87.4994 94.0377 101.565 115.683 149.48 125.17 119.728 121.354 123.412 126.598 130.595 138.338 149.491 174.826 197.92 186.17 177.053 165.541 153.162 135.254 114.69 88.091 50.0532 -1.93409 -0.200472 -1.04889 -0.69235 -1.21778 -1.02404 -1.28876 -1.3178 -0.756992 
-0.666451 0.195741 0.100374 -0.494612 0.0205358 -0.237478 -0.219365 -0.464086 -0.238466 0.179952 -0.216087 -0.0697578 -0.640655 0.072827 0.448948 0.379257 0.104008 0.265616 0.75636 -0.174232 42.8141 83.8005 112.202 134.026 149.555 135.452 108.413 97.2801 90.3093 120.618 98.1836 93.0909 89.6627 96.1932 101.787 112.487 150.25 126.995 119.435 120.345 122.237 124.779 130.01 136.942 148.431 167.174 202.72 188.047 178.658 167.024 154.376 136.673 115.017 88.4004 51.9052 -2.38099 -0.0403861 -1.1363 -1.4804 -1.70612 -0.920744 -1.36443 -0.961531 -1.58758 
-0.538043 -0.0782029 -0.038344 -0.820223 -0.573336 -0.526369 -0.286033 -0.0615764 0.152074 -0.0119982 -0.0944633 -0.222119 -0.166087 0.033021 -0.0728002 0.0895047 -0.0871487 0.489994 0.761801 -0.0775093 40.9097 82.0655 110.028 133.169 148.62 143.852 111.139 100.434 92.5218 124.497 101.892 96.1093 92.52 97.8363 103.878 107.242 159.756 124.69 118.58 119.648 122.851 125.533 128.825 136.213 146.562 164.549 202.022 188.278 178.581 166.11 154.029 137.268 114.962 88.8863 52.9995 -2.26144 -0.00753686 -1.18245 -0.862932 -1.19904 -0.825012 -0.820604 -1.23329 -1.01606 
-0.198455 0.272237 0.208986 -0.204284 -0.315732 -0.839264 -0.369526 -0.331307 -0.365982 -0.181472 0.0128948 0.19811 -0.425582 -0.398966 0.0119934 0.190355 -0.0539766 -0.0110839 0.725193 0.749592 38.6333 79.2556 108.405 131.25 149.223 149.705 116.616 103.898 94.1768 129.536 105.55 99.4945 96.3648 101.332 108.916 110.028 165.95 125.494 118.374 120.143 121.108 124.615 127.886 135.227 145.764 161.572 199.57 187.401 178.375 166.597 153.841 136.778 115.637 88.8123 52.6309 -2.67231 -0.319592 -1.12673 -1.03251 -0.733169 -1.26061 -1.30117 -1.05475 -1.2203 
-0.335733 -0.123951 -0.193164 0.0838344 -0.666191 -0.521545 -0.196482 -0.461957 -0.496931 -0.473254 -0.290257 -0.190896 -0.0691504 -0.0481803 -0.207339 -0.268742 -0.214966 -0.0266084 0.870876 1.00444 35.3949 77.2683 108.421 130.78 149.472 157.726 122.42 108.115 97.164 134.697 110.586 104.309 100.499 104.167 111.734 111.761 167.177 122.72 119.589 119.415 120.147 123.79 126.861 133.928 143.818 160.395 199.432 187.272 177.481 165.352 154.123 136.732 115.627 89.7591 54.6677 -2.58414 -0.198512 -0.36777 -1.13628 -1.53273 -1.34297 -1.06119 -1.19324 -1.06785 
-0.822754 -0.590284 -0.329822 -0.0725957 0.114228 -0.361921 -0.976769 -0.0581344 -0.143417 -0.210046 -0.0187217 -0.322211 -0.192967 -0.204365 -0.789021 0.246171 -0.0556181 0.0391347 0.953075 1.39343 32.158 78.0638 107.003 131.164 149.315 165.206 128.26 114.12 101.135 140.203 115.273 110.507 106.235 112.09 115.812 113.403 164.574 128.296 120.319 120.318 121.125 124.075 128.282 134.515 143.175 164.648 192.642 187.811 178.498 167.316 154.431 137.401 116.624 90.127 54.4679 -2.18135 -0.22698 -1.01476 -1.0212 -1.02836 -0.889378 -1.16831 -1.20423 -1.19424 
-0.534787 -0.107956 -0.0974941 -0.502421 -0.280675 -0.597126 -0.179193 -0.45 -0.0478503 -0.405058 -0.0585338 -0.47941 -0.52217 0.175503 -0.00651772 -0.227879 -0.446623 -0.325742 0.0661216 1.46643 31.7345 76.2936 106.32 129.067 148.765 161.527 147.688 121.444 108.503 148.817 123.215 118.226 114.691 119.551 118.177 120.627 157.342 135.157 117.735 119.841 120.013 122.75 126.637 131.704 152.768 154.104 189.115 188.355 179.507 167.028 153.796 137.9 117.034 90.6001 55.6556 -2.04082 -0.338277 -1.16635 -1.34064 -0.652692 -1.1793 -0.86641 -0.652252 -1.04716 
-0.588057 -0.124878 0.0522817 -0.275318 0.171959 -0.415796 -0.143937 -0.591789 -0.722581 -0.425506 0.0169994 -0.543102 0.29185 -0.268614 0.173563 0.101894 -0.23484 0.162848 0.510002 1.40283 28.9721 75.0732 105.444 130.051 148.62 161.913 165.817 132.864 117.663 158.798 139.151 131.749 124.403 125.393 126.096 122.682 152.738 140.428 122.516 119.754 120.533 123.209 126.18 133.407 149.004 155.757 188.199 187.514 178.349 167.695 155.561 138.587 117.215 89.9079 56.1764 -1.7706 -0.398986 -1.30076 -1.05023 -0.930485 -0.982875 -1.21617 -0.82472 -1.16745 
-0.116231 -0.293133 -1.20832 0.274322 -0.134718 -0.230584 -0.34197 -0.118405 -0.438368 -0.400281 -0.33425 -0.0784903 0.242069 0.0952376 -0.49072 -0.0588821 -0.112983 -0.126477 0.402369 1.14447 27.3495 74.688 104.565 129.369 148.347 161.995 175.737 160.082 140.998 179.869 166.815 145.363 136.077 131.912 126.988 124.424 138.267 151.89 124.658 119.355 120.783 121.991 126.098 140.318 139.361 152.644 185.002 186.65 178.324 168.254 155.123 138.728 117.047 91.8855 57.0141 -0.401387 -0.477823 -1.12219 -0.992644 -0.646623 -0.796616 -0.79216 -0.853589 -1.05802 
1.88177 1.158 1.50517 0.965061 1.25228 1.1105 1.60611 1.51399 1.15246 1.28929 1.04243 1.24575 1.81586 1.18951 1.52572 1.81041 1.39892 1.68969 2.18726 3.37355 27.0836 76.3301 105.649 131.373 150.849 165.555 176.787 186.229 194.803 200.093 184.63 155.496 135.328 129.502 125.907 121.849 116.733 168.555 123.869 120.075 119.255 121.089 129.247 131.284 137.417 149.604 180.977 187.1 178.554 166.319 155.493 137.25 117.933 91.3697 57.6893 0.991454 0.0622565 -0.920281 -0.385905 -0.922607 -0.42017 -1.04609 -0.553699 -0.786544 
2.53425 1.4314 2.04401 1.84383 1.75757 0.86539 1.62116 1.98498 1.73592 1.72883 1.57618 1.07531 1.62186 1.33484 1.34006 1.59947 1.67569 1.63207 2.09224 3.08147 25.8313 76.0057 106.309 130.544 150.313 165.34 176.802 187.427 194.626 203.516 187.072 158.41 135.483 131.643 126.463 123.084 114.663 168.333 123.678 122.055 118.569 123.579 127.423 129.05 136.76 146.449 177.557 187.004 178.95 167.359 155.622 139.224 117.388 92.2376 59.2491 1.41939 0.358745 -0.583917 -1.18034 -0.61793 -0.497204 -1.12919 -0.84656 -0.610607 
1.41951 2.61499 1.25977 2.04981 1.34569 1.49809 1.54528 1.49084 1.31351 2.28621 1.60285 1.65702 1.83299 1.45539 1.40495 2.10994 1.53265 1.61586 2.33484 3.1464 25.4853 76.2595 104.851 130.316 151.159 165.845 178.262 188.309 195.914 203.006 191.997 159.301 136.487 132.156 126.913 123.151 118.591 161.127 122.429 122.655 119.372 123.061 125.951 129.98 135.709 146.402 175.518 187.138 177.435 166.867 154.904 138.507 118.318 93.0743 60.0616 2.88942 0.525036 -0.739188 -0.79007 -0.410059 -0.827482 -0.44049 -0.451049 -0.299816 
2.15029 2.59046 2.41747 2.56886 0.993893 2.03625 1.5737 1.07383 2.34975 0.793311 1.70702 2.03777 1.07747 1.62224 1.66283 1.63487 1.28132 2.33689 2.2928 3.47496 25.5345 74.0803 104.105 130.269 150.03 165.083 177.726 186.959 196.394 204.265 195.772 162.537 138.101 133.457 127.522 123.357 120.594 153.778 121.232 122.538 122.4 123.374 124.547 129.006 135.207 144.85 173.915 186.507 178.871 168.575 155.537 139.545 119.834 93.5641 60.3022 2.86658 0.2224 -1.04968 -0.818905 -0.857611 -0.977538 -0.853624 -1.41096 -0.563869 
2.32623 1.82134 1.6396 1.55711 1.28872 1.69289 1.85152 1.54883 1.54951 1.42679 1.34196 1.27101 1.89309 1.23715 1.63244 1.59156 1.42155 2.51849 2.31497 2.95773 22.8309 72.7199 103.842 129.559 150.15 166.69 177.815 188.831 198.769 204.379 198.374 163.152 138.633 132.894 127.285 123.827 121.363 147.766 121.665 123.607 123.462 122.937 123.835 128.807 134.277 144.172 172.436 187.007 178.933 168.368 156.814 140.196 120.346 94.7452 61.9787 4.17206 0.454599 -0.629126 -0.29254 -0.810946 -0.964254 -0.919769 -0.647877 -0.518547 
1.75725 2.17141 1.63368 1.66046 1.33942 2.09101 1.89326 2.07077 1.50282 2.15386 1.12185 1.43756 1.08217 2.24449 1.91551 1.76399 1.51169 2.28439 1.94415 3.08178 22.7084 72.0149 103.119 128.647 150.056 164.937 178.826 190.364 197.164 203.833 202.308 164.223 139.108 132.459 126.556 124.029 121.468 145.608 123.467 123.31 125.415 121.264 123.238 128.536 134.786 142.443 169.4 187.502 180.094 168.115 156.962 141.388 119.675 105.996 63.5278 5.58959 0.259673 -0.252556 -1.21798 -0.761804 -0.408099 -1.07441 -0.688317 -0.998052 
2.25763 1.31029 1.72627 1.89985 1.41027 1.57362 1.25215 2.02844 1.64685 1.2397 1.67125 1.45351 1.74882 1.83548 1.76889 1.8668 1.59213 1.46493 2.99795 3.1668 22.2737 71.1205 102.671 128.132 149.167 164.826 178.233 189.237 197.082 203.543 203.892 166.513 140.091 132.784 127.352 124.156 122.423 146.644 126.754 123.605 126.033 121.413 122.361 126.331 135.451 141.527 165.065 189.061 179.373 169.664 157.711 141.469 120.639 96.8518 64.275 7.27184 0.609503 -0.308295 -0.647357 -1.027 -0.984225 -1.12948 -0.919261 -0.127889 
1.39992 2.11293 2.31937 1.38542 1.8431 1.77539 1.70684 1.20993 1.68254 1.44666 1.28741 1.98507 2.63254 1.83799 1.44687 1.37486 1.52119 1.59221 2.53628 2.81895 20.9631 71.0917 101.654 128.514 148.341 164.773 177.641 190.289 197.893 206.401 206.623 168.232 141.927 132.064 129.877 125.808 122.562 144.54 125.605 127.645 121.491 122.473 122.586 132.034 133.969 142.309 159.382 192.633 180.008 169.208 158.336 141.93 122.56 99.297 66.851 8.91763 1.4348 -0.233228 0.219365 -0.686719 -0.662327 -0.218487 -0.622379 -0.186688 
2.39972 1.43532 1.33208 1.78979 1.47203 1.26255 1.55322 1.85797 1.68962 1.74508 1.48492 1.77551 1.94587 1.66964 1.31659 1.6873 1.8424 2.24559 2.24458 4.20026 18.3775 68.7109 101.245 126.237 147.999 163.649 177.255 189.282 199.272 204.755 211.206 169.977 143.496 133.526 130.48 127.012 123.321 126.236 148.19 124.55 122.112 122.881 123.018 126.968 133.788 141.832 155.343 194.394 181.658 170.501 158.691 144.556 125.487 101.764 70.3381 13.6452 1.9275 1.02498 0.614967 -0.339998 -0.250688 -0.42179 -0.566907 -0.487625 
1.96887 1.77202 1.24402 1.95525 2.27168 1.77234 1.40727 2.41344 1.73845 1.72155 1.55835 1.65853 1.30693 1.56156 1.78111 1.70133 1.76384 1.96616 2.94164 3.60805 14.6366 65.9526 98.1139 124.437 146.272 163.312 174.941 189.241 196.868 203.581 212.835 172.211 144.579 134.369 128.098 130.361 126.611 114.526 162.289 121.472 122.585 123.297 122.559 126.063 131.998 140.432 154.052 189.928 182.752 173.023 160.45 146.632 128.624 104.925 75.1779 19.1184 2.74795 0.90175 0.588224 0.742121 0.371527 0.0117816 -0.505861 -0.516108 
1.21885 1.89048 1.96387 1.92121 1.31704 1.90091 1.40996 1.69174 2.16133 1.57897 1.51693 1.76843 1.82861 2.06165 1.95209 1.03983 1.69198 1.15369 2.33068 3.83731 13.5397 65.9594 98.1983 126.123 146.074 164.037 175.455 187.714 198.109 204.396 215.026 172.985 146.239 135.135 128.841 125.645 131.012 125.396 151.497 124.207 122.705 122.286 123.425 126.117 131.967 138.838 153.238 188.784 182.797 172.753 161.377 147.625 130.307 106.991 77.3802 21.3594 3.38549 1.74742 0.947127 1.10847 0.628331 -0.252146 -0.350489 -0.509502 
1.50554 1.26611 2.00355 2.00338 2.38712 1.90219 2.3017 1.62588 2.31967 2.31201 1.854 1.3305 1.34192 1.72743 2.37167 1.58056 1.98173 2.43105 2.72215 3.60346 13.108 64.6149 97.482 124.108 147.013 163.915 176.518 187.277 196.919 204.419 217.701 174.717 147.448 136.189 129.005 127.041 132.566 127.899 150.512 129.209 128.443 124.219 123.67 126.291 130.19 137.283 151.647 186.631 183.498 174.933 162.765 148.208 131.872 109.577 79.6244 23.508 3.32315 3.37222 1.53293 1.50829 0.466841 0.100754 -0.590118 -0.73999 
2.45283 1.90457 1.45375 1.99153 1.83439 1.67949 1.84928 1.34251 1.62118 2.26504 1.77911 1.5364 1.9217 1.82377 1.73849 1.35295 1.70184 1.88994 2.75679 3.03028 16.4472 70.3564 101.989 128.374 149.626 165.961 180.438 191.758 200.098 208.668 218.642 181.17 151.366 140.454 132.719 131.133 143.493 138.156 169.32 135.902 124.367 121.304 124.806 128.159 132.843 141.73 154.45 190.39 188.837 176.799 164.706 150.719 134.393 112.74 84.5555 34.132 2.55189 2.86322 1.51693 1.28787 0.735508 -0.279499 -0.281443 -0.5696 
1.71055 2.14981 1.41424 1.54887 1.64071 1.70577 1.51292 1.64803 2.41507 1.76848 1.56237 1.43539 2.12754 2.15136 1.18041 1.71826 1.23011 1.88888 2.61882 4.4178 58.5283 92.7388 122.522 146.562 166.347 182.165 195.118 205.059 214.081 221.771 227.832 200.53 162.126 151.145 145.04 143.595 188.091 182.397 203.423 183.407 134.057 132.598 134.457 138.087 145.745 155.809 170.883 205.476 209.386 202.027 191.023 182.832 172.18 160.127 140.871 121.262 88.4309 72.662 77.8465 59.4779 22.2775 -0.533115 -0.527292 -0.817638 
2.24679 1.84639 1.99155 1.53356 1.58504 1.37891 1.17324 1.79546 2.19806 1.41039 1.61736 1.48194 2.09662 1.53856 1.86684 1.37926 2.00893 2.25854 2.44855 5.37764 66.7447 101.81 129.362 156.187 175.29 190.774 204.63 218.123 224.427 232.795 239.411 215.061 175.189 166.423 159.093 201.237 221.1 207.579 199.42 189.964 168.363 155.303 160.098 168.377 176.524 187.912 206.048 245.74 256.464 254.381 245.006 235.763 223.214 210.993 196.477 182.426 164.469 145.511 123.164 98.0915 66.7428 8.96249 -0.49092 -0.681129 
2.18696 1.79175 2.37483 1.71442 2.10933 2.11785 1.08918 1.54558 1.75873 1.45652 1.78578 1.72191 1.5234 1.4583 1.31679 1.74071 1.84998 2.14386 2.41959 29.913 82.2427 113.798 140.663 165.367 184.77 199.272 211.673 224.937 233.005 240.474 248.003 226.768 186.043 173.305 179.437 206.057 212.809 207.627 193.879 180.678 176.677 170.902 174.161 179.288 187.96 199.337 215.544 254.763 268.39 262.621 255.605 245.989 232.812 222.972 207.044 191.545 172.637 154.449 131.401 106.558 74.3847 16.7757 -0.344941 -1.07955 
2.12934 1.52351 1.45022 2.41768 2.08749 1.26957 1.64592 1.22453 1.28088 1.72552 1.86793 2.22217 1.59799 1.80529 1.80508 1.46539 1.43708 1.98243 2.23924 18.8806 81.2886 115.241 142.871 166.384 185.828 203.361 216.918 230.137 236.745 246.851 253.377 235.46 191.912 180.888 180.48 203.031 201.376 198.388 188.247 178.26 175.88 174.267 178.157 185.407 193.011 204.356 220.962 259.549 273.128 269.358 260.715 252.197 240.051 225.318 211.242 194.78 176.327 154.866 129.689 101.46 65.3219 3.89719 -0.643814 -0.655662 
2.37023 1.44091 1.10822 1.98575 1.19982 1.11127 1.5756 1.96455 1.58323 1.83857 1.77843 2.23603 1.55514 1.881 1.79391 1.59821 1.87251 2.14622 2.43492 1.41369 58.8974 100.896 132.578 158.969 177.202 194.714 208.853 222.64 232.584 243.189 248.73 234.337 193.545 181.748 181.693 189.651 190.291 189.443 189.08 178.387 175.789 178.4 181.986 186.282 195.345 205.333 219.931 257.408 271.886 266.746 258.926 249.079 238.517 225.27 210.393 191.487 170.298 146.039 118.728 85.0212 30.5207 -0.554202 -0.366489 -0.624677 
1.86164 1.72335 1.4276 1.31538 2.00019 1.28569 1.87968 2.27912 1.42764 1.19554 1.42609 2.00181 1.634 1.63607 1.5406 1.79667 2.13591 1.63265 2.39213 3.9263 18.8133 80.1209 114.369 140.84 164.089 181.739 197.343 209.48 218.505 229.584 238.078 227.385 186.364 177.523 177.224 176.093 177.5 178.226 180.65 177.225 175.19 181.983 183.294 186.17 190.582 199.199 213.819 254.021 265.057 260.036 252.09 242.525 230.559 215.81 197.723 179.337 156.321 129.782 96.5594 51.3725 -0.206107 0.573618 -0.0782056 -0.6772 
1.73468 1.79404 1.00094 1.39167 1.84827 1.71588 1.50468 1.57612 2.33513 2.05312 1.12561 2.22189 1.2936 1.73041 1.45656 1.47184 2.04491 1.93998 2.30392 3.19734 2.52672 48.0159 93.8779 121.239 144.195 164.376 181.198 193.316 203.286 214.868 222.062 216.732 172.26 162.458 160.256 160.877 161.168 161.238 163.122 163.922 161.996 163.859 167.697 171.578 179.528 187.246 197.883 232.45 251.503 242.116 234.322 220.629 211.844 196.91 178.974 159.467 134.989 104.46 61.014 5.28082 0.772975 0.269991 -0.326038 -0.555074 
1.37023 2.15592 1.91608 1.19098 1.44551 1.71308 2.00018 0.866732 1.55389 2.2709 2.11148 2.26212 1.15192 1.79879 1.90828 1.67867 1.91303 1.65065 2.6457 3.65823 3.90898 29.9295 83.1552 112.965 137.468 157.547 173.104 183.712 195.248 203.632 214.183 207.214 162.819 150.261 145.611 143.078 144.978 145.711 144.406 141.954 143.783 146.925 148.924 152.009 159.317 167.261 178.3 205.949 225.218 217.345 209.266 192.644 185.536 172.555 155.479 135.033 108.255 76.1376 18.6933 2.31027 1.33363 0.163322 -0.336173 -0.941372 
1.51019 1.87614 2.42322 1.41999 1.58611 1.80245 1.34489 1.90219 1.81164 1.70553 1.56392 1.88807 1.48637 1.0063 1.66401 1.42215 1.66316 2.26653 2.18869 3.13916 4.0179 30.0149 81.0775 112.029 137.517 156.268 172.49 182.392 194.89 202.109 211.196 208.307 160.711 148.74 141.36 136.482 131.848 130.887 130.202 130.326 129.307 132.236 133.086 137.804 143.138 152.261 163.219 192.105 213.555 206.011 198.528 184.761 178.154 167.26 151.895 130.728 105.969 73.6918 17.7386 1.74283 0.610943 -0.118895 -0.233444 -0.485547 
1.63069 1.45822 1.55366 1.76503 1.2729 1.70765 1.93537 1.57124 1.52711 2.69723 1.56444 1.69875 0.940481 2.15364 1.79449 1.90992 1.64284 1.19952 1.9361 2.38199 3.88107 27.5012 80.4046 111.221 135.682 155.635 172.254 181.31 194.918 204.284 210.234 205.348 158.927 148.325 140.916 135.889 131.7 131.447 128.944 128.626 128.805 130.837 133.117 136.6 141.973 149.947 162.782 190.991 212.568 206.755 196.967 183.363 173.381 167.072 149.726 129.83 105.387 74.1325 20.9058 1.94582 0.156412 -0.45349 -0.55533 -0.553713 
1.85808 1.71817 1.27813 0.984706 1.33108 1.42523 1.86041 1.50148 1.39608 1.91301 1.81187 1.01764 1.34339 1.89919 1.85143 2.05502 1.9987 2.20844 2.00949 2.68061 4.07042 26.1191 79.3676 110.309 135.933 155.302 171.61 180.975 192.773 202.526 208.268 205.973 159.887 148.008 140.869 135.869 133.473 129.123 129.102 127.518 128.88 131.326 133.192 135.543 141.74 150.114 162.263 188.136 214.683 207.201 195.461 182.69 173.909 167.577 150.585 130.105 105.798 73.5737 19.7779 1.06394 -0.235666 -0.852783 -0.612729 -0.650542 
1.42031 1.83003 2.08143 1.42601 1.807 2.07703 1.06354 1.79524 1.50888 1.55524 1.49842 1.2212 1.56559 1.71996 2.22134 1.4864 1.69893 1.86903 1.53508 2.31984 3.34337 26.7778 79.5367 109.744 135.295 155.57 171.45 179.174 191.622 200.452 208.838 203.748 160.151 147.628 140.139 134.984 131.37 129.746 127.402 126.855 127.524 130.028 132.095 136.583 140.94 149.667 161.278 181.539 216.324 206.111 195.174 183.536 174.326 166.068 150.063 130.759 106.288 75.7378 21.8323 0.989244 -0.489002 -0.920794 -1.26234 -0.685291 
1.04145 1.28213 1.7306 2.11355 1.74363 1.53787 1.39099 1.26406 2.12888 0.9108 0.531236 1.85963 1.60949 1.36484 1.24782 1.67953 1.76168 1.81974 1.50643 1.82654 3.21677 23.5182 78.6408 108.905 134.195 155.171 172.867 177.931 190.224 198.844 206.595 203.916 159.396 146.756 140.168 135.114 131.586 128.193 127.619 125.907 125.694 128.564 130.638 135.292 139.552 147.395 158.959 176.684 217.945 204.427 196.319 183.033 172.204 166.418 151.316 130.771 105.671 75.3201 24.3596 0.772751 -0.127987 -1.34355 -1.08505 -0.649188 
1.60706 1.25748 1.38663 1.82067 1.28115 1.53703 1.90772 1.89466 1.61207 1.6209 1.81542 1.83217 1.15393 1.83382 1.82776 1.59434 1.38163 2.04712 1.66649 2.17425 3.2024 19.1494 74.7546 105.404 131.487 152.674 170.405 179.28 189.385 198.037 206.184 207.329 162.258 147.395 139.862 135.372 130.89 127.939 128.033 126.438 126.365 128.15 130.868 132.861 138.246 146.188 155.837 173.772 212.998 205.291 198.196 184.078 172.33 168.775 153.685 133.042 109.586 81.1385 33.6273 0.883171 -0.51501 -0.839859 -0.566049 -0.632634 
1.76945 1.13817 1.31066 0.659035 1.77185 1.93693 0.99684 1.41412 2.68721 1.91671 1.08315 1.36646 1.53186 1.33915 1.6447 1.43941 1.46853 1.9953 1.3284 1.90716 3.47871 17.7073 74.1125 105.358 132.968 153.698 170.119 177.91 187.996 197.34 205.883 204.936 161.166 147.206 139.137 134.836 129.985 128.758 126.267 125.211 126.249 128.026 130.961 133.259 137.841 144.503 156.181 172.954 211.391 206.667 196.162 186.442 173.789 168.233 153.315 132.738 108.549 80.2294 32.7895 1.29564 -0.225691 -0.806713 -0.718394 -0.683132 
1.58383 1.26841 1.60072 1.09423 0.926824 1.91114 1.87378 1.47802 1.29961 1.91622 1.45647 1.52129 1.57725 1.95411 1.2444 1.46758 1.87693 1.63354 1.54373 2.14551 3.02328 18.7212 73.2007 104.6 131.412 152.285 169.056 178.72 187.515 196.536 205.448 204.664 161.264 147.684 139.671 133.223 130.223 127.368 126.532 125.4 125.528 127.201 129.755 133.15 137.965 143.763 155.989 172.878 209.388 206.124 197.361 185.611 172.033 170.416 153.903 134.403 111.459 81.4933 32.7056 0.36192 0.16929 -0.186394 -0.828968 -0.608797 
1.27153 1.83019 1.42915 1.16757 1.13652 1.89955 2.20047 1.23106 1.38667 1.04688 1.41185 1.49177 1.24745 2.45991 0.885969 1.48179 1.08994 1.34696 1.3517 2.51684 3.18368 17.1529 72.9508 104.402 130.819 152.06 168.595 177.601 188.187 195.128 205.789 205.109 161.791 146.717 143.225 144.595 130.386 127.434 125.064 125.768 124.548 127.039 128.775 132.528 136.719 143.45 155.195 171.318 210.54 206.188 198.714 186.513 170.95 170.808 153.676 135.36 111.464 82.8562 36.2003 1.40998 0.530276 -0.125251 -0.29544 -0.832885 
1.62211 1.8179 0.987462 1.3227 1.3255 0.945954 1.25044 1.75194 0.700652 1.61601 1.91466 1.79895 1.27012 1.73971 0.950032 1.66392 1.13227 1.1603 2.49676 2.28134 3.15155 16.2746 72.8469 105.047 131.595 153.038 169.396 176.978 186.195 195.465 204.709 207.284 162.683 146.293 141.169 134.638 130.551 127.901 125.431 124.815 126.203 127.687 129.89 132.566 138.519 144.07 154.325 171.758 209.404 206.675 198.046 186.756 171.181 170.379 156.156 135.543 112.681 83.6298 37.0618 1.46981 0.998061 0.162487 0.487864 0.215522 
1.46312 1.48805 1.77679 1.19203 1.75883 1.43772 1.42543 1.32423 1.34844 1.58005 1.18954 0.645322 1.23153 1.06104 1.16949 1.77848 1.14087 2.00086 2.15531 2.72361 3.54201 16.4457 72.6754 104.378 130.937 152.102 168.396 176.252 186.943 194.02 202.438 205.572 161.392 146.898 140.917 133.692 130.157 128.138 125.691 125.449 125.049 126.646 130.246 132.755 135.936 143.859 154.266 168.589 207.787 207.05 198.345 187.728 172.653 172.853 156.556 136.836 114.853 86.054 42.1599 1.36203 2.08089 1.75775 1.01482 0.508369 
