0.929271 0.989501 0.699278 0.696371 0.556652 0.958643 0.768745 0.850158 0.771901 1.09072 0.686198 1.17357 0.923812 0.847645 1.38876 2.28219 6.1218 62.2959 96.114 122.81 145.046 162.036 171.426 181.041 192.237 200.774 211.89 174.578 157.562 147.19 141.074 133.171 129.61 127.19 125.332 126.65 127.488 129.079 132.903 136.737 141.778 152.016 165.939 201.09 203.637 197.024 186.182 170.249 173.931 157.559 140.732 117.782 89.1003 54.2958 -2.03298 -0.109543 -1.09332 -1.11321 -1.11083 -1.33865 -1.22846 -1.30403 -1.13938 -1.03007 
0.58936 1.10941 0.880669 1.41026 0.825052 0.921634 0.454648 0.943186 0.94388 1.19781 0.546191 1.25785 0.684303 1.13604 1.26728 2.26475 5.62545 62.2906 96.0918 123.661 145.301 162.745 172.036 182.357 192.774 200.677 210.829 175.449 158.444 146.975 139.21 132.777 129.534 127.398 125.661 126.281 127.499 129.31 132.247 137.351 142.41 153.521 167.128 201.876 203.743 197.291 185.625 169.347 174.338 158.082 141.039 117.78 89.5455 53.9641 -2.69825 0.128884 -0.992858 -1.03025 -1.16899 -0.964704 -1.11181 -1.09224 -1.14778 -1.09075 
1.25235 0.437503 1.05774 1.13707 1.24949 0.708166 1.03648 1.51587 0.976683 1.16733 0.771344 1.25537 0.965604 1.30844 1.45571 2.29415 6.14627 61.6869 95.2941 122.883 145.32 162.952 171.785 179.855 192.209 201.034 213.412 175.291 159.036 147.002 141.086 132.957 129.424 126.144 126.971 127.156 127.032 129.384 132.784 137.064 142.103 152.594 165.619 202.105 204.715 196.916 185.968 170.734 177.746 158.048 140.205 117.901 90.4165 54.3627 -2.52464 -0.35017 -1.03537 -1.43729 -0.583397 -0.949501 -1.12702 -1.04222 -1.02326 -0.838446 
0.722666 0.576431 1.17406 1.03162 0.976654 1.22357 0.757332 0.54427 0.887628 0.594797 0.938338 1.06518 1.11923 1.29502 1.63796 2.0151 4.3398 60.7736 97.1799 122.937 144.133 162.615 171.943 180.945 192.841 203.229 212.68 174.767 158.237 147.418 140.761 132.815 129.962 127.61 126.754 127.505 131.49 132.397 136.053 137.886 143.591 153.177 167.274 204.32 206.684 199.538 186.758 171.265 177.061 158.216 140.601 117.816 89.7442 54.1086 -1.96237 0.31006 -0.884636 -0.818541 -1.13219 -1.29358 -1.02676 -1.08695 -1.57126 -1.39438 
0.925447 1.066 1.37438 0.925593 0.66614 1.27049 0.771295 1.02212 1.018 0.922769 1.30186 1.10632 1.04712 0.960088 1.64036 2.41017 4.9555 60.7399 95.7602 122.64 144.708 162.922 174.748 181.45 194.588 201.625 214.857 175.818 159.632 149.07 141.229 134.771 130.385 127.714 127.949 128.714 129.439 129.938 133.913 138.175 143.877 153.544 168.638 203.919 206.033 198.094 187.741 171.407 176.591 158.581 140.028 118.784 90.9024 54.3755 -2.25469 0.524905 -0.715242 -0.585514 -0.743109 -0.73279 -1.29306 -1.17173 -1.12416 -1.03189 
1.53211 0.927181 1.24149 0.917915 0.905212 0.937074 1.09709 0.791959 1.00106 0.550784 1.3963 1.01346 0.904183 1.04075 1.65283 2.83339 4.59009 60.3671 95.6863 124.228 144.598 163.554 174.68 181.28 194.506 203.07 215.568 176.033 160.333 149.89 142.32 135.236 132.089 128.04 128.07 127.68 132.373 133.768 134.721 137.924 144.352 155.109 168.862 205.412 208.475 198.988 190.437 170.892 177.227 159.527 141.921 119.394 91.8918 55.4763 -1.08373 0.202299 -0.388564 -1.05508 -0.699612 -1.15231 -1.18928 -1.24129 -1.00077 -1.49938 
1.0757 1.38938 0.840275 1.23269 0.735086 1.0405 1.24095 1.08547 0.998728 1.03351 1.24744 0.93937 0.93033 1.5554 1.42686 2.77221 1.19177 56.4926 94.1595 120.899 144.575 162.208 174.967 180.985 194.502 204.34 209.922 189.627 163.456 152.247 144.039 137.968 130.935 131.213 128.424 128.812 130.195 131.405 135.284 138.987 144.602 154.647 168.271 200.864 209.645 203.075 193.194 179.265 176.865 162.771 144.88 123.78 96.6817 60.9203 1.97274 1.22897 -0.164356 -0.366404 -1.10722 -0.922554 -1.4246 -1.13402 -1.36022 -1.21453 
0.834231 1.17141 0.990091 1.15613 0.817321 1.07553 0.839137 1.14344 0.720906 1.12948 1.18551 0.786569 1.22688 1.49679 2.06352 2.97741 1.37969 55.7279 92.2343 120.375 143.097 162.099 177.206 182.601 194.462 205.22 211.729 192.177 165.491 152.942 145.219 139.38 132.067 131.136 130.296 129.441 130.978 132.858 135.174 139.883 145.203 153.371 166.266 201.195 208.983 202.403 193.214 178.75 176.626 162.015 144.87 122.563 96.7763 62.4855 5.16268 1.29051 -0.116788 -0.541905 -1.24117 -0.763349 -1.38882 -0.995054 -0.527441 -0.91484 
1.30861 1.27643 1.01045 0.817524 0.803007 0.982631 1.07229 0.970347 0.995382 1.14836 1.0546 1.01251 1.17322 1.39308 2.49092 3.53504 1.47412 52.8874 93.4128 121.138 143.751 160.571 178.407 181.774 197.208 206.722 215.852 196.609 168.84 156.986 147.817 141.893 135.409 133.344 132.17 129.922 132.165 134.122 136.567 140.937 147.473 156.194 169.286 204.081 210.56 204.933 194.095 180.928 178.332 163.918 147.279 124.218 98.1151 62.004 3.77359 1.267 -0.419631 -0.520446 -1.22784 -1.13586 -1.42468 -1.16527 -1.1775 -1.11927 
0.997692 0.901567 1.38516 0.704593 1.53612 1.09542 0.942149 1.31602 1.30954 1.05083 1.48361 1.43674 1.18913 1.14353 1.76327 3.10396 1.79273 57.1963 98.8939 130.554 155.225 175.021 191.708 190.741 206.364 214.365 222.868 210.432 181.966 170.765 161.27 152.302 144.173 140.947 139.325 135.745 138.375 140.709 143.448 147.84 154.434 165.253 179.105 212.534 221.424 215.73 204.214 192.973 186.627 172.257 153.576 133.323 107.864 74.1944 18.6265 0.0728105 -0.139639 -0.548072 -0.562543 -1.12943 -1.19306 -1.40166 -1.31398 -1.31363 
0.832445 1.39326 0.991178 1.41162 1.20957 0.559989 0.911956 0.937311 0.768121 0.932086 0.946983 1.23108 1.33345 1.35396 2.34111 1.76121 41.4682 90.357 119.998 146.1 165.962 183.467 200.83 209.695 227.538 237.036 250.452 235.391 205.447 191.331 181.725 168.61 165.436 162.946 162.558 161.434 162.269 162.925 166.147 167.793 173.703 181.834 193.239 229.763 241.792 231.332 223.553 211.035 200.985 188.625 172.6 153.092 131.142 106.256 73.0553 12.5981 -0.0175324 -0.784839 -0.655182 -1.39524 -1.01151 -0.68598 -1.23083 -1.09519 
1.55102 1.21811 0.947943 1.17497 0.700229 0.976748 0.983045 1.05511 0.744986 1.50401 1.05284 1.14546 1.38411 1.65769 2.18595 1.70339 67.472 109.829 139.645 166.304 189.021 207.441 219.036 229.065 237.386 245.877 258.874 240.209 215.466 200.56 188.275 176.407 170.006 166.979 166.681 167.087 170.078 172.672 176.3 184.392 193.148 203.197 217.058 251.874 269.001 264.002 253.605 240.019 235.402 221.595 203.374 183.37 159.146 133.199 104.267 61.5388 18.8167 -1.08343 -1.55416 -1.26929 -1.4876 -1.86188 -1.43552 -1.36314 
0.710072 0.881578 0.898862 1.40434 0.885842 1.0277 0.937545 0.921795 1.14484 1.33188 1.04484 1.35208 1.19172 1.83233 1.10649 40.2311 98.8997 127.083 153.086 175.773 194.538 209.534 222.383 234.807 244.141 249.176 248.045 241.166 235.2 212.461 195.006 183.374 176.921 176.809 176.942 177.442 176.668 180.599 185.889 192.851 202.247 209.755 219.35 255.08 273.69 266.91 260.51 253.571 241.185 230.001 214.8 196.397 175.143 152.508 128.116 100.278 67.7642 7.53758 -0.633469 -1.05614 -0.814926 -0.873891 -0.972104 -1.08261 
0.88376 0.745864 1.22708 1.49114 1.26354 1.26848 0.89981 1.25568 1.14906 1.24337 1.00014 1.40773 1.44049 1.39105 18.5515 77.7875 109.266 134.87 158.179 180.682 199.587 214.844 228.256 237.9 243.76 227.652 233.401 249.413 255.968 224.917 200.475 185.209 180.865 179.517 179.994 181.349 180.341 183.655 193.449 195.628 204.095 211.555 215.661 250.09 275.185 268.26 260.667 253.81 241.981 229.663 214.423 195.931 175.78 154.752 133.123 106.01 72.3783 13.9845 -1.58809 -1.30704 -1.34439 -1.20375 -1.04726 -1.21194 
0.696797 0.599706 1.1813 1.21735 1.02225 1.33925 1.08557 1.07381 0.875598 1.15555 1.16111 1.4065 1.50804 0.67309 34.295 84.8358 115.894 137.777 155.658 173.286 191.558 204.341 215.849 223.065 202.82 189.105 191.964 195.758 204.176 200.091 190.795 167.453 158.322 154.769 152.345 150.918 151.199 153.055 167.001 176.802 189.74 193.247 197.534 227.978 252.742 247.199 241.089 232.96 222.571 209.124 195.369 177.785 159.165 134.972 103.4 50.024 29.3163 1.86856 -1.21948 -1.30885 -1.76078 -0.836559 -1.48717 -1.17792 
1.12029 1.39318 1.09175 1.52068 1.05506 0.910711 1.35529 1.38945 1.2009 0.550381 1.34381 1.3565 1.71941 1.64041 11.2574 26.3471 43.4048 87.8281 117.664 140.544 161.146 178.322 191.838 197.666 159.142 148.39 149.064 185.91 167.206 166.364 160.383 150.668 141.44 139.414 138.936 139.14 137.803 138.16 144.738 170.751 178.747 175.008 174.383 203.246 228.347 222.912 213.027 201.903 189.612 173.08 154.062 129.727 99.2211 60.4143 8.03286 -0.322547 0.462544 -0.543762 -0.5076 -1.26254 -1.21471 -0.977404 -0.875289 -1.34757 
1.13436 1.35784 1.3028 1.2021 0.814554 1.03181 1.16405 1.01024 1.16527 0.872819 0.807988 1.31646 1.54902 1.49934 1.87196 2.84473 3.14442 17.0798 72.6386 105.762 131.4 149.401 163.585 166.626 128.73 117.429 112.331 150.849 137.58 129.448 133.272 131.859 122.894 119.904 119.583 119.499 120.009 120.501 125.437 142.983 139.512 145.312 157.571 179.532 205.484 198.691 189.032 176.655 164.656 149.678 129.65 105.619 72.2799 16.947 2.16105 1.0392 0.473245 -0.238743 -1.02475 -0.902137 -1.32565 -1.06166 -1.33481 -0.861895 
1.15244 0.85638 1.22491 0.901469 0.85625 0.459752 0.764772 1.39381 0.784417 1.16872 1.32151 0.979029 1.17582 2.46716 1.94533 2.89497 4.0332 7.63017 60.6048 97.564 123.305 143.957 157.972 153.962 120.227 110.502 101.094 127.883 127.085 124.056 119.496 117.581 122.033 119.637 117.272 117.362 118.093 118.672 124.592 133.233 134.151 140.281 152.793 170.069 206.799 194.623 187.258 174.843 162.276 146.745 126.689 102.002 71.4077 15.4345 1.91089 0.781932 -0.0882904 -0.606187 -0.832433 -0.836745 -0.970361 -0.562399 -0.873505 -0.980393 
1.01804 1.29469 1.35028 1.29499 1.21224 0.747996 1.16348 1.28275 1.12694 1.05466 1.33378 1.52824 1.53406 1.76609 1.85957 2.35189 3.21015 2.36788 58.3502 93.2228 120.284 139.932 156.917 140.206 112.535 105.458 95.5472 126.357 108.498 112.193 114.465 110.088 109.565 118.348 116.684 116.758 116.823 118.108 121.828 133.627 131.578 139.513 149.492 165.183 207.078 193.862 187.118 174.7 162.717 145.321 123.751 98.5953 68.3666 13.8592 1.32966 -0.0679625 -0.389425 -0.913436 -1.04637 -1.12354 -0.727845 -1.18981 -1.03364 -0.83006 
1.47717 1.32336 1.13876 1.1574 1.68637 1.12982 1.33883 1.14651 1.76827 1.35391 1.37418 1.09116 1.16635 1.53093 1.80211 2.48979 2.98178 -0.131236 55.2418 90.3131 117.606 138.463 154.127 133.085 109.836 100.738 93.5221 122.094 105.19 101.536 104.366 107.17 102.653 105.365 115.8 115.53 116.913 117.819 125.119 130.271 129.486 137.458 148.93 163.79 203.854 193.522 185.014 173.516 161.288 144.591 122.537 97.4285 66.6691 12.6675 0.838973 -0.34654 -0.879695 -1.15562 -1.2684 -0.928023 -1.35658 -1.29075 -1.2742 -1.26096 
1.67071 1.10716 0.985103 1.57817 1.39656 0.926796 1.26225 1.05464 1.41605 0.837839 1.28767 1.32204 0.979628 1.07432 1.64376 1.89368 2.66932 1.78587 47.8691 86.6371 115.067 137.309 153.069 130.996 109.102 100.413 92.9828 121.557 102.891 97.6615 96.4865 103.115 100.056 101.383 106.378 115.229 116.042 115.598 123.518 127.892 128.664 135.5 146.504 162.361 200.833 192.709 182.65 172.342 160.104 145.418 121.521 96.0357 64.5518 11.6142 0.150487 -0.976701 -1.34161 -0.848793 -1.50787 -1.94868 -1.47577 -1.14132 -0.935481 -1.27127 
1.54201 1.51109 1.16209 0.616397 1.0184 1.06877 1.2514 1.30507 0.987875 1.00959 0.979787 1.48907 1.34594 1.03385 1.42792 1.37134 2.21577 2.13958 42.0597 84.6563 113.089 137.222 151.182 131.81 108.211 101.205 93.302 120.582 104.798 97.4353 95.504 98.196 100.771 99.3299 102.48 112.805 115.692 119.362 121.364 126.09 127.665 134.482 145.509 161.447 198.592 193.056 183.551 173.682 158.882 144.894 122.703 95.5926 62.9281 10.7284 0.0340443 -0.788145 -1.02105 -1.07391 -0.867826 -1.1411 -1.24305 -1.722 -1.45307 -1.32967 
1.00463 1.26969 1.31186 1.56546 1.06845 1.26529 0.95989 0.95282 1.0588 1.05695 1.11391 1.34918 0.964605 1.24955 1.40036 1.36549 1.92015 2.6376 37.6986 83.7964 112.236 135.59 150.627 136.852 111.123 103.652 96.3321 122.754 106.456 99.271 95.68 95.0762 100.41 99.7914 101.763 108.979 114.93 119.832 122.565 125.574 127.823 134.537 144.372 160.359 198.957 193.579 182.981 171.782 159.415 144.177 122.66 94.8991 62.8706 10.0709 0.226137 -0.696449 -1.13741 -1.29528 -1.38462 -1.00757 -1.66702 -1.20331 -0.883268 -1.45584 
1.21745 1.51685 1.23433 0.894042 1.46038 0.954648 1.51546 1.43093 1.4925 1.1097 1.3028 0.878659 0.979259 1.37478 1.05203 1.32231 2.42183 3.18241 27.9387 80.7672 108.163 132.655 149.007 147.095 113.089 104.008 100.406 119.971 113.46 102.968 97.7963 95.2558 97.9476 100.307 100.906 106.105 116.627 119.807 120.333 125.691 127.533 134.36 141.814 156.656 193.087 192.402 184.603 173.127 160.496 145.538 125.279 98.6588 66.6837 14.2508 0.391148 -0.906799 -1.08079 -1.14235 -1.23575 -1.32568 -1.10892 -1.55624 -1.49296 -0.804755 
1.34863 1.65492 1.80743 0.587966 1.12749 1.07581 1.26235 1.39995 1.37695 1.52853 1.42848 1.41296 1.15105 1.34226 1.80996 2.09135 2.11193 2.7713 21.6381 78.3305 106.327 130.339 148.001 153.985 119.322 108.667 102.487 116.478 120.434 105.809 101.432 97.1828 95.2119 102.178 103.252 105.145 115.746 119.225 120.022 123.898 125.939 132.251 141.844 155.845 189.71 193.113 184.494 173.834 160.427 147.613 125.859 100.755 67.8826 15.603 0.512146 -0.830033 -1.06274 -1.41918 -1.54174 -1.51998 -1.24781 -1.40304 -0.800195 -1.53584 
1.07215 1.63436 1.51276 0.780639 1.17093 1.09826 1.32536 1.09327 1.77595 1.59103 1.09271 0.984012 1.33309 1.53546 1.65053 1.32689 2.43144 3.34068 21.0488 76.5498 104.976 130.939 147.986 160.43 123.402 114.464 105.212 117.163 124.104 108.611 103.594 99.0782 95.9338 103.497 104.924 107.627 116.263 119.607 120.087 122.672 125.505 131.207 140.97 153.604 187.243 193.092 185.151 174.333 161.431 145.978 126.318 100.431 68.3585 15.2767 0.444537 -0.608262 -1.16807 -0.991785 -1.20091 -1.2101 -1.32282 -0.797277 -1.25245 -1.19885 
1.63775 1.80758 1.71727 1.50714 1.12765 0.478784 1.28811 1.23179 1.29332 1.40167 1.25314 1.55251 0.902416 1.31838 1.6291 1.38542 1.96117 2.83799 18.8666 73.781 104.704 129.161 146.804 163.758 126.823 120.569 109.363 118.533 130.378 111.079 105.956 101.944 98.0674 105.356 106.035 111.574 114.688 119.766 120.295 121.535 124.916 131.459 138.97 151.956 183.98 192.453 184.75 174.343 162.423 146.414 125.216 100.192 68.9255 15.4209 0.357981 -0.506865 -1.04535 -1.33869 -1.14957 -1.12903 -1.17381 -1.37279 -1.25432 -1.16313 
1.27316 1.63892 1.32508 1.66347 1.54243 1.36311 1.44995 1.01761 0.970955 1.05373 1.36395 1.21527 1.63677 1.72053 1.6176 1.25851 1.66808 2.44763 17.9172 72.1235 103.921 127.389 147.465 160.254 140.784 126.908 114.101 119.487 134.718 115.441 110.263 104.939 104.116 106.941 108.839 113.849 114.611 117.933 119.16 120.651 124.247 131.173 137.99 150.53 182.082 192.858 184.021 173.409 161.435 145.865 126.202 99.4275 69.7139 15.8533 0.274491 -0.838929 -1.15371 -0.65567 -1.3204 -1.54299 -1.38022 -1.37841 -1.40279 -1.04541 
1.28021 0.854128 1.57411 1.47223 1.49104 1.0896 0.797342 1.53106 1.21993 1.67829 0.982887 0.902552 1.11058 1.06159 0.717338 1.84548 2.31917 2.82414 16.177 70.177 103.172 127.669 145.857 160.309 153.508 130.841 119.76 123.226 141.067 120.733 114.926 110.949 110.97 111.621 113.568 116.327 114.74 119.413 120.868 120.546 124.273 130.149 137.329 149.717 179.327 192.596 185.008 173.873 161.923 145.918 125.772 101.767 69.5311 16.3483 0.0133669 -0.79846 -1.10793 -1.65463 -0.977538 -1.23585 -1.16633 -1.40116 -1.16702 -1.33756 
1.06365 1.76769 1.98662 1.6132 1.31618 0.790756 1.43769 0.77946 0.948541 1.15384 1.1866 1.32814 0.749965 1.6129 1.40541 1.3538 1.76977 2.64038 14.1261 70.7406 103.054 126.669 146.266 159.95 163.541 136.102 129.427 130.609 150.159 128.497 120.948 120.087 115.357 117.268 117.937 115.232 114.884 119.236 118.1 120.685 123.452 127.982 136.446 148.091 178.019 191.189 183.249 175.136 161.766 146.056 128.669 100.087 69.0323 16.7385 0.777366 -0.73225 -1.56403 -1.27801 -1.51544 -1.07548 -1.33134 -1.31033 -0.886125 -1.09654 
0.880107 1.1975 1.04279 1.03321 1.52188 0.948711 1.44985 0.737309 0.85502 0.966309 1.28378 1.39079 1.62295 1.18109 1.82024 1.49277 1.83958 2.75592 12.3014 70.1138 102.626 126.235 145.484 160.367 172.25 144.112 151.958 140.18 162.317 138.775 135.824 131.872 124.328 119.599 117.562 116.09 114.7 117.681 119.306 121.028 123.637 128.649 134.945 146.511 174.731 192.227 184.911 174.883 161.244 152.384 126.642 100.676 69.6353 16.943 0.0348508 -1.05463 -1.1887 -1.44469 -1.20539 -1.30885 -0.946741 -1.53481 -1.14145 -1.31452 
1.85247 1.82086 0.479625 1.84624 1.49633 0.98155 1.13698 1.25608 1.48399 1.09076 1.32748 1.07641 1.5854 1.47999 1.06326 1.48586 1.85366 2.93691 11.0898 70.2557 99.815 126.948 144.882 160.61 171.33 176.308 166.483 167.222 188.335 161.392 149.264 137.744 125.079 121.163 117.446 115.26 115.161 118.619 118.426 118.991 122.732 127.323 135.211 146.681 171.673 191.488 185.17 174.512 163.853 151.717 125.723 100.387 69.2899 17.6066 0.29623 -0.297851 -1.47753 -1.24439 -0.666715 -0.68762 -0.830861 -0.630575 -0.933463 -1.01252 
2.13957 1.96149 1.34702 1.5538 1.49145 0.895313 1.22984 1.3547 1.12542 1.22555 0.797156 1.37477 1.91584 1.4537 1.2081 1.78834 2.1713 3.04937 11.7203 70.0596 101.992 126.511 145.241 161.419 172.978 183.521 209.168 214.315 205.076 167.667 151.258 140.601 125.686 121.948 118.723 115.694 115.128 116.875 116.778 118.665 122.178 126.559 133.605 143.233 164.714 193.718 184.478 176.482 166.617 146.205 126.319 100.01 70.1316 18.6404 1.04559 0.580566 -0.0846868 0.183029 0.0567297 -0.567949 0.0746456 -0.345634 0.489781 -0.387302 
2.50883 1.49702 1.62046 1.31619 0.982987 0.750747 1.78288 1.62071 0.986721 1.27331 1.40919 0.663914 1.62811 1.37374 1.36447 1.37754 1.95423 2.75842 11.2056 68.6205 100.322 125.834 145.642 161.273 173.161 184.086 188.59 237.485 207.106 171.161 154.556 141.63 125.854 121.277 119.005 115.97 115.328 117.273 117.768 118.771 121.778 125.565 131.911 143.106 159.644 197.962 185.377 179.233 162.664 147.921 127.253 100.885 70.1602 19.7596 2.08376 0.195241 -0.342536 -0.298072 -0.383839 0.314113 0.226618 0.00842814 -0.0230096 -0.0223632 
1.27958 2.50644 1.13073 1.23665 1.32208 1.20325 1.2446 1.50021 1.01134 1.5533 1.7306 1.19066 1.65267 1.58764 1.11064 2.1496 2.20584 2.59943 10.0595 68.3604 100.511 127.524 146.203 161.366 172.991 183.982 191.372 230.382 208.557 171.991 156.473 142.868 126.474 122.499 119.575 116.141 115.433 117.156 117.783 118.354 121.79 125.823 132.312 142.387 157.751 198.396 186.883 176.565 162.996 147.783 126.45 102.163 70.0061 20.6161 1.63796 0.145927 -0.353113 0.0686092 -0.15087 0.0482811 -0.305644 0.36808 -0.0158129 -0.0660359 
1.90052 2.02731 2.41867 1.87391 0.760177 1.70627 1.44892 0.784782 2.11493 0.790006 1.27676 1.80755 0.982124 1.3349 1.44082 1.6086 1.45827 3.31253 9.46721 67.9217 100.505 126.168 146.087 162.438 174.297 183.512 194.605 222.342 213.657 175.005 156.237 143.895 127.476 123.128 119.749 116.387 115.303 117.453 115.959 118.484 121.58 125.573 131.713 141.859 157.038 196.521 188.627 174.633 163.164 147.55 127.155 102.783 71.155 22.1077 1.26979 -0.0668854 -0.107882 -0.484023 -0.583752 -0.234964 -0.262348 -0.423659 -0.778114 0.221417 
1.55421 1.98962 1.46809 1.15884 0.861394 1.37273 1.37482 1.39678 1.38235 1.3048 1.09868 1.14365 1.96086 1.30311 1.28438 1.59164 1.7273 3.30807 9.52024 65.8307 99.9841 125.262 146.072 161.378 173.863 185.482 194.383 215.784 222.823 175.758 157.968 144.474 127.293 122.202 119.713 116.616 116.118 117.067 117.163 118.526 121.362 125.586 132.27 140.961 155.812 195.539 189.127 173.535 163.275 149.25 129.02 103.954 71.7684 23.2697 1.18942 0.0976382 0.00283344 -0.00998805 0.522473 0.243206 -0.646355 -0.080803 -0.287562 0.16391 
1.42923 1.775 1.25383 2.14209 1.3466 1.91574 1.93892 2.346 1.2434 2.09528 1.08045 1.39542 0.94155 1.86928 1.74249 1.39595 2.01579 2.70914 9.17588 63.7264 99.4105 124.945 145.512 160.675 174.878 184.944 194.83 205.669 232.34 176.687 159.132 144.987 128.224 122.775 120.373 117.736 116.019 117.579 116.909 118.238 121.443 125.116 131.637 140.182 156.04 191.658 188.006 176.091 163.464 148.958 129.648 103.98 71.938 34.146 1.80668 0.400909 -0.279404 0.0293914 -0.363233 0.0886111 0.448072 -0.469096 -0.0222087 -0.0693778 
1.4598 0.694785 1.38113 1.28938 1.32615 1.72729 1.67537 1.89972 1.83171 0.972851 1.57445 1.47136 1.15436 1.94297 1.6979 2.02192 2.22135 2.57247 8.91027 65.5003 98.3757 124.458 144.054 161.085 173.901 184.853 194.698 199.833 237.212 179.595 159.777 147.197 128.949 123.004 120.547 117.616 115.385 117.247 114.902 118.446 121.047 125.114 131.074 139.449 155.413 193.134 186.532 176.299 163.72 149.554 129.446 105.843 73.2865 26.2057 1.66045 0.600121 0.124451 0.335685 -0.340096 -0.206081 -0.360067 -0.176928 -0.00264309 -0.165393 
0.805531 1.92007 1.95834 1.57122 1.57053 1.32869 1.32312 0.983016 1.36897 1.24744 1.16094 1.40793 2.09629 1.50109 1.5294 1.2158 1.72122 2.71875 6.07128 66.651 98.5877 124.869 145.648 160.701 173.37 183.283 196.02 203.256 232.969 184.634 161.902 147.858 129.78 124.407 119.497 118.116 115.982 114.272 123.972 119.866 120.23 125.413 131.075 138.875 154.792 193.221 185.86 176.947 163.324 149.037 130.139 105.531 74.8906 27.399 1.91383 0.987007 0.42247 0.263989 0.676407 -0.280964 0.069046 0.370936 0.286626 0.652911 
1.77761 1.16448 1.16358 1.39734 1.02431 1.01945 1.16883 1.86015 1.74039 1.76315 1.53564 1.69572 1.73344 1.82089 0.955847 1.6701 1.84672 3.367 4.69106 64.9009 97.1002 122.323 143.803 160.293 173.698 184.03 194.241 204.185 226.957 195.37 161.969 149.741 130.635 125.126 121.951 118.362 116.526 115.968 120.296 119.85 121.201 125.664 129.96 137.618 156.122 186.877 187.73 178.783 165.322 151.082 133.045 109.309 78.9385 33.0567 2.0579 1.32498 0.77484 1.01509 1.13119 0.50813 -0.397035 0.149823 0.0838211 -0.0153126 
1.50981 1.90666 0.932043 2.10371 1.90874 1.77096 1.89478 2.12933 1.11967 1.76021 1.34572 1.34874 1.15449 1.56715 1.10178 1.36766 2.2088 3.85989 1.18985 62.4407 96.3205 121.393 142.589 159.62 171.487 183.364 193.019 203.689 221.1 203.675 165.17 153.275 131.692 125.584 120.884 119.177 117.166 115.888 115.315 120.401 121.139 125.714 131.566 138.599 153.1 186.308 188.5 179.516 167.796 153.574 135.307 112.071 82.1876 40.0744 2.44743 2.40797 1.8311 0.889333 0.582967 0.914519 0.271205 0.237931 -0.105624 0.201401 
1.1874 1.96934 2.0256 1.58589 1.49843 1.69432 1.41023 1.74284 1.64051 1.29555 1.48971 1.88593 1.86908 1.32358 1.92447 1.08386 2.33939 2.60041 1.10459 61.7036 94.4554 120.55 140.738 159.229 171.224 183.488 193.364 202.654 214.375 216.644 167.644 154.319 132.381 125.914 121.361 118.861 116.437 115.564 115.795 119.687 121.708 126.338 129.567 141.934 149.824 184.262 188.625 180.837 167.911 153.632 137.588 112.274 85.0556 42.4563 2.52857 2.75301 2.39972 1.57591 1.14874 0.560778 0.120598 -0.402268 -0.370382 0.286576 
1.53691 1.38138 2.00423 1.57044 2.19419 1.83901 1.8347 1.74269 1.77602 1.8423 1.23614 1.36965 1.18497 1.34729 2.02846 1.89777 2.70523 3.99488 0.248676 61.5814 95.0649 121.975 141.997 159.824 173.674 183.523 193.125 202.6 207.017 222.382 167.9 156.303 133.272 125.973 121.689 119.132 117.168 116.712 115.628 120.256 123.395 127.468 128.999 141.45 152.821 185.266 195.987 185.279 170.714 155.374 136.718 114.12 86.4639 46.5832 2.67267 3.4532 2.5139 2.58165 1.13928 0.574504 0.670759 0.53774 -0.0616982 -0.434013 
2.06191 2.35023 1.35597 2.21255 1.52861 1.75567 1.35885 1.56131 1.63963 1.72489 1.85482 1.4165 1.29628 1.66951 1.82278 1.45168 2.43114 3.33929 9.21895 65.8831 98.8157 125.834 147.096 165.308 178.07 188.353 199.014 206.781 214.915 237.087 176.879 162.444 137.912 130.241 125.372 122.522 120.506 119.753 119.317 122.48 129.089 130.709 141.011 150.268 156.88 181.939 191.562 181.973 169.122 154.545 138.579 117.462 90.6455 54.0142 2.33246 4.12029 3.55552 2.73012 1.71358 0.868953 0.233697 -0.752134 0.0451309 0.523427 
1.18056 1.10654 1.22967 1.48931 1.55643 1.71651 0.788595 1.57081 1.64282 1.70165 1.66246 1.17923 1.84664 2.00436 1.50803 1.49077 1.89811 1.78004 54.0574 92.0509 118.461 142.096 164.299 179.607 194.045 203.614 212.657 221.349 243.748 278.729 235.813 201.544 153.624 142.285 137.421 132.85 132.012 133.067 134.243 139.399 151.422 164.118 173.844 171.968 172.173 202.852 217.689 209.857 200.848 187.566 173.729 155.768 135.346 112.726 83.1696 52.4383 47.7053 40.222 29.5615 -0.216614 0.457529 0.384212 -0.047791 -0.138869 
1.71252 1.61913 1.36561 1.17818 1.66683 1.36398 1.12181 1.46743 1.38481 1.15606 1.6205 1.42804 1.40051 1.29873 1.72167 1.73784 2.28747 11.099 68.7755 101.562 128.027 153.21 173.146 189.311 204.229 213.494 223.002 232.968 249.972 284.195 241.986 211.51 176.001 160.569 156.921 154.237 154.318 153.963 153.785 179.182 207.367 213.38 190.883 183.063 194.765 227.578 249.757 244.012 235.854 229.122 219.661 209.908 197.963 186.554 165.616 144.21 123.477 103.392 76.0291 19.5716 0.407506 -0.150562 -0.283743 -0.132442 
1.93301 1.44708 2.03139 1.55854 2.18722 1.86642 1.25773 1.21395 1.37386 1.33927 1.93566 1.73957 0.770208 1.24964 1.38902 1.9516 1.47309 37.9068 85.724 113.943 139.737 164.065 182.216 197.837 214.173 224.254 232.999 244.923 244.148 279.514 228.944 207.228 180.486 169.508 165.01 161.941 159.965 160.679 159.18 197.543 209.65 221.483 198.335 193.78 207.065 244.944 265.27 257.035 254.862 243.982 233.913 221.201 208.143 191.366 173.817 153.883 133.348 112.027 84.5195 38.2874 -0.0291349 -0.146598 -0.170128 -0.356019 
1.52039 1.64017 0.850886 2.0103 1.51235 1.09999 1.39855 1.11446 1.6161 1.65836 1.22849 2.27757 1.64076 1.78162 1.87066 1.65418 1.68877 32.2205 82.5864 111.868 140.47 164.852 182.845 198.502 212.053 227.091 238.575 248.54 254.299 257.873 224.356 205.696 184.901 173.777 171.394 169.233 167.83 167.135 168.021 195.252 206.137 208.689 202.789 195.71 212.518 244.276 270.265 264.176 257.543 248.629 237.077 226.583 212.128 193.319 177.61 158.302 136.052 112.647 82.3993 25.7137 0.51197 0.11142 -0.340197 0.087345 
1.77993 1.02155 1.19493 1.55854 1.13919 1.01957 1.31023 1.13399 1.55582 1.41913 1.48918 1.87186 1.96266 1.95593 1.2394 1.96796 2.12136 7.08973 65.9317 100.808 129.558 153.587 174.889 191.53 204.84 221.054 228.547 241.991 252.915 254.301 217.809 203.221 182.731 176.312 173.408 169.996 169.98 170.752 172.331 187.446 193.417 196.715 201.005 199.065 209.131 241.829 266.44 261.713 255.137 244.629 233.752 222.68 208.08 193.126 175.749 155.219 133.163 103.898 62.4079 1.91205 0.450449 -0.24374 -0.175855 0.04654 
1.28262 1.3581 1.07842 0.753792 1.68789 1.23092 1.33741 1.95753 1.42298 0.388018 1.364 1.86209 1.53628 1.27212 1.2462 1.8234 2.56951 2.59371 22.5713 80.1757 111.358 138.622 161.758 177.485 192.875 205.118 217.343 227.581 238.618 240.037 208.398 194.789 179.199 175.303 171.566 167.752 165.455 167.013 171.215 178.067 180.349 185.612 190.847 197.656 203.191 236.631 262.262 257.508 249.228 237.992 230.231 217.014 203.918 188.868 169.031 145.905 115.691 80.7442 15.507 1.32732 0.548225 0.358925 0.374622 -0.186155 
1.32497 1.6183 0.591048 1.66417 1.57417 1.38382 1.30768 1.68396 2.06525 1.34243 1.27502 1.73573 1.18519 1.30066 1.27707 1.48378 2.46322 3.29891 2.84806 39.4162 87.032 118.686 143.546 160.972 176.676 190.449 202.991 211.639 219.75 219.494 186.332 175.626 161.761 157.685 154.028 151.101 152.802 154.16 157.928 162.612 166.485 170.385 176.137 184.13 193.907 212.99 255.169 245.5 236.149 225.257 216.777 204.598 189.778 171.641 149.316 120.776 89.3072 32.9119 1.53768 1.15913 1.04995 -0.182907 -0.139078 0.00481005 
1.06709 1.90417 1.22957 0.790828 1.31556 1.41678 1.59526 0.407066 1.25804 1.8635 1.11562 2.13029 0.867301 1.14787 1.35248 1.74783 2.13532 3.09699 4.02652 25.1853 77.2866 109.071 134.971 154.896 171.938 182.324 194.22 203.219 211.706 213.936 178.262 161.934 145.189 138.929 135.276 133.222 132.655 137.117 136.072 140.452 146.803 150.226 156.674 167.382 177.893 196.541 239.226 224.621 215.339 206.323 193.852 185.364 167.731 145.663 120.72 88.4541 34.4701 1.71277 2.21182 1.20858 0.789863 0.0774173 -0.10618 -0.149791 
0.571636 1.46645 2.27706 1.32748 1.55036 1.49709 1.13421 1.52531 1.29108 1.20801 1.23259 1.68235 1.23948 0.804264 1.39854 1.44368 1.89365 2.99852 3.53818 22.0116 77.9891 109.032 135.167 154.393 172.79 180.601 192.107 200.086 213.252 211.877 177.264 161.936 144.61 137.491 133.883 132.813 130.475 132.803 131.147 133.61 133.538 138.055 141.591 152.854 161.623 177.728 218.997 205.742 197.451 189.242 176.948 169.562 152.468 134.308 109.423 79.5607 25.9963 3.32178 1.67165 0.947115 0.090152 -0.0323684 -0.190994 0.101164 
1.59487 0.71302 1.16935 1.27107 1.05819 1.68755 1.70182 1.29603 1.17924 1.7639 1.19886 1.46586 0.731775 1.59152 1.51167 1.66381 1.77598 1.87921 3.60716 21.3831 77.5215 107.665 134.315 153.788 171.215 180.569 189.843 200.969 210.761 212.917 175.729 160.507 144.435 137.554 134.282 131.395 129.742 129.884 129.032 132.045 134.331 137.161 142.8 150.318 160.99 176.512 216.508 206.071 197.212 186.763 177.069 169.715 152.492 133.251 108.903 78.5573 24.775 2.50877 1.52627 0.836446 -0.157778 -0.497979 0.106607 0.494775 
2.4818 1.46497 1.03824 0.83066 1.1699 1.06588 1.48568 1.35085 1.09725 1.55495 1.51735 0.724926 0.89657 1.28596 1.8747 1.97391 1.97197 2.63324 3.6563 20.6554 76.5766 108.656 133.966 153.754 170.99 179.537 190.481 199.652 208.992 212.498 175.118 159.434 143.477 135.287 133.057 131.977 129.583 128.978 129.299 131.661 133.425 137.589 142.627 149.21 159.7 176.833 214.642 205.59 197.855 186.709 176.156 169.249 152.237 133.194 108.755 78.9442 27.5047 2.10856 0.503196 0.384377 -0.496896 -0.5447 -0.0295872 -0.213297 
1.54427 1.81009 1.52942 1.00013 1.91399 1.60671 0.964384 1.58434 1.20468 1.27286 1.7436 1.30167 1.46219 1.13175 1.81723 1.53022 1.56979 2.27452 2.74628 21.752 76.361 106.804 134.223 154.555 170.215 178.825 186.805 198.874 207.612 209.807 174.538 158.453 142.344 136.179 132.104 130.288 128.511 129.319 128.437 130.343 134.533 136.242 140.207 149.685 158.404 175.873 215.453 206.66 196.498 187.721 175.363 168.658 153.373 133.63 108.419 78.7808 28.4191 1.86393 0.683128 -0.200285 -0.298971 -0.127942 -0.20726 0.121347 
1.29053 1.0407 1.50823 2.02795 1.80668 0.952477 0.83875 1.28115 1.62132 0.947857 0.978387 1.49759 1.24133 1.68186 0.799285 1.34747 1.3731 1.97186 2.59684 21.5525 75.2138 105.478 132.738 151.49 169.742 177.471 188.477 199.706 208.129 210.228 174.938 158.866 143.245 134.88 132.513 129.804 129.206 127.595 127.474 129.277 130.989 134.711 137.881 146.369 157.862 171.945 209.554 205.508 197.251 187.069 173.748 170.425 155.13 133.025 109.406 80.1105 30.3093 1.75475 0.440541 -0.343146 -0.315384 -0.562672 -0.371318 -0.233126 
1.46878 1.25664 0.975222 1.47466 0.994008 1.16858 1.70437 1.58861 1.24345 1.50298 1.04213 1.55394 1.40044 1.76873 1.55987 1.40541 1.19189 2.36412 3.09132 14.9106 71.3635 103.807 130.981 152.125 169.207 178.916 186.097 196.645 206.788 212.792 175.905 160.241 143.035 135.336 132.224 129.807 128.06 127.393 126.942 128.821 131.189 134.434 138.537 144.482 156.136 170.787 206.556 206.481 198.158 189.239 173.611 171.727 156.069 136.748 113.252 83.7713 37.8995 1.67513 0.673464 0.266274 -0.325141 -0.261324 -0.15687 -0.0833366 
1.3722 0.978653 0.946749 0.540136 1.47629 2.21073 1.27301 0.813415 2.21068 1.29113 0.970887 1.0013 0.938996 0.986593 1.61116 1.57991 1.17891 2.52976 2.46413 16.0869 71.9996 103.916 130.185 150.886 168.52 177.289 184.222 196.06 205.409 213.793 176.746 159.133 142.922 134.481 131.452 129.364 127.307 127.967 127.305 129.538 130.775 133.984 138.265 145.134 154.245 168.698 207.283 205.455 197.37 187.425 173.527 170.446 156.418 136.084 112.953 83.2984 38.8084 0.917856 0.764476 0.209407 -0.237589 0.0159823 0.0673694 -0.179787 
1.27255 0.872429 1.04633 0.953335 1.15327 1.61608 1.41002 1.28435 0.932933 1.50295 1.14955 1.48653 1.57821 1.87236 1.35314 0.91774 1.62513 1.99257 2.76026 15.0799 70.7672 103.92 129.824 151.514 168.616 178.03 182.393 196.898 204.829 211.561 174.568 160.575 143.157 134.545 131.802 129.133 127.44 126.964 126.644 128.479 129.949 132.478 137.031 144.464 154.563 169.145 205.859 205.968 197.483 188.521 170.521 174.174 155.19 136.992 113.485 84.5938 40.2764 1.06216 1.05958 -0.315919 -0.0741782 0.021207 -0.284699 -0.377277 
1.04961 1.56587 1.12377 0.792585 0.83125 2.06699 1.75059 1.15516 1.17469 0.755831 1.10524 1.13237 1.19427 1.91979 0.673941 1.20188 1.36932 1.92677 2.49298 16.2806 71.2304 103.259 130.72 152.832 167.219 177.826 183.873 195.302 205.857 211.024 175.666 159.453 142.373 133.764 130.571 143.492 126.545 125.497 125.119 127.237 129.22 132.72 137.519 142.837 152.51 168.156 204.422 205.932 197.9 188.052 170.83 175.162 156.42 138.202 114.129 85.3409 41.1021 1.30132 0.867027 0.527922 0.303032 0.384982 0.0425803 -0.336672 
1.10492 1.29255 0.899354 1.28076 1.35937 0.70161 1.1008 1.36054 0.492716 1.38475 1.80002 1.26543 1.16655 1.70369 1.1738 1.41562 1.36073 1.73471 3.78251 15.3787 70.932 103.701 130.178 151.231 169.146 177.452 182.506 194.794 203.898 209.874 174.753 161.316 144.256 134.896 130.67 129.346 127.891 126.977 126.96 128.193 130.813 132.517 137.46 143.914 153.819 167.796 203.239 206.601 200.024 188.034 171.65 175.99 155.32 137.855 114.728 86.498 43.2166 1.13687 1.61381 0.58274 0.743578 0.340049 0.304251 -0.0345412 
0.95627 1.42231 1.20447 0.828133 1.30706 1.5601 1.15362 0.986985 0.801547 1.09197 0.567871 0.683471 1.29611 1.13685 1.28423 1.98813 1.73823 2.70541 3.78177 16.3129 71.5537 103.736 129.789 151.08 168.093 175.796 181.49 194.784 204.893 209.969 174.399 158.358 143.843 134.292 130.825 128.643 126.952 126.351 126.344 127.652 129.692 132.508 137.779 143.266 153.014 166.22 201.061 206.584 199.406 187.223 171.494 177.44 157.897 138.795 115.464 86.8542 46.4803 1.45959 2.35228 1.80025 1.27203 1.65993 0.607883 -0.0511785 
