-0.263538 -0.111052 -0.523796 -0.0897331 -0.365514 -0.164905 -0.102539 -0.261796 -0.156794 -0.510215 0.0313231 -0.0136026 -0.0702655 -0.0892195 -0.523069 -0.598981 0.0074785 0.0788416 1.15625 -0.375545 55.4389 89.7821 118.383 141.07 159.504 169.608 178.298 191.982 198.53 209.152 172.195 153.617 141.057 134.822 129.928 127.926 125.796 124.253 125.747 128.222 128.689 132.452 136.469 144.63 154.154 168.186 202.449 205.387 197.387 186.923 176.931 173.085 157.714 140.416 117.54 89.068 50.8172 -2.61831 -0.568412 -1.201 -1.32708 -1.36952 -1.38457 -1.53762 
-0.226512 -0.00311811 -0.218363 -0.17596 -0.654505 -0.544147 -0.339161 -0.391014 -0.327745 -0.462472 -0.541526 -0.156096 -0.373297 -0.0111388 -0.305817 -0.546091 0.109742 0.480027 0.926488 -1.35146 55.674 90.2864 118.99 141.584 159.134 169.245 176.253 190.817 198.988 208.037 171.82 154.499 140.324 133.936 130.32 128.571 126.724 125.064 124.914 127.708 129.68 132.606 137.869 145.29 155.866 169.644 203.108 205.73 198.043 186.431 176.377 173.117 158.758 139.66 117.31 89.115 51.989 -2.40956 -0.497705 -1.38486 -1.59567 -1.40005 -1.26602 -1.21784 
-0.0180668 -0.433978 -0.487222 0.0432403 -0.194882 -0.227314 -0.233565 0.0535147 -0.295029 0.167454 -0.316178 0.103636 -0.458855 -0.121128 -0.511674 -0.356277 0.310217 0.00527663 1.09562 -1.13758 54.934 90.4553 118.85 140.596 159.256 168.876 179.158 191.509 199.147 208.76 171.78 154.684 140.194 133.834 130.228 127.787 124.936 124.724 125.085 127.383 129.264 130.727 138.652 146.273 155.127 169.71 203.905 204.945 200.82 185.852 175.467 173.493 158.321 141.002 116.696 89.5096 52.1492 -2.75279 -0.481701 -1.5834 -1.2614 -1.18912 -0.979903 -1.4395 
-0.346175 -0.606827 0.0578138 -0.44523 -0.392241 0.0440989 -0.17659 -0.467972 -0.422178 -0.311441 -0.294271 -0.436682 -0.251615 -0.0465966 -0.328483 -0.443505 -0.127661 0.467506 1.34672 -0.892428 54.7237 89.9964 118.801 141.185 160.232 168.189 178.47 190.691 196.248 211.604 171.355 156.03 144.517 135.88 130.414 128.122 126.061 125.85 126.315 128.336 130.232 133.377 137.738 147.05 156.488 169.994 203.708 205.563 199.184 187.95 176.95 174.134 158.625 140.749 117.838 89.4748 53.446 -2.22995 -0.0490909 -1.21079 -1.14034 -1.40082 -1.60072 -1.21765 
-0.240055 -0.321773 -0.0170956 -0.00141782 -0.617218 0.0849546 -0.472612 0.155713 -0.0210283 -0.200892 -0.130131 0.00809667 -0.372564 -0.282759 -0.194178 -0.320253 -0.0900504 0.323706 1.29648 -1.42419 53.4117 90.5638 119.185 142.254 159.256 169.411 178.549 191.331 199.203 213.421 172.269 156.392 141.741 135.662 130.294 128.245 125.111 126.416 126.608 127.813 129.52 134.167 137.822 146.21 156.892 170.548 204.898 206.666 198.777 187.844 175.885 174.607 158.762 141.254 118.562 90.8573 54.4061 -1.71416 0.302785 -0.543935 -1.05399 -1.2617 -1.31121 -1.13692 
-0.0850737 -0.332347 -0.0629842 -0.706664 -0.2201 0.0772974 -0.567096 -0.113737 0.0985732 -0.0129188 0.154354 -0.120442 -0.428318 -0.339747 -0.503734 -0.17346 0.257788 0.287993 1.60596 -0.586556 54.4205 90.4715 119.254 142.082 159.872 171.984 178.592 192.095 199.701 215.021 172.367 156.997 143.775 137.74 131.237 128.768 126.913 126.435 127.229 128.231 130.938 134.808 138.299 145.26 156.529 170.143 206.27 207.084 199.38 187.902 176.681 174.124 159.468 142.667 119.74 91.3206 55.4048 -1.65487 0.800757 -0.528707 -0.895217 -1.43041 -1.36024 -1.20762 
-0.140398 -0.408544 -0.30613 -0.0970866 -0.548427 -0.115779 -0.272293 0.0276398 -0.179548 0.0954239 -0.586426 -0.214292 -0.365587 0.139366 -0.447413 -0.17548 -0.242381 0.647099 1.73038 1.17413 47.5755 88.215 116.864 140.249 158.64 172.037 178.18 192.698 199.579 207.834 183.65 159.098 142.813 136.619 131.867 130.444 126.396 127.674 128.561 128.853 131.573 134.847 139.285 145.43 156.106 169.514 202.846 209.985 202.553 191.361 176.372 178.995 162.567 144.477 123.186 96.5128 60.5841 2.44073 0.964656 0.10931 -1.27866 -0.9675 -1.60169 -1.06951 
-0.0271448 -0.131567 -0.39978 -0.173297 -0.274459 0.283866 -0.0871296 -0.0223331 -0.332671 -0.00798803 -0.227875 -0.292384 -0.0947238 -0.415098 -0.0311245 -0.30566 -0.0463108 1.24858 1.98987 1.80512 41.8143 87.2902 116.678 140.519 158.575 173.708 179.598 191.833 202.095 208.158 189.37 160.272 145.338 137.665 135.048 130.971 129.422 129.299 128.089 129.966 132.372 135.625 139.364 145.552 157.039 170.302 205.324 211.327 203.097 193.145 180.693 178.463 163.244 146.599 125.022 98.6572 64.439 5.5772 1.32496 0.370014 -1.12204 -0.710777 -1.05509 -1.26169 
-0.146255 -0.398829 -0.0622378 -0.633761 -0.573094 -0.176408 -0.051095 -0.348889 -0.279923 -0.163397 -0.202748 -0.426649 -0.31252 -0.387744 -0.108948 0.0720647 0.497389 0.844959 2.37598 2.04238 45.5878 89.2983 116.882 140.869 158.918 174.431 178.749 191.578 201.619 206.732 189.284 160.19 143.856 138.01 134.015 130.557 128.875 128.839 128.626 129.868 132.746 134.67 139.487 148.073 157.736 171.782 205.757 211.5 204.434 194.169 181.677 181.792 165.294 148.101 126.153 98.7467 61.6514 3.92158 1.25993 0.481184 -0.915038 -1.15033 -1.27794 -1.23116 
-0.204609 -0.38796 -0.275752 -0.545628 0.303325 -0.0643587 -0.153332 -0.203176 -0.250852 -0.40212 -0.207693 -0.0198779 -0.329311 -0.543814 -0.362303 -0.0149417 0.464609 1.23259 1.85955 0.423562 38.8113 87.4668 116.4 140.955 160.57 177.09 180.973 195.326 204.675 212.239 194.195 162.751 147.921 140.787 137.236 133.559 132.702 131.966 132.293 134.509 137.459 142.658 148.475 154.945 164.421 178.742 214.115 220.647 214.314 203.191 194.485 188.979 175.689 160.133 141.106 115.723 86.639 38.5538 0.937754 0.1656 -0.45419 -1.13595 -1.57033 -1.19478 
-0.547033 -0.255497 -0.390843 -0.545219 -0.104964 -0.38402 -0.348643 0.051399 -0.354796 -0.459827 -0.268714 -0.173861 -0.051868 -0.162964 -0.348801 -0.0749318 0.312834 1.15564 0.665726 41.228 90.6247 117.337 142.259 161.743 182.567 193.121 200.283 213.381 220.357 224.223 210.175 177.724 162.673 155.598 151.756 148.419 146.821 146.784 146.171 148.361 151.62 155.481 160.885 166.096 177.267 190.898 228.572 237.995 231.539 225.929 222.191 213.887 204.947 194.055 179.161 158.209 127.207 92.9489 36.6972 6.96388 -0.614022 -0.951963 -1.3017 -1.30969 
-0.211026 -0.330609 -0.504987 -0.561922 -0.646847 -0.313651 -0.27089 -0.366708 -0.584337 0.0290205 -0.43283 0.0899082 0.0192601 -0.407628 -0.233541 0.241371 0.353687 1.11788 9.64297 67.7429 106.248 140.181 163.798 186.45 203.342 218.378 225.919 237.574 243.814 250.395 230.506 194.221 174.518 167.099 162.363 159.282 157.053 157.888 158.133 158.491 162.062 167.524 173.057 179.738 190.863 204.747 242.994 251.475 248.197 239.751 230.382 219.909 207.702 198.839 186.092 169.822 144.084 111.139 87.5198 57.4706 4.33162 -1.30843 -1.12136 -1.2605 
-0.768362 -0.444153 -0.28198 -0.138284 -0.430303 0.0405741 -0.479505 -0.207399 0.149056 -0.536032 -0.194281 -0.255083 -0.318548 0.0639022 -0.337043 0.0363706 0.310441 2.33248 51.0467 96.4707 133.094 157.892 172.477 191.697 209.058 222.318 232.558 242.443 251.629 256.434 239.579 198.791 176.655 173.952 174.518 172.666 171.686 170.991 172.999 175.328 176.884 180.64 185.713 192.502 202.634 217.294 254.156 268.834 261.1 252.655 245.83 235.519 221.931 212.769 199.749 184.319 168.649 137.845 107.125 75.5086 20.683 -1.10601 -1.51242 -1.22697 
-0.230458 -0.614076 -0.218933 -0.455074 -0.354662 -0.462236 -0.0907504 -0.202066 -0.251451 -0.165348 -0.454065 -0.122816 -0.363993 -0.0759143 0.0394355 0.0337916 0.0529767 20.8551 76.2414 111.55 149.789 164.237 178.249 199.267 216.346 230.201 241.589 250.069 256.632 262.8 233.386 190.315 176.478 176.932 183.391 178.297 177.684 176.666 176.448 177.39 178.908 182.155 186.513 193.352 204.204 217.917 253.902 270.012 265.423 257.835 249.752 237.714 223.822 210.932 201.407 188.023 172.027 146.863 114.233 80.2288 19.3893 -0.988752 -1.30296 -1.26328 
-0.40416 -0.572901 -0.190002 -0.337398 -0.550453 0.0917282 -0.269425 -0.220828 -0.355853 -0.0759363 -0.241519 -0.37683 0.0733376 -0.324964 0.14635 0.26546 0.379098 21.424 77.1402 120.572 150.779 165.934 181.164 200.256 217.128 232.023 241.082 251.39 257.835 245.269 223.055 188.444 174.102 170.494 170.344 175.593 179.479 176.085 173.899 175.705 176.318 174.473 177.515 181.735 188.894 200.124 233.273 250.15 242.551 234.081 223.834 210.943 196.152 184.556 168.409 149.781 123.593 83.0253 26.8492 13.8761 2.60144 1.31975 -0.494522 -1.20411 
-0.18637 -0.315317 -0.432075 -0.00482241 -0.395632 -0.32557 -0.167997 0.243628 -0.150397 -0.56635 0.0294732 -0.569611 -0.194915 -0.199776 -0.242775 0.0832916 0.644605 6.1897 44.5043 75.6699 104.106 137.748 158.337 175.666 190.339 201.881 211.069 220.272 204.333 197.91 185.442 152.616 138.538 131.961 127.462 123.944 124.253 130.334 135.485 133.515 131.174 132.16 137.783 145.321 155.185 166.613 197.259 214.247 208.945 200.05 189.937 178.017 165.56 147.22 123.751 97.3495 60.774 9.0268 2.37184 1.23222 0.737317 0.286829 0.283647 0.927942 
-0.446355 -0.415813 -0.616113 -0.26463 -0.480134 -0.285856 -0.313636 -0.346469 -0.254614 -0.23114 -0.312126 -0.166107 -0.252142 -0.123836 -0.280934 -0.346129 0.553685 0.87199 -0.205551 12.469 9.38804 49.9847 90.8987 118.512 139.969 155.546 167.46 167.674 152.635 155.192 153.675 123.978 112.656 108.451 106.343 104.023 104.395 104.693 107.237 114.47 121.345 126.644 130.81 136.222 143.868 156.646 184.598 205.68 199.394 191.152 180.38 168.2 154.85 131.847 109.586 81.0655 25.4125 3.45664 1.04171 0.647677 0.255415 0.00400748 0.379975 -0.011083 
-0.26267 -0.229202 -0.464769 -0.435738 -0.037062 -0.641305 -0.529875 -0.0584716 -0.0817584 -0.034689 -0.0336962 0.0483017 -0.482224 0.613151 -0.0617893 0.15455 0.450795 0.522016 1.63732 3.94541 7.59611 32.6748 79.5397 109.638 134.401 152.532 167.555 143.588 136.6 142.436 148.976 120.561 109.691 104.508 100.824 99.4773 98.766 100.24 101.071 103.197 106.868 115.032 129.14 133.959 141.55 154.363 183.982 204.804 197.018 188.303 178.52 166.017 152.384 132.443 109.759 78.7689 25.6705 3.14375 1.69133 0.556865 0.444981 1.28887 0.445673 -0.0175147 
-0.376626 -0.183115 -0.624752 -0.126769 -0.18751 -0.427426 -0.377381 0.00998317 -0.558676 -0.276076 -0.05539 -0.187109 -0.0332303 0.0777327 0.182786 0.253787 0.00705056 0.866059 1.16486 0.918229 8.88881 26.8638 76.3038 106.216 129.718 150.796 159.99 129.875 124.235 130.029 146.915 119.531 106.004 102.576 99.5897 97.5085 96.6322 96.2759 97.9935 99.5685 102.624 105.915 111.558 129.754 141.255 151.011 175.092 205.904 195.208 186.427 176.886 163.803 150.623 130.75 107.498 78.547 24.1393 2.1426 0.999843 0.619607 0.930945 0.262843 0.188504 0.20775 
0.129188 -0.39743 -0.0710821 -0.308636 0.150558 -0.228246 -0.241082 -0.235656 -0.121926 -0.531066 -0.127756 -0.306094 -0.207226 0.0395661 0.0211107 0.207774 0.0816877 0.00445659 0.758275 1.67959 7.52496 22.6213 72.9407 104.234 127.575 149.463 156.022 122.596 115.439 116.464 147.203 117.977 108.523 100.122 97.7363 96.0564 94.9294 94.7874 95.8115 96.5351 98.1219 101.288 106.58 114.091 136.181 148.515 168.474 206.825 195.205 186.939 176.564 164.393 148.807 130.355 106.622 77.786 23.0719 2.2956 1.45208 0.586763 0.0356633 0.557981 0.374086 0.30413 
0.00138658 -0.305042 -0.171124 -0.0775237 -0.487035 -1.12019 -0.333803 0.146799 -0.293317 -0.450008 -0.241917 -0.0944023 -0.665352 -0.224513 -0.172391 0.0823974 -0.491314 0.0168051 0.123252 0.960847 8.09188 18.2946 69.5718 100.898 125.892 146.604 155.712 119.624 110.454 104.961 151.017 117.624 104.495 100.301 97.0402 94.6051 93.607 93.2179 94.9741 94.8896 96.5266 99.9057 103.065 110.392 122.739 147.07 165.11 204.986 195.21 186.356 175.881 163.512 148.401 129.09 105.783 76.6802 23.0845 1.957 0.722676 0.00155541 0.270306 0.717829 0.7039 0.755627 
-0.437681 -0.3934 -0.429201 -0.315296 -0.499968 -0.338903 -0.662813 -0.202773 -0.41926 -0.34317 -0.421553 -0.130185 0.00101838 -0.00363574 0.0212967 0.0319638 -0.51103 -0.347497 0.0574073 0.609731 6.66808 17.3356 66.5974 99.7207 124.886 146.372 158.519 118.29 108.203 103.077 146.042 118.719 105.261 99.5255 97.5888 94.958 93.347 93.4388 94.154 94.3141 95.6112 98.4189 101.662 107.516 116.673 140.168 163.4 203.258 193.493 186.469 174.354 162.139 148.439 129.975 106.49 78.2038 24.3351 2.25856 0.75358 0.378502 1.41991 0.876502 0.955971 1.30831 
-0.074928 -0.0873693 -0.359931 0.293752 -0.319208 -0.452484 -0.250417 -0.541 0.13004 0.0444159 -0.161712 -0.150672 -0.183074 -0.169053 0.0279103 -0.0410034 -0.549867 -0.254394 0.2853 0.866839 -0.20414 20.597 64.5635 98.9034 123.674 143.975 164.264 119.309 108.216 102.681 141.25 120.46 106.279 101.437 97.6389 95.6244 93.0335 92.1127 93.6458 92.8813 95.5829 98.5664 101.208 106.471 114.823 134.864 161.685 201.344 193.786 185.819 174.654 161.39 150.101 130.539 106.649 77.1435 25.0666 2.70942 1.61965 1.75254 1.46325 1.33311 1.68466 2.09159 
-0.340311 0.351823 -0.057041 -0.606866 -0.259665 -0.187142 -0.0418779 -0.0495577 0.0622498 -0.358364 -0.187414 -0.568425 -0.315039 0.187331 -0.0528001 -0.184348 -0.105625 0.234688 0.103862 0.549056 0.199298 15.1235 59.1658 93.9992 120.943 140.868 166.781 128.359 110.802 105.1 138.072 122.092 107.947 102.255 98.3362 95.9085 94.7018 92.831 93.3145 93.8533 95.6174 98.0682 100.997 105.279 113.147 124.999 160.578 195.647 194.818 185.442 176.818 163.627 151.435 132.475 109.976 81.355 32.4747 3.24452 2.62349 2.32526 2.31916 1.74027 2.07195 1.53071 
-0.0745484 0.456458 -0.00344634 -0.339907 -0.150834 -0.320255 -0.566949 -0.269148 -0.180301 0.108748 0.0769262 -0.162898 -0.477238 -0.140566 0.864076 -0.0977566 0.121381 -0.495476 -0.18956 0.377288 1.26884 7.963 56.4229 91.5311 118.86 141.949 163.423 140.802 112.541 107.635 133.617 130.52 108.298 103.427 99.2001 96.8729 94.9981 94.012 93.7593 94.3788 95.6665 97.9815 101.288 105.069 111.989 124.001 157.516 194.027 194.499 187.43 177.134 164.46 151.42 133.449 111.511 83.1333 35.0647 3.2389 2.1098 1.35373 1.53292 1.43445 2.17908 1.20675 
-0.411057 -0.155116 -0.585677 -0.653496 -0.52893 -0.320524 -0.282267 -0.309423 -0.246465 -0.0264903 -0.151552 -0.382366 -0.296909 -0.0238818 -0.085394 -0.0236734 -0.00555642 -0.0356958 -0.408705 0.584625 0.830924 5.86751 54.5508 90.3291 117.716 144.142 160.307 149.726 118.21 111.478 130.423 136.056 110.692 103.915 100.406 98.189 96.2303 94.9103 94.4606 95.0343 96.4687 98.9976 101.445 105.518 112.282 124.224 155.535 190.98 194.431 187.054 176.486 165.185 151.452 135.384 112.059 83.7431 36.3862 2.94149 2.40526 1.65318 1.4073 1.87481 1.28537 1.52723 
-0.172339 0.0579317 -0.0454022 -0.150935 -0.511093 -0.478263 -0.248345 -0.209892 -0.140947 0.123387 -0.491733 -0.167003 -0.251624 -0.159666 -0.0662707 0.129743 -0.215072 -0.17335 -0.364467 0.189741 1.57383 5.94516 48.8977 87.4093 118.706 143.392 160.395 157.326 123.766 114.93 131.446 140.248 111.455 105.946 102.403 99.2758 96.0347 97.0137 95.7721 96.697 97.4706 99.6786 102.093 106.975 113.464 125.335 152.929 189.527 194.931 188.081 177.007 164.894 152.002 134.645 112.22 84.1974 36.4451 2.74428 1.85809 1.53462 1.76839 1.43199 1.30773 1.71688 
-0.376431 -0.225965 -0.287807 0.0544331 -0.163008 -0.760902 -0.27877 -0.572827 -0.610318 -0.500037 -0.33835 -0.405002 -0.305313 -0.243182 -0.174325 -0.0838359 -0.639211 -0.495948 -0.10701 0.0628815 1.00946 6.28255 46.8234 87.4739 118.464 140.744 157.615 166.019 130.863 120.56 135.884 144.011 115.287 107.708 102.502 99.9301 98.1358 96.7424 96.7757 97.3325 98.7682 100.696 103.265 108.058 116.968 127.969 152.934 185.708 194.596 186.663 177.158 165.11 153.244 134.475 112.709 84.773 38.0844 2.57032 2.13004 1.26073 1.39778 1.31118 1.24847 1.48745 
-0.220176 -0.103967 -0.692848 -0.222148 -0.463667 -0.367748 -0.667758 0.147948 -0.329844 -0.224513 -0.0444419 -0.389285 -0.209273 -0.25589 -0.507468 0.0656718 -0.119298 -0.104592 -0.4345 0.0820897 0.823346 5.09747 42.8696 88.8726 117.272 136.68 161.17 165.033 148.475 126.367 141.909 147.674 117.472 110.588 105.142 102.625 99.3888 99.2355 98.6838 99.5542 100.819 102.653 105.221 109.861 118.478 135.503 151.975 184.233 194.622 187.029 177.741 166.881 153.259 135.819 112.548 85.5659 39.9464 1.81022 1.84505 1.18842 1.33419 1.28512 1.16078 0.836064 
-0.976452 0.126494 0.167927 -0.347168 -0.458012 -0.730813 -0.143203 -0.669257 -0.274362 -0.321668 0.0729848 -0.442629 -0.186307 -0.120007 -0.0709881 -0.0678512 -0.296776 -0.576509 -0.807045 -0.123443 1.08577 0.828699 46.0242 86.5472 115.019 139.652 155.009 165.364 168.758 136.949 148.332 154.277 121.239 113.259 106.982 104.03 101.564 101.009 99.5425 101.277 102.52 104.714 108.284 113.045 123.978 137.224 150.243 180.416 195.365 187.596 177.388 166.052 153.484 135.747 113.401 86.0137 40.9889 2.07136 1.48714 0.984018 1.12312 1.30656 1.28918 1.26047 
-0.596998 -0.0487532 -0.377873 -0.308255 -0.125576 -0.0757198 -0.10633 -0.665465 -0.4187 -0.660451 -0.069621 -0.398963 0.190135 -0.506369 -0.485787 -0.0939586 -0.513074 0.0107046 -0.450415 -0.137483 0.956326 -1.41222 49.6326 85.8429 113.931 141.099 151.255 164.315 176.12 161.685 160.11 161.531 125.594 116.063 110.584 106.854 104.846 103.392 104.154 104.716 105.536 108.665 112.688 121.753 129.816 137.291 150.324 178.877 195.23 187.269 178.165 166.608 153.516 136.309 113.845 86.1408 43.0483 1.79074 1.65294 0.814543 1.52795 0.925852 1.34401 0.836606 
-0.439644 -0.111158 -1.08588 0.181719 -0.150564 -0.142817 -0.210377 -0.00176692 -0.407564 -0.436212 -0.282097 -0.11895 0.0132723 0.0484191 -0.584762 -0.453334 -0.165369 -0.16593 -0.681258 0.00587794 0.596801 2.98803 42.7502 84.8668 112.282 141.07 151.11 164.773 175.797 186.066 181.108 173.198 134.692 123.266 115.409 112.719 110.544 108.88 108.629 109.268 113.316 116.217 120.87 124.274 128.825 135.931 147.913 174.993 195.228 188.034 178.295 167.391 154.713 136.321 113.913 87.522 45.4274 1.13226 1.96952 1.43137 1.48458 1.43005 1.40895 1.09975 
0.10314 -0.196515 -0.522273 -0.105118 -0.432942 -0.10723 -0.350908 -0.0712161 -0.413863 -0.137345 -0.0090503 -0.166501 0.370519 -0.170835 0.488083 0.0663325 -0.172922 0.194208 0.27471 0.309155 1.35432 5.36628 36.5456 82.979 112.371 136.502 152.188 164.633 176.662 185.397 192.509 193.205 148.677 135.455 128.602 122.885 119.147 116.55 115.77 115.191 116.325 116.628 119.673 122.611 127.308 134.898 145.904 167.973 197.356 187.72 178.007 165.387 153.375 136.763 115.426 88.2484 49.4147 0.62003 2.77882 1.16035 1.92235 1.7978 1.93806 1.56028 
-0.0599623 -0.499334 -0.339562 -0.283184 -0.356149 -0.246802 -0.129245 0.299121 -0.31539 -0.369804 -0.0004505 -0.661608 -0.497616 0.356369 -0.0154021 -0.317151 -0.104087 0.0354271 -0.404089 0.232114 2.04123 4.5421 34.5123 80.8011 110.905 134.945 152.841 165.755 176.517 187.284 194.915 195.895 148.913 136.42 129.368 123.666 119.819 117.457 115.886 116.107 116.661 117.693 119.454 122.434 127 134.811 145.963 161.431 202.703 187.742 178.717 166.776 154.608 136.272 116.61 89.0077 52.333 -0.0559966 2.50521 1.75811 2.08424 1.51393 1.05792 1.18196 
-0.363631 -0.367149 -0.238769 -0.204268 -0.728726 -0.143286 -0.132823 -0.446795 -0.34878 0.120174 -0.170403 -0.342248 -0.193059 -0.178488 -0.171485 0.450536 -0.279969 -0.129037 -0.0116219 -0.668688 2.35962 4.09705 33.2486 79.6699 113.992 130.351 151.657 163.965 177.219 186.728 194.511 200.22 150.879 138.251 129.535 124.038 119.599 117.889 116.45 115.73 116.152 118.103 119.643 123.094 127.217 134.437 146.205 160.422 199.389 189.126 178.429 167.407 154.29 138.425 116.686 90.3484 55.7763 -0.740344 2.31409 1.42179 1.31439 1.5947 1.23111 1.35649 
0.132495 0.235538 0.480038 0.0926456 -1.28509 0.125125 -0.82638 -0.230712 -0.185179 -0.687544 -0.393722 -0.065966 -0.62472 -0.706477 -0.228321 -0.0428047 -0.35381 0.0595009 0.112703 0.595811 2.77091 4.31165 32.2013 77.701 115.513 129.866 150.93 163.784 177.926 187.509 194.762 201.062 153.21 139.643 130.496 124.067 120.892 117.709 115.957 115.645 116.266 117.361 119.467 122.683 126.968 133.704 144.282 159.531 196.617 187.247 178.975 167.595 156.113 138.462 117.356 90.8048 56.9848 -0.45749 1.60423 1.10295 1.00793 1.34101 1.01537 1.51454 
-0.383116 -0.119926 -0.460623 -0.392253 -0.388347 -0.095252 0.0705055 -0.539404 -0.469454 -0.679912 -0.36688 -0.445683 0.22797 -0.142462 -0.0592514 0.0463167 -0.0623419 0.469802 0.309429 0.231305 2.42447 4.31553 29.9443 78.7597 110.237 129.051 150.553 163.897 177.264 187.112 195.297 204.304 152.694 139.64 131.38 124.807 121.587 118.174 117.43 116.395 117.061 117.27 120.21 122.174 126.14 133.208 143.428 160.081 195.355 188.012 179.998 168.61 156.292 138.598 117.941 92.0784 57.3695 0.945727 2.78596 1.19285 1.21419 1.56282 1.33766 1.08948 
-0.415782 0.108826 -0.870051 0.301824 -0.632273 -0.316049 -0.170765 -0.226145 -0.485206 0.143203 -0.460732 -0.637285 -0.524219 0.402665 -0.0153511 -0.441381 0.140831 0.296947 0.0415685 0.233786 1.84343 4.34697 29.3666 80.4023 104.579 128.917 150.664 163.475 175.561 186.985 196.233 200.631 155.193 141.362 132.169 125.905 122.722 119.531 116.85 115.517 117.657 117.705 119.753 122.439 126.847 142.916 143.426 157.656 193.613 188.158 180.486 169.251 155.37 139.127 119.034 92.6978 58.9412 2.51002 2.26465 1.1773 1.3331 0.593548 1.45729 1.71709 
-0.129003 -0.819269 -0.463822 -0.110864 -0.478846 -0.151944 -0.727648 0.0196502 0.193565 -0.195462 0.0908489 -0.16138 -0.553367 -0.374538 -0.308469 -0.1637 0.0152927 -0.161582 -0.148383 0.641073 1.77379 3.61509 37.3462 73.45 102.858 128.603 149.367 164.772 175.672 186.757 195.327 202.216 155.589 141.821 132.644 126.677 122.161 118.938 117.731 116.82 116.422 117.169 119.55 122.048 126.286 133.349 142.419 156.284 192.786 188.751 180.03 168.818 156.87 140.926 120.164 94.218 60.4476 3.97443 2.29631 1.34197 1.22479 0.740546 1.5597 1.4705 
-0.286551 -0.19002 0.232299 0.0327898 0.356804 -0.0566349 -0.705251 -0.520236 -0.0394107 -0.579912 -0.247899 -0.16091 0.504772 -0.499736 -0.488488 -0.330455 -0.530039 -0.150485 0.203625 0.81623 2.64801 12.1456 26.5151 72.9876 102.425 127.709 150.188 164.034 176.119 187.615 196.159 201.09 157.702 143.721 132.995 127.172 123.601 119.415 118.11 116.936 116.786 118.24 119.812 122.38 126.403 132.149 141.617 155.049 190.834 188.912 180.68 168.53 158.98 141.814 120.92 95.7835 62.7149 5.92357 3.29674 2.02883 1.33845 1.73841 1.14562 1.40497 
0.143719 -0.322426 -0.0163046 -0.30261 -0.487013 -0.162026 -0.404436 -0.167449 0.215188 -0.216948 -0.465982 -0.593774 -0.764552 -0.0289038 -0.556749 -0.369002 -0.0846323 0.112683 0.108349 2.15787 4.22593 7.87707 20.1974 71.9008 101.205 126.867 148.557 163.752 176.304 186.934 194.657 201.456 163.882 144.936 135.162 127.527 123.107 119.851 118.335 117.541 116.458 118.421 118.983 121.869 126.828 130.769 140.337 153.369 188.347 190.1 181.813 171.185 159.94 144.042 124.358 99.8749 67.7597 10.9505 3.8432 2.5425 2.11285 1.96309 1.74049 1.9607 
-0.253665 -0.0155156 -0.543579 -0.322791 0.0202719 0.126739 -0.339558 0.426699 -0.122595 -0.135993 0.269688 -0.298828 -0.155195 -0.214068 -0.370301 -0.17812 -0.0266273 0.70482 0.214779 4.25547 5.08115 5.87 15.0412 71.8975 98.4382 125.201 146.787 163.345 175.827 187.31 194.9 201.702 169.33 144.503 136.017 128.615 124.268 120.609 118.155 117.34 117.65 117.573 119.946 121.706 125.827 130.363 139.005 150.107 184.359 191.894 182.379 171.931 160.217 146.571 127.532 102.755 72.2583 15.4153 4.11117 3.78636 2.63857 2.47004 2.25425 2.07092 
-0.44083 -0.157476 -0.329504 -0.00734273 -0.159889 -0.261885 -0.46027 -0.302565 -0.0555659 -0.29233 -0.672007 -0.0288003 0.0596852 -0.0478642 -0.406655 -0.627368 0.138894 -0.626526 1.35646 4.75967 5.71874 6.07827 14.2318 70.5793 99.7298 124.996 146.978 163.978 176.562 187.602 194.778 201.383 171.135 147.272 136.617 129.185 124.174 120.798 118.732 118.048 117.426 117.678 119.134 120.853 123.861 130.23 137.602 149.517 179.013 189.983 184.285 173.862 161.134 148.536 129.28 104.818 75.1878 18.7652 4.87987 4.23203 3.52481 2.90398 2.56283 2.15393 
0.189878 -0.377114 0.173915 0.0198778 0.507058 -0.163668 0.127617 -0.0462053 0.529607 -0.00987609 0.148354 -0.597314 -0.399251 -0.195742 -0.197655 -0.489861 0.0888934 0.00874032 9.51689 7.45866 7.70222 8.14758 15.3755 67.95 100.519 125.093 147.686 163.748 176.591 186.361 196.133 201.8 170.693 148.621 137.646 129.958 125.266 121.775 118.897 117.331 118.028 117.594 118.937 122.063 125.102 129.987 137.846 148.915 176.786 192.873 185.066 175.263 162.535 148.796 130.813 108.02 77.0666 21.7441 5.60846 5.29062 4.525 3.78436 2.83584 1.94652 
-0.664959 -0.31593 -0.279989 -0.200074 -0.25359 -0.0628575 -0.529948 -0.244119 0.0544782 0.0852674 -0.060448 -0.643903 -0.23167 -0.112304 -0.112604 0.213324 -0.164934 2.1728 16.5054 8.11521 4.39924 5.72737 10.1146 67.7037 100.558 125.489 148.114 164.541 177.561 188.934 197.87 204.823 176.438 152.983 139.797 132.284 126.953 123.716 120.984 120.097 119.59 120.646 122.858 124.791 128.217 132.646 140.08 151.431 179.007 197.475 189.98 179.562 166.701 153.406 141.3 117.253 90.0888 47.238 5.37269 4.07768 4.04874 4.25744 4.83146 4.79969 
-0.0730461 0.733957 -0.509786 -0.517165 -0.167328 -0.0581562 -0.406467 -0.263428 0.42492 -0.475953 -0.408914 -0.259336 -0.283042 0.456174 -0.368945 -0.312671 -0.357046 1.58191 13.6122 16.0996 9.34738 9.05387 52.3 92.4851 119.657 144.088 157.589 174.5 186.12 196.677 204.278 213.506 184.122 159.431 147.876 139.107 133.032 129.04 125.697 125.82 130.482 136.484 139.472 142.949 147.391 153.577 163.378 174.421 203.338 224.607 220.111 213.736 203.386 192.129 186.301 180.037 165.216 145.018 133.67 109.304 87.0669 54.0693 11.5442 6.50773 
0.0022508 0.036331 -0.186399 -0.379311 0.280873 -0.283935 -0.415756 -0.484125 -0.0963255 -0.29443 -0.490583 -0.0567901 0.452661 -0.698937 0.0407907 -0.0675619 0.0925793 -0.263431 9.9604 18.188 20.7755 30.2406 83.0437 115.047 142.996 156.79 170.569 188.543 199.441 213.891 225.455 235.491 210.975 188.042 176.478 169.475 165.668 165.243 164.898 163.614 164.414 164.567 166.146 169.824 174.433 180.111 188.42 200.134 223.058 255.519 247.71 239.394 227.754 218.46 211.047 212.626 204.677 197.843 177.642 152.565 125.645 89.7473 41.3813 -1.7647 
-0.0757563 -0.281807 -0.202967 -0.420004 0.405875 0.157245 -0.560933 -0.170396 -0.206133 -0.967221 0.0582912 -0.0625739 -0.383435 0.252079 -0.0264327 0.0671199 0.248587 -0.168247 1.76879 13.7118 20.2681 61.5481 105.412 135.568 159.896 171.621 188.685 210.939 221.61 232.29 242.278 251.032 224.764 199.489 187.951 179.897 174.71 170.841 169.576 168.304 168.925 171.298 171.306 175.472 179.748 185.37 194.408 205.538 226.957 267.001 259.912 249.778 240.698 227.583 220.462 214.121 206.357 198.47 184.152 141.394 114.86 90.3919 60.1721 7.55468 
0.242044 -0.140621 -0.21531 -0.0640023 0.478668 -0.561826 -0.828677 0.00670086 -0.415032 -0.168851 -0.108537 0.319111 -0.306477 0.0952887 0.0527565 0.129028 0.0379358 0.0034913 -0.303947 1.66854 13.4112 81.4775 116.069 143.741 158.911 174.148 192.925 209.299 223.612 234.666 245.489 253.677 229.118 204.177 191.723 184.061 177.99 174.727 171.79 171.804 171.523 172.719 173.448 175.668 180.33 185.833 193.007 204.391 223.518 268.403 255.584 251.736 241.538 232.837 221.863 213.379 202.968 192.122 168.154 139.909 116.148 91.1829 59.6822 4.58085 
0.344822 -0.200888 -0.398955 -0.0317739 -0.64435 -0.331224 -0.318632 -0.097763 0.00155797 0.116182 -0.456602 -0.402494 0.044108 0.128451 -0.594032 -0.234675 -0.578406 0.193807 0.631643 0.505208 -0.374922 65.5669 114.19 142.484 159.623 170.757 188.915 206.866 220.678 234.408 243.02 250.955 229.959 202.956 190.653 181.25 176.75 173.459 170.775 168.151 167.113 167.981 167.405 170.298 173.045 179.277 186.049 198.213 215.223 261.34 247.868 242.422 233.788 225.66 218.992 208.178 197.232 182.82 160.254 137.041 109.924 79.5457 30.5904 -0.743039 
-0.599907 -0.544849 -0.149548 -0.992279 -0.350934 -0.231058 -0.329915 0.498135 -0.415399 -0.92586 -0.4186 -0.437784 0.312209 -0.242855 -0.0126964 0.123106 0.151474 -0.126518 0.286363 0.931675 1.4381 16.1881 101.503 130.234 154.737 166.453 186.347 202.295 217.634 228.115 238.547 246.104 233.97 200.073 186.197 177.529 170.513 165.371 162.814 159.885 159.059 158.758 158.399 160.866 163.857 168.848 176.945 188.316 202.903 244.943 236.508 229.784 220.983 215.711 205.848 197.507 184.839 168.855 148.559 123.524 88.3064 41.0612 0.774163 0.0668183 
-0.312602 0.186768 -0.347206 -0.330366 -0.229395 -0.232553 -0.186794 -0.583429 0.108468 -0.429031 -0.346047 0.0865508 -0.238248 -0.0707967 -0.59423 -0.0534692 0.0636222 0.240976 0.00498423 0.842262 1.24048 1.11131 41.0651 112.866 141.549 161.977 180.092 197.526 210.06 219.11 229.224 237.584 225.801 190.454 175.867 165.504 158.854 152.961 149.529 148.165 145.331 143.838 145.014 145.778 149.574 154.182 160.533 171.289 185.997 223.729 218.805 211.895 202.283 193.995 186.748 174.518 162.047 142.093 113.097 83.0043 31.7638 0.76534 0.8514 0.443883 
-0.0475707 0.186165 -0.346897 -0.631537 -0.205813 -0.694941 -0.147797 -1.14429 0.0632296 0.195135 -0.160243 -0.0183387 -0.531502 0.212654 -0.532187 -0.160885 -0.270377 -0.911982 0.300848 0.484221 1.27731 1.82816 5.82021 62.1844 109.755 143.232 167.347 185.523 196.084 205.743 217.117 222.432 212.828 178.043 164.071 154.582 146.867 141.532 137.851 134.297 132.614 132.325 134.236 135.238 137.319 143.97 149.939 160.96 176.04 213.879 208.91 201.268 191.032 180.735 173.686 157.697 138.973 116.583 89.55 46.9263 0.983054 2.16568 0.843404 0.189893 
-0.224615 -0.0396209 0.321198 -0.533663 -0.180078 -0.251962 -0.0788031 -0.28784 -0.432745 -0.0681163 -0.267594 -0.145823 -0.202188 -0.246968 -0.298301 -0.0633125 -0.0400593 0.0875563 0.128454 0.863026 0.917296 1.90219 2.9322 61.0932 97.1693 123.779 145.166 161.745 177.404 186.098 196.627 206.771 198.359 166.28 152.235 143.513 136.735 134.896 131.485 130.897 128.299 129.823 130.695 132.534 136.492 142.281 148.111 159.251 175.256 209.15 208.392 200.156 190.787 180.074 173.362 158.409 140.043 116.578 90.2856 46.8822 0.563777 1.60774 0.677934 0.096642 
-0.00833994 -0.139683 -0.453491 -0.265514 -0.54633 -0.759897 -0.0727244 -0.342897 -0.13477 0.485201 -0.562764 -0.405743 -0.450151 -0.0999211 0.0349103 0.0364957 -0.298753 -0.184713 0.00264414 -0.3097 0.474606 1.66524 0.473518 58.2555 93.6479 121.777 144.919 163.283 174.231 186.05 198.063 206.347 198.883 165.095 151.493 142.734 136.682 134.707 130.884 128.45 128.186 128.156 129.882 131.55 134.748 140.398 147.722 157.996 173.862 208.558 207.682 198.835 189.214 179.295 173.069 157.411 139.831 115.618 88.8505 50.3053 0.0796292 1.31571 0.605978 -0.0200881 
0.342666 0.00839755 -0.550089 -0.589888 0.0452246 -0.114004 0.0584612 -0.253173 -0.439475 -0.23768 0.15911 -0.856393 -0.255449 -0.106762 -0.305058 0.0989339 0.279457 0.411919 0.317016 0.129945 0.735787 -1.35819 -0.537656 58.5919 94.2706 121.366 144.227 161.322 174.754 186.349 195.474 205.701 200.336 166.66 152.212 143.032 137.312 132.789 130.141 128.432 128.439 128.149 129.961 130.799 134.637 139.99 145.876 156.676 171.75 206.512 206.386 197.589 187.725 178.188 172.839 157.597 139.779 116.265 88.2443 49.635 -0.569828 0.382586 -0.223116 -0.183939 
-0.135167 -0.129331 -0.41909 -0.417135 0.0314838 -0.0680623 -0.55678 -0.207676 -0.0319981 -0.226892 -0.0298785 -0.227244 0.13672 0.0339748 0.394158 -0.242204 -0.349422 -0.210845 -0.202623 -0.432087 0.236674 0.957638 -1.26859 55.9438 91.8907 120.532 142.883 160.406 174.967 184.784 196.505 206.081 199.531 165.839 150.943 141.507 136.135 132.332 128.773 128.363 127.352 126.102 129.129 131.704 133.838 140.17 147.395 155.779 170.891 204.151 205.63 198.913 187.959 177.932 173.235 157.808 138.948 116.958 89.62 53.0915 -1.48374 0.341398 -0.743965 -0.338512 
-0.338601 -0.412843 -0.153411 0.111496 0.0284181 -0.283638 -0.515193 -0.160859 0.0732226 -0.787534 -1.46842 -0.0439926 -0.194212 0.190395 0.0117028 -0.106018 -0.0211484 -0.369656 -0.288305 -0.305492 0.39268 0.901306 -0.522456 53.8763 89.1821 118.232 142.99 159.316 172.647 181.3 195.452 203.171 200.152 166.213 151.61 142.499 137.334 132.463 129.097 127.422 126.516 127.279 127.081 130.6 132.69 137.197 144.296 155.313 169.43 201.113 206.45 199.565 189.273 175.574 175.828 158.716 140.5 117.834 90.4965 56.2266 0.701132 0.0267138 -0.670213 -0.182916 
-0.422781 -0.980604 -0.583536 0.109439 -0.548563 -0.104269 -0.154598 -0.298593 -0.00183803 -0.365029 -0.595407 0.0472321 -0.240059 -0.0489166 0.0570234 0.0401047 -0.290087 0.26408 -0.119247 -0.123623 -0.111959 0.900644 0.530222 42.9723 86.784 116.301 140.25 159.277 172.756 178.917 193.569 201.837 203.322 167.265 151.792 143.053 135.66 131.651 129.11 126.941 126.533 126.952 127.689 129.858 132.956 137.209 143.677 153.287 166.502 197.945 207.004 199.524 191.11 174.443 179.416 159.843 141.65 121.41 94.4381 60.1989 3.87659 0.533594 -0.485992 -0.209852 
0.209894 -0.781476 -0.302828 -0.675113 -0.0140465 0.192709 -0.00848498 -0.330173 0.6953 -0.688085 -0.0689518 -0.472785 -0.143232 -0.172557 -0.234182 -0.165991 -0.35003 0.576117 -0.205429 -0.401907 0.251414 0.760605 0.404297 43.696 85.9295 115.234 139.134 157.606 172.403 177.805 192.523 200.742 202.921 167.905 151.669 142.327 136.255 132.17 129.078 127.003 125.876 125.935 126.696 129.947 131.973 136.668 143.37 151.793 166.327 195.053 206.496 202.166 190.337 178.323 175.814 161.31 142.765 121.041 94.4844 60.5954 4.63009 0.685619 -0.206952 -0.730579 
0.101896 -0.406634 -0.317563 -0.774414 -0.72997 0.0313538 0.178284 -0.346423 -0.548855 0.155838 -0.595553 -0.376651 0.244497 0.233635 -0.234423 -0.0726765 -0.258398 -0.28847 -0.105237 -0.334196 -0.0499241 1.29701 0.512398 39.0365 85.0067 114.572 138.54 159.286 171.647 177.593 191.218 201.432 203.468 166.494 152.498 142.461 135.623 131.382 128.886 126.643 125.239 125.445 126.77 129.972 132.367 136.459 142.44 152.672 164.722 193.718 207.645 201.372 189.917 180.872 173.423 161.191 143.997 121.768 95.9068 61.3812 5.48326 0.975336 -0.108187 -0.069 
-0.458359 0.0702707 -0.330014 -0.814055 -0.419866 0.286785 0.0212148 0.00875451 -0.257949 -0.595662 -0.243894 -0.0919439 -0.49753 -0.0312599 -0.721376 -0.19493 -0.422541 -0.00474858 -0.508649 0.0333266 0.594594 1.31442 1.14526 37.8417 83.4456 113.187 138.22 156.914 173.863 173.229 192.351 200.139 216.289 167.968 152.129 142.342 136.412 131.322 127.942 126.241 124.843 125.734 125.917 128.863 131.623 135.852 142.504 152.014 163.629 191.197 209.779 200.62 190.095 182.143 173.631 162.72 145.292 123.483 96.8207 63.0655 6.88372 1.38256 0.385096 -0.0768416 
0.206298 -0.161178 -0.442452 -0.936349 -0.218579 -0.714183 -0.204028 -0.149121 -0.837503 -0.158034 0.529643 -0.194219 -0.3402 0.154036 -0.375519 0.252148 -0.737742 -0.449899 0.122854 0.270401 0.419733 1.4562 1.73668 37.5634 84.3844 113.539 137.48 156.897 174.028 169.453 190.311 201.83 205.188 167.069 152.945 143.026 136.517 132.633 128.263 125.907 126.867 125.224 127.336 130.217 132.141 135.668 141.866 152.21 164.092 190.104 208.413 201.914 192.404 181.717 175.925 163.429 144.909 124.905 98.1882 64.829 8.69025 1.78211 0.462393 1.06641 
0.170186 0.265393 0.083954 -0.406942 0.0587973 -0.00177472 -0.21589 0.154264 -0.280814 -0.119604 -0.572308 -0.535263 -0.165932 -0.378544 -0.354317 -0.137187 -0.573667 -0.182387 0.594335 0.680768 0.570713 1.75465 2.12227 35.5563 83.0026 113.803 137.591 157.098 176.388 167.469 189.95 199.421 206.102 167.08 152.883 141.517 135.835 131.197 128.485 126.581 125.738 125.129 127.696 129.321 130.674 136.146 142.592 151.267 163.495 187.749 209.407 202.235 193.053 180.209 176.778 163.823 147.131 126.302 100.021 68.0894 10.4828 3.49345 1.59608 1.04131 
