-0.848497 -0.468775 -0.845695 -0.447056 -0.617271 -0.634664 -0.659621 -0.818328 -0.78025 -0.804255 -0.441239 -0.655009 -0.76134 -0.63836 -0.585165 -0.67242 -0.129924 0.344882 3.69979 58.9422 93.1817 120.757 142.168 159.489 170.411 176.187 189.911 197.592 206.964 170.478 154.716 141.96 134.555 131.293 128.171 125.387 126.219 125.467 127.676 129.59 131.43 136.309 142.47 150.983 164.865 200.501 205.734 199.782 189.141 178.875 171.967 156.661 136.863 114.493 86.7722 44.6576 -0.91393 -0.13335 -1.1905 -1.05131 -0.767708 -0.928427 -1.02399 -1.12031 
-0.826283 -0.562688 -0.884184 -0.771 -0.804648 -1.20875 -0.918093 -0.988057 -0.824396 -0.954413 -1.37853 -0.616705 -0.733609 -0.734116 -0.650185 -0.770032 0.0216653 0.497567 3.03672 59.3588 93.5803 120.993 142.537 160.093 169.583 176.253 191.116 198.412 205.808 169.334 154.302 141.284 134.52 130.478 127.436 126.305 126.436 126.803 127.636 130.531 133.427 136.248 143.508 152.235 165.605 200.869 205.296 198.264 189.682 178.91 171.807 155.909 137.816 114.458 86.0864 43.4689 -0.661066 -0.098161 -1.19408 -1.37308 -1.12035 -1.13291 -0.87473 -1.32169 
-0.665517 -0.965401 -0.596164 -0.733306 -0.87451 -1.05158 -0.935658 -0.484822 -0.694928 -0.883614 -0.684306 -0.571935 -0.954483 -0.6486 -0.853956 -0.99154 -0.101499 0.411358 2.99283 59.5346 93.982 121.241 143.338 159.293 170.846 176.582 191.311 199.214 207.443 171.316 154.046 142.597 135.863 130.611 128.902 127.892 126.212 126.183 128.002 129.167 132.211 136.442 142.685 151.622 166.509 201.731 205.167 197.747 189.527 177.097 172.278 156.437 137.757 115.658 86.9092 46.5148 -0.598382 -0.447054 -0.711713 -1.04703 -1.18294 -1.15896 -1.02899 -1.20894 
-0.87372 -1.31257 -0.748332 -0.766689 -0.698735 -0.70044 -0.898505 -0.954717 -0.899789 -0.757262 -1.00678 -1.04586 -0.666087 -0.665965 -0.620265 -1.10738 -0.0584469 0.827951 3.45975 59.4568 93.6462 121.026 142.309 160.182 169.725 177.758 191.149 197.967 203.63 175.202 157.949 143.975 135.702 130.719 128.646 126.658 126.384 127.417 127.584 130.253 134.216 136.666 144.26 153.319 167.132 204.366 205.285 198.301 189.406 179.378 172.499 157.11 138.139 114.712 87.028 44.6621 -0.398897 0.0278131 -0.673701 -0.934481 -1.03741 -0.987508 -1.34155 -1.01121 
-0.429977 -0.892951 -0.63802 -0.817361 -1.29384 -0.575909 -1.03537 -0.792414 -0.812006 -0.726301 -0.881971 -0.669593 -0.532804 -0.916955 -0.505292 -0.842722 0.0565857 0.664105 2.89017 58.5015 94.4317 120.495 143.721 161.638 169.428 178.517 191.093 199.109 208.408 173.496 156.26 143.937 136.67 132.27 127.954 127.453 126.865 128.259 129.098 129.749 133.3 137.345 144.154 152.51 167.901 203.898 204.425 198.099 187.167 177.179 172.156 157.121 137.989 115.04 88.1123 47.3906 -0.286431 0.704658 -0.03046 -0.737001 -1.08471 -0.81646 -0.832735 -0.867078 
-1.10494 -0.763538 -0.596495 -1.20594 -0.962855 -0.416053 -1.03025 -0.79155 -0.720439 -0.826183 -0.523698 -0.417794 -0.925071 -0.877224 -0.661821 -0.527566 0.547714 0.980801 3.58774 60.96 94.0522 121.687 143.298 160.773 170.235 178.872 193.005 200.741 207.929 174.551 157.266 144.59 135.949 133.55 128.179 127.752 127.237 128.26 128.701 131.073 133.248 137.916 145.812 153.656 168.526 205.532 205.771 198.378 188.701 179.576 172.805 158.002 138.876 116.448 88.704 46.9106 -0.281073 0.953846 0.0980362 -0.500299 -0.596164 -1.11984 -1.13448 -1.30756 
-0.619655 -0.662889 -1.08178 -0.980274 -1.08054 -0.686378 -0.574372 -0.799143 -0.699869 -0.910499 -0.540108 -0.69648 -0.723926 -0.739944 -0.393171 0.0342325 0.37944 1.44216 0.722893 57.9487 93.3589 119.892 141.588 159.382 170.694 178.518 190.721 202.492 212.678 174.049 157.169 145.896 137.71 132.536 129.596 127.997 127.35 127.241 129.51 130.601 133.882 138.462 145.921 152.845 168.036 203.199 208.951 201.283 191.725 178.443 175.17 159.984 143.437 121.155 94.5079 60.1871 0.6529 1.53719 0.524348 0.0562597 -0.785368 -0.738798 -1.28756 -1.28011 
-0.681308 -0.574973 -1.00458 -0.765981 -0.942017 -0.616639 -0.990047 -0.609584 -0.631447 -0.818826 -0.652254 -0.892693 -0.751248 -0.559972 -0.428636 -0.0555831 0.990105 2.28047 -0.343881 55.6592 91.7092 119.354 142.416 160.791 171.257 179.722 192.689 201.093 214.513 176.688 158.637 147.446 139.367 133.186 131.889 129.896 129.238 129.418 130.695 131.988 135.745 138.877 146.29 153.814 168.705 204.559 209.02 201.709 193.162 180.773 174.525 161.315 142.962 121.256 94.3105 58.4556 1.38413 1.97529 0.547217 0.605469 -0.469899 -0.761699 -0.659027 -1.12438 
-0.716263 -1.00265 -0.808315 -0.983181 -1.01812 -0.675913 -0.604007 -0.968316 -0.831067 -0.723595 -0.755044 -0.5655 -0.706186 -0.520954 0.286583 0.414901 1.43694 1.90341 1.03238 57.7741 93.3064 120.418 141.988 160.128 172.075 179.895 193.311 200.875 213.286 176.663 159.426 147.294 138.28 133.388 130.828 128.918 128.275 128.627 131.308 131.073 135.805 138.216 146.003 153.964 168.886 204.293 208.453 202.752 193.29 180.293 176.168 159.805 143.235 122.039 96.6779 61.7233 -0.526736 2.03074 0.595473 0.163067 -0.0191703 -0.645012 -1.05139 -0.923104 
-0.78749 -0.845384 -0.834567 -1.0502 -0.487614 -0.481232 -0.821667 -0.675942 -0.812837 -0.967493 -0.595678 -0.71434 -0.764205 -0.569888 -0.161385 0.68654 1.56379 2.08474 7.73107 60.6286 93.5077 120.727 143.217 161.611 174.998 181.919 194.876 201.939 212.093 179.505 159.753 147.176 137.947 132.543 130.871 128.81 128.745 130.188 131.512 132.999 136.895 141.575 147.753 157.124 172.036 208.394 212.715 206.838 197.146 188.785 185.521 172.945 158.673 138.712 116.174 89.7796 52.3086 2.04928 1.55959 -0.304823 0.233941 -0.735908 -0.900835 -0.865768 
-1.14816 -0.938577 -0.864143 -1.07227 -0.884334 -1.03855 -1.01132 -0.64114 -1.13411 -0.996565 -0.353746 -0.837345 -0.660982 -0.45513 -0.00260753 0.394984 0.118402 11.3508 67.9501 98.2323 125.142 148.138 167.831 182.882 196.625 204.358 213.787 222.087 230.45 197.087 176.224 163.274 152.943 147.868 143.804 141.993 139.84 140.933 141.452 143.107 147.971 153.39 160.623 170.585 185.97 222.885 230.838 224.292 215.006 206.625 197.885 186.683 171.417 152.451 131.967 112.455 89.5921 65.452 62.2647 16.8809 -0.550296 -0.459102 -0.811173 -0.796836 
-0.976759 -0.540227 -1.0521 -0.883487 -1.07094 -1.016 -0.929085 -0.902254 -0.858859 -0.795735 -0.573689 -0.648407 -0.572686 -0.354555 0.113085 1.62296 25.8195 76.494 108.481 135.478 154.907 173.253 187.439 201.893 210.155 219.731 227.377 232.859 241.326 208.604 184.241 170.21 157.844 152.671 148.79 146.399 144.449 144.599 145.768 148.915 151.671 156.938 165.06 175.466 191.231 229.08 236.966 230.853 225.043 217.74 209.485 198.541 186.842 173.612 154.85 137.512 122.304 99.0567 86.649 51.19 4.64654 -1.08969 -0.497599 -0.915614 
-1.27046 -0.990524 -0.82491 -0.941365 -0.716593 -0.750254 -0.927714 -0.583119 -0.608204 -1.21312 -0.895514 -0.670488 -0.603282 0.00794051 1.6433 27.2676 66.0193 98.0913 123.695 144.77 164.204 181.302 196.519 210.613 223.916 231.33 237.584 243.918 252.741 213.787 193.849 181.131 169.472 157.507 152.096 152.528 155.018 158.267 160.276 162.216 166.167 171.863 180.429 189.787 207.161 244.155 257.01 251.281 244.159 237.736 226.092 215.153 202.048 187.437 168.424 150.198 129.43 108.129 91.3343 73.5202 17.6067 5.21033 -0.396817 -1.11791 
-0.991584 -0.891362 -0.905841 -0.972597 -1.12266 -0.963408 -0.607905 -0.83809 -0.929725 -0.76107 -0.733135 -0.480749 -0.76011 -0.188063 16.141 30.7906 79.896 107.854 131.418 151.861 170.441 186.649 203.13 216.127 228.072 236.999 244.597 252.168 258.497 221.773 199.135 185.709 163.75 153.075 151.617 151.432 156.131 164.793 165.985 168.41 171.628 177.279 183.934 194.734 211.307 247.2 260.288 256.456 248.414 242.096 231.811 218.016 204.665 188.396 170.829 152.015 131.116 108.41 88.8034 71.9428 18.7465 13.087 7.72901 3.52188 
-0.865317 -1.08686 -1.16177 -0.874503 -1.45732 -0.638836 -0.738402 -0.870732 -0.985662 -0.726412 -0.802537 -0.858101 -0.343249 7.17532 18.1608 27.3216 79.9352 108.032 130.255 150.348 170.09 186.583 201.933 216.078 227.888 237.455 243.669 250.39 256.629 224.363 200.778 177.726 158.003 150.363 146.84 145.599 146.068 149.87 157.381 166.049 170.054 174.83 183.857 192.109 204.883 240.951 254.638 248.159 239.402 227.436 216.241 203.192 187.147 167.092 146.421 119.846 89.0268 59.0478 40.4831 26.0705 7.74955 7.37517 5.3763 3.27519 
-1.09052 -1.04555 -0.798196 -0.922908 -0.816911 -0.808783 -0.748784 -0.805324 -0.850095 -0.923542 -0.57831 -0.909633 3.21947 8.98639 10.423 11.6687 38.805 66.785 80.9703 105.636 131.598 152.608 170.314 180.076 192.419 202.599 211.508 220.01 224.444 193.478 153.417 134.318 123.066 120.018 118.474 118.324 117.461 118.184 121.149 126.022 131.572 138.624 147.116 154.497 170.133 203.723 213.398 207.947 198.377 191.22 178.723 162.07 143.998 120.925 89.6464 46.7558 4.26903 2.29179 1.59634 2.29469 1.37284 1.23836 0.92902 0.756508 
-1.04999 -0.900012 -0.583416 -0.878718 -1.55165 -0.966481 -0.922089 -0.85512 -0.699765 -0.692506 -1.05646 -0.530462 0.469053 13.3253 5.77056 3.62921 2.91642 3.27192 4.13955 4.95582 47.7403 91.0528 118.812 140.086 157.181 169.451 181.396 192.052 186.176 154.513 126.068 114.375 106.383 103.299 102.041 100.048 99.9403 100.18 103.168 105.995 108.694 113.439 124.008 142.913 159.753 192.189 204.104 197.219 188.622 178.015 165.667 148.852 129.56 105.108 74.2967 20.1958 2.41339 2.13461 0.840923 0.899609 0.446079 0.0328216 -0.0435706 -0.28348 
-1.08109 -0.587021 -1.08681 -0.971993 -0.678431 -1.03388 -1.0324 -0.454662 -0.692004 -0.846517 -0.832966 -0.745704 -0.602987 1.38417 7.05413 3.62681 2.94226 1.92115 3.68011 3.654 36.6977 85.1447 113.106 135.122 153.729 165.68 177.546 170.956 165.214 145.806 120.277 110.836 103.223 99.584 98.0498 96.6272 97.0081 97.4467 98.4948 101.832 103.354 107.372 114.69 124.268 146.562 187.084 203.509 196.461 187.871 176.676 164.863 148.521 128.715 103.272 73.8337 18.9504 2.01528 1.53568 0.689848 0.929809 0.668707 0.678149 0.0867675 0.090239 
-0.856425 -0.807083 -1.35821 -0.715251 -0.979452 -1.02168 -0.898212 -0.93642 -0.826131 -0.723861 -0.75538 -0.731033 -0.568819 -0.520846 6.47422 3.3257 4.07242 1.9732 2.57118 3.45358 30.8064 82.0222 111.029 134.087 150.658 163.437 169.446 154.349 155.097 142.88 117.194 107.634 100.581 98.1377 96.5768 95.1336 93.9165 95.0313 96.4756 97.738 100.839 106.026 109.556 118.241 132.333 171.613 201.321 194.943 185.888 174.796 162.253 147.062 127.688 102.439 72.2076 16.2597 2.05201 0.948821 0.300651 0.804188 0.500667 -0.0554563 -0.22798 0.421413 
-0.703293 -0.948117 -0.64589 -1.08665 -0.593057 -1.16919 -0.648312 -0.952589 -0.447358 -0.885961 -0.694529 -0.899316 -0.272708 -0.302762 5.19707 3.14635 6.5176 0.71295 2.28145 2.77669 25.5247 79.9249 109.033 131.841 148.002 161.458 157.804 145.903 148.378 143.932 115.33 105.749 99.3855 95.6722 94.2185 94.0415 92.4387 93.3187 93.8838 96.2043 98.4728 102.245 106.228 113.372 125.783 159.263 188.826 193.886 184.416 174 160.551 145.304 125.058 102.205 70.8977 15.473 1.19958 0.655705 0.542307 0.0161945 0.117208 0.429669 -0.296529 -0.0346126 
-1.03513 -1.19515 -1.18904 -1.10581 -1.18519 -1.51986 -0.724139 -0.516029 -0.677242 -0.912937 -1.16067 -0.930325 -0.904863 -0.503367 5.74953 2.13527 8.65386 -0.850925 1.41463 1.99309 22.325 76.8697 106.879 129.461 147.443 160.928 148.366 140.672 144.22 140.702 114.05 105.104 98.4972 95.2368 93.1733 92.1453 91.7909 91.9037 92.639 94.8286 97.3222 101.664 105.297 111.092 123.036 153.456 175.987 191.444 184.491 174.768 159.819 145.647 126.002 101.812 70.3981 13.0976 1.09425 0.40269 0.36955 -0.288128 0.249791 0.24417 0.433604 0.236418 
-0.81781 -1.03557 -1.28272 -0.799797 -1.00256 -1.14307 -1.26611 -0.864123 -1.04969 -0.956518 -0.935345 -0.634217 -0.689509 -0.234612 -0.151331 8.95201 12.1744 -1.2712 1.40891 2.16138 20.1033 73.5957 104.284 128.755 144.986 160.821 144.62 137.073 141.217 141.579 116.049 105.586 98.5047 94.3702 93.075 92.1414 91.0033 91.1047 92.0739 93.883 96.3678 99.6779 104.104 110.586 120.729 149.829 171.06 186.088 183.322 173.037 159.574 145.026 125.701 100.67 69.7776 14.8264 1.59834 0.280243 0.525866 0.188736 0.681219 0.081539 0.42413 0.0494041 
-0.894352 -0.739486 -1.11875 -0.626752 -0.965594 -1.25758 -0.736766 -1.11148 -0.750071 -0.78285 -0.761352 -0.795348 -0.583652 -0.666682 -1.5993 10.6552 12.4743 0.375156 1.47282 1.97518 17.9243 71.9651 102.482 126.343 144.75 157.926 147.355 137.021 138.586 142.914 116.632 106.439 98.1364 95.167 93.4511 91.9628 91.2001 90.9642 91.9694 93.0758 96.3125 100.187 104.723 110.592 120.142 147.275 166.599 182.289 182.928 173.505 159.555 144.31 126.025 101.229 69.984 14.5446 1.91806 0.453102 0.0354784 0.595184 0.393164 0.344912 1.34742 0.852813 
-1.1824 -0.321883 -0.920045 -1.4779 -0.932166 -1.12011 -1.00803 -0.644077 -0.491225 -0.794088 -0.51421 -0.830125 -1.16019 -0.418622 -0.276111 9.85411 8.19857 6.32203 1.13154 2.67245 11.7047 67.9699 98.6762 123.279 141.508 156.057 153.327 136.843 137.022 147.117 118.87 108.133 99.2413 94.9408 93.5872 91.9285 91.6058 90.8373 92.0768 94.4858 95.6353 100.254 103.706 109.748 118.714 136.694 167.585 178.92 184.232 173.454 160.787 146.282 128.224 103.871 73.6904 21.072 2.17237 0.723687 0.809257 0.552822 1.19394 0.555694 1.28463 1.07478 
-0.658292 -0.349822 -0.848985 -1.00368 -0.981627 -1.32271 -1.06862 -1.54734 -0.639686 -1.00423 -0.867593 -0.80276 -0.806117 -0.611989 0.464041 9.62686 6.93339 7.37298 1.10586 2.65853 8.22102 65.0381 95.8567 121.793 140.204 154.758 160.335 139.989 135.626 150.356 120.542 110.286 100.029 96.4855 94.0419 92.1071 92.0618 91.7679 92.6803 93.9835 96.2911 99.7169 104.745 110.584 118.583 132.662 170.595 178.96 184.316 174.369 162.216 146.421 129.015 104.475 74.8802 22.3413 2.50185 1.14152 0.898997 0.892638 0.51502 1.13267 1.2584 0.840914 
-1.02087 -0.906005 -0.929597 -1.53376 -0.913971 -1.06742 -1.15957 -0.655049 -1.09484 -0.826772 -0.881078 -0.838017 -0.779596 -0.686406 1.41074 6.79352 5.69865 9.0334 0.920272 2.13818 6.47029 63.3654 94.7702 120.92 139.688 155.034 164.666 143.108 138.69 152.704 122.005 111.074 101.591 97.5449 95.8306 93.175 92.6086 92.807 93.2607 94.5468 96.0852 100.112 104.831 111.186 118.345 131.198 171.711 181.79 183.532 174.195 162.169 148.435 128.024 105.039 75.7619 23.2331 2.4164 1.25376 1.07585 0.933798 1.04052 1.45029 0.864505 1.02002 
-0.784149 -0.797506 -0.80512 -0.940138 -0.989879 -1.59188 -1.07387 -1.1774 -1.26426 -0.80942 -0.984623 -0.540646 -1.12724 0.689611 1.35195 1.05559 12.4477 8.61883 1.18909 2.26145 5.47932 61.6353 93.0755 119.401 139.562 153.32 169.031 149.69 140.179 155.39 124.298 112.057 102.767 98.1875 96.4563 95.0695 93.5331 93.7743 94.4501 95.6228 97.7004 100.323 103.562 110.863 119.869 133.493 171.909 185.685 184.696 174.683 161.772 147.43 128.215 105.128 76.2034 23.6867 2.37532 0.739608 0.637661 0.688557 1.03395 0.687011 0.760593 0.88808 
-1.41608 -1.2101 -1.08906 -0.926638 -0.976719 -0.938967 -0.78653 -0.978069 -1.25691 -0.578518 -1.01956 -0.947584 0.058262 0.918904 0.705534 0.526619 11.6956 7.6401 1.05947 1.92953 4.38829 60.3424 92.1938 118.322 139.069 154.178 166.416 164.899 144.826 158.743 127.134 114.029 104.764 99.7046 97.267 95.4782 94.8298 94.5341 94.976 96.2593 98.2905 102.034 105.97 111.531 121.53 135.299 176.736 189.224 184.185 174.038 162.778 147.505 128.782 105.006 76.8703 24.5462 2.44749 1.40881 0.411865 0.67175 0.460024 0.78638 0.669483 0.878598 
-1.32981 -1.22719 -1.20753 -0.900409 -1.2498 -1.11269 -1.50896 -0.574019 -0.937558 -1.01212 -0.697551 -0.173956 1.05521 1.05251 0.924905 0.269182 8.69131 8.49332 0.839158 1.90426 3.01758 59.7087 91.3792 117.727 138.246 153.085 166.291 177.569 153.156 162.871 129.617 116.694 105.859 101.338 99.2029 96.6308 95.5929 95.7211 96.5273 98.3314 99.9194 103.189 107.947 113.539 123.116 137.926 182.98 194.022 185.177 174.956 163.256 147.555 129.841 106.185 76.7001 26.2837 2.14121 0.806017 0.438068 0.693554 0.952122 0.845408 0.462434 0.646458 
-1.84458 -0.887704 -0.816554 -1.09957 -0.820271 -1.4478 -0.972886 -1.28391 -1.02622 -1.37407 -0.930651 1.11891 1.04792 1.03861 0.796751 0.727531 7.54484 7.64674 0.834417 1.59887 1.74779 58.2495 91.0567 116.341 137.098 153.431 166.35 177.259 174.841 169.593 133.412 120.102 108.621 104.821 101.275 98.2606 97.2528 97.6135 98.0598 99.0574 102.396 104.559 109.192 115.968 125.86 142.963 192.396 192.785 185.085 173.377 162.684 147.644 129.845 106.264 77.5615 27.424 1.63984 1.01187 0.461061 0.399938 0.256864 0.811998 0.837591 0.819294 
-1.12763 -0.820366 -1.26023 -0.841716 -1.14098 -1.13233 -0.8245 -1.16562 -0.913628 -1.29512 0.624405 1.57456 0.918257 1.08443 1.07996 1.32725 6.56019 8.87264 1.01496 1.62757 0.529137 57.2545 89.847 116.952 137.373 153.467 165.743 176.179 185.133 186.444 141.638 125.741 113.747 105.975 104.038 101.408 100.141 99.8709 100.25 102.129 105.028 107.553 113.51 120.418 130.929 154.343 196.938 192.965 185.031 174.978 163.819 148.578 130.307 106.664 77.8758 27.7147 2.18632 0.659437 0.182793 0.39481 1.25422 0.468059 1.1181 0.178042 
-1.03875 -1.34139 -1.8837 -0.572343 -0.825212 -1.12777 -1.27596 -0.623055 -1.00514 -1.25142 0.999894 0.930756 0.644869 0.689112 -0.169007 0.431466 7.34852 9.91567 1.03807 1.51088 -0.400655 55.7173 89.8235 115.414 136.007 152.815 166.349 176.904 185.173 198.031 157.474 137.175 121.847 113.826 108.263 106.498 104.425 104.691 105.453 106.718 109.872 114.424 121.305 130.297 142.276 158.774 195.864 192.151 185.082 175.37 162.729 149.126 130.227 106.663 78.9008 29.9051 1.9784 0.991443 0.944256 0.58411 0.682886 0.710572 1.17 1.15504 
-0.79996 -1.47121 -1.104 -1.05613 -1.06853 -0.983769 -1.16619 -0.73116 -1.11329 -0.0551693 0.482437 0.296452 1.0757 0.429072 0.65146 0.543444 0.894173 10.4887 0.752986 1.53781 -1.08315 54.7515 88.2795 116.928 136.973 153.403 166.026 178.031 185.177 196.637 163.013 144.965 130.651 124.122 120.779 118.013 115.461 114.946 115.316 116.236 117.889 122.151 126.093 132.338 142.339 158.192 195.416 194.423 186.116 175.313 164.273 149.059 131.4 108.306 80.554 32.8861 2.93564 2.19656 2.14008 1.57484 2.07316 2.07991 2.45182 1.97273 
-1.18468 -1.06516 -0.974615 -0.986267 -1.15706 -1.18858 -0.65604 -0.720349 -1.27066 0.349707 0.462766 0.0103131 0.013226 0.543762 0.0124155 0.188089 -1.73588 11.4883 0.223603 1.16778 -0.653675 51.849 88.2577 115.402 136.604 153.265 166.807 177.477 186.142 195.925 168.063 145.445 130.208 125.027 120.658 118.258 116.472 115.509 116.261 116.08 118.545 120.935 126.017 132.385 141.907 156.778 193.909 193.863 187.544 177.841 163.964 149.849 131.183 107.88 81.9391 34.2748 3.36605 2.43865 1.31854 2.21215 2.06093 1.60987 2.13325 1.81515 
-1.33523 -1.5519 -1.21129 -1.19825 -1.54806 -1.32108 -1.34056 -1.32334 -1.03901 0.199968 -0.265373 0.0240381 0.486706 1.33274 -0.380363 -0.327574 0.449446 8.82543 -0.0557739 0.450702 -0.24754 50.2517 88.1283 114.382 135.47 152.917 165.369 177.216 186.812 193.983 172.648 147.402 131.049 125.648 121.574 118.673 116.063 116.08 115.272 116.632 118.3 122.154 126.719 132.479 142.06 157.057 193.733 194.138 186.27 178.162 164.428 150.957 132.417 109.897 81.2302 35.4629 2.76835 2.17393 1.89542 1.92389 1.87742 1.70877 1.89632 2.32894 
-0.844111 -0.90917 -1.25089 -1.20749 -1.59419 -1.07659 -1.56646 -1.00342 -0.891356 -0.564386 0.0240191 0.524545 -0.353191 2.09097 -0.627316 -0.574582 1.22986 6.49888 0.507289 1.1935 0.728618 48.1753 87.9695 114.513 136.046 152.62 165.656 176.574 186.709 194.058 174.514 148.695 132.1 126.14 121.738 118.647 116.462 116.904 115.4 116.818 119.126 121.195 125.672 132.661 140.074 155.958 192.049 194.093 187.157 177.583 164.586 151.37 133 110.073 82.4707 37.2368 2.64309 2.20706 1.33827 1.89062 1.37089 1.79166 1.83605 2.15998 
-1.36113 -1.04766 -0.726408 -1.46008 -1.17497 -1.35296 -1.36152 -1.29322 -1.19131 0.0477035 -0.417843 -0.0936075 1.02005 1.47164 -0.1838 0.3527 0.250127 6.29212 -0.250451 0.788451 0.596739 45.688 86.7766 113.172 135.588 151.537 165.993 177.166 186.831 195.379 177.519 149.326 132.436 125.816 122.227 118.377 117.678 116.129 115.745 116.818 119.044 121.637 126.259 131.828 140.851 155.676 192.057 195.686 187.818 178.072 165.528 151.281 134.307 111.449 83.422 38.874 2.91737 2.20591 1.80148 1.81065 2.02848 1.86433 1.77391 2.05468 
-1.31713 -1.12738 -1.9079 -0.862576 -1.5429 -0.919028 -1.10567 -1.39572 -1.45942 -0.0664739 0.059724 -0.480324 0.991217 1.79366 0.0855392 0.151605 2.65247 2.86578 -0.338498 0.6828 0.734417 45.6014 86.6185 113.649 136.139 153.447 165.43 176.992 186.769 193.608 180.358 150.184 132.517 125.948 122.499 119.435 124.547 117.992 115.617 117.495 119.238 121.648 125.892 132.387 141.004 155.123 190.436 195.567 188.2 177.78 166.985 152.32 133.668 111.452 84.4455 41.3949 2.10191 2.41591 1.36848 1.38345 1.40339 0.887903 1.63421 1.89967 
-1.15006 -2.19396 -1.22584 -0.891984 -1.08389 -1.12931 -3.25869 -0.840225 -0.833097 -0.961333 -0.124457 0.0519175 1.35192 1.61999 0.0069648 2.62035 0.911443 1.12966 0.467807 0.88011 0.592019 43.4972 85.5484 113.778 134.565 152.129 165.21 176.489 186.717 193.351 181.424 151.193 134.217 126.421 123.215 120.137 118.149 117.611 116.233 117.527 118.942 122.847 125.231 131.702 140.564 153.904 189.173 195.105 188.046 177.699 165.893 153.346 134.323 111.89 85.2485 44.1765 2.05369 2.35348 1.29132 1.41072 1.5413 1.52397 2.01355 1.90736 
-1.51011 -1.05354 -1.14458 -1.2981 -0.894403 -1.14839 -1.82572 -0.868952 -0.968264 -1.34835 0.12643 1.3673 2.21586 0.611569 2.00273 1.01888 0.498842 0.0593527 -0.221162 0.954925 1.08826 42.6738 85.5014 113.11 135.007 151.415 164.689 177.091 186.685 194.178 184.972 152.161 134.664 128.278 122.965 120.199 118.124 116.499 116.08 118.183 118.408 122.449 125.047 131.09 140.964 153.523 186.985 195.905 188.85 178.237 167.263 155.835 135.182 113.657 86.3956 47.9648 2.11823 2.981 2.2581 1.64006 1.89607 2.18945 2.22068 2.37132 
-0.848093 -1.24514 -1.34929 -1.22721 -1.52982 -1.44044 -1.30881 -1.21223 -0.606956 -1.01223 -0.752882 2.40187 2.16636 2.1845 2.57944 -0.349356 0.360815 0.178134 -0.0598181 1.20394 0.95048 38.105 84.9554 111.479 134.134 151.379 163.961 177.124 187.166 195.012 187.145 153.876 136.58 128.47 124.24 121.298 118.556 117.36 117.207 117.644 118.951 121.451 124.595 130.079 139.86 152.645 183.559 196.405 189.614 179.326 168.596 155.992 137.517 115.559 89.9695 54.3593 2.4866 3.36329 2.9307 2.59774 1.88647 2.38356 1.5795 2.14531 
-1.34649 -1.13797 -1.60417 -1.24722 -0.914457 -0.893974 -1.50127 -0.279557 -0.973213 -0.935222 -1.24935 3.84245 2.68974 5.4718 -0.49786 -0.400966 1.01366 0.686301 0.290808 1.19262 1.67067 32.4339 82.6543 109.512 132.388 150.173 164.118 176.613 185.434 194.268 191.269 155.724 138.07 130.096 124.673 121.515 119.31 117.281 116.586 117.297 118.79 120.636 125.314 129.901 138.596 151.802 178.212 197.272 189.847 181.588 169.878 156.268 139.575 119.243 93.6719 59.6057 5.71942 3.53528 3.22421 3.195 2.77728 2.79227 2.31434 2.20154 
-1.47167 -1.01764 -1.09073 -1.29665 -1.18718 -1.08241 -1.73024 -1.23231 -0.964248 -0.975641 1.38925 3.29016 2.99701 5.96977 -0.43127 0.402948 0.485378 0.0375426 0.362399 1.74147 1.88376 31.5778 83.1783 110.876 133.259 151.38 164.342 178.054 187.982 194.831 193.855 156.646 138.762 130.355 125.764 121.316 119.071 117.488 117.797 117.627 118.732 121.7 125.715 131.664 137.316 149.156 175.94 197.278 189.401 180.725 169.527 156.219 140.873 118.855 95.4033 62.3378 7.2294 5.00994 3.45503 3.28132 3.34258 2.85781 2.3259 2.74253 
-0.901563 -0.984484 -1.1414 -1.40588 -1.60079 -0.371465 -0.603834 -0.82746 -0.760018 -0.00370119 12.1671 5.7521 4.53765 3.6846 0.766825 0.217668 0.629064 0.728802 1.24205 1.88298 2.24983 32.9107 83.6894 110.772 134.351 150.663 163.88 176.852 188.129 194.814 192.921 157.89 139.386 131.754 126.038 123.253 120.2 117.24 117.14 117.694 119.993 121.114 124.581 130.183 137.098 147.728 169.586 201.064 191.116 182.235 170.437 158.404 143.071 122.381 97.0809 62.929 9.30618 6.19402 4.67018 3.76013 3.62695 3.27832 2.79672 2.53072 
-1.75924 -1.05851 -1.28484 -0.88788 -1.40038 -1.23016 -1.49517 -1.44873 -0.834953 1.20712 10.5562 7.17944 2.47111 1.28562 0.575303 0.555972 1.38703 1.2394 1.67218 2.57701 2.93008 30.9229 83.6508 111.84 134.303 151.797 165.043 177.763 187.291 196.975 196.552 159.515 140.109 132.447 126.946 124.255 120.818 120.419 119.362 120.134 121.838 124.052 127.458 131.518 138.865 150.987 167.222 208.444 195.204 187.511 175.86 163.12 149.795 130.858 106.983 80.8863 41.7974 4.15472 5.67857 5.24964 4.48047 3.78003 3.55909 3.15216 
-1.39997 -1.25585 -1.44121 -1.36142 -1.04677 -1.42089 -2.60109 -1.16453 -1.26246 -0.676911 5.29547 9.43279 10.1633 8.20171 3.57204 1.97831 2.34172 1.78886 2.31182 3.44011 12.6761 62.9744 97.7175 123.934 145.288 161.165 172.511 183.087 191.73 201.692 207.589 175.505 155.674 149.526 145.967 141.446 139.199 138.523 139.673 142.15 143.997 149.838 152.495 158.468 166.441 179.649 196.035 241.844 230.173 222.741 213.16 201.81 188.349 174.028 154.843 134.426 110.083 78.1498 57.465 41.4777 18.3948 19.0363 16.8213 14.1744 
-1.23575 -1.07358 -1.39266 -1.57026 -0.959008 -0.817923 -1.64391 -1.15086 -0.496586 -0.82068 -1.33434 5.7802 11.3104 12.1954 14.4006 14.431 13.4749 12.1856 12.2118 10.2356 57.3712 96.7018 128.91 160.191 183.753 200.377 212.942 227.448 236.592 244.936 245.035 204.574 184.273 173.952 167.557 164.404 161.065 161.143 160.844 160.897 163.991 167.326 170.968 177.398 186.042 197.355 216.733 262.634 249.674 244.532 234.83 223.434 211.698 200.719 182.599 163.953 143.595 120.237 105.924 95.5232 51.9716 22.2806 19.2558 15.4394 
-0.13576 -1.41135 -1.1229 -1.52414 -0.562966 -0.602148 -1.45941 -0.989383 -0.936543 -1.32166 -0.595946 -1.05001 3.90372 10.6739 14.252 17.5903 18.2913 18.2584 19.2808 44.4486 103.191 130.204 156.382 179.083 195.588 210.254 221.464 233.23 241.502 248.894 250.877 210.899 189.806 180.02 174.928 171.13 168.087 166.854 165.756 166.385 168.848 171.654 175.445 181.177 190.399 201.368 221.047 264.745 256.677 249.26 240.183 230.386 220.355 207.343 191.708 174.907 156.127 135.705 113.445 101.046 81.6376 20.5679 10.293 4.32356 
-0.911207 -1.18828 -0.600372 -1.06516 -0.877815 -1.59454 -1.72887 -1.01974 -1.1019 -0.625875 -0.678009 -0.720628 -0.938725 1.12819 7.43185 13.4602 21.5958 22.1568 23.5198 76.7044 113.734 140.279 163.011 184.314 198.994 213.201 226.206 236.55 243.82 252.135 255.141 212.596 189.829 179.646 174.163 168.611 166.234 164.713 164.637 164.451 165.429 169.386 172.675 179.332 188.269 200.31 218.124 264.14 254.751 248.54 238.946 231.49 219.317 205.541 191.192 174.859 155.886 138.362 115.888 100.655 82.4314 21.9183 0.633601 1.13859 
-0.844315 -1.14636 -1.30412 -1.17673 -1.23689 -1.18469 -1.45161 -1.06563 -0.554432 -0.526968 -1.03975 -0.931927 -0.634277 -0.314132 -1.09617 2.1843 16.8552 28.203 35.0842 80.9112 114.519 138.964 161.243 184.628 197.401 211.762 224.7 232.825 240.335 248.373 249.926 208.38 184.909 175.185 168.478 163.183 160.114 159.941 158.801 160.082 160.036 162.757 167.117 172 180.346 192.999 211.878 255.129 247.604 240.101 230.213 222.556 210.125 199.125 183.422 166.482 149.824 129.377 109.147 90.9125 67.926 8.55835 1.12156 0.872499 
-1.44145 -1.21917 -1.46574 -1.80605 -1.00418 -1.19116 -1.30184 -0.723475 -0.632627 -1.21513 -1.51764 -0.960892 -0.562581 -1.04482 -0.673168 -0.499528 -0.316891 26.1808 37.3005 74.4067 106.516 132.815 157.172 176.869 193.191 205.147 216.725 224.827 231.125 238.309 245.693 201.445 177.845 167.792 160.135 156.997 152.71 151.204 149.903 149.704 150.831 154.683 158.362 163.202 171.047 182.345 199.566 244.641 234.722 225.848 217.16 207.557 197.863 185.296 168.858 150.948 132.911 113.428 91.543 69.6326 24.7094 6.00711 1.11552 0.445818 
-0.987655 -1.00028 -1.60709 -1.75193 -1.23452 -0.957817 -0.85235 -1.44202 -1.2994 -0.892622 -1.17403 -0.735774 -1.25967 -0.876331 -0.878711 -0.567922 -0.162627 2.34806 28.9205 56.3274 91.8587 121.362 144.932 163.597 179.081 193.336 204.86 210.716 218.211 225.975 235.314 193.785 169.204 159.396 152.305 147.408 142.724 140.655 140.136 140.523 140.173 141.207 144.538 149.504 156.455 166.332 182.014 223.188 218.032 208.955 199.267 188.087 178.696 164.918 148.924 127.252 106.912 83.4116 42.5139 9.68463 0.840261 1.52635 0.8303 1.09468 
-1.20286 -0.842605 -1.30962 -1.26841 -1.06449 -1.39488 -0.889262 -1.39004 -0.917259 -0.820164 -0.507925 -0.537631 -1.45385 -0.932437 -0.791332 -0.642812 -0.445225 -0.223359 1.93382 21.9644 55.5383 95.2244 122.27 143.362 161.39 175.856 189.47 194.147 204.175 210.633 224.36 181.46 159.172 148.233 142.125 136.568 134.096 131.567 132.595 131.749 132.299 135.517 138.78 142.558 148.854 159.333 174.131 213.59 209.332 203.484 192.579 181.915 173.945 157.734 139.596 115.665 87.9653 37.0407 6.37056 3.373 2.43797 1.58781 1.04028 0.568146 
-0.905251 -0.931187 -0.855435 -1.26807 -0.970118 -1.38731 -1.07933 -0.742699 -1.14771 -0.593852 -1.38223 -1.33919 -1.18683 -1.15493 -0.817574 -0.955237 -0.692908 -0.044202 0.738927 2.3838 -0.671163 60.7154 96.826 121.888 144.34 161.669 176.021 184.263 199.553 205.075 219.347 178.308 156.419 145.773 139.177 135.049 132.281 130.247 131.003 129.965 132.856 133.61 136.874 142.388 148.108 157.424 171.344 214.98 208.931 201.845 191.637 182.036 172.987 156.745 138.848 114.464 86.5101 38.4918 5.57016 2.73383 1.58019 1.19511 1.05548 0.662324 
-0.975108 -1.27092 -1.25358 -1.07252 -0.928678 -1.35483 -0.919735 -1.15821 -1.06199 -1.05336 -1.07473 -1.04825 -1.40532 -1.31676 -1.18343 -1.21906 -0.65043 -0.153042 0.662169 0.883507 -1.01827 57.8466 94.6654 122.365 143.718 162.262 175.328 181.513 197.362 205.071 219.241 176.965 154.634 144.994 138.383 134.313 131.252 130.432 129.348 129.496 130.721 132.197 135.866 141.501 147.735 156.48 171.402 208.497 208.125 200.741 191.389 181.312 174.078 158.728 138.963 116.188 86.2071 40.457 3.28249 2.19265 1.2455 0.926896 0.732084 0.660662 
-0.859028 -1.18526 -1.41436 -1.64022 -0.943549 -0.648534 -1.23552 -1.09426 -1.00587 -0.897381 -1.00837 -1.66301 -1.2391 -0.886184 -1.27536 -0.607431 -0.60378 -0.135814 0.747041 1.46166 -0.104568 56.4755 93.1318 119.846 143.266 161.577 175.216 182.741 198.04 206.503 219.594 177.234 154.578 143.88 138.402 133.667 130.98 128.269 129.311 128.74 130.212 132.38 136.387 140.126 146.863 155.695 168.677 209.088 208.013 200.167 190.751 179.85 173.36 157.238 138.894 115.339 86.2434 42.6249 2.5062 1.34278 0.710745 0.628065 0.526122 0.331718 
-1.13288 -1.02434 -0.855467 -1.13746 -1.0438 -1.11085 -1.47366 -1.22325 -1.12194 -1.17419 -1.31216 -1.05302 -0.757049 -0.974257 -0.617763 -0.925098 -1.52028 -0.955967 -0.482652 0.406833 -1.85174 54.8726 92.3123 119.662 143.393 160.552 173.222 180.635 196.284 203.31 219.027 177.734 154.103 144.413 138.721 133.108 130.984 130.07 128.012 130.312 129.65 131.183 134.714 140.8 145.249 154.777 168.755 205.465 207.216 201.607 191.046 181.268 173.277 156.688 138.617 114.708 86.9279 44.5499 2.53589 1.66856 0.603659 0.645733 -0.0622063 0.381841 
-1.26939 -1.29252 -1.0852 -0.897948 -1.09644 -1.0017 -1.36262 -1.17471 -1.32487 -1.51566 -2.19581 -0.576138 -1.04023 -1.05498 -1.08466 -0.640837 -0.921747 -1.12213 -0.29105 0.496362 -1.47357 53.2005 91.046 118.323 141.61 161.393 171.793 179.414 195.03 201.57 214.796 178.791 154.127 143.308 137.058 133.372 130.815 127.459 127.314 128.862 128.838 132.35 134.294 138.552 143.203 152.903 166.468 201.573 207.77 202.324 192.027 179.184 175.394 158.588 140.627 116.849 88.651 47.5716 -0.0606905 1.32074 0.189078 -0.203517 0.389194 0.759485 
-1.03703 -1.18526 -1.44146 -1.16294 -1.35694 -1.02621 -0.590781 -0.995733 -0.614873 -1.08698 -1.42596 -0.375888 -0.904718 -0.943897 -0.570033 -1.48784 -0.840651 -0.687912 -0.512864 0.396709 0.163427 42.1479 86.3331 115.218 137.995 157.616 169.763 180.572 192.365 202.002 210.369 190.442 156.119 143.933 138.532 134.147 130.494 129.407 127.795 128.604 129.338 131.18 133.375 136.992 143.591 151.29 165.346 198.288 208.206 201.769 195.096 174.909 179.337 160.54 143.336 118.835 91.5665 57.1083 0.698448 1.65598 0.0900956 0.319119 0.465006 0.494919 
-0.763978 -1.37195 -1.07295 -1.25973 -1.0995 -0.810787 -1.33515 -1.06314 -0.563132 -1.0867 -1.1478 -0.939636 -0.936262 -1.35619 -0.944908 -1.11782 -0.889457 -0.914044 -0.446882 -0.922231 -0.860591 42.5827 85.545 114.561 139.265 157.639 171.552 180.628 191.348 201.65 209.283 188.377 155.707 143.898 138.177 132.798 129.636 128.035 127.591 128.047 129.972 130.083 133.778 137.005 142.752 150.778 163.034 194.876 209.2 200.823 194.122 174.742 179.579 160.362 142.425 120.066 92.3333 57.3826 0.825154 1.66281 0.313474 0.422191 0.481164 0.10818 
-0.79668 -1.11745 -0.951726 -1.34398 -1.38141 -1.23542 -1.27362 -0.758728 -1.33041 -0.717081 -1.18554 -0.90092 -0.871565 -0.453296 -1.19875 -1.08268 -1.25498 -0.818686 -0.829353 0.300463 -0.0825451 39.5637 84.4032 114.138 137.823 157.6 168.099 179.555 188.985 200.984 207.815 189.153 155.805 143.742 138.059 132.679 129.946 127.9 127.17 128.048 128.155 130.054 132.709 136.575 141.935 150.161 162.641 194.293 207.581 201.187 193.965 178.073 180.093 161.389 142.945 120.68 93.2474 58.059 1.25418 1.27336 0.529965 0.286386 0.597244 0.776512 
-0.790779 -1.15851 -0.62266 -1.66692 -1.27042 -0.819803 -1.02758 -1.22966 -1.00072 -1.58834 -1.18341 -1.3885 -1.32109 -1.05445 -1.21223 -1.23778 -1.50043 -0.755186 -0.755197 0.518871 0.584812 38.5229 85.2546 114.232 137.881 156.52 169.776 176.744 189.597 201.573 207.296 202.52 155.934 143.357 136.383 133.112 129.897 127.017 126.336 127.741 128.188 129.997 133.106 136.605 142.103 148.617 162.283 194.294 207.88 202.569 193.899 178.199 178.572 163.064 144.517 121.292 93.6342 60.2384 3.23878 1.96173 0.910615 1.13558 0.313403 0.60252 
-0.821846 -1.24808 -1.45478 -1.5981 -0.743765 -1.34637 -1.00072 -0.442736 -1.64149 -1.08266 -0.548411 -0.774042 -1.35133 -0.745739 -1.26448 -0.865205 -0.8669 -0.617389 -0.182731 0.411238 0.386727 39.1082 83.9253 113.804 138.828 157.997 169.515 176.784 189.088 200.623 208.046 192.283 157.075 143.305 136.972 133.002 129.206 128.336 127.454 127.214 129.353 130.156 134.165 137.356 142.573 150.287 161.412 191.672 209.154 202.826 194.891 182.637 176.319 163.034 145.943 121.406 96.1239 61.1635 4.31058 2.45904 1.94806 1.22107 1.07401 1.27621 
-0.742147 -0.208713 -0.749551 -1.40889 -0.846045 -1.06486 -1.2011 -0.750931 -0.990992 -1.07737 -0.981895 -0.997172 -0.809416 -0.959834 -0.938699 -0.462928 -0.926734 -0.275836 0.164359 1.28164 1.39691 36.6773 84.4694 113.596 137.426 156.377 170.952 173.89 188.922 199.383 207.809 190.764 156.689 143.747 136.831 132.681 130.101 128.099 126.632 127.862 129.271 130.171 133.517 136.698 140.929 149.802 161.111 188.705 210.921 203.183 197.215 184.308 176.341 164.053 146.12 123.762 97.3157 63.1174 6.6231 3.23441 1.95079 2.64097 1.49804 1.11858 
