-0.488698 -0.796596 -1.00232 -0.859183 -0.888743 -0.669309 -1.18119 -0.838759 -1.02686 -0.855653 -0.210401 0.667353 -0.513729 43.7019 85.168 113.633 136.746 154.242 171.853 169.491 188.043 195.84 204.198 195.666 162.317 149.776 140.78 134.755 130.724 127.41 127.179 125.122 128.591 129.012 130.848 135.527 140.08 146.901 157.021 173.481 209.591 200.638 194.696 184.459 173.628 165.875 149.687 128.621 102.81 70.8983 16.5513 1.80743 0.540183 0.453864 0.301088 0.0993501 0.35979 0.1752 -0.110351 -0.101625 0.552119 0.270233 0.293671 0.527959 
-1.34455 -0.708755 -0.880295 -0.723368 -1.16108 -1.35865 -0.99305 -1.05144 -1.0526 -0.810572 -1.01485 0.33742 -0.371098 42.9349 85.4291 113.679 136.925 156.2 171.292 172.39 187.463 197.709 204.629 197.485 162.165 149.84 141.252 134.94 131.1 127.73 125.882 125.4 129.465 129.985 130.492 134.784 140.253 146.134 157.194 173.544 210.152 200.408 193.374 183.813 171.701 164.569 148.808 128.59 103.225 71.5159 15.6763 1.71885 0.351643 0.184511 0.506151 0.335114 0.135575 0.189075 0.357835 0.285444 0.448312 0.162361 0.525584 0.62514 
-0.907077 -1.06114 -0.732639 -1.03304 -0.631749 -0.940321 -1.10166 -0.704309 -0.888134 -0.388672 -0.771087 0.596469 -0.229526 44.654 85.4322 113.501 137.316 154.513 171.666 169.126 189.355 196.095 205.007 195.119 162.213 149.616 141.305 135.676 131.271 127.407 126.432 127.475 128.962 128.921 131.164 136.273 139.642 146.334 157.573 173.937 210.765 200.991 192.762 184.946 172.567 165.229 148.485 127.483 103.455 72.2565 16.3762 2.09205 0.399708 0.150503 0.0357854 0.356266 0.412463 0.384369 0.925264 0.780668 0.3185 0.298958 0.203273 0.615225 
-1.10399 -1.40255 -0.909411 -0.726024 -1.17977 -0.79899 -1.11947 -1.27179 -0.875395 -1.30733 -0.309312 0.414018 0.0917884 42.5814 85.6712 113.97 137.387 156.118 172.284 170.136 188.154 195.498 203.938 197.452 163.882 151.631 141.462 136.468 130.715 129.239 126.731 127.507 129.717 130.207 130.338 136.313 143.435 149.952 161.464 175.59 211.9 201.621 194.851 184.784 175.55 165.711 149.334 128.659 102.998 71.1788 15.1192 2.15165 1.04655 0.432767 0.569526 0.38733 0.391454 0.511158 0.419444 0.756311 0.467973 0.272087 0.207661 0.000466304 
-0.737112 -0.790983 -1.02404 -0.535086 -1.5945 -0.555324 -1.35049 -0.883208 -0.661589 -0.778115 0.027837 1.14524 0.220373 43.4314 85.6726 114.253 137.201 155.732 171.99 171.605 190.675 196.463 205.843 197.199 164.754 150.787 141.345 136.569 131.636 129.164 126.95 127.042 129.485 130.537 132.155 136.924 143.95 147.469 159.095 174.9 212.376 201.652 195.267 183.872 173.618 166.065 148.984 128.335 102.989 72.2051 16.0352 2.46915 1.14307 0.517845 0.386388 0.404693 0.535825 0.873316 0.755875 0.743621 0.568941 0.464001 0.852086 0.402073 
-0.739724 -0.98604 -0.703221 -1.28194 -1.05111 -0.56988 -0.975963 -0.73519 -0.56893 -0.366081 0.297837 1.14969 0.968061 44.2965 86.3641 114.93 138.69 157.075 171.792 172.176 190.722 197.293 205.843 197.671 165.31 151.61 142.264 136.001 132.274 129.579 126.971 127.794 130.21 131.204 132.008 136.199 145.492 149.457 158.321 175.804 211.873 203.826 197.059 185.419 174.583 166.554 150.377 130.109 105.065 72.5094 16.2916 2.54474 1.96166 1.02691 1.07604 0.566908 0.513109 0.475753 0.549774 0.235677 0.0457122 0.720889 0.344906 0.249151 
-1.20142 -0.715224 -0.96805 -0.900675 -1.25119 -0.948574 -0.827212 -0.76207 -0.651557 -0.140847 0.588864 1.31686 1.58179 37.2684 85.0061 112.905 136.706 154.648 170.976 174.164 189.068 196.646 204.973 204.94 168.096 153.867 144.338 139.47 134.525 131.002 129.641 128.758 131.177 132.205 134.644 137.11 142.057 148.254 159.563 176.4 211.433 205.393 198.392 189.992 176.75 169.464 153.354 132.7 108.299 77.9806 21.8581 3.16442 2.2093 1.10381 1.1301 0.41516 0.499825 0.605064 0.858982 0.616165 0.0762795 0.474429 0.155896 0.59619 
-1.13693 -0.656023 -1.06993 -0.683934 -1.00746 -0.726429 -1.00534 -0.473922 -0.393005 0.166963 0.61559 1.65489 2.44925 35.0515 83.81 113.15 137.431 155.74 170.496 177.999 190.723 198.725 205.747 206.246 169.189 154.811 145.522 138.709 134.745 131.413 129.883 128.798 131.525 131.764 134.235 137.214 141.632 149.186 159.756 175.87 211.194 204.748 196.993 188.413 175.966 168.539 152.82 133.131 109.766 78.8972 24.2444 3.77653 2.83802 2.08133 1.50218 0.637274 0.393906 0.225792 0.375939 0.404657 0.110385 0.585478 0.754472 0.692655 
-0.76924 -1.349 -0.815585 -1.05589 -1.01148 -1.02861 -0.849678 -0.746671 -0.448474 0.0227195 1.62863 1.7327 2.01531 34.078 88.1389 117.535 140.865 159.361 174.058 180.218 191.934 200.855 205.922 208.778 171.02 157.603 147.071 141.275 136.157 133.027 130.118 130.141 132.456 133.174 134.789 138.431 142.87 151.439 160.846 177.963 212.603 206.472 200.227 191.231 177.32 170.997 154.732 134.855 111.209 79.4246 23.2364 3.78266 2.91652 1.78041 1.19081 0.847859 0.215148 0.237484 0.245194 0.547714 0.292245 0.183325 0.297406 0.348756 
-1.08893 -1.29749 -0.742028 -1.5026 -0.591286 -1.10639 -0.677758 -0.468695 -0.0556439 -0.112231 1.10816 0.800998 25.7275 72.3537 107.615 134.286 155.156 172.202 186.027 189.705 198.575 206.276 214.588 215.556 177.07 162.112 154.594 147.553 142.135 140.282 137.216 136.552 139.847 139.759 140.584 143.564 148.039 154.082 163.191 180.371 216.788 213.235 204.775 196.491 183.79 176.019 162.006 144.156 121.208 94.335 55.4203 14.9841 2.94694 2.642 1.20818 0.77492 -0.0988624 0.209695 0.600471 0.605397 0.551164 0.348354 0.0472913 0.730538 
-1.29192 -0.813277 -1.12791 -0.913465 -0.717531 -1.09381 -0.920513 -0.701679 -0.519081 -0.169181 0.352533 8.11594 73.5412 122.166 147.98 168.155 175.769 192.736 205.398 215.113 223.704 228.693 237.313 234.815 196.505 177.558 165.637 158.483 152.284 147.86 145.48 143.318 145.481 146.067 147.868 151.307 156.673 165.114 177.102 194.146 233.274 227.688 221.408 213.32 203.388 193.06 179.141 163.34 145.51 126.466 102.26 70.3293 18.3256 -0.484311 1.42831 1.21938 0.742702 0.296338 0.278627 0.553652 0.892168 0.477766 0.634285 0.671019 
-0.714622 -0.991563 -0.485383 -0.761768 -1.27075 -0.850122 -0.76652 -0.624617 -0.772752 -0.670606 17.9189 65.4036 102.372 137.704 156.127 170.188 184.523 199.548 212.294 224.408 230.843 240.019 244.931 244.032 201.571 186.75 175.979 169.35 163.261 160.583 158.353 157.243 159.893 160.489 162.508 166.461 170.751 177.757 186.114 202.502 241.747 241.519 234.445 227.004 219.493 213.432 203.513 190.104 174.062 152.933 135.663 113.353 91.2487 56.8691 2.74278 0.847531 0.557303 0.873491 0.050349 0.397637 0.196703 0.265177 0.662313 -0.11548 
-1.5752 -1.17024 -1.28006 -0.99118 -1.02732 -0.494458 -1.20751 -0.708879 -0.384661 6.91316 58.0108 86.2797 129.692 152.06 164.787 176.376 190.091 204.763 217.68 229.32 235.626 241.295 246.438 246.25 202.189 178.936 169.525 170.318 167.635 162.507 161.827 160.976 161.967 163.947 167.32 170.747 176.871 184.867 196.979 214.12 258.393 256.562 252.56 243.638 234.205 225.806 215.314 204.559 190.405 165.227 146.587 125.854 105.017 80.1571 31.3708 0.551459 0.63178 0.183838 0.526666 0.665765 0.645224 0.665011 0.473881 0.629847 
-1.17989 -1.36319 -0.728618 -0.867048 -0.554938 -0.740305 -1.11682 -0.951638 -0.632481 17.0418 65.6694 100.043 145.415 164.154 175.256 182.48 194.057 208.187 220.145 233.192 240.562 246.635 252.989 241.403 187.763 169.647 164.557 165.344 167.658 164.122 162.323 161.837 165.411 167.018 168.56 172.9 179.404 187.75 198.276 214.677 257.392 255.364 249.547 241.703 233.017 226.159 219.963 209.333 198.396 169.262 148.766 127.984 106.867 82.4656 36.9255 0.1048 0.442402 0.655999 -0.140212 0.219212 0.108766 0.45321 0.359343 0.459816 
-1.41153 -1.40512 -0.837529 -1.10113 -0.873191 -0.403957 -1.16172 -0.992115 -0.404411 12.2241 59.893 82.8168 101.505 125.023 146.243 162.91 177.605 190.749 197.722 204.201 212.239 216.162 211.529 198.715 163.228 149.707 143.129 141.125 146.525 150.774 149.708 149.064 152.196 154.234 156.675 161.326 167.11 175.423 186.509 203.52 244.867 239.612 236.672 225.799 217.675 204.654 202.789 189.339 176.121 150.255 123.261 107.824 93.8228 76.0862 28.124 0.848117 1.04017 0.657905 0.11032 0.379926 0.200696 0.748288 0.224164 0.30438 
-0.772385 -1.12599 -1.05021 -0.798138 -1.10748 -0.75986 -0.92542 0.437606 1.85864 0.550922 -0.0439631 4.80135 16.3989 64.0482 102.477 126.456 148.453 169.224 185.015 193.472 203.607 192.66 185.84 183.579 149.826 137.286 129.851 126.222 124.758 126.435 134.099 137.503 140.137 141.103 144.859 147.428 153.85 161.227 170.407 185.775 222.377 218.015 209.677 199.765 193.371 182.311 171.856 157.988 138.99 98.1828 46.0798 11.2298 7.82703 3.27808 -0.255772 1.0184 0.848773 0.0880983 0.648522 0.440482 0.551368 0.236077 0.738298 0.741153 
-1.32924 -0.740514 -0.93194 -0.720725 -1.28923 -1.04815 0.750404 1.00936 0.782546 0.335043 0.696117 2.3203 3.48818 11.5032 63.7918 100.927 124.169 144.11 161.788 171.79 172.053 152.71 154.439 161.95 131.19 119.955 110.963 108.396 105.546 102.939 103.724 106.831 121.388 121.743 124.753 128 132.574 139.497 148.847 163.596 200.441 196.047 185.697 178.08 172.619 155.664 135.048 112.83 84.3472 34.5378 8.58907 8.90717 6.98415 2.29571 1.65366 1.02185 0.968529 0.89042 0.117928 0.762165 0.424334 0.570482 0.397676 0.494609 
-1.33111 -1.16545 -0.968161 -0.893481 -1.13262 -0.0769215 0.221019 0.766651 0.385903 0.837052 1.49056 1.9794 3.36721 8.86442 61.3215 95.031 119.93 140.626 158.259 169.349 144.979 131.845 132.331 155.194 125.385 114.867 108.375 104.355 102.39 99.6733 99.1368 100.017 104.609 114.384 123.606 125.341 130.738 136.467 145.943 160.227 198.439 192.746 186.555 175.47 168.166 152.921 132.962 108.096 78.5753 25.9966 5.73434 4.66999 4.5503 3.30044 1.87079 1.02812 0.947082 0.609697 0.332523 0.723661 0.585475 0.951596 0.635048 0.704095 
-0.978779 -0.902858 -1.20324 -0.770109 -0.276736 0.69429 0.212072 1.12906 0.448081 0.753109 1.67161 1.85033 3.43036 6.59234 57.4469 91.5372 117.882 138.927 156.743 164.379 127.763 118.512 115.455 153.83 123.198 113.17 106.646 101.821 99.701 97.921 96.9064 97.3741 100.375 102.953 110.413 124.044 128.839 135.62 144.286 159.702 195.525 192.786 183.996 174.82 164.303 152.617 131.022 107.141 76.1711 20.2857 4.76912 3.78734 3.885 3.47887 1.31123 0.731655 0.597874 0.28949 0.157907 0.687926 0.93253 0.439923 0.615751 0.957806 
-0.667016 -1.10732 -1.0483 -0.800353 1.73039 0.643825 0.936059 0.912502 1.69868 1.06847 1.33558 2.01698 2.97193 3.55546 54.3044 90.1471 116.738 138.235 154.681 158.473 120.354 110.207 106.968 144.639 122.056 112.112 105.664 100.907 98.2303 95.5559 95.3735 95.4843 98.121 99.6702 103.143 110.191 127.715 134.599 147.043 158.001 193.283 191.17 183.204 174.033 165.175 149.88 129.369 104.969 74.5011 17.9062 5.0034 3.38324 2.79648 2.50301 2.33742 1.03899 0.427176 0.566253 0.82223 0.753348 0.364553 0.23549 0.375271 0.230838 
-1.2425 -0.94162 -1.15699 -0.93924 1.53279 0.252518 1.00829 1.03555 1.00669 0.770156 1.27908 1.76401 1.58392 2.03033 51.3791 88.3756 114.655 136.595 154.133 153.983 116.414 105.525 101.613 134.049 123.401 111.726 105.063 100.249 96.5205 95.2237 94.3499 94.8442 96.3324 98.5097 100.471 104.777 117.247 133.144 143.113 156.77 192.74 190.772 181.436 172.275 164.327 146.641 127.643 103.551 71.8251 15.3692 4.13846 3.27504 2.88429 2.18325 1.64703 0.881074 0.332931 0.835004 0.571623 0.0440657 0.574977 0.802126 0.667491 0.977565 
-1.02015 -0.840015 -1.23425 -0.858864 1.41307 0.883579 1.21615 1.03921 1.3218 1.11665 0.831055 1.38018 2.2481 1.47023 49.2047 87.2586 113.212 135.125 154.273 154.551 114.369 104.465 98.5276 126.607 123.388 111.459 104.117 99.8115 95.9314 94.8433 93.9555 93.6285 96.3961 97.448 99.7958 103.665 110.415 132.099 143.052 157.045 192.185 189.935 182.072 171.782 163.784 146.864 126.866 102.608 70.566 14.6941 4.05834 3.75641 2.41712 2.43247 2.26248 2.91046 0.862837 0.568808 0.734432 0.338192 0.835566 0.190475 0.169971 0.491003 
-0.821538 -0.808991 -0.916106 0.619538 2.19286 2.21592 1.47883 1.41015 1.87661 1.91325 1.87895 1.93404 3.12895 1.00245 48.536 86.9085 113.406 135.246 152.361 154.631 115.855 104.996 98.9084 125.184 119.624 111.826 105.002 100.457 97.1592 95.5128 94.428 93.4435 96.1186 97.2431 99.8932 103.386 109.781 128.097 142.05 155.575 191.933 189.837 180.25 173.913 163.441 146.272 125.878 102.06 69.7933 12.5705 4.55239 3.57801 2.35597 2.33535 2.69768 2.77183 1.57931 0.464859 0.347308 0.980686 0.247913 0.514904 0.480221 0.230605 
-1.1657 -0.675164 -0.644704 1.36284 -0.290085 0.47232 2.66957 2.45887 2.3287 2.33383 2.2319 1.91102 2.81722 1.72939 42.3971 84.2088 110.286 133.808 151.461 159.423 120.049 106.554 99.9457 117.829 122.526 113.527 106.967 100.9 97.6064 95.5554 93.5829 93.5038 96.0984 96.997 99.4228 102.629 109.606 127.088 140.257 155.765 188.569 191.331 180.805 174.409 165.617 147.371 127.892 103.318 72.598 16.1311 4.49231 3.5916 2.84571 2.08173 1.95104 1.86587 2.55765 1.66043 0.849303 0.490178 0.747876 -0.0918731 0.608946 0.956752 
-0.662449 -0.447704 -0.640242 1.22478 0.317698 1.47435 2.00042 2.3111 2.45137 2.16587 1.93613 2.57064 2.86142 2.78261 38.2788 82.0116 109.414 131.856 150.519 165.283 124.302 109.112 102.582 115.52 124.227 116.616 108.124 102.516 97.624 97.3202 95.2249 94.387 96.4227 98.9587 101.01 103.348 108.686 126.888 137.87 151.764 184.607 190.179 181.69 175.4 164.509 147.613 127.355 104.461 73.0858 16.3226 4.41481 3.3235 1.93658 2.1734 1.84046 2.29263 2.77012 2.64006 1.17417 0.289835 0.290711 0.460054 0.949731 0.0610597 
-1.39491 -1.07013 -1.0327 1.63667 1.34081 1.68646 2.15768 1.82732 2.24177 1.68597 1.59443 2.08562 2.35395 3.25752 37.9074 81.0825 110.228 132.724 150.41 160.279 136.74 114.488 104.793 118.257 126.242 117.255 108.548 103.56 99.393 97.0614 95.6202 95.0618 97.5666 98.6045 101.855 104.513 111.105 128.287 137.715 150.754 184.872 191.061 181.401 175.455 161.784 146.858 128.124 103.099 72.3235 15.2639 4.58795 3.4394 1.96718 1.93891 2.21722 2.25192 1.6459 2.44441 2.59525 0.281529 0.303865 0.984651 0.432814 0.480709 
-0.790109 -0.3731 -0.99288 2.65421 2.05984 1.47744 2.07412 2.0795 1.81294 1.83435 1.21107 2.12774 2.11023 2.56548 37.1812 80.5679 108.711 131.958 149.148 159.618 146.093 116.786 107.634 119.313 129.172 118.062 109.999 103.884 100.609 97.8808 96.6782 95.7751 97.7583 99.9424 102.936 106.626 113.253 130.316 137.842 150.527 183.395 189.746 181.065 178.074 160.213 147.342 126.728 103.514 71.9297 13.7502 4.60247 2.53502 2.40359 2.09264 2.02482 2.04926 2.03374 2.24378 2.41387 1.86652 0.644366 0.617003 0.713063 0.600122 
-1.54009 -0.829015 -0.914938 2.97595 2.15329 1.73459 2.33035 1.47558 1.27521 1.37898 1.3429 2.13316 2.81187 2.96284 35.3974 79.9831 108.8 131.797 149.703 159.389 155.878 122.148 112.82 123.035 135.885 119.482 111.699 104.533 101.343 99.3316 98.1498 96.739 99.3117 102.729 103.383 108.656 118.613 129.277 137.056 149.967 182.867 190.676 181.665 176.762 160.799 146.97 127.411 103.486 71.5335 14.2996 3.7565 1.66013 1.32158 1.2706 2.00688 2.15371 1.97076 2.07958 2.87373 2.52102 0.153491 0.063348 0.495732 0.901518 
-1.1957 -1.14612 -1.17989 3.10038 1.76562 2.38391 1.47537 2.37464 1.92426 1.61008 1.70194 1.70542 2.44728 2.45151 33.5885 80.9758 108.261 132.326 148.81 160.779 165.237 129.628 116.012 129.037 143.775 122.035 113.751 107.538 102.98 100.524 98.9808 98.954 101.129 104.724 108.331 114.136 123.912 129.471 137.984 150.602 182.826 189.55 182.576 176.311 160.082 146.945 127.147 101.826 70.6656 13.0192 3.40494 1.42573 2.49916 2.2238 1.99053 2.24253 1.63792 2.56366 2.73076 2.23794 1.26264 0.694154 0.425585 0.57973 
-1.45852 -0.999422 -0.992321 2.6116 1.80164 1.39871 1.83079 1.95105 1.47446 1.32545 1.56883 1.37952 2.23796 2.94439 33.2175 79.681 107.3 132.258 149.845 159.815 175.156 139.736 123.651 137.085 150.701 124.982 115.743 109.493 105.464 102.664 100.724 102.098 104.84 109.419 113.263 120.092 124.197 129.248 136.168 148.958 181.515 188.986 180.592 176.113 160.29 144.243 126.235 101.753 70.3082 12.6983 3.57522 1.69899 1.48406 1.95296 2.52774 1.8333 2.45497 2.45101 2.28486 2.34363 1.4313 0.544695 1.01713 0.742678 
-1.53013 -0.852939 -1.17658 3.22336 3.06895 2.18685 2.28005 1.71378 1.43479 1.22928 1.26447 1.25199 2.78279 2.35305 34.1031 78.9133 107.445 131.521 149.266 160.994 172.7 165.296 133.045 156.803 156.037 128.491 119.02 112.829 108.509 106.706 105.825 105.432 113.254 114.897 118.698 120.377 123.489 128.65 136.841 149.354 180.887 188.123 178.995 177.707 159.726 146.328 127.028 101.69 69.6968 11.5687 3.5216 1.95026 1.51981 1.16813 1.71826 2.44395 3.1317 2.25125 1.53632 1.86691 2.28365 -0.0613294 0.591727 0.855893 
-1.00075 -0.874057 -1.85411 2.53725 2.88257 2.39231 1.9046 1.59191 1.96659 1.1564 1.37312 1.35589 2.45543 2.67304 33.4611 78.1448 107.109 131.945 149.504 160.947 171.368 183.177 158.556 175.861 164.967 135.791 126.526 119.239 116.036 114.225 114.167 113.788 117.358 116.932 117.593 119.711 123.581 128.992 135.521 147.948 178.503 188.314 179.217 177.843 158.199 146.286 125.875 101.538 69.4204 11.6381 3.6975 1.86219 1.84146 1.8219 1.35488 2.43787 1.77115 1.31646 1.57297 1.21862 1.50557 0.48189 -0.0513009 0.175947 
1.84071 2.07842 1.68078 2.87707 4.99076 4.45422 4.33283 4.802 3.98608 4.1311 3.35736 4.12785 5.3041 5.01746 37.5589 82.4737 110.651 135.578 154.047 166.494 176.761 186.513 193.55 200.331 188.635 157.344 143.013 132.772 127.036 123.335 120.324 118.863 113.933 114.148 115.578 116.48 120.256 124.628 133.206 144.117 173.225 186.229 176.105 172.109 155.754 142.714 122.905 98.7651 67.6144 9.69601 1.94721 0.588579 0.340962 -0.043056 2.74558 0.779949 0.64903 0.346266 0.59533 0.083089 0.545949 -0.60317 -0.435531 -0.786722 
2.82771 1.72285 2.21854 2.15963 5.69717 4.60436 4.98342 4.6112 4.42474 3.99542 4.26245 3.46696 5.76851 5.30443 37.0284 81.8046 112.12 136.671 153.932 165.705 177.487 188.299 195.43 201.073 190.291 156.792 143.873 134.939 127.321 124.59 121.254 119.33 113.264 113.776 115.679 117.431 120.422 125.364 132.897 144.625 172.37 184.951 173.851 173.705 155.335 142.543 123.436 98.8535 67.388 9.74367 2.02156 0.371446 0.0900768 2.34549 1.73244 0.812447 0.427045 0.156364 -0.120503 0.589052 0.588177 -0.816681 -0.532426 -0.645575 
1.78561 3.18913 1.78006 1.95699 5.31924 5.48921 5.25882 4.82412 4.59022 3.81909 4.17198 3.7272 5.04376 5.23415 37.1246 82.7832 111.13 135.456 154.649 166.716 180.15 189.763 195.755 202.411 192.913 158.367 144.073 134.701 128.415 124.215 121.106 119.919 113.527 114.866 115.902 117.337 121.268 125.246 131.716 144.315 172.2 186.218 176.294 173.272 156.81 143.262 122.699 98.6685 66.1749 9.31773 1.17917 0.764237 -0.0511017 3.95705 0.419267 0.404697 0.113339 0.0656103 0.402329 0.461639 0.181535 0.113344 -0.637101 -0.378431 
2.33867 2.80397 3.23247 2.49772 4.05863 5.86344 4.7849 4.45356 4.36267 3.22851 3.60295 4.63519 4.77155 4.60169 38.0675 82.002 111.617 135.914 154.693 167.061 178.465 189.319 196.255 204.349 193.121 158.505 145.139 133.68 128.254 124.978 121.255 120.143 114.086 114.598 115.4 117.193 120.563 125.635 131.604 144.554 173.006 186.015 175.102 171.907 156.922 142.799 123.065 98.4959 67.0755 9.63436 1.15094 0.201073 0.501637 1.94268 0.507602 0.00746909 0.335801 -0.0190201 -0.160048 0.305793 -0.165541 -0.0979226 -1.3435 -0.319689 
2.88305 2.00482 2.00604 1.76088 1.98103 6.18438 5.28252 5.28288 4.13746 3.32705 3.59536 4.32174 5.1885 4.28757 37.7776 82.246 110.329 136.545 154.405 167.296 178.919 188.99 197.826 203.567 193.924 160.213 145.687 135.707 130.453 125.368 122.347 120.433 113.645 113.003 115.6 117.523 121.238 124.328 132.32 143.815 173 186.563 175.917 171.498 156.68 142.942 122.724 98.4162 67.5938 9.24968 2.07048 0.89921 0.231174 1.67414 1.19033 0.0776567 0.607605 -0.112613 0.668575 0.57447 0.0137518 -0.68021 -0.454818 -0.19368 
2.59731 2.27547 1.74654 2.22773 1.76954 6.59131 6.10099 6.47345 4.0584 4.42145 3.64523 4.31637 3.92857 5.38845 38.2137 82.5757 111.325 135.466 153.992 166.292 179.281 189.2 198.249 204.656 197.096 160.924 147.054 137.306 128.795 124.359 122.393 119.826 113.974 113.352 115.315 117.905 120.295 126.308 132.22 142.733 172.685 186.105 178.381 169.928 156.433 142.736 123.144 109.327 67.0782 9.98115 1.43421 0.746402 -0.0206327 1.17691 1.46126 0.884803 -0.273707 0.385362 -0.564767 0.00149023 0.379738 -1.08727 -0.880162 -0.916056 
2.41607 1.01052 1.76926 2.59018 2.09383 4.37682 6.00332 5.93413 4.26498 3.79653 4.56257 4.3376 5.10915 5.76806 39.165 83.8104 111.682 135.687 154.977 167.386 178.86 189.255 197.971 204.026 197.212 161.393 147.162 136.261 129.885 125.213 122.116 120.097 114.521 114.281 115.112 117.618 120.585 124.769 131.846 143.62 170.641 186.566 176.93 169.393 156.917 142.63 123.853 99.1642 68.3435 10.0887 1.60887 0.610992 0.0664322 1.02213 -1.98481 4.37597 0.679993 0.705398 0.301268 0.189472 -0.322281 -0.966864 -0.345152 -0.552496 
1.56689 2.19336 2.59984 2.25993 2.25735 2.17814 7.39819 5.21676 4.32209 3.91288 3.88548 4.52757 5.95783 5.28523 39.9177 82.4781 112.223 135.612 155.936 168.006 181.682 190.407 200.275 206.268 198.365 161.314 148.597 142.307 129.859 125.855 123.784 120.148 116.194 115.4 115.354 117.143 120.144 125.299 132.683 143.942 169.906 186.496 178.278 169.013 158.086 142.718 124.102 99.4096 68.4969 9.98767 1.57328 1.19993 0.499014 1.62325 -0.750552 2.72265 0.293586 -0.0943194 0.189269 -0.343562 -0.241429 -0.497107 -0.512509 1.54531e-05 
2.65366 1.7266 2.11354 1.66414 1.83522 1.93284 4.78772 6.89278 5.33327 5.30343 3.87457 4.38311 5.4807 5.87032 36.3035 81.6023 111.631 135.988 155.707 168.848 179.526 189.536 197.377 202.907 199.978 163.721 147.648 140.049 132.237 126.338 122.883 121.264 115.345 114.859 116.272 117.859 121.203 125.65 131.579 143.243 167.436 187.405 178.781 167.391 161.458 144.597 126.522 101.877 71.929 14.5391 3.06591 2.32045 1.60155 0.955749 0.455174 1.85431 0.167224 0.389816 0.593964 0.816914 -0.880862 -0.282973 -0.801627 -0.585608 
3.2384 2.1423 1.37347 2.8396 2.87646 2.05414 2.56664 8.16226 4.8362 4.6591 3.85272 4.48775 5.23472 6.22302 32.2288 80.1881 110.703 135.501 155.699 167.671 179.314 190.48 197.98 204.914 202.71 165.299 149.974 139.9 131.565 127.493 123.472 121.684 115.496 115.422 116.189 118.802 121.128 125.238 131.503 141.743 162.706 191.223 180.537 168.273 161.494 147.006 128.065 104.651 74.8292 19.0622 3.40255 2.10118 2.01876 2.07618 1.3561 3.05425 0.845439 0.321855 0.608562 0.0707904 -0.615289 -0.312593 -0.836404 -0.346537 
1.97002 2.15486 1.96696 2.34268 1.85681 2.62582 1.94232 5.32566 7.15294 4.80182 5.16364 5.42928 6.08971 7.24635 30.2619 80.0564 111.321 136.769 155.556 168.63 179.628 188.874 198.568 205.944 203.791 165.656 149.542 140.295 132.536 127.52 124.193 121.29 115.605 115.82 116.713 117.873 120.52 124.369 130.98 141.893 158.07 193.358 180.222 170.027 160.496 147.836 130.245 106.175 76.3049 20.0245 3.74637 2.81695 3.27595 1.81767 2.11145 3.62461 1.39275 0.418915 -0.184056 -1.01978 -0.584178 -0.924704 -0.531166 -0.655401 
2.23852 2.11748 2.47309 2.19117 2.47786 2.31567 2.59904 2.20274 8.98306 6.35942 4.75732 5.3796 6.08759 7.19008 34.2471 83.3803 112.731 136.344 155.983 169.852 180.609 191.335 199.304 206.642 202.924 165.617 150.634 139.774 132.456 127.475 123.992 122.819 116.347 115.379 116.408 118.171 121.604 124.693 130.893 141.139 156.61 195.596 180.809 170.959 162.33 147.182 132.743 107.536 77.6187 23.3013 4.8029 4.40566 3.83037 3.70326 5.00447 10.2485 5.02653 0.60265 -1.09771 -1.19337 -0.601295 -0.537311 -0.998881 -0.827252 
2.64672 2.90374 1.65078 2.7504 1.6883 2.34188 2.33045 1.46439 8.21501 10.0051 9.29789 7.32212 7.49408 8.92103 56.2087 95.988 123.328 145.271 163.222 176.31 185.687 195.783 205.535 212.22 209.573 169.969 154.329 143.776 136.348 129.58 126.948 123.165 117.32 116.5 116.719 118.288 121.4 125.387 130.879 141.424 156.253 195.049 182.605 171.42 163.745 148.568 133.539 110.688 80.5347 24.8546 5.59505 7.56411 9.32312 10.0059 5.19069 2.43948 -0.307653 -0.54636 -0.923896 -0.692592 -0.919424 -0.942523 -0.347971 -0.197553 
1.89462 2.96977 1.56649 1.75267 2.03808 2.20678 1.69536 2.21337 2.18173 8.23155 14.3051 16.4188 18.1059 68.135 109.379 139.215 160.817 176.336 181.542 193.884 199.772 207.707 220.682 230.291 230.94 191.634 178.389 168.66 162.093 155.57 151.348 149.234 142.502 141.852 143.202 145.115 147.15 151.211 158.178 167.588 184.846 227.648 217.114 206.217 197.417 181.868 167.428 145.61 123.331 88.7345 36.7065 22.2777 15.5925 3.42118 0.463736 0.585503 0.227343 -0.703042 0.173704 -0.580144 -0.490907 -0.11008 -0.730999 -0.725135 
2.62663 1.72845 1.82179 1.57253 1.69259 2.15212 1.7376 2.53108 2.07162 2.07374 4.49735 12.2483 51.7159 103.682 138.016 163.055 180.843 187.197 196.485 212.201 222.788 236.802 242.663 250.137 249.504 208.312 191.288 183.117 174.272 169.014 165.81 164.212 157.147 157.585 157.335 160.089 163.419 167.604 176.499 186.434 203.808 244.672 236.369 228.543 222.27 225.037 221.955 205.209 183.894 165.092 144.661 125.801 99.6392 65.5455 10.4914 -0.141486 0.313425 -0.196955 -0.300783 -0.781555 -0.461945 -1.07525 -1.01987 -0.637097 
2.43885 1.94491 2.53464 1.84581 2.81731 2.59632 1.49894 1.89196 2.02753 2.13881 3.46473 7.34307 68.2115 111.384 145.684 172.631 184.81 195.438 206.484 220.633 232.272 242.782 248.708 257.53 258.197 215.486 199.118 190.237 180.789 176.209 172.374 169.205 163.588 161.75 163.271 165.584 169.636 174.375 182.132 193.48 211.28 253.385 243.285 234.032 227.353 234.481 237.542 229.992 206.724 183.355 157.025 130.275 110.995 87.0195 49.0488 -1.56403 -0.0215168 -0.080396 -0.475889 -0.621336 -0.548311 -0.941669 -0.766532 -1.00986 
2.59989 1.87198 1.39511 4.9709 2.56126 1.25082 2.1587 1.77861 1.97254 2.30097 2.49277 8.68267 65.7941 101.082 143.523 168.07 182.131 192.54 208.215 220.519 235.937 244.416 252.025 258.955 257.318 216.258 200.809 190.205 182.363 177.894 172.696 171.097 163.624 163.684 165.201 167.124 170.366 176.155 183.668 194.962 213.102 256.031 245.986 239.277 228.824 234.977 235.877 228.823 214.449 173.177 152.392 134.751 114.475 90.6469 63.1335 7.45268 -0.154713 -0.65803 -0.465558 -0.293593 -0.516431 -0.540987 -0.915696 -0.586433 
1.94481 0.895971 1.61458 1.87978 1.69982 1.45529 1.94447 2.95101 2.02433 2.34925 2.70532 2.60374 37.8069 85.8554 125.214 157.932 175.646 190.711 205.637 219.362 231.516 239.305 247.125 253.591 252.696 211.516 194.419 184.775 176.914 174.049 169.013 166.782 159.529 159.006 160.741 163.567 166.936 173.504 179.867 193.355 209.638 254.201 246.616 240.343 228.503 234.628 228.708 218.607 201.452 169.524 149.414 130.892 110.514 87.1482 58.9433 9.01636 0.0920715 -0.500301 -0.867372 -0.482048 -0.578499 -0.518411 -0.826539 -0.450012 
2.60431 1.65627 2.19374 1.17985 2.44076 1.73374 2.007 2.60134 2.44737 1.15726 2.04359 3.21977 3.99419 46.8664 91.0645 133.335 165.626 188.52 203.519 213.56 220.874 229.365 237.497 243.048 245.185 201.856 187.167 176.32 169.43 164.581 161.123 158.359 152.169 151.298 152.224 154.329 159.025 164.549 173.006 185.197 201.605 247.457 239.589 233.818 228.234 227.525 215.571 205.839 189.252 164.191 146.996 126.725 103.571 78.2531 44.1757 1.42225 -0.346174 -0.576325 -0.42385 -0.627085 -0.575205 -0.511929 -0.635075 -0.377088 
1.4882 2.20793 1.20498 2.31264 2.08384 1.98255 1.7531 2.47916 2.89655 2.37988 2.63302 3.27845 3.34987 3.74362 44.7076 92.3916 126.231 155.291 178.775 194.731 202.589 214.018 224.75 227.903 230.262 191.858 174.919 163.451 155.168 153.273 149.69 147.677 140.466 139.883 141.572 144.253 148.737 153.766 161.225 174.263 188.902 233.006 224.066 222.08 216.676 210.841 202.47 192.473 177.924 154.106 135.895 114.542 89.867 53.4994 5.49813 0.143249 -0.613526 -0.444521 -0.411408 -0.510636 -0.929159 -1.1233 -0.276233 -0.920162 
1.36231 2.13436 1.76766 0.941922 1.58955 1.54362 1.95919 1.10463 1.7614 2.13155 2.20604 3.12942 3.12622 4.77825 27.2992 83.1357 114.173 140.322 158.802 174.994 182.824 196.208 209.791 212.247 220.013 179.135 164.2 152.756 145.403 143.071 138.946 136.221 130.459 129.951 132.181 133.283 137.515 142.442 149.31 159.836 177.948 216.734 208.757 203.626 195.316 193.912 184.837 171.629 154.04 135.726 112.249 79.7152 35.2093 1.59674 0.798047 0.524493 -0.0146924 -0.542797 -0.43208 0.0293876 -0.519741 -0.9558 -0.723814 -0.54954 
1.0284 2.32074 2.80096 1.74913 2.197 2.06147 1.62834 2.00029 1.51179 2.3379 2.26498 2.94618 3.80354 3.85792 27.3424 81.8163 113.556 138.152 158.976 173.855 182.92 194.537 208.915 210.705 219.204 178.677 162.66 152.487 146.841 141.491 137.257 135.684 130.718 129.448 130.792 133.504 136.388 141.939 148.885 160.532 175.688 213.248 204.827 200.774 188.15 178.469 165.959 151.81 132.793 107.383 74.6326 17.2255 2.98366 1.79488 0.554971 0.572749 -0.403164 0.130125 -0.401261 -0.864249 -1.03333 -0.628279 -0.32043 -0.477822 
2.06351 1.13287 1.84597 1.7515 1.66823 1.96312 1.93492 1.71768 1.57614 2.55396 1.89749 2.62373 3.04899 4.75098 26.9093 82.5652 113.615 136.766 158.577 173.619 182.376 194.918 206.589 211.666 217.487 177.218 160.383 152.675 144.612 142.187 136.536 132.593 128.372 128.191 129.577 132.249 134.93 140.819 146.476 157.783 173.328 209.508 203.003 196.325 185.275 176.693 166.859 150.799 130.899 106.244 74.8521 18.9479 2.18657 1.20154 0.799231 0.00975505 -0.394991 -0.437744 -0.388682 -0.602384 -0.806751 -0.652333 -0.69932 -0.0960408 
2.95673 2.36823 1.47667 1.28616 1.70327 1.44192 1.89014 2.00198 1.54255 2.14105 2.12663 1.71521 2.95256 3.76118 29.0073 82.1624 112.629 137.938 157.544 174.585 178.251 195.372 202.974 212.578 217.305 175.714 160.467 149.816 143.728 141.194 136.154 134.241 128.808 128.413 130.25 132.088 135.572 139.568 147.098 157.39 174.842 209.08 203.291 197.315 187.136 178.061 165.915 149.586 130.047 104.663 73.2152 18.8137 1.91966 0.932021 0.0372845 0.0703049 -0.431001 -0.560159 -0.918943 -0.817093 -0.909786 -0.769839 -0.613863 -0.985865 
1.77248 1.8711 1.5384 1.75979 2.24905 2.35292 1.28484 2.43881 1.90188 2.04148 2.04713 1.73815 3.02111 3.86609 31.9287 81.8536 114.467 136.921 157.622 175.047 177.522 191.383 202.991 211.569 216.043 176.538 159.176 148.975 142.416 139.721 135.596 133.415 128.625 128.678 129.644 131.674 134.208 139.424 146.253 157.259 173.445 209.442 202.43 198.199 186.667 177.485 166.771 149.898 129.618 104.928 73.6691 18.2611 1.47582 0.541542 -0.125762 -0.0522126 -0.757118 -0.598722 -0.596992 -0.666032 -0.553397 -0.902959 -0.88011 -0.684068 
1.6158 2.06627 1.45798 2.45758 2.26345 1.6909 1.39984 1.7117 2.40181 1.19282 0.824929 2.08013 2.8134 3.8655 27.9667 82.0636 113.237 138.223 157.5 174.134 178.71 192.977 203.003 210.852 216.731 176.205 160.468 149.352 142.747 136.753 134.576 132.873 127.26 127.655 127.41 129.873 134.132 138.53 145.06 154.971 169.997 205.8 202.136 194.995 184.066 174.441 166.192 150.87 129.826 105.053 74.4689 23.2436 1.90191 0.191219 -0.282531 -0.622393 -0.495804 -0.614508 -1.01013 -1.14227 -0.766417 -1.5037 -1.12169 -0.399563 
1.87015 1.51069 1.03526 1.79126 1.47041 1.9953 1.90216 1.7951 1.70645 2.06224 1.66875 1.97572 2.61461 3.78906 26.8594 79.1897 108.497 136.37 156.129 171.124 176.276 188.803 202.037 210.175 217.535 176.777 160.127 149.183 143.269 138.286 134.68 132.38 127.628 127.109 127.36 131.283 132.298 136.61 143.943 153.788 168.51 204.434 203.463 195.684 186.761 176.175 168.482 151.96 132.362 107.428 76.9981 25.4277 1.44997 -0.274625 -0.729799 -0.761559 -0.827031 -0.127634 -0.408005 -0.407218 -1.04751 -0.839835 -0.298513 -0.722106 
2.10192 1.51533 1.37012 1.06867 2.03587 2.19698 1.69762 1.40741 2.77168 2.16381 1.45931 2.01049 2.62334 3.11589 25.8524 80.0605 110.663 138.273 156.015 171.725 173.6 189.605 200.931 208.961 218.262 176.027 159.795 148.265 142.682 138.523 133.753 132.002 127.108 126.388 127.197 129.549 132.058 137.665 143.925 152.737 167.766 202.187 203.693 195.924 186.693 176.343 167.125 150.613 131.148 106.802 76.4615 26.2763 1.43914 -0.280686 -0.733182 -1.03332 -0.881386 -0.865687 -0.37822 -0.405538 -1.13939 -0.280997 -0.39553 -0.488864 
1.65137 1.4437 1.0849 1.13419 1.40122 1.95198 2.28221 1.54949 1.54852 1.78247 1.99716 2.36258 3.3058 4.11146 28.4842 80.5983 110.289 135.619 156.167 173.531 173.458 191.629 201.108 210.017 216.235 175.454 157.788 149.81 142.56 138.601 134.3 132.215 127.012 125.936 127.076 129.267 132.069 135.866 142.353 152.609 166.806 199.396 203.164 197.478 186.102 175.238 168.603 152.04 131.765 107.057 77.0018 25.2692 0.874465 0.535913 -0.286813 -0.125182 -0.460184 -0.111137 -0.465178 -0.695712 -0.558959 -0.489113 -0.839105 -0.623419 
1.93676 2.00177 1.54227 1.15774 1.55447 2.63415 2.71245 1.23309 2.02786 1.82025 1.82056 2.03062 2.60034 4.52957 29.4335 81.0517 111.259 136.151 155.34 173.265 171.389 191.674 202.39 209.442 216.09 174.563 158.314 148.677 141.633 137.014 134.322 131.346 126.762 125.245 133.708 135.706 131.22 136.256 142.18 151.682 165.473 199.61 201.942 196.19 186.418 174.687 166.403 151.583 132.165 106.343 76.3623 25.6074 0.928796 -0.378633 -0.38009 -0.511442 -0.676968 -0.685145 -0.749524 -0.300626 -0.725976 -0.253086 -0.425663 -0.647003 
2.04555 1.81071 1.42768 1.33858 1.70677 1.3149 1.07152 2.18698 1.44286 2.28447 2.51401 2.59652 3.36059 4.08617 29.6727 81.3796 111.345 136.322 157.595 172.335 170.901 190.079 201.846 210.482 216.99 175.46 158.138 149.033 141.406 137.874 133.263 132.522 128.79 125.426 127.141 129.329 132.812 138.145 142.061 151.275 167.361 199.061 201.372 195.898 187.287 175.396 166.796 152.213 132.314 106.962 77.5011 26.562 1.39292 0.49752 0.514781 -0.284637 -0.555455 -0.654044 -0.0714863 -0.981127 -0.455117 -0.746856 -1.00213 -0.408763 
1.25374 1.85778 1.77559 0.74309 1.39268 1.57197 1.23737 1.77334 1.53908 2.32381 2.42729 2.80855 3.47062 4.18096 32.2139 82.2081 111.368 138.214 157.384 173.379 171.028 190.226 200.313 210.425 216.74 174.169 157.389 148.938 142.012 135.762 133.053 129.956 127.942 125.174 125.979 128.885 131.486 137.096 141.861 151.272 166.182 200.208 202.984 196.168 185.273 175.38 168.533 151.909 133.546 108.234 78.7614 27.8468 2.59047 1.44972 0.528356 0.179788 0.605943 -0.298432 -0.537036 -1.40863 -0.485259 -0.107748 -0.332675 -0.780774 
