-0.723174 -0.194955 -0.848855 -0.545528 -0.803577 -0.20485 -0.794033 -0.69963 -0.574764 -0.366932 -0.619837 -0.420524 -0.68112 -0.733475 -1.02854 -0.888603 -0.501743 -0.401663 0.484514 -1.61434 52.1994 87.9522 115.951 138.633 158.475 166.722 179.32 188.824 199.491 210.909 172.227 152.834 140.149 135.276 130.801 128.122 126.561 125.591 126.459 128.234 129.234 133.57 139.417 144.425 154.333 168.425 204.616 206.433 197.37 188.605 174.152 175.271 159.048 141.637 118.172 90.7385 55.6456 -2.12663 0.142457 -0.748814 -0.760386 -0.765641 -1.03803 -0.966048 
-0.83177 -0.419349 -0.782896 -0.829934 -0.859078 -1.14871 -0.755867 -0.553561 -0.99651 -0.933315 -1.2336 -0.77793 -0.786156 -0.907649 -0.67792 -0.894885 -0.27812 0.0477609 0.453584 -1.96009 51.2601 88.2473 116.216 139.915 156.788 167.274 178.74 188.325 198.955 211.769 171.508 152.742 140.447 134.902 130.291 127.94 127.455 126.469 126.287 127.854 128.864 134.349 138.522 145.55 154.6 170.589 204.415 207.778 199.396 189.703 171.199 177.908 159.81 141.648 119.9 91.9543 56.0442 -1.72176 0.339569 -0.767656 -0.551857 -0.943403 -0.930367 -0.825323 
-0.458056 -0.937015 -0.849204 -0.269065 -0.548349 -0.685213 -0.802054 -0.554805 -0.768524 -0.331921 -0.999571 -0.553301 -0.926286 -0.506164 -0.654984 -0.912238 -0.197828 -0.288174 0.324738 -1.55266 50.3873 88.1392 116.96 139.483 157.435 167.546 180.133 190.22 198.839 211.805 171.182 153.411 141.547 133.763 130.9 127.971 126.412 126.11 126.193 127.378 129.451 134.239 138.118 145.874 154.734 170.239 204.554 207.491 201.018 187.941 172.879 177.887 159.256 142.786 119.142 91.4923 56.0131 -1.80826 0.250917 -0.712188 -0.793391 -0.765792 -0.632746 -0.829128 
-0.823881 -1.57327 -0.725194 -0.693747 -0.747689 -0.518328 -0.871493 -0.881425 -0.774031 -0.796249 -0.640639 -1.01641 -0.776559 -0.495338 -0.878173 -0.763834 -0.541017 -0.111366 0.501703 -1.55456 49.8882 88.0222 116.751 139.29 157.318 167.96 177.922 188.671 195.395 211.89 172.273 154.547 144.762 139.953 131.402 128.365 127.696 127.118 127.114 129.116 130.071 134.523 139.095 146.075 155.942 170.488 206.594 208.094 200.098 189.417 177.739 176.657 160.236 142.547 119.996 91.8446 57.2659 -1.17165 0.403837 -0.585475 -0.605981 -0.70952 -0.935099 -0.526446 
-0.428167 -0.69165 -0.628431 -0.273871 -1.2648 -0.289953 -0.791815 -0.449227 -0.86838 -0.766118 -0.647878 -0.643552 -0.771663 -0.809798 -0.417757 -0.689562 -0.579691 -0.421976 0.70919 -1.00905 47.5693 87.5798 116.877 140.264 157.735 167.681 179.399 188.51 198.895 212.612 173.316 154.77 142.488 136.966 131.729 129.391 127.314 127.655 127.345 127.02 131.108 135.416 138.933 146.472 156.004 171.418 205.516 209.455 199.731 189.566 173.114 178 160.309 142.725 120.613 93.2538 57.7359 -0.480032 1.27751 -0.0573045 -0.737584 -0.881036 -0.590388 -0.550986 
-0.754801 -0.884269 -0.666563 -1.1365 -0.818052 -0.412115 -0.891636 -0.537156 -0.564242 -0.637638 -0.302882 -0.734378 -0.949775 -0.737828 -0.921294 -0.922862 -0.241733 -0.243149 0.625911 -0.541428 48.8065 88.3832 116.629 139.826 157.496 168.893 179.604 188.725 200.365 209.955 176.377 156.451 144.7 139.969 133.237 128.944 127.946 127.596 128.431 128.557 131.319 134.5 138.953 146.548 156.131 171.85 207.059 208.825 200.912 190.184 177.998 177.613 161.099 143.845 121.891 93.8534 58.5129 0.235162 1.27073 -0.332611 -0.566764 -0.507185 -0.77667 -1.06973 
-0.698891 -0.703575 -0.922195 -0.741933 -0.754489 -0.682834 -0.931747 -0.663463 -0.56847 -0.384647 -0.793803 -0.682452 -0.945937 -0.574613 -0.794398 -0.637489 -0.725075 -0.0991694 1.03205 0.923837 42.2734 85.9917 115.004 137.79 156.652 174.368 172.802 192.047 199.14 208.102 185.705 158.704 143.744 138.104 133.361 130.228 129.003 128.514 128.751 130.574 132.142 136.186 140.199 148.54 155.313 169.34 202.963 211.212 203.191 193.785 174.735 185.109 164 146.626 125.581 98.102 62.7172 4.51663 1.82183 0.503903 -0.915084 -0.765848 -1.10411 -0.83011 
-0.762336 -0.30422 -1.34089 -0.721025 -0.858543 -0.586085 -0.929131 -0.711796 -0.86731 -0.833572 -0.769019 -0.615468 -0.820003 -0.804744 -0.772592 -1.02553 -0.27684 0.394262 1.41166 1.70741 36.6602 84.9495 113.461 137.843 156.425 175.832 174.098 191.185 199.194 207.804 190.698 159.84 145.839 139.467 135.78 131.841 130.406 129.964 129 130.745 133.177 135.858 140.123 147.666 156.691 171.106 205.604 213.282 205.283 195.773 176.557 186.445 165.852 148.689 127.728 99.8889 67.2646 8.33784 1.78133 0.977464 -0.517766 -0.616796 -0.663502 -0.900054 
-0.812599 -1.09119 -0.627325 -0.811987 -0.827812 -0.781347 -0.447319 -0.662304 -0.862073 -0.998673 -0.819129 -0.858313 -0.759916 -0.934372 -0.242392 -0.476926 -0.372219 0.318491 1.41286 1.74968 40.0189 85.4616 114.455 138.668 156.087 176.829 173.606 191.09 200.014 205.722 191.476 160.627 145.593 139.873 133.841 131.421 130.281 130.069 130.031 130.595 133.2 136.113 141.05 149 157.905 172.317 206.041 214.439 207.847 196.319 180.234 185.663 167.165 149.674 127.931 100.066 64.5731 6.59441 1.73586 0.536599 -0.272675 -0.662321 -0.720478 -1.02237 
-0.751942 -0.9511 -0.688811 -0.983487 -0.36849 -0.785161 -0.650211 -0.541509 -0.743866 -0.959341 -0.640143 -0.85015 -0.877111 -0.914298 -0.837686 -0.592784 -0.156304 0.583544 1.14875 1.10059 33.0035 81.6131 112.592 138.321 158.417 177.853 178.374 194.271 202.24 211.227 196.309 164.768 150.18 144.072 139.716 136.732 134.967 135.044 135.865 137.471 141.201 145.746 150.169 157.81 166.074 180.625 214.326 223.19 214.242 205.545 192.75 196.043 179.898 161.244 140.455 115.86 83.943 37.1039 1.50588 0.79812 0.0613468 -0.431553 -0.877694 -0.993195 
-1.25211 -0.611371 -0.771477 -1.09719 -0.618446 -1.1388 -1.0566 -0.628658 -1.35892 -0.96871 -0.746841 -0.817483 -0.484173 -0.67994 -0.59668 -0.655295 -0.0745577 0.38763 0.301662 29.9346 82.5708 113.809 139.53 160.319 178.099 191.599 196.823 211.164 217.586 224.101 209.879 178.072 164.273 157.029 153.546 151.354 149.787 149.872 149.244 151.443 154.564 157.242 162.852 169.465 179.507 193.907 234.233 248.789 242.312 236.996 230.717 225.325 213.956 199.483 173.942 151.408 122.087 86.6714 27.0506 -0.0794457 0.0683846 -0.438045 -0.514079 -0.879082 
-0.859135 -0.455741 -0.744468 -1.12124 -1.0166 -0.627417 -0.913749 -0.675793 -0.665546 -0.691058 -0.733991 -0.503415 -0.895933 -0.87224 -0.644959 -0.0867402 -0.491146 0.44952 4.00637 61.7468 95.119 124.423 150.634 179.36 198.431 212.643 225.514 236.104 241.853 249.079 236.45 198.931 181.579 174.172 169.253 166.512 164.674 164.28 163.88 165.07 168.42 174.479 179.526 186.696 195.269 210.378 247.537 260.12 251.786 242.336 239.945 231.568 219.656 208.953 183.92 156.905 135.902 111.718 84.497 46.8426 -1.75028 -0.917891 -0.235043 -0.851669 
-1.40428 -0.831768 -0.81388 -0.903011 -0.695952 -0.708305 -0.992121 -0.727441 -0.560084 -1.05927 -0.490945 -0.614711 -0.875711 -0.449618 -0.710847 -0.211189 0.0111345 -0.799556 29.4434 81.9967 116.741 141.742 170.578 195.531 208.857 218.492 230.039 240.352 248.632 256.417 242.536 198.142 189.031 184.995 183.823 180.381 177.622 177.038 177.029 178.207 181.151 184.387 189.977 195.442 205.188 218.317 255.095 272.923 267.698 257.957 251.688 248.04 237.4 227.675 213.868 178.915 152.858 129.251 103.616 73.9851 10.7249 -0.529042 -1.09358 -0.642246 
-0.913159 -1.01423 -0.915406 -1.0232 -0.562919 -0.892958 -1.05086 -0.747052 -0.776676 -0.619313 -1.11399 -0.824757 -0.992713 -0.74002 -0.534339 -0.580807 -0.660351 5.57437 66.4174 97.7453 126.665 153.007 187.925 203.198 214.247 224.786 239.247 247.907 255.723 254.97 228.27 192.996 189.33 192.953 187.372 184.749 182.573 180.95 180.956 181.261 183.33 186.165 189.894 195.758 207.56 218.736 254.549 274 267.848 260.643 252.98 246.858 240.668 228.959 216.709 191.81 161.39 134.564 106.095 73.8305 8.80447 -0.383741 -0.570368 -0.741189 
-1.03342 -1.17193 -0.527725 -1.15521 -1.17854 -0.389711 -0.882216 -0.730094 -0.805024 -0.95243 -0.576062 -0.920734 -0.632233 -0.739412 -0.486484 -0.929962 -0.13289 6.45521 70.4366 101.175 126.608 159.745 191.186 204.079 214.582 226.693 240.335 250.303 248.384 235.625 223.628 192.338 181.737 182.318 183.03 184.268 178.678 176.751 174.57 175.176 175.418 174.997 182.809 186.053 191.089 201.381 232.257 251.205 243.143 232.552 222.764 216.73 208.914 193.736 173.848 150.526 119.051 78.3063 21.3444 7.68266 -0.423056 -0.718379 -0.847324 -0.743408 
-0.645021 -1.18409 -0.768746 -0.634146 -0.681539 -0.923765 -0.828839 -0.885111 -0.736274 -0.875374 -0.585429 -0.623818 -0.437154 -0.520303 -0.62122 -0.773864 -0.162892 -1.87341 40.357 60.6102 90.7869 136.307 162.967 175.803 186.592 200.491 210.735 213.923 191.764 191.113 187.771 154.798 138.334 133.051 131.765 133.749 138.348 140.999 138.951 139.279 137.872 135.998 136.688 141.143 150.861 164.627 193.797 214.647 209.072 200.888 192.757 182.599 167.261 149.671 128.176 101.326 65.665 12.7491 2.98954 1.67798 2.05096 -0.220188 -0.645817 -0.531931 
-0.972992 -0.878901 -0.678377 -0.637788 -1.56949 -0.836333 -0.69862 -1.034 -0.896219 -0.878873 -1.07315 -0.731058 -0.850973 -0.689227 -0.699233 -0.941703 -0.268854 0.36221 -0.308569 0.500604 0.428803 49.4121 101.196 120.111 140.457 156.77 169.611 153.657 141.098 144.438 153.186 125.346 114.226 109.616 107.808 106.061 107.207 109.944 118.813 124.388 125.091 127.052 130.1 135.279 144.223 157.585 181.948 207.174 199.342 191.603 184.592 169.721 155.461 134.935 113.072 82.5938 31.0576 3.19101 2.03439 2.24229 0.988531 0.392765 -0.734393 -0.464359 
-0.859097 -0.726963 -1.10511 -0.880851 -0.723608 -0.884598 -0.888827 -0.738726 -0.770507 -0.617032 -0.550015 -0.847523 -1.14896 0.0277105 -0.705392 -0.620642 -0.314414 -0.11888 0.596169 1.2238 2.48087 26.1689 82.566 108.403 132.354 150.359 168.675 133.757 126.148 129.874 150.085 121.857 110.014 106.413 103.73 101.903 101.611 101.983 104.209 107.743 118.378 125.06 129.59 133.816 143.38 153.901 174.403 209.278 197.804 189.434 180.675 167.315 153.38 133.768 112.153 82.2527 30.2545 3.28083 3.13715 1.66366 1.45599 0.59305 -0.486663 -0.613787 
-0.866096 -1.03622 -0.895097 -0.888498 -0.743214 -0.999184 -0.633291 -0.74183 -1.03768 -0.933584 -0.6466 -0.655795 -0.645554 -0.64351 -0.290029 -0.765106 -0.509127 0.192221 0.187347 0.841442 2.08702 20.4536 77.3734 105.803 128.844 147.694 159.886 123.224 115.054 112.389 149.87 120.54 109.665 104.86 101.753 99.6211 99.1187 98.9096 99.5324 102.107 104.666 112.339 126.667 131.403 141.236 151.329 169.167 209.599 199.12 188.334 179.659 165.681 152.666 134.091 109.207 81.0813 29.5716 3.76471 2.32702 1.31219 2.67203 -1.15604 -0.644177 -1.05442 
-0.642005 -0.783789 -0.760456 -0.557741 -0.204036 -0.789827 -0.812977 -0.861701 -0.54887 -0.840524 -0.449837 -0.601219 -0.504671 -0.659247 -0.688758 -0.266124 -0.269394 -0.470524 0.0709315 0.969543 1.71056 16.198 73.7291 103.434 126.943 145.514 154.271 115.89 107.862 102.993 144.617 119.914 108.524 105.822 99.255 97.9707 97.4281 97.1041 97.5757 98.211 99.2459 104.225 111.299 129.452 139.469 149.635 167.416 205.845 196.433 188.972 178.994 164.795 151.155 133.157 109.569 79.6913 29.9167 3.06389 2.67982 2.23434 2.10015 -0.943561 -1.14924 -1.12194 
-0.561332 -0.743421 -0.775704 -0.536353 -0.43862 -1.77923 -0.866816 -0.572667 -0.588394 -0.939555 -0.770279 -0.47184 -1.05744 -0.682844 -0.916116 -0.833971 -0.880954 -0.657966 -0.754982 0.0491403 1.60497 11.6697 71.0932 98.2067 125.836 144.555 152.803 113.741 103.839 99.9909 134.406 120.007 107.392 102.568 98.6352 96.4034 96.0185 96.0778 97.156 96.5401 98.3149 100.94 105.165 118.179 137.666 147.328 165.214 204.488 196.381 188.076 177.264 164.646 152.459 132.866 107.973 77.583 29.1312 3.44741 1.82542 1.4531 3.02862 -0.831327 -0.900209 -0.861557 
-0.609072 -1.11245 -1.39079 -0.811205 -1.2002 -1.0361 -0.968403 -0.788884 -0.629043 -0.976107 -0.71206 -0.597099 -0.449801 -0.830053 -0.75944 -0.236307 -0.773096 -0.784653 -0.904208 0.0595043 1.07856 8.37785 63.3712 101.793 123.303 142.839 155.131 114.669 101.786 100.085 126.906 121.98 108.249 101.943 99.3304 97.429 95.34 95.4684 95.7829 96.1552 97.1882 100.028 103.526 109.611 133.641 146.187 162.855 201.546 195.427 186.268 178.545 164.696 151.691 132.663 108.677 79.2567 29.5439 3.63685 2.25005 1.86265 3.54129 -1.36271 -0.873978 -0.922406 
-0.9936 -0.944258 -0.760945 -0.513585 -1.04007 -0.619761 -1.21668 -0.813448 -0.613471 -0.746973 -0.672109 -0.613421 -0.706053 -0.639481 -0.680149 -1.1313 -0.775039 -0.923849 -0.46126 0.0480585 0.704637 4.7419 58.1356 105.167 122.942 142.393 158.433 116.155 103.275 101.856 124.517 120.503 109.029 103.789 100.097 97.517 96.029 94.6657 94.7221 95.0805 96.9139 99.2117 101.884 108.03 127.489 145.929 160.966 198.503 195.145 187.58 178.113 166.384 152.432 133.242 108.728 79.5678 31.1685 4.58844 2.79276 3.12923 3.35089 0.90364 -0.365122 -0.710226 
-0.76181 -0.324435 -0.642729 -1.41517 -1.04262 -1.13264 -0.735394 -0.503285 -0.601082 -0.931163 -0.646347 -1.06354 -0.970396 -0.525971 -0.591443 -0.423022 -0.336942 -0.168571 -0.615126 -0.371498 0.440387 -0.221397 53.9585 98.4978 120.374 140.323 156.287 126.784 106.233 106.707 117.092 125.41 110.529 104.111 100.884 98.4383 96.527 94.8961 95.4035 95.4974 97.087 98.9807 101.811 107.073 118.305 144.367 159.035 193.139 195.869 187.968 178.854 168.554 154.995 136.054 112.065 83.8789 39.4926 4.43795 4.15112 3.1449 0.432078 1.88896 -1.12441 -0.252963 
-0.765055 -0.396882 -0.41683 -1.11815 -0.595689 -0.961769 -1.02525 -0.897473 -0.77451 -0.680271 -0.629269 -0.993409 -1.15157 -0.528792 -0.126924 -0.415166 -0.634233 -0.894292 -0.376265 -0.0396997 0.695889 -1.256 48.5131 92.5053 119.107 138.845 153.947 139.804 109.019 112.751 113.448 132.501 112.23 106.526 102.184 98.8089 97.548 96.2725 96.3119 95.88 97.289 98.412 102.518 106.918 117.329 140.315 156.118 190.771 196.122 188.733 178.956 168.829 155.012 137.629 113.481 85.0589 42.7398 3.9258 3.35787 2.59625 2.15075 2.53217 0.054889 -0.908701 
-1.10603 -0.947766 -0.867178 -1.65083 -1.1693 -0.855987 -0.800981 -0.667056 -0.625936 -0.545346 -0.657954 -0.765547 -0.838052 -0.567621 -0.904167 -0.573491 -0.579803 -0.604213 -0.96079 -0.1101 0.377394 -0.0345343 43.7028 91.0171 116.205 138.058 152.568 149.868 114.516 116.023 114.907 135.44 114.08 107.091 103.014 100.283 98.5824 97.527 96.9815 96.932 98.4993 99.5544 102.704 107.205 116.462 136.836 155.243 188.155 195.234 189.955 178.88 170.442 155.235 138.777 113.985 85.6716 43.8554 3.32419 3.43676 2.33706 2.4451 2.22747 1.76785 -0.860633 
-0.597701 -0.33929 -0.4801 -1.11559 -0.979323 -1.74112 -0.790431 -0.702033 -0.956275 -0.624316 -0.885892 -0.412139 -0.738373 -0.432334 -0.877852 -0.518701 -0.548635 -0.884983 -0.869869 -0.53346 0.714702 0.103843 38.7168 90.1127 116.311 136.414 154.253 156.56 122.787 119.482 117.742 139.75 116.716 108.844 104.408 102.573 99.9587 99.4154 98.1264 98.3467 99.1362 101.067 104.256 109.214 118.513 137.533 152.253 184.627 197.445 188.386 178.518 170.319 155.459 136.751 113.316 85.7826 44.4812 3.50569 3.47749 2.56394 2.18524 2.50156 2.63594 -0.214612 
-1.25561 -0.792663 -0.966876 -0.883947 -0.840003 -1.2089 -0.936652 -0.962282 -1.34882 -0.758972 -0.834289 -1.13431 -0.900501 -0.581407 -0.56731 -0.730738 -0.940268 -0.91832 -0.761341 -0.623072 0.204195 0.552571 35.4075 89.3227 113.875 136.757 152.945 165.535 128.922 122.021 119.471 144.895 117.955 112.033 105.567 102.701 100.308 100.034 99.8333 99.7993 100.163 102.655 105.73 110.925 120.363 138.952 151.603 181.381 196.766 188.325 179.301 168.859 156.182 137.906 114.901 85.8108 46.1027 3.14203 3.31351 2.20006 2.01725 2.22079 2.13621 1.73706 
-0.996927 -0.946812 -1.22466 -0.652648 -0.908511 -0.894137 -1.2116 -0.550772 -0.363572 -0.783177 -0.837808 -0.978567 -0.612327 -0.949972 -1.21985 -0.588145 -0.734923 -0.663452 -0.512316 -0.77455 0.310468 0.687943 33.0801 85.2346 112.181 135.797 152.151 170.917 146.205 125.827 124.011 153.811 120.59 114.032 107.73 105.332 102.333 101.877 101.541 101.713 102.791 105.018 107.715 113.628 126.356 137.859 150.374 178.664 197.13 189.341 180.735 168.944 156.3 138.56 114.402 86.8204 48.8957 1.78657 2.94105 2.12225 2.02224 1.93918 2.10032 2.1431 
-1.48087 -0.380154 -0.699139 -1.08399 -1.29571 -1.07123 -0.783651 -1.02217 -1.14498 -1.28737 -0.475845 -1.08773 -1.05746 -0.54833 -0.734992 -0.621297 -0.730264 -1.34027 -1.24725 -0.631894 0.280193 0.717827 30.2555 81.3629 113.91 134.525 158.473 167.459 164.622 136.343 136.591 157.178 124.598 117.252 110.518 106.899 104.425 103.899 102.568 102.934 104.585 106.562 110.155 118.633 129.028 136.055 148.756 175.995 197.251 189.178 180.088 170.72 156.664 137.66 115.589 87.4844 50.4636 1.10995 3.07749 2.40111 1.68655 1.71355 2.17911 1.56421 
-1.02056 -0.62172 -0.777414 -0.909061 -0.765593 -0.867233 -0.849144 -1.03058 -1.15014 -1.02503 -0.947068 -0.815407 -0.64205 -0.789747 -0.979296 -0.68623 -0.660113 -0.576591 -0.950013 -0.807399 0.149209 0.819492 27.851 77.4299 116.344 131.097 162.95 167.002 178.42 153.785 152.495 165.156 129.417 118.923 113.91 109.571 108.02 106.656 106.164 107.122 108.014 112.125 118.352 123.946 128.238 136.122 148.767 170.173 198.547 189.224 182.593 170.562 157.29 137.942 116.19 87.24 52.3784 0.945681 2.9806 1.97826 2.00909 1.80967 2.199 2.08466 
-1.07525 -1.11986 -1.84977 -0.398177 -0.830764 -0.9718 -0.902403 -0.669528 -0.966114 -0.928536 -0.971156 -0.925599 -0.424491 -0.581452 -0.682461 -0.924797 -0.848856 -0.749031 -1.24933 -0.838511 -0.532075 0.879303 25.7249 75.7141 115.408 143.516 153.663 165.702 181.011 179.866 172.988 175.349 137.95 127.09 120.448 115.638 113.903 112.397 112.726 114.036 115.51 117.928 120.143 124.142 127.905 134.888 146.05 162.295 202.573 190.668 180.656 170.109 157.067 137.543 115.24 88.5991 54.4672 0.44242 3.01969 2.06247 1.96007 1.95413 1.83089 1.74622 
-0.759066 -0.890306 -1.2264 -0.907179 -1.05505 -0.700804 -1.09991 -1.07526 -1.08726 -0.944985 -1.02996 -0.500176 -0.830362 -0.896247 -0.255747 -0.345896 -0.922114 -0.397056 -0.502872 -0.49894 -0.126279 1.21094 22.6507 75.9395 114.303 139.503 152.692 164.678 178.19 184.051 191.82 196.685 151.891 139.582 131.259 125.25 121.52 118.445 117.483 115.579 116.65 117.235 119.105 122.116 126.719 133.53 143.867 161.256 199 188.609 180.186 169.005 157.405 139.342 116.982 89.7032 55.5166 2.32682 3.23267 1.67609 1.99908 1.861 2.15281 2.03547 
-0.890057 -1.33102 -1.15071 -1.29111 -0.937465 -1.25907 -0.516534 -0.603193 -0.990437 -0.880692 -0.931956 -1.11561 -0.890504 -0.731758 -0.72415 -0.802904 -0.723535 -0.839019 -0.860539 -0.946887 -0.358458 0.876751 21.6636 74.3401 112.938 136.863 151.874 165.973 176.939 185.45 191.873 201.983 153.659 140.481 132.069 126.284 121.966 119.513 117.57 116.215 116.098 117.55 118.737 121.358 125.687 133.748 143.845 159.288 198.906 190.918 180.197 170.008 157.711 138.478 117.078 91.0375 56.3822 3.25153 3.16612 2.18283 2.2666 1.42791 1.51023 1.57238 
-1.13162 -0.945031 -1.1915 -0.872691 -1.42906 -1.10932 -1.23308 -1.21226 -1.2559 -0.62252 -0.869317 -1.23852 -0.639563 -0.652986 -0.825323 -0.763135 -1.01882 -0.973466 -0.743034 -1.40008 0.014793 0.835016 20.1033 74.5733 111.069 137.196 150.581 167.454 173.878 185.201 192.819 200.068 154.617 141.953 132.694 127.148 122.148 119.194 117.797 116.622 116.616 117.926 118.943 122.775 126.484 134.234 142.301 156.465 194.74 189.307 181.247 170.06 157.035 139.277 118.531 91.2642 56.4947 4.7062 3.01046 1.93401 1.64233 1.45252 2.53387 2.32594 
-0.655197 -0.709767 -0.292819 -1.04259 -1.93352 -0.693521 -1.10064 -0.818725 -0.964185 -1.45115 -0.894938 -0.771942 -1.10606 -1.37844 -1.10921 -1.08337 -0.848352 -0.51273 -0.783923 -0.814805 0.423354 0.929482 18.5989 73.6538 109.479 136.588 150.517 165.422 174.917 185.662 192.848 199.49 156.966 142.87 134.571 126.716 123.846 120.325 117.893 117.067 117.235 117.234 118.616 121.75 125.727 132.425 142.114 155.975 192.38 189.15 181.741 171.107 157.962 140.998 118.503 92.1294 58.1003 4.98507 2.80543 2.11444 1.75939 1.39809 1.2224 1.75551 
-1.39565 -0.800512 -1.18866 -1.10788 -1.51315 -1.08773 -1.02037 -1.11361 -0.788052 -1.47045 -0.97657 -1.23388 -0.73377 -0.98094 -0.727066 -0.691829 -1.11587 -0.37008 -0.8478 -1.01702 -0.159229 0.976677 17.1751 72.2515 108.853 134.535 156.294 161.035 174.896 186.243 193.081 199.849 157.526 143.812 134.442 127.59 124.513 120.802 118.322 117.821 117.952 117.792 119.738 121.119 125.272 131.345 142.375 155.85 190.882 191.259 182.241 171.426 158.7 140.891 120.061 93.627 59.7318 6.0611 3.42649 2.35451 1.2707 1.6054 1.71056 1.72385 
-1.06884 -1.15243 -1.74755 -0.327138 -1.20263 -0.921366 -1.72348 -0.529396 -1.2543 -0.957891 -1.09203 -1.2865 -1.26489 -0.435846 -0.73654 -0.595181 -1.00971 -0.760489 -1.02325 -0.778788 0.29078 0.830991 16.0882 71.4568 107.84 135.81 155.635 161.331 173.891 185.565 193.431 200.242 160.162 144.953 135.941 129.324 124.191 121.487 118.379 117.508 116.943 117.362 119 121.893 124.577 131.162 141.133 166.127 190.293 191.341 183.695 172.036 158.425 141.516 119.554 94.1432 60.3694 7.65837 2.92971 1.9901 2.01058 1.21104 1.43781 1.53766 
-0.841665 -1.90548 -1.28427 -1.19794 -1.14404 -1.00689 -3.33447 -0.804174 -0.710863 -1.30135 -0.833923 -1.03938 -1.12259 -0.982563 -1.01907 -0.619634 -0.905777 -0.791232 -0.69633 -0.750695 -0.438627 0.746999 14.3617 71.4846 110.105 139.588 148.363 161.421 174.68 184.652 192.457 202.539 161.054 145.423 135.471 129.64 125.533 121.972 118.947 118.339 116.8 117.419 118.354 120.163 125.211 131.766 139.453 153.154 187.961 190.71 182.933 171.585 159.675 142.104 120.955 95.2547 62.731 9.91375 2.9385 2.11035 1.45641 1.32756 1.4074 1.4606 
-1.59431 -1.12446 -0.62387 -1.44454 -0.587598 -1.24987 -1.46452 -1.17639 -1.136 -1.31718 -0.85774 -1.0404 -0.556497 -1.12955 -1.48051 -1.19343 -1.14559 -1.04821 -1.1018 -0.771475 0.389967 1.17818 13.6652 75.3176 107.088 129.498 151.37 160.203 174.124 185.342 193.706 202.85 162.206 148.045 136.071 131.307 124.641 120.5 119.217 117.922 117.254 118.165 119.261 120.989 125.111 130.339 139.678 152.048 185.418 192.171 183.001 174.929 160.101 144.152 122.852 97.5041 64.8471 11.1861 3.96657 2.2741 2.07938 2.19892 2.05254 1.53108 
-0.581102 -1.563 -1.00458 -1.16325 -1.3137 -1.22969 -0.763291 -1.25049 -0.339409 -1.11157 -1.06381 -0.96589 -1.48571 -0.258572 -1.30867 -0.756995 -0.811434 -0.520524 -1.28733 -0.302433 -0.731327 0.324502 11.9141 73.3956 103.355 126.65 151.56 160.185 174.155 185.166 193.03 199.814 169.737 149.137 138.337 130.977 125.915 122.69 119.117 118.672 117.29 117.862 118.408 120.429 125.459 129.789 137.846 150.908 181.261 191.821 184.452 175.872 161.679 146.092 126.228 100.812 69.4552 16.2102 4.84353 3.19792 2.96722 2.31791 2.33947 2.17202 
-0.980406 -1.06231 -1.54664 -1.35534 -0.540041 -0.95766 -1.2525 -0.203076 -0.981107 -1.012 -0.671436 -1.16501 -1.14207 -0.631291 -1.24916 -1.36658 -0.947629 -0.656786 -0.379733 -0.455635 -0.0334533 0.79606 9.48526 69.767 101.473 124.514 151.659 157.829 172.565 184.102 193.057 199.874 174.737 151.33 138.631 132.205 126.867 122.817 119.471 117.72 118.372 118.389 119.835 120.636 124.723 128.751 136.865 147.7 177.409 194.543 184.192 175.572 163.242 148.62 128.325 104.181 74.1185 21.2658 5.26216 4.24818 3.82543 2.94687 2.44082 2.1657 
-1.12925 -0.97126 -1.12839 -0.936268 -1.09713 -1.0623 -1.40383 -1.16893 -0.814267 -1.01754 -1.42982 -0.603153 -0.803679 -0.830154 -1.51846 -0.997544 -0.723196 -1.64864 -0.860893 0.0226135 0.0842292 2.24788 9.84888 68.6328 102.254 124.905 149.497 161.868 173.284 183.736 193.651 199.744 176.386 151.755 140.357 132.495 125.96 122.573 120.702 118.647 116.332 118.011 118.708 120.582 123.193 128.387 135.221 146.019 172.959 194.297 186.857 176.727 163.849 150.531 131.187 106.845 77.474 24.0178 5.33552 4.93027 3.82513 3.84793 2.94744 2.70338 
-0.810782 -1.26942 -0.774 -0.808527 -0.617217 -0.970608 -0.408325 -0.92947 -0.421229 -0.514293 -0.765949 -1.66306 -0.871541 -1.08406 -0.677584 -1.04432 -0.748431 -0.461736 -0.760732 -0.563859 -0.666982 9.292 15.224 66.962 107.121 126.706 148.162 159.158 173.407 182.943 193.458 200.78 178.274 153.558 140.569 133.622 128.453 122.889 121.124 118.844 118.902 118.243 119.292 120.821 123.571 127.63 136.065 146.183 165.255 198.334 186.489 178.054 166.141 150.696 132.567 109.516 79.2226 27.3524 6.58193 5.37347 5.00115 3.94994 3.63735 2.60382 
-1.36412 -0.820108 -1.24879 -1.18398 -0.674166 -1.18816 -1.26999 -1.11967 -1.16709 -0.588426 -0.742862 -1.65037 -0.676136 -0.859206 -0.540595 -1.64735 -1.08968 -0.817193 -0.593111 -0.464009 1.61108 19.0975 12.7859 63.7174 101.207 124.624 146.002 162.885 176.235 186.004 195.915 204.197 181.893 156.488 142.912 135.473 129.751 126.644 122.309 121.046 120.604 120.669 122.326 124.043 127.113 131.254 138.517 147.869 164.566 205.037 191.229 179.921 174.252 158.829 142.093 120.113 92.8464 49.7594 6.25182 5.74423 5.55906 5.98783 5.76469 2.53824 
-1.30074 -1.6393 -1.44189 -1.21586 -0.948101 -0.804563 -1.32492 -1.32642 -0.677543 -0.573004 -1.1699 -1.18893 -0.939706 -0.0926896 -0.954691 -1.3784 -0.806276 -1.00234 -1.08906 -0.214791 3.02045 20.6849 60.0578 93.3503 118.303 144.053 162.614 177.283 183.75 194.98 203.879 213.155 189.832 164.722 152.17 144.033 136.667 132.93 130.231 127.451 127.768 132.229 135.526 138.259 143.136 149.387 156.849 168.371 187.659 228.297 221.103 211.687 210.12 212.764 204.355 186.328 166.154 147.037 132.298 105.592 86.6887 56.1394 7.46753 0.357665 
-0.674092 -1.28836 -1.08754 -1.56847 -0.920863 -1.24569 -1.55553 -1.14428 -0.543282 -0.884593 -1.26123 -1.02962 -0.425119 -0.791714 -0.928201 -0.862208 -0.830371 -1.26752 -0.766969 -0.26425 1.75767 19.7078 83.0785 119.305 145.946 168.052 181.462 189.579 195.885 208.019 218.433 229.01 212.969 187.674 175.468 168.782 164.588 162.592 159.967 159.292 161.537 161.777 164.475 168.737 173.689 178.577 186.964 196.309 213.851 258.943 249.415 241.186 238.923 241.364 239.911 235.497 220.751 198.636 171.953 139.397 116.976 90.9295 53.6499 0.776875 
-0.462669 -1.00345 -1.0443 -1.00371 -0.617445 -0.738565 -1.64064 -1.08964 -1.24636 -1.50609 -0.768811 -0.449892 -1.2553 -0.643452 -0.827372 -0.899244 -1.44953 -1.28072 -0.595834 -0.688277 0.0430625 32.0426 101.372 133.218 161.334 184.948 197.122 203.725 212.06 226.467 238.447 246.438 232.803 202.885 191.098 182.189 175.949 172.647 170.42 168.383 168.503 170.597 171.422 175.453 178.746 183.775 192.89 202.645 222.842 267.079 261.604 251.169 247.103 245.754 241.58 237.007 230.673 187.321 163.276 144.2 122.57 98.9325 68.7795 11.5743 
-0.453784 -1.06216 -0.760836 -0.701328 -0.723654 -1.50139 -1.27234 -0.813436 -1.11747 -0.7351 -0.762763 -0.4105 -0.720953 -0.690378 -1.03399 -0.661942 -0.867474 -0.699285 -0.68162 -0.73394 -1.69046 41.3944 94.2432 137.235 160.985 188.57 197.323 205.395 215.481 229.527 240.761 251.304 242.1 208.21 194.6 186.685 180.615 176.878 173.656 172.589 171.604 173.79 173.839 176.569 181.063 185.919 192.764 204.8 222.837 266.995 263.182 257.36 249.313 242.508 240.505 228.65 207.804 184.616 166.486 145.751 123.656 97.6759 64.8652 5.35353 
-0.322342 -1.1726 -1.59002 -0.895537 -1.50944 -1.16015 -1.24225 -0.820049 -0.637177 -0.435063 -1.30621 -0.770095 -0.592475 -0.627861 -1.76789 -1.02926 -1.1299 -0.761697 -0.950345 -0.621101 -0.314703 26.1146 78.2773 121.961 158.573 182.763 196.987 202.642 213.847 226.922 238.15 247.069 243.028 205.921 193.296 183.584 178.275 175.655 173.272 171.978 170.894 170.435 171.131 172.532 174.726 181.853 187.345 198.819 215.534 257.988 255.656 251.909 243.818 238.686 231.86 219.421 201.217 183.063 162.58 140.977 114.475 83.1065 32.9057 -0.0914359 
-1.38084 -1.57023 -1.16737 -1.63304 -0.719942 -1.61591 -1.13566 -0.774155 -1.41139 -1.19502 -1.02319 -0.911904 -0.921367 -1.29181 -1.03538 -0.832779 -0.541712 -1.29607 -1.04186 0.210909 0.406752 1.94476 56.7801 97.2433 145.972 169.629 190.3 199.865 209.144 222.497 234.799 243.422 243.841 204.362 190.854 180.398 174.495 170.228 166.533 165.322 163.327 162.73 161.434 163.383 165.996 169.426 177.866 188.629 203.291 244.172 243.865 237.502 232.021 227.582 218.268 206.878 193.235 176.976 150.612 120.538 90.4025 45.6823 1.0642 0.0433653 
-1.26854 -1.32922 -1.35169 -1.06726 -0.90786 -0.709383 -0.689198 -1.30538 -0.891914 -1.10771 -1.24531 -0.601362 -1.00276 -0.817473 -1.00055 -1.11586 -0.811615 -1.00024 -0.609413 -0.270512 0.207643 1.01887 15.8605 72.7121 111.871 156.01 177.698 193.972 203.151 212.887 225.299 234.55 236.377 197.088 181.437 170.083 164.125 158.161 154.363 151.206 148.97 146.626 148.289 149.318 151.346 155.944 160.865 171.468 185.916 220.035 225.792 218.363 208.184 203.056 196.406 184.329 169.007 147.676 119.602 87.1978 39.7922 1.59011 1.60134 0.826018 
-1.23141 -0.775857 -1.07482 -1.32023 -0.999019 -1.24775 -0.903774 -1.58383 -0.775404 -0.459986 -0.914534 -0.720351 -1.44663 -0.707223 -0.795744 -0.855468 -1.3861 -1.37051 -0.709129 -0.246949 -0.123057 0.8674 -0.301716 49.0286 89.8244 120.804 152.708 175.876 193.795 201.916 214.115 221.724 224.563 184.009 169.22 158.345 150.791 145.474 141.832 138.467 135.858 135.496 135.812 136.731 138.295 144.566 149.528 159.513 172.685 208.967 211.953 204.808 194.007 182.378 177.121 162.726 144.538 124.742 96.4596 64.4074 3.34653 2.72591 1.7014 0.618877 
-1.32936 -0.875674 -0.475951 -1.04377 -0.958342 -0.845403 -0.94211 -1.06513 -0.913091 -1.22526 -0.977843 -1.37129 -0.914284 -1.33724 -0.871405 -0.858052 -1.11843 -0.786585 -0.806814 -0.140385 0.0978833 0.364123 0.469777 45.0573 89.1024 117.75 141.369 158.713 175.052 177.736 194.453 205.439 206.132 168.599 153.676 144.834 138.654 135.458 131.907 131.063 129.685 129.411 130.68 133.009 136.378 141.091 147.107 157.671 171.304 206.237 211.387 204.657 193.543 179.639 179.938 162.93 144.445 124.69 96.0802 62.2039 4.245 1.94996 1.08895 0.405682 
-0.840105 -1.20232 -0.664423 -0.844229 -1.23741 -1.35017 -0.891292 -0.673427 -1.14482 -0.460047 -0.73862 -0.807046 -1.50695 -0.950426 -1.10768 -1.22894 -0.776876 -1.08426 -1.28702 -1.36951 -0.827226 0.898459 0.313324 40.1849 85.0774 114.821 139.118 158.357 175.14 179.459 193.67 203.365 206.321 168.431 154.1 144.95 138.94 134.582 131.447 129.768 128.25 127.725 129.215 132.198 134.612 140.203 146.348 155.866 169.449 203.503 210.72 202.957 191.022 173.412 182.879 161.927 144.42 122.941 96.4951 62.6826 7.16411 2.09455 0.543413 0.401353 
-0.713436 -1.11432 -1.25187 -1.39185 -0.853547 -1.04533 -1.27738 -1.02318 -0.944825 -0.809344 -0.765319 -1.45071 -0.895873 -0.85274 -0.773586 -0.835242 -0.47679 -0.856036 -0.580943 -0.938458 0.202573 -0.322472 0.752227 39.8534 85.6288 114.642 138.154 156.041 175.538 178.994 194.025 199.939 207.632 169.653 154.314 145.062 139.914 132.618 131.541 129.277 128.886 128.386 130.027 131.385 134.944 138.854 143.965 154.718 168.107 200.433 209.314 200.873 192.401 174.319 180.001 162.125 144.676 122.876 96.3655 62.9609 5.60777 1.1821 0.609831 0.0741102 
-0.742672 -0.671998 -1.33839 -1.21617 -0.969472 -0.873377 -1.31235 -0.743077 -1.09206 -0.95769 -0.691835 -1.16509 -0.794475 -0.545456 -0.345682 -1.03601 -0.850003 -1.03245 -1.07371 -1.29144 -1.09137 -0.0935588 0.288263 38.1325 83.7627 113.849 137.157 155.788 175.479 176.205 194.119 200.948 208.06 168.697 153.615 143.394 137.846 132.772 130.408 127.977 128.469 128.875 129.043 131.327 133.588 139.582 144.156 153.76 166.061 199.419 208.692 202.083 191.861 177.708 176.981 162.919 144.961 123.518 98.0298 64.2136 6.53034 0.929388 -0.151239 0.120096 
-1.10378 -1.57682 -0.865281 -0.253004 -1.10489 -0.905328 -1.35437 -1.03251 -0.561724 -0.653811 -1.30032 -0.843138 -0.749606 -0.887049 -0.87915 -0.890725 -0.982068 -1.09023 -0.975645 -1.02759 -0.497098 0.0818525 0.693498 35.0983 81.0337 110.966 136.755 155.852 174.563 171.981 190.488 201.227 208.09 169.182 153.852 144.249 138.749 133.157 130.135 127.333 127.286 126.615 127.754 130.819 133.135 138.165 143.025 152.24 165.469 194.158 208.307 202.469 192.005 178.92 174.577 162.783 145.152 125.037 97.9697 66.1425 10.6668 0.891769 -0.340611 0.282495 
-1.07385 -1.22475 -1.30625 -0.73838 -1.20917 -1.21846 -0.750891 -0.764564 -0.644107 -1.5402 -1.25242 -0.446087 -0.870391 -0.79779 -0.329347 -0.859934 -1.08588 -0.484858 -0.467064 -0.916154 -0.81724 -0.0623371 0.572837 27.3918 78.9312 109.322 134.378 154.406 169.7 175.427 191.027 199.368 209.448 170.859 153.735 144.773 138.013 132.713 129.67 127.91 127.97 126.842 128.951 129.808 131.725 137.616 142.613 151.032 162.661 191.084 210 202.499 193.936 181.535 173.999 164.327 148.478 128.203 101.931 70.5016 14.7565 1.14031 0.369912 -0.235523 
-0.857511 -1.43268 -1.01039 -1.26534 -0.99092 -0.668904 -0.953766 -1.11778 0.0715055 -0.922487 -1.08899 -1.21874 -1.07978 -0.955909 -1.00597 -0.772673 -1.0953 -0.268693 -1.18535 -0.8509 -0.479819 -0.254992 0.728778 27.965 77.5503 108.166 133.707 152.701 170.154 173.47 189.378 198.434 209.528 169.862 154.758 145.774 136.866 133.488 129.434 128.032 126.362 126.91 127.879 129.469 131.558 136.89 141.549 149.807 162.927 186.084 210.49 202.957 194.247 182.463 174.176 165.008 147.609 127.309 102.37 70.9443 15.8893 1.33835 0.339987 -0.110123 
-0.701048 -1.14758 -0.81566 -0.986907 -1.51357 -0.903063 -0.365472 -0.761728 -1.22797 -0.489015 -1.06806 -0.73967 -0.619691 -0.410311 -0.649782 -1.0647 -1.00188 -0.774461 -0.982542 -0.950863 -0.758628 0.279152 0.659373 24.4294 76.3576 107.537 132.811 154.075 169.789 173.701 189.121 197.001 209.685 170.607 153.6 142.927 136.846 132.222 128.698 126.665 126.449 126.304 126.472 129.605 131.687 135.259 141.84 150.027 161.126 180.433 214.548 202.901 193.787 182.687 174.654 165.623 148.99 128.201 102.675 71.1936 16.9643 1.1448 0.441462 0.0490041 
-0.837894 -0.586301 -0.772892 -1.67214 -1.06773 -0.600062 -0.639134 -0.925468 -1.0591 -1.53333 -0.771093 -1.12996 -1.26855 -0.26975 -1.19864 -0.811264 -1.13736 -0.729314 -1.08271 -0.674332 -0.452623 0.37735 -1.99102 23.2972 75.2489 106.56 132.202 152.627 169.597 172.795 187.649 196.593 208.958 184.276 154.031 143.16 136.984 131.95 127.856 126.841 125.721 126.164 126.421 128.94 130.954 135.519 141.566 148.948 159.541 175.866 218.494 203.983 194.315 183.417 175.909 166.252 150.362 130.247 104.1 72.6403 17.817 2.01534 0.518491 0.163312 
-0.299357 -0.717403 -1.05383 -1.71033 -0.855704 -1.37621 -0.875763 -0.854012 -1.47646 -0.767473 -0.372534 -1.03617 -1.16931 -0.491424 -1.01447 -0.613123 -1.34128 -1.1779 -0.670597 -0.553016 -0.752444 0.369281 1.06283 23.2214 76.056 106.059 131.524 151.493 168.537 169.583 188.598 197.443 211.145 169.939 153.55 144.423 137.681 133.714 129.233 126.488 127.509 125.635 127.861 129.163 131.974 135.287 142.554 148.607 160.455 175.894 215.701 204.502 195.702 184.435 176.036 166.792 150.098 130.555 105.954 74.8275 21.3479 2.34714 1.07172 1.293 
-0.661942 -0.66493 -0.711367 -0.982948 -0.60543 -0.905493 -1.10772 -0.850321 -0.953081 -0.886723 -1.01209 -1.29276 -0.914437 -1.13169 -1.03646 -0.967108 -1.24195 -0.386665 -0.342995 -0.274454 -0.0964513 0.611888 1.38807 20.8836 74.8046 106.445 132.052 152.725 170.033 169.347 187.331 195.255 211.761 170.839 154.208 144.592 137.525 131.574 128.815 127.356 126.66 125.876 127.278 128.236 130.725 135.427 140.885 148.503 158.994 176.273 214.744 205.675 196.147 185.452 176.739 168.09 151.933 131.459 108.029 77.6322 23.0578 3.65848 2.00324 1.62741 
