0.120797 -0.0409555 -0.411066 -0.23279 -0.266474 -0.0502269 -0.132226 0.0152581 -0.131774 -0.258898 -0.0740205 0.240326 0.0289751 0.560367 0.993825 8.22225 64.875 96.7398 124.288 144.953 162.667 169.989 179.773 191.429 202.021 210.834 171.974 155.397 143.576 137.743 134.182 130.204 128.345 127.746 128.661 129.025 130.915 133.728 138.944 143.387 152.395 165.918 200.194 204.517 196.207 189.518 170.833 175.646 158.125 139.83 117.805 89.7854 51.9416 -1.27564 1.0328 -0.019054 -0.287719 -0.30657 -0.260066 -0.331639 0.101184 -0.12798 -0.00696259 -0.238918 
-0.00740605 -0.165664 -0.149723 0.349754 -0.27864 -0.140949 -0.298041 -0.350209 0.0877999 -0.25502 -0.433989 -0.198219 -0.162056 0.457492 1.24636 7.63301 64.9781 96.9784 124.033 145.473 163.246 169.858 181.775 192.968 201.368 211.625 173.94 155.605 144.433 137.375 135.18 128.905 128.158 127.66 127.667 128.779 131.262 133.666 137.161 144.015 153.045 166.052 200.948 205.604 196.236 189.54 171.265 174.415 159.027 140.333 117.92 89.1335 51.4844 -1.26487 0.682255 0.180479 -0.179533 0.192119 -0.0528336 -0.0861319 0.239384 -0.0932694 -0.169215 -0.0635082 
-0.157858 -0.392461 -0.00390058 -0.0335062 0.215561 -0.26177 -0.207955 0.131007 0.0220285 0.0625915 -0.558164 -0.0444378 -0.115473 0.77432 1.26314 8.31481 64.4073 96.8933 124.569 144.923 162.885 170.52 180.981 190.775 201.322 211.37 173.688 156.63 145.656 137.963 133.47 130.977 127.693 127.516 126.976 128.977 130.941 134.209 138.525 144.905 152.583 166.981 201.958 205.268 198.499 188.438 171.234 175.835 159.965 140.229 117.664 90.0034 52.5687 -1.06541 0.784751 0.0378061 -0.15542 0.0465676 0.259775 0.425081 -0.223626 0.0334885 0.0857702 0.0149463 
-0.136484 -0.635359 0.400825 -0.141475 -0.265056 -0.240259 -0.420036 -0.706589 -0.200066 -0.549328 -0.0183186 -0.231348 -0.0129539 0.697266 1.62427 6.61693 63.9462 97.4155 124.303 143.984 161.786 170.055 180.819 191.752 202.39 213.234 172.979 156.028 144.37 138.829 134 131.448 128.979 128.89 127.693 129.208 134.114 136.338 142.116 145.893 154.369 167.614 202.303 206.414 198.6 190.578 173.902 176.628 158.534 140.527 117.285 89.5321 51.6256 -0.527379 0.973696 0.2407 0.204503 -0.0793164 -0.0820585 -0.145995 -0.160901 -0.159089 -0.372164 -0.370695 
-0.160203 -0.0157618 -0.258867 0.237927 -0.418567 -0.00915791 -0.295175 -0.224858 -0.35267 -0.275046 0.00169377 0.269532 0.0103413 0.268515 1.63049 7.56339 63.2581 96.561 124.734 145.558 163.288 171.81 180.956 193.359 203.417 214.726 173.396 156.688 144.659 139.907 134.743 131.12 129.405 129.209 128.092 130.314 134.204 134.811 139.495 145.065 153.962 167.505 203.109 205.83 198.835 189.949 174.474 176.014 158.717 141.072 117.52 89.9676 52.5214 -0.440846 0.972956 0.604837 0.593534 0.280178 0.341806 0.0753867 -0.231298 0.330771 0.36423 -0.0427278 
-0.121082 -0.210689 -0.035507 -0.0714062 0.011707 -0.17908 -0.0721468 -0.146963 0.154297 -0.352603 0.0784952 -0.0473628 -0.132412 0.713841 1.61497 6.68103 64.4286 98.1681 124.177 145.949 162.881 172.997 180.659 194.204 202.558 217.041 174.445 157.952 145.929 141.449 135.655 132.059 130.783 128.521 128.301 130.013 134.39 139.685 140.369 145.768 154.523 168.427 203.562 207.509 200.195 190.488 173.738 176.252 159.146 142.036 120.089 91.6349 52.7075 -0.251456 1.78908 0.631838 0.450275 0.0637362 -0.0118605 -0.0431359 -0.170873 -0.040268 0.0902906 -0.404968 
-0.146972 -0.11309 -0.105924 -0.207846 -0.331764 -0.280747 -0.234466 0.0588439 -0.333233 -0.0055107 0.118529 -0.0814683 0.247521 1.16721 1.51956 2.18703 60.844 95.963 123.175 145.006 163.05 173.622 179.989 193.983 203.273 211.333 186.577 160.573 149.106 142.772 137.461 133.73 132.356 130.203 131.531 130.755 133.123 136.018 141.137 146.019 154.083 167.455 201.176 209.81 202.268 194.889 181.604 176.948 163.465 145.8 123.478 96.3684 60.0975 1.42884 2.36679 1.12654 0.588418 0.0022573 0.044477 0.117858 0.380469 -0.00240966 -0.676419 -0.0886129 
-0.326282 -0.200647 -0.683992 -0.214587 -0.118105 0.116045 -0.143147 0.191524 -0.38852 -0.0127475 0.164852 0.0613134 0.697113 1.45904 2.0955 1.82129 60.1961 94.2841 121.235 144.659 162.215 177.112 182.005 194.908 203.188 212.208 189.749 161.312 149.712 143.298 138.103 134.256 132.6 130.153 131.123 131.645 132.62 137.219 140.449 145.535 154.581 167.63 199.903 210.883 203.171 194.526 181.919 176.393 163.152 145.091 123.352 95.9249 62.327 4.18555 2.98513 1.2509 0.71606 0.263638 -0.000423437 0.317528 -0.108316 0.0767512 0.452073 0.290052 
-0.096847 -0.0672024 -0.0197173 -0.286989 -0.438863 -0.294565 -0.226284 -0.282181 -0.182968 -0.223592 0.335228 -0.0449394 0.366784 1.15023 2.86494 0.677482 58.5524 94.4814 121.69 146.062 164.3 179.798 182.666 197.42 207.027 214.47 194.97 166.338 153.117 145.794 140.376 136.588 134.474 132.879 132.714 132.715 134.067 137.778 140.737 147.294 156.177 169.332 201.906 211.636 203.855 197.689 183.302 178.234 165.119 146.455 125.117 97.1803 61.5196 2.97279 2.84777 1.21518 0.51106 0.398819 -0.217348 0.0648179 -0.083814 -0.250114 -0.10752 0.00982883 
-0.20001 -0.224772 0.289226 -0.580693 0.366474 -0.0294687 0.242041 -0.312737 0.0987145 -0.172427 0.441351 0.495397 0.675378 1.16042 2.22003 7.07438 69.6941 108.581 137.473 158.782 176.588 189.324 193.589 210.753 220.947 229.872 206.364 177.57 163.22 155.608 148.384 141.755 139.851 137.565 137.56 138.407 140.376 144.678 149.49 153.7 164.183 179.019 212.77 223.067 213.582 205.816 192.002 185.511 171.982 154.751 132.968 107.334 75.1759 22.8307 1.32359 1.26403 0.371794 0.410933 0.20624 -0.0625511 -0.0369657 -0.54135 -0.329496 0.095862 
-0.521036 -0.0753902 -0.394691 -0.229697 -0.0347181 -0.0980045 -0.283838 -0.173279 -0.0806539 -0.23414 0.0698503 -0.198012 0.622841 1.07891 0.891438 58.0095 98.6371 123.508 150.645 175.715 191.646 211.339 225.696 239.03 245.304 247.784 220.278 193.164 180.318 173.186 168.276 162.757 160.771 159.973 159.137 158.297 158.538 159.605 162.249 167.278 176.643 189.905 223.733 235.298 229.367 220.217 210.99 205.023 190.853 175.875 157.172 132.821 106.238 75.0485 19.8809 1.27654 0.817525 0.0223211 0.113184 -0.0927423 0.262764 -0.151468 -0.0345794 -0.0906097 
0.0259764 -0.00540008 -0.17349 -0.297188 -0.681961 -0.174968 -0.086801 -0.264462 -0.0573764 0.209435 0.140814 0.388141 0.887613 0.777551 19.0554 86.7941 119.882 151.196 172.794 193.796 206.182 224.82 240.089 251.038 255.429 254.295 225.672 199.085 188.334 179.398 175.88 170.675 167.873 166.694 166.616 166.214 167.5 170.502 175.552 181.872 193.001 210.43 248.017 266.322 258.592 249.662 239.811 230.882 217.192 201.326 185.2 165.71 140.155 113.106 78.2142 34.2894 0.725572 0.793403 -0.62434 -0.167925 -0.140462 -0.294272 0.138049 -0.0715476 
-0.603777 -0.350085 -0.371032 -0.153818 0.0689828 0.15437 -0.614776 -0.0850511 -0.0154062 -0.361209 0.193582 0.658267 0.443257 16.5847 70.7012 104.92 132.068 155.172 177.549 196.148 209.113 229.627 253.968 264.86 265.035 253.27 216.314 200.784 192.853 184.864 179.071 174.692 172.607 171.805 172.854 174.336 176.075 180.121 184.012 189.472 202.175 217.301 256.839 275.784 271.314 256.487 248.715 239.855 225.883 212.199 196.403 178.294 158.091 132.829 106.664 76.484 21.8673 0.0301891 0.32756 -0.117752 -0.142683 -0.0466208 0.0183436 0.000990382 
-0.273189 -0.388367 -0.176677 0.186038 0.167833 0.070815 -0.0449242 0.0182036 -0.131882 -0.0662742 -0.290273 0.231464 -2.65634 53.6428 88.0514 114.17 138.112 160.492 181.003 199.592 213.703 228.402 266.84 287.739 258.564 234.48 215.96 202.264 197.982 191.228 185.525 180.991 177.198 174.069 174.837 174.61 176.939 180.431 184.137 188.18 201.724 220.631 255.68 280.241 272.494 255.193 249.087 240.205 225.76 212.626 197.289 179.712 161.093 137.402 111.526 82.6285 26.2983 0.121059 -0.318454 -0.0691645 -0.198063 0.284532 -0.0551715 0.164163 
-0.357074 -0.356666 -0.03485 -0.405067 -0.499645 0.151955 -0.453027 -0.164461 -0.140062 0.179492 0.0206531 0.283444 2.33603 61.7683 93.9355 112.418 130.123 150.736 168.899 184.783 198.765 209.883 227.762 216.195 202.466 205.388 195.795 168.135 170.089 162.154 156.212 153.911 153.075 152.481 153.322 154.821 157.089 160.94 164.485 171.237 180.358 203.093 241.641 271.308 257.711 236.909 232.626 222.436 210.4 194.584 178.174 159.423 140.703 110.845 68.2049 48.5619 9.58107 0.71698 0.168732 -0.400853 -0.351227 0.247279 -0.256791 0.297317 
0.00502075 -0.17807 -0.174717 -0.102408 -0.354594 -0.413646 -0.104808 0.318521 -0.068197 -0.329987 0.367173 0.324247 1.50497 8.41631 13.8814 39.702 87.7069 117.791 142.653 161.968 178.102 194.803 204.714 168.655 158.039 165.294 174.015 147.108 142.094 146.929 148.551 144.558 140.503 140.709 141.266 140.283 142.169 144.563 148.365 152.55 158.578 183.147 222.499 250.168 233.196 214.558 205.128 192.764 176.505 157.701 136.261 109.773 63.5093 6.68017 -0.283587 0.25866 1.21782 0.17597 0.197882 -0.0216512 -0.195755 -0.147402 0.0191461 -0.0790004 
-0.475999 0.126958 -0.00443997 -0.0458757 -0.465987 -0.057296 -0.111432 -0.0404669 0.27549 -0.639813 -0.538899 0.31226 0.560496 0.926792 2.30518 2.14474 20.6509 75.5166 108.052 133.905 155.681 169.517 172.452 133.458 123.198 127.649 155.911 126.827 119.224 115.717 116.951 122.396 122.871 121.143 121.685 121.148 122.64 124.485 128.976 133.216 142.111 161.509 187.566 206.907 200.535 192.4 181.16 167.516 150.93 127.938 103.216 70.899 12.7264 3.06579 2.22824 1.50272 1.20585 0.883199 0.0215286 0.169762 0.0454656 0.226786 0.0999188 0.265937 
-0.214403 -0.196278 0.144439 0.0325935 0.0796102 -0.689678 -0.46206 0.0258379 -0.266814 -0.0468498 0.280771 0.132331 0.564353 1.72406 1.70319 3.05745 12.1112 69.6512 102.807 128.205 146.79 161.677 158.629 119.685 110.887 105.993 145.276 124.771 115.883 110.875 108.185 108.342 118.211 119.93 119.182 118.902 120.732 122.687 126.389 131.09 142.637 156.386 178.973 203.81 196.988 186.445 177.098 163.22 146.912 125.509 100.16 67.4407 11.4647 3.28713 2.47974 1.3248 0.861063 0.646416 0.159951 -0.0820502 0.249126 0.173798 0.050713 -0.124683 
-0.219222 -0.119685 -0.0360582 -0.123377 -0.25391 -0.0767937 -0.144393 0.135961 -0.076106 -0.25131 0.0926172 0.16383 0.817472 1.00524 1.70393 2.69012 7.10266 67.3602 100.782 123.292 143.811 158.449 147.374 113.039 103.192 96.8683 129.187 118.284 113.726 108.895 104.712 103.022 103.605 110.914 119.081 118.683 119.588 121.192 124.923 130.504 140.866 155.888 173.147 204.102 195.481 186.462 174.721 160.296 145.241 123.873 98.3283 63.4701 9.97665 2.62531 1.32718 0.747895 0.799308 0.329605 0.0640013 0.328245 0.360453 -0.0690446 0.00489547 0.123354 
0.134889 -0.166559 -0.297886 0.120177 0.494696 0.093244 0.138595 -0.0876088 0.577204 -0.236753 0.243819 0.132302 0.331007 0.771891 1.48128 2.46501 4.40164 64.2069 97.5559 123.648 141.399 157.44 136.846 110.119 98.4242 91.6522 122.935 104.256 112.705 107.124 103.035 101.13 100.939 102.173 108.481 118.195 118.936 121.129 128.315 129.489 139.675 152.069 167.328 208.375 194.667 185.203 173.378 160.018 143.9 122.335 96.3607 62.2576 7.99577 2.1516 1.00116 0.589534 0.0718395 -0.353925 0.245709 0.171457 0.0874697 -0.0927988 -0.11133 -0.281966 
0.103763 -0.337441 0.0578025 0.10842 -0.0767197 -0.78331 -0.197061 0.0883543 0.0480956 -0.484042 0.0940228 0.172933 -0.52408 -0.365485 0.797446 1.76965 2.51697 60.1422 95.2023 121.986 139.989 156.828 134.975 107.13 96.9904 88.5201 121.101 101.114 103.049 107.542 102.717 100.154 98.5731 99.5011 101.485 110.804 117.967 119.146 124.29 128.337 138.092 149.683 164.896 204.57 192.563 184.564 172.977 158.469 142.151 121.983 95.5567 61.3147 7.10885 1.74295 0.283831 -0.0262209 -0.156909 0.64636 0.157536 -0.271565 -0.0318504 0.178775 0.219553 0.220034 
-0.069364 -0.115821 -0.445289 -0.567875 -0.339112 -0.279371 -0.196529 0.225986 0.122215 -0.221928 -0.18329 -0.142667 0.0551148 -0.217603 0.808732 1.44612 0.761755 57.2448 95.7108 121.119 139.389 156.425 135.421 107.003 95.095 86.1527 121.473 100.803 98.198 104.361 103.332 100.071 98.9121 97.0713 99.6116 103.698 117.899 119.702 123.873 127.586 141.37 147.205 164.486 201.307 192.419 183.112 172.849 160.005 142.882 122.102 94.6603 61.2525 6.4279 1.56653 -0.0700943 0.769507 -0.0758868 0.180861 0.212306 -0.0458253 0.365508 -0.432518 -0.208248 0.0080727 
-0.230074 0.335712 -0.0501333 0.143345 -0.327802 0.184344 -0.379674 -0.154411 -0.064527 0.10307 0.111817 0.0203724 -0.0373305 0.241845 0.679964 1.18002 -1.34921 56.0642 94.7771 121.202 139.389 156.45 140.305 109.049 97.6202 87.5507 122.858 101.485 97.0667 98.6134 104.288 100.853 98.3754 98.6089 99.9758 101.789 114.682 119.516 123.197 126.2 142.852 147.169 162.845 201.248 193.038 184.171 172.983 158.537 142.225 120.646 93.721 60.3811 5.92887 2.57831 0.456282 0.383255 0.121587 0.0267622 -0.0957365 0.423413 -0.37471 -0.121659 0.261286 -0.382789 
0.109613 0.112799 -0.135733 -0.359879 0.268288 -0.223028 0.332712 0.163237 0.353681 -0.229783 -0.046082 -0.403169 -0.401988 -0.10674 0.206492 1.19824 0.1434 46.8625 88.4603 119.237 138.557 155.279 148.288 114.363 101.818 92.3079 121.763 102.806 98.2258 97.2757 102.761 101.467 98.7981 98.1156 99.2045 102.007 112.949 118.729 121.717 127.313 140.457 148.343 159.808 197.159 193.293 184.121 173.15 159.506 143.962 122.564 96.8316 62.8816 9.33442 3.13204 0.819714 0.338852 0.207927 -0.0159141 0.0210833 -0.2723 0.0479916 -0.495218 -0.0865207 0.49197 
-0.118695 0.38748 0.109029 -0.436962 0.217973 -0.236006 0.00629839 -0.148489 0.113216 0.372276 -0.0530333 0.196161 -0.0732179 0.389982 0.83249 1.47441 1.42854 39.1257 85.9274 117.255 138.17 153.278 156.9 118.648 105.794 96.4435 123.413 104.918 99.1548 98.6074 102.012 102.339 99.1144 100.167 100.349 101.635 111.395 118.179 121.283 128.271 136.144 145.432 157.932 194.51 195.038 184.235 173.62 160.918 144.234 123.333 97.2064 63.7919 10.1605 3.51749 2.3368 -0.0250995 0.605978 0.162639 -0.357464 -0.447713 -0.0817789 -0.220441 0.515469 -0.523039 
-0.40404 -0.0996493 0.0852808 -0.473586 -0.529219 -0.427397 -0.00284813 -0.16431 0.232615 0.21926 0.0676945 0.00442605 -0.33169 0.459742 0.281066 1.2045 1.81036 38.9936 86.0303 116.2 137.181 154.43 162.41 123.879 108.645 100.327 124.006 109.116 101.953 100.103 101.637 103.607 101.456 100.245 100.895 104.269 113.36 118.804 121.086 129.716 134.577 144.689 157.013 192.411 193.486 184.005 173.98 160.401 144.84 122.428 98.2014 64.2961 10.3318 2.88291 2.61383 1.14556 0.0411665 0.726291 0.215176 -0.241608 0.0682901 0.412218 0.179562 0.39435 
0.00679891 0.611174 -0.099989 0.0898425 -0.192919 -0.950746 -0.209364 -0.286561 0.0729906 0.0331351 0.0213881 0.137523 -0.2758 -0.126905 0.520991 1.35485 1.96847 35.5385 86.5605 114.489 137.358 154.354 168.335 126.506 112.218 102.214 123.251 116.537 105.377 101.299 103.189 105 103.013 102.509 103.268 106.5 115.078 118.295 120.815 128.67 132.448 143.991 155.337 191.239 191.876 183.828 172.916 159.384 144.023 122.81 97.2562 63.924 9.64416 3.00383 2.55182 2.03857 0.152051 0.0820671 -0.050927 0.201298 -0.0359289 0.0267293 0.185564 0.148464 
-0.472799 0.0464317 0.132448 0.330043 -0.412515 0.113028 -0.0445096 -0.3793 -0.338501 -0.394297 -0.364073 -0.390477 0.385128 0.297656 0.372371 1.0246 1.33094 32.1303 86.2967 114.456 136.494 153.527 168.685 138.782 117.406 107.073 124.217 124.122 108.273 104.718 108.157 106.083 105.031 104.714 105.224 109.46 116.195 117.555 120.566 127.393 131.773 143.458 155.343 189.828 193.347 184.363 172.245 159.362 142.95 122.279 97.0454 63.0702 9.682 2.965 2.31545 2.21043 0.357665 0.506118 0.210696 -0.444125 -0.19478 -0.349696 0.105285 0.163282 
-0.149844 -0.471088 0.218721 0.376189 0.175477 -0.197559 -0.318333 0.366516 0.172028 0.164357 -0.0606683 -0.224386 -0.344683 -0.115833 -0.267771 1.44042 2.04422 31.7005 84.8076 112.957 134.89 153.854 165.332 154.785 123.498 111.851 128.748 130.143 113.016 110.39 112.219 109.24 107.996 108.073 109.615 115.675 116.227 117.467 121.186 127.642 132.473 141.893 154.757 187.317 192.323 183.82 173.111 159.711 143.769 122.612 96.9844 62.655 9.69259 3.85368 3.04889 2.3263 -0.0746449 -0.407645 0.281722 -0.130503 0.0468807 -0.11091 -0.28308 0.0668442 
-0.462239 0.41241 0.392759 -0.132344 -0.148698 -0.661041 -0.0634186 -0.123192 -0.140881 -0.425638 0.0280048 -0.359622 -0.14058 0.37746 0.0463273 0.783573 1.83627 28.0154 85.7742 113.629 135.943 152.113 165.601 168.956 130.456 118.445 133.989 138.631 120.539 121.267 114.273 112.873 111.965 113.43 115.867 115.357 115.859 118.109 119.417 126.852 131.465 140.742 152.775 183.664 191.62 183.298 172.879 160.447 143.912 122.2 96.5213 64.1525 10.8518 4.42068 2.39283 1.74996 -0.020693 -0.162131 -0.0877916 0.484569 -0.157443 0.249594 0.752539 0.47378 
-0.524644 0.122342 -0.0906524 -0.253818 -0.0140404 -0.334904 -0.111588 -0.768073 -0.309458 -0.375643 -0.187131 -0.216658 0.449071 -0.0200063 0.614064 1.08251 1.80322 26.1173 86.3232 113.276 136.52 152.316 165.891 180.402 147.07 127.067 146.378 151.349 134.15 126.257 120.702 118.02 120.356 117.927 116.896 115.495 116.652 117.52 119.713 126.156 130.912 139.823 151.494 184.389 191.222 183.992 173.065 160.675 143.115 122.143 96.9848 64.5368 13.1918 3.08496 1.92023 1.68897 0.390389 -0.323156 -0.357684 0.0640268 0.159119 -0.199726 0.162122 0.138535 
-0.030526 -0.320049 -0.60246 0.628524 0.254737 0.229666 -0.221938 -0.361678 -0.308515 -0.135352 -0.04364 -0.131459 -0.0180352 0.205913 -0.084138 0.606861 1.62206 26.0728 82.2316 114.561 135.438 153.348 166.011 177.564 178.8 145.46 177.878 171.82 144.94 136.131 130.697 125.867 123.137 119.552 116.846 116.361 116.137 117.465 119.431 125.76 129.024 138.427 150.185 182.308 190.564 183.085 172.677 159.939 144.631 122.272 96.7888 66.3675 11.4389 1.92781 1.02496 1.25873 -0.131219 -0.386571 0.0947699 0.0283141 -0.39794 -0.292282 -0.249859 -0.354184 
2.16849 2.00317 1.91849 1.69843 1.34063 1.21403 1.49054 1.66822 1.30424 1.63059 1.3423 1.71185 2.02 1.66134 1.76283 2.83799 3.64721 26.7191 78.7589 121.241 139.322 155.856 169.066 182.476 190.506 198.18 203.696 191.386 158.169 144.605 135.557 130.049 117.865 115.919 113.995 112.652 112.702 113.267 115.461 121.553 125.5 133.764 144.877 174.51 188.609 180.056 169.589 157.318 141.466 119.113 99.021 62.4697 9.33466 0.503607 -0.20101 -0.105816 -1.87378 -1.30028 -1.0682 -1.81581 -0.966028 -1.9708 -1.27164 -1.46879 
2.67776 1.7452 2.38024 2.04235 1.66695 1.21407 2.13669 2.08339 1.87154 1.87511 1.91104 1.14341 2.37972 1.77031 1.71788 2.61665 3.75488 27.3005 78.874 118.457 139.022 155.464 169.696 182.2 190.505 197.46 204.585 196.246 159.124 147.737 137.487 130.895 118.102 115.369 114.199 113.175 112.946 113.636 115.48 121.139 125.664 133.107 144.01 174.695 187.66 179.875 169.667 156.826 141.548 120.926 97.0897 62.501 9.14613 1.0166 0.328433 -0.494282 -1.33831 -1.38246 -1.60129 -1.29413 -1.14711 -1.70828 -1.35 -1.76865 
2.04255 2.81872 1.6223 2.04503 1.76166 2.04075 2.08927 1.99395 1.65541 2.24895 1.84921 1.67561 2.17757 2.15203 2.06912 2.58816 3.51583 26.2763 79.3099 111.549 147.529 155.005 171.099 182.711 191.283 199.402 203.89 198.223 161.087 147.597 137.214 131.816 118.567 115.851 114.286 113.512 112.803 114.583 115.17 120.848 125.055 132.668 145.158 171.259 188.454 180.6 170.075 157.638 140.906 122.696 93.7499 63.4048 10.1636 0.821264 -0.185927 -1.10174 -1.63322 -1.59983 -1.68576 -1.40872 -1.36712 -1.01362 -1.54586 -1.44355 
2.27973 3.01531 3.48172 2.54085 1.61377 2.42778 1.87215 1.43613 2.67463 0.949478 1.68615 2.23569 1.46558 1.62145 1.84819 2.50639 3.69074 25.3745 79.0839 107.065 150.027 156.201 170.528 182.929 191.4 198.554 206.592 199.615 163.416 149.628 138.373 132.323 120.206 116.505 114.25 113.175 113.059 114.201 114.972 120.262 125.003 132.67 142.986 169.61 188.947 182.216 171.139 157.581 141.623 124.989 94.1528 63.3507 11.0096 1.24011 -0.160811 -1.02634 -1.92068 -2.05391 -1.98577 -1.55346 -1.38463 -1.41665 -2.42502 -1.12322 
2.58019 2.32825 1.78443 1.70842 1.46313 1.84155 2.16301 2.05686 2.06284 1.81438 1.94496 1.92504 2.16067 1.71635 2.0176 2.823 3.69154 24.9043 78.4726 107.323 145.446 155.854 171.019 183.053 191.637 201.698 206.908 202.73 164.688 149.841 139.295 132.425 119.608 116.341 115.386 113.11 112.387 112.84 114.714 120.125 125.308 131.944 143.296 168.588 187.528 181.32 170.426 158.092 142.492 123.209 95.5152 63.6595 11.4522 1.01247 -0.678666 -0.724232 -1.29666 -1.16877 -0.771593 -1.65183 -1.72386 -1.46677 -1.33078 -1.4895 
2.17843 2.62369 1.95501 2.24567 1.58899 2.3536 2.75136 2.71786 1.99385 2.2178 1.62362 1.74165 1.19893 2.59468 2.17361 2.72593 3.67791 23.7134 79.0008 106.26 141.61 162.172 171.722 182.655 192.86 200.93 208.063 205.31 166.092 149.573 140.436 131.991 120.761 116.502 114.721 113.238 113.078 114.155 115.214 119.739 124.223 131.503 143.135 164.853 189.706 181.819 170.126 158.802 142.3 123.583 96.8221 64.2926 19.608 1.155 -0.389099 -0.809642 -1.65196 -1.85973 -1.95462 -1.6239 -1.17919 -1.99592 -1.19637 -1.60141 
2.34087 0.945948 2.10835 2.41875 1.87514 2.27548 2.26443 3.05394 1.8303 1.78643 2.21773 1.96824 1.6511 2.84209 2.35242 3.29733 3.74143 23.4344 78.4554 107.553 128.785 174.547 170.188 183.242 191.846 200.073 206.823 205.886 167.196 151.076 141.015 134.275 120.595 116.315 114.326 112.979 112.983 113.628 114.238 119.588 123.48 130.803 141.998 159.297 193.962 182.018 172.176 159.238 142.873 122.564 96.6341 64.7218 12.7109 1.06282 -0.483515 -0.423408 -1.12099 -1.42498 -1.2279 -2.06503 -1.9014 -1.69355 -1.55761 -1.30359 
1.8886 2.50237 2.6571 1.88096 1.65718 2.21712 1.34011 1.62985 1.6421 2.01278 1.49568 1.9131 2.95225 2.52375 1.99771 2.65772 3.75827 23.7054 78.7649 107.073 131.376 170.368 172.954 183.674 191.566 200.157 208.726 208.414 169.256 152.68 142.226 134.829 122.096 117.83 119.56 113.431 113.868 113.403 115.137 117.528 125.796 131.877 142.116 157.966 196.782 182.036 171.797 159.348 145.95 122.188 97.362 66.0495 14.2601 2.11951 0.325438 -0.317538 -1.02941 -1.57517 -1.13369 -1.62175 -1.53544 -1.43691 -1.43433 -0.790189 
2.67984 2.0837 2.63286 2.01436 2.03279 1.13421 1.99228 2.1707 2.40567 2.54015 1.72442 1.81579 2.45893 2.39795 2.01625 3.19272 3.63369 20.7947 75.4336 107.362 131.445 168.642 169.778 181.671 191.252 200.262 207.729 214.422 171.58 153.475 142.34 135.568 122.031 118.496 117.807 114.218 113.275 114.466 115.82 118.5 122.725 132.137 140.697 155.337 195.677 183.463 172.749 161.903 145.989 125.086 101.522 69.9454 18.674 1.50012 0.999085 -0.119742 -1.11327 -0.75123 -0.755102 -1.43177 -1.6814 -1.15321 -1.66444 -1.04272 
2.7057 2.21505 1.29115 2.67144 2.46182 2.11422 2.06486 2.74129 1.71341 2.03994 1.47961 1.72509 1.72042 2.16261 2.24218 3.08531 4.54533 16.666 73.4184 105.561 130.498 151.999 180.144 181.755 191.172 201.073 208.837 217.302 172.127 155.076 143.564 135.708 123.354 118.287 116.606 114.633 113.977 113.842 114.465 116.92 122.635 131.046 139.766 154.419 191.715 184.704 174.012 164.608 148.336 128.776 104.57 74.4147 23.9302 3.22835 1.71991 0.140963 0.296908 -0.897067 -1.21333 -1.16693 -1.39286 -1.05256 -1.48294 -1.41141 
1.78253 2.39229 2.71955 2.30033 2.02602 2.40713 1.57459 1.69729 2.25557 1.54909 2.11388 2.39577 2.29835 2.35474 2.56522 2.67342 4.28776 14.8257 73.3663 104.464 128.745 145.448 182.252 182.713 192.738 201.53 210.047 219.72 174.694 156.074 145.569 135.817 123.271 119.079 116.139 114.329 114.083 113.368 114.864 118.086 121.818 129.319 141.196 155.51 191.742 185.465 177.478 162.625 146.735 130 106.065 75.132 25.9011 3.76784 1.80701 0.588189 0.516819 -0.685177 -1.17164 -1.64524 -1.55213 -1.66262 -1.73021 -1.27882 
2.1245 1.97471 2.52234 2.28435 2.51933 2.11935 2.6407 2.34821 2.55782 2.58974 1.97107 1.53606 1.53072 2.03469 3.21206 3.36917 4.78791 16.5359 73.9315 105.248 130.971 150.044 181.897 183.054 194.275 202.398 209.96 218.269 173.829 155.82 144.102 136.915 123.948 119.125 116.233 114.972 113.604 113.495 115.013 117.025 122.298 129.734 140.942 154.296 193.018 186.01 179.067 164.988 151.723 135.808 111.827 80.5543 29.001 3.03151 2.10865 0.742192 0.51983 0.531733 -1.11892 -1.4788 -1.56255 -1.36603 -1.70815 -1.80723 
2.6361 2.66954 1.67579 2.60512 1.9774 2.162 2.17658 1.66399 2.4058 2.49949 2.87242 2.25484 2.37192 2.27279 2.71174 3.41597 2.78741 30.8135 81.5183 111.254 134.705 153.981 192.149 195.506 200.535 208.784 215.737 223.674 178.602 160.978 150.08 140.318 127.274 122.844 119.856 118.137 117.444 117.456 116.631 118.934 122.184 131.372 144.227 153.866 192.132 190.778 185.683 175.74 152.856 133.132 109.39 79.1787 32.0847 2.39157 2.62014 1.69421 1.16426 0.242315 -0.585782 -0.963922 -1.42898 -1.96656 -1.44171 -1.18746 
1.68803 1.5322 2.18338 1.90261 2.1089 2.35274 1.84051 2.16501 2.81693 2.26007 2.13462 2.08271 2.30519 2.91827 2.39459 2.90904 16.7092 73.2094 106.295 130.561 151.344 169.277 199.537 235.647 250 259.859 261.271 252.452 195.848 176.506 162.126 153.502 141.128 137.423 137.507 135.924 135.584 138.516 140.076 141.916 146.997 158.724 169.887 184.785 229.577 233.433 222.736 198.293 182.83 168.707 150.186 126.705 98.412 56.7352 32.364 30.507 24.0327 6.28609 -0.716049 -1.30499 -1.38459 -0.89947 -1.52525 -1.90277 
2.59191 2.34686 2.03304 1.5862 2.02487 1.88074 1.68091 2.34851 2.3241 1.71712 1.78391 1.64224 2.00943 2.17323 2.45403 1.62821 47.1122 87.3163 117.278 140.602 161.484 180.596 198.551 237.639 267.571 275.209 268.812 271.878 210.951 193.065 180.061 173.464 162.463 157.719 156.778 154.252 153.643 153.68 158.332 159.599 165.09 183.136 217.255 237.737 267.451 262.068 235.608 224.172 215.833 208.221 195.792 183.579 170.967 158.762 137.442 110.518 84.9528 55.6204 1.80515 -1.2376 -1.3667 -1.77177 -1.55302 -1.67552 
1.82558 2.01353 2.71975 1.9966 2.69013 2.52423 1.32372 1.59045 1.67868 1.55787 2.7035 2.08094 1.91764 1.73168 2.4693 15.0104 70.2938 102.562 127.996 152.189 174.219 192.005 204.893 222.594 268.093 265.927 265.962 273.728 223.171 200.285 187.655 179.544 167.488 163.633 161.812 162.489 160.99 161.925 164.297 167.445 170.754 197.9 223.618 250.372 297.883 255.513 249.049 241.813 233.096 220.687 210.519 197.671 181.219 164.761 145.124 121.753 97.5186 70.1732 19.4516 -1.04277 -1.46021 -1.6774 -1.76874 -2.01205 
2.44631 1.90675 1.78727 2.92566 2.3711 1.38748 2.16778 1.74872 1.96157 2.42336 1.86661 2.57029 2.09886 2.3738 2.42838 14.2024 68.2591 100.278 126.567 149.666 173.027 193.313 208.912 222.076 246.255 258.782 264.798 268.972 231.014 207.178 194.575 187.033 173.071 169.466 167.984 166.169 167.267 168.685 170.004 172.874 176.368 199.001 217.195 243.525 282.535 260.17 250.742 244.25 235.423 226.704 214.045 201.337 184.35 167.019 148.289 125.485 100.362 70.0213 16.7412 -1.29423 -1.43298 -1.24751 -1.84348 -1.30645 
2.36713 1.30474 1.79337 1.71317 1.52254 2.0253 2.06571 2.69658 2.05762 1.97618 1.74628 2.94911 2.14171 2.68321 2.01557 1.90208 44.2612 86.028 115.881 141.857 164.605 182.43 201.873 218.068 234.367 249.304 258.463 262.98 234.701 207.76 193.138 184.85 173.047 168.324 165.927 164.038 165.025 168.115 171.392 173.902 175.22 195.848 207.818 228.471 264.803 266.097 248.645 241.797 233.958 223.794 211.536 198.537 182.504 165.571 144.88 121.405 96.2429 57.9609 -0.750926 -0.917851 -1.01498 -1.3245 -1.33914 -1.37232 
2.13134 2.10251 1.63828 1.18279 2.40804 1.88065 2.03478 2.46554 2.37157 1.25262 1.76402 2.38179 2.06463 1.67524 2.38781 3.16017 7.14404 59.4808 96.285 126.651 149 169.897 188.741 202.083 218.488 232.582 248.134 254.033 233.528 205.74 190.574 179.583 164.698 159.912 158.678 156.737 157.253 158.584 162.543 168.705 174.33 188.028 198.071 214.219 252.858 261.635 242.472 238.648 229.213 219.614 207.825 193.01 177.621 160.195 136.94 110.718 77.4335 17.8006 -0.356369 -0.899803 -1.52497 -1.18926 -1.55323 -1.92182 
1.79375 2.57157 1.10825 2.05812 2.03621 1.95953 2.17568 2.05641 2.6193 1.87595 2.28893 2.38744 1.73455 2.33294 2.25462 2.98096 4.4716 10.502 65.822 102.467 128.436 152.463 173.892 185.827 195.441 208.962 220.455 232.862 212.583 185.565 172.125 166.849 153.137 148.183 145.555 145.167 144.709 146.231 149.087 155.382 162.628 170.892 182.871 198.701 234.809 245.436 233.254 226.933 219.057 209.234 197.979 183.742 165.938 144.389 117.46 84.4141 26.1627 -0.98033 0.175277 -0.799111 -1.52609 -1.58726 -1.19584 -1.56542 
1.9592 2.48919 1.97469 1.28467 2.25417 1.79257 2.05631 0.694166 1.8038 2.32206 1.88094 2.23922 1.55537 2.07035 2.52972 3.10024 4.04312 2.80632 55.0323 94.3208 121.172 144.963 164.211 181.144 185.598 200.533 208.702 217.447 199.515 169.811 158.359 149.155 138.936 131.842 131.794 129.08 130.5 131.507 134.397 138.598 144.944 151.816 164.284 181.355 215.865 225.596 219.595 212.218 201.345 194.133 181.396 163.664 141.382 112.56 76.5383 19.9617 0.669985 0.357163 -0.453067 -0.56004 -0.937313 -1.67363 -1.60322 -1.403 
1.12434 1.99253 2.7687 2.04279 1.91554 2.4796 1.70077 2.00952 2.0635 2.26134 1.94865 2.31437 2.15917 0.941317 2.16463 3.03018 3.86236 2.58221 52.561 93.2212 122.946 145.215 165.205 181.764 181.438 198.319 207.01 215.873 203.901 168.471 156.747 149.491 139.032 131.164 129.766 129.463 127.691 130.604 132.501 136.164 138.136 144.956 152.359 166.151 197.03 209.135 201.297 193.122 182.197 171.753 159.79 142.883 121.305 94.9503 60.4109 3.34338 1.20261 0.457037 -0.289216 -1.1597 -1.23945 -1.23823 -1.12978 -0.959352 
2.27746 0.988077 1.9081 1.80248 1.68575 2.07343 2.10023 1.98303 2.03552 2.45937 1.90417 1.96562 1.35338 2.43416 2.16178 3.20914 3.83095 1.46068 52.492 92.7395 122.189 143.828 163.283 182.056 180.105 196.786 206.074 216.169 201.247 170.628 156.786 147.153 135.508 130.025 128.636 128.344 127.938 129.505 131.051 133.504 136.695 143.131 151.845 165.092 193.742 208.217 200.413 193.393 181.752 172.396 161.095 142.615 120.563 94.3734 59.1297 3.11351 0.621857 -0.476007 -0.469243 -1.32659 -1.76143 -1.65622 -1.22756 -1.06376 
3.03875 2.83076 1.3442 1.35552 1.75326 1.98682 2.17786 1.67055 1.59141 2.12463 2.18596 1.32966 1.55278 1.68098 2.20705 3.19321 3.79533 1.53095 52.4687 92.6971 121.143 146.178 163.476 182.918 177.551 194.418 207.201 214.108 200.731 168.203 154.912 147.225 134.879 130.177 128.396 127.969 127.353 128.435 130.675 132.436 138.17 142.868 151.197 162.91 193.793 206.286 200.36 193.054 181.662 172.043 160.274 142.982 121.112 94.8388 60.072 3.69005 0.801112 -0.827298 -1.43154 -1.15928 -1.67984 -1.53182 -1.44631 -1.65501 
1.72596 2.39116 2.16881 1.79477 2.31998 2.33576 1.28892 2.09956 2.02043 1.97508 1.76051 1.8539 2.12174 2.16236 2.32888 2.43887 3.1689 0.828002 53.0811 93.036 120.611 144.453 163.292 183.674 174.178 194.628 204.815 212.272 199.835 168.016 154.659 145.897 135.253 129.96 127.885 127.305 127.727 128.687 129.145 132.439 137.582 142.315 149.574 163.916 192.341 208.135 200.692 191.705 180.49 173.884 160.98 142.465 121.389 94.6891 60.1687 4.16513 -0.0433455 -0.99201 -1.41191 -1.69234 -1.68145 -1.38548 -1.44108 -1.69254 
1.69255 1.80836 1.6052 2.60758 2.3173 1.66629 1.1831 1.7673 2.15324 1.34691 1.21241 1.72791 1.68406 2.3408 1.61068 2.22311 3.24153 1.15643 53.8568 90.8816 119.035 141.851 162.122 181.873 173.907 195.449 206.397 212.898 201.525 167.297 153.419 145.353 134.006 128.378 127.356 126.154 127.429 126.617 127.007 131.692 135.215 139.719 147.021 159.72 185.556 206.283 199.657 192.039 180.634 171.436 159.933 144.31 121.837 94.6136 62.7923 5.91666 0.112543 -0.915417 -1.71706 -1.93946 -1.39817 -2.2089 -1.8781 -1.22811 
2.1476 1.88677 1.67664 1.5333 1.52066 1.67357 1.79601 2.52554 2.1532 2.20889 1.43276 2.03552 1.50518 1.99083 1.99355 2.13311 2.70293 2.68431 44.7532 88.832 118.464 142.6 162.184 177.237 176.74 192.72 204.778 210.511 202.556 167.936 154.736 146.611 134.857 128.543 126.566 126.24 125.949 126.094 127.326 129.924 135.275 140.054 147.375 158.573 176.429 211.439 199.752 192.615 180.685 172.478 163.032 145.453 124.488 98.3985 65.647 10.5784 -0.193176 -0.668817 -1.3507 -1.01751 -1.47585 -1.64798 -1.26042 -1.39896 
1.96929 1.49646 1.41313 0.869623 2.01208 2.33521 1.68249 1.45983 2.94827 1.8989 1.24455 2.10312 1.60415 1.91743 2.07999 1.84185 2.57484 3.15513 45.6337 88.112 117.378 142.03 160.543 178.782 171.497 191.94 203.896 211.218 201.381 168.968 154.13 145.8 133.731 128.893 126.597 126.599 125.123 126.617 127.649 129.79 134.597 139.295 146.251 156.909 173.658 214.066 200.206 191.057 179.988 172.247 161.037 144.21 124.786 97.7496 66.9282 11.7499 -0.0901424 -0.985004 -1.26067 -1.18272 -1.72283 -1.25172 -1.38883 -1.35867 
2.18018 1.58323 1.58462 1.48767 1.51267 1.69747 1.99061 1.79574 1.49005 1.88609 1.83392 1.95782 2.07611 2.13031 1.71051 1.91505 3.16979 2.62289 45.2665 89.1035 118.08 142.464 160.714 180.313 169.945 192.433 202.84 211.89 202.756 168.456 153.949 145.663 134.754 129.008 126.054 125.233 124.852 126.723 127.058 130.134 133.959 138.67 144.865 157.789 172.178 212.405 201.282 193.173 180.053 174.575 162.165 145.72 123.57 98.8144 66.4809 11.979 0.112559 -0.878129 -0.844521 -1.70266 -1.11448 -1.13661 -1.46536 -1.20425 
1.98958 2.03787 1.68552 1.13389 1.48228 2.72755 2.26307 1.65067 1.62187 1.25916 1.80879 1.72947 1.70399 2.61749 1.57589 2.3932 2.70559 1.8054 46.346 89.3506 118.372 142.833 161.844 181.035 169.846 191.462 202.391 211.264 201.112 166.98 153.059 144.47 133.875 127.605 125.9 139.167 125.137 125.144 126.115 129.387 132.218 138.317 145.808 156.377 171.737 211.18 200.953 193.384 181.061 174.002 163.187 145.168 126.168 99.6082 66.7734 11.9059 0.157872 -0.908352 -1.05035 -1.02884 -1.28531 -1.06253 -1.19102 -1.44042 
1.74751 2.08925 1.01627 1.24622 1.69652 1.06245 1.68556 1.58983 1.29762 2.05233 2.20376 1.74 1.76841 2.22047 1.94708 2.41966 2.96892 1.87872 48.6258 88.3162 117.308 142.015 160.585 182.769 166.717 190.983 203.159 211.578 202.596 167.869 152.999 147.366 135.826 128.267 126.415 126.847 125.407 126.655 127.929 130.355 133.85 138.282 145.762 156.735 171.537 210.642 199.843 195.148 181.598 173.983 163.194 145.74 125.402 100.905 68.4577 13.4733 0.202413 -0.311925 -0.0815856 -0.801458 -0.75792 -1.52294 -1.1936 -1.24338 
1.44634 2.10495 1.84165 1.273 2.1236 2.02698 1.30729 1.27783 1.05777 1.51533 1.39716 1.13152 1.93105 2.13621 2.04283 2.95722 3.21445 2.80208 47.991 90.3371 118.824 142.343 160.132 182.021 167.284 189.635 203.128 210.394 201.979 167.546 152.644 144.47 134.588 127.7 125.651 124.965 124.351 125.309 126.775 129.2 133.748 137.978 146.139 155.417 170.845 208.709 200.004 192.982 182.174 171.301 164.35 147.132 126.38 100.443 69.4241 14.9544 1.84823 0.585574 0.0848692 -0.711545 0.175561 -0.00326381 -0.502297 -1.23415 
