0.54931 0.456355 0.0671682 0.312111 0.127437 0.539201 -0.137363 0.345767 0.348757 0.309532 0.446707 0.615597 0.669281 1.2693 1.70764 32.7745 80.4807 111.261 135.513 153.101 170.323 170.151 188.64 198.499 205.08 200.235 164.138 150.531 141.525 135.745 132.932 128.879 128.276 127.234 127.954 129.502 132.198 135.356 140.408 147.577 156.831 173.148 211.521 202.342 193.101 185.045 171.711 167.825 150.895 131.14 106.324 75.7366 21.7295 1.49054 0.268129 -0.0576527 0.0909867 -0.0145658 -0.515284 -0.143633 -0.0740079 0.0203407 -0.0223203 0.0712031 
0.154014 0.310128 -0.143046 0.553595 0.00158107 0.0829281 0.140557 0.347915 0.164806 0.21229 0.0258831 0.54767 0.374538 1.20583 1.59386 32.3479 81.1001 110.148 135.566 154.761 170.16 173.787 188.04 198.408 205.926 200.42 164.348 151.193 141.845 137.364 132.54 128.947 127.551 127.997 127.265 129.5 132.055 134.762 139.832 148.601 157.42 172.718 212.291 202.59 192.79 183.642 171.943 167.448 150.976 131.266 106.634 74.5347 21.2637 1.50763 0.369224 0.247246 0.195887 0.112591 -0.204776 0.0570192 0.161661 0.174327 0.027387 0.11421 
0.579265 0.0191795 0.415737 0.342769 0.682859 0.36826 0.335304 0.797705 0.448418 0.558284 -0.0174019 0.617922 0.689616 1.62869 1.69366 32.3527 81.1859 110.27 136.098 153.886 170.267 171.374 188.318 197.179 206.765 200.375 165.149 151.157 142.475 136.802 133.237 129.624 127.784 126.817 127.851 129.219 131.009 136.479 139.428 148.159 157.41 172.869 211.631 202.996 193.333 182.995 173.814 167.14 151.254 131.264 105.639 76.2028 21.1676 1.64918 0.0962567 0.290997 0.0172066 0.162037 0.326421 0.280339 0.170485 0.143241 -0.0155693 0.149256 
0.178343 -0.147545 0.675507 0.679359 0.337021 0.688533 0.239728 -0.0606009 0.237813 0.126733 0.536811 0.0902419 0.850415 1.68052 2.67002 30.3349 80.7582 110.421 135.549 154.314 169.889 169.633 188.149 198.236 206.131 203.691 165.645 152.502 141.619 138.079 133.393 130.678 128.16 127.947 128.623 130.33 135.06 137.769 144.831 150.205 158.745 174.041 213.448 204.694 194.468 184.983 175.236 168.028 151.372 131.122 106.311 75.2454 21.5138 2.20438 0.63215 0.25394 0.136086 0.00228583 -0.00827392 -0.194439 0.173452 -0.189256 -0.202564 -0.229189 
0.0953241 0.566588 0.348826 0.725713 -0.269235 0.563712 -0.0204677 0.269672 0.422919 0.0962335 0.53979 0.593566 0.692401 1.27635 2.16386 31.2834 80.218 110.571 134.849 154.88 170.669 174.774 188.618 198.998 207.437 202.255 166.001 151.578 143.668 138.701 134.513 130.497 128.323 129.371 129.528 129.842 135.488 136.654 141.28 149.188 158.449 174.031 212.814 202.703 194.092 185.468 176.014 167.627 151.554 131.803 106.453 75.5354 21.4609 1.9712 0.532299 0.551802 0.159854 0.630065 0.277138 0.147782 -0.0271943 0.0074423 0.366127 -0.098564 
0.442576 -0.0179802 0.613386 0.347536 0.297623 0.649266 0.295599 0.26382 0.666233 0.050558 0.69879 0.622683 0.74246 1.67945 2.24981 30.3655 82.4313 111.08 134.778 155.28 171.094 174.801 189.25 198.912 207.436 203.237 167.074 153.173 144.56 138.42 134.741 130.29 129.425 129.768 128.837 130.749 134.522 142.085 142.255 148.888 158.225 174.728 214.603 206.292 196.264 186.236 174.576 167.97 152.351 133.362 108.456 76.9437 22.021 2.46098 1.09333 0.436955 0.432845 0.350194 0.155981 -0.116922 0.0696404 0.207151 0.0922541 -0.161038 
0.40819 0.340036 0.421912 0.376985 -0.111038 0.596711 0.314791 0.502578 0.254707 0.340677 0.865972 0.387925 0.894265 2.31339 2.52942 24.5603 79.2234 109.159 135.185 152.966 169.953 174.696 186.53 200.484 207.79 208.904 171.19 156.411 146.691 141.431 135.727 133.315 130.697 129.958 130.629 131.074 133.288 137.701 143.854 149.722 158.353 175.107 213.312 207.338 198.972 189.932 178.217 172.28 154.807 136.614 111.793 82.172 28.5836 2.92425 1.65298 0.693491 0.6145 0.213171 0.0560486 0.270877 0.0355503 0.0665337 -0.280016 0.142182 
0.262437 0.408471 0.0879841 0.0977899 0.286356 0.489499 0.346569 0.896554 0.0887461 0.815455 0.684179 0.70375 1.43648 2.32112 3.12976 23.4724 77.8287 107.694 132.902 154.115 170.51 179.454 189.859 199.72 207.38 210.587 173.744 156.609 145.555 141.987 136.931 133.801 132.753 129.734 131.971 132.183 134.223 138.235 142.559 148.997 158.544 173.477 211.216 207.297 198.783 189.809 177.064 171.091 155.937 136.482 112.642 81.8138 32.5124 3.80342 2.51531 1.05957 0.485234 0.289803 0.0336606 0.202162 -0.141351 0.281236 0.111213 0.396662 
0.704929 0.125635 0.377243 0.0740151 0.103801 0.277754 0.46665 0.101966 0.537965 0.142449 0.91808 0.83049 1.50504 2.06355 3.77838 21.7364 76.6939 108.72 135.951 156.568 173.799 180.812 191.782 203.476 211.882 215.449 176.417 158.816 150.977 143.024 139.235 136.123 133.722 131.937 132.789 133.948 135.464 139.141 144.07 149.917 159.561 174.475 213.406 207.778 200.609 192.251 180.656 172.608 158.068 137.307 114.237 82.7441 30.5415 3.1503 2.28049 1.18368 0.460149 0.267278 -0.0964204 -0.0995005 -0.100992 -0.0944322 -0.0114611 -0.157182 
0.401807 0.243542 0.718311 0.235972 0.436411 0.24932 0.694861 0.683786 0.800084 0.212962 0.992431 1.38012 1.47449 2.30134 2.23615 39.3295 92.538 126.525 149.287 167.667 182.577 196.049 205.977 218.104 222.574 229.352 187.332 169.417 157.598 150.959 145.853 140.179 138.442 139.274 138.201 138.797 141.537 145.215 150.869 157.834 167.236 185.319 223.17 217.999 208.034 200.553 187.587 179.173 163.92 145.698 123.166 94.4467 54.2115 11.0786 2.06769 1.23467 0.505503 0.190119 0.205728 -0.0118522 0.0384632 -0.205531 -0.179861 0.314636 
0.135508 0.510246 0.0554878 0.725575 0.504872 -0.0274073 0.0764356 0.254702 0.209193 0.133647 0.691468 0.582315 1.73454 2.03357 24.4585 82.8405 112.477 142.491 168.941 187.351 212.011 224.642 233.51 240.153 238.135 243.872 203.081 188.789 176.773 170.213 165.52 160.894 157.51 156.831 154.415 154.654 156.79 158.611 162.744 168.818 179.548 195.767 236.195 230.435 223.563 215.205 208.369 200.046 184.685 168.385 148.885 124.118 95.6271 58.609 3.29381 1.32171 0.692301 0.170655 0.107213 -0.166637 0.219574 0.0808705 0.0320021 0.179689 
1.02785 0.250169 0.347758 0.260854 -0.14601 0.14322 0.499646 0.460815 0.11997 0.854361 0.895555 1.34691 1.40551 5.31069 63.4252 108.968 139.501 163.847 182.625 203.979 226.205 240.94 244.304 247.708 246.386 248.891 208.266 193.859 184.073 177.659 173.379 168.856 166.324 164.942 165.503 166.057 166.683 170.535 174.084 182.784 195.268 214.293 261.2 262.268 255.59 246.254 232.106 222.515 210.983 193.45 175.62 156.344 132.368 104.626 68.0099 20.6993 -0.0364124 0.783921 -0.523617 -0.0444303 -0.197893 0.335845 0.440942 -0.250711 
-0.151605 0.0097313 0.0380308 0.593235 0.495272 0.443646 0.0890292 0.677907 0.46649 0.691685 0.91224 1.47626 6.32906 55.0488 91.4576 120.082 144.287 165.931 188.861 208.802 241.357 250.458 252.162 250.863 252.48 242.443 200.606 194.905 189.332 180.232 175.918 172.114 170.797 169.88 170.946 171.594 174.272 179.174 184.737 192.976 202.796 224.526 269.788 274.411 267.448 256.984 241.973 230.873 217.815 204.344 187.601 168.49 149.716 125.348 98.1597 64.0517 5.63656 0.22592 0.219727 0.0895689 0.148403 -0.0240817 -0.0111885 0.0894101 
0.306818 -0.112498 0.423872 0.603131 0.484304 0.639018 0.319452 0.105423 0.349849 0.677764 0.48852 0.564557 27.3684 74.7925 104.063 127.871 149.641 172.106 190.314 206.26 258.311 265.485 260.224 256.339 234.972 231.309 200.875 199.189 193.895 186.742 179.034 174.416 172.629 171.775 172.639 174.819 175.892 179.572 185.598 191.396 200.174 221.494 270.114 271.385 271.852 258.14 240.972 232.793 219.74 205.85 189.324 171.954 152.797 128.242 101.436 70.063 9.13726 0.174995 -0.399498 -0.238979 -0.063926 0.104969 -0.0231343 0.106137 
0.227039 -0.007393 0.37586 0.489939 0.42097 0.439055 0.165612 0.336147 0.294495 0.885472 0.782481 0.222258 34.427 80.8118 102.764 118.831 137.765 157.463 175.164 194.181 209.952 226.985 235.771 214.24 201.585 200.712 166.953 158.677 163.222 158.914 156.205 153.056 153.477 153.018 153.495 155.385 157.75 161.983 167.591 175.558 185.235 200.404 253.579 259.985 260.782 246.346 224.901 216.514 202.933 188.107 170.304 149.837 130.013 93.3521 69.2749 44.8396 1.06155 0.524313 -0.159647 -0.352892 -0.150438 0.866402 -0.293432 -0.102945 
0.432784 0.355165 0.366828 0.633566 0.00825898 0.225068 0.529807 1.05424 0.293836 -0.0424593 0.786819 0.87988 4.5645 9.0024 18.9078 62.0738 101.455 129.637 155.327 174 187.042 198.231 196.443 166.073 163.297 181.868 151.052 142.574 138.426 142.592 146.109 143.184 140.813 141.081 140.534 141.939 143.019 146.158 151.297 157.037 163.909 179.112 228.554 240.501 240.46 220.154 199.83 185.634 169.83 150.227 126.235 96.7547 36.3348 1.73357 -0.510539 0.0613391 1.08585 0.278609 0.297199 0.134817 0.0990592 0.0780773 0.0562216 0.104736 
0.119295 0.466246 0.499953 0.539371 0.175641 0.732493 0.713632 0.292061 0.619767 0.200162 0.02732 0.875403 1.58786 2.39841 3.18286 1.16887 53.1862 96.5949 121.414 144.65 162.525 175.527 159.47 131.259 125.759 158.81 131.326 123.683 116.662 112.788 114.293 120.773 121.418 121.746 121.566 122.792 123.514 125.787 131.069 136.223 144.492 166.958 199.666 205.34 196.356 187.959 176.679 162.4 141.367 118.402 91.0946 46.0822 2.19832 2.69766 2.0315 1.45554 0.919467 0.623099 -0.0975105 0.502248 0.0979497 0.229972 0.192364 0.438207 
0.407201 0.446951 0.589094 0.105862 0.191974 -0.258371 0.115131 0.827524 -0.144195 0.399343 0.784449 0.849725 1.50874 2.43045 3.1185 3.54153 45.5097 87.9949 115.048 137.939 157.079 171.415 135.618 117.27 110.125 138.219 130.499 120.494 114.035 109.183 106.882 106.244 114.89 119.526 118.821 120.245 121.506 124.047 128.782 133.916 144.204 161.405 201.063 199.327 191.968 183.702 171.807 156.35 137.134 115.343 86.7261 40.9222 3.32588 2.43388 1.98113 1.41155 0.834185 0.582655 0.0177796 0.120515 0.217959 0.418071 0.36914 0.0873028 
0.34875 0.467801 0.2729 0.614046 0.356998 0.221768 0.379011 0.728382 0.249926 0.396376 0.899371 1.04205 1.25418 1.69943 2.82822 5.56855 36.6589 86.0628 111.948 133.994 154.788 165.241 123.575 109.497 101.489 117.897 125.206 118.443 112.254 107.504 103.657 102.243 102.57 108.147 118.108 118.609 119.857 123.575 127.65 133.836 142.354 158.397 199.448 198.844 190.897 181.485 168.771 154.705 135.83 112.798 83.2914 37.6402 2.71395 2.31816 1.09588 0.848147 0.884542 0.276486 -0.109891 0.633406 0.377316 0.0207485 0.261225 0.265842 
0.499314 0.262205 0.36157 0.240963 0.915149 0.550601 0.513838 0.607081 1.16759 0.631623 0.8017 0.58296 0.72339 1.51003 2.68453 5.76231 31.8594 82.7632 112.13 133.259 152.742 160.942 117.509 105.299 96.7145 106.339 115.41 116.495 110.915 105.125 102.341 100.442 99.7631 100.41 105.136 116.853 119.288 122.741 129.39 132.843 139.624 161.748 190.722 197.033 190.423 178.585 167.245 152.993 134.767 111.526 82.4486 34.6483 2.5924 1.27745 0.97517 0.597177 0.235068 0.078792 0.169103 0.345744 -0.209302 -0.0669327 0.205396 -0.0598491 
0.606531 0.537805 0.456531 0.685168 0.610229 -0.124023 0.276167 0.497685 0.315193 0.490986 0.500795 0.780282 0.268689 0.511347 2.31649 5.75757 27.9003 82.377 109.773 130.722 151.202 158.389 115.641 102.777 94.4273 102.576 112.952 106.777 110.531 105.456 102.041 99.8655 97.1468 98.5068 100.148 106.853 119.958 121.204 126.282 131.286 138.936 160.217 187.581 195.504 188.808 178.186 165.533 151.469 132.874 109.937 81.391 32.2899 3.69723 1.35891 0.0328298 -0.120389 0.100541 0.396387 0.125692 -0.328574 0.0114572 0.245786 0.070882 0.319839 
0.511721 0.447763 0.131171 0.00652211 0.267545 0.139745 0.461953 0.62515 0.368893 0.0874245 0.421781 0.328501 0.647687 0.68374 2.39325 5.98654 26.0066 78.662 109.069 129.972 149.342 159.107 115.271 101.613 93.0897 101.332 112.378 102.315 108.22 105.527 102.21 99.5304 97.5825 96.7119 98.7161 102.382 116.317 121.232 125.632 131.109 137.99 159.198 187.894 195.393 187.54 178.403 166.143 151.943 133.054 110.311 79.9032 31.3338 3.07288 1.96811 -0.139328 0.706559 -0.0141693 0.302148 0.521324 -0.0570824 0.165863 -0.364765 0.1902 0.2907 
0.299516 0.81775 0.399948 0.905853 0.0140024 0.456043 0.142256 0.126576 0.499116 0.640117 0.468336 0.588247 0.827464 0.961943 3.892 6.54516 24.5142 77.1527 108.502 130.666 150.591 161.054 118.142 103.535 95.135 101.082 114.549 101.476 102.698 106.031 102.496 99.9416 97.7119 97.5543 98.5384 101.045 112.983 121.13 125.108 130.998 141.855 156.435 183.922 196.164 188.436 178.534 165.262 151.325 133.067 109.126 80.2348 29.7947 3.34092 2.30447 1.00807 0.35268 0.0812077 0.0204017 -0.0726374 0.688157 -0.370072 -0.0978777 0.285522 -0.141317 
0.474876 0.568639 0.580607 0.0125689 0.514635 0.074238 1.00019 0.931152 0.681298 0.303584 0.37394 0.225551 0.324501 1.15506 4.07575 2.79968 19.0414 73.1704 105.151 128.836 149.908 165.282 124.783 108.07 97.7325 99.1349 117.836 101.972 101.01 104.72 103.038 100.695 97.8681 97.3002 98.2399 101.414 110.255 120.477 123.424 130.326 140.946 155.378 178.343 196.786 189.49 179.427 166.328 152.156 134.607 110.732 82.2933 34.9641 3.48428 2.07224 2.19425 0.689181 0.376731 -0.204592 0.501369 0.0585997 0.192692 -0.241269 0.135002 0.823402 
0.396647 1.14828 1.01262 0.0215477 0.527716 0.398624 0.313149 0.143927 0.936046 0.755617 0.5163 0.58729 0.654248 0.880092 4.438 4.80504 15.6767 70.8011 100.584 127.769 147.147 160.966 138.864 112.314 101.064 99.3596 123.432 104.061 100.737 104.199 104.182 101.35 98.1602 99.2956 99.5691 101.301 110.032 119.861 123.7 128.739 140.815 151.784 176.243 196.055 190.137 178.545 166.71 153.327 135.799 111.731 83.2374 35.1693 3.12104 2.82418 2.06579 2.19453 0.621185 0.295412 -0.159289 -0.42545 -0.146747 -0.317753 0.799927 -0.0784775 
0.484199 0.477534 0.377301 -0.194078 0.343264 0.306785 0.211086 0.368025 0.887696 0.53818 0.727481 0.360176 0.28152 1.08251 3.6777 6.14417 13.7333 69.7527 101.513 127.231 146.744 162.3 147.04 116.344 104.805 101.829 124.985 106.24 102.805 104.329 105.184 102.46 99.652 99.4137 100.146 103.237 112.549 119.824 123.158 128.795 140.292 151.483 173.729 196.89 188.299 178.824 165.808 153.862 135.042 111.241 83.0973 36.1092 3.04401 1.74967 1.6352 2.7533 0.897799 0.23226 0.214431 -0.00305406 0.0173779 0.804301 -0.0198517 0.191718 
0.523894 1.41299 0.874601 0.373624 0.472741 0.0165099 0.43059 0.370106 0.741626 0.579572 0.484665 0.778222 0.21712 0.746181 3.66856 7.47889 13.4896 68.6201 100.144 126.628 145.697 161.712 155.151 119.77 108.794 102.396 129.963 108.857 105.305 105.8 105.912 102.983 101.83 100.862 102.158 106.822 114.261 119.562 122.145 128.314 138.747 150.173 168.871 200.308 188.812 178.583 165.654 152.994 133.95 111.483 82.8115 35.7973 2.82427 2.25903 2.0129 2.78543 1.6034 0.0908652 0.280999 0.0868573 -0.0262356 -0.0447115 0.181116 0.625488 
0.366683 0.728784 0.75228 0.937541 0.475495 0.193895 0.636108 -0.0431573 0.0528789 0.167538 0.366055 0.635775 1.16803 1.06043 3.19059 6.96498 12.5511 66.618 99.4329 124.882 145.925 160.386 163.077 125.679 113.172 107.359 136.196 112.276 107.965 111.089 107.389 104.289 103.452 103.519 104.409 108.276 116.83 119.203 123.035 126.85 137.532 149.233 163.886 201.985 189.554 180.088 166.867 151.055 133.605 110.175 82.2205 34.9074 2.74351 2.22692 1.51986 2.52575 2.03276 0.342686 0.648019 -0.016766 0.0246245 -0.128672 0.101614 0.245929 
0.542246 -0.0994559 0.862714 1.06496 0.67333 0.386967 0.395086 1.06334 0.790935 0.789791 0.587168 0.267756 0.292799 0.45485 1.52976 8.32118 12.3928 66.8274 98.6475 123.733 144.153 162.453 170.577 132.905 118.564 111.572 139.979 118.021 114.377 114.626 109.772 107.687 105.241 107.392 108.317 114.81 116.362 119.145 122.606 127.285 137.088 147.683 162.962 201.035 188.383 179.113 166.294 152.461 134.247 110.122 82.2789 34.0381 3.31234 2.2818 2.22028 3.20011 2.38254 -0.455239 0.374066 0.168775 0.0257632 -0.287988 0.00906485 0.0982859 
0.100857 0.854078 0.738976 0.680552 0.39348 -0.100732 0.43667 0.0376963 0.254322 0.555923 0.63766 0.468447 0.312383 1.209 0.557573 8.30678 10.8896 66.3108 98.3825 124.389 145.051 160.462 174.197 146.798 125.237 118.621 147.821 125.753 123.987 117.618 112.277 111.324 109.089 112.935 114.544 115.839 116.492 119.233 120.719 126.84 136.603 145.827 161.165 199.033 188.659 177.607 165.294 152.624 134.476 110.279 81.8401 34.4608 3.14119 3.53434 3.47035 2.10382 1.41512 0.479682 0.0387602 0.0164752 -0.177977 0.172847 1.11029 0.342431 
0.178971 0.605667 0.396506 0.24923 0.741893 -0.0931702 0.74286 -0.206123 -0.0539951 0.184846 0.31083 0.440894 0.985621 0.714113 1.70501 8.1009 10.9041 66.4167 97.8834 122.656 145.782 160.484 172.449 172.083 136.738 129.581 161.367 140.032 129.034 121.761 117.97 116.201 117.6 116.46 115.767 115.773 116.381 118.109 122.411 126.372 137.274 145.067 160.821 198.009 188.558 178.952 167.466 152.61 133.15 109.543 82.4323 34.7009 3.4522 5.55974 1.82698 1.24288 2.01673 0.604263 -0.154702 -0.171089 0.431101 0.0800245 0.171434 0.0882608 
0.789949 0.646964 -0.157083 0.968116 0.458406 0.501609 0.372854 0.222919 0.388565 0.530078 0.678347 0.443267 0.665153 0.922431 0.963895 5.22915 10.3359 67.6016 97.3484 124.232 144.312 160.822 170.966 184.444 162.708 159.054 182.776 150.36 138.522 131.945 127.444 123.89 120.749 118.226 115.607 115.795 116.331 118.477 120.65 125.663 135.32 143.443 159.294 196.13 186.198 177.534 165.619 152.284 133.7 110.36 82.3555 35.0628 4.41681 2.66623 0.694387 1.2884 0.907214 -0.0807174 0.0482027 0.147837 -0.36007 -0.203082 -0.267681 0.0258318 
2.20669 1.99594 1.72795 1.4675 1.59579 0.97749 1.26363 1.74347 1.24611 1.60318 1.15398 1.37095 1.59197 1.55675 2.1585 2.6415 13.551 68.19 99.0816 125.981 146.133 163.766 174.237 185.169 194.288 200.552 205.002 165.394 149.061 138.687 131.435 126.079 116.425 113.888 113.484 112.349 113.23 114.48 117.567 120.683 131.804 138.53 154.712 189.888 184.257 174.462 163.139 149.673 131.421 107.177 79.8862 38.3015 1.19554 0.166697 -0.53482 -0.416211 -0.297369 -0.96611 -0.940531 -1.78281 -0.915183 -1.39549 -1.2207 -1.58625 
2.88909 1.71 1.77399 1.80943 1.26225 0.932504 1.97707 1.60534 1.33459 1.61743 1.50622 0.917618 2.06773 1.51013 1.70386 2.76662 11.3887 68.144 99.2273 124.891 144.789 163.997 175.389 185.505 193.757 200.099 208.414 168.694 151.243 141.233 132.771 127.978 116.08 114.259 113.356 112.64 113.583 114.741 117.338 121.422 130.007 137.913 152.726 190.449 184.486 174.735 163.279 149.137 130.867 107.582 81.1572 36.4516 1.18663 0.0937831 -0.1352 -0.415892 -0.375541 -1.63045 -1.6885 -1.06604 -1.27033 -1.59874 -1.48936 -1.65567 
1.43817 2.6075 1.13118 1.7871 1.56531 1.72167 1.73597 1.52396 1.83279 2.21584 1.25941 1.48056 1.86253 2.01029 2.22139 3.52165 6.79119 71.1148 99.5163 124.778 147.16 163.877 175.683 186.265 195.327 201.85 208.561 169.343 151.473 141.806 132.895 127.747 116.887 115.001 113.697 112.936 114.407 114.861 117.216 121.843 129.566 137.98 153.114 188.682 184.79 175.296 163.259 148.911 130.084 107.424 82.6607 34.6275 0.946061 0.239464 -0.23075 -0.664682 -0.777148 -1.4426 -1.64475 -1.32014 -1.32423 -1.3778 -1.52611 -1.26008 
1.93668 2.14018 2.50803 2.08346 1.12486 1.75475 1.72351 1.14596 2.24033 0.907794 1.57694 2.12421 1.44101 1.36295 2.05187 3.17658 2.81518 72.5482 100.077 124.775 147.019 163.525 176.059 186.846 195.87 201.747 212.565 169.745 153.265 142.365 133.627 128.2 117.113 115.016 113.999 112.909 113.163 115.153 116.351 120.621 129.863 138.081 150.8 187.636 184.373 176.526 163.816 149.215 131.551 108.49 83.9051 35.209 0.794649 0.392134 -0.62966 -0.646081 -0.363271 -1.76107 -2.15418 -1.7432 -1.56847 -1.43746 -1.90623 -1.09546 
2.06156 2.13457 1.56394 1.17571 0.861586 1.48186 1.81633 1.40514 1.58809 1.24648 1.38354 1.35109 1.8868 1.47494 2.02897 3.13193 4.03365 69.4366 101.809 124.02 145.777 163.558 176.342 187.11 196.058 203.258 209.646 174.506 155.152 143.689 135.255 128.933 117.006 114.676 114.141 112.095 113.285 114.329 116.968 121.069 129.302 138.066 151.527 186.643 184.298 175.566 163.41 150.646 131.52 108.893 82.6195 37.9059 0.901832 0.777456 -0.609021 -0.928813 0.216613 -1.74242 -1.1787 -1.10745 -1.63535 -1.30053 -1.45281 -1.7692 
1.99488 2.13969 1.50936 2.16423 1.37163 1.99321 2.44933 2.46528 1.32339 1.97278 1.45955 1.57181 1.0273 2.2269 2.25998 3.0165 5.26499 64.326 103.607 123.17 147.052 163.421 175.949 185.287 196.45 203.945 208.369 180.657 155.425 143.296 135.102 128.961 118.404 114.333 113.858 112.813 112.597 115.741 116.939 120.452 128.927 136.883 150.05 186.52 184.27 175.891 164.89 150.261 132.185 108.952 83.9138 47.4481 0.367762 0.507276 -0.346788 -0.57289 -0.906256 -1.4466 -1.80909 -1.28044 -1.37186 -1.56648 -1.29541 -1.73822 
2.26367 0.913227 1.66562 2.24664 1.54645 1.90414 1.00154 2.21202 1.52322 1.16299 1.9409 1.51047 1.66763 2.11261 2.29148 3.4447 5.21402 57.2081 111.185 123.303 146.014 164.117 174.778 187.041 195.687 202.874 205.839 184.707 157.006 143.39 135.283 130.731 118.474 114.999 113.855 112.584 113.064 115.355 116.068 120.286 127.698 136.913 149.065 184.68 185.74 176.406 164.192 150.848 132.173 108.513 84.4641 40.1118 0.21248 0.44056 -0.593482 -0.218434 -0.464618 -1.0613 -1.40958 -1.60724 -1.85223 -1.8321 -1.09114 -1.51116 
1.25045 1.86563 2.32571 1.82211 1.99951 1.76916 1.19616 1.45281 1.70182 1.65786 1.6759 1.98192 2.78536 1.61889 2.24425 2.95246 4.80362 58.5627 111.023 121.737 146.251 164.933 177.517 186.812 195.91 201.473 207.3 186.206 157.303 145.989 136.581 130.496 119.088 121.577 113.425 112.71 113.302 114.414 116.368 120.572 125.543 137.946 149.058 182.647 186.422 175.285 165.568 151.451 132.874 112.25 81.7343 42.3115 -0.138133 1.02766 -0.184867 0.0248167 -0.0838428 -1.45367 -1.17246 -1.78142 -1.20191 -1.14377 -1.37439 -1.06266 
1.86683 1.57147 1.90625 1.47835 1.62419 1.46426 1.48093 1.87499 1.99883 1.79165 1.66044 1.44325 2.16328 2.19546 1.86621 3.48061 3.07606 56.9608 105.279 129.847 145.879 162.587 175.5 186.307 195.554 203.035 207.292 191.364 160.786 146.534 136.683 130.99 119.387 117.902 114.729 113.461 114.66 115 116.507 120.414 125.029 135.635 149.1 180.233 187.325 178.249 166.328 152.946 137.971 113.628 86.2348 49.3218 -0.00195702 1.16584 0.423278 0.185995 -0.257498 -0.755891 -1.09689 -1.58329 -1.45272 -1.22109 -1.40725 -1.30594 
2.16919 1.82463 1.19766 2.1244 2.25131 1.88575 1.95572 2.13753 1.59585 1.66966 1.03956 1.37094 1.45711 1.82313 2.25201 3.11476 1.29684 53.4181 90.3394 137.917 144.518 163.485 174.946 185.484 196.215 204.085 208.127 195.925 160.48 148.633 138.174 131.678 120.77 116.406 114.671 114.304 113.609 115.213 116.376 119.619 125.222 133.715 149.078 179.1 188.676 180.2 168.217 153.994 138.91 116.164 89.2876 55.9792 0.394586 2.44119 1.2741 1.1317 0.381689 -1.14867 -0.908908 -1.37796 -1.26238 -1.46343 -1.21611 -1.31248 
1.39548 1.93975 2.23842 1.6221 1.65136 2.03161 1.14591 1.96577 2.11061 1.40205 1.7634 2.04389 1.89319 2.20887 3.12269 2.94945 1.72028 52.7014 89.5901 134.231 144.656 161.57 175.304 187.357 197.475 205.522 207.871 198.233 162.565 148.656 138.754 132.375 120.1 117.363 115.25 113.808 113.733 113.754 116.598 120.8 123.674 132.259 147.915 178.559 186.385 180.763 168.392 154.36 140.172 117.289 90.6723 57.32 2.44286 2.83296 1.78395 0.776318 -0.262414 -0.731647 -1.35045 -1.82382 -1.42747 -1.50644 -1.46209 -1.3882 
1.86605 1.81439 1.84044 1.86033 2.20295 1.63607 2.14413 2.41903 2.27818 2.52286 1.46059 1.17758 0.979728 2.24447 3.26535 3.53978 2.1947 51.7933 92.0796 133.095 145.282 163.455 177.348 187.725 197.703 205.881 208.887 196.868 163.863 147.942 138.68 133.297 121.449 117.05 115.809 113.963 113.482 114.225 116.511 119.851 125.035 130.795 146.842 178.984 189.2 183.342 169.676 155.642 140.837 121.968 96.7317 64.4417 8.90214 3.78922 1.97675 0.835884 0.394425 0.203099 -1.63626 -1.9042 -1.29349 -1.26056 -1.71373 -1.84616 
2.38292 2.25472 1.34259 2.20848 1.3977 1.92026 1.86446 1.51827 1.89507 1.75989 2.26282 1.67715 1.79165 2.14958 2.94779 3.65002 7.51456 65.61 99.8691 134.479 159.979 170.767 184.532 194.084 203.773 210.697 213.084 203.724 167.395 152.791 143.553 135.538 125.232 121.308 118.488 117.097 116.79 115.831 117.148 121.134 125.078 131.103 150.487 177.428 190.95 184.728 173.389 163.618 151.518 126.345 96.8677 60.3798 4.55847 3.05986 2.0418 1.49465 1.1242 0.141622 -1.05434 -1.08357 -1.42052 -1.97977 -1.10146 -0.930632 
1.34358 2.12126 1.52343 1.65453 1.79751 1.84853 1.38871 1.81268 2.03385 1.8992 1.80523 1.79867 2.14098 2.66275 2.80225 2.14751 54.4794 93.5482 120.727 146.812 184.472 207.795 225.821 238.318 247.938 239.349 229.959 218.124 180.538 165.583 158.022 153.874 141.806 138.353 138.578 138.687 138.347 138.842 141.923 143.765 150.182 159.376 178.089 203.134 225.01 223.265 217.406 204.574 180.493 158.689 137.244 110.85 75.5518 32.6397 24.904 22.7643 13.7758 -1.25841 -0.657603 -1.34549 -1.29555 -0.765187 -1.75584 -1.61404 
2.41087 1.46309 1.81453 0.978784 1.60923 1.43982 1.45346 2.09289 1.64173 1.56117 1.7388 1.45588 1.93929 1.98053 2.33834 23.8237 76.4158 106.812 131.839 153.849 181.024 220.437 245.565 257.193 255.491 252.734 245.748 238.371 199.222 187.02 177.502 169.861 160.776 158.018 155.603 155.265 154.83 156.133 158.718 162.707 168.499 174.727 207.406 257.934 278.517 266.515 250.131 221.377 206.958 199.868 186.415 173.24 161.091 146.264 123.638 94.4736 66.2946 19.0265 -0.874032 -1.38601 -1.10105 -1.68432 -1.64834 -1.45698 
2.0384 1.65018 1.76474 1.59991 2.3375 2.09284 1.03232 1.35815 1.54142 1.39453 2.39592 2.15431 1.71916 1.73922 1.76519 56.9904 91.1701 119.135 144.306 167.722 185.109 207.72 248.604 252.848 255.2 258.134 255.187 246.871 206.386 193.353 183.464 177.339 165.739 164.197 163.138 161.742 163.12 163.91 166.939 169.046 176.027 184.465 218.935 261.343 299.292 291.115 245.352 232.766 225.712 215.18 202.427 187.149 170.506 152.593 132.458 108.225 81.3314 47.5377 -2.25409 -1.4666 -1.29873 -1.55549 -1.35777 -1.77783 
2.15065 1.68766 1.26544 2.3039 2.21789 1.08585 1.97879 1.23822 1.40994 2.03372 1.62747 2.48183 1.9322 2.32855 1.59063 55.5928 90.2387 117.468 142.309 165.197 187.687 200.995 232.224 245.544 250.219 254.575 258.206 251.583 213.181 198.116 189.969 183.045 172.186 168.252 166.125 167.129 167.794 169.309 170.712 174.649 179.477 186.248 217.267 253.725 293.369 283.589 244.656 238.628 227.704 218.193 204.45 191.027 173.475 154.898 135.639 111.211 83.6852 48.9737 -3.50192 -0.961863 -1.21407 -1.36369 -1.38811 -1.50355 
2.09396 1.02804 1.38709 1.77114 1.42692 1.41334 1.61454 2.0009 1.65936 1.7637 1.75464 2.61325 1.92302 2.0163 1.52439 24.9262 74.3328 105.419 131.842 157.13 178.228 196.92 218.655 235.7 244.76 250.609 255.469 254.169 212.159 197.125 188.088 180.775 168.822 165.528 163.562 163.775 164.522 167.232 170.93 175.544 179.366 186.07 214.435 243.917 278.71 267.24 248.929 235.48 226.428 214.772 201.814 188.371 171.327 151.923 131.378 106.847 79.491 29.0361 -0.766902 -1.13136 -1.31248 -1.19894 -1.32265 -1.36165 
2.17542 1.48955 1.51404 1.05234 2.14653 1.42317 1.55775 2.02269 1.87109 0.593754 1.40356 2.16404 1.7897 1.72153 2.19004 2.50735 38.4633 85.1016 114.349 141.932 162.484 182.31 202.538 219.961 233.041 242.728 254.29 248.963 206.862 190.781 181.635 172.46 162.233 156.718 155.818 155.795 155.706 157.885 162.435 167.911 175.81 186.62 203.544 230.153 262.356 255.622 244.37 231.047 222.102 211.793 198.359 183.18 165.724 145.875 122.858 95.9218 56.2612 0.69907 -0.663738 -0.918582 -1.40601 -1.13592 -1.39014 -1.29719 
1.7132 2.64793 0.906058 1.96468 1.55959 1.51284 1.40796 1.87913 2.0822 2.08765 1.43169 1.90168 1.63757 2.00341 2.38835 3.01658 3.88097 43.9842 89.2697 120.009 143.413 163.849 183.979 192.259 204.118 219.955 228.389 231.173 190.736 176.144 168.404 162.099 148.162 145.47 144.044 142.6 143.849 144.337 151.364 156.411 161.997 172.156 186.803 208.713 253.148 241.888 230.398 220.153 213.073 201.579 189.231 174.245 154.19 131.811 103.204 61.7807 4.63884 -0.0612848 -0.434479 -1.35133 -1.54312 -1.7787 -1.42195 -1.0779 
1.72962 2.07389 1.10981 1.01156 1.47853 1.48736 1.62443 0.681709 1.13176 2.15273 1.14646 2.26361 0.980459 2.22905 2.32681 3.13501 4.34722 27.002 80.9762 112.436 136.99 157.274 173.211 183.32 194.866 205.64 214.613 214.513 175.237 160.968 152.763 148.606 134.128 130.572 129.933 129.306 131.663 132.847 135.963 139.578 145.338 154.411 168.773 189.591 231.611 222.092 213.67 205.472 196.773 187.247 171.685 153.045 128.355 96.1916 47.2973 5.41062 0.976299 -0.0720509 -0.331113 -0.711247 -1.07956 -1.39903 -1.28679 -1.41403 
0.938453 1.68867 2.35601 1.85418 1.47561 2.2213 1.41057 1.93614 1.66113 1.81635 1.52421 2.12083 1.45177 1.22482 2.3622 3.21717 4.59115 25.6028 80.6025 111.316 137.487 157.229 174.189 181.376 193.638 203.881 212.101 214.334 177.336 160.471 150.105 149.42 134.139 130.51 128.314 129.088 129.156 131.714 134.228 137.334 141.869 149.27 159.743 176.393 212.296 204.877 195.714 188.258 175.005 166.031 148.917 129.49 104.459 74.6843 20.1644 1.82787 0.896676 0.140841 -0.634627 -1.04083 -1.54597 -1.29234 -1.02841 -0.944776 
1.76609 0.62067 1.42937 1.3684 1.26788 1.80025 1.82499 1.73972 1.77281 1.37323 1.43702 1.41951 1.10882 2.09869 1.82811 3.25536 4.42907 25.0298 79.5964 111 136.653 156.267 172.759 180.68 192.897 201.662 212.276 214.556 175.622 161.332 150.813 142.184 133.188 129.463 127.764 128.046 128.087 130.034 131.766 135.273 139.811 147.899 157.559 175.658 212.004 203.924 195.644 186.576 175.455 167.93 150.064 129.869 104.155 74.457 20.7481 1.35708 -0.000369347 -0.456308 -0.884102 -1.24543 -1.65653 -1.4635 -1.24284 -0.921396 
2.75737 2.34246 0.852163 1.1337 1.55022 1.6451 1.61481 1.76927 1.4181 1.30271 2.05102 0.875669 1.31267 1.32622 2.15472 3.36035 3.94918 26.4107 79.7475 111.145 135.333 156.756 172.508 177.813 190.316 202.578 209.212 212.852 174.84 159.521 149.749 144.393 132.407 128.99 127.357 128.598 128.323 129.462 131.644 134.653 140.786 146.439 157.787 172.969 213.225 203.605 194.403 186.354 175.244 165.948 149.784 129.645 104.997 74.5733 21.1978 1.12874 -0.103314 -0.82937 -1.51516 -1.58223 -1.49013 -1.74911 -1.47294 -1.51435 
1.10143 2.06651 2.21029 1.5735 1.93357 2.25082 1.1877 1.56037 1.48028 1.9226 1.74393 1.27498 1.66929 1.85901 2.19728 2.48371 3.70529 25.3879 79.4117 110.909 137.028 155.385 172.974 176.296 190.742 202.435 208.813 211.378 174.078 159.045 148.628 143.197 131.893 129.56 128.395 126.735 127.667 128.416 131.078 133.736 140.714 146.452 156.321 173.745 209.09 204.383 194.625 185.423 176.565 166.518 150.395 130.531 105.654 74.4505 20.7559 0.976706 -0.599162 -1.00481 -1.27341 -1.74919 -1.40668 -1.21949 -1.50463 -1.41858 
1.68057 1.55241 1.65354 2.02534 1.81106 1.5106 1.1596 1.27742 1.78148 1.00978 0.996704 1.54674 1.79571 1.75822 1.37353 2.38501 3.38486 27.7418 78.551 109.128 134.772 154.958 172.592 176.759 190.732 201.787 211.245 213.036 174.89 157.355 147.141 142.735 131.489 127.438 127.266 126.041 126.711 127.412 130.683 133.728 138.815 143.674 154.612 168.754 205.542 202.741 194.147 185.509 175.1 166.612 150.412 130.914 106.73 75.3613 24.8994 0.197837 -0.325348 -1.18962 -1.7412 -1.70863 -1.19059 -1.83165 -1.79166 -1.35123 
1.7405 1.31099 1.04876 1.79069 1.15703 1.17718 1.62504 1.82814 1.64527 2.01229 1.05707 1.25248 1.32694 2.03276 1.4937 2.35184 3.08056 21.4981 76.5172 107.117 134.376 153.754 171.065 175.798 186.801 198.697 210.17 213.177 175.795 157.995 148.206 142.213 131.286 127.192 126.935 125.919 125.76 127.443 129.02 132.467 138.728 144.32 153.873 166.706 205.381 203.319 196.405 185.543 175.297 168.293 152.12 132.897 108.91 79.1539 30.1879 0.323472 -0.93486 -0.908562 -1.45849 -0.850007 -1.3083 -1.57067 -0.97907 -1.09766 
1.82339 1.45768 0.908148 0.829234 1.63315 2.07089 1.3946 1.51052 2.73949 1.54644 1.21476 1.22978 1.15429 1.11679 1.74425 2.32058 3.0822 23.5998 75.0297 107.522 133.686 153.538 170.155 173.115 186.195 200.764 209.206 214.492 174.833 158.121 148.77 142.288 131.714 127.255 126.056 126.3 125.941 127.39 129.322 131.897 137.317 144.527 152.917 166.266 203.246 202.807 194.852 186.217 176.122 166.629 150.688 132.159 109.245 78.6547 32.5169 -0.00678134 -0.623722 -1.2693 -1.10117 -1.2181 -1.40468 -0.982704 -1.08881 -1.23429 
2.03852 1.53784 1.40057 0.814041 1.14228 1.41242 1.84852 1.28594 1.37352 1.78171 1.675 1.39533 2.01113 2.08661 1.5298 1.73341 3.03411 21.8263 76.1744 107.661 132.987 154.173 169.862 173.286 187.139 199.648 207.715 215.621 175.279 157.327 149.198 140.733 131.776 127.134 126.185 124.929 125.612 126.323 129.155 132.703 136.679 143.709 151.231 166.486 199.689 202.809 195.843 186.07 174.552 167.775 152.464 133.537 107.916 79.2663 31.3129 0.644846 -0.113247 -1.17047 -0.895942 -1.75671 -1.38525 -1.02275 -1.26646 -1.22421 
1.6259 1.85591 1.11614 0.793077 0.968358 2.34498 1.99348 1.14629 1.64752 1.20607 1.41937 1.40249 1.40751 2.41242 1.50253 2.14902 3.02327 22.5262 76.3233 107.867 133.013 154.498 171.218 172.755 185.751 200.462 207.79 212.656 174.823 156.647 147.736 141.46 130.543 127.093 125.608 139.354 125.508 125.896 127.213 131.379 135.802 143.177 150.942 165.374 199.55 202.412 196.654 185.509 173.471 168.185 152.892 133.182 109.576 80.439 31.7073 0.28326 -0.502428 -0.918774 -1.00555 -0.833207 -1.07006 -0.850048 -1.1473 -1.28866 
1.78299 1.4568 1.07379 1.17352 1.61916 0.862839 1.24827 1.86572 0.756442 1.8231 2.00634 1.64071 1.63995 2.18108 1.97157 2.82792 3.16994 23.3668 77.5016 107.2 133.127 154.209 170.262 171.881 186.869 200.464 209.523 214.306 174.809 158.572 146.382 143.081 132.343 126.499 125.447 125.32 125.699 128.125 128.815 130.87 137.474 142.742 151.096 164.68 198.908 203.545 195.802 187.5 173.878 169.455 152.436 133.505 109.823 81.4719 34.5592 0.82018 -0.277823 -0.61362 -0.216359 -0.770753 -0.766293 -1.17064 -1.35213 -0.854572 
0.996682 1.73196 1.47173 0.870144 1.08424 1.45142 1.13543 1.16979 0.967246 1.29635 1.24216 1.11785 1.88657 2.07894 2.29867 3.40837 3.5924 24.1219 78.3305 108.431 134.422 154.208 169.534 171.91 184.674 199.937 207.754 214.657 174.116 156.945 146.602 141.165 131.55 126.385 125.935 125.105 125.513 126.7 127.925 132.243 136.597 141.859 152.036 164.245 198.131 202.791 195.777 187.022 173.491 170.758 154.86 134.436 111.272 82.2851 35.5949 0.947048 1.39188 0.0505284 -0.210178 -0.924259 -0.618678 0.0114334 -0.733573 -1.1386 
