-0.389964 0.0743959 -0.588735 -0.339536 -0.260933 -0.362058 -0.658285 -0.370126 -0.484537 -0.305132 -0.0530418 -0.144065 -0.243781 -0.289251 -0.0200373 -0.620094 -0.392912 0.124436 1.09417 10.5326 65.2634 98.5155 125.232 145.967 163.318 170.944 181.621 191.721 201.576 203.194 168.657 150.83 139.944 133.674 129.734 127.093 126.211 126.59 126.566 127.684 128.988 134.264 139.32 145.067 157.323 173.287 209.887 202.67 194.715 185.264 175.8 169.556 153.282 134.58 110.406 80.4435 30.6647 0.639111 -0.551762 -1.22332 -0.934387 -1.241 -1.21055 -1.24252 
-0.361721 -0.323046 -0.453576 -0.315621 -0.519528 -0.489914 -0.754075 -0.592569 -0.672986 -0.62486 -0.67151 -0.539057 -0.548173 -0.279281 -0.629429 -0.199176 0.120284 0.364625 0.960289 8.83107 65.8766 98.5907 125.238 145.745 162.833 169.374 182.357 191.315 201.87 202.19 167.642 151.19 139.391 132.755 129.733 128.438 125.317 126.514 125.109 128.303 130.56 134.783 139.821 146.691 155.782 173.913 209.577 201.989 195.416 185.93 175.422 169.531 153.846 134.069 111.122 80.9995 31.4098 0.293552 -0.537895 -1.14213 -1.14124 -1.20944 -1.04959 -0.846903 
-0.217352 -0.509866 -0.356063 -0.0887366 -0.302062 -0.415887 -0.120793 -0.271993 -0.338846 -0.292616 -0.489422 -0.158883 -0.65499 -0.373243 -0.412754 -0.550132 0.0946205 0.0911559 1.15516 9.10317 65.2823 98.8351 125.617 145.64 163.876 170.145 182.442 193.284 201.83 203.354 167.783 151.019 139.267 132.661 129.141 127.351 125.757 126.889 125.738 128.297 128.859 134.825 138.046 146.24 157.053 172.926 209.296 202.887 197.673 184.989 174.448 169.91 153.422 135.493 110.422 81.1182 32.7567 0.35325 -0.423308 -0.982821 -1.42197 -1.07012 -1.18074 -1.30778 
-0.364046 -0.935854 -0.422974 -0.414392 -0.291414 -0.356828 -0.431888 -0.603261 -0.50627 -0.295442 -0.469179 -0.777291 -0.303703 -0.103206 -0.471732 -0.465681 -0.367581 0.582021 1.4671 10.2137 65.0473 98.2765 125.078 146.552 163.43 170.508 181.372 191.892 198.299 203.354 167.254 155.465 139.327 133.983 129.823 128.42 126.441 126.665 127.168 128.56 130.368 134.614 140.067 147.21 158.718 173.387 210.16 203.93 196.69 187.387 176.275 169.371 153.556 134.699 110.26 81.2138 32.7645 0.592459 -0.258319 -0.83614 -0.869923 -1.15872 -1.44785 -1.51489 
-0.360113 -0.545606 -0.252087 -0.462702 -1.00487 -0.0975649 -0.614246 -0.22556 -0.207608 -0.433268 -0.417521 -0.281898 -0.34035 -0.274645 -0.378111 -0.325097 -0.00246358 0.315567 1.51136 7.73498 65.384 99.2016 126.467 147.108 164.324 170.319 183.202 192.308 201.819 204.498 171.365 152.008 140.356 134.905 130.166 128.448 126.983 126.692 127.619 127.819 130.842 134.025 139.363 146.925 158.675 174.433 210.987 204.581 194.565 187.794 175.092 169.765 153.54 134.667 112.064 82.9219 33.2711 1.57078 0.208378 -0.466248 -0.769185 -1.36739 -0.989291 -1.39595 
-0.270247 -0.408691 -0.201887 -0.894962 -0.532878 -0.0361048 -0.388277 -0.210839 -0.234629 -0.653332 -0.199173 -0.119541 -0.629837 -0.516092 -0.593492 -0.382025 0.113686 0.607795 1.64754 9.65496 65.6518 98.6654 125.442 146.965 163.894 171.311 183.529 192.955 202.771 205.648 170.282 154.929 141.518 134.562 130.803 128.103 128.031 126.351 127.891 127.95 131.047 136.096 140.62 147.854 158.254 175.629 212.015 202.782 197.868 186.876 175.958 170.135 154.498 136.462 112.771 83.2635 34.7599 1.61284 0.933509 -0.593282 -0.580279 -1.07888 -1.11535 -1.22639 
-0.263589 -0.222367 -0.558798 -0.255491 -0.547816 -0.210306 -0.620121 -0.470069 -0.409315 -0.0961953 -0.365183 -0.409487 -0.0848205 -0.128367 -0.295791 -0.213855 -0.0538573 1.02907 1.97804 6.48427 63.5257 97.4098 124.222 144.737 162.998 172.087 183.202 193.86 201.409 210.89 171.354 155.001 141.315 135.377 131.777 129.234 127.816 127.4 128.444 129.591 131.029 135.974 141.044 147.178 157.437 174.917 211.928 205.127 199.471 190.342 179.115 173.517 158.557 140.088 117.136 89.023 44.6088 1.23361 1.1993 0.496216 -0.656223 -0.944851 -1.30089 -0.71902 
-0.213986 -0.650415 -0.0995964 -0.228044 -0.493481 -0.309025 -0.387771 -0.0175749 -0.334624 -0.459772 -0.322238 -0.454551 -0.361673 -0.245614 0.0463967 -0.587895 0.509054 1.39147 2.34861 3.71291 60.2642 96.4085 124.09 145.762 163.238 173.46 184.622 194.121 203.293 212.155 174.239 158.1 143.039 136.769 133.956 131.025 129.159 129.712 129.587 130.584 132.266 136.246 141.294 147.972 159.419 175.085 212.235 206.273 199.797 192.1 180.033 174.009 159.658 141.821 117.71 90.3978 48.3746 1.40478 1.40121 0.440012 -0.372884 -0.85658 -0.962214 -0.895264 
-0.258198 -0.688843 -0.201528 -0.620942 -0.719605 -0.104877 -0.0945659 -0.463095 -0.734064 -0.554684 -0.291388 -0.381388 -0.452408 -0.666101 0.0806448 -0.0916031 0.725302 1.21793 2.80272 5.45489 63.3846 97.2403 123.601 145.817 163.631 172.896 184.525 194.621 203.409 211.792 173.739 156.754 141.989 137.035 132.028 129.922 128.56 129.169 128.975 130.19 133.582 136.996 141.394 148.006 157.728 175.476 211.193 207.605 199.471 191.174 180.86 174.541 160.256 142.183 119.552 91.3281 46.4829 0.220577 1.25307 0.398448 -0.273086 -0.795785 -1.2869 -0.988367 
-0.276325 -0.510869 -0.243411 -0.699302 0.0903246 -0.262515 -0.267628 -0.279283 -0.314208 -0.829437 -0.321981 -0.204398 -0.445076 -0.775834 -0.151913 0.479595 0.63572 1.54532 2.18072 2.40519 60.3002 97.7341 125.13 146.378 164.89 176.771 186.712 197.383 204.763 215.717 175.654 158.832 144.52 138.954 134.728 130.454 130.031 129.874 131.009 131.591 135.245 140.355 145.101 153.085 166.024 181.698 221.915 216.983 210.567 203.259 189.85 186.006 172.77 155.461 132.782 109.616 81.0561 33.2374 0.0938641 -0.233752 -0.264754 -0.675436 -1.2336 -1.02189 
-0.560186 -0.451133 -0.357814 -0.543231 -0.360452 -0.725557 -0.551267 -0.237719 -0.36268 -0.676213 -0.118925 -0.724257 -0.340811 -0.0491552 -0.228886 -0.0736915 0.597574 1.51381 7.50105 67.1449 99.3161 124.3 146.492 169.64 185.779 195.537 204.732 215.729 223.116 232.27 191.991 175.067 159.706 152.333 148.261 145.546 144.648 145.321 144.485 146.155 150.151 154.453 160.308 167.342 178.438 194.47 234.313 230.785 225.949 216.683 209.418 200.423 191.975 178.949 164.672 148.565 127.669 97.7689 43.6963 18.0068 -1.42102 -0.624074 -0.938794 -1.08891 
-0.581526 -0.240504 -0.47925 -0.659007 -0.867285 -0.41803 -0.157201 -0.457284 -0.559629 -0.0836052 -0.278752 -0.112232 -0.728883 -0.445598 0.171495 0.480203 0.521404 -0.770121 41.9861 101.133 130.517 160.906 178.499 195.227 209.216 220.298 228.849 236.292 240.459 248.836 206.755 185.44 168.224 160.153 156.165 153.167 151.391 150.849 152.196 151.975 155.638 161.806 168.04 175.48 186.425 201.975 244.494 244.337 239.734 233.204 225.262 213.003 202.91 189.621 170.681 155.903 139.757 122.471 100.386 56.0777 10.1531 -0.846528 -0.613649 -1.19919 
-0.679919 -0.505175 -0.586334 -0.268592 -0.103187 -0.128761 -0.631124 -0.387574 -0.255299 -0.631124 -0.195102 -0.238224 -0.664023 -0.376949 0.0992012 0.377255 -1.0462 34.5117 97.3387 117.685 138.433 160.855 181.348 200.347 215.998 227.814 234.809 242.935 249.71 257.939 213.226 195.457 169.517 163.513 164.554 164.276 166.168 165.795 166.506 169.47 171.831 177.049 183.379 190.978 202.686 217.431 261.492 263.079 258.551 249.537 240.742 228.471 215.413 201.771 185.173 166.251 153.875 137.411 118.682 83.6814 27.0667 -0.863151 -1.14754 -0.853932 
-0.522399 -0.364675 -0.403747 -0.490858 -0.455662 -0.521419 -0.23173 -0.286904 -0.329446 -0.231889 -0.573649 -0.229356 -0.36561 -0.31206 -0.146355 0.266486 0.228081 73.9096 107.938 124.813 148.901 169.126 188.723 206.087 221.544 233.226 242.843 249.079 254.008 265.41 222.024 190.422 168.9 163.161 163.95 173.643 171.504 171.136 171.941 173.271 175.902 180.146 185.487 192.293 205.509 219.539 261.988 266.013 258.924 252.467 243.069 231.971 218.912 203.559 188.206 169.307 153.14 139.062 118.727 86.2403 32.8762 4.73019 1.09109 -0.836353 
-0.603721 -0.821205 -0.272992 -0.490421 -0.786396 -0.316039 -0.26279 -0.493622 -0.548015 -0.10255 -0.15835 -0.578061 -0.302881 -0.329902 0.188073 -0.138382 6.20263 74.7871 106.484 124.52 149.555 171.406 189.852 207.835 222.034 234.882 241.69 249.702 255.618 262.19 206.495 182.354 165.89 161.486 159.362 159.568 166.363 172.213 174.775 175.453 174.308 172.212 177.158 182.547 192.217 206.566 247.06 250.709 244.263 233.305 223.696 209.813 193.881 176.91 154.249 137.592 117.01 78.3203 36.0581 21.6911 7.81408 4.126 2.05592 1.63343 
-0.221792 -0.699421 -0.276849 -0.270754 -0.000367173 -0.301325 -0.440671 0.0300279 -0.208623 -0.691032 -0.452865 -0.371804 0.125517 -0.220116 -0.262019 -1.26014 11.8344 36.58 59.7893 76.7806 112.723 143.045 165.268 175.356 190.402 204.362 212.309 221.121 221.987 210.023 170.905 148.853 134.438 128.22 125.535 122.749 119.715 118.169 120.481 127.13 133.588 136.761 141.791 148.326 157.885 174.19 211.3 215.164 208.058 198.507 188.559 174.581 159.05 137.736 119.192 88.5058 41.7742 2.36958 2.2903 1.72306 1.13226 0.828893 0.361309 0.687355 
-0.749543 -0.63988 -0.499016 -0.430805 -0.747974 -0.326946 -0.414589 -0.448026 -0.499169 -0.499117 -0.640998 -0.226675 -0.23372 -0.146287 -0.14316 -0.155291 9.3392 9.08069 5.8889 6.1502 7.76369 59.6085 95.9953 119.694 142.362 160.947 172.732 180.5 164.277 167.285 143.308 121.871 110.088 105.918 104.39 103.155 101.882 101.598 104.207 105.266 110.903 121.661 133.024 139.084 147.953 162.548 197.797 204.745 196.266 187.53 177.481 165.067 147.773 126.844 101.464 67.5943 13.1445 3.30316 1.51964 1.21121 0.281397 0.260041 -0.150355 0.370751 
-0.0943644 -0.263749 -0.336925 -0.630894 -0.313282 -0.822653 -0.570919 -0.0905245 -0.528018 -0.427237 -0.429207 -0.365408 -0.268978 0.60843 0.203687 0.152109 0.44525 6.49112 4.75198 4.94853 4.52643 46.5682 89.0567 115.622 138.746 155.386 169.144 154.977 148.492 154.334 140.342 117.455 106.284 102.696 100.082 98.4698 97.9306 98.0958 99.2606 101.308 104.882 107.854 116.744 133.06 146.375 158.966 194.282 202.502 195.999 186.581 175.193 162.833 147.632 126.174 101.859 68.0109 10.7823 2.77139 1.33923 1.16554 0.681423 0.325562 -0.0279816 0.0948903 
-0.529208 -0.49825 -0.415598 -0.32659 -0.367382 -0.549805 -0.241783 -0.148089 -0.500372 -0.268885 -0.219234 -0.190993 -0.319808 -0.103941 -0.1485 0.0196601 0.0965612 5.02629 4.08975 4.94798 4.73807 42.2524 83.9335 113.553 136.288 152.73 161.492 139.328 135.181 145.303 139.936 115.963 103.754 100.139 97.548 96.2345 96.1416 95.8807 96.7102 98.4896 101.11 104.385 108.641 116.049 137.36 158.875 190.766 199.187 194.067 185.975 173.13 161.806 146.102 125.912 99.8248 67.149 9.20404 2.29503 0.936482 0.699564 0.540031 -0.0947737 0.310591 0.154037 
-0.0902202 -0.299657 -0.338504 -0.501945 -0.0672397 -0.435168 -0.108189 -0.0125452 -0.168874 -0.311226 0.017674 -0.563065 -0.311741 -0.0974986 -0.226221 0.383972 0.409268 2.08648 6.17956 4.51983 4.25934 37.3235 82.2582 111.054 133.706 149.854 154.792 131.238 126.958 138.055 138.163 117.309 102.765 98.268 95.0337 94.1911 93.9785 94.4794 95.2052 96.3711 96.995 100.953 105.195 110.906 122.909 149.276 188.681 197.679 192.867 183.611 173.173 159.089 144.312 125.537 99.5037 65.3562 9.39876 1.75787 0.664573 0.963351 0.267909 0.484537 -0.108614 0.179677 
-0.114889 -0.460951 -0.312012 -0.297583 -0.790419 -1.06758 -0.25466 -0.120615 0.10484 -0.688127 -0.223243 -0.340016 -0.836458 -0.319263 -0.430014 -0.326185 -0.351167 -0.957556 7.94002 3.33486 4.55063 33.2086 80.7476 107.475 131.996 149.446 151.337 126.402 121.01 131.968 139.357 114.698 102.461 97.8016 94.7624 93.4315 92.3049 92.8082 94.1184 95.0667 96.3308 99.6653 103.579 108.708 118.209 135.035 185.999 196.938 191.25 182.876 172.467 159.484 145.136 123.604 97.5384 65.3022 8.72603 1.93342 0.429458 0.0372378 0.343864 0.470278 0.368591 0.593409 
-0.214319 -0.278102 -0.840936 -0.530509 -0.769243 -0.371635 -0.752119 -0.259769 -0.526848 -0.660095 -0.513841 -0.515388 -0.388503 -0.185202 -0.103581 -0.198068 -0.125088 -0.475617 7.91102 3.84946 5.00042 29.9689 81.2498 105.245 128.266 147.816 151.577 124.028 117.885 128.72 141.322 114.624 102.894 96.8492 94.4872 93.6783 92.5135 92.5544 92.9842 93.4699 95.0723 98.5309 102.164 106.916 114.882 129.95 175.599 197.325 189.963 181.96 172.468 159.395 143.9 124.015 99.914 66.7326 8.55601 1.46347 1.07643 0.0311785 1.29418 0.100167 0.832049 0.608768 
-0.342928 -0.172295 -0.236742 0.196141 -0.488182 -0.49785 -0.391928 -0.14127 -0.614833 -0.286231 -0.252356 -0.388657 -0.232626 -0.283702 -0.191071 -0.525794 -0.319296 -0.119742 8.44885 3.87946 5.02365 27.0498 81.1667 103.481 128.085 146.691 153.487 124.987 116.635 124.702 142.908 116.021 103.19 98.4157 95.1308 92.4882 92.3907 92.3626 93.0872 93.5975 94.906 99.2408 101.955 106.408 114.968 127.276 169.486 195.703 189.702 182.871 171.55 158.023 145.037 123.536 100.249 66.8553 9.19439 1.91678 0.967808 1.13083 1.17759 0.842698 1.14857 1.28472 
-0.213261 -0.0264896 -0.28229 -0.485253 -0.144756 -0.755216 -0.526518 -0.280126 -0.469071 -0.591434 -0.0337916 -0.713088 -0.658803 -0.465071 -0.147574 -0.207331 -0.0301539 0.454733 3.95226 8.22494 5.0404 21.5369 77.4833 99.656 124.454 143.402 158.829 127.572 119.497 121.43 146.742 118.617 105.141 98.7309 95.4456 93.2363 92.6818 92.331 93.1095 94.4842 95.1992 98.3703 100.638 106.334 113.808 123.741 149.403 205.224 190.886 182.571 172.855 159.31 146.949 126.901 103.338 71.5033 14.7314 2.60459 1.49955 1.15082 1.66019 1.57599 2.00857 2.10246 
-0.557728 0.121777 0.0298732 -0.348954 -0.189968 -0.243444 -0.646556 -0.244531 -0.0117333 -0.247332 -0.367099 -0.314847 -0.382821 -0.139635 0.403442 0.155046 0.0716061 -0.228789 -2.23572 13.7836 4.88334 19.2968 73.6349 96.634 122.83 143.275 160.403 134.693 121.826 118.961 151.672 120.412 105.112 100.581 96.6067 94.236 92.9731 92.702 93.6817 94.2614 95.3031 97.9208 101.817 106.374 112.985 124.009 141.482 208.861 191.532 183.894 173.119 160.837 146.991 128.106 104.16 72.9258 16.5581 3.1931 1.36558 1.23596 1.24466 1.61251 1.33288 1.12071 
-0.913575 -0.656159 -0.228599 -0.751219 -0.627569 -0.330873 -0.606388 -0.0811212 -0.240467 -0.340622 -0.145278 -0.653635 -0.547955 -0.0711804 -0.324 -0.387729 0.000271297 0.00813427 -1.23832 10.6346 4.90668 18.433 70.6472 95.5317 121.908 142.92 155.752 148.071 125.658 118.169 156.595 122.9 107.444 101.573 98.1724 95.3376 94.0866 93.9774 93.801 94.5206 96.3557 98.6052 102.225 106.916 113.62 124.553 142.395 205.17 191.043 183.078 172.836 161.288 147.001 128.181 104.345 74.6793 17.6733 3.08229 1.84418 1.12269 1.11744 1.51582 1.42526 1.23706 
-0.39113 0.0570515 -0.296192 -0.380376 -0.572633 -1.17746 -0.267003 -0.684128 -0.698437 -0.263327 -0.597918 -0.464717 -0.407884 -0.298524 -0.192303 -0.182239 -0.182916 -0.314335 0.0699231 10.3004 7.33333 14.7217 70.1926 93.4849 121.223 140.152 157.552 156.779 130.484 120.172 158.821 125.82 108.543 102.347 99.5998 96.6879 95.3023 94.6433 94.0045 95.1891 96.9829 99.8935 103.185 108.562 113.239 124.783 144.005 201.757 191.748 183.755 172.526 160.203 146.89 127.816 104.835 75.2981 17.6028 2.71112 1.37743 1.18263 1.26947 0.985802 1.11536 1.52848 
-0.617697 -0.653342 -0.618317 -0.100568 -0.371726 -0.845295 -0.63979 -0.88612 -0.61646 -0.483761 -0.568192 -0.650536 -0.586271 -0.594911 -0.339268 -0.0425961 -0.679565 -0.354155 0.0940776 10.9666 7.17294 12.1574 66.4683 92.6181 119.878 139.918 156.406 166.045 137 125.937 161.948 127.364 111.539 104.674 100.044 96.8239 95.8763 95.4396 96.3444 96.6085 98.4849 100.904 104.622 108.72 115.778 126.183 149.847 198.451 190.519 183.27 173.05 159.958 148.624 129.088 105.528 75.6232 18.6216 3.10778 1.50022 0.813875 1.08737 1.07766 1.25754 1.40955 
-0.212386 -0.56674 -0.724655 -0.700416 -0.448931 -0.448525 -0.770595 -0.102162 -0.210308 -0.536179 -0.305569 -0.782347 -0.127275 -0.409127 -0.517168 -0.266682 -0.227687 -0.0913438 1.48836 8.75388 7.47734 8.75801 66.0901 91.5344 120.238 140.904 156.331 170.327 151.487 133.841 163.234 129.893 111.827 106.247 101.896 100.152 97.1371 96.8284 97.8698 98.5727 100.327 102.577 105.727 110.73 117.962 129.469 156.63 197.203 191.363 184.166 174.166 161.641 147.698 129.722 106.138 75.9637 20.6251 2.26694 1.02466 1.03401 1.11229 1.02086 1.0046 1.12683 
-0.662409 -0.329112 -0.389658 -0.55591 -0.594485 -0.93729 -0.584751 -0.915912 -0.706104 -0.507822 -0.346652 -0.465648 -0.475746 -0.412659 -0.519742 -0.143862 -0.405742 -0.193987 2.6933 8.51079 6.41929 8.78576 62.9217 90.2538 118.348 139.791 155.509 168.982 173.108 146.774 167.6 134.566 116.04 110.081 103.862 100.793 99.3902 97.9704 99.4193 99.3338 102.044 104.055 108.228 112.947 120.875 135.048 158.611 194.276 192.201 183.591 173.558 161.619 148.871 129.518 106.814 76.7842 20.5744 2.67285 0.917045 0.918433 0.677289 0.783607 1.25124 1.2824 
-0.512907 -0.478296 -0.476685 -0.381715 -0.224882 -0.415603 -0.229711 -0.524279 -0.638628 -0.707862 -0.224226 -0.350098 0.208906 -0.407995 -0.378124 -0.199674 -0.393813 3.54714 2.40039 9.37935 5.25372 7.67416 60.6197 89.531 117.325 138.264 156.367 169.466 179.846 173.084 172.916 142.829 120.717 112.292 108.179 104.309 102.202 100.939 102.256 103.524 105.021 107.343 111.766 117.741 129.602 142.375 157.679 193.304 192.685 183.889 174.38 162.358 148.783 129.705 107.05 77.403 22.2622 2.44388 0.986895 0.712352 0.800051 0.84038 1.55649 1.04842 
-0.448258 -0.142442 -1.58677 -0.166799 -0.361631 -0.645191 -0.901376 -0.370926 -0.512143 -0.494788 -0.498876 -0.714216 -0.281577 0.0496014 -0.794817 -0.234071 -0.157291 3.16017 1.53992 3.76448 9.45908 7.14813 60.5537 88.8319 117.012 137.417 156.898 167.902 179.436 188.139 189.587 159.33 128.895 119.159 113.252 109.315 107.044 106.035 106.539 107.653 110.915 115.89 120.536 127.371 131.838 141.5 155.268 190.967 193.216 184.294 174.132 162.034 148.637 131.29 107.834 78.1363 23.7611 2.18606 1.36225 0.865833 1.04269 1.0125 0.928173 1.15197 
1.11883 0.0259398 0.151693 0.577875 0.18005 0.608615 0.348007 0.675888 0.297476 0.252518 0.583233 0.592512 0.674734 0.474076 1.05133 0.561441 2.78648 2.6989 2.87572 0.0149889 12.7317 7.08367 55.8803 87.8304 118.745 139.704 156.028 168.737 180.349 189.688 196.291 177.553 140.806 130.948 124.342 119.53 116.432 115.133 115.118 114.401 116.678 118.009 121.22 125.126 130.828 139.481 153.217 188.256 192.128 183.434 174.146 160.986 148.833 130.682 108.6 79.4178 26.3648 2.92096 1.71947 0.817245 1.50804 1.60671 1.15488 1.41166 
1.02025 0.189878 0.697848 0.854883 0.408763 0.733267 0.773221 0.844202 0.284702 1.1555 0.768213 0.0884297 0.152304 0.92356 0.411657 0.947897 2.35481 2.8203 2.83929 0.724778 10.1761 8.32914 50.7984 86.6408 117.657 139.665 155.93 169.496 181.059 191.236 196.688 182.094 140.943 130.97 124.83 120.166 117.699 115.143 114.332 115.853 116.771 118.071 120.869 125.117 130.795 139.315 152.959 185.041 193 184.76 174.097 161.89 148.988 130.938 110.003 79.6194 27.5776 2.84405 1.40087 1.13302 1.83676 1.06138 1.03923 1.34983 
0.303148 0.351093 0.370714 0.65869 0.64774 0.765984 0.51138 0.250366 0.561049 1.14982 0.74801 0.512899 0.539734 0.467047 0.647284 1.69708 2.40337 2.19563 4.79335 -0.806852 9.75135 7.01474 52.3144 85.9501 116.361 138.77 156.204 170.087 181.907 191.326 196.719 185.388 142.929 132.775 125.446 120.88 118.222 115.967 115.137 115.44 115.624 118.518 120.367 125.722 130.975 138.222 151.983 183.577 192.849 183.945 173.98 162.841 150.207 132.027 109.58 81.1644 28.6302 2.69549 1.70065 0.746555 1.10581 1.12674 1.1486 0.95564 
0.979789 1.34275 0.991091 1.00722 0.148422 0.618534 0.171796 0.225651 0.461837 -0.190083 0.553583 0.953642 0.24067 0.478358 0.664533 1.26332 2.18516 2.74888 4.7104 1.64139 8.17241 7.00484 50.994 86.1277 115.442 138.253 156.303 169.167 182.189 191.411 198.343 188.007 145.035 133.546 126.414 120.885 118.112 116.274 115.573 115.452 116.713 118.142 120.938 125.149 130.495 138.617 150.873 181.827 192.579 184.717 174.134 162.524 150.102 132.718 109.684 81.9996 31.2204 2.4819 1.07869 0.888765 0.898479 0.838764 0.859582 1.20178 
0.215908 0.681358 0.640792 0.698417 0.175637 0.525681 0.710896 0.227067 0.516207 0.228286 0.272323 0.570677 0.852813 0.651963 0.878331 1.23277 2.00138 3.58675 3.61932 1.80253 9.63806 2.51885 48.4077 84.606 114.572 137.777 156.217 169.937 181.881 190.604 197.6 189.376 145.341 134.064 125.977 120.631 118.679 116.639 115.755 115.64 116.377 117.965 121.097 125.29 129.207 138.698 150.441 180.633 192.385 185.58 175.418 164.23 150.189 133.63 111.416 82.7204 33.7815 2.28515 1.97956 1.02467 0.761381 1.13221 0.978073 1.20812 
0.710266 0.476559 0.291364 0.850628 0.292017 0.704921 0.703134 0.805836 0.430709 0.761393 0.401709 0.433919 0.34379 0.887675 0.831436 0.637432 2.26884 3.62167 3.68932 1.42415 13.5288 -1.65773 46.824 83.9682 114.249 137.696 156.89 169.973 180.641 190.713 197.573 191.992 147.723 134.229 126.055 123.048 119.255 118.001 115.902 115.688 116.796 128.093 120.847 124.144 129.997 136.887 148.902 178.693 192.801 185.466 175.901 164.234 150.249 133.683 112.11 84.5539 36.3507 2.49066 1.02402 0.543837 1.10425 0.443328 0.826484 1.18822 
0.676851 -0.238535 0.767629 1.23384 0.59413 0.605872 -0.158192 1.10503 1.09699 0.245853 1.15393 0.545142 0.307356 0.806716 0.921208 0.445188 2.29947 3.57948 4.73324 5.69356 7.57145 0.665867 44.281 84.1127 112.608 137.135 155.532 169.26 181.177 190.64 196.929 195.396 147.707 135.12 127.164 122.489 119.564 117.714 115.355 117.088 116.806 118.684 120.367 123.796 129.497 136.701 148.312 175.48 192.693 185.927 176.153 165.178 151.819 133.897 112.666 85.7673 38.8029 2.02336 1.47177 0.477846 0.771841 1.11072 1.48616 1.34877 
0.57303 0.698648 0.894177 0.331044 0.9608 0.389899 0.129835 0.282836 0.240074 0.582042 0.301859 0.496459 0.709268 0.543474 0.470059 0.510275 2.56905 3.3252 8.61365 3.83993 2.83646 1.84259 43.8447 82.1334 111.717 136.765 156.092 169.089 180.359 191.224 199.121 198.187 148.94 136.988 127.817 123.279 119.851 117.58 116.719 116.355 116.64 119.23 120.657 124.495 129.983 136.456 148.483 173.971 193.59 186.265 176.283 164.642 154.455 136.221 114.306 86.7127 42.0228 2.59068 2.02559 1.28735 1.40003 1.71631 1.22233 1.19293 
1.04351 0.641511 0.58094 0.628863 0.294821 0.526595 0.283357 0.756115 1.02159 0.156822 0.287233 0.031116 0.303953 1.18127 0.618183 0.489567 3.5831 3.84467 9.37779 2.17962 2.53223 2.24483 38.8852 80.9463 111.038 136.324 153.817 168.181 181.362 190.892 197.652 201.083 151.774 137.85 130.2 123.718 120.786 118.921 115.845 116.649 117.144 118.148 120.091 122.776 129.466 135.468 147.077 166.116 197.108 187.18 178.69 165.869 155.436 137.163 116.941 91.0281 51.4923 1.44548 3.26287 2.39771 1.76629 1.79628 1.24031 1.37724 
0.874164 0.865833 0.0790556 0.354489 1.01029 1.13719 0.481344 0.847454 0.485301 0.370416 0.499451 0.0993238 0.721614 0.877465 0.402912 2.94259 2.53547 5.64496 4.86853 6.46861 2.4595 3.81921 32.0549 79.3238 108.554 134.894 153.496 168.879 179.147 190.577 198.231 203.82 154.398 139.037 131.172 125.379 120.832 118.283 116.6 116.14 117.392 118.785 121.281 123.757 127.856 135.359 144.977 159.946 198.497 187.979 178.785 167.664 155.946 140.185 119.912 94.769 60.9466 0.463567 3.79794 2.84749 2.27228 1.77886 1.75393 1.83338 
0.439242 0.519356 0.730199 0.719239 0.776228 0.416202 -0.0181619 0.497498 0.867155 0.64911 0.348418 0.932853 1.01328 1.03927 0.695563 4.23568 4.20438 5.25917 3.0386 6.95532 3.00879 3.57738 31.4789 79.0555 110.175 134.858 153.572 169.439 181.8 190.507 198.622 206.272 155.93 138.878 130.962 125.571 121.896 118.758 117.847 116.719 116.478 118.529 120.4 124.87 126.602 133.646 142.399 158.685 195.069 187.073 179.585 167.694 156.134 141.136 122.443 96.5122 63.3249 3.01058 3.90951 3.37646 3.32348 2.83987 1.87875 1.66285 
0.762739 1.2369 0.905021 0.568675 0.288773 0.880229 1.23343 0.730894 1.34311 0.844122 0.392874 0.477999 0.494422 0.433438 2.30467 12.6625 7.04747 6.95443 5.29638 5.08714 3.22898 4.332 31.1074 79.1581 110.429 134.951 154.071 168.273 180.244 190.37 198.672 207.049 156.563 140.398 131.007 126.189 122.972 119.373 117.374 116.257 117.3 118.817 120.46 123.724 127.431 133.309 142.865 158.381 194.48 189.066 181.247 170.135 157.474 142.829 123.78 99.1281 64.519 5.86334 4.78858 4.44136 4.16277 3.13241 2.61236 1.79815 
0.167822 0.894363 0.264187 0.70904 0.771832 0.352061 0.345788 0.046149 0.548933 0.868449 1.01901 0.673496 0.656049 0.705321 9.21815 14.5185 5.66712 3.33003 1.97379 4.50361 3.70807 4.80616 29.2227 79.2555 111.144 136.194 154.829 169.037 181.749 191.215 200.11 210.08 159.232 143.481 133.954 128.407 124.211 121.312 118.683 118.385 118.75 120.124 123.438 125.753 129.642 135.065 144.502 160.365 197.485 195.007 186.212 175.303 162.454 148.724 130.573 110.009 79.9397 30.9765 3.84804 4.2521 4.48519 3.86044 3.75055 2.88649 
0.455092 0.604983 0.281082 0.654071 0.435563 1.03389 0.414099 0.557241 0.873017 0.648009 0.606365 0.330535 0.56458 1.54436 5.3248 12.7816 13.4341 9.58308 5.19955 4.80071 3.99251 15.6945 68.1294 102.447 123.866 145.683 162.996 177.318 189.601 199.557 207.169 221.597 164.449 147.925 138.034 135.285 134.093 134.527 133.436 133.775 136.079 141.146 143.081 147.256 152.512 160.08 170.22 185.798 226.08 225.497 219.123 210.542 199.333 190.179 176.265 158.425 149.27 128.788 115.477 89.507 69.5194 32.6693 13.5257 11.3141 
0.89454 0.319208 0.561462 -0.00480823 0.717912 0.593354 0.30633 0.476944 1.14801 0.189791 0.488175 0.517299 1.05707 0.325849 0.773074 10.1039 15.1407 17.4129 18.5975 17.3859 15.1611 48.8986 94.8234 117.025 142.819 164.385 184.156 202.749 213.989 227.275 238.575 250.679 199.79 186.726 177.738 172.11 166.515 164.196 163.025 160.839 163.634 163.625 165.943 170.13 175.39 182.088 193.755 208.507 247.516 251.964 244.689 237.332 224.154 213.824 201.527 186.627 173.815 168.778 156.312 141.551 116.324 81.4041 23.4944 9.17235 
1.10897 0.667571 1.20185 0.678669 1.16185 0.948322 -0.0307845 0.67405 0.522219 0.407658 0.872615 0.694657 0.515224 0.577843 0.607202 1.6775 9.95162 17.3931 19.633 21.0304 30.8856 85.1142 116.295 137.306 167.763 187.807 204.443 220.27 229.591 242.806 250.078 258.125 209.116 192.395 182.056 177.116 172.203 168.505 167.635 168.377 168.366 170.823 172.719 176.463 181.274 187.829 198.439 212.41 252.239 257.661 253.265 243.085 233.274 224.964 210.743 196.226 179.039 172.552 158.416 146.153 121.233 80.4158 34.0531 -1.99694 
1.13897 0.592399 0.952976 0.995445 0.838326 0.134906 0.462816 0.448833 0.386908 0.618994 0.516592 1.0877 0.824891 0.987091 1.07907 1.27794 1.21893 6.80517 15.3969 21.7186 59.9713 101.126 120.614 144.364 169.918 191.227 206.199 223.46 232.376 245.409 252.554 259.143 213.049 193.853 184.694 178.464 174.66 172.036 170.206 169.139 169.594 169.823 170.813 175.236 180.14 187.513 195.893 212.227 250.591 256.084 251.278 243.034 232.451 223.192 211.998 198.575 181.537 170.832 156.218 140.699 108.41 76.1084 38.1135 -1.39243 
0.875187 0.702155 0.280234 0.623341 0.344661 0.353452 0.207896 0.842509 0.660933 0.893226 -0.381934 1.0964 0.865338 0.930368 0.500618 1.0149 0.746798 1.076 3.45089 16.0423 62.6248 102.081 118.356 143.386 168.797 188.372 203.802 219.853 230.757 242.053 249.896 255.179 214.071 193.15 183.595 174.564 170.708 167.291 165.273 163.923 163.346 164.429 166.121 168.395 173.705 180.414 189.091 203.7 243.126 248.758 241.921 234.593 225.06 216.248 205.005 192.57 178.99 164.534 147.229 129.29 100.031 67.709 12.5173 0.584652 
0.729353 0.391475 0.47754 0.291432 0.641851 0.525372 0.361008 1.33173 0.476857 0.162813 0.636194 0.496154 0.672321 0.487766 0.555319 0.470919 1.13013 1.40985 1.43881 2.48715 34.4036 93.7225 113.996 139.126 165.827 183.819 201.023 214.365 227.462 235.669 244.946 249.43 211.397 187.635 175.76 167.354 162.93 158.697 156.384 155.027 153.476 155.34 156.639 159.243 163.131 168.735 179.306 194.147 229.635 236.533 230.631 221.283 213.032 203.771 191.764 179.043 167.135 152.485 132.329 109.97 84.5775 23.9571 0.0498018 -0.0193609 
0.286047 -0.0057535 0.718414 0.99776 0.537881 0.822406 0.875913 0.293554 1.17748 0.593155 0.323338 0.808818 0.301453 0.578758 0.1226 1.01471 0.826284 0.919784 1.49912 2.41497 3.32351 55.267 104.699 129.416 155.132 177.223 193.784 206.688 215.547 223.82 232.854 238.586 201.939 178.078 166.115 157.536 151.939 146.616 144.725 142.977 141.856 142.007 142.42 145.449 149.33 153.985 163.222 177.109 208.77 218.195 212.314 204.513 192.542 187.82 173.163 159.118 142.721 124.99 97.43 62.4044 14.4262 0.819734 0.807893 0.103922 
0.400915 0.934086 0.250506 -0.0502471 0.725497 0.0712861 0.688184 0.203963 0.528246 0.724616 0.616269 0.963891 0.12087 0.762265 0.471134 0.334686 0.262968 0.912398 1.60525 1.83765 2.36283 2.2565 63.5003 109.163 138.448 159.982 177.612 192.4 199.569 209.251 217.838 222.915 189.693 165.623 154.649 145.803 140.521 137.401 134.595 131.841 130.37 130.551 132.997 135.185 139.2 146.011 153.993 168.401 196.554 211.07 205.281 194.795 182.418 179.1 164.227 148.426 127.026 101.835 66.672 11.9578 3.01767 1.5054 1.26592 0.0346876 
0.774229 0.579516 1.02449 0.500512 0.347723 0.827434 0.567484 0.981636 0.713476 0.661357 0.5638 0.17963 0.0596545 0.394961 0.440333 0.502984 0.426256 0.799227 0.836685 1.92895 2.59038 3.3707 30.5052 81.748 110.795 135.515 157.167 172.17 183.17 194.348 203.015 211.838 179.852 158.47 147.073 140.452 135.099 131.363 131.428 130.576 128.595 130.213 130.876 133.947 139.754 145.16 152.413 164.949 197.195 209.592 203.167 193.456 183.566 178.432 164.753 147.686 126.38 101.346 67.4096 11.4521 2.2345 0.652423 0.451639 -0.283119 
0.472455 -0.0657186 0.461534 0.590435 0.219943 0.386777 1.04485 0.498329 0.508825 1.08583 0.467528 0.573357 0.354544 0.865005 0.315961 0.534871 0.627186 0.805131 1.14112 1.0933 1.89574 3.62648 27.5327 80.8014 111.24 136.037 156.126 172.849 180.706 193.816 202.028 210.057 179.628 157.911 147.135 140.615 133.428 131.048 129.803 128.386 128.822 128.959 130.006 132.898 138.276 142.935 150.981 164.859 194.147 209.926 202.628 193.529 183.113 177.948 164.472 147.383 126.611 101.195 67.7866 12.5117 1.87126 0.722668 0.159226 -0.0284474 
0.611274 0.79181 0.364135 0.16347 0.411019 0.613833 0.364723 0.482041 0.179165 0.701444 0.564944 0.0483021 0.341898 0.488448 0.352574 0.492231 0.688574 1.06172 1.08321 1.13237 2.25837 2.7631 26.1949 79.0628 110.563 134.949 155.906 171.175 181.053 194.204 203.26 210.112 180.129 158.231 146.686 140.06 135.195 131.4 129.282 127.846 128.384 128.06 129.353 132.579 137.633 142.613 150.396 163.37 190.251 208.513 200.885 193.656 182.446 176.552 164.56 146.949 127.913 100.462 67.924 12.5775 1.28216 0.175098 -0.460127 -0.26852 
0.552486 0.470788 0.263395 0.452252 0.727503 0.569082 0.449564 0.628404 0.548078 0.397743 0.817783 0.464405 0.962784 1.14607 1.19598 1.04464 0.118636 0.244148 0.344431 0.704966 1.58793 1.77821 24.2998 78.3753 108.83 134.331 154.783 170.811 180.204 191.155 200.785 208.348 179.959 157.318 146.237 139.625 134.13 131.24 127.098 126.916 127.67 127.45 129.587 132.852 137.704 142.539 149.141 162.621 189.236 209.377 201.395 194.52 184.635 175.188 163.245 147.548 126.596 101.147 69.2691 14.3929 1.70287 -0.359796 -0.863762 -0.448111 
0.102366 0.00319314 0.516876 0.62129 0.325925 0.570182 0.218598 0.767111 0.434468 -0.11933 -0.111233 0.545488 0.668911 0.63192 0.717149 0.588107 0.477792 0.626953 0.694004 0.549048 1.38842 2.39729 23.9839 75.8861 106.595 133.103 154.627 171.062 177.01 189.446 199.628 208.494 181.943 158.073 147.059 138.462 133.881 131.091 128.571 126.994 127.125 126.747 127.494 132.003 134.922 140.597 148.277 161.727 182.26 211.607 202.493 194.497 184.863 175.221 165.416 147.877 127.656 102.848 70.674 16.7933 1.10348 -0.279151 -0.986869 0.161504 
0.749361 0.309408 0.171278 0.89536 0.491264 0.599155 0.732728 0.453198 0.889174 0.887341 -0.0813992 1.1493 0.484584 0.716388 0.933027 0.668857 0.42986 0.962533 0.710827 0.609663 1.47139 1.53691 15.5282 71.8123 104.675 131.276 151.568 168.737 175.944 189.067 199.416 207.435 185.239 157.739 146.81 139.438 133.198 130.673 128.234 127.647 126.28 127.548 128.714 132.054 135.134 141.206 148.317 158.382 175.434 213.427 202.416 192.655 185.097 173.858 167.94 150.182 128.731 105.379 75.2642 23.2779 0.884186 -0.162161 -0.71839 -0.487061 
0.820987 0.179859 0.446598 0.113938 0.501655 1.05042 0.407195 0.754555 0.89656 0.612205 0.344575 0.224297 0.661197 0.647253 0.427119 0.793319 0.260875 1.17166 0.521893 -0.0471765 1.06558 1.89404 17.0174 71.5665 103.298 129.698 150.67 167.949 175.745 187.052 197.618 205.501 184.484 157.984 147.051 139.313 133.809 129.65 127.13 126.295 125.767 127.517 129.23 130.907 134.037 139.728 146.456 157.462 173.847 210.538 202.955 195.715 184.608 177.918 167.031 151.23 130.784 105.529 75.9719 23.8486 0.913256 -0.0977963 -0.614385 -0.568135 
0.600359 0.232482 0.765335 0.282236 -0.18531 0.308793 0.469747 0.523082 0.189266 0.739647 0.59857 0.588161 0.675731 0.953921 0.379172 0.420867 0.482336 0.61939 0.636294 0.28984 0.878395 2.19022 13.4274 69.81 102.435 129.661 150.871 168.788 173.538 186.883 197.101 205.869 186.295 157.198 146.784 138.932 132.638 129.346 126.948 126.805 125.526 126.504 127.281 130.909 134.328 139.392 145.983 156.49 172.223 209.53 203.02 196.393 185.389 177.472 166.93 149.816 132.071 107.13 77.5972 24.7604 0.931328 0.26417 -0.301661 -0.167226 
0.546833 0.752603 0.898909 0.0504503 0.380823 1.17221 0.740691 0.528256 0.332118 -0.334231 0.27455 0.463128 0.353645 0.919516 0.143426 0.571863 0.298553 0.610673 0.3168 0.71076 1.56433 2.63794 13.4996 69.028 101.577 128.006 150.576 166.805 174.323 185.664 197.367 204.46 190.208 158.165 147.281 138.455 132.835 128.585 126.869 126.642 125.803 126.562 127.647 130.088 133.968 138.71 145.365 156.692 171.395 209.193 203.339 195.954 186.727 177.246 167.692 151.849 131.775 108.267 78.2454 27.7816 1.39173 0.939952 -0.0571859 -0.120159 
0.8392 0.458973 0.280932 0.352433 0.812199 0.213408 0.377406 0.800059 -0.0283137 0.147259 1.12993 0.60294 0.411692 0.900793 0.161471 0.47967 0.133925 0.473773 1.08224 0.778402 1.42634 2.44961 13.6322 69.3229 101.959 129.059 149.605 167.509 172.387 184.526 195.172 205.999 187.438 159.053 146.925 139.747 133.782 130.018 128.234 125.908 127.682 126.023 127.764 130.35 134.875 139.595 145.278 156.326 172.335 210.789 204.746 196.439 187.505 177.684 170.363 153.123 134.1 108.617 80.2819 29.3435 2.04187 0.725968 0.387619 0.737543 
0.806967 1.29896 0.820979 0.164077 1.14515 0.28351 0.319077 0.484362 0.209942 0.37541 0.220005 0.0921838 0.315504 0.424541 0.551651 0.646312 0.272078 0.820403 1.11686 1.32364 1.79192 2.90284 11.7582 68.6638 100.844 128.348 148.547 167.404 173.171 182.974 195.243 204.944 186.649 159.671 146.907 139.424 133.537 129.722 127.251 127.09 126.796 126.403 128.213 130.384 133.496 138.152 145.817 154.958 172.82 205.728 204.233 198.43 187.365 178.329 170.021 154.173 135.187 110.62 82.1838 33.0834 2.62724 2.69267 0.911555 0.733053 
