0.362877 0.837308 0.297065 0.575895 0.294315 0.281353 0.336552 0.343101 0.609528 0.564979 0.818974 0.691128 0.427998 0.833871 0.795835 0.47053 0.900821 1.41503 1.7406 37.2881 82.9072 112.074 135.879 155.898 169.805 174.856 187.331 197.103 205.846 188.992 162.38 147.186 135.371 131.383 130.057 126.454 125.638 125.062 126.144 129.151 130.525 133.901 139.934 148.361 160.633 187.933 206.458 202.029 189.911 182.312 174.635 161.885 144.525 123.53 97.037 64.0178 6.64655 -0.1768 -1.44892 -1.30141 -1.13797 -1.68526 -1.44757 -1.6838 
0.339452 0.793809 0.432093 0.587862 0.419363 -0.0110627 0.698352 0.650549 0.413719 0.21044 0.19658 0.603011 0.542454 0.547137 0.539178 0.584269 0.979001 1.68006 2.03751 36.3492 83.1635 113.138 137.204 155.908 170.288 171.734 187.992 198.108 205.339 188.275 161.044 147.392 136.262 131.755 128.06 126.431 126.381 125.471 126.491 128.982 131.978 134.499 140.462 148.512 160.639 189.051 207.193 201.383 191.269 181.77 175.053 161.736 145.304 123.157 97.0756 63.005 6.64283 -0.0493943 -1.30726 -1.59392 -1.31743 -1.49345 -1.43038 -0.987442 
1.04716 0.554294 0.304179 0.704671 0.747424 0.213748 0.395191 0.85024 0.804488 0.803558 0.33219 0.681542 0.44785 0.594143 0.453676 0.640519 1.01217 1.33839 2.20719 36.1128 83.6082 113.369 136.989 155.04 172.059 172.613 189.117 199.067 207.118 190.409 162.007 147.41 136.772 130.847 130.025 126.237 125.64 125.658 127.004 128.294 130.425 134.56 139.115 149.533 160.936 189.99 206.719 201.309 193.466 181.293 174.457 161.848 145.185 124.84 98.1853 65.045 7.9203 -0.349702 -1.10138 -1.33748 -1.34854 -1.50188 -1.39515 -1.53404 
0.677138 0.253733 0.618477 0.634763 0.633049 0.386097 0.466241 0.440114 0.636069 0.486103 0.342425 0.0566923 0.667925 0.806815 0.677314 0.298326 0.831502 1.83447 2.40761 36.6154 82.6036 111.941 137.263 155.324 171.295 172.608 187.619 198.445 202.1 190.462 170.804 146.624 137.25 130.315 129.577 126.412 126.362 125.377 127.775 129.062 131.378 135.332 142.118 149.77 161.487 192.288 206.168 201.281 191.929 182.5 174.819 162.521 144.675 123.88 97.4854 63.7128 7.57703 0.0349601 -1.07824 -1.2812 -1.27342 -1.72503 -1.62814 -1.706 
0.529428 0.595072 0.920501 0.5923 0.341813 0.892543 0.391504 0.495045 0.551179 0.761456 0.590867 0.648257 0.591847 0.642165 0.5571 0.785564 1.10139 1.69621 2.59556 34.8504 83.1468 113.099 136.943 156.691 172.058 172.995 189.099 198.25 207.059 193.913 162.575 148.358 137.71 131.836 129.981 127.58 126.559 126.563 127.505 128.789 131.747 135.316 141.751 149.616 160.417 192.727 206.681 200.967 190.521 181.789 174.474 162.305 145.767 124.695 99.0331 66.4839 9.01791 1.07053 -0.480055 -0.849354 -1.25162 -1.31413 -1.52157 -1.53708 
0.510784 0.652113 0.947986 0.365028 0.315413 0.917291 0.52228 0.704652 0.665945 0.645457 0.873198 0.729474 0.510862 0.659209 0.60107 0.717592 1.79689 2.14673 2.75864 37.0002 83.5865 113.889 137.439 156.402 173.936 173.274 189.121 200.316 206.324 193.488 164.437 150.62 137.297 132.077 130.695 127.58 126.444 127.354 126.722 129.81 131.733 136.394 141.607 150.384 163.339 193.362 208.698 200.633 192.158 182.828 175.872 163.223 145.183 124.694 98.1856 65.686 8.63427 0.929656 0.014724 -0.98694 -0.917472 -1.19337 -1.08186 -1.66785 
0.389628 0.9053 0.159209 0.713919 0.541639 0.976862 0.591999 0.683126 0.480287 0.895761 0.461382 0.603121 0.612849 0.615859 0.851342 1.34179 1.70061 2.24079 3.6386 31.7257 82.298 111.817 136.611 155.489 171.783 176.421 188.657 199.304 207.962 195.873 164.682 150.537 138.25 133.382 129.549 128.129 127.276 126.539 127.72 130.658 132.403 136.013 142.715 151.063 161.834 188.55 209.652 204.459 193.151 184.951 174.668 166.081 149.518 129.95 104.988 73.5813 16.2974 1.7238 0.360942 0.104887 -1.27943 -1.03073 -1.68764 -1.46477 
0.781907 0.689675 0.604585 0.531669 0.411269 1.06198 0.300255 0.696751 0.539002 0.469902 0.854833 0.467588 0.824268 0.712088 0.929407 1.12913 1.87292 3.33445 3.76412 27.9412 80.2369 111.692 136.247 156.069 172.65 177.657 189.324 200.005 207.782 199.697 167.158 152.274 140.796 135.041 132.622 129.426 128.454 129.415 128.644 131.747 133.522 136.284 143.04 151.101 163.565 190.3 209.899 205.014 194.791 184.777 176.653 165.764 149.919 129.557 104.821 73.4929 17.6675 2.03279 0.301469 0.187145 -0.75525 -0.867749 -1.10578 -1.20691 
0.925078 0.152928 0.660344 0.74115 0.657118 0.860852 0.654247 0.521969 0.523147 0.604683 0.920152 0.413437 0.547464 0.849394 1.55469 1.62957 2.2263 3.05977 4.1694 30.5587 82.116 112.194 136.338 156.794 172.31 178.056 190.116 200.191 207.389 199.832 166.535 153.472 139.151 134.934 130.503 128.929 127.922 128.687 128.915 131.126 132.647 137.94 142.548 152.475 162.736 191.103 209.846 205.673 194.141 183.386 177.178 166.675 150.068 131.799 106.902 75.4577 15.8855 1.77641 0.490126 -0.050238 -0.428453 -1.59376 -1.36295 -1.5303 
0.905162 0.450201 0.710725 0.366015 1.08987 0.98685 0.597706 0.804172 0.473791 0.522331 0.815648 1.01567 0.840779 0.665658 1.14552 1.73373 2.6575 3.137 3.47339 34.1839 82.2658 112.454 137.014 157.642 174.253 182.197 192.162 201.838 208.966 201.198 167.474 152.503 139.569 134.786 131.371 128.503 128.403 129.248 130.147 132.5 134.814 139.572 145.583 154.793 167.491 194.299 215.23 213.22 202.25 194.732 186.992 179.124 164.526 145.819 124.545 98.8924 64.8212 13.0202 1.43247 -0.827839 -0.70049 -0.900318 -1.46819 -1.12775 
0.802274 0.829692 0.821075 0.743796 0.553757 0.509788 0.618921 0.98409 0.433421 0.76139 0.590056 0.772137 0.805141 0.971352 1.24501 1.57472 2.53299 0.635105 42.1955 88.7895 115.979 138.415 161.062 179.932 194.586 202.363 212.142 222.629 226.332 217.593 185.25 167.989 153.887 150.112 145.224 142.647 141.211 141.195 141.889 143.63 147.704 152.873 158.566 167.354 180.756 208.697 231.83 226.015 219.406 212.148 201.691 189.912 175.349 162.432 144.097 127.444 107.147 73.2253 63.9109 20.2376 -0.614192 -0.885143 -1.23954 -1.5471 
0.680692 1.01528 0.57669 0.826438 0.30091 0.381551 1.36223 0.669638 0.453435 0.923061 0.74434 0.500728 0.779316 0.990899 1.41794 1.56141 4.13319 37.232 98.4797 125.994 150.385 172.072 188.318 202.215 212.764 221.441 230.4 234.517 240.165 232.147 195.062 177.882 161.768 155.204 150.586 147.811 146.271 145.912 145.933 148.17 150.904 157.201 163.398 171.937 186.371 216.464 239.103 235.039 228.969 223.614 215.626 205.272 193.935 178.977 162.88 143.996 122.321 110.433 93.6079 67.3964 1.59013 -0.972442 -1.27736 -1.31756 
0.406393 0.452575 0.660915 1.1153 0.717355 0.838127 0.520303 1.05791 0.892194 0.628145 0.648988 0.866292 0.914128 1.22039 1.34031 2.55991 47.5515 80.8559 109.714 134.789 156.887 177.94 193.668 209.366 222.406 230.941 237.899 245.731 250.933 239.14 203.466 187.477 170.704 156.797 154.129 156.124 156.644 160.812 161.457 163.396 167.912 173.69 179.972 189.835 204.713 228.658 260.249 255.533 247.989 240.772 232.479 221.043 207.694 193.054 175.733 156.483 136.913 117.093 102.331 83.3474 26.4998 2.32119 -1.28841 -1.60847 
0.420798 0.568365 0.696431 0.966516 0.611225 0.869352 0.720747 0.646546 0.390972 0.996071 1.10604 1.02814 0.647433 1.03442 1.01719 16.3454 61.0471 91.8824 120.496 144.684 164.308 183.398 200.047 214.506 227.064 237.695 247.343 253.481 256.2 247.279 209.621 191.22 163.205 156.149 153.692 154.742 164.821 166.471 167.227 168.425 172.339 177.188 182.025 192.428 207.124 228.094 269.135 259.629 252.582 244.883 236.429 223.777 210.05 194.632 177.314 158.4 138.64 115.611 99.9599 83.1934 27.2124 10.9553 5.55269 1.92083 
0.720247 0.630596 0.898541 0.800756 0.293224 0.647593 0.601349 0.791157 0.694385 0.755155 0.890604 0.7762 0.813265 0.820233 7.95239 19.5662 57.3731 91.2567 120.187 142.768 163.798 183.14 199.942 214.838 226.816 239.225 245.691 251.469 255.401 249.082 206.211 177.595 159.797 155.271 152.569 150.58 150.885 157.294 163.75 168.126 170.921 172.889 179.335 187.304 198.444 216.217 263.021 248.595 240.046 231.661 218.892 205.029 189.464 170.957 150.7 126.763 102.871 58.4172 41.098 27.8484 8.09544 6.53421 3.99679 2.20098 
0.892671 0.521425 0.741311 0.71924 0.772804 0.725704 0.569627 0.85685 0.542584 0.440363 0.816128 0.505406 0.807176 2.58098 11.7974 12.2703 22.8797 53.3799 74.4397 96.5984 132.489 148.899 167.916 181.725 193.749 205.699 214.591 222.127 226.779 207.898 162.7 143.333 125.432 118.945 116.788 115.842 116.075 117.921 120.862 127.124 130.877 136.814 143.482 152.393 165.267 180.925 223.72 210.222 202.262 193.453 183.042 168.06 151.106 129.956 101.153 69.2951 13.0817 1.91712 1.89251 1.6669 0.788182 0.905764 0.0230729 -0.518248 
0.846775 0.644581 0.860078 0.629562 0.321791 0.931347 0.752866 0.80191 0.836037 0.639314 0.603458 0.816547 0.954527 0.954742 14.0716 7.95761 6.39113 4.83298 4.90377 5.13239 27.7403 78.2136 109.349 133.445 153.035 166.964 179.17 189.627 180.192 168.069 133.765 118.899 107.259 102.987 101.165 100.382 99.6582 100.546 103.328 104.748 107.948 112.701 127.686 141.535 153.298 169.38 210.39 200.851 192.243 181.657 170.403 156.176 136.965 114.098 87.007 42.5868 1.46699 2.36601 0.804142 0.446127 0.454391 0.0936025 -0.444361 -0.526417 
0.770905 0.842208 0.579921 0.833109 1.01267 0.643832 0.550779 0.808314 0.751677 0.86881 0.61788 0.80689 0.639137 1.68765 2.3365 7.83346 5.13481 5.18446 5.16288 5.09261 16.2004 72.8178 105.053 130.123 148.539 162.436 175.352 166.679 161.911 158.56 126.875 113.971 103.743 100.586 98.096 97.1831 96.2677 96.9045 98.3733 98.8535 102.372 106.295 113.582 124.225 147.402 167.557 207.276 198.357 191.125 180.916 168.691 155.87 136.664 113.586 86.1671 40.7793 1.44501 1.54362 0.87539 0.360208 0.389273 0.497705 -0.478247 -0.730438 
0.464649 0.794212 0.5631 0.802704 0.634045 0.474123 0.680711 0.966094 0.743956 0.801791 0.866559 0.845412 1.13724 0.982571 1.80154 6.54292 4.59955 5.1648 5.73582 4.82202 11.1125 69.1093 102.356 126.838 146.773 160.531 167.677 150.35 150.826 155.001 122.427 111.399 101.783 98.8553 96.5065 95.0153 94.8221 94.5842 95.5299 97.5025 100.001 104.409 109.836 115.484 130.093 159.76 205.874 196.535 189.161 177.687 166.713 154.241 135.781 112.973 84.8397 38.6911 1.3088 0.998364 0.314919 0.328205 0.321822 -0.435737 -0.432947 -0.634524 
1.02743 0.983674 0.741399 0.677832 1.14225 0.6731 0.904951 0.770148 0.771215 0.642473 1.02193 0.949064 1.02623 1.12291 1.07006 5.86595 4.61806 3.89662 7.41972 4.49739 7.69024 65.2234 100.28 125.374 144.215 158.768 157.411 140.954 142.05 152.634 125.353 109.883 99.1255 96.3478 94.6569 93.5873 93.4303 93.1413 93.6299 96.0185 97.2744 100.697 104.873 111.094 122.21 142.433 200.677 195.837 188.37 176.351 165.989 153.261 134.784 112.709 84.0337 36.5655 0.875985 0.689298 -0.177375 0.0303239 -0.206397 -0.00290762 -0.729172 -0.200676 
1.3446 0.786106 0.920176 1.09167 0.638307 0.321192 0.893242 1.03148 1.08053 0.60749 0.398756 0.828402 0.570357 0.798603 0.866634 2.49552 6.99148 3.76152 8.44259 2.82134 6.32346 61.834 97.1131 122.408 142.489 156.419 151.66 136.693 135.928 151.058 121.07 109.423 99.2712 95.3973 93.3227 91.7565 91.6184 91.7546 93.3963 94.4969 96.458 98.6988 102.949 109.789 119.524 136.111 184.545 196.057 187.866 176.051 164.593 151.641 134.912 112.459 83.394 34.0423 1.07359 0.794181 -0.43064 -0.393437 -0.19125 -0.0208683 0.00254169 -0.205831 
1.0177 0.575087 0.756505 0.430117 0.274315 0.60787 0.339507 0.779739 0.665189 0.723904 0.763611 0.735737 0.55525 0.885863 0.998769 -0.216458 10.6612 4.51831 11.567 2.79992 4.28086 59.8994 93.4944 120.454 141.467 155.181 150.141 133.483 132.409 150.106 123.298 110.796 99.1766 95.3776 92.7027 92.124 90.2771 91.2002 92.1015 93.9515 95.5398 98.0683 101.917 108.248 116.715 132.127 175.721 193.28 187.181 176.013 163.717 151.28 133.871 110.914 83.671 35.8146 0.895422 0.47498 -0.380777 -0.159979 0.481337 -0.0391121 -0.0652708 -0.429583 
0.78523 0.876264 0.812832 1.24873 0.570861 0.676268 0.694723 0.577084 1.00791 1.0791 0.654518 0.817053 0.907144 0.941937 0.969171 1.15453 9.68581 5.35117 14.6198 1.32444 2.87212 57.3985 91.5945 117.512 140.061 153.945 151.45 132.805 129.24 152.73 123.11 112.454 99.9319 95.9922 93.6157 91.7283 90.4114 90.4977 91.8122 92.8482 95.2192 98.9414 102.476 107.003 116.44 130.547 171.07 188.233 186.463 176.373 164.35 151.15 135.584 111.775 84.6552 35.9548 1.73604 0.224191 -0.246631 0.585283 0.342289 0.585828 0.595361 0.290875 
0.76062 1.54252 0.552998 0.324754 0.9532 0.515403 0.816008 0.937518 1.16917 0.664535 1.1116 0.293177 0.43485 0.94309 1.34487 1.10873 9.64442 5.98986 14.5238 2.73806 2.64729 49.8894 88.0466 114.592 136.614 153.116 157.342 135.393 129.748 150.045 127.438 114.108 99.639 95.682 93.2322 91.7226 91.2721 90.9503 92.4197 94.1408 94.7659 98.2312 101.994 107.564 114.532 127.336 165.682 184.788 186.79 176.475 164.935 152.768 136.654 113.59 88.0598 45.0991 0.488521 0.721319 0.795404 0.4906 0.398718 0.623763 1.06407 1.14835 
0.864471 1.14233 1.26716 0.90518 1.03957 0.380768 0.274727 0.986863 0.896401 0.626991 0.577974 0.681388 0.855838 0.984813 1.69095 1.10511 5.18849 10.8557 13.8396 4.00923 3.80606 42.0124 85.8487 112.781 134.381 152.417 162.449 138.14 130.042 147.234 136.678 115.667 100.496 97.1028 94.8203 91.965 91.4653 91.2516 92.1765 93.6368 95.511 98.5946 102.742 107.808 114.766 126.801 162.61 184.95 187.152 177.698 165.76 152.65 136.13 115.443 88.5203 47.7683 -0.0886582 1.13536 0.62908 0.640115 0.49141 0.702362 1.14804 0.68599 
0.84131 0.805133 1.02227 0.657422 0.648351 0.857555 0.946307 1.04152 1.05624 1.02519 0.540557 0.687026 0.932065 1.05499 1.19699 1.28729 1.22198 14.3476 11.6102 4.91159 3.79264 39.7051 83.5491 111.947 133.772 151.633 167.156 141.872 133.557 146.472 139.395 117.29 103.449 98.2316 96.0776 93.3908 92.5888 92.6591 92.8803 93.8165 95.912 98.3802 103.265 108.72 115.569 126.861 161.714 187.478 186.946 178.035 166.092 154.708 136.087 115.746 89.4455 49.5217 -0.132268 1.31 0.941562 0.448338 0.883994 1.09876 0.702462 0.777052 
0.889824 1.14316 1.26499 0.973956 0.768802 0.213779 0.750396 0.396141 0.738562 1.09289 0.629304 0.655038 0.488562 0.825459 0.690193 1.69398 1.94147 15.2651 9.27627 7.64975 3.95516 36.7125 82.4674 109.589 134.473 150.062 165.119 157.885 137.438 147.907 142.81 118.501 104.217 99.1925 96.7445 95.0645 93.2934 93.1207 93.8842 95.4764 96.6823 99.1393 103.644 108.773 116.019 128.36 161.406 188.969 187.514 178.074 165.857 153.289 137.572 116.271 89.1951 51.0974 -0.523929 1.21641 0.387216 0.615156 0.776393 0.393152 0.523839 0.774505 
0.467385 0.679702 0.777037 1.14254 0.869616 0.713207 0.75986 0.675779 0.615051 1.16166 0.600097 0.682695 0.636087 0.680224 0.846495 3.08968 2.26289 12.9363 5.64064 9.53475 4.38224 34.0014 81.4401 109.368 133.155 150.156 165.073 166.571 141.935 149.578 146.486 119.885 105.516 100.394 96.8315 95.4913 94.9102 93.9017 94.7083 95.9997 98.283 100.954 104.689 109.985 117.03 129.786 163.971 192.952 186.668 178.207 165.644 152.973 137.665 116.03 90.2109 52.4773 -1.11279 1.17822 0.0566307 0.0863381 0.409749 0.30203 0.57057 0.768507 
1.07151 0.618541 0.820946 0.862176 0.722761 0.736665 0.3226 1.32518 0.716267 0.974168 0.951056 0.860005 0.764644 0.74185 2.69555 3.39561 3.05111 9.35258 5.85631 9.65883 3.76938 31.7149 79.7421 107.686 132.745 149.66 163.53 176.672 153.928 155.393 149.672 123.011 107.472 102.266 98.6326 97.4925 95.4251 96.0938 95.9424 97.6057 99.3085 102.963 106.101 111.355 118.948 132.979 172.161 195.072 187.388 178.344 166.859 153.019 138.182 117.594 90.5547 54.2393 -0.72371 1.25856 0.142502 0.164629 0.337423 0.179457 0.23241 0.175292 
0.641228 1.24059 1.24883 1.06552 0.559983 0.565233 0.665857 0.215127 0.606738 0.720174 0.571079 0.563248 0.549619 2.13993 2.95456 2.57764 2.58122 8.02183 6.17889 9.52939 4.24831 29.7702 78.7107 107.068 131.054 149.777 163.071 174.595 175.385 162.155 156.432 127.719 109.758 105.772 101.66 98.6701 97.4964 97.1149 96.9777 98.9533 101.021 103.901 107.865 112.747 122.057 134.693 180.095 194.627 187.654 177.916 166.1 154.275 138.172 117.325 91.7666 55.7559 -1.95563 1.31435 0.413028 0.118011 -0.142592 -0.135667 0.436414 0.439217 
0.784762 0.994107 0.831581 0.732724 0.806027 0.792034 1.22407 0.742519 0.564971 0.125663 1.13797 0.753171 0.658287 3.90661 2.79015 3.21586 2.56447 9.06956 5.40871 8.95961 3.94647 28.0487 77.5665 107.358 131.516 149.662 163.253 175.033 185.455 182.093 165.086 132.488 115.698 107.969 104.04 100.922 99.867 99.4865 100.944 101.806 104.418 106.991 111.017 117.646 127.087 147.381 180.597 194.678 187.802 179.634 167.864 154.065 139.294 117.218 91.5247 56.3387 -1.04196 0.912557 -0.208312 0.17907 0.445683 -0.116047 0.664677 -0.0256056 
1.2288 0.994937 0.39541 1.26207 0.588223 0.720735 0.763216 0.898869 0.735764 0.60922 0.934765 1.05177 2.55167 3.23297 2.1982 2.40167 2.06557 6.89967 13.0519 4.78974 3.63055 27.2269 76.8688 106.681 130.097 149.467 164.43 174.6 184.756 191.719 185.013 145.738 123.133 113.964 109.207 106.702 104.982 104.589 104.584 105.399 109.931 114.419 120.06 127.855 136.976 150.343 179.058 194.462 187.634 178.774 167.902 155.358 138.652 117.659 93.1305 57.7888 -0.0133712 1.07494 0.837362 0.762392 0.671968 0.882761 1.0694 0.743247 
1.09366 0.394754 0.538471 0.924465 0.724511 0.792981 0.800386 0.766961 0.269151 0.377387 0.728587 0.929342 2.31093 2.04038 2.36069 2.1222 2.02963 -0.0658498 18.3865 1.91669 3.35256 24.7758 75.1385 105.644 130.382 149.423 163.854 174.677 184.835 192.998 188.606 154.647 134.748 127.381 122.507 118.736 117.691 115.8 115.895 116.439 118.338 120.96 123.742 128.83 137.794 149.987 176.863 197.264 190.225 180.273 168.781 156.238 140.729 120.593 96.0719 60.4572 3.85276 3.24836 2.67239 2.01504 2.18566 2.71021 2.48545 2.60688 
0.865243 0.401126 0.202309 0.408506 0.397249 0.699421 0.605394 0.677579 0.301076 0.747967 0.735991 1.19082 1.6015 2.46 2.18233 1.55419 1.5067 0.938518 15.9622 0.160015 3.53295 22.8014 74.2628 105.617 129.424 149.524 164.069 176.315 184.279 194.538 191.939 157.277 134.945 127.617 122.652 119.57 117.342 116.218 116.269 116.671 118.491 120.665 123.866 129.504 136.527 148.735 176.324 196.761 190.886 181.799 169.294 157.326 140.571 120.425 96.5791 60.5134 4.91402 3.25248 2.11636 2.59952 2.33904 2.27864 2.26222 2.0956 
0.377986 0.515514 0.794467 0.380315 0.224085 0.575108 0.41722 0.140422 0.319422 0.866747 0.698941 1.50531 1.89179 1.50612 2.32111 2.72918 1.44476 1.32299 14.1426 -0.808575 3.23771 22.1678 74.3485 103.613 129.509 148.728 162.695 176.128 185.786 194.112 194.121 157.13 136.338 129.397 123.904 119.933 118.621 116.803 116.49 115.904 118.157 122.193 123.117 129.784 137.552 149.01 173.71 197.846 190.322 181.91 169.933 157.622 141.809 121.508 96.0069 61.5199 5.39836 3.30527 2.27062 2.45571 2.37391 2.15342 2.5677 2.6017 
0.484916 1.07665 0.566129 0.764059 0.270493 0.542367 0.292353 0.727701 0.350384 -0.00560672 0.479117 1.92792 1.6567 1.89003 1.83101 3.22568 1.34159 2.46524 12.7852 0.561006 3.57011 20.9896 73.8419 103.993 128.439 148.093 163.293 174.866 185.511 194.885 195.651 159.882 137.975 129.438 124.253 120.155 117.071 117.143 116.065 117.549 118.145 120.327 124.355 129.287 137.143 149.205 167.955 200.97 190.461 181.545 170.347 157.682 142.973 122.034 97.0808 63.0851 6.67367 3.68439 2.29104 2.16963 2.05275 2.01205 2.07135 2.41096 
0.640447 0.836909 0.472164 0.236193 0.490803 0.606018 0.95814 0.225302 0.419284 0.554274 0.363287 1.85865 1.94804 2.07574 3.00267 3.57397 1.18905 2.82813 12.5462 1.05013 3.18433 19.2469 72.1547 102.524 128.222 147.938 162.973 175.308 186.13 195.639 197.176 160.96 137.395 129.405 124.834 120.816 119.05 116.624 116.959 117.423 118.281 121.287 124.915 129.612 136.356 147.238 164.498 203.522 191.508 182.908 171.685 158.32 143.14 122.466 98.4618 64.3123 8.14043 3.15894 2.4452 2.16461 1.83823 1.79392 2.01787 2.3036 
0.498754 0.377884 -0.0340797 1.03266 -0.0586566 0.753647 0.424739 1.01181 0.260119 0.696347 0.215484 0.560393 1.13894 2.05839 3.27477 2.6129 1.57533 3.48952 8.97991 0.391442 3.06118 18.4848 72.0235 102.345 128.521 147.826 163.311 175.123 186.187 194.32 199.228 161.331 138.239 130.242 125.73 121.551 118.432 117.238 124.112 117.634 119.063 121.387 124.579 129.946 136.238 147.784 165.125 201.642 191.835 183.028 172.542 158.395 142.543 123.202 98.792 65.3091 9.40425 3.47348 1.84011 2.01548 2.33411 1.92399 2.12505 2.32645 
0.911624 -0.372688 0.804002 0.68326 0.475289 0.287347 0.294783 0.928266 0.5554 0.168018 0.584894 0.762721 1.10082 2.81213 3.30439 3.27967 3.17945 3.74525 5.03726 0.884609 2.54085 17.1749 70.6917 102.567 127.384 148.139 162.001 174.517 185.451 193.83 200.985 164.662 139.448 131.272 124.917 122.166 119.067 117.648 117.099 118.353 119.031 120.952 124.198 127.599 136.118 146.207 164.833 200.709 191.705 182.38 171.383 159.878 143.942 124.154 99.2247 66.552 11.1106 3.32515 1.92089 1.70725 2.05356 1.73709 2.579 2.64056 
0.595943 0.669862 0.8672 0.720208 0.432277 0.792127 0.143983 0.158354 0.262731 0.40418 0.680572 1.10906 1.58106 3.69289 3.15538 2.83537 4.77145 2.19262 1.85895 1.68618 3.10642 16.4674 70.6397 102.405 126.657 147.66 162.945 174.953 185.518 194.731 204.736 164.592 140.498 132.961 125.55 121.15 119.186 117.025 117.159 117.982 119.802 121.358 124.566 128.659 135.57 145.89 162.639 201.786 192.065 183.385 172.227 162.351 144.515 125.589 101.047 69.4726 13.1275 3.81312 2.94628 1.84063 2.37288 2.74996 2.48145 2.77153 
0.959678 0.333998 0.226663 0.809314 0.44706 0.21166 0.480058 0.705655 0.77287 0.484661 0.343662 0.220633 1.54837 3.51216 4.03843 6.84086 0.995016 2.08355 1.36027 2.0835 3.26463 13.1784 69.504 100.279 125.91 145.982 161.648 174.13 186.576 195.361 203.644 169.738 143.21 133.024 127.515 123.025 120.008 118.107 117.785 118.444 118.89 120.413 123.591 127.91 135.815 143.959 159.805 198.081 194.053 183.927 173.725 162.832 146.971 127.717 103.705 73.0458 18.3116 4.57779 3.67773 3.19133 2.54864 2.97483 2.39045 2.36172 
0.648078 0.428193 0.0797898 0.664872 0.710838 0.80197 0.170998 0.937448 0.508339 0.662935 1.06797 0.401498 2.86113 2.95689 4.00175 6.88169 1.67224 2.65201 1.9819 2.27147 3.19927 10.1831 65.853 98.9367 123.697 145.537 160.797 174.578 184.475 194.116 200.026 177.546 145.095 133.82 127.544 123.562 120.073 119.778 117.185 118.179 118.819 121.38 124.236 128.188 134.024 144.398 158.446 194.144 194.49 186.004 175.263 162.279 149.235 130.184 107.269 77.0692 23.5648 4.79766 4.44875 3.81103 3.31386 2.92115 2.83318 2.64289 
0.246446 0.703585 0.65537 0.608086 0.484088 0.501193 0.0607922 0.472574 0.809598 0.371825 0.194347 1.1137 4.74983 4.64885 5.59283 4.98577 1.23405 2.39681 2.01013 2.31965 3.16352 9.63489 66.5158 99.8681 126.005 145.422 161 174.999 187.5 194.222 201.198 178.736 146.137 134.957 128.302 123.205 120.579 118.633 118.328 118.306 117.982 121.221 123.798 128.216 133.242 142.568 155.955 190.678 192.588 185.147 175.907 163.398 148.98 131.464 109.458 79.4282 26.2733 5.81888 4.69348 3.8609 3.89763 3.41495 3.33045 2.74418 
0.666784 0.704891 0.687345 0.957117 0.586461 1.05458 1.36128 0.978071 0.9916 1.40792 0.802943 2.92123 13.3008 6.82601 6.7725 3.88802 2.45809 2.72824 2.64095 3.50587 3.70728 9.55585 66.7307 99.7391 125.917 145.44 160.455 173.503 185.095 194.141 201.035 180.755 146.318 135.089 128.442 124.344 121.188 118.979 118.005 117.923 119.641 120.776 123.322 127.625 132.993 142.19 155.325 191.17 193.899 187.513 176.625 165.235 150.626 133.107 111.496 81.2463 28.9617 7.22167 5.73695 5.12413 4.79736 4.12946 3.64997 2.59331 
0.196003 0.710255 -0.0357509 0.64497 0.217597 0.633838 0.411749 0.247268 0.791317 0.947902 0.780808 8.40997 12.1192 6.41624 2.67516 2.51537 2.7711 3.22829 2.96537 3.93127 4.5831 7.98703 66.4378 101.218 126.585 147.19 162.598 174.566 186.099 194.615 201.957 182.864 148.232 137.416 130.037 125.527 122.515 121.998 120.821 120.621 120.785 122.75 125.656 129.094 135.44 144.071 157.273 191.172 199.17 192.712 182.204 169.95 155.953 140.562 119.755 91.2526 64.9999 9.73964 5.82057 6.30895 5.4121 4.16634 4.23187 3.52396 
0.56721 0.993366 0.65811 0.368709 0.710679 0.726408 -0.221713 0.526385 1.13432 0.862939 0.955426 2.37184 11.4525 12.6569 11.1706 6.67818 3.74423 3.58563 3.54206 4.27926 4.12758 44.9158 85.2753 115.285 137.198 157.629 169.719 181.617 192.046 201.52 206.497 191.386 158.185 150.846 145.408 141.181 139.441 139.06 139.742 139.011 141.926 145.755 150.183 155.446 161.31 171.094 183.82 221.947 232.329 225.688 218.879 207.027 196.335 182.844 166.004 145.825 123.945 105.194 81.0476 60.2225 37.4338 18.4765 17.3241 14.6156 
0.445539 0.339361 0.295536 0.246238 0.62976 0.720817 0.398975 0.146924 1.06667 0.361223 0.0262207 0.628619 4.69816 12.2872 14.2509 16.2766 16.9187 14.8243 14.6984 14.393 29.6162 78.3461 105.308 140.366 167.5 188.27 203.889 217.685 227.579 240.315 251.305 232.789 192.508 179.461 172.946 167.708 165.116 162.515 162.252 162.176 163.991 166.212 169.969 174.482 181.568 190.656 206 241.385 255.203 250.325 240.853 230.357 218.975 208.024 192.47 175.766 154.653 137.522 128.54 115.754 90.8811 36.0789 19.2082 15.1595 
0.992261 0.924514 0.0948149 0.394591 1.15474 1.20333 0.351047 0.228254 0.636177 0.143474 0.720045 0.943035 0.141676 4.31629 11.9519 16.4936 18.7624 20.3752 20.3733 20.7113 70.0602 111.108 141.711 166.34 187.848 204.082 218.417 230.029 237.16 247.82 254.555 238.984 197.2 185.719 178.536 174.651 170.143 168.545 167.86 167.517 168.907 173.743 174.517 179.134 185.514 196.789 210.557 245.146 260.912 255.392 247.4 238.417 226.716 215.673 201.538 186.796 168.082 145.657 133.496 120.47 104.461 58.2296 7.72272 3.51977 
1.16338 0.654367 0.899673 0.597662 0.546372 0.317744 0.174356 0.245601 0.511533 0.619067 0.640245 0.894189 1.04447 1.3304 2.01036 8.45305 15.0267 21.9652 23.1924 42.774 89.2651 122.181 147.921 172.262 191.038 207.456 221.623 233.456 240.182 251.073 256.441 241.545 198.959 187.493 179.978 173.456 170.278 167.799 166.808 166.445 167.956 170.138 172.405 177.42 185.703 194.788 207.876 242.822 259.225 254.505 245.802 237.104 226.473 212.755 200.943 186.45 169.587 150.078 133.584 117.368 101.127 56.121 1.10549 1.46813 
0.791488 0.373131 0.613055 0.253402 0.207083 0.173157 -0.162974 1.05916 1.13977 0.931651 0.584819 0.455962 0.915414 1.27596 0.893812 0.718467 3.31695 16.8983 27.7797 54.2541 88.9617 120.303 148.111 170.888 189.711 205.014 217.685 231.508 238.444 249.21 254.032 241.25 195.652 183.377 174.384 168.462 164.722 163.119 161.155 162.495 161.485 163.243 166.189 171.264 176.862 188.327 199.289 235.375 253 244.689 237.049 230.37 218.485 206.927 193.612 178.588 161.831 143.561 125.845 108.738 87.6639 35.9142 0.834369 1.36323 
0.378158 0.535116 0.476654 0.237327 0.793595 0.223214 0.333238 1.07331 0.959733 0.0534192 0.0145282 0.597215 1.0302 0.494475 0.526646 1.12739 1.39004 1.72285 23.6555 47.3539 79.5725 115.152 141.949 165.513 184.816 199.414 214.138 224.656 232.84 239.655 245.279 235.035 189.725 176.248 167.621 161.456 156.792 153.772 152.881 152.632 153.041 155.354 157.893 161.532 168.033 176.624 189.466 223.058 239.038 232.747 225.35 214.323 205.543 193.802 179.468 164.067 146.602 130.021 110.807 89.3754 54.0313 8.67141 1.87773 0.951216 
0.352387 0.209474 0.117672 0.364798 0.319926 0.750867 1.04922 0.320228 0.611264 0.450471 0.272286 0.886061 0.692925 0.437222 0.482452 1.04293 1.12534 1.45011 3.26978 30.1617 59.1428 102.238 132.355 154.112 173.35 188.133 202.697 212.068 218.269 225.597 232.06 227.408 181.064 166.249 158.231 152.063 146.084 143.794 142.125 142.379 141.597 141.152 143.867 148.153 154.371 161.077 172.094 200.912 220.555 214.788 206.584 196.042 186.787 175.012 159.655 142.499 122.258 100.661 72.3773 28.7059 1.49638 2.13177 1.99068 1.62516 
0.458226 0.79145 0.429663 0.141606 0.429415 0.0434423 0.789834 0.166677 0.636809 0.601439 0.825588 0.785536 0.178072 0.592616 0.883915 0.937031 0.929192 0.671241 1.8048 2.9121 19.4608 69.5953 110.453 133.73 155.758 172.55 185.379 195.568 202.779 211.278 219.994 213.477 169.195 154.963 147.602 140.688 137.16 134.489 133.742 131.64 132.415 133.606 137.784 139.211 145.317 152.991 164.363 191.82 211.736 207.687 198.667 190.228 180.159 168.78 152.194 132.268 107.292 75.8751 18.3261 4.97508 3.24092 1.84103 1.86263 0.914011 
0.575342 0.519731 1.06031 0.455528 0.553292 0.30659 0.561695 0.820619 1.20146 0.856732 0.340986 0.638613 0.301402 0.262055 0.775983 0.713867 0.464212 1.07092 1.56209 3.03559 3.32073 18.656 76.8302 108.56 132.057 153.774 170.481 180.734 193.838 201.502 210.821 209.271 165.709 150.714 143.255 137.633 133.757 131.691 130.398 130.791 131.923 132.566 135.674 139.409 143.71 152.708 163.777 189.542 213.17 204.815 199.027 188.565 179.505 168.67 151.807 131.181 106.585 74.0934 18.4531 5.43747 2.33973 1.8738 1.39839 0.874518 
0.898404 0.36793 0.204394 0.60557 0.395117 0.295322 0.46855 0.415695 0.349591 0.949496 0.413871 0.616989 0.589959 0.552701 0.387432 0.685991 0.603397 0.855023 1.07515 1.74577 3.01686 18.2265 74.2452 106.749 133.06 153.068 169.63 178.934 191.34 201.149 210.554 210.248 163.606 150.088 142.144 137.069 133.478 132.475 129.959 128.804 130.647 131.849 134.225 138.444 144.41 151.354 163.056 181.457 215.228 206.481 198.129 188.983 177.542 168.265 152.461 132.314 106.985 73.9945 19.809 3.21642 1.69982 1.80191 1.50429 1.39305 
0.53418 0.742722 0.066853 0.385064 0.244979 0.597426 0.325822 0.423626 0.599446 0.187575 0.847668 0.232824 0.0926337 0.45886 0.210801 0.707824 0.918836 1.21231 1.33042 1.82037 3.17914 16.6507 73.7867 105.298 130.8 151.885 170.31 178.886 191.692 201.991 210.358 209.122 164.104 149.55 142.474 137.516 133.89 131.201 129.876 128.257 131.031 132.432 134.447 136.952 142.889 150.243 159.93 178.35 219.734 206.45 196.678 186.668 178.567 168.271 151.998 130.509 106.24 74.635 20.9124 2.87037 1.46165 0.816761 0.865737 0.899699 
0.280815 0.602637 0.434888 0.225381 0.741849 0.612656 0.205212 0.37605 0.36972 0.121984 0.727976 0.29272 0.57358 0.981876 0.723343 0.399281 0.413399 0.508368 0.839122 1.42876 2.42857 14.9643 72.0789 104.449 130.369 152.517 168.478 177.39 189.508 200.23 208.766 208.857 163.511 149.29 141.653 137.233 132.01 131.616 128.753 129.329 130.355 131.659 132.29 137.461 142.11 148.725 160.527 176.159 213.757 206.116 196.634 184.503 180.89 168.576 151.053 131.445 105.988 76.1133 21.8027 3.2563 0.927036 0.597397 0.520617 0.579844 
0.418318 0.168084 0.439025 0.959653 0.522153 0.588475 0.23183 0.206893 0.598482 -0.517863 0.117395 0.800294 0.582269 0.712423 0.423298 0.443339 0.333782 0.700537 0.538674 0.995325 2.52127 14.5541 70.9938 102.297 129.771 149.713 169.147 175.455 187.375 198.647 207.566 210.719 164.079 148.875 142.517 136.329 132.091 130.43 128.016 128.037 128.344 130.757 132.641 136.314 141.16 147.755 157.936 175.618 213.258 207.068 198.291 187.381 179.25 169.005 152.965 132.463 107.512 76.6047 24.0193 2.25811 1.01614 -0.00758341 0.169955 0.680593 
0.533124 0.361345 0.238915 0.498379 0.260134 0.596082 0.997603 0.523268 0.638199 0.886452 0.0308075 1.01203 0.747591 0.486034 0.582566 0.493229 0.589218 0.859361 0.551366 1.17752 1.96835 7.57073 65.306 99.4822 126.758 148.678 165.965 175.72 185.672 197.768 207.27 212.913 165.938 149.881 142.488 136.688 132.302 130.697 129.559 128.751 129.299 129.755 132.583 135.378 140.193 146.786 156.822 171.414 209.096 205.95 199.067 188.628 178.678 170.731 155.75 134.775 110.202 81.3775 32.0696 2.79443 1.1069 0.581915 0.83004 0.616055 
0.689248 0.316657 0.493154 -0.147721 0.263123 0.796681 0.535553 0.395302 1.42191 0.541468 -0.0161562 0.402993 0.473083 0.183866 0.488385 0.909537 0.176164 1.38743 0.640005 0.68227 1.72716 8.68771 66.187 98.0725 125.636 148.131 165.013 175.002 184.638 196.608 207.147 211.351 165.427 149.769 141.317 135.865 131.944 128.663 128.053 128.377 128.179 130.965 132.75 134.615 139.532 145.352 156.816 170.651 208.077 206.756 198.234 188.745 180.718 170.657 155.747 135.552 111.468 82.0492 32.2534 2.32255 1.13502 0.646204 0.806753 0.61142 
0.941097 0.240321 0.494978 0.075607 0.391845 0.231064 0.561979 0.529852 -0.0800334 0.896366 0.382071 0.378974 0.510011 1.09834 0.511676 0.455725 0.523366 0.361817 0.74996 0.963705 1.59968 6.52252 62.7192 97.6697 126.542 147.801 164.687 174.495 183.232 196.509 206.433 212.681 166.873 149.263 140.423 136.844 132.277 128.908 127.732 127.842 127.635 128.831 131.198 134.174 139.083 144.962 156.829 170.303 206.449 206.324 199.834 189.014 180.482 171.394 154.876 135.625 112.402 82.7793 34.3852 1.82253 1.15156 0.770454 0.794446 1.11789 
0.821996 0.605113 0.651967 -0.0139563 0.445246 0.638256 0.428233 0.877125 0.339733 -0.508812 0.660432 0.596847 0.476906 0.609626 -0.11611 0.551203 0.499159 0.608978 0.393 1.16227 2.26222 5.74202 63.4123 97.1904 124.689 146.923 164.291 173.389 182.784 196.171 205.708 219.098 173.431 150.574 140.978 135.51 131.995 128.848 127.593 126.451 127.554 129.315 131.868 133.875 138.949 145.078 154.948 169.685 206.715 206.322 200.838 188.574 181.051 173.764 155.305 136.147 112.33 84.1295 35.8766 2.52482 1.64405 1.52802 1.13425 0.842573 
0.541188 0.504497 0.127312 0.125862 0.430687 0.304256 0.602471 0.657363 -0.0732807 0.278018 0.762063 0.744755 0.52227 0.664225 0.226149 0.610038 0.2083 0.33535 1.16399 1.14137 1.89231 6.30783 63.0585 96.7142 125.217 148.155 164.304 172.437 181.959 194.758 205.888 213.11 167.574 149.489 141.829 136.472 132.03 129.618 128.069 126.802 128.546 129.533 132.034 134.445 139.786 145.213 154.715 168.534 204.048 207.932 201.141 190.302 181.383 172.646 158.468 137.387 114.541 85.5149 38.948 2.95688 2.5967 1.58143 1.25146 1.87901 
0.389308 0.878866 0.547738 0.233036 0.829282 0.266124 0.375796 0.343807 0.385751 0.539621 0.207322 0.257607 0.466087 0.576533 0.49697 0.689199 0.398845 1.06121 1.37394 1.46798 2.62071 4.93934 61.8139 97.2252 124.053 146.328 163.17 171.418 182.275 193.559 204.372 213.217 167.203 150.191 142.419 136.353 131.678 129.602 127.514 127.766 127.843 130.112 132.332 133.641 138.686 143.776 154.297 168.141 203.859 208.66 200.558 192.07 181.096 174.295 158.375 139.41 116.219 87.3415 41.6649 3.52636 3.04336 3.11537 2.151 1.53535 
