-0.757574 -0.472918 -0.955119 -0.785167 -0.617164 -0.742379 -0.752687 -0.962324 -1.22284 -0.858959 -0.551395 -0.482926 -0.857031 -0.551947 -0.843075 -0.831131 -0.22071 0.579719 16.8776 69.7342 102.075 126.803 147.702 164.601 170.37 182.779 192.104 199.692 197.577 165.006 150.841 140.707 135.096 130.818 129.298 127.509 127.063 127.272 128.914 131.514 133.482 140.181 145.38 154.923 171.257 210.375 204.046 198.255 187.693 177.405 168.15 153.007 132.549 108.824 78.698 26.7859 1.26952 0.588911 -0.60256 -0.27457 0.127028 -0.258341 -0.165373 -0.0862112 
-0.713689 -1.03576 -0.909868 -0.750187 -0.91946 -1.51803 -0.966724 -1.05796 -0.925476 -1.19998 -1.31497 -0.82893 -0.965941 -1.19182 -1.03682 -0.678723 0.270872 0.727321 15.2835 70.7129 101.874 128.247 148.239 164.785 168.025 181.508 192.3 200.907 198.673 164.634 149.585 140.104 135.632 130.57 128.726 128.306 128.532 128.062 128.829 132.17 134.648 138.963 147.328 155.454 171.442 211.597 204.448 197.204 187.979 177.728 168.507 152.474 133.381 107.695 78.1859 25.7477 1.20297 0.397003 -0.168707 -0.254343 0.0867204 -0.595166 0.289979 -0.308108 
-0.477789 -1.00284 -1.08788 -0.605007 -1.08509 -0.85536 -0.856886 -0.762251 -0.801739 -0.428851 -0.967422 -0.540416 -1.15594 -0.433735 -1.07204 -1.03099 0.47617 0.696097 15.8219 70.5007 102.347 128.695 148.295 163.699 171.11 182.659 194.17 200.588 198.02 164.445 150.79 142.039 134.721 130.753 128.872 127.643 127.252 127.668 128.538 132.102 134.22 139.013 146.276 155.398 172.591 212.602 203.889 197.405 187.565 176.017 168.745 152.646 132.604 108.229 78.0357 26.8408 1.49679 0.0301599 -0.0783689 -0.114624 0.0745804 -0.0568396 -0.129885 -0.204612 
-1.17088 -1.36779 -0.70233 -0.778619 -0.826817 -0.929991 -0.912289 -1.12785 -0.86529 -0.808459 -0.845531 -1.10751 -0.908659 -0.798633 -0.68958 -1.02462 -0.261048 0.959946 16.1987 69.7407 101.54 127.331 148.037 164.333 169.992 182.692 194.116 200.869 195.719 173.26 150.507 142.385 135.091 132.109 128.365 127.995 127.955 128.699 128.968 131.627 135.807 140.06 146.457 157.537 173.837 215.355 205.089 198.077 187.268 177.515 169.105 153.971 133.548 108.828 78.5547 26.1943 1.64811 0.387595 0.143184 0.0864673 -0.00312411 -0.170306 -0.350322 -0.472103 
-0.997985 -0.946839 -0.734452 -0.861044 -0.987897 -0.734045 -0.951925 -0.746099 -0.918999 -0.898183 -0.731689 -0.82834 -0.880087 -0.939963 -0.530372 -0.671725 0.281663 0.991177 15.288 70.5435 102.266 127.985 148.38 165.241 169.269 182.885 194.4 201.799 200.985 167.503 152.069 142.553 136.03 132.464 129.598 128.978 128.261 130.24 131.311 130.905 136.948 139.989 146.875 156.529 173.783 213.435 205.39 197.408 185.752 176.89 168.177 152.377 132.972 107.905 79.7336 27.1736 2.16074 1.34074 0.689975 0.587746 -0.171977 -0.0925675 0.248526 -0.0116555 
-0.896713 -1.00564 -0.611863 -1.50821 -0.968928 -0.991211 -1.23924 -0.92986 -0.883177 -1.18541 -0.784381 -0.906364 -1.11042 -0.953891 -0.791767 -0.49466 0.761882 1.26557 16.6496 71.8939 102.073 128.502 148.213 164.849 171.875 184.44 195.3 201.991 200.684 168.611 153.373 142.387 136.265 133.436 130.066 128.035 129.704 128.882 131.373 131.536 136.175 140.814 147.59 158.327 173.62 215.772 206.855 197.385 188.01 177.123 169.825 153.805 134.21 110.08 81.1267 28.8211 2.43786 1.97243 0.928498 0.446152 0.245579 -0.0396035 0.0162888 -0.260966 
-0.673348 -0.889153 -1.18712 -0.898832 -1.08393 -0.731728 -1.06264 -0.90014 -0.977049 -1.15146 -0.890891 -0.991915 -0.830487 -0.580936 -0.472813 0.0466157 0.660129 1.85525 13.0446 68.9373 100.98 126.815 147.868 164.306 171.602 183.723 193.386 203.448 205.298 167.794 153.38 144.565 137.247 132.921 129.669 128.745 128.14 128.78 131.362 133.003 136.348 141.395 147.356 157.313 174.692 212.305 207.05 201.001 189.424 176.983 172.021 156.455 138.015 114.657 86.025 39.3576 3.06369 2.27867 1.25007 0.810052 0.0197818 0.1823 0.042788 -0.0416926 
-0.980405 -0.814933 -1.1129 -1.06931 -1.09474 -0.856807 -0.700178 -0.775165 -0.828573 -0.750702 -0.991369 -0.947199 -0.796246 -0.336413 -0.222325 -0.125907 1.31486 2.52814 9.74918 67.599 99.8943 126.773 148.238 164.493 173.814 185.213 195.623 203.543 206.865 169.76 155.916 145.376 138.339 134.542 132.831 130.76 129.669 130.679 132.903 134.794 137.707 142.145 148.59 158.432 173.906 213.564 208.207 200.993 191.785 178.804 171.897 156.22 138.116 114.793 86.0838 38.0366 3.59744 2.70922 1.32764 1.21697 0.711887 0.219289 0.391984 0.307802 
-1.13727 -1.18624 -1.12567 -1.08776 -0.76503 -0.721972 -0.880342 -1.03393 -1.13539 -1.03237 -0.883293 -0.938829 -0.783453 -0.385921 0.17864 0.736012 1.88523 2.28278 13.4566 69.5443 101.419 126.99 147.673 164.382 172.157 185.169 195.238 202.567 208.55 171.108 155.349 144.563 138.188 133.815 131.979 129.96 129.572 129.994 132.583 132.795 137.698 142.261 148.112 159.063 175.573 214.819 207.305 201.114 192.14 178.588 171.921 157.887 137.68 114.95 88.1659 41.0754 1.62657 3.10821 1.84361 1.02661 0.99167 0.125439 0.0272787 -0.0894544 
-0.893549 -1.00417 -0.838603 -1.10073 -0.693397 -0.89183 -0.886646 -0.898725 -0.80272 -1.12226 -0.735886 -0.624144 -0.224668 -0.666935 0.142248 0.669843 1.68241 1.69329 23.0733 72.9301 102.78 128.135 148.628 165.98 174.862 187.048 198.207 203.771 208.687 171.591 155.386 143.802 136.621 134.305 131.77 130.275 129.989 131.174 132.959 135.206 138.704 143.816 150.291 161.456 177.96 217.352 213.539 206.632 196.305 186.033 182.067 168.888 154.739 134.71 111.06 84.7206 39.4615 0.058984 1.46686 1.14914 0.867448 0.17945 0.0365268 -0.0466009 
-1.13054 -0.802995 -1.09267 -1.15709 -0.824828 -1.04324 -1.0069 -0.629875 -0.949146 -1.06343 -0.794579 -0.701967 -0.919872 -0.379961 0.246061 0.417674 0.407345 32.284 79.1179 106.953 132.648 154.871 173.765 187.542 197.436 207.372 216.011 224.107 226.853 186.564 172.379 160.348 151.312 147.223 144.02 141.917 141.33 141.205 142.946 144.888 149.429 155.732 163.902 174.906 192.132 232.401 228.319 223.506 212.327 205.103 195.458 183.139 167.67 147.771 124.949 100.229 82.4312 61.8935 56.7281 12.3721 0.175204 0.759698 -0.117184 0.231772 
-0.839212 -0.67066 -1.11313 -1.24205 -1.21567 -1.03023 -0.728443 -1.06979 -0.915638 -0.794878 -0.792223 -0.557863 -0.634403 -0.175779 -0.423931 11.8054 53.2943 89.9202 117.383 140.108 158.68 174.28 189.078 203.644 212.305 219.74 227.306 234.131 237.328 196.052 179.839 166.651 158.072 151.304 148.028 144.697 145.172 146.303 147.996 151.879 153.038 159.182 166.987 179.346 197.652 237.34 236.285 227.65 222.281 216.43 206.495 194.624 181.354 166.878 151.458 135.903 118.846 96.4157 78.521 36.6523 7.85521 0.0647726 0.529863 0.308476 
-1.18594 -1.13313 -0.990043 -1.04279 -1.13393 -0.700107 -1.08557 -0.863216 -0.798744 -1.16461 -0.770895 -0.665864 -0.758744 -0.703433 14.195 41.9709 81.5231 110.355 132.747 151.334 168.62 185.171 199.435 214.086 225.931 233.517 238.91 245.678 245.427 204.434 188.76 177.246 168.53 159.358 151.963 151.809 154.036 155.933 159.776 161.623 166.557 173.771 182.432 193.404 212.805 255.442 254.696 250.705 240.868 235.15 223.293 213.049 198.545 183.869 165.31 147.249 125.929 105.045 82.2611 60.8646 16.1309 6.73606 0.608767 0.123701 
-1.05663 -1.13987 -0.840089 -0.978162 -1.08883 -0.604694 -0.753422 -1.09093 -1.26134 -0.851609 -0.517148 -0.875738 -0.888183 6.45638 23.5508 50.8482 93.5091 117.693 138.22 157.37 175.057 190.298 207.926 220.982 231.549 238.87 245.899 251.536 251.288 211.502 193.69 182.655 166.821 154.649 151.188 149.817 152.246 163.077 166.634 168.492 172.731 179.036 186.73 198.017 217.498 257.811 258.243 255.8 248.385 239.611 229.074 216.135 201.697 184.499 165.805 147.529 127.348 107.083 80.0794 56.4007 19.3014 14.7244 9.2795 4.58526 
-1.01315 -1.57486 -1.19422 -0.913978 -1.24785 -0.725527 -1.08366 -0.779748 -1.02399 -0.932798 -0.526621 -1.06865 3.48726 13.8911 19.669 48.8105 92.715 117.404 136.313 155.662 173.067 190.279 206.228 219.281 230.278 237.776 243.86 251.812 252.737 211.388 197.617 175.453 156.022 149.21 145.173 144.754 144.168 147.5 154.413 165.19 172.46 176.263 184.599 195.873 213.489 252.572 255.756 247.051 239.265 229.765 217.004 201.908 185.478 164.645 143.323 115.467 83.7507 61.3189 39.0415 21.2078 10.5351 8.70356 6.83503 4.60615 
-1.00025 -1.39504 -0.876975 -1.00921 -0.846744 -1.02206 -1.06345 -1.13426 -1.1561 -1.12976 -0.760699 -0.608947 8.49155 9.08599 11.5911 18.0982 52.0585 72.4647 83.5863 112.208 136.525 154.725 172.565 182.804 194.288 202.467 211.655 218.255 220.688 177.106 148.469 133.472 126.049 123.411 120.964 119.781 118.87 119.859 122.009 126.66 131.345 141.812 153.479 160.442 174.119 212.904 213.175 205.759 197.018 187.328 175.764 157.577 138.663 113.468 81.4451 29.9549 3.53358 3.41816 3.1324 3.09955 2.4815 2.17982 2.04827 1.66115 
-1.21042 -1.28186 -0.963716 -1.21682 -1.14573 -1.03716 -0.999039 -1.05082 -0.714944 -0.96741 -1.20953 -1.27643 13.9069 5.61898 3.54427 2.55385 2.87697 3.70379 4.64143 7.37092 67.7955 100.904 125.886 145.882 161.499 173.278 183.638 192.78 190.256 140.35 123.766 113.87 107.035 104.213 103.484 101.212 101.534 102.44 104.495 106.774 110.636 115.674 124.437 143.9 165.597 202.715 202.539 195.413 186.684 176.986 162.087 145.354 123.607 98.7683 65.224 7.69803 3.44676 3.15696 1.85942 2.17707 1.51189 1.19029 1.06398 1.31296 
-1.10113 -0.800546 -1.16766 -1.05613 -1.10836 -0.869452 -1.27588 -0.885842 -0.632233 -0.826415 -0.832705 -0.711182 -0.623109 7.28257 3.58348 2.52486 1.87177 2.3134 3.52951 1.25257 61.9569 93.7319 119.432 141.379 158.118 170.566 179.67 175.731 173.261 131.237 117.602 109.036 103.46 100.338 98.6528 97.3726 98.1775 98.179 100.111 102.595 106.012 109.062 116.57 127.037 150.371 200.306 202.499 194.937 186.237 174.79 161.456 142.936 123.029 97.1705 63.6009 6.743 3.27401 2.16808 1.47276 1.6283 1.58101 1.4104 1.39054 1.04612 
-1.03949 -1.10049 -1.27794 -1.28719 -1.0895 -1.252 -1.18451 -0.778513 -1.1299 -0.99726 -0.444678 -0.728747 -0.675129 5.20759 3.40514 4.4398 1.48421 2.07471 2.72618 1.32076 54.2004 91.2598 117.961 139.571 155.372 167.165 171.698 158.343 164.071 126.728 114.151 106.456 100.774 98.2189 97.1813 95.962 96.0608 95.5134 97.3366 100.316 102.279 107.09 112.095 120.965 136.989 178.977 200.084 193.72 184.335 172.694 160.023 141.86 121.989 95.1857 62.2279 4.77572 2.66931 1.78373 1.50167 1.71704 1.4769 1.22685 1.34194 1.24114 
-0.664373 -1.08036 -0.962715 -1.03489 -0.798418 -1.21464 -0.860923 -0.692409 -0.85713 -0.897638 -0.677451 -0.65078 -0.450357 4.29898 3.0226 5.95895 1.21708 1.57205 1.80732 1.70032 48.8574 89.2282 116.083 138.114 152.651 164.995 158.783 150.619 159.554 126.95 112.942 104.777 99.946 96.4851 94.8415 94.2216 94.0112 94.3554 95.4941 97.6433 99.9537 104.513 109.497 117.708 130.802 168.968 183.833 193.04 183.263 172.104 159.019 140.184 119.61 93.7405 61.7446 2.94064 1.82277 1.37436 1.3491 1.43043 1.15693 1.48077 0.867406 1.21059 
-1.20823 -1.02724 -1.06196 -1.33025 -1.59859 -2.15144 -1.03814 -0.997744 -0.926882 -1.033 -1.11569 -0.43096 -0.849913 -2.11641 8.54906 7.61243 0.0939376 0.842528 1.39587 1.62404 43.6393 86.733 113.994 135.673 151.78 165.984 147.415 144.496 155.569 124.337 111.032 103.603 98.1959 96.4032 93.7124 92.9255 92.756 93.2673 94.3047 95.4947 98.854 102.735 107.734 115.184 127.953 162.745 173.83 189.046 182.903 171.191 158.367 140.113 120.185 93.5629 60.8414 1.47104 1.79709 1.24286 1.35934 0.880349 1.14145 1.20688 1.48207 1.3155 
-0.899693 -1.14561 -1.39634 -1.41824 -1.10153 -1.11614 -1.2708 -1.16038 -1.3633 -0.976474 -0.814435 -0.637687 -0.529483 -0.931154 7.81145 12.2204 -0.762269 0.622883 1.51466 1.72731 39.1833 85.4437 111.988 134.146 149.855 163.421 144.94 141.013 151.663 128.971 111.618 103.8 97.858 95.1824 94.2585 93.1227 92.1758 92.572 93.7727 95.8273 97.3186 101.47 107.294 113.791 126.133 159.922 167.925 183.532 181.702 171.054 158.155 139.043 118.606 92.592 59.8794 3.01625 2.0891 0.887685 0.996694 1.191 1.95255 1.23345 1.63049 1.03755 
-0.993369 -0.848024 -0.894243 -0.597047 -1.24554 -1.01462 -1.01337 -0.933889 -0.782094 -0.837023 -1.03094 -0.763185 -0.740759 -0.851608 7.85617 15.0322 -1.91572 0.452177 2.18561 1.95086 36.7547 82.6848 110.699 133.154 148.43 164.963 143.996 139.845 147.029 133.699 112.636 104.093 98.2258 96.6078 94.1391 93.3053 92.5747 92.2569 93.1052 94.8694 97.8035 101.773 107.022 114.319 125.741 157.229 164.404 180.729 181.471 171.097 157.966 139.245 119.189 93.2097 59.8963 3.15323 2.71405 1.11595 1.40465 2.04429 1.46075 1.56817 2.3424 1.46014 
-0.892831 -0.546486 -1.09804 -1.34008 -1.19061 -0.830615 -1.26741 -0.610901 -0.743949 -0.847673 -1.10349 -0.991936 -1.13466 -0.48281 8.33282 11.4869 3.04328 1.13681 1.69902 2.34947 28.8911 78.8825 107.466 130.18 146.17 160.226 151.761 140.656 144.988 138.231 114.75 105.54 98.9552 96.555 93.6147 93.0801 93.1124 92.2819 93.8026 95.4075 98.333 101.67 105.719 113.334 124.087 153.452 162.485 176.518 181.636 171.458 158.957 140.381 121.263 95.3403 63.6491 8.29679 2.75118 1.4215 1.70073 1.49227 1.99208 1.8224 2.18841 2.05281 
-0.670988 -0.654986 -0.725037 -1.02922 -0.73279 -1.02442 -1.48138 -1.26322 -1.172 -0.964194 -1.23692 -1.11204 -0.803909 0.887147 4.25138 10.3098 8.04453 0.345192 1.36745 3.16721 24.3861 75.6965 105.006 128.622 145.718 158.561 158.574 142.041 143.686 141.187 116.51 107.003 99.597 97.4792 94.7124 93.438 92.839 92.9872 94.1034 95.1071 98.0851 101.44 107.094 113.177 124.107 151.111 160.422 178.622 183.469 172.624 159.658 141.164 122.428 95.873 64.3526 9.87848 2.76911 1.93702 1.90971 2.1613 1.74043 2.16415 2.43909 1.94889 
-1.36144 -1.19545 -1.19131 -1.55882 -1.15123 -0.705449 -1.12561 -0.727866 -0.831836 -1.15177 -1.01435 -1.15101 -0.346853 1.53082 -1.03762 10.5834 8.7428 0.901968 0.939624 3.0268 22.6985 74.6176 103.965 127.565 145.22 158.451 164.616 144.773 145.488 145.366 118.595 108.35 101.408 98.1125 95.9801 95.1326 94.0556 93.9164 94.9041 95.6744 98.9722 102.295 106.922 113.683 124.575 151.042 162.524 180.98 182.881 171.456 159.625 142.913 121.833 96.6534 65.3428 10.7614 3.09906 2.08438 2.20578 1.95052 1.82463 2.27641 2.20304 2.34169 
-1.14396 -0.915819 -0.704862 -0.946176 -1.4089 -1.61747 -1.20964 -1.40911 -0.783157 -0.648757 -1.28913 -0.577826 0.856964 1.28547 0.48957 11.22 8.41565 0.604895 1.38242 2.90858 20.9492 73.1953 102.297 125.892 144.67 157.597 172.85 150.165 146.973 146.846 119.874 109.539 103.838 99.5002 97.3686 96.2613 94.4097 94.5215 95.0447 96.8346 98.629 102.165 107.852 114.071 123.617 150.831 164.536 184.54 183.215 172.166 158.192 143.241 122.403 97.3987 65.0378 11.2836 3.19742 1.8179 1.60597 2.09176 2.05375 2.25979 1.6946 2.00958 
-1.28045 -1.16108 -1.18337 -0.785952 -1.01112 -1.20057 -1.22046 -1.16614 -1.21554 -0.917403 -1.03304 0.503215 0.905175 0.450745 0.659158 9.34286 6.22527 0.558053 1.06863 2.46016 19.2179 71.8234 101.007 125.76 144.227 157.135 170.013 163.899 150.517 149.469 122.272 110.936 104.865 101.345 97.4787 96.6355 95.1852 95.3074 95.9973 98.4623 99.8573 104.14 108.276 115.802 125.635 153.078 169.085 190.604 182.878 172.294 160.113 143.04 123.26 97.2696 65.1598 12.1432 2.71557 2.0385 1.89589 1.85226 1.72405 1.54576 2.15829 2.13364 
-1.11146 -1.20155 -1.27584 -0.972278 -1.48764 -0.931171 -1.33028 -0.719878 -1.10999 -1.03781 0.760686 0.758501 1.2593 0.615649 -0.321932 8.16099 7.67654 1.1744 0.955745 2.17832 17.5727 71.4297 100.537 124.617 143.531 156.373 169.211 178.499 157.246 154.85 124.673 114.298 105.538 102.839 99.2781 99.1872 96.2514 96.877 97.6854 99.4237 101.83 105.604 109.537 117.115 127.976 155.515 178.972 193.81 182.563 171.448 160.187 143.173 123.22 98.2296 65.5168 13.281 2.8763 1.72732 1.38203 1.57867 1.89531 1.78885 1.80113 1.69445 
-1.47781 -1.12731 -0.966566 -1.16266 -0.832718 -1.12074 -1.14711 -1.23732 -1.27561 -0.684794 1.28253 0.751448 0.478016 0.385759 0.606322 6.29926 7.84343 0.672284 0.689029 2.41904 16.5444 69.8883 99.1496 123.729 142.529 156.891 169.193 180.708 175.869 161.835 128.425 116.839 108.394 106.18 101.053 98.7805 98.3907 98.2488 98.9739 100.909 103.475 106.228 111.223 119.233 131.147 157.575 191.391 191.809 184.632 172.877 160.239 143.27 123.51 97.6862 66.513 13.5086 2.80444 1.8693 1.76145 1.81364 1.7229 1.36192 2.13873 1.88621 
-1.47174 -1.33716 -1.394 -1.0305 -1.72194 -1.07836 -0.659032 -1.18586 -1.55267 1.08293 1.47742 0.412924 1.02267 0.672418 0.924627 2.66534 11.118 0.889744 0.901367 2.24256 15.7431 69.4631 99.2775 123.979 143.063 155.931 168.786 179.207 186.881 176.663 136.613 122.608 112.901 106.657 103.82 102.604 101.061 100.74 101.624 103.486 107.195 109.916 115.797 123.88 135.737 171.067 198.301 192.725 183.856 173.303 161.054 143.176 123.276 98.5372 67.5217 13.7303 2.69131 1.50097 1.43733 1.39414 1.95117 1.29053 2.08495 1.4264 
-1.37784 -1.32456 -1.98557 -0.394475 -1.30325 -1.07393 -1.19598 -0.947012 -0.824648 0.678148 0.462346 0.348196 0.729858 0.224371 -0.177869 -1.18661 16.6476 0.992351 0.922099 2.06492 13.9843 68.1794 98.7945 123.999 142.53 156.335 169.42 179.578 187.313 186.277 151.573 133.645 122.577 114.543 109.626 107.471 105.597 105.606 106.281 108.06 111.624 115.986 123.242 133.991 147.074 176.779 197.126 191.495 184.095 172.958 160.395 144.255 123.837 98.8779 68.1545 15.4909 2.69117 1.67355 1.27974 1.66523 1.50417 1.86858 1.65552 1.45417 
-0.142405 -0.769267 -0.884969 -0.43454 -0.307376 -0.649126 -0.629991 -0.361052 1.04492 0.769796 1.20281 1.09497 1.19071 1.02752 1.28501 0.78181 11.0888 1.22949 1.12107 2.86321 12.7498 68.7414 99.051 124.748 144.764 158.344 170.289 180.495 189.119 189.78 155.226 140.612 127.316 122.169 119.265 117.129 114.941 114.754 115.671 115.239 119.049 122.575 127.399 134.89 146.133 169.641 198.507 191.953 183.417 171.988 159.911 142.334 123.567 99.0264 68.135 16.6643 2.69639 1.55332 1.93144 1.34085 1.44936 1.97314 1.99585 1.74165 
-0.387248 -0.541994 -0.536649 -0.541594 -0.850456 -0.264699 -0.266618 0.58956 0.874425 0.97462 1.17876 0.642051 0.791573 0.918471 0.701834 0.859599 12.1779 1.08429 1.24068 2.35164 11.833 67.4865 98.7413 124.806 144.024 157.556 170.809 181.677 189.269 194.112 156.557 142.263 126.538 122.836 119.693 116.734 115.435 114.356 115.198 116.061 119.146 121.609 128.079 134.92 146.78 166.211 200.98 192.722 184.147 173.937 160.094 144.027 123.79 99.5098 70.5107 17.353 2.91076 1.58663 1.32689 1.96697 1.85837 1.61931 1.75246 1.42141 
-0.445838 -0.460833 0.0999514 -0.325823 -0.682764 -0.408567 -0.282726 0.0821739 0.317189 1.13599 0.627685 0.726763 2.14902 0.435947 0.876207 1.26456 11.0036 0.554871 0.998397 1.47867 10.7545 67.8663 98.597 122.815 144.198 157.788 170.108 181.096 189.801 194.792 157.642 142.329 127.873 123.82 119.785 117.294 115.484 115.453 114.949 116.778 118.653 122.617 127.767 135.892 146.539 164.026 204.943 191.581 183.981 173.623 160.539 144.322 125.061 99.8353 69.7713 18.6651 2.65199 1.9079 1.55284 1.60713 1.77862 1.66134 1.70911 1.7925 
-0.261271 0.138697 0.145063 -0.281023 -0.45601 -0.407057 -0.838988 0.305228 0.575947 -0.135452 0.848348 0.890894 2.44171 0.291132 0.488523 1.47739 6.50639 0.934971 1.47964 2.18134 10.4591 67.2722 98.3658 123.965 143.031 156.914 170.061 179.92 189.592 195.582 159.301 143.955 128.892 123.25 120.422 117.098 116.122 115.473 115.06 117.2 119.186 122.408 126.852 134.75 146.177 162.66 203.647 191.647 183.823 172.594 160.338 144.772 125.069 100.155 70.1152 19.8069 2.65513 1.48721 1.22716 1.50323 1.27281 1.59496 1.50822 1.84407 
-0.655155 -0.480397 -0.289293 -0.391118 -0.237523 -0.534144 -0.432182 -0.0898538 0.517355 0.919898 0.418715 1.46847 2.39047 0.704871 1.09083 1.10811 4.0061 1.9778 0.998357 2.07654 9.01862 66.305 98.1778 122.295 142.559 156.827 169.91 180.965 190.447 197.088 160.428 144.447 129.623 123.896 120.479 117.911 116.125 116.236 116.017 116.71 118.826 122.494 128.562 135.024 144.777 161.298 204.301 191.634 183.972 174.431 160.647 145.752 126.008 101.508 71.788 20.5331 2.60537 1.78591 1.44457 1.39645 1.42871 1.5717 1.45221 1.42851 
-0.688792 -0.26597 -0.8904 -0.0788603 -0.708856 0.0196008 -0.679381 -0.421211 0.359632 0.877835 0.665621 1.76677 1.79025 1.06403 1.40538 1.66113 1.43174 2.40916 0.57119 2.05557 8.06086 66.0453 97.6114 121.828 143.189 158.511 171.142 180.525 189.319 199.415 161.489 144.928 128.929 123.332 127.79 118.849 116.746 116.378 115.734 116.373 120.195 123.034 127.826 134.719 145.112 160.743 203.94 192.227 184.498 173.749 162.464 146.295 125.242 101.422 72.5145 22.5922 2.37317 1.69691 1.06789 1.06865 1.39411 0.910267 1.52964 1.68178 
-0.288544 -1.25096 -0.527925 -0.147871 -0.627183 -0.187533 -1.78026 -0.153342 0.546131 0.953867 1.22406 2.22084 1.76145 0.554612 2.62859 1.93237 1.61053 1.3277 0.521569 2.09311 6.77398 65.5936 96.064 122.415 141.976 156.99 168.8 180.79 188.716 199.828 161.188 145.825 130.733 125.244 121.148 118.985 116.919 116.472 115.92 116.624 118.649 123.799 127.113 133.703 145.502 161.975 201.08 193.698 184.625 173.761 161.481 147.46 126.454 102.066 73.3495 24.0011 2.88042 1.6625 1.02441 0.940056 1.06596 1.06756 1.69861 1.62169 
-0.584863 -0.435182 -0.375005 -0.249998 -0.286361 -0.56323 -1.10648 -0.0511314 -0.326179 0.516454 2.69349 2.15079 2.01961 1.53306 1.67222 1.18754 0.68016 0.439644 0.681497 2.00744 6.24664 66.1445 96.9513 122.163 142.301 156.672 169.812 181.177 190.15 202.02 162.965 146.362 131.303 126.652 120.703 118.928 117.002 116.07 115.842 117.348 119.278 122.722 127.633 133.162 145.54 161.176 197.777 193.425 185.574 174.354 165.021 146.625 127.352 104.146 75.3101 26.7478 3.16361 2.44027 2.10001 1.58027 1.37813 2.07126 1.70211 1.97306 
-0.119916 -0.596614 -0.346517 -0.512798 -0.596885 -1.13643 -0.405751 -0.132619 0.174392 -0.00219931 3.11825 3.32755 2.07762 2.74149 0.41857 0.7316 0.415398 0.495409 1.35697 1.82406 2.99499 64.5456 96.5011 121.079 140.778 156.521 168.814 180.343 190.99 200.744 169.022 148.418 132.141 126.408 123.006 120.02 117.541 116.704 116.842 117.376 118.375 122.089 126.673 133.026 144.439 159.882 196.934 194.239 186.174 175.353 166.124 148.822 130.505 105.704 78.3864 31.5433 3.68996 2.77339 2.24052 2.12239 1.96637 1.66186 1.58161 1.69932 
-0.415407 -0.24348 -0.661778 -0.680755 -0.41117 -0.224725 -0.596019 0.424684 -0.00127521 -0.941214 5.18249 3.46186 4.29293 1.7782 0.631271 0.997061 0.35198 0.846115 1.61165 2.19263 -1.52912 63.6367 93.8858 119.733 139.817 156.174 168.803 179.494 189.484 197.866 176.547 149.956 133.612 127.407 123.734 120.333 118.101 117.205 116.269 117.036 119.555 122.055 127.406 132.576 142.68 158.228 194.647 193.803 186.626 177.465 164.97 150.334 132.651 108.891 81.8186 37.42 3.92041 2.89688 2.75501 2.83421 2.59255 2.03822 2.01626 2.00177 
-0.555679 -0.484201 -0.405167 -0.645704 -0.263497 -0.463149 -0.798368 -0.42811 -0.432831 1.3476 4.06321 4.66069 5.12687 1.1509 0.0159552 1.07183 1.21354 0.306212 1.50686 2.50846 -1.39162 64.1946 95.1125 120.093 141.36 155.258 169.183 181.665 190.385 197.442 178.275 150.659 135.265 128.284 123.329 120.081 118.269 116.49 116.931 117.558 118.142 122.376 126.957 133.097 141.795 156.257 190.603 195.82 186.28 176.481 164.953 151.472 133.189 109.804 84.3104 41.3554 4.81378 3.81765 3.14863 2.77331 2.42356 2.34157 1.88833 2.24704 
-0.238454 -0.474234 -0.498468 -0.314531 -0.785085 0.163105 0.360998 -0.0138164 -0.135854 13.467 6.81904 7.17636 1.3622 1.26432 1.36619 1.66409 1.46954 2.10365 2.25975 2.99848 -1.20192 64.3666 95.3902 120.154 141.18 155.351 169.376 180.247 190.669 197.731 177.226 151.86 134.739 128.944 123.862 121.661 119.057 116.791 116.646 116.573 119.8 122.114 125.895 132.618 140.574 156.312 191.065 195.116 188.184 178.735 166.622 153.004 135.007 113.073 85.0849 44.1399 3.48848 5.47021 3.9214 3.1642 3.11828 2.53489 2.40414 1.81854 
-0.731804 -0.451435 -0.460243 -0.122774 -0.748356 -0.486186 -0.726003 -0.513984 0.297344 11.5134 7.98506 3.15552 1.99187 1.43259 1.86119 1.85715 1.93918 2.12687 2.73726 3.48884 -0.599848 63.4312 96.3934 121.438 141.657 156.444 170.571 182.1 190.82 198.218 179.606 153.137 136.586 128.976 125.099 121.887 120.326 119.784 118.518 119.186 122.298 124.794 129.12 134.237 143.39 157.979 190.343 199.228 192.254 182.697 170.954 158.663 143.38 121.351 100.35 69.859 19.7318 5.60418 4.96473 4.60473 3.61784 3.08215 3.14065 2.87289 
-0.404888 -0.225376 -0.539888 -0.500624 -0.295039 -0.404293 -1.52542 -0.507338 -0.33038 3.87753 10.0826 10.2695 9.13124 6.65556 2.85213 2.55606 3.08954 2.57813 3.75221 3.43493 27.909 77.088 108.157 132.268 150.787 164.203 177.116 188.895 202.256 212.218 197.46 170.428 153.559 147.552 144.452 141.226 140.241 139.183 140.427 140.934 146.026 150.982 156.488 163.112 173.211 187.21 221.863 232.736 226.854 218.285 208.093 196.127 182.756 166.55 145.422 124.868 96.782 55.3564 46.7882 22.5311 18.5797 18.221 15.9815 13.3292 
-0.243194 -0.355837 -0.439145 -0.941909 0.0779014 -0.253314 -0.492818 -0.34689 0.015248 -0.651132 3.5339 10.5514 12.5679 13.4583 15.4045 13.9785 13.5955 12.3445 13.1325 22.8109 79.5293 118.941 144.701 172.511 193.917 210.413 222.72 234.953 241.994 247.37 228.826 196.364 178.72 170.788 165.114 161.945 160.209 159.382 160.419 160.205 163.715 167.089 172.48 180.009 189.592 203.737 241.341 254.703 246.304 238.738 228.369 218.318 206.62 193.66 175.695 155.358 132.828 107.307 93.4279 76.5244 25.8615 21.8688 18.0614 14.6781 
-0.22833 -0.516478 0.0178289 -0.373799 0.271742 -0.151398 -0.161989 -0.441322 -0.226513 -0.71351 -0.116151 2.14745 8.96261 13.4067 16.6495 19.3005 19.0465 19.8887 22.8761 84.4274 118.35 144.797 167.016 187.071 204.356 217.023 227.693 240.517 245.809 253.839 236.33 203.475 184.562 177.73 172.254 168.337 165.392 165.236 165.187 165.873 168.669 172.98 176.181 184.293 193.367 208.408 245.141 257.287 253.364 245.342 236.514 226.36 214.421 200.917 184.044 166.713 147.073 125.301 100.531 88.1566 47.0655 18.16 9.75426 4.09044 
0.02985 -0.233464 -0.0806802 -0.479576 -0.210854 -0.735796 -0.843783 -0.287182 -0.311428 0.135211 -0.0380207 0.00119947 0.54287 5.25149 11.1955 19.8821 23.708 21.7345 51.2656 98.81 130.483 154.683 174.922 192.413 206.836 220.578 231.805 243.711 249.152 254.884 240.186 203.76 183.761 175.225 169.522 166.192 163.683 162.529 162.509 164.512 166.681 169.915 174.405 181.295 192.209 207.005 242.919 256.44 251.063 245.152 235.555 225.088 213.254 198.946 184.879 166.365 147.646 128.409 105.433 87.6621 60.9227 5.60519 -0.103404 0.550186 
-0.221087 0.0476436 -0.322201 -0.448192 -0.383189 -0.595919 -1.07601 0.0580064 -0.146346 0.145452 -0.239873 0.106052 0.437764 0.357733 1.32156 9.19611 27.941 24.1375 66.4228 102.879 130.11 152.341 173.06 193.05 207.801 218.571 227.907 237.426 242.882 250.8 236.06 200.505 178.982 170.579 164.77 159.982 157.329 157.763 157.352 157.722 159.444 162.486 167.684 175.027 183.858 200.51 235.256 248.233 244.113 236.003 225.82 218.112 204.04 191.998 176.647 158.572 139.389 118.263 97.8698 76.0562 46.7235 -0.749541 0.840473 0.150083 
-0.305074 -0.493596 -1.02429 -1.17774 -0.479569 -0.519 -0.52286 -0.256759 -1.03441 -0.738733 -0.91773 -0.177465 0.0287319 -0.512167 -0.0644611 -0.203209 17.2 31.2128 65.6136 94.2909 123.114 147.316 169.107 184.98 198.971 209.441 220.893 228.491 235.034 240.61 228.095 193.718 173.185 163.698 158.315 153.038 151.06 148.64 148.995 149.808 151.005 154.167 158.365 165.452 174.025 188.167 221.81 237.446 230.106 222.078 213.448 204.451 191.922 177.375 160.268 141.646 122.27 100.915 77.8723 50.2463 14.8086 2.03172 0.861222 -0.375321 
-0.130026 -1.07345 -0.498566 -0.815683 -0.139314 -0.0566043 -0.318945 -0.739642 -0.24889 -0.274592 -0.463833 -0.0328183 -0.447916 0.116933 0.0305027 0.299498 -0.199983 21.0884 48.6747 79.8742 108.066 133.208 155.453 171.692 184.433 197.79 207.131 215.585 221.493 226.861 221.03 184.569 162.831 154.726 148.58 143.941 141.628 139.028 139.36 139.387 139.432 142.98 145.952 151.29 159.945 172.866 203.412 218.585 213.233 204.767 192.476 184.511 171.747 156.968 139.133 117.705 94.6494 65.7083 24.4152 2.92378 0.872017 1.17634 0.655854 0.477154 
-0.903625 -0.128377 -0.574441 -0.804791 -0.264989 -0.678794 -0.285009 -0.825077 -0.28932 -0.0473879 0.056317 0.0274425 -0.699802 -0.0759562 0.0728755 0.668864 0.55279 -0.37277 16.1711 42.9802 78.2838 108.463 134.319 152.427 168.069 181.482 190.662 199.549 208.601 214.368 211.501 172.812 153.481 142.856 139.174 134.026 133.136 131.891 131.159 131.96 133.022 136.567 140.618 144.69 152.725 165.281 197.38 211.43 205.209 198.98 186.543 179.552 166.012 149.104 127.585 103.721 69.527 9.94598 4.76342 2.17691 1.91762 0.896337 0.725304 -0.0121219 
-0.507868 -0.379329 -0.128668 -0.645177 -0.425605 -0.357944 -0.470528 -0.312871 -0.125208 0.0613849 -0.555146 -0.212872 -0.736147 -0.336782 -0.115736 -0.0102611 0.357519 1.09586 2.14941 1.46251 24.727 80.303 109.075 133.994 154.651 170.636 180.948 192.647 203.324 210.205 207.686 172.125 152.043 141.902 137.126 134.07 131.417 130.355 129.947 130.982 132.048 135.103 138.197 144.356 151.879 163.317 193.115 211.013 205.368 197.381 184.481 178.405 164.95 147.86 127.725 101.808 69.7426 11.8494 3.8107 2.11711 1.32319 0.568759 0.446984 0.176349 
-0.366539 -0.828944 -0.509112 -0.0957095 -0.401932 -0.569601 -0.350645 -0.391439 -0.595401 0.0496154 -0.659484 -0.125307 -0.571714 -0.425969 -0.416502 -0.363766 0.105326 0.432598 1.86362 2.31701 20.4264 76.7851 108.623 133.801 153.118 171.132 177.632 191.268 202.273 209.412 206.008 170.619 149.67 140.913 135.965 132.95 130.064 129.562 129.663 129.247 130.991 134.155 138.965 142.987 150.345 164.024 191.38 210.684 203.204 198.878 185.902 177.682 166.112 148.935 128.178 101.438 69.9783 11.1906 2.50219 1.28324 0.815244 0.37354 0.721387 0.425871 
-0.45431 -0.153685 -0.865471 -0.836398 -0.464973 -0.289386 -0.514573 -0.475603 -0.339573 -0.219205 -0.18046 -0.712443 -0.774243 -0.537981 -0.0456147 -0.00942208 0.372915 0.846453 1.37542 2.21892 21.3532 75.3415 107.623 132.556 152.86 169.014 179.422 189.968 201.619 210.538 205.133 170.688 149.248 140.862 136.183 131.94 129.867 128.481 128.773 129.034 130.006 134.886 138.557 141.993 149.257 160.91 187.33 211.211 204.416 195.981 185.259 175.485 165.001 148.944 127.829 101.415 70.4547 13.8578 1.78793 0.659881 0.404333 0.25247 0.355691 0.229555 
-0.389362 -0.286655 -0.515441 -0.32049 -0.104003 -0.13723 -0.650942 -0.581593 -0.322353 -0.466951 -0.207127 -0.696493 -0.0198978 -0.00206244 0.109589 -0.383105 -0.530716 0.177423 1.06046 1.60652 19.7867 74.4911 106.811 131.572 152.818 170.16 176.371 189.684 200.751 208.756 204.928 169.88 148.442 139.522 135.583 131.058 130.586 129.212 128.706 129.546 130.944 133.08 135.177 143.093 148.132 160.005 182.851 210.657 203.289 195.523 186.128 177.05 166.183 148.514 127.48 101.41 69.7976 15.9207 1.72484 0.67717 -0.0822328 -0.145511 -0.368837 -0.0832756 
-0.256886 -0.622046 -0.313763 0.0696172 -0.216089 -0.318845 -0.737073 -0.519729 -0.173798 -0.998661 -1.99413 -0.139345 -0.275046 -0.149309 -0.138714 -0.565766 -0.503559 -0.334729 0.916295 1.46544 17.8236 73.5386 105.758 131.538 153.053 168.958 175.944 189.564 199.216 207.059 205.065 168.728 148.57 139.285 134.95 130.807 129.093 128.412 127.072 127.24 130.226 133.292 135.392 142.181 147.523 158.299 175.848 214.148 205.58 196.541 186.063 177.97 167.888 149.117 129.299 103.882 71.2489 16.6674 1.15078 0.440076 0.0249222 -0.299801 -0.248306 0.39619 
-0.304565 -0.476016 -0.557691 -0.479507 -0.408453 -0.596639 -0.0938193 -0.7697 -0.0412899 -0.535493 -0.706275 0.076571 -0.255092 -0.3866 -0.14618 -0.525764 -0.137609 -0.0871919 0.475205 1.41021 11.1609 68.508 101.473 128.287 149.049 165.822 175.167 187.304 198.615 206.726 207.275 173.285 151.079 140.285 136.547 131.303 129.477 128.156 127.765 128.383 129.206 130.325 135.169 138.337 146.275 156.273 172.621 213.273 205.605 197.26 188.564 176.51 168.834 151.924 132.456 107.122 74.7559 24.266 1.5967 0.783427 -0.42219 0.316742 0.0749031 0.412299 
-0.339719 -0.867684 -0.614274 -0.65823 -0.385893 -0.161502 -0.145361 -0.36856 0.358459 -0.208418 -0.439872 -0.592902 -0.384907 -0.364889 -0.238259 -0.247419 -0.347393 -0.34078 0.226749 1.14256 11.3759 68.3697 101.015 127.856 149.71 166.968 176.082 187.13 197.512 205.54 207.298 171.827 149.765 139.911 134.534 130.626 128.987 127.461 126.828 126.977 128.393 131.692 134.929 139.698 146.517 154.928 171.09 211.232 205.976 197.302 187.838 177.28 169.128 151.403 132.174 106.549 76.8755 23.3386 1.43296 0.649126 0.043157 0.162371 0.117103 -0.223228 
0.0493705 -0.85565 0.00948169 -0.629501 -0.919344 -0.807901 -0.599615 -0.368377 -0.673367 -0.126449 -0.95878 -0.187796 -0.219417 -0.0933887 -0.212288 -0.269387 -0.612245 -0.32113 0.660502 1.23149 9.81277 67.121 99.7742 126.915 148.923 165.875 172.846 186.831 196.105 206.43 207.7 172.011 150.662 139.619 135.063 130.38 128.586 127.244 127.94 128.024 128.755 130.86 133.644 139.398 144.582 153.408 171.257 209.356 205.168 197.633 187.307 179.213 168.697 151.831 132.908 107.515 77.7006 24.6369 1.88091 0.535409 0.0473469 0.314418 0.374141 0.233025 
-0.0197166 -0.50787 -0.263395 -1.05852 -0.348826 0.0641966 -0.351703 -0.729293 -0.43859 -0.894102 -0.298015 -0.53424 -0.470059 -0.130043 -0.533997 -0.332821 -0.557156 -0.129418 0.469045 1.73604 9.35427 66.5367 101.303 127.435 147.915 165.117 172.057 183.963 196.271 205.624 208.164 185.664 149.895 138.906 134.391 131.168 128.917 127.513 126.683 127.016 128.171 130.713 134.533 139.071 144.721 154.206 170.834 209.691 203.862 198.738 187.826 177.659 170.397 154.612 133.667 108.768 77.9146 27.4877 1.97222 1.28289 0.784811 0.612403 0.203643 0.112247 
-0.179232 -0.69053 -0.886887 -0.826435 -0.317726 -0.51123 -0.490667 -0.111917 -0.663447 -0.304951 0.025858 -0.25006 -0.542908 -0.0720028 -0.383797 -0.15613 0.0843938 -0.386297 0.750928 1.49623 9.52048 65.8396 99.9623 127.526 149.056 166.91 172.911 182.972 196.244 204.903 208.624 172.738 151.654 140.773 134.085 130.752 128.493 127.961 127.545 127.069 129.266 131.119 135.445 139.136 145.098 153.963 169.928 207.869 204.654 200.095 189.012 178.702 170.159 153.519 135.242 108.823 79.9957 28.5032 2.25959 1.50685 1.47192 0.684687 0.637406 0.916218 
-0.262784 0.335384 -0.0714692 -0.468106 -0.259345 -0.346891 -0.469925 -0.415627 -0.440145 -0.49456 -0.563817 -0.365417 -0.48714 -0.445944 -0.202629 -0.0922884 -0.0846826 0.542927 1.3581 1.7717 8.71137 66.531 99.1545 125.75 147.794 165.496 172.62 181.543 197.071 203.543 209.947 171.077 151.165 139.758 135.011 130.2 128.06 127.482 126.201 127.474 128.577 131.336 135.04 138.579 144.036 153.953 168.558 204.653 206.663 200.808 190.729 179.818 171.042 154.803 136.11 111.393 81.9169 31.2643 2.90444 2.27043 1.52088 2.05507 1.04482 0.501748 
