-1.36981 -1.03148 -1.48162 -1.49304 -1.46795 -1.22301 -1.60871 -1.26441 -0.653001 -2.55209 51.2409 87.6387 114.225 136.266 155.395 171.127 174.291 183.722 194.394 202.412 195.79 162.849 149.062 139.8 134.559 130.305 125.877 125.443 123.606 124.429 125.395 126.876 132.115 136.305 145.32 152.433 168 208.726 198.868 191.242 180.562 166.93 162.132 145.324 124.139 98.536 67.0123 10.3739 -0.0862838 -1.17595 -1.25324 -1.40445 -1.29726 -1.211 -1.04196 -1.27329 -1.19505 -1.24866 -1.44192 -1.13597 -1.24973 -1.0572 -1.26518 -1.83056 
-2.23557 -1.8039 -2.08007 -1.2881 -1.93733 -2.14095 -1.55461 -1.61901 -0.65044 -2.80161 52.1127 86.9864 115.066 137.526 155.155 171.163 175.158 187.541 195.618 201.242 194.686 163.383 149.32 140.048 133.644 130.322 126.278 125.884 123.284 123.537 125.32 126.536 131.959 137.088 145.288 153.95 168.423 208.275 199.174 191.347 180.658 166.564 162.502 144.716 123.197 97.4828 65.5929 9.53324 0.0205697 -0.977152 -1.11279 -1.22009 -1.39283 -1.33195 -1.47044 -1.19281 -1.44914 -1.35335 -1.15631 -1.42714 -1.38922 -1.24048 -1.21012 -1.2861 
-1.63514 -2.12692 -1.77439 -1.72399 -1.7133 -1.71126 -1.55572 -0.968625 -0.671534 -2.15837 52.3149 88.9458 115.395 137.966 156.157 172.161 171.34 185.377 195.683 202.067 194.885 162.912 149.386 139.786 134.282 129.319 127.574 125.337 124.162 124.009 126.065 127.37 132.133 136.934 145.255 154.738 169.27 208.528 199.056 192.015 180.164 167.728 160.425 144.833 123.807 97.6761 64.9684 10.5833 1.30209 -1.23857 -1.09216 -1.02122 -1.40779 -1.21903 -1.36761 -1.12511 -1.15471 -1.75697 -1.03506 -1.10129 -1.48003 -1.36057 -1.16458 -0.954648 
-2.26753 -2.98752 -1.60823 -1.52072 -1.98526 -1.1914 -1.42077 -1.33731 -0.368989 -2.78156 54.6615 87.7043 115.181 137.584 155.441 171.337 174.053 186.763 194.768 202.846 194.195 163.713 149.529 140.564 133.365 131.407 127.59 125.036 124.216 124.658 125.79 128.19 133.575 137.745 144.412 160.266 172.899 209.495 200.733 191.689 180.52 168.952 161.869 145.403 124.369 98.5595 65.5881 9.11912 0.347356 -0.840351 -1.28784 -1.15072 -1.57436 -1.08116 -1.52008 -1.08858 -1.19001 -1.23702 -1.26436 -1.40336 -1.32803 -1.67084 -1.6898 -1.58195 
-1.95392 -1.75445 -1.91331 -1.64607 -2.10079 -1.14017 -1.74414 -0.531357 0.597494 -1.55059 54.5396 89.7039 116.603 138.619 155.676 172.535 171.508 185.68 195.794 203.183 195.718 164.562 150.508 141.617 134.22 131.208 127.889 125.578 124.801 125.101 126.11 128.812 133.384 137.605 146.285 157.817 171.195 210.067 199.995 192.897 180.92 168.54 161.767 144.821 123.17 97.2887 64.8748 9.56131 0.600966 -0.23185 -0.776491 -0.763547 -1.20293 -1.27603 -1.6801 -0.995031 -0.998308 -0.886671 -0.834281 -0.890242 -1.44229 -1.25004 -0.958362 -1.63421 
-2.37028 -2.09741 -1.70348 -1.90412 -1.47825 -0.669298 -1.04045 -0.238918 0.678185 -1.40173 56.6008 90.7421 118.387 139.926 156.184 176.52 171.154 186.669 196.492 203.593 196.216 164.299 151.213 141.954 135.324 131.601 128.383 125.694 124.865 126.008 125.993 129.062 133.917 138.785 147.033 158.854 173.756 210.148 200.404 191.974 181.051 170.376 163.308 146.39 124.62 98.8216 65.9839 8.58743 0.961744 0.143901 -0.242013 -0.754823 -0.85161 -1.42614 -1.33576 -1.6204 -1.35343 -0.944581 -1.35137 -1.28291 -1.61228 -1.50835 -1.48338 -1.6639 
-1.88749 -1.83634 -1.82978 -1.62822 -1.4251 -0.863649 -0.530253 0.228205 1.15711 -0.133918 49.4989 87.593 114.624 138.953 156.176 172.11 173.726 187.856 197.088 204.223 200.863 166.123 151.992 143.298 136.062 132.535 129.806 127.443 126.382 126.39 128.115 129.903 134.416 138.976 146.51 155.411 172.132 206.663 203.617 194.777 183.809 173.048 164.865 148.127 127.866 102.21 71.6072 14.9304 1.65727 0.561208 -0.451832 -1.1202 -0.798972 -1.43574 -1.54192 -1.27516 -1.27567 -1.40572 -1.44695 -1.06679 -1.8723 -1.27453 -1.41251 -1.02558 
-1.94197 -1.8545 -1.84457 -1.19789 -1.10579 -0.680497 -0.395613 0.929691 1.5855 -0.0733734 50.122 89.1165 116.586 138.057 155.667 170.787 176.746 187.49 195.915 205.056 201.35 168.759 152.74 144.631 136.552 133.076 129.677 126.217 126.317 126.925 128.607 129.595 134.639 139.285 146.502 155.74 172.618 208.443 202.522 197.189 184.007 170.792 165.21 147.224 127.856 103.984 72.2045 16.0702 2.33734 0.951859 0.193234 -0.511655 -1.19624 -1.02823 -0.934531 -1.17135 -1.35835 -1.48059 -1.49276 -1.2461 -1.75267 -1.38872 -1.06644 -0.947261 
-1.59656 -1.89474 -1.64905 -1.84044 -1.44937 -0.972417 -0.0189091 0.595293 0.890758 4.4454 54.7925 91.3226 117.989 139.303 156.715 172.203 176.271 187.774 197.711 205.11 203.187 168.885 154.248 144.583 138.906 134.133 131.102 128.703 127.255 127.501 128.462 130.704 135.332 141.344 148.289 156.503 173.384 209.773 203.814 195.803 186.807 173.335 164.505 149.419 128.057 104.134 72.3945 15.3292 2.58684 1.58303 0.631107 -0.49271 -0.522601 -1.09533 -1.62415 -1.35985 -1.80071 -1.4496 -1.62652 -1.58273 -1.51821 -1.84355 -1.64879 -1.46144 
-1.72949 -2.12731 -1.60797 -1.77406 -0.920198 -0.838924 -1.03503 4.18587 17.2487 66.5875 88.2228 110.048 130.516 151.184 167.127 180.075 184.309 196.216 205.35 214.244 211.783 175.643 158.736 150.034 144.703 139.224 135.144 131.686 130.81 132.393 131.89 133.535 138.621 144.67 151.445 159.711 176.771 214.596 207.771 200.403 189.758 179.388 172.332 156.876 137.835 115.7 89.3985 53.2744 11.2767 0.911728 0.0890013 0.485622 -0.666285 -1.02922 -1.19566 -1.53115 -1.71199 -1.45479 -1.43473 -1.45549 -1.60447 -1.45988 -1.53838 -1.64262 
-1.96793 -1.77378 -1.94311 -1.69631 -1.02053 -1.38473 24.4004 40.657 65.7395 100.688 122.472 142.786 160.383 174.664 185.95 195.921 202.979 210.345 216.363 223.259 216.556 180.4 165.61 155.009 149.475 143.615 139.92 140.24 139.166 138.357 140.174 140.726 148.077 152.677 161.08 170.568 188.224 227.257 220.708 213.763 206.845 197.69 188.795 174.738 158.136 139.487 118.169 93.7608 64.0179 27.793 17.5538 -0.831904 -0.0925352 -0.947265 -1.27964 -1.04406 -1.33738 -1.30434 -1.32546 -1.38067 -0.75239 -1.61839 -1.39869 -1.3927 
-1.87963 -2.1468 -1.96054 -1.53248 -1.82149 13.2823 47.3537 70.2852 91.8014 114.112 133.938 153.384 169.649 185.762 197.916 208.808 215.53 225.594 230.457 236.307 233.45 195.165 180.99 169.228 162.195 156.441 153.41 150.451 148.821 149.562 151.109 151.47 158.54 163.323 170.31 182.401 198.772 238.361 233.319 228.464 219.267 210.98 203.031 189.502 175.919 159.405 142.247 126.252 109.778 92.6473 63.0625 18.766 -1.13108 -1.36816 -1.09612 -1.28079 -1.67848 -0.833481 -1.99863 -1.54909 -1.59916 -1.5394 -1.16334 -1.41953 
-2.71399 -2.04245 -1.89667 -0.228986 7.29175 23.6322 60.9893 83.6837 109.25 130.273 147.646 163.803 179.008 192.907 204.517 213.357 222.963 229.44 235.189 242.356 234.817 197.895 182.615 172.771 163.04 153.397 148.478 147.827 154.776 154.877 156.719 157.746 163.8 169.568 179.283 188.776 207.103 248.457 244.464 237.905 232.372 224.921 214.385 201.612 189.122 171.868 157.55 137.763 120.376 105.358 86.852 45.9905 -2.41204 -0.805523 -1.32545 -1.74768 -1.45568 -1.54774 -1.24272 -1.17818 -1.13108 -1.63996 -1.25678 -1.62757 
-2.12 -1.50943 3.64008 7.69506 15.8083 23.4574 65.2938 85.2083 111.844 133.558 153.153 171.532 188.95 201.768 212.371 222.317 230.566 233.546 240.517 245.972 236.187 198.65 184.592 171.827 154.489 145.03 141.161 141.428 146.449 155.364 155.822 159.296 166.88 172.747 181.688 194.237 212.6 254.146 253.025 242.72 236.476 228.986 216.254 204.24 190.413 173.554 158.064 138.456 119.103 110.179 92.3434 57.9725 0.761562 -0.927756 -0.915008 -1.29347 -1.17956 -1.31078 -1.74323 -1.66059 -1.45423 -1.19843 -1.67538 -1.44453 
0.235806 0.475243 1.4952 3.45629 6.2737 9.06033 25.0801 45.8356 64.2513 92.1875 119.323 133.989 150.804 169.716 186.466 199.408 209.964 217.106 222.919 228.035 221.679 187.808 166.436 146.544 137.476 132.741 130.584 128.03 129.785 135.715 146.14 151 156.745 162.681 170.493 181.264 195.896 234.857 231.911 227.471 216.956 208.18 198.717 185.68 173.861 158.81 144.5 128.312 114.72 107.57 96.1794 59.9928 2.22827 -1.06304 -1.17803 -1.03275 -1.19265 -0.917707 -1.57688 -1.64683 -1.77688 -0.967895 -1.62004 -1.27263 
-0.445508 -0.820321 -0.558509 0.00589313 0.130876 0.426754 0.830976 0.958334 0.0543467 -0.195007 45.5539 90.7285 122.165 146.807 166.245 182.314 195.064 202.973 209.702 217.034 205.91 159.368 143.83 131.367 125.641 122.001 119.951 118.864 118.643 119.231 121.865 131.761 146.644 152.329 159.482 170.209 185.7 223.797 218.033 208.015 197.235 185.563 170.617 150.921 133.489 108.831 81.6702 34.4779 20.7939 24.03 24.182 15.582 6.19935 0.286181 -1.39905 -1.52876 -0.679684 -1.65079 -1.24076 -1.70991 -1.25362 -1.55239 -1.08238 -1.30034 
-1.48444 -1.20563 -0.868247 -0.578019 -0.38418 -0.214241 0.189276 0.549742 1.88894 2.23458 19.7539 72.5097 101.456 126.038 145.247 160.247 174.642 183.835 190.601 181.26 167.828 133.678 120.94 113.141 107.412 104.695 102.056 101.641 100.963 100.084 101.148 102.9 113.137 125.538 138.13 146.838 163.419 200.318 192.625 183.304 172.367 159.583 143.013 121.723 95.395 72.2663 15.2401 4.16973 3.20039 2.94924 2.94813 2.7525 5.05272 12.8209 -1.62263 -1.15436 -0.891428 -1.05932 -1.87143 -1.32148 -1.42775 -1.45644 -1.35302 -1.30564 
-1.23241 -1.32257 -0.77751 -1.26141 -0.609589 -0.777524 -0.317219 0.769711 0.872826 1.60966 19.3208 71.1432 100.265 125.659 142.646 158.617 169.705 181.754 167.148 164.266 157.918 126.233 115 107.396 102.387 99.6848 96.3762 96.3091 95.6416 94.806 96.1559 98.1188 104.589 110.665 124.541 144.691 161.585 198.712 188.52 181.182 170.99 155.462 139.954 118.43 92.4182 67.7602 8.73527 3.10944 2.20964 1.70462 1.39631 1.68518 3.07819 3.4956 -0.841981 -1.17313 -1.41476 -1.48227 -1.20694 -1.35446 -1.34105 -1.02471 -1.5849 -1.34943 
-1.16373 -1.09091 -0.922532 -0.489884 -1.12747 -0.760728 -0.528665 0.434721 0.583377 0.890817 14.8511 69.0268 99.4009 123.173 141.251 156.765 167.804 165.505 150.955 153.147 152.518 123.667 112.101 105.346 100.066 97.4111 94.998 93.0624 92.6443 92.2387 93.8286 95.7052 100.503 106.052 114.412 128.693 160.205 198.187 188.648 179.559 168.507 155.381 138.576 115.881 90.1051 62.4537 6.55976 2.8713 1.01217 1.18802 0.842137 1.14616 4.61629 1.50616 -1.09525 -1.08174 -1.19771 -1.2533 -1.43295 -1.28646 -1.0976 -1.48682 -1.14145 -1.19504 
-0.648868 -0.731489 -0.861906 -0.753162 -0.294092 -0.412753 -0.305444 -0.184308 0.960697 1.21779 13.7704 66.4394 96.3617 121.148 140.675 155.62 169.507 146.335 141.291 144.808 148.555 120.765 110.977 104.292 98.119 95.4176 93.0376 91.427 90.3275 90.8015 91.715 93.6098 98.471 102.574 110.088 121.29 147.1 202.943 187.639 179.292 167.095 152.912 135.489 114.255 87.1879 59.4668 4.16134 2.29241 0.191449 1.33954 1.24353 0.982861 4.22228 1.69518 -1.07093 -1.27864 -1.37857 -1.73966 -1.26008 -1.4165 -1.58778 -1.67112 -1.5378 -1.37244 
-0.840555 -0.688037 -0.669113 -0.504608 -0.361749 -1.11212 -1.00429 -0.787454 0.304057 0.723143 12.227 66.6086 94.8473 120.175 139.298 155.734 164.923 139.925 134.026 138.4 148.521 119.842 109.357 102.29 98.1536 94.0521 92.3438 90.2828 89.0072 89.4244 90.5131 92.864 96.0559 101.576 107.83 117.711 137.837 192.634 185.714 176.534 164.686 150.884 135.428 112.872 86.0784 56.6413 3.07524 0.689925 0.165011 0.539645 0.756515 1.04833 5.98457 1.21474 -0.506653 -1.13259 -1.67528 -1.06765 -1.41693 -1.58416 -1.32501 -1.36813 -1.10206 -1.39373 
-0.484223 -0.978255 -0.456164 -0.729757 -0.774925 -0.565753 -0.678692 -0.263353 0.30732 0.430319 11.5039 66.4774 95.3604 120.132 138.906 153.387 162.445 135.26 130.799 135.314 147.152 119.609 108.937 102.135 96.5999 93.9234 91.1379 90.0263 89.3705 89.5229 90.0165 91.6095 96.7743 99.3011 106.126 117.037 135.922 189.001 186.582 177.437 163.958 150.06 134.24 111.173 84.7557 53.8109 1.89434 0.757091 0.164513 0.582438 0.387151 0.801141 6.86627 1.01367 0.906858 -0.206507 -1.21825 -1.37974 -1.23423 -1.70476 -1.25099 -1.86556 -1.53041 -1.59642 
-0.130835 0.039437 0.0996783 0.888511 -0.336659 -0.0567404 -0.472471 -0.69372 0.122671 1.08453 11.8876 66.385 95.7093 118.896 137.676 154.207 161.894 134.092 126.906 131.628 146.621 119.061 108.882 102.018 97.1512 93.2718 92.085 89.9327 89.8406 89.4467 90.2416 91.5843 96.5635 100.312 106.363 116.05 138.075 185.092 184.842 175.189 163.794 149.808 133.496 110.038 84.8333 53.431 -0.789027 0.632116 0.225953 0.61493 1.25153 4.79346 3.02785 0.696095 1.38828 0.10636 -1.51979 -1.51444 -1.52243 -1.25732 -1.53828 -1.66968 -1.28231 -1.50086 
0.243468 0.641557 0.314483 -0.223777 -0.276195 -0.0768177 0.347618 0.143991 0.481256 1.07166 10.382 62.0391 93.0175 117.306 137.395 153.364 164.151 135.983 127.059 126.341 147.929 120.297 110.453 103.422 98.1299 94.5429 91.7882 90.9387 90.48 90.2225 90.4627 91.3221 96.2877 99.7588 105.799 115.951 134.117 186.195 184.67 175.643 164.177 151.301 133.19 111.382 84.7223 57.172 1.05745 0.750006 -0.0846549 0.388522 1.42047 5.45263 1.71958 0.5225 0.305897 0.835869 0.356149 -1.05276 -1.01408 -1.65201 -1.24539 -1.79519 -1.22322 -0.766871 
0.304187 0.380439 0.554651 0.175534 0.253949 0.273636 0.190633 -0.0860963 1.07081 1.03099 9.49238 60.2496 92.5106 116.656 136.927 152.752 165.984 140.893 127.837 124.737 150.713 121.926 110.404 103.471 98.4548 95.0663 93.5179 91.8254 90.0612 91.105 91.6403 91.6046 95.795 100.891 107.067 115.065 131.264 188.9 185.334 176.592 164.094 149.799 133.34 111.01 85.3864 56.2768 0.410006 1.05981 0.295751 0.582463 1.32783 5.71334 0.855351 0.867358 0.613936 0.795984 1.3245 -1.04517 -1.75912 -1.77458 -1.49843 -1.16345 -1.40481 -1.95966 
-0.291973 -0.0598289 -0.106477 -0.452108 -0.0986615 -0.381224 0.0621573 -0.240514 0.860532 1.37815 9.29787 60.145 91.9509 116.817 136.637 152.856 162.594 151.397 128.759 125.174 152.719 123.585 111.423 104.94 99.5249 96.0218 93.2261 92.7702 91.6522 90.7435 91.4003 92.0637 97.7899 101.466 108.153 117.047 134.135 193.345 184.706 174.645 163.252 149.767 132.521 110.236 84.5856 55.7698 -0.615084 0.986623 0.268643 0.473142 0.893759 4.87236 1.12125 0.688342 -0.0114607 0.307592 0.348549 0.767496 -0.928396 -1.5805 -1.25398 -0.876554 -1.45997 -1.31635 
-0.0277773 0.624315 0.124653 0.136072 -0.300086 -0.873104 -0.113399 -0.208447 0.344882 1.64858 9.36037 61.9057 92.1908 116.735 137.143 151.451 163.078 157.69 131.194 127.932 154.281 123.741 112.655 105.266 100.592 96.4623 95.0074 92.6843 92.6755 91.917 91.0808 93.554 97.773 102.538 109.76 120.027 138.307 199.198 183.931 174.268 162.926 149.629 131.796 109.272 80.8188 56.8771 -1.55006 1.06122 0.574191 0.523761 1.66034 3.68306 1.42856 0.496274 0.240006 0.691279 0.124453 0.380959 0.321933 -0.854362 -1.14196 -1.41781 -1.57184 -1.22499 
-0.151462 -0.307511 0.0611545 0.135846 -0.22194 -0.937966 -0.340945 -0.198435 0.556426 1.29092 8.85693 61.9752 92.5802 117.002 136.969 152.775 163.848 165.894 136.994 133.414 154.945 124.792 113.872 107.125 101.895 97.7601 95.6044 93.2378 92.6238 92.6748 92.9152 93.7407 99.0978 104.435 110.146 121.833 148.709 196.053 185.154 174.863 163.255 149.678 131.746 108.518 80.8558 54.0847 -1.79135 0.757476 0.195567 0.871921 2.0577 2.23156 0.11531 0.0823738 -0.168211 0.35991 -0.317228 1.15591 0.397057 -0.563367 -1.88664 -1.52916 -1.39204 -1.10948 
-0.0201059 -0.151582 -0.398736 -0.255493 -0.372783 -0.180904 -0.729078 0.079149 0.450685 1.23784 10.1151 62.1775 92.3445 116.371 135.718 153.562 164.002 174.957 142.412 139.98 157.525 126.615 115.46 107.576 102.457 99.146 96.7063 94.9081 93.7658 93.8414 94.2724 96.5493 101.514 106.827 114.181 128.801 157.069 196.981 185.104 175.076 163.683 149.035 131.568 108.455 83.0442 48.4673 -0.912219 0.269141 -0.365063 0.212696 2.25402 1.47553 1.08475 0.390767 -0.317494 -0.349957 0.756013 0.0335386 0.31035 0.713729 -0.703451 -1.54499 -1.43351 -1.41864 
-0.875303 -0.207123 -0.224288 -0.750583 -0.420676 -0.439245 -0.542924 -0.519568 -0.0253054 0.70094 11.3213 61.4706 92.4286 117.862 136.901 153.876 164.16 175.034 160.343 149.22 160.575 128.612 117.34 108.796 104.32 101.139 98.6838 96.1148 95.651 95.9502 95.6035 98.8742 104.317 110.742 120.828 139.074 159.207 195.588 183.174 174.697 163.381 148.361 130.823 107.057 85.6987 42.6608 -1.14371 0.492478 0.456315 0.17298 2.16054 0.725803 0.11846 0.613872 0.447477 -0.0180444 -0.11295 0.159697 0.332884 0.668414 -0.168355 -1.40198 -1.08962 -1.19523 
-0.656437 -0.323582 0.0866569 -0.781124 -0.460165 -0.585544 -0.370364 -0.870235 -0.379555 0.304729 10.8413 62.8711 93.5382 118.247 137.77 152.865 164.967 175.624 178.83 160.851 166.27 133.528 120.593 113.069 108.482 103.499 101.117 98.5672 97.9701 97.5748 100.209 102.339 111.37 118.965 130.264 140.911 160.49 194.871 183.86 175.164 161.527 148.688 129.552 106.813 86.003 41.5191 -0.288251 0.945031 0.0191639 0.0696023 1.89928 0.992229 -0.382738 -0.289771 -0.46572 0.206184 0.129823 -0.0395407 -0.45825 -0.319439 0.0638409 -1.30974 -1.28984 -1.64738 
-0.958611 -0.270619 -1.47176 0.137259 -0.227233 -0.707414 -0.796574 -0.767213 0.017852 0.445074 12.3942 64.4355 93.5167 118.867 137.488 152.857 165.12 175.152 185.336 185.965 176.981 140.453 125.825 118.277 112.751 107.96 107.279 103.952 103.959 104.342 108.464 111.452 120.604 123.712 131.036 141.138 162.218 193.794 183.215 172.805 161.428 147.07 130.17 106.405 83.4634 40.2328 0.5973 0.885418 0.181668 1.14322 2.4773 1.17447 0.289897 -0.262803 -0.299264 0.10344 -0.397584 -0.336659 0.0488627 -0.209117 0.140473 -0.482351 -1.10048 -1.14784 
2.93414 3.60479 3.07421 3.31537 3.24481 2.21573 2.87825 2.88964 3.34585 4.69036 16.3277 69.2172 98.4462 123.251 142.855 159.925 170.652 180.809 189.986 197.318 193.885 160.024 143.873 136.245 130.155 125.463 120.862 118.706 117.334 117.445 117.047 119.28 118.179 123.497 130.496 140.79 164.458 189.931 181.772 171.165 160.952 145.933 126.622 104.041 79.5087 37.8995 1.03756 0.769255 0.378805 1.31798 1.9145 -0.0105187 0.318928 0.145141 0.376422 0.719734 -0.486982 0.0471268 0.189321 -0.475881 0.341142 -0.015203 -0.902855 -0.925294 
3.86703 3.18023 3.88421 3.55958 3.36109 2.99554 3.29297 3.39809 3.9732 4.35487 18.3583 69.5884 100.324 124.593 143.391 160.307 172.339 183.481 191.262 199.006 195.273 160.27 146.473 136.721 129.647 125.177 122.555 120.203 116.761 119.125 118.131 119.839 117.865 123.165 131.41 141.083 167.384 190.075 182.85 172.549 159.874 145.642 127.387 104.342 79.8555 36.2263 1.38004 0.919575 0.590176 1.59827 0.630263 0.0345738 -0.0968004 0.238505 1.16772 -0.124685 0.481672 -0.449076 0.127756 0.0623532 0.44978 -0.747795 -0.465549 -1.36515 
3.56207 4.7081 3.27642 3.57437 3.01471 3.53442 3.58353 3.7241 4.25828 5.00869 18.4765 70.6831 101.764 124.98 143.697 162.158 172.478 184.154 192.016 199.219 196.332 161.03 145.97 136.649 129.866 125.811 121.837 119.385 118.109 117.994 118.682 119.763 118.285 124.175 130.384 141.495 168.917 189.523 182.596 171.471 159.87 146.841 127.577 103.335 80.148 34.601 1.45999 1.00232 -0.220451 1.0654 0.0238521 0.267005 -0.272393 0.359711 1.04186 0.118461 -0.137031 0.119934 0.0426694 0.0877849 -0.256849 -0.0863039 -0.635529 -0.808185 
3.94991 3.34808 4.48997 3.89227 3.29459 3.72166 3.41585 2.53492 3.65195 3.8364 19.6476 72.5235 101.341 125.78 144.517 161.537 172.325 183.403 192.572 200.088 197.733 160.847 145.734 137.332 130.91 125.216 122.301 118.937 118.429 118.305 118.295 119.681 119.201 123.99 132.339 142.294 168.974 188.796 180.381 172.311 159.893 145.107 126.289 103.089 80.3367 33.3804 1.55452 0.164051 0.429714 1.48052 0.0360519 0.0900963 -0.128666 -0.216862 -0.0717642 0.430891 -0.485454 -0.502853 -0.85195 -0.490611 -0.199729 -0.311046 -1.56173 -0.440374 
4.1568 3.65844 3.3625 2.76067 2.69477 3.65365 3.19491 3.6227 4.08683 4.43531 20.4609 72.9897 102.511 125.981 144.707 161.326 172.569 184.793 191.857 199.914 196.774 160.782 147.063 136.938 130.557 125.428 122.512 119.985 119.289 119.777 119.236 120.319 118.692 123.809 131.853 143.002 168.757 188.848 182.178 172.252 160.229 144.533 126.394 103.24 79.1802 31.4815 1.47572 1.25554 0.74072 0.512614 0.429861 0.261856 -0.465227 0.186253 0.0748536 1.10663 0.200617 -0.0832444 0.175166 -0.144999 -0.317917 -0.230357 -1.22532 -0.898325 
3.712 4.12657 2.73567 3.27642 3.15607 3.88498 -2.64747 4.29142 3.82095 4.63688 20.8143 74.8932 102.736 127.916 145.716 161.187 172.432 183.846 193.1 201.282 195.913 162.129 147.233 136.35 131.45 126.326 123.467 120.532 118.845 117.832 119.152 119.526 118.768 123.462 131.344 143.55 170.121 189.792 183.003 181.13 159.822 145.004 126.588 102.295 79.5254 31.0276 1.27366 1.2292 0.0237643 0.146301 0.0948024 0.330289 0.41966 0.0213987 -0.00320021 1.09252 0.0983644 -0.0423759 -0.592888 -0.302101 -0.210583 -0.882404 -1.586 -1.03828 
4.09203 2.46634 3.67079 4.01273 3.206 3.14516 -4.73195 4.52935 4.08752 4.80563 22.6261 75.8359 104.626 127.923 145.947 162.13 174.1 184.751 191.809 199.216 196.881 162.193 146.416 137.235 131.057 126.222 123.26 120.417 119.015 118.497 118.53 120.776 119.577 124.11 130.899 144.067 170.522 188.977 181.526 172.248 159.37 144.921 125.843 101.454 77.9826 31.335 0.738796 0.624858 0.461436 0.194414 -0.173736 0.339622 -0.168113 0.0225845 -0.364799 -0.520191 4.03114 0.147359 -0.245536 0.0493071 -0.581779 -1.29621 -0.675555 -0.723136 
2.90199 3.60958 4.16645 4.40851 3.1607 3.61397 2.86822 3.08924 4.43248 4.52428 24.1531 76.7032 105.858 128.169 147.135 162.022 174.333 184.672 197.865 203.111 196.661 160.386 147.835 137.149 131.422 125.994 124.497 121.021 119.332 119.545 119.749 120.361 119.795 125.081 130.973 145.37 172.637 188.959 182.882 173.209 158.173 145.652 126.656 102.088 77.1506 32.3003 1.48476 0.885609 -0.408446 -0.262811 -0.357615 0.692616 0.459501 0.736243 -0.0205326 0.194413 2.26359 -0.134042 -0.06303 -0.362251 -0.458049 -0.78652 -0.808777 -0.420294 
4.20191 3.68215 3.91148 3.58833 2.97943 3.30116 3.74107 3.96896 5.04521 6.2611 22.6449 75.8 105.015 128.997 147.167 161.734 173.123 185.269 195.759 202.708 195.488 160.958 147.16 137.973 132.04 126.939 123.729 122.51 119.912 118.576 119.207 120.752 119.942 124.196 132.236 144.274 170.137 190.38 183.364 173.228 161.155 146.144 127.206 104.181 77.5416 37.7252 1.19609 1.60623 0.72976 0.416634 0.325142 0.37036 0.629903 0.516713 0.0669613 -0.0869718 4.56423 -0.410602 0.24295 0.106413 -0.885256 -0.908949 -1.44844 -0.792736 
5.12058 4.30337 3.16368 3.87256 4.17566 4.13864 4.73255 5.09954 4.68851 5.89568 19.0292 75.0789 102.089 128.588 147.193 162.883 173.927 184.625 194.307 201.432 197.412 163.113 147.82 138.097 131.653 128.183 124.089 122.214 119.651 120.23 119.414 121.59 120.159 125.069 131.223 144.31 167.924 192.197 184.138 173.948 162.709 147.939 129.485 106.664 79.2651 41.3417 1.53351 1.19489 1.31481 0.422262 0.933747 0.631903 0.199225 1.06124 0.16875 0.236857 8.31174 -1.80439 -0.0440232 -0.135295 -1.05288 -1.16282 -0.755985 -0.531548 
3.57654 3.85129 3.93494 4.43008 3.84753 4.39488 3.71197 5.08072 5.51383 6.24512 20.5173 75.0347 105.023 128.232 149.008 162.75 175.023 186.27 194.473 202.407 195.776 161.696 147.015 139.107 132.128 126.947 124.655 122.699 121.309 119.717 120.179 121.272 120.726 125.488 132.246 143.431 167.91 192.262 184.202 175.068 161.264 147.171 130.49 107.113 79.2813 41.8693 2.01539 2.39864 1.49348 1.09346 0.875192 0.00838795 0.192347 0.321886 1.38802 0.502065 2.95618 4.85606 -0.0349287 -1.20665 -1.05456 -1.39972 -1.13605 -0.90981 
4.23836 3.74627 4.22189 3.90843 4.66512 4.71933 5.12115 5.80878 6.33745 7.95894 23.367 77.5077 106.506 130.761 149.714 163.636 175.899 187.042 195.456 203.392 194.232 162.243 147.782 138.485 132.276 127.13 125.188 122.135 120.991 119.71 119.556 121.919 121.414 125.664 132.773 144.635 168.234 192.866 182.993 174.894 162.966 147.439 130.255 107.695 80.995 42.8941 2.50318 2.99641 1.48325 2.19723 1.04133 1.13217 1.14396 0.539414 0.959805 0.824539 0.470459 22.2219 -1.70753 -2.03325 -0.717217 -0.747505 -1.20383 -1.28961 
6.08996 5.13587 4.46671 5.59889 4.47018 5.64253 6.23401 5.43405 7.28477 10.2586 57.9785 93.5261 118.623 138.714 157.526 172.425 182.723 192.592 201.298 204.887 196.657 162.773 150.107 141.156 133.857 128.623 125.394 123.227 122.111 121.405 122.104 122.7 121.638 126.38 133.409 144.804 168.429 192.577 183.714 175.4 162.311 147.47 131.293 106.697 81.3475 43.9003 3.41561 3.5235 3.22021 1.90992 1.6613 1.45566 0.878492 1.78799 2.96001 5.66345 6.37154 5.93441 -1.77928 -1.13324 -1.10917 -1.181 -0.866396 -0.359458 
10.3656 12.9423 13.2413 15.156 17.0008 17.9235 19.796 19.3872 22.1207 65.4611 96.6968 122.386 149.348 172.463 187.779 202.493 211.519 222.52 229.887 236.089 225.602 189.069 175.297 166.845 161.14 156.906 152.606 151.272 149.412 147.78 146.83 150.221 147.509 150.65 158.9 170.233 195.563 217.245 209.274 197.973 186.386 175.62 158.118 135.235 103.005 61.8423 8.30233 1.62333 3.61828 3.42013 3.63289 4.30991 6.39571 7.87781 8.32028 7.9138 1.34892 -0.926758 -0.545322 -1.02108 -1.11258 -0.481565 -1.63403 -1.05624 
5.26592 10.9176 14.9682 18.0138 21.3129 24.1396 27.618 29.2745 71.8752 111.458 138.832 161.063 180.424 196.691 211.992 223.132 231.793 242.219 248.192 255.582 240.835 206.744 189.719 181.56 174.401 169.093 164.861 163.988 161.632 162.382 162.95 165.474 165.888 170.716 177.849 189.64 217.528 238.493 234.994 225.033 217.544 204.625 193.745 178.514 162.595 145.758 129.553 87.8482 52.3337 25.1276 14.8509 13.8814 12.2845 9.69324 6.81963 -0.413716 -0.49324 -0.748097 -0.39482 -1.30199 -0.538715 -1.1015 -1.57385 -1.24043 
2.59553 1.38697 5.57773 8.06299 14.8572 20.8025 26.9807 57.2909 92.5956 123.197 149.384 170.422 189.688 207.236 218.913 233.136 240.94 248.912 254.783 262.455 248.54 211.776 195.397 184.217 178.539 173.453 169.422 169.585 165.34 166.719 167.894 168.559 169.17 174.304 182.511 196.426 224.237 245.587 241.828 230.995 223.523 214.951 203.494 189.211 170.696 148.865 135.093 125.772 105.792 73.4268 21.8903 13.4286 9.30059 3.24366 -0.875052 -0.573252 -0.493667 -1.09166 -0.413319 -0.969954 -1.2453 -0.909535 -1.07504 -1.51246 
2.90788 2.27389 1.7847 5.20798 3.12023 10.735 27.407 64.4698 100.862 128.359 152.738 174.549 192.085 207.228 221.067 231 239.454 247.336 253.937 258.736 247.337 207.426 192.428 181.923 175.548 170.537 166.441 166.545 164.168 165.228 166.227 168.561 168.096 175.002 183.778 195.643 225.674 248.452 242.696 235.411 226.348 217.548 205.004 193.234 178.377 159.056 137.48 131.975 120.186 88.0821 37.546 6.51553 0.601573 -0.951994 -0.354963 -1.04821 -0.875369 -0.79176 -0.704316 -0.970428 -0.853826 -1.07576 -1.37721 -1.10099 
2.36895 1.74065 1.7644 2.25173 2.08475 2.39167 17.9851 52.0207 91.3485 120.171 145.932 166.771 184.449 199.819 213.588 223.597 233.75 240.741 245.989 252.818 240.474 201.27 188.069 177.67 169.806 165.66 162.257 160.052 159.655 161.477 161.967 163.306 164.037 169.79 180.607 192.433 223.978 243.262 238.346 231.635 222.302 214.393 202.672 189.29 175.818 161.683 138 132.113 121.98 91.7752 35.6084 -0.418509 -0.355558 -0.538601 -0.297681 -1.04889 -0.483355 -0.822967 -1.00787 -0.875086 -0.775896 -1.09827 -1.1196 -0.766771 
2.21799 2.20449 1.764 1.69121 3.00172 3.08058 2.74969 30.3903 64.4687 97.0931 125.823 149.251 169.538 185.856 198.962 210.969 220.34 229.619 237.502 246.07 228.991 193.027 179.169 167.106 161.888 155.035 155.328 151.923 152.17 153.029 154.33 156.915 156.553 162.157 170.557 184.46 215.703 232.682 227.359 222.826 212.523 203.81 193.869 181.417 167.649 153.367 137.768 127.431 109.198 83.5418 33.2913 -0.177782 -0.709576 -0.540288 -0.684013 -1.43804 -1.14266 -0.682029 -1.21223 -1.0268 -1.08771 -0.723166 -0.952871 -1.04113 
1.62497 2.22762 1.18209 2.34592 2.62101 3.05682 2.95099 3.71986 9.32607 40.8896 94.6397 122.627 144.888 164.939 181.29 194.785 201.596 214.4 222.357 228.636 215.133 182.024 169.122 157.488 150.176 146.84 144.111 142.792 141.566 143.095 144.246 147.06 146.815 153.396 162.11 176.181 207.826 222.969 217.561 212.107 200.242 191.838 180.416 167.427 153.904 139.509 125.829 110.294 91.8721 59.185 13.2152 0.0762458 -0.348512 -0.780044 -0.45199 -1.33296 -1.3315 -0.838198 -0.657579 -1.2342 -1.28923 -1.18801 -0.675313 -1.30914 
1.71686 2.12698 1.93127 1.41012 1.92052 2.92242 3.53598 2.86583 4.97821 8.4314 66.1915 102.574 126.452 149.899 167.842 184.9 183.015 203.511 209.654 217.236 206.281 173.025 159.079 150.072 143.549 140.454 136.778 135.775 133.211 134.864 136.551 138.544 138.213 143.18 152.777 165.3 196.775 211.726 204.781 196.301 185.514 176.194 163.928 147.982 130.965 118.449 100.91 81.8361 44.4524 14.4638 -0.396796 0.0835656 0.0449266 -0.627599 -1.19521 -0.603839 -1.12206 -0.987913 -0.840707 -0.451735 -0.814988 -0.973199 -0.712712 -0.9658 
0.903588 1.93335 3.03258 1.76869 2.34835 3.00827 2.6405 3.40014 4.6439 7.23767 66.0357 104.464 127.394 149.489 167.382 186.878 184.679 199.562 209.662 216.947 205.574 171.199 158.641 148.687 143.671 138.999 136.999 134.291 134.017 133.746 135.725 137.801 137.444 143.698 151.303 164.785 194.973 210.009 203.498 193.728 181.178 173.16 157.62 140.1 117.512 88.3006 48.8399 2.91437 1.24373 0.906223 0.360618 -0.0279332 -0.587156 -0.96272 -1.15436 -0.472483 -1.05651 -0.702412 -0.485828 -1.33459 -1.05512 -0.812101 -1.10043 -0.903925 
2.15701 1.54196 2.09595 1.83422 1.71019 2.5681 2.517 3.17094 4.34539 9.16833 66.3456 99.6732 126.317 149.411 166.941 185.004 185.47 198.16 207.274 213.894 203.121 171.903 156.9 148.087 142.867 137.522 134.267 134.281 132.872 134.807 134.569 135.815 136.291 142.208 149.837 162.575 192.892 208.027 201.111 192.001 178.369 170.329 157.802 138.272 115.609 87.5364 45.7682 1.44548 1.72343 1.18204 0.537316 -0.162246 -1.164 -0.571139 -0.699914 -1.41141 -1.15772 -0.817549 -0.632075 -0.851093 -1.06798 -1.10428 -1.30366 -0.300055 
3.23175 2.4212 1.02686 1.54797 1.64748 1.96044 2.42164 2.99934 3.77298 8.90561 67.4155 101.144 128.195 148.63 168.859 184.245 182.451 197.776 207.486 215.686 200.945 170.111 157.031 147.694 141.575 137.068 133.055 131.791 132.665 133.518 134.682 136.408 136.597 142.325 150.762 162.425 193.138 206.518 201.473 191.137 179.456 172.363 156.938 138.333 115.609 87.2128 43.1571 0.900693 1.43967 -0.0376678 0.0752271 -0.233058 -0.876112 -0.922035 -0.707097 -0.911088 -0.779232 -1.21868 -1.37893 -1.21397 -1.31601 -1.02923 -1.20669 -0.705474 
2.67113 2.25743 2.02895 1.80608 1.76132 2.1938 1.69566 3.58092 3.42005 9.79702 67.6271 101.255 127.873 152.416 167.867 180.596 189.283 196.505 205.423 215.679 197.933 168.398 155.857 145.124 140.926 136.639 133.246 131.826 132.141 132.11 133.812 134.703 136.854 140.543 150.812 162.458 192.475 206.639 199.506 190.595 178.301 170.981 155.697 137.561 114.036 86.6515 43.9534 0.832118 0.842289 0.207575 -0.493825 -0.580552 -0.949465 -0.8753 -0.833523 -0.701995 -1.23587 -0.911132 -1.03639 -1.3206 -0.897328 -0.966465 -1.33088 -0.993265 
1.66567 1.75266 1.51583 2.63837 2.30139 1.83499 1.50124 2.2997 3.71032 10.4565 66.855 100.223 128.57 150.738 167.59 180.719 185.691 197.207 205.138 216.032 197.027 168.325 155.77 145.212 140.207 134.857 135.31 131.418 130.886 131.519 131.415 135.02 135.156 139.16 148.977 159.499 190.106 206.321 199.423 191.687 176.637 169.793 155.985 139.062 114.924 86.6357 44.9976 -0.854963 0.557631 -0.52298 -0.840166 -0.459256 -0.520577 -1.15237 -1.05708 -0.995835 -1.11086 -0.698 -1.39942 -1.15407 -1.1121 -1.79026 -1.61584 -0.759253 
1.8701 1.56916 1.55191 2.03991 1.24351 1.9201 2.08734 2.95978 3.21133 7.10188 63.6524 98.4289 126.311 148.915 166.728 179.868 182.548 196.286 203.644 212.151 200.419 169.251 156.167 147.229 139.579 136.123 132.973 131.866 130.963 131.37 133.22 134.124 135.345 138.771 148.035 159.635 185.124 206.283 200.227 189.334 176.786 170.251 157.077 139.32 116.178 89.6461 52.4329 -1.3812 0.142756 -1.18997 -0.173208 -1.08172 -0.480816 -0.94303 -0.846601 -1.01423 -1.12153 -0.757467 -1.08999 -1.11894 -1.47938 -1.00275 -0.810964 -0.934661 
2.30555 1.59064 1.18303 0.918085 2.06869 2.78087 2.07783 2.37459 4.32541 8.9182 65.576 99.0735 126.465 147.538 167.043 180.148 184.598 197.016 204.811 213.95 197.843 168.467 154.349 144.98 139.924 136.143 133.509 131.163 129.36 131.432 132.275 133.513 134.499 139.453 147.267 158.869 185.58 207.729 200.597 189.919 179.038 170.502 157.332 138.571 115.409 88.3562 48.503 -2.30036 -0.0222348 -1.20948 -1.20545 -0.955069 -0.739325 -1.4462 -0.800226 -1.36142 -1.33574 -1.25311 -1.15039 -0.716373 -1.45364 -0.930083 -0.866107 -1.12013 
2.21875 1.87383 1.92736 1.15795 1.67323 2.41142 2.13665 1.52049 3.56958 9.3663 66.9685 101.239 127.945 149.996 166.778 179.602 186.171 197.147 204.858 213.009 197.047 168.493 153.595 146.213 139.679 134.306 131.328 132.358 129.622 130.534 131.937 133.329 133.577 138.268 147.556 157.483 184.606 205.114 198.246 189.57 176.956 168.67 155.925 138.359 115.6 87.057 49.4365 -1.04217 0.333744 -1.21474 -0.846051 -1.08643 -1.05702 -0.571033 -0.65353 -0.876452 -0.744987 -0.660201 -0.143949 -1.18823 -1.12163 -0.744127 -0.889293 -0.987235 
1.78092 2.13228 1.25624 0.986969 1.51125 2.83981 2.81376 2.19586 3.61381 10.5344 67.9769 102.301 128.02 151.438 166.6 178.509 185.179 195.107 204.908 214.73 194.597 166.397 155.519 146.703 138.863 134.941 132.83 130.413 129.093 130.378 131.678 132.52 134.547 149.673 149.565 157.568 184.415 205.505 198.478 188.31 175.94 167.805 156.436 138.445 114.465 86.0359 46.921 -0.937962 0.0705601 -1.27339 -0.85274 -1.14184 -1.2277 -1.10152 -0.866406 -0.753368 -1.09382 -1.07619 -1.33568 -0.819616 -0.949199 -0.89497 -0.993884 -1.18032 
2.26402 1.85718 1.53388 1.48492 2.28696 1.82968 2.25313 3.4792 3.77518 12.5276 69.9027 103.077 130.14 151.848 168.396 178.992 185.635 196.026 206.749 215.807 192.711 164.883 153.721 145.422 139.876 135.705 132.128 131.515 129.784 130.255 131.239 134.879 135.75 137.39 147.674 159.682 185.366 206.154 198.711 188.625 176.575 170.015 156.876 138.955 116.235 86.7699 44.9353 -0.58182 0.420829 -0.741757 -0.855882 -0.718698 -0.750508 -0.92879 -0.61846 -0.906687 -1.83552 -0.782329 -0.686934 -1.09718 -0.819306 -1.14947 -1.23061 -0.680043 
1.31695 2.20623 1.81186 1.34634 2.9365 2.64374 2.86325 3.90355 4.0398 14.2378 71.2164 103.691 131.295 152.307 169.631 180.055 184.687 197.915 205.322 217.83 186.805 165.195 152.338 144.019 138.3 133.219 131.405 130.856 129.618 129.67 131.254 132.441 134.841 139.162 146.461 158.953 186.689 205.674 198.468 188.964 175.863 168.024 157.469 138.887 114.064 87.395 45.2042 0.449101 1.04208 0.240757 0.0967595 -0.629089 -0.429736 -0.356443 -1.41619 -1.38931 -0.682543 -1.22818 -1.04344 -1.35249 -0.537759 -0.304638 -0.633061 -1.06726 
