0.469038 0.438958 -0.125943 0.0833656 0.148373 0.198655 0.140712 0.643204 0.24111 0.275015 0.335952 0.688181 0.300369 0.27507 0.25534 1.20134 1.4504 37.0301 83.3699 112.467 136.06 154.5 173.064 171.889 187.269 197.118 203.34 190.74 161.377 150.914 142.024 134.054 130.289 127.879 127.1 126.525 127.36 128.735 131.025 134.862 141.775 147.85 159.914 188.775 208.727 200.393 190.39 180.522 169.32 164.384 148.089 127.381 100.907 69.3098 13.6445 0.46509 -0.72869 -1.11635 -0.939926 -0.984766 -0.690627 -0.884614 -0.762336 -1.27483 
-0.0625645 0.230348 -0.00390394 0.784135 0.0952333 -0.411093 0.188234 0.412171 0.212181 0.247907 -0.0272921 0.188796 0.248712 0.259666 0.486127 1.25608 2.19582 35.6582 83.079 111.846 135.745 154.89 172.835 173.49 187.725 197.043 204.014 191.605 162.899 150.846 141.393 133.571 130.397 126.889 126.457 126.857 127.565 128.415 130.274 134.5 141.483 148.915 162.189 188.174 208.62 200.805 189.483 179.421 169.598 164.872 147.314 126.883 101.642 68.9338 13.7827 0.547066 -0.531285 -0.80098 -0.889071 -0.833675 -0.774468 -0.986062 -0.758244 -1.04627 
0.523151 -0.198168 0.295825 0.185943 0.550816 -0.0602423 0.3037 0.0211523 0.205886 0.630346 0.110711 0.670961 0.496865 0.624481 0.299089 0.974632 2.28504 36.1451 81.9522 110.902 136.944 155.124 173.538 172.481 187.696 196.34 203.905 192.04 163.924 150.883 142.407 135.681 130.493 127.231 127.192 126.876 126.78 128.646 130.301 134.754 140.588 149.712 161.122 189.353 209.561 200.691 190.737 181.496 171.169 164.37 147.572 127.273 102.083 70.0523 13.1845 0.618801 -0.386989 -1.05115 -0.528651 -0.680424 -0.896923 -0.742243 -0.966869 -0.722736 
-0.0529872 -0.300249 0.250556 0.132596 0.435053 0.231361 0.294635 0.0595031 -0.173567 -0.102234 0.378405 0.19497 0.070781 0.556559 0.648577 1.08418 1.94386 33.7563 83.3989 112.056 135.055 155.534 173.758 170.045 189.426 198.189 204.148 194.189 162.818 151.233 143.063 134.4 130.755 128.543 127.541 127.951 130.722 133.117 133.53 135.643 141.479 150.199 161.715 191.18 211.055 200.625 191.782 183.045 172.026 164.605 148.526 128.002 101.487 69.418 14.1556 0.707646 -0.436772 -0.873357 -0.874208 -1.01797 -0.720571 -0.904209 -1.01239 -1.18155 
0.168175 0.839308 0.114499 0.679218 -0.450764 0.469466 -0.0745693 0.394615 0.369158 0.0957843 0.397718 0.284561 0.273932 0.0996271 0.744699 1.32395 2.13893 34.4583 81.6831 111.48 136.074 154.978 172.311 173.608 188.131 198.415 205.202 193.738 163.982 152.213 142.745 136.308 131.872 129.008 127.253 129.91 128.486 130.611 132.279 136.237 142.044 149.983 162.274 189.181 211.647 202.59 192.244 182.268 172.147 166.589 148.462 127.644 102.11 70.3102 13.6492 1.26359 -0.124586 -0.538897 -0.609094 -0.696331 -1.03886 -0.783248 -0.523214 -0.687882 
0.29374 -0.19558 0.463335 0.0534273 0.534789 0.290759 0.303335 0.0486898 0.393208 0.267105 0.638204 0.195337 -0.0178736 0.400338 0.515783 1.5227 2.48171 32.7925 82.3584 112.481 135.699 156.472 172.894 174.351 188.875 198.418 206.019 197.38 164.994 152.501 143.336 136.596 132.669 130.571 128.544 129.382 132.793 132.36 132.584 136.883 142.253 151.098 164.153 191.521 211.014 202.755 193.177 183.287 171.687 167.242 149.735 129.263 102.892 71.0454 15.1367 1.00209 -0.0780861 -0.28127 -0.332349 -0.933707 -1.07008 -1.01024 -0.738808 -1.37939 
0.158741 0.408365 -0.0368941 -0.172194 0.0293698 0.168448 0.402075 0.355676 0.192612 0.441361 0.416245 0.492123 -0.112895 0.52338 0.335137 1.71334 2.56439 27.3832 79.1325 109.394 135.047 154.213 170.52 176.817 188.588 198.522 206.318 202.499 168.185 156.297 146.246 138.351 133.405 131.033 129.944 129.484 129.685 131.105 133.847 137.605 142.315 151.257 162.418 180.226 218.905 206.69 196.268 188.336 176.707 168.669 152.369 132.518 107.892 76.8391 20.3679 1.77266 0.673382 -0.17764 -0.764338 -0.890381 -1.08988 -0.567669 -1.1121 -0.701165 
0.384629 0.251 0.0896288 0.405813 0.162029 0.565103 0.389985 0.713394 0.385455 0.50731 0.481907 0.138596 0.673912 0.622166 0.836127 1.79452 3.16758 25.8163 78.6322 108.903 133.65 153.192 169.554 178.927 189.88 199.69 206.366 204.804 170.598 158.19 147.64 139.962 134.08 131.084 130.921 129.6 130.026 132.209 134.011 138.779 142.772 151.791 161.951 179.958 220.034 206.445 196.278 187.716 175.792 168.506 152.937 131.702 107.823 78.0257 24.3132 1.97033 0.477831 -0.160428 -0.546614 -0.478279 -1.30374 -0.594408 -0.413011 -0.357525 
0.5845 0.270847 0.174953 0.155689 0.437192 0.278749 0.540714 0.219768 0.158808 0.205461 0.517547 0.346678 0.358218 0.515949 1.21689 2.24262 3.10489 24.3735 78.4784 109.761 134.271 154.288 169.524 178.458 190.145 202.127 209.909 209.029 174.235 159.119 150.541 144.378 136.216 135.079 132.783 132.653 131.798 133.841 136.047 139.803 145.366 153.862 164.262 182.315 221.517 208.351 197.89 189.117 178.092 171.017 154.903 134.103 110.175 78.0376 21.9647 2.14358 0.155933 -0.293211 -0.565957 -0.897281 -1.01806 -0.837048 -0.861391 -0.541792 
0.0231644 -0.113076 0.486188 0.0678479 0.836735 0.297283 0.554543 0.237286 0.489136 0.453999 0.83195 0.175376 0.330728 0.409245 0.790656 1.95029 2.79552 24.1196 81.8081 116.021 142.121 164.217 182.907 190.933 200.789 210.211 218.344 217.313 181.773 172.152 164.426 155.256 147.372 144.747 142.967 140.77 139.886 139.47 142.211 146.955 151.663 161.383 173.559 189.413 233.921 219.114 211.139 201.427 188.339 178.799 161.033 141.943 118.264 87.8763 38.732 2.00282 0.402287 -0.161512 -0.393449 -0.614686 -0.938168 -0.973652 -0.921231 -1.01306 
0.335622 0.325987 0.203715 0.112868 0.201418 -0.029007 0.234419 0.331074 0.0631552 0.388575 0.197825 0.0891447 0.420901 0.773347 1.40261 1.79301 12.5225 73.1767 105.24 133.055 156.909 175.852 189.758 202.408 217.439 229.724 237.32 240.757 207.731 195.357 187.459 178.907 166.526 164.537 163.239 162.655 163.333 165.561 166.063 170.156 174.857 183.98 194.12 208.593 252.669 237.471 229.18 217.205 204.083 192.935 178.277 161.955 141.34 116.973 85.9617 34.0565 -0.00905905 -0.100725 -0.4124 -0.921906 -0.583819 -0.670605 -1.0413 -0.891985 
0.620455 0.387111 0.300314 0.443727 -0.0490388 0.304845 0.558149 0.0572894 -0.0860422 0.617432 0.457735 0.583659 0.5883 0.672748 1.34186 1.72079 30.4493 88.211 123.215 152.684 175.825 195.96 211.135 225.227 231.688 241.107 246.926 243.777 214.63 205.109 199.458 187.389 171.908 169.828 167.825 169.565 171.992 175.407 180.012 185.435 192.506 200.381 213.038 232.904 278.939 269.15 260.025 246.975 241.912 227.687 210.049 190.992 166.866 142.324 114.044 77.6985 26.407 0.0505598 -0.81333 -1.12369 -1.2982 -1.32903 -0.892873 -1.00251 
-0.137863 0.466273 0.0140922 0.618269 0.121949 0.55378 0.307299 0.372906 0.256225 0.114299 0.328593 0.341545 0.300643 0.78157 1.15489 5.7946 72.3248 112.931 141.205 164.379 187.055 203.492 216.075 228.622 239.464 246.06 243.051 231.707 226.036 213.736 215.632 202.17 182.159 179.036 177.911 177.123 180.043 182.712 189.635 193.735 200.7 202.382 215.129 234.148 281.605 273.537 265.842 256.36 248.199 235.661 219.325 202.882 183.056 160.514 136.861 109.962 78.8976 24.0075 -0.834859 -0.70226 -0.626916 -0.873238 -0.858373 -0.439689 
0.212615 0.175927 0.314117 0.653525 0.529134 0.295242 0.14573 0.431283 0.126722 0.515809 0.0291533 0.368488 0.442643 0.907296 -1.51385 49.0395 94.0882 123.468 147.249 170.896 191.713 208.256 222.165 233.835 243.176 228.449 225.061 235.116 226.3 221.435 229.06 217.238 183.694 180.351 179.327 178.123 184.476 191.993 195.206 202.71 201.624 201.886 214.029 233.23 282.473 272.384 267.185 257.827 247.418 235.959 221.644 203.574 184.929 162.887 141.37 115.233 83.6904 32.3667 -1.56466 -1.07342 -1.27469 -0.713088 -0.926934 -1.00539 
0.0177467 -0.240936 0.0443188 0.475563 0.0564282 0.727038 0.0442246 0.349967 0.048564 0.808625 0.347572 0.0238597 0.495299 0.737727 5.84497 63.0447 101.161 130.112 150.412 167.525 185.139 200.495 212.081 218.272 213.625 188.032 185.695 207.861 201.36 182.625 181.22 193.665 167.817 160.65 156.306 155.254 152.395 165.713 171.101 179.665 179.591 179.022 193.218 210.202 255.141 250.52 245.334 238.178 227.869 216.045 201.162 184.066 166.931 142.955 112.561 64.4976 29.7969 8.19957 -0.708669 -0.98406 -1.25821 -0.368647 -1.15178 -1.19926 
0.170051 0.13839 -0.0718756 0.623064 0.372296 0.266414 0.452542 0.910859 0.483022 -0.214293 0.449302 0.470459 0.690057 0.809835 1.82307 25.6208 36.3584 74.1891 102.306 130.092 152.547 170.65 185.03 192.804 174.672 149.406 143.091 174.844 165.413 167.074 170.027 154.905 146.018 140.993 139.638 137.778 136.674 143.48 171.653 176.367 162.89 159.448 170.62 187.98 228.942 225.455 217.693 204.986 194.588 179.108 160.457 137.206 107.512 75.2402 29.1287 -0.67749 0.973812 -0.356171 -0.403675 -0.879162 -0.869624 -0.697234 -0.766461 -0.800666 
0.312906 0.319858 0.377842 0.475773 0.125612 0.332084 0.619585 0.244252 0.623605 0.0778723 -0.312496 0.195473 0.608864 0.832035 1.2059 1.36667 2.58196 2.97116 54.4456 91.7684 118.595 139.713 156.563 172.521 135.501 118.038 109.698 126.629 132.783 137.944 138.724 135.801 126.056 120.716 120.319 119.523 120.016 120.063 145.696 131.395 136.17 142.995 151.592 166.044 202.983 199.894 192.186 182.096 170.301 155.91 139.028 115.906 87.7545 43.9699 0.281917 1.99474 0.711575 0.134748 -0.890124 -0.748648 -1.23593 -0.846035 -1.01257 -0.574191 
0.118511 0.424052 0.336374 0.0119434 0.472048 -0.136376 0.267691 0.587466 0.103744 0.343248 0.264949 0.409479 0.51793 1.0857 1.27786 1.75918 2.58992 2.84735 32.9835 82.2059 111.09 134.198 151.317 164.186 125.132 110.038 101.938 117.814 113.879 117.756 128.313 124.28 125.802 119.875 118.859 117.834 118.308 118.234 134.302 126.962 131.397 137.558 147.784 161.624 198.868 198.848 190.791 179.415 168.866 153.319 136.203 113.787 85.5427 40.1887 1.96896 1.46366 0.176826 -0.00269615 -0.637215 -0.84624 -0.470226 -0.553548 -1.01386 -0.654957 
-0.00700233 0.38172 -0.00176784 0.348344 0.302309 0.234414 0.454895 0.498463 0.470379 0.325896 0.57508 0.517941 0.685669 0.619648 1.27143 1.12511 2.14951 3.35537 26.9545 77.0955 107.792 132.567 149.3 153.744 116.763 103.447 96.4642 110.68 108.568 103.5 113.613 115.631 115.736 120.419 117.861 117.529 117.957 117.702 132.276 126.061 130.455 136.303 144.835 158.678 196.573 197.363 190.551 178.613 166.825 152.782 133.48 110.976 83.1972 37.1262 1.03115 0.834552 0.023397 -0.0749309 -0.636309 -0.647853 -0.424513 -1.15456 -0.895603 -0.737643 
0.750833 0.262816 0.267613 0.444095 0.536786 0.404941 0.409398 0.237877 0.973023 0.265722 0.676028 0.342614 0.500419 0.669058 1.14005 1.40829 1.71205 2.79512 23.1018 74.6512 103.71 129.41 146.645 147.873 111.692 99.3109 93.4853 104.899 111.664 99.9982 100.991 104.469 106.391 110.168 118.504 115.983 116.187 120.227 130.848 124.91 129.028 134.46 144.182 156.788 192.362 196.231 188.803 179.19 165.708 152.098 133.33 108.791 81.8026 35.6439 0.980513 0.442831 -0.80506 -1.17979 -0.966 -0.942579 -1.05636 -0.877695 -1.15322 -1.23146 
0.502097 0.710279 0.313831 0.536204 0.451467 -0.125693 0.28549 0.333101 0.300945 -0.174906 0.6227 0.432199 -0.268122 0.389075 0.820744 0.904598 1.58762 2.11959 17.7527 71.4686 100.843 127.65 145.585 145.679 110.799 97.438 91.0889 103.128 113.087 99.2912 97.1848 96.2973 103.614 103.96 112.128 115.601 116.605 118.838 125.879 123.505 127.778 133.528 142.096 156.08 188.819 195.496 187.51 178.58 166.131 150.334 131.108 107.694 79.7983 34.0035 0.618316 -0.321765 -1.32196 -0.76801 -1.18737 -1.31154 -0.828695 -0.940399 -0.793338 -0.573992 
0.527536 0.158498 0.284047 -0.00746323 0.0311368 0.0278844 0.530252 0.274888 0.474039 0.266743 0.467304 0.347748 0.349517 0.289015 0.61388 0.634156 1.1801 1.7773 15.2505 68.7678 99.6013 126.104 143.523 147.74 110.364 97.4802 90.5998 104.068 116.073 99.9766 97.1094 93.3834 99.616 101.079 105.497 116.21 118.409 117.352 124.488 123.699 126.744 131.824 143.057 154.4 187.143 195.702 188.724 178.51 165.643 151.915 131.325 108.147 78.204 33.7942 0.332823 0.172305 -0.972818 -0.878902 -0.560362 -1.22683 -0.517968 -1.2803 -0.879195 -0.882884 
0.434815 0.594474 0.333872 0.773502 0.456166 0.154664 -0.217869 0.271615 0.506919 0.685156 0.19747 0.480175 0.652947 0.754663 0.728798 0.552704 0.807036 1.9609 12.2165 67.4116 97.8678 124.917 142.678 149.586 112.173 97.321 91.0113 104.617 119.933 104.193 98.7391 94.3979 94.1117 102.06 103.63 113.239 118.312 117.617 124.876 123.665 126.461 132.184 140.199 152.944 184.769 195.822 187.93 177.135 165.116 151.93 130.284 106.71 77.8456 32.6095 0.604959 -0.103105 -0.866757 -1.03496 -0.852942 -0.597298 -1.2984 -1.02195 -0.732047 -1.24252 
0.619035 0.49249 0.613377 0.0549832 0.617062 0.0877859 0.660224 0.560805 0.714599 0.268739 0.444555 -0.0642874 -0.104486 0.676304 0.405035 0.310687 1.08291 2.12711 5.56492 63.2886 94.3548 121.19 141.587 157.636 115.749 100.125 93.4162 98.7124 127.766 106.71 101.473 97.4783 94.4976 97.79 103.294 111.257 120.959 118.268 122.1 123.073 126.323 130.822 137.987 150.89 178.782 195.015 188.66 178.109 166.676 153.798 134.23 109.334 81.8141 39.1654 -0.305851 -0.0591137 -1.01287 -0.735442 -0.687946 -1.0532 -0.906687 -1.22093 -1.04417 -0.487344 
0.208555 0.782672 0.830429 -0.123666 0.487969 0.3401 0.515026 0.229214 0.727199 0.636173 0.433492 0.875967 0.166769 0.661882 1.02277 1.05665 1.21842 1.55895 0.102642 59.5891 92.6283 118.463 139.871 156.468 127.624 104.655 96.6546 98.3961 130.727 109.807 104.674 99.2788 95.5451 96.0714 105.328 110.612 119.241 118.936 120.802 121.518 124.797 128.936 137.413 150.045 174.909 196.408 188.708 179.134 168.247 155.182 137.207 109.046 81.6157 40.6809 -0.626757 0.0615114 -0.375714 -0.946484 -1.25183 -1.47498 -0.934715 -1.17002 -0.694927 -1.22063 
-0.134595 0.334191 0.607178 -0.0323101 0.0415801 0.177508 0.403789 0.10981 0.785009 0.246135 0.353041 0.00801534 0.271446 0.723713 0.609326 0.549504 1.36193 1.92776 -0.93835 59.6124 90.5258 118.85 138.562 153.913 138.563 109.315 99.42 102.319 134.504 111.532 107.37 101.671 98.3556 96.7929 106.228 112.417 120.288 119.281 121.156 121.406 124.862 128.5 136.102 148.287 166.997 199.723 188.098 180.435 167.362 153.268 137.367 111.688 82.2305 40.9532 -0.420268 0.126643 -0.860776 -0.956358 -0.688777 -1.12199 -1.0802 -0.58759 -1.02251 -1.05445 
0.582939 1.08376 1.14968 0.522004 0.459885 -0.0341293 0.54396 0.513989 0.278482 0.419159 0.355963 0.614415 0.118671 0.295506 0.894498 0.748792 1.27068 1.44178 -1.66242 55.8978 90.1639 116.47 138.572 153.144 147.073 112.818 103.314 99.2481 144.802 115.265 109.691 104.78 100.948 99.0235 109.299 114.789 119.186 119.63 120.73 121.874 123.815 127.817 135.177 146.553 161.483 201.851 188.579 179.357 167.773 155.008 137.856 111.049 81.1624 41.4323 -0.55592 0.114705 -0.963612 -1.09321 -0.939668 -0.847179 -0.945129 -0.976581 -0.714619 -0.893388 
0.240126 0.915199 0.382302 0.673202 0.430917 0.252468 0.224201 0.393631 -0.00932114 0.158378 0.228074 0.665325 0.677472 0.66403 0.449393 0.55752 0.442899 1.40205 -1.21624 54.5914 88.4094 116.122 137.955 152.147 156.378 119.372 107.295 98.4448 152.456 120.056 114.78 108.868 105.45 105.362 110.721 116.721 118.419 119.164 119.272 121.194 123.663 128.539 134.263 144.441 160.97 198.253 188.024 179.324 167.441 154.879 137.613 111.621 82.2668 42.1669 -1.07857 0.0189064 -1.18992 -0.818659 -0.765119 -1.21279 -1.34725 -0.926056 -1.1251 -0.788749 
0.327392 0.197332 0.434435 0.751903 0.6385 0.0344144 -0.240366 0.544345 0.494784 0.562112 0.352558 0.22246 0.282123 0.293163 -0.0438935 0.725284 1.17223 1.68573 -0.726634 50.2099 87.0478 116.326 136.33 153.511 164.874 125.671 112.266 104.765 156.674 126.58 119.293 114.227 109.615 113.222 116.974 118.393 119.127 118.897 119.588 120.397 123.581 128.05 134.8 143.639 159.398 197.704 188.829 180.381 167.774 155.969 137.863 110.751 83.146 42.4285 -0.935324 0.234676 -0.816098 -1.18725 -0.827555 -1.16194 -0.752371 -1.08737 -1.02643 -1.02148 
0.404979 0.881636 0.881514 0.520741 0.291254 -0.254074 0.708488 0.0203441 0.0974986 0.210384 0.558639 0.11012 0.107804 0.715002 0.458479 0.533746 0.607967 1.48832 -0.908644 49.22 87.4654 114.766 136.331 152.701 167.582 138.826 119.3 111.076 156.092 141.92 125.754 121.427 121.92 120.216 118.958 116.49 118.966 118.715 117.771 120.349 122.75 126.061 132.978 142.875 158.793 194.365 188.457 179.872 172.209 156.193 135.143 110.941 82.975 43.4016 -0.930937 0.0377586 -1.1852 -1.08557 -1.2324 -0.722625 -1.0371 -0.835662 -0.607831 -0.760965 
0.344759 0.777907 0.307464 0.187726 0.843646 0.414868 0.252072 -0.212459 0.13994 -0.112044 -0.206724 0.0637634 1.14404 0.690957 0.640241 0.782948 0.872023 1.62824 0.549257 45.4887 86.2329 113.89 135.568 153.638 164.737 162.327 130.704 120.746 157.141 171.06 136.75 136.849 131.972 121.587 119.407 116.749 119.372 117.843 118.859 120.548 122.365 126.218 132.462 141.988 156.562 194.455 189.605 179.048 176.708 154.695 135.937 111.648 83.149 44.8044 -1.54657 -0.179154 -1.27091 -0.821696 -1.30437 -1.23542 -0.657194 -1.25257 -1.01282 -1.02061 
0.772402 0.122736 -0.632218 1.07834 0.603034 0.279618 0.230328 0.505085 0.494293 0.342272 0.459591 0.161371 0.453973 0.57308 -0.0506803 0.482746 0.801179 1.56862 0.58029 43.7892 85.6328 113.372 135.981 152.851 164.812 177.351 154.6 143.026 185.383 193.035 156.995 144.822 132.915 123.678 119.292 117.428 119.307 118.287 118.03 119.324 122.234 125.389 132.011 141.684 154.947 191.547 188.771 183.855 169.015 154.87 136.825 110.745 83.5332 45.8286 -2.05617 0.174168 -1.31344 -1.066 -0.778454 -0.782323 -0.637149 -0.614667 -0.778017 -0.814394 
2.38774 2.21404 1.69678 2.38344 1.54132 1.22851 2.02068 1.99852 1.77491 1.9056 1.36979 2.08862 2.29143 1.85813 1.98817 2.1719 2.44001 3.10195 3.0458 44.5605 87.4102 115.273 137.548 156.91 169.18 179.039 188.262 195.686 206.191 199.714 163.428 151.173 132.619 122.086 119.799 117.06 117.782 116.482 116.251 118.208 120.597 123.813 128.915 137.84 151.873 188.687 193.386 180.419 166.948 153.122 135.061 111.258 84.1112 47.4958 -1.72649 0.59579 -0.758902 -0.377027 -0.254468 -1.07645 -0.134618 -0.799453 -0.13426 -0.548647 
3.18938 2.15706 2.78291 2.35838 1.81987 1.39123 1.79517 2.1652 1.81612 2.36622 2.35789 1.32806 2.16562 1.94561 1.97899 2.06026 2.38629 3.09278 3.34965 43.3016 86.8816 114.687 138.331 156.832 167.738 179.401 189.79 198.99 204.72 189.815 180.022 153.871 132.283 123.218 119.99 116.74 117.659 116.759 116.342 118.024 119.793 123.669 128.287 137.97 150.76 186.819 190.493 178.502 168.841 154.439 135.481 111.119 84.0895 49.1647 -1.45717 1.2358 -0.50857 -0.544897 -0.415177 0.0395168 -0.389324 -0.538233 -0.591593 -0.260685 
2.21721 3.31944 1.59005 1.92968 1.99235 2.23828 2.29604 2.27269 1.94927 2.62192 2.28979 2.23656 2.59102 2.59168 1.84789 2.53068 2.23959 3.18082 3.30603 40.8607 86.0732 115.798 138.383 155.928 168.928 180.328 189.319 198.91 204.225 182.262 186.145 156.116 132.91 124.401 120.5 117.275 118.501 116.637 116.275 117.942 120.036 124.202 128.426 137.317 149.676 186.504 190.325 180.246 167.154 154.404 134.59 112.66 84.5925 50.3802 -2.10621 0.526061 -0.528409 -0.701178 -0.431125 -0.035445 -0.751048 -0.0669825 -0.0379238 -0.252082 
2.72826 2.98394 2.66777 2.95157 1.87283 2.40632 1.81288 1.63606 2.02057 1.65428 2.14051 2.51756 2.04487 2.32242 2.36191 2.00189 2.14897 3.84884 2.95491 39.3843 86.6535 115.277 137.517 156.812 169.927 179.596 190.633 197.652 205.84 190.954 179.768 158.678 134.175 124.374 120.76 117.578 117.966 115.871 116.324 117.584 120.351 123.627 127.69 136.085 148.1 186.921 188.27 178.942 168.085 155.102 135.281 112.795 85.9535 51.7862 -1.52186 0.186162 -0.533464 -0.619354 -0.818226 -0.46208 -0.886555 -0.642282 -1.27433 -0.100337 
2.91329 2.29779 1.94969 2.25166 1.93092 2.22736 2.63116 2.532 2.34488 1.91244 1.77151 2.28104 2.58594 2.05495 1.72027 2.41466 2.26563 3.51947 3.69174 37.4955 85.9253 114.191 137.352 155.876 168.991 181.264 191.46 199.969 207.152 192.808 175.693 162.739 134.377 124.11 120.63 116.767 118.464 117.626 116.861 117.558 120.005 124.021 128.164 135.07 148.16 182.515 188.48 180.829 168.231 155.514 137.304 113.935 87.028 52.4906 -1.16525 0.349768 -0.484912 -0.348661 0.508636 -0.280888 -0.804947 -0.607238 -0.539259 -0.266949 
2.18737 2.5929 1.87227 2.78289 2.40504 2.6381 3.08406 2.53422 2.22688 2.84434 2.13633 1.954 1.60361 2.74777 2.46864 2.28956 2.48068 3.37678 3.61373 35.6006 85.7235 113.29 136.799 154.237 171.318 181.078 192.349 200.119 206.163 196.948 173.759 164.904 135.036 124.608 121.122 117.611 118.722 117.765 116.508 117.791 119.574 123.299 127.799 135.762 148.824 180.242 188.096 180.905 170.076 155.933 138.853 114.361 86.6604 62.7194 0.00215984 0.604095 -0.811723 -0.279872 -0.830004 -0.757339 0.159134 -0.791724 -0.493419 -0.731256 
2.69866 1.60061 2.32657 2.46153 2.19424 2.20872 2.6482 2.99399 2.49503 1.7165 2.37307 2.10384 2.59037 2.76355 2.36861 2.16862 2.40839 3.02025 3.8031 36.8203 84.7446 113.133 136.187 155.151 169.79 179.681 190.675 199.221 206.005 197.76 171.494 169.128 135.855 126.323 120.668 118.555 118.566 116.059 116.19 118.479 119.501 123.017 126.95 134.109 148.898 175.854 188.307 180.4 169.201 156.128 137.627 114.817 88.0262 54.0926 0.86641 0.811439 -0.536695 -0.0785536 -0.610186 -0.590018 -1.16587 -0.765754 -0.117722 -0.280628 
1.61977 2.79168 2.64484 2.41639 2.11035 2.29625 1.92669 1.71802 1.95312 2.33285 2.29643 2.23611 3.41866 2.38184 2.05446 1.97767 2.23387 2.9454 4.08239 35.7697 84.4587 112.192 137.803 155.134 169.382 180.459 191.709 199.81 207.217 201.23 168.484 170.398 137.478 127.521 121.855 118.372 115.88 119.359 116.938 122.656 119.007 124.002 126.987 135.722 146.91 175.265 189.455 180.71 170.787 156.86 138.715 116.484 88.9611 56.6383 2.0445 1.65323 0.229706 -0.379153 0.430058 -0.433359 -0.0959623 -0.140728 -0.580563 -0.157965 
3.05594 2.02154 2.17605 2.38816 2.08585 1.82339 2.06227 2.77677 2.47902 2.5934 2.05985 2.15847 2.45075 2.36184 1.881 2.34892 2.07844 3.76365 3.98939 33.6295 82.9358 110.509 135.169 154.184 168.2 179.024 190.873 200.989 207 206.219 165.512 175.568 141.994 127.577 122.292 118.988 117.295 117.829 118.63 121.665 120.219 122.31 127.859 135.424 145.392 169.507 191.855 182.085 172.382 157.96 142.082 119.161 92.9621 60.1885 6.05524 1.83732 0.868887 0.641658 0.64531 0.0978329 -0.59115 -0.184847 -0.324859 -0.341182 
2.08787 2.87511 1.97654 2.55154 2.79576 2.83942 2.61168 2.90792 1.93526 2.41385 1.662 2.20687 1.88961 2.27907 2.12175 2.0316 2.68232 3.84294 5.02553 27.6895 80.412 111.132 132.658 151.766 166.871 179.4 189.516 199.58 205.338 208.783 170.3 172.591 144.887 127.645 122.839 119.974 117.39 115.493 118.101 118.605 121.919 123.064 130.647 133.728 144.512 161.526 196.775 183.407 172.629 160.197 143.558 121.592 96.4765 63.9175 9.9243 2.51753 1.81265 0.716052 0.605344 0.954313 0.278745 -0.213698 -0.498163 0.0300197 
1.92902 2.34429 2.68361 2.2093 2.16518 2.51155 1.94315 2.23245 2.43722 2.13143 2.18359 2.79848 2.62237 2.16596 2.54205 1.71216 2.43583 2.99812 4.38759 27.8726 79.8492 109.892 132.339 151.131 166.437 179.95 190.512 199.997 207.082 209.67 172.951 172.309 146.985 129.336 122.525 119.855 117.362 116.114 117.141 120.738 120.194 122.587 131.236 133.394 143.319 159.721 197.843 183.667 172.692 161.116 144.076 123.484 99.1117 66.3208 11.258 2.71216 2.64351 1.4547 0.875739 0.346602 0.260432 -0.547054 -0.499345 -0.201811 
2.39983 2.11783 2.34283 2.39823 3.33507 2.47304 2.72755 2.41519 2.65552 2.53326 2.43241 1.54776 1.81405 2.2479 2.73492 2.47978 2.83711 4.18951 4.91685 26.5633 79.3904 109.845 133.271 151.968 168.903 180.064 190.755 199.86 206.413 211.711 172.42 172.733 148.235 129.789 123.776 120.367 117.885 116.169 117.699 121.462 122.647 124.883 129.598 137.461 146.618 162.633 201.234 185.705 174.25 160.037 144.142 125.452 100.691 68.8398 14.3131 3.63596 2.48173 2.71696 1.00218 0.542669 0.310044 -0.0730922 -0.515086 -0.418604 
3.18424 2.44332 2.01691 2.94732 2.13885 2.23894 2.25294 1.78363 2.72168 2.444 2.5675 2.51336 2.56296 2.37904 2.42802 2.01285 2.80031 3.49154 3.70494 37.8817 82.833 113.419 137.424 157.481 174.3 183.402 194.805 205.266 211.218 216.682 178.103 175.838 160.001 133.743 127.513 123.593 120.804 120.215 120.596 127.537 127.925 138.012 143.867 138.306 144.247 156.625 194.147 185.936 175.509 160.943 146.32 127.945 104.661 73.7354 19.6578 3.53014 3.79971 2.70476 1.54607 1.19196 0.689053 -0.570348 -0.721034 0.0613566 
1.94033 2.39398 2.31671 2.35091 2.22181 2.74021 2.23574 2.50373 2.68704 2.44684 2.44271 2.19511 2.52013 2.81633 2.07641 1.98227 2.15917 3.30252 23.0679 75.1967 106.206 130.584 154.045 172.702 188.759 200.266 208.662 216.953 227.175 232.502 187.054 227.498 206.862 167.366 143.594 137.28 132.275 128.544 129.69 150.858 157.222 161.383 150.374 154.361 165.556 181.04 220.164 213.218 204.004 192.223 178.781 162.831 146.55 126.088 104.534 66.2545 55.5996 49.428 45.5229 9.19412 -0.0059748 -0.102912 -0.57127 -0.742596 
2.68003 2.05124 1.91337 1.7648 2.32711 2.35827 1.72022 2.64276 2.21189 1.97527 1.79399 2.73718 2.57759 2.0891 2.17099 1.89799 2.85802 2.71066 36.0418 84.7822 114.371 141.812 163.82 183.632 198.422 209.561 216.471 228.393 234.008 243.905 198.937 244.987 209.482 187.16 166.161 152.584 152.686 151.76 179.443 204.431 206.592 173.201 168.305 177.431 185.766 204.585 250.258 247.474 241.09 235.381 227.399 218.103 208.144 194.105 173.306 154.601 135.211 115.389 91.7017 52.1107 -0.0786398 -0.524173 -0.519148 -0.663337 
2.91131 2.09992 3.18703 2.16122 2.88882 2.51043 1.93811 1.87269 1.9448 2.09749 2.91598 2.27899 1.70612 1.77629 2.09565 2.85533 2.55957 6.04443 65.9029 99.9858 126.722 152.997 174.688 191.182 206.213 219.071 230.161 241.549 244.623 254.565 210.28 225.949 199.824 184.266 172.889 162.03 159.265 156.724 197.774 205.033 212.52 184.011 178.764 189.373 200.755 220.968 265.214 262.831 259.104 249.722 240.679 228.917 217.128 200.608 183.006 163.797 143.821 123.735 98.8969 66.9673 6.18141 -0.317047 -0.622239 -0.979097 
2.37911 2.56741 1.79283 2.97594 2.68767 2.04645 2.59037 1.74778 2.22777 2.78314 2.41203 3.05551 2.34321 2.27846 2.07695 2.09671 2.03595 1.47461 61.3185 97.1029 126.744 153.308 173.719 191.115 205.394 220.183 231.653 242.956 251.775 264.676 219.942 212.329 194.775 184.472 176.631 168.653 167.075 167.036 191.105 202.634 198.981 193.648 184.283 193.618 205.466 224.565 266.943 267.828 263.896 254.347 243.659 234.569 219.916 202.24 186.971 167.4 147.31 124.592 97.2537 57.5267 -0.876781 -0.189824 -0.698728 -0.248231 
2.49467 1.67832 2.01083 1.97219 1.77263 1.95367 2.2784 2.66991 2.35874 2.32917 2.3416 3.07167 2.16071 2.60606 2.25364 2.08782 2.52622 3.20267 27.0447 83.5893 115.091 141.853 165.828 184.183 201.48 213.21 224.343 235.817 245.135 262.099 220.623 206.242 191.016 182.788 175.838 172.774 171.363 172.337 183.542 192.317 190.795 192.488 188.176 191.47 204.173 221.573 263.113 264.74 261.943 250.678 241.259 231.411 217.171 202.363 185.55 165.975 143.112 115.833 81.5912 20.5675 0.167551 -0.00177838 -0.420072 -0.218549 
2.45309 2.22655 2.2397 1.42231 2.41186 2.12506 2.20427 2.63601 2.73395 1.6287 1.7478 2.30643 2.15995 1.7075 2.05973 2.41737 3.32981 3.46615 3.53409 53.1871 95.3972 126.126 151.555 169.56 186.349 200.239 211.543 222.172 231.833 245.523 213.794 197.026 181.39 175.961 171.819 174.067 172.802 174.445 176.404 177.647 180.293 184.248 186.828 187.979 198.583 216.091 258.695 262.357 253.79 245.703 237.157 224.483 212.214 196.915 176.948 154.308 127.819 96.9987 43.1234 0.0160206 0.559533 0.496365 -0.539637 -0.674609 
2.21669 3.12921 1.38875 1.87839 2.08434 2.27875 2.2602 2.08394 2.73399 2.21995 2.07726 2.57101 1.79368 2.16207 1.80265 2.46719 2.49232 3.63608 4.35964 10.0497 67.976 105.144 132.995 152.894 169.587 186.971 196.305 209.403 216.04 225.733 202.118 180.191 160.75 156.504 155.647 153.57 155.61 157.876 161.614 166.744 166.773 166.493 172.061 175.937 187.841 203.069 241.201 250.06 242.735 230.208 220.056 211.425 196.187 178.529 157.84 132.767 103.278 58.3255 2.53197 1.35384 0.624541 -0.366691 -0.49153 -0.523869 
2.1215 2.84717 1.61311 1.48254 2.36834 2.08129 2.23008 1.66805 1.92131 2.45792 2.26308 2.92635 1.55103 2.485 2.22172 2.14738 2.33383 2.8163 4.52815 2.91443 57.7885 94.1166 123.202 145.676 164.569 179.9 189.005 199.695 207.942 214.885 199.09 168.702 149.493 140.956 137.637 133.527 134.027 135.876 138.661 144.963 146.645 147.249 153.396 161.546 170.572 187.056 221.479 228.378 218.921 208.719 193.688 192.266 174.203 154.277 131.107 103.442 65.8937 5.79685 2.5783 1.32975 0.485109 -0.209715 -0.572515 -0.434017 
1.76858 2.38604 3.19047 2.35987 2.73106 2.53401 1.74481 2.34464 2.20311 2.29743 2.14156 2.42442 2.02514 1.81736 2.12751 2.52089 2.42974 3.21456 4.00283 1.53913 57.8626 93.9808 122.583 144.938 165.213 177.972 187.075 198.251 207.602 213.674 195.55 169.794 148.126 140.062 134.994 131.905 130.417 130.889 131.36 133.112 132.632 134.451 138.045 147.252 155.873 169.852 202.522 209.125 202.464 192.421 178.404 178.235 161.484 144.321 122.303 95.6258 61.5246 3.51629 1.87954 0.682333 -0.109855 -0.139142 -0.564672 -0.157893 
2.47045 1.8408 1.90074 2.05742 1.84742 2.26396 2.49472 1.91418 2.06728 2.89354 1.94973 2.27277 1.57989 2.86033 1.97218 2.28427 2.63519 2.14386 3.67732 0.616467 55.8129 92.4272 122.737 145.169 162.291 176.239 186.742 197.418 206.92 215.193 193.853 168.23 147.162 140.023 134.856 132.422 130.012 129.829 130.074 129.452 130.79 133.713 139.19 145.377 154.756 168.539 200.261 209.896 203.463 191.918 179.114 175.595 161.15 143.932 122.309 96.1199 59.8885 2.3383 1.95743 0.448868 0.0531981 -0.629286 -0.233316 -0.348328 
3.27004 2.74907 2.10931 1.57236 2.10905 1.79049 2.4936 1.91433 1.87986 2.15926 2.11271 1.5595 2.0094 1.91288 2.59775 2.55739 2.8263 2.96871 3.8629 1.29184 54.7466 93.3559 121.935 144.491 163.496 177.934 184.078 195.195 206.263 215.02 193.35 167.299 146.882 138.252 134.623 131.036 130.383 128.451 129.356 130.011 131.825 134.115 140.332 142.745 154.223 166.454 200.176 209.608 202.404 191.348 179.506 174.888 161.93 143.764 121.988 94.7664 60.6854 3.99383 1.13461 -0.00510532 -0.408878 -0.734403 -0.0229861 -0.491944 
2.40216 2.1817 2.17651 2.0854 2.72144 2.72081 1.73541 2.27386 1.76295 2.18972 2.04254 2.22482 2.07 2.0769 2.77766 2.1215 2.59683 2.30125 3.1798 0.819984 55.1446 91.7453 121.291 144.354 163.448 177.42 182.295 193.335 204.629 211.623 193.224 166.658 145.901 138.356 133.559 130.832 128.366 129.139 127.67 128.721 131.139 132.904 138.923 145.538 152.349 166.446 199.335 208.279 201.55 191.44 180.904 172.436 161.342 144.065 121.464 95.1708 60.8998 4.75452 0.690442 -0.300437 -0.838929 -0.562757 -0.584245 -0.377659 
2.07186 1.88598 1.65012 2.80396 2.18678 1.90063 1.60062 2.16112 2.86697 1.57364 1.51524 2.09342 2.21353 2.63407 1.73794 2.25481 1.99969 2.21763 3.01276 0.883537 54.0957 91.5588 121.007 142.848 161.994 176.297 182.571 193.971 204.414 210.085 193.973 168.29 146.394 137.388 134.013 130.179 128.817 128.02 127.12 128.215 130.017 132.012 135.462 143.523 150.12 163.578 193.39 208.546 201.924 192.184 180.296 170.843 162.28 143.849 123.325 95.9118 62.9034 6.19399 0.619992 -0.305364 -0.515087 -1.16992 -0.993869 -0.201055 
2.30405 2.33406 1.78125 2.01282 1.88796 2.13168 2.08902 2.3875 2.1117 1.99787 1.74028 2.12528 2.12696 2.49251 1.93266 2.15911 1.79169 2.38999 3.34367 2.42347 44.0824 88.4373 117.578 142.239 161.54 179.197 178.355 193.861 201.285 210.678 197.483 169.512 146.775 136.64 134.254 130.27 128.069 127.475 126.937 127.473 128.493 131.131 135.122 141.516 148.816 162.36 189.422 209.292 202.334 192.261 182.311 171.4 164.183 146.708 126.185 99.2935 67.2362 12.5716 0.786325 -0.0381866 -1.09725 -0.337444 -0.377805 -0.396621 
2.30491 1.6445 1.52599 1.3745 2.4473 2.76314 1.50237 1.60006 3.2517 2.07716 1.653 1.54141 1.88823 1.78266 2.23175 1.9653 1.8636 3.03544 2.53896 2.51106 44.4174 88.6258 117.761 140.842 160.268 180.93 175.043 191.646 199.566 210.605 197.503 168.151 147.715 137.349 133.028 130.198 127.252 127.114 127.196 126.951 129.101 131.685 135.098 140.323 148.147 159.891 186.767 207.998 202.53 193.1 181.269 172.285 164.067 145.323 125.258 98.622 67.5091 11.4318 0.923223 0.0235217 -0.492888 -0.524657 -0.226048 -0.304331 
1.91215 1.69796 1.59578 1.62848 1.45481 2.08535 1.89923 1.83472 1.93911 2.29976 2.16951 2.1154 1.96299 2.47004 2.10047 1.97038 2.29603 2.27773 3.50022 2.62781 44.1074 88.3026 117.298 141.272 160.499 180.387 172.966 192.842 200.522 210.137 196.157 167.341 147.753 137.115 132.493 129.065 126.698 126.249 126.719 127.183 128.675 130.432 133.699 141.133 148.271 159.711 183.809 210.882 202.333 192.644 181.125 170.844 163.131 146.623 125.673 100.504 68.087 13.2324 1.05161 -0.609284 -0.319573 -0.175627 -0.408205 -0.39645 
1.56951 2.63442 1.76032 1.59436 1.48582 2.74021 2.58685 1.59453 1.8331 1.0032 1.76199 2.13971 1.82318 2.83414 1.34054 1.57403 1.91787 2.09427 2.50773 3.04859 44.2084 87.8047 117.721 141.195 160.014 179.235 174.979 190.53 199.337 209.433 196.078 167.34 146.013 137.172 131.352 144.443 126.674 124.969 125.875 126.429 126.654 130.287 133.559 140.337 148.227 159.203 179.806 213.331 203.206 192.502 182.604 171.656 164.551 148.368 126.402 100.989 68.5909 14.2762 1.23014 0.583327 -0.105478 -0.0450695 -0.459356 -0.344492 
1.89327 2.05894 1.67213 2.20281 2.12449 1.38723 1.84426 2.13694 1.12279 2.01789 2.22256 1.62392 1.38833 2.58748 1.66058 2.0473 1.86894 1.95681 4.07922 2.84677 42.6684 88.4495 117.638 141.264 160.792 182.81 171.55 191.753 199.951 208.31 196.312 168.491 149.175 136.447 131.981 130.194 127.331 126.941 126.583 126.836 129.328 129.627 134.299 140.206 148.572 159.918 176.662 217.895 203.372 194.115 182.896 172.893 164.67 147.795 128.123 101.641 69.6698 15.0063 1.91083 0.798935 0.131664 -0.0018861 0.313863 0.31711 
1.66258 2.38926 1.87501 1.43011 1.88199 1.9874 1.86326 1.70108 1.35379 1.83594 1.46536 1.28649 1.83346 1.77679 1.59283 2.38949 2.17407 3.16488 3.76421 3.71085 44.3403 87.7968 116.946 141.435 160.193 181.409 170.146 189.639 199.413 206.622 195.074 166.513 147.829 137.612 132.008 129.083 127.498 126.765 125.83 127.269 128.057 129.673 134.404 139.947 147.068 158.709 175.587 215.981 203.21 194.563 183.401 172.035 165.562 148.797 128.839 102.965 72.5193 17.6627 2.52445 1.18332 1.12547 1.32263 0.442941 -0.266349 
