-0.833986 -0.529382 -1.00894 -0.809411 -0.753428 -0.730989 -1.3698 -1.08025 -0.985885 -1.1658 -0.888411 -0.81197 -0.887085 -0.993587 -1.35257 -1.27752 -1.01832 -1.01539 0.511751 2.20683 57.3593 91.0718 119.707 141.1 159.497 167.673 179.731 189.753 197.9 205.953 170.599 152.881 141.248 135.783 132.32 129.537 127.261 126.881 127.418 128.956 130.342 134.535 139.241 147.603 156.128 172.079 208.17 205.987 196.669 189.57 179.33 174.902 158.06 140.287 116.946 87.7711 44.6589 0.400328 0.668875 0.0809897 0.133606 -0.0854989 -0.0544316 -0.113271 
-1.16132 -0.776986 -1.25387 -0.824549 -1.33386 -1.43866 -1.14733 -1.3034 -1.21739 -1.52371 -1.2948 -0.918745 -1.06894 -1.08883 -0.735939 -0.919535 -0.757659 -0.494677 0.553211 1.01189 57.6626 91.8407 119.635 141.788 159.144 167.305 178.406 190.753 197.585 205.893 169.999 152.75 141.203 135.629 132.624 129.459 127.31 126.757 127.606 129.403 131.256 135.145 140.947 148.51 156.194 173.184 208.136 207.094 198.076 188.868 178.667 173.341 158.47 139.36 116.444 88.3144 46.511 0.460308 1.09796 -0.299735 0.176273 -0.0876897 -0.000801297 0.0769932 
-0.764522 -1.32966 -0.98546 -0.816716 -0.96228 -1.35387 -0.780879 -0.738584 -0.826588 -0.814321 -1.10805 -0.82519 -1.25176 -0.894381 -1.02648 -1.15819 -0.759214 -0.879348 0.309363 0.976052 57.496 92.3413 119.509 141.452 159.35 167.599 180.603 190.608 198.866 206.229 171.187 152.845 141.749 135.263 132.462 129.029 126.399 127.282 127.679 128.583 130.533 134.126 140.275 147.145 157.223 173.061 207.101 206.603 200.182 188.461 178.286 174.318 158.802 140.815 117.046 88.7759 46.9767 0.239282 1.00983 0.326608 0.238002 -0.0218934 0.0450244 -0.396774 
-1.21878 -1.98682 -1.18388 -1.12937 -1.34941 -1.00803 -1.29308 -1.42825 -1.22187 -1.25873 -1.23028 -1.43486 -0.935766 -0.777376 -1.11594 -1.24461 -1.27588 -0.327571 0.452346 1.26509 57.6122 91.9038 119.219 141.634 159.612 169.104 178.578 189.668 195.938 205.908 170.544 155.896 145.063 136.895 132.312 129.649 128.905 127.553 128.002 129.043 133.137 134.893 140.654 148.385 157.698 173.558 208.708 206.957 199.113 189.498 180.503 175.072 158.711 141.637 116.963 88.1204 47.7022 0.778503 1.0724 0.426071 0.016808 -0.132326 -0.241318 0.244743 
-1.13653 -1.19785 -1.09247 -1.04912 -1.99158 -0.737018 -1.2059 -0.793744 -1.14578 -1.2928 -0.852467 -0.993242 -1.39019 -1.25256 -0.788288 -1.11687 -0.871426 -0.692955 0.673181 -0.344725 56.5958 92.3392 120.227 142.673 159.3 169.469 177.489 191.555 199.28 208.495 171.467 156.24 142.368 137.416 132.997 129.495 128.287 128.482 128.883 129.339 132.475 135.6 141.224 148.216 157.832 173.013 209.139 208.185 198.745 188.331 178.74 174.459 159.6 141.518 118.37 89.972 48.6968 1.0414 2.10904 0.609134 0.335975 0.215103 0.146407 0.321351 
-1.03456 -1.17074 -0.87866 -1.41836 -1.06338 -0.78193 -0.989511 -0.807515 -0.743333 -1.24212 -0.53601 -0.773036 -1.30973 -1.20359 -1.34433 -1.18688 -0.680023 -0.599887 0.595713 0.889855 57.6311 91.8282 119.567 142.163 160.934 169.775 178.92 192.343 199.151 208.696 172.622 155.675 144.827 138.564 133.023 130.047 129.544 128.645 129.37 130.134 132.59 136.104 140.502 148.893 157.08 174.094 208.931 207.136 199.627 189.956 179.912 175.547 159.781 141.883 118.965 90.969 49.9253 0.945851 1.79771 0.804946 0.417732 0.122926 0.327409 0.0669889 
-1.05042 -0.835234 -1.43333 -1.10618 -1.29968 -0.963771 -1.2051 -0.748562 -1.22513 -0.891214 -1.10237 -1.15191 -0.885331 -1.02489 -0.960516 -0.863959 -0.975114 -0.0434343 1.0427 -0.211768 53.145 90.2996 118.085 140.239 159.08 171.026 177.009 193.123 198.495 210.879 175.69 156.961 143.691 138.762 134.078 130.804 129.718 128.715 129.889 131.18 133.03 136.218 142.746 148.388 158.557 173.368 206.225 211.671 201.547 192.543 181.014 178.407 163.022 145.541 123.095 95.2152 59.3231 1.38148 2.37119 1.5581 0.562891 0.378791 -0.0868268 0.132678 
-1.18576 -1.20794 -1.35765 -1.05872 -1.34789 -1.03976 -1.06299 -0.703804 -0.90124 -1.08169 -1.02854 -1.01062 -0.999512 -1.20268 -0.999376 -1.07041 -0.38792 0.599984 1.18668 -0.485366 48.4837 89.2621 117.61 141.037 158.765 172.131 178.712 192.936 199.949 209.382 180.126 159.362 146.505 139.255 136.185 131.33 130.89 130.522 131.112 132.201 133.353 136.86 141.105 148.93 158.289 173.839 208.051 211.086 203.104 195.312 183.321 177.829 163.964 146.445 124.77 97.2694 62.856 3.48441 2.59191 1.84294 0.394685 0.701633 0.667928 0.472493 
-0.984619 -1.2501 -1.13539 -1.3638 -1.45302 -1.09533 -0.768223 -1.1286 -1.15462 -1.33729 -0.99198 -1.18399 -1.12307 -1.26961 -0.710476 -0.613091 -0.236591 0.342198 1.6823 0.107329 52.5782 90.8169 118.166 141.5 159.337 171.451 180.827 192.525 200.018 206.986 184.257 158.15 145.426 138.404 135.386 131.206 130.039 129.848 131.357 131.383 134.578 136.988 142.635 148.928 158.223 173.445 208.458 212.343 204.542 195.225 184.5 179.449 165.428 146.774 126.001 98.7067 60.9408 2.21104 2.6167 1.54332 0.849761 0.637222 0.264952 0.3627 
-1.03533 -1.2882 -1.10791 -1.32913 -0.596135 -1.12316 -0.898163 -1.1007 -0.902841 -1.5653 -1.21756 -1.41773 -1.09492 -1.19874 -1.03737 -0.727725 -0.240033 0.616169 1.24863 -2.09471 46.0949 88.8412 118.162 141.737 160.911 174.593 183.142 195.123 203.227 210.596 189.074 161.598 148.559 141.722 138.458 134.875 133.606 132.462 133.343 133.892 138.265 143.068 148.71 156.479 165.866 181.562 218.509 221.396 213.197 206.699 194.362 189.643 176.033 159.011 141.551 116.063 87.6722 39.547 1.8528 1.82466 1.27315 0.49586 0.169313 0.103258 
-1.49252 -1.26595 -1.04513 -1.37123 -1.03326 -1.44833 -1.23873 -1.08025 -1.41042 -1.40388 -0.91618 -1.44536 -1.27112 -1.08338 -0.897754 -0.995661 -0.174295 0.59529 0.351649 49.4791 93.4945 119.039 141.338 164.13 181.868 193.452 201.1 212.298 217.59 226.536 205.121 176.027 163.229 156.577 151.815 149.417 147.082 147.072 147.512 149.425 152.273 155.603 161.713 168.825 179.38 194.66 230.534 235.849 230.505 222.826 218.087 212.25 201.309 190.519 175.672 159.107 133.658 96.0609 41.1278 13.3786 0.280265 0.685708 0.227104 0.276578 
-1.2972 -0.984353 -1.53105 -1.46536 -1.34307 -1.04218 -1.18374 -1.30497 -1.1691 -1.03507 -0.854729 -0.822092 -1.01218 -1.00938 -0.717362 -0.423344 -0.191338 0.268744 14.6863 77.4737 116.632 145.341 169.575 192.166 204.888 217.338 226.929 237.274 242.291 246.954 221.256 189.672 173.807 166.085 160.802 159.211 157.805 156.837 156.314 158.52 161.14 166.372 173.444 180.139 190.278 206.129 244.391 253.309 247.533 237.527 231.472 221.669 205.601 194.077 183.311 166.843 150.058 120.619 88.8858 60.226 9.79426 0.597376 0.283592 -0.0491684 
-1.30672 -1.17147 -0.881722 -1.03994 -1.16958 -1.06073 -1.63782 -1.20729 -0.933112 -1.20049 -1.03477 -1.03233 -1.19036 -0.83762 -0.881609 -0.417469 -0.178047 7.583 65.0641 110.794 136.91 153.53 173.534 193.092 210.415 223.536 232.992 242.489 249.085 253.175 230.353 197.608 174.193 172.482 170.979 172.369 169.919 171.939 172.516 174.974 177.034 180.753 186.843 193.797 203.813 217.353 260.354 268.795 264.535 253.698 245.948 233.502 222.208 207.202 194.242 180.916 164.758 147.721 116.014 78.6761 24.9641 0.413863 0.230829 0.224937 
-1.59192 -1.55954 -0.852731 -1.27182 -0.998085 -1.3572 -1.03354 -1.01016 -1.19977 -1.16049 -1.22187 -1.28103 -1.51012 -0.980827 -0.58075 -0.743076 -0.93618 32.8363 86.7087 127.525 143.975 160.54 182.616 201.19 217.451 229.867 241.249 249.61 254.93 260.934 233.783 187.474 174.682 172.429 179.443 179.058 176.081 175.772 175.946 177.624 179.164 184.065 188.211 195.011 206.32 220.19 257.879 273.308 265.288 258.957 249.272 235.846 225.275 207.606 193.598 182.786 168.7 150.537 119.795 85.5096 27.1125 2.031 0.244494 0.571506 
-1.23115 -1.92122 -1.45802 -1.45641 -1.24915 -1.13516 -1.23443 -1.03231 -1.06439 -0.817369 -1.13497 -1.18414 -1.16575 -1.23277 -0.732736 -1.00803 -0.925039 32.0712 95.7644 127.655 144.915 162.363 184.109 202.668 217.601 231.443 241.101 249.394 256.323 249.355 218.96 184.387 172.505 168.88 166.076 170.756 175.537 177.23 177.938 178.627 178.329 175.589 180.219 183.647 192.22 205.554 241.362 253.144 246.491 236.591 227.358 213.454 199.878 181.235 165.379 147.083 123.694 84.4725 31.2479 18.7218 5.32551 4.02472 2.00927 1.38487 
-1.12334 -1.49902 -1.32108 -1.27722 -1.04349 -1.2541 -1.19554 -1.20616 -0.929138 -1.29177 -1.04362 -1.2421 -0.918014 -1.07315 -0.823387 -0.722525 -0.314964 13.122 59.171 74.7325 106.304 133.758 162.091 176.172 188.104 200.96 211.181 219.097 209.613 199.773 181.236 150.89 137.543 134.06 129.936 125.958 123.126 124.787 130.286 133.808 132.876 136.301 142.041 147.986 158.908 171.682 203.179 217.988 211.25 202.365 192.749 179.314 163.558 148.008 123.272 95.5209 56.8443 7.78352 3.64435 2.81418 2.28501 1.77866 1.66364 1.3815 
-1.74141 -1.46049 -1.44728 -0.982421 -1.67198 -1.29125 -1.08349 -1.35697 -1.15129 -1.39499 -1.45777 -1.10906 -1.22127 -0.838864 -1.12208 -0.837964 -0.475791 0.00742937 11.7428 7.55567 6.00196 51.3963 89.8892 117.098 139.494 156.595 168.178 171.64 155.811 158.319 150.12 122.505 113.533 109.82 107.602 105.624 104.328 104.582 106.694 109.87 120.046 127.983 132.57 138.78 147.48 160.013 191.329 206.429 200.732 192.363 180.84 169.641 152.658 134.486 108.049 78.7545 22.4266 4.47905 2.99714 2.55175 1.87991 1.31637 1.24706 1.59509 
-1.04984 -1.29443 -1.18748 -1.1723 -1.10629 -1.49598 -1.42758 -0.909129 -1.24894 -0.789005 -1.28908 -1.00002 -1.34342 -0.307446 -0.974308 -0.656956 -0.183677 -0.26526 3.97997 4.5056 5.38767 35.9605 82.052 109.642 134.042 152.337 167.411 146.896 139.992 146.091 145.666 118.67 109.386 106.069 102.26 100.387 100.605 101.181 102.127 104.021 107.446 112.318 125.867 137.477 145.608 157.09 188.042 205.114 199.182 189.487 179.347 166.394 151.668 133.667 108.339 77.6898 21.5655 4.49813 3.15789 2.65 1.50162 1.83853 1.87819 1.9543 
-1.32966 -1.21924 -1.60932 -1.22025 -0.830407 -1.33874 -1.44554 -0.917428 -1.08883 -1.00685 -0.916518 -1.3955 -1.01504 -0.92924 -1.06042 -0.520823 -0.818941 -0.273772 -0.844696 8.01129 4.53869 29.5102 77.8712 108.105 131.174 149.324 159.817 132.354 127.553 135.092 144.101 117.12 107.551 103.239 100.067 99.0062 96.8996 97.7416 99.3909 100.725 103.294 106.813 111.952 124.002 143.457 154.935 184.622 203.861 197.009 188.506 177.823 165.564 150.415 131.575 107.091 76.1334 21.1731 3.70312 2.48373 1.75088 2.08822 1.86276 1.44977 1.76068 
-0.785994 -1.33887 -1.08467 -1.21806 -0.737128 -1.47844 -1.13373 -1.26666 -1.0201 -1.24247 -0.884242 -1.13288 -0.823493 -1.07698 -1.00506 -0.595079 -0.213233 -0.718931 -0.0993266 6.49251 3.94028 25.1919 74.6679 105.097 128.97 147.258 154.149 124.708 118.388 125.782 143.637 116.276 107.083 100.883 98.2806 97.4845 96.1842 96.1038 95.8687 98.5041 100.489 103.127 107.083 114.204 129.882 153.539 180.351 202.59 196.48 187.41 176.008 163.933 150.523 129.707 106.156 75.9126 20.203 3.56958 2.89801 2.31005 1.17245 1.57869 1.27899 1.83191 
-0.988268 -1.38055 -1.66255 -1.15401 -1.3331 -2.00371 -1.1197 -1.00089 -1.08419 -1.29586 -1.12421 -1.18221 -1.51563 -1.04017 -1.12158 -1.06684 -1.28705 -0.828967 -0.633237 5.43343 3.99003 21.4329 70.897 101.848 130.522 143.8 151.323 120.822 113.447 117.6 143.84 116.192 105.596 100.503 98.0715 95.8007 95.2919 93.8248 95.5665 96.6717 98.4853 101.229 104.501 110.849 120.946 145.729 173.427 204.069 195.574 186.184 176.658 163.864 150.837 129.009 104.663 75.479 20.1278 3.42241 1.96317 1.74177 1.96801 2.00127 1.91405 2.32496 
-1.15366 -1.12401 -1.52057 -1.66702 -1.57694 -1.30784 -1.50957 -1.03569 -0.99931 -1.31783 -1.10287 -1.37445 -1.03723 -1.02225 -0.768917 -1.15713 -0.895789 -0.976179 -0.767891 4.11524 5.61576 18.2729 69.2794 100.33 131.244 143.294 152.796 119.235 111.124 109.388 148.996 116.248 105.307 100.487 97.9678 96.4346 95.1376 94.7716 94.3288 95.9785 96.9114 99.7017 103.996 108.542 117.131 134.033 167.699 207.898 195.631 187.34 175.553 162.985 148.802 130.629 105.474 76.8981 20.4595 4.08215 2.23094 2.09508 2.53301 1.89182 2.66815 2.38134 
-1.07697 -1.24385 -1.18456 -1.21342 -1.13013 -1.35215 -1.34571 -1.07795 -1.17751 -1.09478 -1.01722 -1.36404 -0.656964 -0.9642 -0.791135 -1.39768 -1.26458 -1.4396 -0.663959 -1.56698 12.6764 15.5414 67.1083 98.9561 132.387 140.73 155.016 120.302 110.222 105.063 149.018 118.143 106.974 102.272 98.3392 95.6137 94.8898 94.4517 94.4934 95.2709 96.6669 99.9164 103.527 107.658 116.469 129.74 163.055 204.318 194.436 187.269 175.662 162.505 149.962 130.729 106.462 76.6759 21.2746 4.03636 3.14855 2.8005 2.71542 2.6995 2.98791 2.78431 
-1.60355 -0.808931 -1.39839 -1.38918 -1.30871 -1.5117 -0.839711 -1.00884 -1.22964 -1.16911 -0.966705 -1.44397 -1.45293 -0.841708 -0.656044 -1.0253 -1.12942 -0.698187 -0.536889 -1.64217 10.6737 10.2474 62.0332 94.9749 130.742 138.983 157.698 125.353 112.417 106.889 145.536 120.152 107.884 102.751 99.0285 96.6304 95.1456 94.623 94.735 95.763 96.1746 99.6702 102.25 107.038 114.688 125.974 156.649 200.193 195.43 186.648 178.123 164.414 150.88 133.137 109.848 80.3787 27.3956 4.53596 3.3349 2.76331 3.24043 3.35063 3.37624 3.71255 
-1.03906 -0.912803 -1.28051 -1.34125 -1.03801 -1.47587 -1.38262 -1.22839 -0.942009 -1.20771 -1.07778 -1.25355 -1.48121 -1.00582 -0.542268 -0.887932 -0.864373 -0.896035 -0.937868 -0.314733 9.07548 6.2926 58.4475 93.4214 129.611 137.851 154.437 138.882 115.422 109.602 143.643 122.839 109.05 104.627 100.294 96.8732 95.9039 94.2841 95.4162 95.4647 96.201 99.1553 103.449 107.195 114.318 125.682 154.4 198.56 195.522 188.312 177.424 164.558 151.625 133.771 110.918 81.6526 30.3724 4.71066 3.70954 2.64247 3.14774 3.03139 3.13108 3.23278 
-1.71593 -1.54313 -1.48114 -2.00877 -1.83969 -1.15411 -1.13687 -1.14704 -1.11455 -1.17783 -0.804079 -1.18256 -1.25686 -0.828539 -0.941141 -1.1519 -0.881634 -0.921657 -1.12246 -0.308625 7.39838 5.13184 56.0366 95.0518 124.004 138.383 152.439 148.039 119.987 113.131 144.643 125.094 111.15 105.072 100.856 98.3727 96.6386 96.2528 95.8025 96.3113 98.0242 100.759 103.515 107.895 114.18 125.014 152.975 195.638 195.489 187.203 178.379 166.244 150.924 135.3 111.493 83.5806 31.4214 4.51942 3.73663 3.16949 3.15457 3.36588 2.92629 2.99394 
-0.843308 -0.785848 -0.954368 -1.3211 -1.31857 -1.83294 -1.26383 -1.19245 -1.49506 -1.01649 -1.29258 -0.905405 -1.42869 -0.90707 -1.34415 -0.923057 -1.09851 -1.12974 -0.942942 -0.613537 8.36251 1.63573 55.5479 93.7959 124.849 135.508 153.774 156.064 125.746 117.049 142.91 131.35 113.792 107.029 103.19 101.027 97.4268 97.0322 96.9155 98.1608 98.9671 101.009 104.026 108.594 114.971 126.336 152.249 193.533 195.853 187.857 176.988 165.25 151.824 134.637 112.079 83.365 31.5157 4.86786 2.7952 2.73805 3.10205 2.82638 2.80946 3.04921 
-1.57217 -1.35572 -1.47632 -1.05849 -1.01252 -1.66512 -1.30472 -1.56711 -1.63719 -1.26685 -1.44495 -1.44347 -1.2722 -1.37863 -1.19207 -0.995417 -1.49978 -1.0961 -0.663162 -0.510973 5.42974 3.09962 55.702 90.2158 119.964 135.903 153.68 165.268 132.5 122.091 144.327 138.652 115.816 108.64 103.887 100.696 99.8708 97.9658 98.0568 98.6437 100.099 102.835 105.173 110.195 116.96 128.819 153.823 190.611 195.327 186.829 177.76 165.899 152.38 134.53 112.939 83.591 33.4477 4.49551 3.19324 2.826 2.54555 2.83361 2.97944 2.6885 
-1.26371 -1.42139 -1.5357 -1.4167 -1.52027 -1.16003 -1.8356 -0.723855 -1.49163 -1.35788 -1.00591 -1.47271 -1.18965 -1.29323 -1.52395 -0.851594 -1.15587 -1.19179 -0.907493 -0.730707 1.63671 6.92277 52.6846 89.7051 119.954 135.982 152.879 166.434 149.695 128.101 146.868 142.988 117.653 110.504 105.868 103.401 100.343 99.9023 99.98 100.406 102.052 104.298 107.582 111.287 119.835 133.057 157.035 190.078 195.9 189.038 178.199 165.631 153.719 135.687 112.573 84.5137 35.318 4.19139 2.66856 2.42659 2.97603 2.72464 2.48363 2.53455 
-1.79983 -1.32875 -1.25774 -1.38252 -1.19997 -1.38707 -1.0136 -1.52026 -1.24589 -1.30455 -1.08282 -1.36996 -1.55648 -1.27908 -1.09976 -1.02519 -1.13288 -1.42801 -1.64661 -0.646926 -0.19544 10.5171 48.3635 87.514 116.887 135.489 151.996 165.121 170.452 138.397 153.129 148.565 120.57 115.062 107.18 104.391 102.672 101.307 100.964 102.146 103.828 106.397 109.242 114.585 123.556 139.643 154.578 187.337 196.467 188.655 177.7 166.115 154.693 135.904 113.785 85.054 36.1021 3.58644 2.87587 2.50477 2.44868 2.68847 2.67377 2.76081 
-1.60721 -1.39917 -1.44091 -1.40326 -1.39279 -1.20145 -1.17149 -1.68487 -1.5241 -1.5508 -0.862647 -1.90392 -0.947883 -1.1844 -1.53786 -1.0536 -1.06516 -0.700939 -1.0811 -1.18078 3.64878 10.6187 45.8092 87.1985 114.792 135.225 152.233 164.312 176.056 165.122 163.116 156.232 126.889 116.119 111.021 107.539 105.837 103.88 105.45 105.654 107.29 110.205 113.443 121.981 132.612 141.525 153.803 185.887 195.944 187.662 179.274 167.446 154.137 135.796 114.392 85.5954 37.1682 3.63755 2.99238 2.37867 2.56074 2.50676 3.0694 2.5276 
-1.65356 -1.3095 -2.13351 -0.947603 -1.38362 -1.29503 -1.21076 -1.32464 -1.27865 -1.3524 -1.4837 -1.22643 -1.15904 -1.03703 -1.65945 -1.1639 -0.997009 -1.22813 -1.4662 0.940118 2.98643 9.78186 42.9312 86.3687 114.619 133.899 152.501 164.006 175.83 185.492 183.949 168.286 134.254 124.11 116.782 112.022 111.298 109.694 109.263 110.232 114.04 117.627 122.836 127.104 131.078 139.947 152.189 181.636 196.551 188.763 178.213 167.059 154.14 135.996 114.191 86.34 39.7451 3.29421 2.9332 2.64652 2.70952 2.60251 2.62023 2.56609 
-0.240541 -0.796457 -0.567512 -0.413819 -0.458017 -0.430677 -0.345444 -0.037259 -0.666973 -0.106672 -0.298041 0.159147 0.00940419 -0.367059 0.0884058 -0.101631 -0.177058 -0.106578 0.479728 3.54918 3.84028 8.93424 39.7304 85.4549 113.917 134.52 152.312 165.238 177.789 187.208 193.373 188.386 147.602 135.732 127.645 122.822 119.988 117.248 116.377 115.821 117.755 118.632 121.886 124.893 130.22 137.271 149.842 178.368 196.06 187.771 177.87 165.324 154.058 136.993 114.655 88.1515 42.0885 3.55696 3.2229 2.24149 2.56462 3.02671 2.70804 3.18132 
-0.344265 -0.311793 -0.172242 -0.284899 -0.148485 -0.301529 0.152521 0.393262 -0.25767 0.126624 0.00732425 -0.620039 -0.382602 0.0706072 -0.0225518 -0.0745321 0.0393798 0.0376668 0.687686 2.35245 3.78222 7.26215 37.5992 88.3067 107.952 134.222 153.582 166.619 178.081 188.671 195.283 192.182 147.828 135.381 128.413 123.658 120.4 118.513 116.737 116.754 117.963 118.85 121.65 124.907 129.226 138.304 149.374 176.097 195.948 188.489 178.185 166.787 154.994 137.157 115.818 88.1875 43.9956 3.38612 3.22841 2.93839 2.71215 2.55319 2.31458 2.52112 
-0.405531 -0.325268 -0.51973 -0.313645 -0.444781 0.063524 0.11934 -0.591917 -0.286362 0.501158 0.0480043 -0.496332 -0.177984 -0.122599 0.0120318 -0.204236 -0.0748789 0.0161241 1.23094 1.80545 2.48681 9.50099 36.6012 85.888 108.991 133.124 153.12 166.302 177.495 188.667 194.371 194.821 148.538 137.42 129.897 123.854 120.837 118.653 116.847 117.903 117.89 119.6 121.632 124.908 129.795 136.851 148.949 174.695 195.682 188.211 179.12 167.409 154.705 137.641 116.413 88.741 46.426 3.03361 3.14126 2.20391 2.31237 2.54564 2.79193 2.87657 
0.419383 -0.0143434 0.624845 0.0861714 -0.611598 -0.00605134 -0.700839 -0.39487 -0.0980739 -0.454089 -0.300921 0.322004 -0.463523 -0.465485 -0.38022 -0.251824 -0.428627 0.223703 1.42852 2.0671 3.98152 7.64074 33.2035 85.5834 108.269 133.295 153.047 165.079 178.116 187.812 195.177 197.91 151.36 137.737 131.281 124.677 120.856 119.539 116.945 117.048 118.139 119.135 121.283 124.811 129.558 136.729 147.713 165.01 199.489 187.922 178.588 168.426 156.326 137.989 115.956 89.9683 50.103 2.21281 2.83577 2.45971 1.54726 2.27204 2.1911 2.47502 
-0.122826 -0.137896 -0.191992 -0.442288 -0.584007 -0.143801 0.0587194 -0.495153 -0.195181 -0.667309 -0.334884 -0.294031 0.0345283 -0.12928 0.0631834 -0.217897 -0.276865 0.489772 1.04983 2.21132 4.09644 6.05234 38.6354 77.1785 106.948 132.031 152.351 165.37 177.29 188.771 196.638 199.725 151.117 138.935 130.258 125.4 122.217 119.694 118.476 117.434 118.456 119.6 121.948 124.59 129.112 136.038 146.926 163.322 202.17 188.941 180.168 168.108 155.622 138.774 117.48 91.0983 52.9474 0.978 3.81419 2.44242 2.49383 2.45735 2.40585 2.73931 
-0.0830645 -0.0678165 -0.923203 0.0607174 -0.355772 -0.159308 -0.278503 -0.060434 -0.343664 -0.0639582 -0.567951 -0.541218 -0.707818 0.591815 -0.277743 -0.212356 0.376898 0.460435 0.533826 2.40259 3.95583 4.88493 36.4686 76.2747 107.344 132.158 153.368 166.673 176.835 187.358 196.07 201.872 153.394 139.321 131.263 126.234 121.42 120.621 117.887 117.566 117.916 118.842 121.087 133.996 130.563 135.817 146.927 161.741 199.96 188.895 181.357 169.677 155.784 139.845 117.553 92.2847 56.2786 0.497535 2.80722 2.03987 2.58741 2.15756 2.14056 2.98418 
-0.115924 -1.05878 -0.164635 -0.00202558 -0.130716 -0.229152 -1.67764 0.188763 0.2642 -0.461464 0.10662 -0.222501 -0.586607 -0.238072 -0.0821058 -0.0678018 -0.274337 0.266679 0.242892 3.18789 3.08946 14.0293 27.8919 75.9665 105.647 131.593 151.742 165.359 177.718 187.703 196.17 204.546 154.495 139.904 131.761 126.626 122.495 120.484 117.785 117.648 117.947 118.926 121.74 123.949 129.401 135.892 146.779 161.452 199.851 189.189 179.385 169.501 156.825 139.994 119.155 93.3744 59.0778 0.609517 2.80938 2.49867 2.48972 2.15936 2.5254 2.8204 
-0.587694 -0.270324 0.260022 -0.290451 0.0789735 -0.372827 -0.796533 -0.11083 0.00115445 -0.551438 -0.152335 -0.199052 0.58322 -0.285687 -0.319876 -0.157704 -0.220972 -0.0383978 1.63631 1.57694 11.7147 5.65652 26.4277 75.5386 104.209 131.289 151.871 165.504 177.464 188.559 196.848 203.662 156.387 141.726 132.369 126.341 122.821 120.462 117.95 118.515 117.69 119.374 122.091 124.969 129.388 134.985 144.779 159.014 196.662 189.267 180.711 169.28 159.406 141.216 120.11 95.6304 61.0739 1.73294 4.09448 2.81982 2.6089 3.06455 2.49719 2.49787 
0.391157 -0.418488 -0.181498 -0.396289 -0.229997 -0.235951 -0.245981 -0.0118991 0.182635 -0.796689 -0.336163 -0.60582 -0.584463 0.192228 -0.138228 0.207378 0.00434866 -0.0032167 2.93514 5.38369 6.09973 6.3186 23.2687 73.0663 103.583 129.472 150.777 165.027 178.034 188.492 196.487 201.376 160.904 143.629 133.844 128.236 123.343 120.967 118.914 118.336 118.342 118.967 120.943 124.277 129.38 134.334 143.282 158.375 194.953 190.019 182.048 171.153 160.762 143.986 123.44 98.5812 65.745 6.95967 4.92472 3.5731 3.18153 3.20072 3.05541 2.89173 
0.0511948 -0.337241 -0.350867 0.0723326 0.292713 0.0436016 -0.412147 0.267189 -0.405994 -0.0397096 0.314534 -0.630024 -0.284428 -0.0190024 -0.30606 -0.27064 0.0246356 2.49005 2.76215 5.36014 5.30671 6.22916 18.4295 70.831 101.265 128.066 149.153 164.655 176.375 188.624 196.167 202.13 165.521 145.298 134.928 129.527 123.934 121.229 118.65 118.901 119.924 120.479 121.785 123.996 127.676 134.253 141.763 155.788 189.714 192.536 182.816 172.574 160.785 145.583 126.59 102.456 71.0779 11.5039 5.46198 4.5061 4.14197 3.47774 3.26758 3.13905 
0.0147636 -0.262462 -0.106802 -0.417498 -0.111907 -0.285524 -0.731562 -0.255953 -0.195187 0.0313941 -0.726923 -0.378142 0.0607647 0.215842 -0.166137 -0.463762 0.0944836 3.50485 3.14757 5.43227 4.6823 6.78426 17.8146 71.0153 101.875 127.253 149.641 164.968 177.828 188.447 196.41 202.579 167.226 146.098 136.028 128.8 124.196 121.499 119.881 118.727 118.242 120.295 121.908 123.316 126.126 132.247 140.596 153.943 187.8 190.713 183.102 173.182 161.204 146.868 129.467 104.783 73.2099 14.2633 5.94162 5.41978 4.9322 4.02406 3.38687 3.58591 
-0.141077 0.239161 0.0419237 -0.0718878 0.0637941 -0.0116914 0.273398 0.499575 0.753292 0.159008 -0.0438265 -0.40926 -0.377666 -0.516801 0.0928967 -0.328604 0.996012 11.5508 6.29239 7.38838 6.32889 5.99598 17.6073 70.8347 102.501 128.194 150.135 164.267 177.402 187.267 195.942 202.521 167.74 146.455 136.445 129.968 125.831 121.913 120.509 118.855 119.411 119.884 121.338 124.07 127.91 132.056 140.353 152.184 185.065 194.125 184.605 174.836 161.437 148.241 130.851 107.45 75.0174 17.6441 6.67044 5.97425 5.64175 4.63348 4.28649 3.25794 
-0.680734 -0.0718995 -0.336559 -0.24095 0.342711 -0.363682 -0.477025 -0.615059 -0.043056 0.375217 -0.0766449 -0.559826 -0.12537 -0.341535 0.305351 -0.307593 8.87962 14.1206 4.86006 2.80379 3.99182 4.19433 15.9651 71.3708 102.642 127.9 150.779 166.147 178.836 189.277 197.828 204.469 170.95 150.554 139.643 131.668 126.557 124.567 121.191 120.664 120.905 122.288 123.464 126.713 130.343 135.157 143.806 155.482 187.255 198.227 190.273 179.5 167.92 152.881 139.249 117.527 88.1925 43.3313 5.69854 5.27918 4.778 5.33298 5.58676 5.30002 
0.207383 0.650739 -0.666075 -0.369774 0.0745224 0.212588 -0.237073 0.0476677 0.311169 -0.0517739 -0.0383206 -0.330628 0.0622777 0.829103 -0.456138 0.166256 5.86292 13.4765 13.5715 7.39165 4.69592 9.29492 57.2474 95.0014 121.776 141.048 160.01 174.558 187.977 197.02 205.588 212.936 179.45 157.55 146.117 138.706 131.663 128.714 130.525 132.845 135.59 139.383 142.136 145.266 150.874 158.12 167.189 179.439 211.705 227.881 221.816 213.626 203.162 192.862 179.888 175.475 160.853 143.038 129.634 106.273 83.9506 49.0852 12.919 9.20206 
-0.112703 0.022407 -0.00899702 -0.633792 -0.174324 -0.530486 -0.331782 -0.397733 0.230238 0.210815 -0.439526 -0.285385 0.619728 -0.41573 0.124274 0.216467 1.01261 12.3013 17.2255 19.036 19.2708 33.6947 83.7413 119.705 138.314 155.114 173.797 191.358 203.645 218.294 229.258 237.565 209.507 187.787 177.646 171.968 170.422 167.788 165.683 163.923 165.106 165.892 168.066 171.504 176.278 181.912 191.487 204.331 237.657 255.71 248.415 239.907 229.187 218.523 206.181 199.333 194.955 187.305 175.401 151.06 124.92 94.1033 37.8143 1.40852 
0.111766 -0.295855 -0.151291 -0.206419 0.232571 0.129103 -0.31705 -0.160544 -0.172091 -0.29915 0.137584 0.0536009 -0.0776491 -0.231193 -0.0610483 0.102016 -0.390105 3.04726 14.0524 19.845 17.4321 75.9202 108.684 137.381 152.514 176.199 196.494 212.995 224.1 235.479 245.627 253.502 221.305 197.582 185.906 179.591 174.781 171.952 171.129 169.83 169.809 171.148 173.182 177.114 181.544 187.229 196.755 208.096 241.303 264.026 259.141 250.809 240.311 228.757 217.401 204.758 198.603 188.811 176.605 158.071 117.301 86.159 55.5105 3.26717 
0.538955 -0.209363 0.313179 -0.0292214 0.274318 -0.469386 -0.361127 -0.00509696 -0.263692 0.364024 -0.0389091 0.0263728 -0.122783 -0.0715675 0.113097 0.473876 0.239399 -0.0448563 1.65819 11.2813 30.6965 91.3857 121.149 140.737 155.995 179.902 197.37 213.776 225.409 238.264 248.04 256.482 225.23 202.44 189.533 182.401 178.313 175.661 172.968 172.551 172.317 173.262 173.572 176.21 181.291 187.731 194.931 208.696 239.707 261.412 256.22 249.444 240.755 231.466 220.374 206.29 196.757 186.16 171.328 141.976 113.275 87.0745 55.644 2.67927 
0.272543 -0.0871667 -0.540321 -0.164599 -0.678951 -0.293365 -0.543475 0.503597 0.143521 0.289327 -0.430901 -0.280772 -0.105258 0.194249 -0.443144 -0.315828 -0.201715 0.683948 0.807679 0.913436 15.3479 91.3971 122.308 138.605 154.341 176.31 194.377 211.394 224.527 235.358 244.678 254.147 227.347 201.018 189.07 181.508 177.165 172.202 170.541 168.588 167.467 167.248 167.643 171.079 173.851 181.044 188.664 200.225 231.558 254.237 247.071 240.392 232.379 225.12 214.609 202.939 191.245 177.132 161.053 134.28 109.398 76.6536 25.6157 1.36719 
-0.599611 -0.0565016 -0.373461 -0.757448 -0.132986 -0.112044 -0.283885 0.557607 -0.677525 -0.894227 -0.185513 -0.283951 0.194033 -0.0202061 -0.105114 -0.403796 0.259958 0.285397 0.329227 1.22417 -0.00596649 58.2897 112.033 134.225 150.438 173.587 191.862 206.533 219.765 230.769 241.815 248.365 224.961 197.924 183.521 175.32 168.46 164.125 161.397 159.881 158.485 158.216 159.01 161.292 164.624 169.593 177.792 190.287 214.903 242.567 235.784 228.352 219.611 211.72 201.959 191.835 179.892 164.65 143.859 122.659 90.1245 36.0781 1.15147 1.18114 
-0.138152 0.325462 -0.561102 -0.211473 -0.0211928 -0.175163 0.0661157 -0.452422 -0.424793 -0.0888239 -0.268572 0.113383 -0.41197 0.260488 -0.649027 0.21502 -0.00107459 0.0428114 0.348219 0.948249 1.66546 2.74343 86.2728 121.58 142.763 166.068 185.409 200.611 212.178 219.959 231.94 236.83 215.377 187.808 173.537 163.719 157.729 151.962 149.429 148.257 145.44 143.993 145.14 147.09 150.471 155.554 162.485 173.471 189.685 229.027 217.115 211.355 200.679 191.597 182.747 170.09 156.578 137.85 109.966 78.1009 27.0282 1.2679 2.48922 1.5522 
-0.219795 0.253963 -0.329603 -0.38459 -0.327114 -0.596278 -0.144004 -0.96879 0.0370184 0.423082 0.211147 -0.113033 -0.603568 0.0553146 -0.056911 -0.154436 -0.231213 -0.475337 0.203173 0.857269 1.51666 2.29824 14.4881 85.1382 121.403 150.973 173.13 186.655 196.559 206.273 218.034 221.913 201.959 175.467 161.752 152.308 145.932 141.233 137.926 134.364 133.62 133.214 134.248 135.883 138.355 146.006 153.216 163.742 180.145 218.216 208.215 201.624 189.179 180.921 172.544 156.861 136.568 113.804 83.7478 33.6615 3.92006 2.79877 2.06276 1.14493 
0.117498 -0.131841 -0.0513384 -0.137169 0.147735 0.0182082 -0.104357 0.20412 0.262472 -0.172528 -0.476907 -0.0733387 -0.125419 -0.447063 -0.561089 -0.127247 -0.279244 0.0534251 -0.132309 1.00844 1.51059 2.01223 10.5076 68.139 102.066 126.584 147.743 166.538 179.409 187.105 199.331 207.625 189.594 163.548 151.32 144.321 138.44 134.59 132.529 131.858 130.353 131.244 131.477 134.786 138.755 144.176 151.04 161.904 179.066 216.932 207.553 201.515 189.3 178.879 172.491 155.907 136.49 113.513 82.684 33.4384 3.65885 2.52 1.42447 1.12123 
-0.0509615 -0.577504 -0.480267 -0.296931 -0.740193 -0.0643812 0.346966 -0.016801 0.0158461 0.669883 -0.229802 -0.169545 -0.630634 -0.254223 -0.517823 0.0376284 -0.150011 -0.0551549 0.0635732 -0.115959 0.51202 2.26443 7.95612 65.8557 98.6178 126.722 147.548 165.954 177.83 187.625 199.931 206.427 190.322 163.769 150.708 143.579 137.64 135.155 132.051 130.634 129.358 130.16 130.399 133.374 137.552 142.372 150.38 162.392 179.074 215.179 206.117 200.389 189.718 178.782 171.953 156.093 136.715 113.674 82.1778 35.9916 3.13697 2.46335 1.52011 1.25062 
0.200433 0.455345 -0.205903 -0.484323 0.145659 0.0539912 -0.160894 -0.304316 -0.424075 -0.133047 0.212439 -0.593693 -0.524709 -0.280996 -0.233046 -0.0771706 0.106105 0.30427 -0.100236 0.185647 1.18325 0.592218 6.58057 65.2703 99.3582 125.71 147.975 164.918 176.875 188.173 199.677 205.071 192.4 164.023 151.185 143 138.046 132.929 131.285 130.395 129.478 130.149 130.935 132.889 136.253 142.503 148.51 159.846 176.79 211.481 205.128 197.585 187.254 178.492 172.016 155.282 136.882 112.748 83.4335 36.3402 2.34754 1.78264 1.04608 0.623516 
-0.405764 -0.0712903 -0.484521 -0.319156 -0.0940524 -0.237743 -0.168434 -0.198043 -0.100127 -0.143561 0.194252 -0.318904 0.274682 0.0876044 0.468479 -0.0871209 -0.0699075 -0.0764592 -0.602935 -0.236788 0.264944 1.27362 5.61175 63.3735 97.3637 124.368 146.889 164.403 176.021 186.575 198.471 204.169 190.955 164.315 150.328 142.292 137.873 132.504 129.187 128.563 128.573 128.653 130.404 133.362 136.233 143.085 149.123 159.214 174.911 212.869 205.699 197.682 188.431 179.675 170.817 155.601 136.681 113.091 84.7158 37.0842 3.30358 1.407 0.323038 0.621818 
-0.479136 -0.666703 -0.329596 0.532349 -0.524152 -0.11475 -0.609065 0.0114548 -0.347247 -0.374522 -0.932929 0.119044 0.0818001 -0.0267924 0.197406 0.0308538 -0.202868 -0.374792 -0.12343 -0.408668 0.628813 1.04814 5.62482 61.2933 94.9173 122.985 147.204 163.549 173.325 182.195 197.178 204.633 192.854 164.13 151.247 142.537 137.828 132.857 131.076 127.907 127.833 127.814 129.501 131.307 133.673 140.459 147.25 157.632 172.946 207.527 207.018 199.314 190.261 178.31 172.824 155.849 137.799 114.365 85.6467 42.3245 1.69462 1.14946 -0.131083 1.05679 
-0.348224 -0.556267 -0.533641 -0.252356 -0.571056 0.00341531 -0.184008 -0.336964 -0.125352 -0.299008 -0.611174 0.414405 -0.25435 0.100605 0.286667 -0.195814 -0.285352 0.064612 -0.0275405 -0.102198 0.52535 0.594916 -0.624196 56.2222 92.8247 120.871 143.807 162.161 173.1 182.445 196.084 204.103 198.014 165.393 152.46 142.801 135.962 132.642 130.655 128.426 127.531 128.189 130.732 131.285 135.028 140.181 146.365 156.717 169.7 205.931 208.093 199.127 191.585 177.373 175.091 157.655 139.236 117.252 89.09 51.4993 -0.690527 1.20717 0.721804 0.773384 
0.00129414 -0.00769725 -0.544314 -0.411352 -0.177834 0.461137 -0.215076 -0.238552 0.403169 -0.41006 -0.295677 -0.161972 -0.26364 -0.00755519 -0.237331 -0.208574 -0.219967 0.713497 -0.0480106 -0.612906 0.232672 0.836354 0.247286 57.5793 92.05 120.462 143.274 160.792 171.422 181.011 195.631 202.028 199.166 165.467 150.975 142.401 136.863 132.883 130.052 127.799 127.118 128.041 128.785 130.4 133.651 138.292 146.918 154.88 169.76 202.228 207.563 200.318 191.543 180.373 174.647 158.874 140.663 117.932 90.1346 53.7148 -0.954309 1.43449 0.70442 0.403308 
0.246273 -0.175589 -0.279415 -0.598684 -0.604219 -0.174094 -0.256622 0.0376078 -0.193681 0.0961422 -0.40719 -0.346334 -0.146821 0.397529 -0.246374 -0.0864712 -0.0772419 -0.397572 -0.130999 -0.225752 -0.212808 1.61673 -1.54763 54.1306 90.6554 119.091 142.14 162.051 172.499 180.363 193.32 202.805 199.079 165.752 150.95 141.835 135.618 131.352 130.239 128.576 127.573 127.687 128.002 130.456 134.057 138.332 146.38 154.328 169.346 199.857 207.227 199.278 190.484 179.602 175.712 159.397 142.088 118.447 91.3149 54.5277 -0.297555 1.5639 1.0003 0.910029 
-0.202328 0.303541 -0.218385 -0.754734 -0.534801 0.170989 0.0264843 -0.128508 -0.669094 -0.765693 0.0488833 -0.0188784 -0.466878 0.585701 -0.721093 -0.0972265 -0.145769 0.238968 -0.361024 0.00702773 0.687094 1.28964 -0.943483 53.2697 88.7472 117.645 142.286 160.233 171.248 180.312 193.371 201.499 212.947 165.883 151.499 142.732 135.535 131.872 128.664 127.255 126.734 126.185 128.556 130.252 132.732 138.662 146.18 154.059 167.875 199.813 209.218 200.291 192.42 176.334 179.119 160.822 142.287 119.289 91.4084 56.3824 -0.0340719 2.24481 1.11229 1.04114 
0.178821 0.0943935 -0.60586 -0.457051 -0.209972 -0.457829 -0.0456462 -0.00978493 -0.618609 -0.146764 0.290839 -0.182035 -0.49197 0.262993 -0.337432 0.160529 -0.792586 -0.186904 0.246215 0.306099 0.352171 1.50634 -0.90128 52.8098 90.3552 118.563 141.831 160.167 169.345 178.145 192.592 201.394 200.394 166.2 151.78 142.42 136.46 132.674 128.681 127.231 128.062 126.971 129.349 130.58 134.595 138.989 145.485 154.155 167.233 199.988 208.915 199.844 191.993 176.551 181.228 160.655 143.89 120.732 94.0341 58.494 1.84326 2.4251 1.63379 1.79666 
0.0970358 0.447133 -0.070057 -0.182761 -0.378699 -0.116075 -0.0634548 -0.0614704 -0.345345 -0.102128 -0.310773 -0.583387 -0.336185 -0.504764 -0.360407 -0.0188577 -0.45282 0.127929 0.408349 0.632388 1.12679 1.98155 -0.362662 50.9067 89.4935 118.132 141.757 159.605 169.985 179.093 191.923 200.516 199.815 166.537 151.886 143.491 135.584 131.793 128.29 127.887 127.423 127.261 129.501 129.605 132.205 138.022 144.953 153.747 166.022 196.64 209.015 201.254 192.566 177.863 179.222 161.759 144.74 122.325 95.9612 61.7794 3.40642 3.93374 2.424 1.8644 
