0.493181 0.510157 0.0920961 0.400628 0.277153 0.503095 0.296012 0.559144 0.521758 0.322782 0.483063 0.7213 0.712452 0.400926 0.492286 1.16997 1.66003 14.6608 70.7794 101.146 128.345 148.039 164.573 173.672 183.686 192.842 201.322 202.136 168.365 154.108 145.673 137.335 131.197 128.509 127.359 126.451 126.75 128.507 130.508 133.745 139.018 145.713 156.041 173.878 209.944 204.661 193.667 185.766 169.195 170.253 154.734 135.432 111.592 82.7967 34.1206 0.742881 -0.323135 -0.838793 -1.1447 -1.0611 -0.634384 -0.830541 -0.9209 -1.18885 
0.485359 0.504515 0.276338 0.387225 0.119312 0.337494 0.343551 0.307769 0.343342 0.167586 0.103474 0.408182 0.347404 0.367623 0.396522 1.10566 2.24237 14.3065 69.5363 101.702 127.335 148.648 165.426 174.512 183.524 193.432 201.249 203.628 168.949 153.532 144.712 136.98 130.367 128.779 126.269 127.751 127.195 128.868 129.75 133.425 139.718 146.821 157.176 173.354 210.587 205.521 193.906 185.016 168.492 171.105 154.784 136.385 111.709 81.8099 34.8157 0.844006 -0.2669 -0.516166 -0.702907 -0.72738 -0.423892 -1.0135 -0.651453 -0.976879 
0.91461 -0.0505949 0.776975 0.577518 0.631962 0.400157 0.676311 0.726728 0.451344 0.967642 0.243915 0.618709 0.633718 0.69131 0.407833 1.12547 2.52122 14.564 69.5673 100.655 127.806 148.369 165.293 173.871 183.352 192.51 202.211 202.067 169.968 154.811 145.245 138.131 131.76 128.392 127.935 127.375 127.252 128.342 130.131 133.726 138.975 146.129 156.171 173.015 211.774 204.632 196.208 186.51 171.699 170.657 154.588 136.104 111.403 83.4245 34.5519 0.591022 0.0854757 -0.625919 -0.582714 -0.4067 -0.570826 -0.457782 -0.57306 -0.328694 
0.298124 0.0975724 0.3982 0.619722 0.512394 0.516199 0.257408 0.261268 0.322657 0.131896 0.597096 0.341789 0.432291 0.533989 0.668569 0.95688 2.04446 13.0328 69.4019 101.525 126.831 149.303 165.128 174.774 183.343 193.784 201.678 204.635 169.307 155.877 144.518 138.207 131.095 129.818 126.846 128.68 130.051 131.79 131.91 134.222 140.949 146.629 158.061 175.48 212.684 206.68 195.611 186.162 174.022 170.345 154.794 136.712 111.402 82.5202 35.163 0.941605 0.0307975 -0.563499 -0.878336 -0.881098 -0.6005 -1.07771 -1.40049 -1.21124 
0.550402 0.573631 0.397856 0.904401 -0.227076 0.459779 0.093958 0.520351 0.747279 0.629435 0.430633 0.678796 0.404966 0.329302 0.800977 0.984608 2.46037 13.0555 68.4154 101.186 127.217 149.07 166.331 175.026 183.792 194.484 202.23 205.141 169.825 156.85 146.71 138.607 131.189 130.523 128.05 130.884 127.768 129.314 131.739 134.371 139.383 148.638 157.493 175.707 213.448 206.379 196.148 186.682 173.614 171.9 156.001 136.68 112.027 83.0149 35.352 1.25798 0.3251 -0.17719 -0.506692 -0.626769 -0.862414 -0.70905 -0.406808 -0.574209 
0.726887 0.134736 0.360789 0.15744 0.132851 0.81661 0.481877 0.34218 0.614542 0.153905 0.613827 0.727113 0.356093 0.461779 0.308323 1.31657 2.65983 12.1908 68.4974 101.743 127.225 149.033 166.453 176.15 182.573 195.22 201.795 208.026 171.866 156.181 147.107 138.663 132.88 131.052 129.022 129.508 134.561 130.598 132.067 134.734 140.892 148.116 158.362 176.119 213.469 206.962 196.373 186.891 173.74 171.766 156.298 137.266 113.228 84.3263 36.4593 1.39959 0.568213 -0.478718 -0.436343 -0.791952 -0.690898 -0.581181 -0.916799 -1.34953 
0.26674 0.493188 0.449857 0.474245 0.171216 0.296137 0.156807 0.51477 0.753607 0.648558 0.468409 0.343416 0.0100231 0.772228 0.327599 1.72027 2.4527 8.16657 65.3493 98.2671 126.201 146.751 165.356 175.376 184.336 195.055 203.074 212.121 176.089 159.463 148.826 141.167 134.37 131.946 129.552 129.804 130.112 129.933 132.083 135.953 141.341 148.581 158.323 173.852 210.933 209.482 200.495 191.862 179.238 173.922 159.665 140.466 117.428 89.1879 44.5516 0.584769 1.15891 -0.0823155 -0.622522 -0.623653 -1.12102 -0.662461 -1.18266 -0.571669 
0.41817 0.327519 0.249584 0.32418 0.395584 0.767496 0.437887 0.876418 0.539324 0.781424 0.59785 0.47447 0.571169 0.721948 1.12988 1.42996 2.85519 7.22194 64.0788 98.4693 124.686 146.538 163.36 175.811 185.48 197.331 204.233 213.622 176.852 161.288 151.163 142.334 136.009 132.423 130.48 130.167 131.127 131.968 133.331 136.141 141.416 148.888 158.116 174.004 209.876 209.803 200.961 190.613 178.12 174.789 159.269 140.587 117.974 90.0932 49.548 0.864656 1.23877 0.197013 -0.781113 -0.599967 -0.906012 -0.409122 -0.338233 -0.371847 
0.577132 0.467238 0.658757 0.541078 0.385043 0.340271 0.423269 0.370402 0.577007 0.456845 0.623951 0.0307641 0.50242 0.525084 1.06059 2.15157 2.87452 6.10347 63.9515 98.4852 125.057 147.073 164.49 175.172 185.715 197.229 206.666 218.063 180.493 163.025 154.526 145.744 138.762 135.524 133.348 132.688 133.266 133.795 135.71 138.331 143.636 151.194 159.79 177.127 213.411 213.229 202.714 192.409 179.516 175.381 160.851 141.946 120.168 91.0431 46.9726 0.964169 1.12393 0.0890024 -0.827524 -0.599219 -0.862915 -1.02206 -0.887095 -0.401283 
0.624952 0.00132886 0.806236 0.306173 1.00733 0.551399 0.534695 0.388946 0.654697 0.410286 0.761296 0.484733 0.357197 0.299278 0.87809 1.74389 3.13471 4.33283 64.3706 103.016 131.096 155.101 173.771 186.661 195.117 205.95 216.322 228.289 187.394 171.008 161.906 155.93 151.421 148.448 144.677 142.459 142.876 142.763 143.128 144.47 150.231 158.675 166.854 183.569 223.108 223.963 214.624 204.254 192.051 185.121 168.021 150.718 128.871 98.8158 60.2655 6.64035 1.15608 0.228628 -0.233876 -0.861612 -0.874344 -0.730512 -1.18005 -0.851787 
0.517315 0.81962 0.236664 0.488426 0.395995 0.0342619 0.323047 0.673417 -0.00940678 0.54658 0.407638 0.267777 0.659905 0.849359 1.06982 1.709 1.67403 51.4644 92.1822 121.123 146.319 168.365 184.876 196.435 211.059 218.875 230.587 249.899 208.534 193.511 188.84 183.204 174.48 172.701 162.493 163.393 164.278 164.246 166.254 169.146 174.286 183.568 193.635 205.695 247.09 243.492 233.266 222.502 209.547 198.286 184.811 168.901 148.813 125.737 97.1347 59.0962 -0.300229 -0.119327 -0.400452 -0.709335 -0.639956 -0.895072 -0.842172 -0.783059 
1.19773 0.737762 0.440629 0.508323 0.220931 0.42922 0.653457 0.132845 0.360539 0.49045 0.558846 0.732637 0.884451 0.784792 1.2115 1.9994 8.83284 69.4175 106.325 138.462 165.573 185.388 202.184 219.523 227.678 237.182 246.13 253.506 216.741 201.64 195.763 190.652 184.66 180.897 170.913 171.71 173.025 177.069 180.624 185.038 190.397 199.171 210.741 227.841 269.711 273.167 268.777 256.359 244.444 231.404 216.544 198.713 175.805 151.991 124.125 89.9919 38.1987 4.72609 -0.843402 -0.750925 -0.94793 -1.02137 -0.451606 -0.865037 
-0.0436931 0.439977 0.349196 0.660956 0.282333 0.309084 0.145811 0.359137 0.679966 0.24568 0.682449 0.593798 0.69607 1.16093 1.19132 0.598649 35.3633 93.7611 129.458 154.331 177.38 196.157 211.725 225.377 236.04 243.965 243.342 231.773 233.916 207.524 204.219 202.062 206.277 194.479 180.691 181.538 182.927 186.9 189.905 194.259 193.447 201.555 211.418 229.915 273.108 277.912 271.114 263.836 253.619 240.567 225.504 208.758 189.784 168.78 145.317 119.04 89.6421 45.532 -2.43609 -0.711564 -0.766568 -0.619614 -0.907363 -0.706405 
0.44504 0.458114 0.683964 0.736611 0.777865 0.427391 0.231194 0.593144 0.54846 0.775508 0.178364 0.403591 0.462234 0.733437 1.52411 14.2663 75.9502 110.383 138.5 162.755 184.833 201.804 217.409 230.716 238.588 235.279 222.751 230.945 235.712 209.543 203.294 206.337 219.206 205.764 181.08 185.06 186.692 192.379 198.016 196.802 195.581 202.391 212.187 228.481 272.279 279.905 271.443 263.786 252.962 241.589 227.285 211.162 192.092 172.077 148.6 123.258 94.0529 55.7643 -3.91312 -0.675515 -0.958976 -0.818335 -0.886857 -1.06197 
0.240854 0.396941 0.531383 0.366724 0.41579 0.798438 0.515235 0.300871 0.242791 0.649192 0.621869 0.595626 0.82825 0.797702 0.875548 32.6581 83.2729 116.908 146.07 164.586 181.573 198.897 210.729 218.913 225.272 191.831 186.437 198.354 216.765 192.58 181.1 170.04 178.157 202.482 160.427 160.066 169.65 174.41 176.14 169.32 169.848 177.629 188.69 204.087 241.434 253.293 249.174 241.135 230.282 219.328 204.925 189.964 173.809 149.477 118.535 80.5423 32.2561 12.4712 -1.09768 -0.67197 -1.13498 -0.38288 -1.18082 -0.621178 
0.53569 0.36318 0.616244 0.620092 0.460523 0.597027 0.458831 0.90519 0.458709 0.015927 0.641931 0.716483 0.553349 0.845401 1.01434 16.2684 38.3445 58.9943 94.7677 118.138 144.268 164.28 179.524 190.142 188.671 153.383 144.611 147.098 181.891 172.654 162.466 152.747 160.144 149.153 140.038 137.035 145.212 172.813 170.993 153.228 152.61 158.657 167.818 180.908 215.685 226.692 217.899 209.375 197.97 184.044 165.844 143.474 114.859 85.4806 51.5245 5.42288 1.29309 0.381828 0.0432759 -0.619311 -1.02672 -1.06528 -0.771928 -0.616464 
0.234228 0.375101 0.521568 0.772318 0.320222 0.490883 0.549453 0.267327 0.681381 0.266016 0.155041 0.627926 0.587665 0.600147 1.03208 1.18053 2.55034 1.41412 29.8783 80.621 106.995 130.02 150.231 164.161 155.905 122.803 110.703 108.57 135.3 133.98 140.127 135.802 132.965 127.834 121.919 119.939 114.35 151.784 127.141 131.279 133.969 138.366 147.48 160.354 189.288 202.72 195.494 185.41 175.288 162.32 145.751 125.154 99.8409 65.4325 8.7236 2.34071 1.18449 0.461085 -0.616862 -0.777482 -0.923448 -0.675256 -0.520523 -0.480606 
0.349283 0.54376 0.804523 0.621717 0.549184 0.00916823 0.48335 0.81835 0.657504 0.571093 0.72916 0.448025 0.673544 1.23881 0.938178 1.80613 2.32066 3.0026 11.3276 67.809 99.5858 124.551 145.505 160.855 142.929 114.392 103.668 99.5413 121.966 108.202 117.574 131.653 136.4 126.129 119.875 118.355 115.755 136.563 123.808 126.077 130.41 134.667 143.484 155.217 187.482 199.941 193.757 183.971 172.654 159.12 144.002 123.14 98.3328 63.457 7.9167 1.98482 0.654011 0.0799875 -0.160443 -0.638997 -0.655677 -0.30102 -0.509534 -0.472802 
0.460939 0.532915 0.384231 0.492978 0.348263 0.496739 0.50784 0.875109 0.593756 0.418766 0.576917 0.678077 0.867024 0.854457 1.36914 1.1912 1.9806 3.4826 8.43577 60.9207 95.287 122.056 143.625 162.057 125.176 108.368 98.2771 93.2727 116.794 99.972 102.755 109.452 130.112 126.305 118.658 118.135 120.412 127.122 122.702 125.119 129.123 135.013 141.163 152.991 183.403 200.049 193.15 182.211 171.323 159.993 141.81 121.688 95.9484 61.4279 5.04309 1.43815 0.390948 0.0120952 -0.703303 -0.450617 -0.33335 -1.05202 -0.85355 -0.743179 
0.905782 0.598742 0.268393 0.908568 1.05172 0.647062 0.702434 0.485876 0.922625 0.677416 0.716656 0.76751 0.517221 0.848533 1.06602 1.48123 1.54727 2.72498 5.55431 58.7745 91.0378 119.798 140.439 158.388 119.57 105.241 94.8539 88.9268 114.842 96.1385 97.1076 100.375 112.879 120.504 117.006 116.477 120.853 123.881 125.434 124.307 127.319 133.138 140.999 151.32 177.922 198.813 193.015 181.711 170.139 157.202 141.427 119.236 93.8025 61.1459 4.17229 0.743401 -0.508107 -0.821509 -0.894172 -0.872239 -1.03412 -0.852623 -1.13161 -0.903495 
0.893416 0.604048 0.50926 0.667899 0.666459 0.330135 0.837277 0.794596 0.782895 0.430431 0.882021 0.94076 -0.088531 0.430125 0.938286 0.866862 1.44536 1.92602 2.35655 54.33 89.3169 116.573 138.389 156.261 119.063 104.092 92.9513 87.8231 114.567 94.4753 97.4331 97.2278 98.5718 111.699 115.865 118.308 118.607 121.258 121.785 123.399 126.746 132.373 139.147 150.151 172.583 200.289 190.972 181.602 169.823 156.697 139.643 119.053 93.045 58.755 2.97622 0.168584 -0.722442 -0.871371 -0.920561 -1.32671 -0.734259 -0.883295 -0.56692 -0.579425 
0.713127 0.476561 0.544132 0.411739 0.364774 0.119811 0.526814 0.740525 0.398266 0.398842 0.622939 0.603465 0.827848 0.329199 0.559319 0.72936 0.760405 1.46958 -0.0343688 51.6245 87.207 115.739 136.376 156.805 117.416 103.309 92.7894 86.8577 116.462 95.4354 98.695 96.7291 96.2511 103.638 111.592 120.372 117.652 120.978 120.86 122.474 125.334 130.244 138.912 148.762 165.754 204.386 191.518 183.829 169.263 156.379 140.257 118.065 91.7694 58.6204 2.59976 0.553583 -0.819668 -0.679968 -0.725908 -0.98604 -0.504982 -1.29358 -0.922157 -0.837563 
0.300409 0.810881 0.897739 0.782381 0.41547 0.559453 0.278239 0.358298 0.900574 0.712145 0.604 0.708694 0.921913 0.822339 0.911647 0.619029 0.619954 1.6169 0.106726 47.1892 86.7252 113.679 135.442 154.587 122.724 104.131 93.6687 85.8427 117.963 95.8477 102.501 99.5225 97.1788 98.205 107.912 120.891 118.99 121.455 120.572 122.299 126.13 130.355 136.723 147.449 164.384 203.008 190.938 181.336 170.514 156.605 138.701 117.6 92.248 57.3422 3.17312 0.357352 -0.800283 -1.09183 -1.10728 -0.254901 -1.10835 -0.714587 -0.568589 -1.07911 
0.576035 0.911045 0.855274 0.46468 0.622377 0.204048 0.948973 0.90327 0.696262 0.568593 0.403712 0.270775 0.200449 0.837805 0.497575 0.367675 1.0438 1.8296 1.64417 36.4954 82.3479 110.735 132.648 149.641 136.833 107.223 96.1616 87.8412 120.246 98.661 99.1624 104.069 99.6983 98.153 104.331 119.771 119.053 120.734 120.533 122.992 125.055 129.788 134.502 145.506 162.376 198.16 191.365 183.034 172.932 157.756 141.135 119.996 94.7481 60.6013 7.20193 0.331653 -0.54706 -0.750691 -0.349744 -1.05894 -0.733378 -1.30724 -0.887384 -0.64177 
0.0935847 0.85667 0.968046 0.546166 0.834439 0.200125 0.928762 0.67264 0.65403 0.757607 0.764651 0.597348 0.430022 0.997599 1.26125 1.13964 1.08154 1.33698 2.2133 30.7082 78.7258 107.774 131.104 148.468 145.837 111.24 99.9903 91.336 119.124 103.156 103.637 106.637 101.185 100.783 101.606 118.827 118.591 120.473 120.738 121.588 123.491 127.587 134.964 144.792 160.533 194.255 192.687 184.545 174.109 161.488 142.137 120.244 94.6741 61.893 8.0764 0.624084 -0.360478 -0.771532 -1.51526 -1.21275 -1.01186 -0.756354 -0.65125 -1.10092 
0.435834 0.420883 0.472469 0.30237 0.265363 0.360584 0.73519 0.641605 0.926122 0.90665 0.979573 0.386462 0.314002 0.828799 0.760035 0.830128 1.14205 1.84911 2.29666 27.5055 76.324 107.575 129.883 148.46 152.826 116.717 102.583 94.9833 121.718 105.134 107.415 109.447 104.654 103.347 102.19 118.704 119.964 120.06 119.224 121.437 123.469 127.502 133.481 143.747 158.901 193.701 192.617 183.01 173.278 161.55 142.226 121.532 94.6598 61.2608 8.54705 0.346612 -0.755232 -0.835559 -0.893738 -1.06504 -0.647666 -0.351169 -0.950583 -0.664466 
1.0027 1.25381 1.01527 1.06312 0.878956 0.126619 0.90137 0.517176 0.802265 0.664032 0.411728 0.861555 0.43689 0.604895 0.940234 0.955755 0.852638 1.5443 2.33153 25.4237 75.5423 105.706 130.171 147.138 159.645 119.879 107.532 98.0778 119.201 113.719 103.452 120.319 107.461 105.926 104.867 121.503 119.869 120.29 119.113 120.69 122.84 126.952 131.927 141.109 155.96 190.926 191.269 184.478 173.18 162.099 141.105 120.306 94.6032 62.1017 8.80535 0.91953 -0.469713 -0.903688 -0.737292 -0.74289 -1.14072 -0.826945 -0.921398 -0.530802 
0.395709 0.969217 0.626808 1.14606 0.746596 0.549978 0.320716 0.511932 0.406006 0.422865 0.629019 0.678347 0.801037 0.885124 0.600468 0.738791 0.692432 1.26983 2.68937 22.7762 74.8658 103.12 128.797 148.195 164.619 126.364 112.022 101.495 119.729 122.667 105.851 129.901 112.249 109.804 110.287 121.731 119.18 119.645 119.775 120.741 123.033 126.307 131.523 139.964 154.077 188.472 192.068 183.665 173.069 162.362 143.089 120.448 95.565 62.9065 8.71371 0.708261 -0.873105 -0.618375 -0.621957 -1.35762 -1.1688 -0.709816 -0.744605 -0.6587 
0.590632 0.395073 0.673452 0.928913 1.23295 0.339644 0.508616 0.665182 0.582912 1.03044 0.365907 0.826528 0.467017 0.682527 0.0675988 1.16241 0.897887 1.27105 2.26395 20.1316 73.8208 103.728 127.414 147.76 160.572 144.407 116.941 107.075 123.196 129.53 112.672 137.353 117.125 115.681 121.25 121.975 119.37 119.156 120.12 120.551 123.236 125.978 131.399 139.848 152.522 185.988 193.044 184.936 176.103 160.108 143.054 120.635 95.7144 63.345 9.22151 0.815263 -0.418129 -1.06167 -0.689175 -0.648061 -0.553036 -1.11075 -1.12342 -0.929811 
0.250854 1.03276 0.834712 0.669372 0.271264 0.227733 0.526651 0.0895401 0.0883164 0.357291 0.848156 0.0239495 0.227134 0.797492 0.876364 0.58 0.719868 1.26038 1.38636 19.715 73.0629 101.55 128.084 146.95 158.81 158.191 125.047 113.163 129.61 139.4 119.121 131.088 126.518 130.505 122.244 120.112 120.454 118.502 118.768 120.222 122.041 125.776 131.256 138.275 150.496 182.273 192.114 190.225 174.08 160.14 142.881 121.338 96.3874 63.2487 10.0414 0.614106 -0.688594 -0.818474 -0.862722 -0.484818 -0.984961 -0.253993 -0.292777 -0.675871 
0.764928 0.854956 0.830697 0.582912 0.934722 0.227236 0.813937 0.206711 0.273764 0.209351 0.413939 0.701444 1.20388 0.950235 0.923333 0.772004 0.71758 1.35132 2.04756 17.6389 72.156 101.026 127.526 147.21 160.359 171.933 137.209 122.902 139.501 151.454 131.65 135.584 142.669 130.763 124.003 121.172 119.93 118.116 118.741 120.478 121.87 124.793 129.804 137.836 149.331 181.363 197.219 189.826 173.53 160.429 143.368 121.744 96.6788 63.7911 10.2076 0.434563 -0.628761 -0.70761 -0.99665 -1.00854 -0.498085 -0.939531 -0.797168 -1.12239 
1.0374 0.821356 -0.508072 1.22821 0.712777 0.428941 0.795951 0.807768 0.629656 0.378902 0.573328 0.0926975 0.826365 1.05978 0.404788 0.614087 0.84849 1.25349 1.81872 16.6341 70.0612 101.123 126.85 146.801 160.794 170.701 170.908 137.514 168.263 177.148 155.156 143.499 152.874 131.676 123.661 121.602 120.19 118.691 118.628 119.642 121.276 124.075 129.38 138.174 147.87 178.265 198.137 182.703 172.851 159.451 142.258 122.147 96.8233 64.1038 10.8444 0.660111 -1.30494 -0.982961 -0.927961 -0.919945 -0.727383 -0.76384 -1.29998 -0.945554 
3.12682 2.71564 1.99349 2.45432 1.98346 1.73551 2.30665 2.21269 2.1103 2.29346 1.81364 2.43621 2.59284 2.12799 2.34628 2.40695 2.52448 3.2271 4.19804 17.339 72.2891 102.895 128.059 150.057 164.772 175.57 185.499 193.453 199.166 193.899 162.035 146.396 156.53 128.204 122.112 119.007 116.82 115.214 115.633 116.272 119.235 120.858 126.283 132.416 144.801 177.741 188.071 181.685 171.587 156.54 140.451 119.94 96.558 63.7534 10.482 -0.217939 -1.36188 -1.5909 -1.39953 -2.32672 -1.25295 -1.80462 -1.37256 -1.79301 
3.32113 2.16286 3.38109 2.69613 2.35806 1.71552 2.78198 2.54958 2.05901 2.88346 2.57242 1.87496 2.88921 2.36397 2.26122 2.23749 2.63409 3.15494 3.77149 16.2193 71.239 102.618 129.152 149 163.421 175.478 186.566 195.694 201.403 200.099 164.283 149.897 157.891 132.403 122.615 119.271 116.441 115.021 115.666 116.151 117.702 121.272 124.77 131.417 145.947 172.063 188.418 181.164 172.007 158.052 142.071 120.375 96.3534 65.1326 12.2646 -0.0825867 -1.33011 -1.79212 -1.84707 -1.29645 -1.38309 -1.97978 -1.45616 -1.83087 
2.32284 3.59645 2.40527 2.52774 2.41048 3.15814 2.55308 2.25904 2.40323 2.53402 2.37247 2.36672 2.82099 2.66739 2.65896 3.15434 2.71736 3.26134 3.87912 15.205 71.3747 103.306 127.743 147.898 164.471 175.673 185.624 195.69 202.292 202.709 165.533 151.97 156.485 137.262 123.894 119.217 117.294 115.299 115.625 116.26 117.97 121.535 125.679 133.567 144.732 166.417 190.847 182.089 170.477 157.925 141.79 121.123 96.5038 65.1991 12.2519 -0.278229 -1.69146 -1.47878 -1.90808 -1.43293 -2.11407 -1.69568 -1.47004 -1.32749 
3.06391 3.54413 3.59156 3.28673 2.43527 2.77263 2.50368 1.98222 2.96672 1.80966 2.31645 3.09392 1.98661 2.3115 2.72764 2.38127 2.14605 3.69851 3.9664 14.7887 70.5297 101.965 128.01 149.49 164.109 176.334 187.549 194.844 203.303 204.554 167.643 153.387 150.035 140.543 124.977 119.704 117.301 115.624 115.307 116.248 118.058 120.483 124.104 132.362 143.302 159.71 194.907 181.302 171.691 158.389 141.951 122.4 97.6859 66.5041 13.3277 -0.431557 -1.61918 -1.92262 -1.88589 -1.70789 -1.933 -1.56311 -2.32171 -1.24843 
3.28129 2.68751 2.63848 2.3331 2.03233 2.65629 3.0613 2.62932 2.35618 2.35929 2.35856 2.7153 2.53442 2.03553 2.30736 2.77556 2.50922 3.70513 4.05862 12.2091 70.678 100.647 128.265 148.14 163.733 176.929 186.694 197.258 204.364 207.002 170.102 154.097 144.604 141.676 126.417 119.285 117.07 114.655 116.557 116.375 117.694 120.543 124.745 132.02 141.602 156.961 196.002 181.806 171.437 158.57 143.169 123.35 98.2173 67.5995 13.8429 -0.318465 -1.19824 -1.63032 -0.993291 -1.44622 -1.68754 -1.5602 -1.57236 -1.79857 
2.85755 2.75879 2.35651 2.86425 2.55667 3.15149 3.25421 2.81684 2.7623 3.05308 2.46701 2.38738 1.84624 3.15309 2.74522 2.74041 2.58103 3.33686 3.85933 10.3187 70.6024 101.288 126.641 146.762 165.061 177.888 187.294 197.54 203.943 208.619 172.927 154.717 140.104 145.106 128.566 119.615 116.566 116.462 116.922 116.065 118.383 120.21 124.432 133.186 139.165 155.49 192.988 183.309 171.949 158.459 144.362 123.777 98.3779 77.8387 16.9932 -0.17535 -1.48941 -1.6297 -1.99009 -1.72702 -1.40433 -2.23189 -1.58363 -1.96253 
3.20552 2.09777 2.5862 2.89031 2.52362 2.789 3.10131 3.47629 2.50674 2.28531 2.76657 2.57851 2.5019 3.21069 2.46122 2.52866 2.77576 2.72286 4.19718 11.4802 69.1413 99.9727 125.663 147.858 163.52 176.551 187.504 196.148 203.762 211.185 171.938 156.546 134.028 150.226 131.136 119.278 117.231 115.713 116.973 117.264 117.627 120.128 123.449 132.287 138.735 154.113 191.233 183.366 173.826 159.113 143.941 124.157 99.2877 69.6987 17.2158 -0.0154648 -0.991251 -1.52268 -1.58865 -1.8477 -1.97601 -2.26519 -1.5 -1.42985 
2.56641 3.07913 3.60211 2.30445 2.70796 2.70059 2.68093 2.10286 2.50488 2.45756 2.36733 2.66181 3.46164 2.54555 2.61974 2.3507 2.22003 3.10225 4.02227 11.235 68.5452 99.5819 125.628 147.52 164.055 175.592 189.236 197.65 204.116 214.438 174.335 156.87 131.334 154.933 131.299 118.875 120.089 115.603 117.161 116.722 118.188 125.924 127.385 128.59 139.36 152.673 189.745 183.825 173.23 159.051 145.305 125.197 100.704 71.4688 18.9323 0.724771 -0.74553 -1.17757 -1.05078 -1.38107 -1.31857 -1.13251 -1.62036 -1.24924 
3.70853 2.45764 2.52443 2.59852 2.58672 2.05196 2.39087 2.96058 2.82886 2.6589 2.47922 2.38318 2.96073 2.78667 2.22429 2.60334 2.21852 3.63101 4.00722 10.8161 65.405 98.4152 124.759 144.932 163.377 175.67 187.076 197.513 205.161 213.321 179.287 158.712 134.823 151.611 135.022 121.096 119.298 117.615 117.009 117.389 118.122 123.421 124.343 129.068 138.253 152.471 186.583 185.595 175.149 160.586 147.695 128.094 103.676 75.246 24.4776 1.30966 -0.372584 -0.710609 -0.572522 -1.16191 -1.21337 -1.38407 -1.8303 -1.56211 
2.86421 3.20742 2.06434 2.89792 3.36282 2.81001 2.84445 2.98868 2.27595 2.70877 2.0908 2.28216 2.19805 2.59139 2.39179 2.32022 3.03981 3.94299 4.60945 7.06303 61.7997 97.422 123.576 144.095 161.516 174.782 186.241 197.019 203.195 209.366 188.029 160.842 138.406 150.863 136.026 121.992 116.885 119.298 115.812 118.788 118.372 125.042 124.52 129.035 137.68 151.05 184.335 185.895 176.333 162.245 148.711 130.23 107.084 79.6304 30.5232 1.95276 0.732093 -0.309658 -0.312484 -0.575985 -0.702167 -1.23058 -1.75808 -1.44929 
2.39195 3.14796 3.2424 3.08873 2.65551 2.87805 2.71105 2.64493 3.15222 2.70842 2.30187 2.91878 2.58245 2.70443 2.97149 1.91288 2.47683 2.69223 4.4673 6.25899 61.5442 97.3947 122.353 144.741 159.691 174.263 185.857 196.733 205.347 209.955 189.47 161.098 138.966 151.301 138.946 122.317 117.924 118.375 117.328 119.465 122.263 120.517 123.792 128.973 136.393 150.496 183.533 186.001 175.221 162.893 149.49 131.378 110.201 81.7535 32.578 2.00146 1.52881 -0.134112 -0.135621 -0.617997 -1.18564 -1.60802 -1.78993 -1.7661 
2.5919 2.19657 3.38727 2.83641 3.58937 3.1725 2.73337 2.99209 2.79442 3.15291 2.20366 2.21703 2.16887 2.68026 3.10105 3.07386 3.22214 4.05886 4.6874 4.3813 62.2306 96.9328 122.391 144.283 162.668 174.819 187.05 196.196 205.306 210.197 190.773 162.333 139.649 146.346 144.204 121.88 118.618 121.378 117.04 120.511 123.116 123.87 126.855 133.726 140.178 150.652 182.867 184.835 175.557 164.074 149.795 133.522 112.157 83.5352 36.5215 2.20907 1.88881 1.74953 -0.00521384 -0.320004 -0.830583 -0.955735 -1.81836 -2.00596 
3.25265 3.57316 2.4442 3.17995 2.60743 2.40288 2.79706 2.31198 2.61673 2.79193 3.07387 2.46822 2.83744 2.63443 2.87712 2.96574 3.18215 3.5994 4.49538 12.4581 66.0181 99.3702 126.473 147.982 166.305 179.171 190.525 200.318 208.963 215.97 198.642 166.994 142.743 143.175 174.233 121.943 121.688 116.964 129.645 128.845 134.858 130.441 127.462 131.361 137.274 149.676 180.498 187.497 179.183 166.068 151.963 135.089 114.772 88.1179 45.929 1.51265 2.47977 1.38509 0.396199 0.160835 -0.565837 -1.98183 -1.66268 -1.35793 
2.30418 2.48457 2.60024 2.36811 2.87467 2.96783 2.51327 2.77215 3.26577 3.08844 2.73191 2.71232 3.40196 3.07939 2.39049 2.34367 2.64413 3.26912 3.86767 55.6772 91.4528 118.35 144.818 164.971 181.47 195.276 203.158 214.58 223.107 227.62 210.864 180.993 157.189 206.919 212.946 162.832 136.608 128.282 156.653 150.803 144.165 135.485 140.705 146.617 156.072 169.144 203.225 213.978 206.46 195.274 181.913 167.151 153.378 137.919 119.102 86.1655 61.4732 56.4252 56.8431 29.5357 -3.01719 -0.886681 -1.64901 -1.95509 
3.04353 2.52398 2.83793 2.35317 2.6642 2.51769 1.8859 2.4119 2.44306 2.46138 2.52074 2.61774 2.78903 2.53114 2.52568 2.28274 3.00647 3.34259 5.9418 65.2602 99.9115 129.134 152.878 175.927 191.381 205.5 212.999 224.494 231.533 239.54 226.499 190.079 182.153 212.915 200.632 182.406 160.738 180.416 205.145 201.885 153.709 158.726 163.728 169.498 181.162 197.131 232.11 250.445 245.09 241.299 231.091 223.49 212.935 199.775 179.726 162.304 143.627 123.853 103.651 72.7233 16.5048 -1.29761 -1.8313 -1.76856 
3.49847 2.59645 3.4068 2.58458 3.26046 2.86387 1.68504 2.49853 2.55497 2.7041 3.21913 2.77435 2.54938 2.66 2.222 3.19977 2.51167 3.24409 29.7137 83.056 112.593 140.797 163.93 183.483 200.199 212.605 224.295 235.941 242.956 249.64 236.822 200.779 184.268 202.519 188.935 177.229 169.741 196.267 205.163 200.787 170.105 169.281 175.019 184.228 195.168 210.294 246.814 264.641 262.609 254.365 244.626 233.362 221.149 206.502 191.334 172.282 153.251 132.916 109.773 81.5946 28.9296 -1.8596 -1.9751 -1.90944 
3.18467 2.88982 2.51593 3.22215 2.9677 2.31052 2.6376 2.34566 2.40328 2.9077 2.45217 3.26036 2.69464 3.25903 2.51164 2.84089 2.38566 2.73048 20.5198 80.1039 113.632 141.553 163.885 184.048 199.879 214.323 227.573 238.658 247.455 255.217 246.756 208.661 188.991 188.699 183.453 175.432 173.516 189.939 198.944 189.632 185.843 176.041 180.878 188.145 199.45 214.551 247.69 272.264 266.286 258.887 249.817 239.651 226.467 208.915 195.102 175.712 155.635 135.289 108.801 74.8446 14.4334 -0.891361 -1.78269 -1.40506 
2.8065 1.89556 2.21958 2.46537 1.79782 2.12046 2.59109 2.93978 2.91286 2.52465 2.89343 3.29759 2.44022 2.79679 2.23108 2.59023 2.81914 3.84278 2.98346 58.403 100.67 129.241 156.15 176.031 194.547 206.612 220.576 230.885 241.379 251.651 244.494 207.736 188.044 183.304 181.99 175.99 175.039 184.145 189.238 185.857 187.192 179.455 182.011 188.526 197.082 212.312 245.197 268.624 264.05 254.33 246.195 236.608 224.265 210.16 194.13 174.174 151.487 125.781 94.6383 48.1668 -2.13999 -0.774692 -1.86582 -1.68884 
2.68721 2.61885 2.58037 2.02919 2.99176 2.29872 2.21323 2.98189 2.46972 1.98161 2.12938 2.88315 2.47406 2.53919 2.73419 2.50845 2.90599 3.27619 3.87477 17.2494 77.4215 111.761 140.184 162.054 179.274 193.768 207.711 217.118 229.022 237.613 235.342 199.659 177.8 173.983 173.689 172.495 176.442 180.683 180.984 180.178 178.959 179.323 176.18 183.806 194.097 207.595 239.513 263.722 257.136 247.487 240.915 230.853 217.129 203.098 184.906 162.635 135.953 108.538 67.9833 5.4592 -0.304694 -0.585514 -1.38123 -1.97301 
2.61222 3.388 2.35506 2.48281 2.46083 2.89565 2.79326 2.51349 3.55704 2.72075 2.58715 2.9977 2.25667 2.33507 2.29142 2.65881 3.2611 3.53886 4.33378 3.54549 38.6505 89.0104 121.798 142.804 160.418 178.795 192.893 203.273 212.187 220.694 219.918 186.942 161.706 154.838 152.989 154.437 158.006 160.317 164.977 165.873 164.504 166 165.277 171.899 183.243 194.889 215.068 255.953 245.183 234.15 224.171 212.796 200.697 184.734 163.461 141.083 113.622 78.1965 13.4228 0.430783 -0.677876 -1.03106 -1.16299 -1.63429 
2.6861 2.99465 2.27042 1.6756 2.59401 2.79827 2.37181 2.17662 2.41974 3.14771 2.58284 2.99428 2.21073 2.56503 2.49441 2.5231 2.46627 2.99074 3.99282 5.02627 23.9472 78.8433 110.376 135.365 156.054 172.771 184.855 195.388 204.307 210.635 215.435 177.903 152.554 142.735 138.443 135.059 134.143 136.882 140.604 142.079 144.44 147.768 150.117 156.286 164.582 177.639 195.222 234.039 220.382 212.275 198.064 189.381 178.208 160.129 140.482 114.955 82.3802 28.5364 1.39279 0.819983 -0.400377 -0.914668 -1.54527 -1.7383 
1.9492 2.75573 3.44291 2.61607 2.81097 2.77906 2.60088 2.96364 2.75724 2.56043 2.33722 2.77199 2.71804 1.95778 2.15647 2.54623 2.31847 3.30321 3.56039 4.63073 23.493 78.3892 109.718 134.68 156.944 172.61 181.365 193.187 204.021 209.674 213.958 177.638 150.812 140.863 135.782 133.421 129.452 129.545 129.426 130.158 129.782 132.696 135.052 142.481 147.415 159.715 175.639 219.247 205.341 195.757 186.095 176.349 168.634 151.439 132.112 108.028 78.387 26.5167 1.03657 -0.0309679 -1.23228 -1.37016 -1.79018 -1.43883 
2.71201 2.19203 2.52956 2.46057 2.18962 2.36958 2.76811 2.38428 2.3244 3.24389 2.58152 2.53589 1.98284 2.96413 2.24384 2.75528 3.13829 2.43393 3.15327 4.26911 22.3155 76.1116 108.931 134.748 154.109 170.75 181.007 192.865 204.244 211.49 213.4 175.595 149.927 141.257 135.609 132.708 129.811 129.382 128.236 128.559 128.82 131.242 133.96 141.382 148.035 159.962 175.679 217.304 204.995 197.696 184.449 173.481 167.175 151.735 131.708 107.534 77.3477 24.3749 0.928313 -0.135722 -1.13663 -1.56649 -1.28161 -1.12786 
3.04955 2.90282 2.14861 2.15719 2.14499 2.05964 2.67731 2.3262 2.24209 2.61269 2.49002 1.92936 2.24554 2.32148 2.94398 3.21731 2.85973 2.97122 3.56935 4.23532 20.6134 77.8246 109.275 133.834 156.105 171.369 180.717 190.927 202.095 208.995 211.169 175.409 150.545 140.487 135.261 131.811 128.745 127.325 127.831 127.761 129.176 131.765 134.697 140.092 147.74 159.374 174.615 215.227 204.811 195.798 185.441 172.553 167.31 151.432 132.208 107.986 78.028 26.7318 0.369683 -0.655475 -1.48497 -1.59653 -1.52901 -1.75755 
2.69737 2.48113 2.96656 2.10767 3.15021 2.60255 2.06758 2.41192 2.33276 2.41836 2.5157 2.4433 2.61619 2.9028 2.92525 2.05718 3.06952 2.6472 3.04514 3.96728 22.0215 75.738 107.092 133.186 154.064 171.897 179.263 189.611 200.123 208.417 210.484 175.102 149.429 139.646 134.102 130.358 128.553 127.582 127.159 126.777 128.47 130.221 133.366 140.718 148.263 158.217 174.993 214.277 203.592 196.961 184.173 173.777 166.731 151.409 132.317 108.131 77.6252 28.7848 0.333713 -1.00068 -1.6875 -1.90818 -1.69793 -1.44194 
2.31922 1.99388 2.44475 2.82323 2.59299 2.28081 1.95735 2.18413 3.11192 1.65444 1.50506 2.33439 2.4574 2.76368 2.06685 2.28982 2.40388 2.77739 2.96801 3.78803 19.9904 75.0461 107.809 132.504 152.365 170.446 180.536 188.887 199.637 207.358 209.674 175.124 149.711 139.224 134.791 130.267 127.687 127.294 126.319 126.516 127.249 129.028 132.52 138.234 145.905 155.064 170.757 210.628 204.904 195.494 183.958 171.477 168.469 151.508 132.546 108.523 79.2304 30.0056 -0.177962 -1.15089 -1.44413 -2.35805 -2.05744 -1.34453 
2.87541 2.37851 2.04921 2.41831 2.01084 2.28923 2.54541 2.8424 2.14004 2.38187 2.29914 2.33445 2.22151 2.51401 2.43624 2.50682 2.23997 3.01484 2.96543 3.49487 14.8484 70.8885 103.427 130.962 151.722 169.483 179.947 188.897 197.879 206.848 212.94 177.209 150.327 139.652 135.196 130.504 127.425 126.017 126.397 125.709 126.632 128.224 132.415 136.421 142.572 154.887 169.165 205.503 205.671 197.309 184.52 172.004 170.7 154.102 135.599 111.758 83.151 41.0378 -0.640932 -0.490111 -1.84633 -1.25532 -1.47209 -1.43924 
2.63412 2.26789 1.94542 1.47238 2.19219 2.82837 1.99055 2.12264 3.42466 2.44011 1.85606 1.84798 2.09961 2.13866 2.63228 2.25159 2.17535 2.78306 2.47732 4.11096 14.3874 71.3568 104.374 129.814 150.45 169.392 178.829 186.715 196.997 204.21 212.198 175.615 151.898 139.631 134.618 130.305 126.162 125.869 125.368 125.568 126.504 129.08 131.25 137.089 143.499 151.565 167.919 205.755 204.623 196.592 185.077 172.418 170.611 153.444 135.858 111.161 82.8777 38.8706 -0.455542 -0.663803 -1.76951 -1.41691 -1.25816 -1.54274 
2.54176 1.91051 2.49589 1.80863 1.92009 2.49493 2.57968 2.27091 2.64768 2.7197 2.33451 2.49711 2.42789 2.6042 2.3888 2.42158 2.745 2.56615 3.07757 3.52528 14.5019 70.5223 103.04 130.453 151.378 169.218 176.798 186.769 197.33 205.112 211.486 176.094 150.439 139.157 134.004 129.242 126.007 124.723 124.776 125.101 125.078 127.439 131.767 137.048 143.755 152.43 167.893 205.516 203.316 196.544 185.939 168.484 172.108 154.102 136.231 112.397 84.438 41.4007 -0.646182 -1.06436 -1.4339 -1.32086 -1.43337 -1.65821 
2.06237 2.73702 2.09815 1.96191 1.98652 3.18428 2.90906 2.23422 2.15349 2.15579 2.05852 2.3411 2.19236 3.08418 1.74033 2.13279 2.29926 2.31112 2.66441 3.81045 13.9123 70.6589 103.93 129.752 150.469 168.212 178.679 184.579 196.774 203.862 211.562 176.048 150.454 139.258 133.026 144.182 125.601 123.946 124.127 125.087 125.137 126.391 130.875 135.033 141.935 151.69 166.667 203.054 205.641 197.965 187.212 166.143 175.47 155.378 135.573 112.651 85.0337 44.4725 -0.592766 0.0982018 -1.39465 -0.901109 -1.20789 -1.49643 
2.22426 2.73376 2.04096 2.2416 1.98177 2.01626 2.11113 2.28378 1.52246 2.24347 2.50141 1.91986 2.282 2.78585 1.97626 2.07492 2.10557 2.19497 3.90422 3.61131 12.7759 70.3102 103.737 130.123 151.579 169.286 178.125 185.596 195.159 204.18 210.454 177.082 151.775 139.84 133.031 130.723 127.496 126.775 124.576 124.354 125.512 127.291 131.133 135.446 143.018 151.608 165.642 203.127 205.318 197.599 187.329 166.801 176.484 156.071 137.706 113.43 85.6095 45.2649 -0.6682 0.393914 -0.30241 -0.977027 -0.737912 -0.972769 
2.06735 2.63911 2.46175 1.67332 2.5176 2.23867 2.00678 2.42472 1.63547 2.30538 1.8458 1.8566 1.92356 1.75188 1.98372 2.50886 2.28966 2.72839 3.39613 4.69652 13.8836 70.373 103.155 129.426 151.308 168.183 174.369 184.096 196.01 202.637 209.233 175.459 151.684 140.03 133.627 128.805 127.153 124.801 124.581 125.261 125.366 127.484 131.334 135.303 140.748 151.603 166.063 200.761 206.395 197.452 187.379 167.969 177.144 156.433 138.203 115.224 88.6086 49.542 0.645822 0.850677 0.310363 0.604828 -0.210429 -0.773761 
