-0.0629973 -0.244328 -0.510327 -0.519844 -0.467811 -0.107284 -0.527009 -0.332144 -0.467962 -0.436703 -0.31758 0.171922 0.39643 1.11587 28.7666 77.9971 108.879 132.09 152.184 168.431 171.219 185.111 197.111 205.087 201.146 165.768 151.083 141.617 135.075 131.608 129.672 126.539 128.454 127.221 129.106 131.457 134.645 140.073 145.238 155.995 169.392 205.337 203.815 195.54 184.738 173.56 168.324 152.661 132.655 108.305 78.4351 26.4395 1.73734 0.744779 0.258174 0.0698844 0.0139425 -0.115092 -0.211776 0.204772 0.320635 -0.215111 0.372719 0.190351 
-0.65494 -0.474501 -0.682413 0.259889 -0.864349 -0.573427 -0.765583 -0.657848 -0.453594 -0.324612 -0.823131 -0.0682119 0.0542001 1.35366 28.5297 78.2978 109.246 133.765 152.766 167.929 173.17 185.157 197.988 204.544 201.598 165.299 151.81 142.659 134.997 131.604 129.308 127.188 127.702 128.158 129.418 131.979 135.881 139.739 145.827 155.782 171.251 206.52 202.245 194.454 184.136 173.748 168.381 151.658 133.083 107.916 77.787 25.5272 1.57761 0.673839 -0.276648 0.455684 0.298225 0.491748 0.406925 0.195681 0.434938 0.233554 0.327076 0.176447 
-0.348219 -0.912915 -0.380883 -0.531473 -0.242123 -0.410454 -0.638045 -0.408452 -0.123558 -0.112234 -0.720753 0.0362128 0.504402 1.41713 28.6838 79.6184 108.731 132.185 152.245 167.883 172.628 186.351 197.818 203.05 201.756 165.889 151.832 143.731 135.638 131.912 129.537 127.613 128.129 127.354 129.533 131.956 134.593 140.351 145.528 156.422 171.627 207.629 202.915 194.73 185.137 174.165 168.178 152.321 134.029 108.775 78.6922 26.2425 1.83899 0.68368 0.238364 0.307745 0.177812 0.28969 0.770263 0.718172 0.304119 0.497486 0.233042 0.34988 
-0.656963 -1.12677 -0.275888 -0.296599 -0.45337 -0.3439 -0.617223 -0.996919 -0.481408 -0.577159 -0.457322 -0.189635 0.482873 1.77723 28.0762 77.8996 107.998 133.714 152.902 167.988 169.508 186.363 195.796 204.193 203.923 166.827 152.522 144.228 135.493 132.548 129.154 128.479 128.828 127.997 129.354 134.153 139.34 142.575 149.737 157.767 172.306 207.71 203.529 196.33 187.711 175.245 168.606 152.544 132.219 107.379 77.7288 26.1444 1.91329 1.16423 0.44683 0.272488 0.346933 0.400064 0.352364 0.0172037 0.394443 0.199859 0.0326609 0.273344 
-0.323216 -0.172524 -0.440666 0.148166 -1.03182 0.016116 -0.90523 -0.490223 -0.385556 -0.30986 -0.21192 0.326755 0.635982 1.62842 27.9709 79.0867 108.092 133.195 152.964 169.205 171.389 188.622 197.67 204.712 204.078 167.1 152.663 143.097 136.173 133.526 130.207 129.545 129.03 129.154 130.007 133.79 138.089 141.09 147.303 157.918 172.281 209.069 204.242 195.888 188.639 174.044 168.987 152.956 132.718 108.415 78.5802 26.2188 2.60209 1.29698 0.161648 0.499342 0.641794 0.418174 0.319606 0.578562 0.485798 0.280277 0.513598 0.4449 
-0.286091 -0.603146 -0.510617 -0.91069 -0.376596 -0.3815 -0.731308 -0.651367 -0.146747 -0.745224 -0.1057 0.26289 0.966065 2.02941 28.3387 78.8117 109.578 133.937 152.292 170.642 171.858 187.635 198.596 205.987 204.99 168.561 153.985 143.974 136.536 133.57 129.903 129.525 128.832 130.008 130.277 132.925 137.989 145.191 147.526 157.56 173.012 209.791 206.167 196.558 188.996 175.323 169.775 153.46 134.225 110.435 79.2451 25.9302 2.99867 1.58591 1.06753 0.438631 0.691409 0.693141 0.360906 0.269661 0.32558 0.454885 0.310758 -0.180753 
-0.50145 -0.414458 -0.461317 -0.289452 -1.13289 -0.29777 -0.417646 -0.30147 -0.236937 -0.176557 0.0647782 0.590984 0.886877 2.6376 21.2384 77.6031 107.54 132.308 152.752 168.101 173.766 185.533 197.566 206.263 210.061 171.588 156.504 147.119 139.371 134.933 132.064 130.82 130.286 131.604 131.152 134.206 137.102 141.594 149.359 157.628 172.266 207.927 207.268 200.669 191.176 178.717 172.558 156.122 136.948 114.798 85.1896 32.9316 2.96577 2.36041 1.20212 0.858892 0.531755 0.509524 0.229966 0.616056 0.35154 0.294184 0.00869632 0.314015 
-0.502398 -0.554827 -0.801008 -0.460801 -0.724955 -0.27577 -0.493375 0.0619169 -0.492233 0.346814 0.312737 0.585316 1.82981 2.81554 21.5742 75.3509 107.475 132.401 152.231 168.618 176.522 188.735 198.809 206.809 210.669 172.337 157.582 146.956 138.873 135.951 133.027 130.754 131.816 131.168 132.615 134.101 138.179 142.189 147.799 157.973 171.695 208.341 207.118 199.809 192.058 177.068 172.46 155.611 138.129 113.822 85.3426 36.255 3.90847 2.84294 1.80177 0.89277 0.573721 0.293654 0.086112 0.465035 -0.000306078 0.52677 0.568588 0.682242 
-0.153843 -0.552565 -0.400483 -0.994102 -0.578505 -0.730217 -0.533012 -0.54379 -0.384117 0.00642078 0.809078 0.674423 1.87368 2.22677 18.511 75.3713 108.717 136.114 156.013 172.867 181.87 188.583 200.902 208.985 213.738 173.923 160.577 150.169 142.085 137.198 134.765 133.692 132.882 132.447 132.307 134.383 137.989 143.568 148.803 159.095 174.515 209.954 207.765 201.578 193.4 181.478 172.574 158.396 139.641 115.886 86.4161 34.7121 4.33663 2.68919 1.54161 1.14751 0.470326 0.312929 0.223455 0.218487 0.258379 -0.171708 0.141376 0.14565 
-0.679909 -0.719579 -0.193597 -0.799401 -0.0166239 -0.829892 -0.195338 -0.26755 -0.0265444 -0.164687 0.620999 0.630944 1.70962 4.3273 49.2222 95.7412 123.593 147.959 170.193 186.264 193.706 203.377 212.285 218.327 223.659 182.342 167.057 155.033 147.216 143.59 141.083 138.498 139.3 138.982 139.263 141.672 144.299 148.564 153.835 163.986 178.878 217.571 216.082 208.967 199.629 187.705 180.293 165.47 146.844 125.002 97.9964 60.0608 15.6547 2.41672 1.44995 0.660701 0.450799 0.315835 0.771534 0.469532 0.536107 0.192123 -0.0150467 0.260262 
-0.507697 -0.156495 -0.460339 -0.321917 -0.429077 -0.57698 -0.328964 -0.464695 -0.680178 0.0277541 0.349702 0.550954 0.537886 33.1402 87.6689 123.667 151.833 184.216 200.86 212.477 212.708 219.716 231.786 236.061 243.308 203.106 185.515 175.996 167.939 161.348 156.492 151.34 150.272 149.655 149.907 151.354 154.415 159.653 166.018 175.42 192.457 230.139 230.537 224.285 215.382 204.602 196.99 185.273 171.148 151.603 128.995 103.858 70.2448 10.2752 0.730724 1.52659 0.845566 0.0978404 0.289371 0.24501 0.721477 0.382644 0.427714 0.260076 
-0.115216 -0.681278 -0.133514 -0.506537 -1.00872 -0.338733 -0.400471 -0.328634 -0.515118 0.309046 0.311883 0.364035 21.997 80.1856 114.25 137.092 169.515 199.095 209.361 218.141 223.636 231.365 237.929 245.648 252.458 209.085 192.185 180.454 174.393 170.51 168.03 163.029 162.451 162.539 162.104 164.349 167.653 172.559 179.355 188.72 205.092 248.039 249.77 246.125 239.283 231.058 223.06 206.702 192.598 176.745 157.022 136.527 115.169 87.9581 41.1983 0.531847 0.915417 0.987623 -0.201442 0.218383 0.152848 0.145766 0.366687 0.241687 
-1.44247 -0.807702 -0.649441 -0.603879 -0.497804 -0.25622 -0.810253 -0.370485 -0.47978 -0.0939784 -0.298259 23.6994 68.0448 94.8316 120.086 144.517 185.841 208.749 217.241 223.34 227.769 235.575 242.887 248.353 258.203 197.903 185.611 185.252 178.449 172.842 169.193 166.71 165.735 166.642 167.591 170.212 174.052 179.024 186.92 198.392 216.722 257.739 262.247 258.949 252.798 246.762 237.959 220.682 202.4 187.022 170.088 150.255 131.063 108.169 77.1999 21.9322 0.448745 0.285401 0.58597 0.379876 0.347417 0.376162 -0.105455 0.759325 
-0.695361 -0.871903 -0.457999 -0.21348 -0.540761 -0.599132 -0.64689 -0.38864 -0.566276 0.175399 -2.4049 44.8753 80.3983 106.454 130.417 152.511 197.785 219.025 225.12 227.762 229.979 236.433 244.752 251.198 240.112 194.466 182.511 182.091 178.349 173.884 169.991 167.529 168.42 169.01 169.632 173.381 176.271 180.733 188.781 198.848 214.037 255.398 257.902 256.625 257.795 248.518 241.564 221.896 204.076 191.034 175.408 154.59 132.381 108.43 79.4881 28.4565 0.497866 0.101697 -0.108688 0.210253 0.297277 0.644207 0.227629 0.113225 
-1.29332 -0.807204 -0.354101 -0.711188 -0.777894 -0.000692219 -0.753825 -0.880289 -0.215392 0.110677 -2.38981 46.5827 79.0933 97.0713 115.679 139.708 156.578 180.855 198.56 207.717 216.658 221.538 220.087 197.208 198.528 163.642 153.599 149.739 155.049 155.211 152.984 151.097 151.015 153.609 154.464 157.798 162.253 167.219 174.612 186.067 200.917 237.533 242.242 237.135 241.225 234.97 232.724 210.052 186.716 168.999 148.109 128.414 103.93 85.329 64.4474 15.2178 0.73249 0.506913 0.258911 0.016328 0.40064 0.711894 0.0656001 0.385114 
-0.47461 -0.143189 -0.527849 -0.193081 -0.713211 -0.719081 -0.401469 -0.536222 -0.118292 -0.062309 0.535958 0.251814 5.93198 15.7859 60.61 97.8434 126.737 148.807 169.336 183.423 194.611 205.295 178.469 169.801 182.325 150.981 139.735 133.795 131.09 133.549 140.137 138.611 138.835 140.637 142.812 144.593 147.636 151.784 157.646 167.469 179.292 212.949 217.676 215.84 214.427 214.895 208.148 179.649 154.016 129.502 99.6813 47.0432 7.70111 3.4775 -0.816723 0.84042 1.12214 -0.046532 0.646785 0.50838 0.37866 0.318403 0.503622 0.511448 
-0.8253 -0.389015 -0.417302 -0.301283 -0.765668 -0.526619 -0.437492 -0.342284 -0.392099 -0.532202 -0.192928 0.395024 3.84318 4.10494 0.211185 57.689 90.7532 118.928 142.212 160.482 172.155 170.258 142.474 135.482 160.735 131.827 120.991 114.527 111.025 107.392 107.431 113.781 121.997 120.331 122.591 124.03 126.813 130.17 136.881 145.514 158.383 193.495 199.291 199.379 185.91 174.785 160.665 143.738 121.949 94.3653 52.872 3.39786 3.58602 2.08859 2.06174 1.52844 1.36049 0.742833 0.00989881 0.597942 0.140347 0.437176 0.524207 0.573459 
-0.626575 -0.44861 -0.353218 -0.540691 -0.579613 -1.18601 -0.543711 -0.0716246 -0.436026 0.169782 0.210838 2.43032 2.06825 3.73031 2.28622 47.3688 87.0149 114.996 136.677 153.821 167.315 148.319 121.984 115.271 148.259 129.829 117.639 112.128 107.139 103.672 102.499 102.528 108.492 118.364 120.387 122.46 125.037 127.852 134.488 142.801 157.48 191.968 201.506 191.783 185.355 169.844 156.374 138.683 114.807 88.581 42.2872 5.15688 3.768 2.06685 2.32024 1.15644 0.768648 0.695231 0.491003 0.631989 0.480879 0.868002 0.368647 0.390466 
-0.552791 -0.571405 -0.438403 -0.706742 -0.6741 -0.636804 -0.712709 0.0258892 -0.298934 -0.371893 1.943 1.7687 2.0011 3.52319 3.73632 39.8899 84.4958 112.255 135.41 150.611 169.371 126.608 111.884 105.182 126.308 132.986 116.489 109.856 105.138 101.968 99.7696 98.9708 100.544 104.141 114.984 120.855 123.553 128.912 133.153 141.958 155.795 191.63 198.652 193.185 180.306 168.27 154.617 136.891 113.391 85.3203 36.8168 4.23492 4.17459 2.14997 1.31852 1.13273 0.70565 0.606568 0.310334 0.471692 0.773773 -0.00252001 0.381609 0.965619 
0.100737 -0.609887 -0.635587 -0.462571 0.20215 -0.513138 -0.283605 -0.473357 0.183222 0.2842 2.17376 1.64034 2.27785 3.32178 3.87176 35.2861 81.375 109.53 133.066 151.56 164.456 120.17 105.512 98.4434 111.339 128.912 115.156 108.395 103.704 100.963 98.4857 97.2933 98.0241 99.0237 102.337 114.527 122.892 127.07 135.548 141.779 152.104 186.411 195.968 192.576 179.992 166.69 152.754 135.39 111.562 84.0222 35.1198 3.7927 2.99481 2.41162 1.20656 0.80412 0.425119 0.00918594 0.507639 0.384828 0.0297801 0.0839262 0.1775 0.1322 
-0.47367 -0.488046 -0.777598 -0.594369 -0.228736 -0.557495 -0.435631 -0.18209 -0.553455 0.0873525 2.50939 1.9385 1.26764 2.68372 3.70524 32.095 78.7984 107.473 132.143 150.754 160.408 116.674 101.774 94.8339 105.27 120.901 115.868 108.675 103.36 99.5106 97.0612 96.2797 96.6912 98.0348 99.4216 103.334 120.235 125.16 132.733 139.7 151.576 185.195 196.551 189.195 176.876 165.624 152.798 133.946 110.876 83.17 32.0325 3.68376 2.78444 2.07863 0.787717 0.325377 0.401297 0.749809 0.391512 0.0923218 0.177765 0.382189 0.213975 0.411605 
-0.539111 -0.456887 -0.535594 -0.968439 -0.465017 -0.800474 -0.76539 -0.0840838 -0.16496 0.383862 2.42148 2.1867 2.3106 3.15465 4.05458 29.1555 76.884 105.626 132.088 149.891 159.008 117.73 102.758 93.7199 102.008 118.017 111.417 108.039 103.089 99.9997 97.0084 96.022 96.5801 97.1295 98.8559 102.786 112.894 125.434 131.118 140.333 151.235 183.843 198.596 187.678 177.37 164.548 151.931 134.21 110.091 82.4668 30.6416 3.84819 2.34469 1.75673 2.0401 1.07066 0.719395 0.428107 0.59949 0.348097 0.514258 0.0215107 0.37536 0.477097 
-0.438425 -0.0116183 -0.338746 0.0370278 -0.767327 -0.211538 -0.752076 -0.362954 -0.142405 2.35486 3.34923 3.16112 2.70065 4.12474 4.866 28.3679 75.6349 104.942 131.254 149.011 161.462 119.737 103.69 94.9765 101.398 117.982 108.02 109.164 102.484 99.345 97.2116 96.0566 96.3748 97.6773 98.4963 101.548 107.365 127.238 131.413 139.219 150.776 181.871 199.709 185.265 177.45 165.151 149.944 133.037 109.946 82.1573 28.0111 4.12734 2.34946 1.78815 2.59461 1.78516 0.479291 0.363682 0.480887 0.994216 0.302103 0.506873 0.722647 0.0693757 
-0.564023 -0.0378139 -0.300725 -0.854192 -0.285021 -0.929497 -0.0567688 -0.0523563 -0.371025 2.53361 0.195246 2.35512 3.35748 4.12853 4.97898 22.7013 73.2747 101.989 129.146 148.346 162.092 128.835 106.467 96.8963 98.5763 121.354 106.063 109.105 104.499 100.719 97.484 96.7385 96.8797 96.9433 98.3528 101.37 107.193 125.413 129.901 138.39 149.344 176.885 201.56 186.059 177.359 165.75 151.729 134.297 111.951 83.8962 32.529 3.69419 3.10825 1.45793 1.79963 2.62244 1.36639 0.613082 0.543801 0.356426 0.366464 -0.221903 0.356095 0.966805 
-0.480779 0.141529 -0.279587 -0.818146 -0.450752 -0.631598 -0.312048 -0.820475 -0.701633 3.00274 1.25695 2.74906 3.44874 4.16819 5.07621 19.5435 70.1084 99.6717 126.067 146.513 160.118 141.549 111.059 98.8269 99.0463 124.539 107.356 108.24 105.06 101.818 99.4177 96.6571 96.6449 98.5998 99.3071 101.027 107.918 124.538 129.411 136.891 147.467 172.162 203.3 185.767 178.378 164.868 152.856 134.664 112.814 84.9833 33.3655 3.0785 2.31045 2.04588 1.7271 2.16949 3.15752 1.03218 -0.154203 -0.0707337 -0.0434436 0.27922 0.792107 0.365088 
-0.743001 -0.773275 -0.386206 -0.783562 -0.63136 -0.787387 -0.327083 -0.3189 -0.345097 3.8807 2.35613 3.01962 2.89309 4.10881 4.27059 18.3419 68.77 100.015 125.896 146.549 160.227 149.796 114.13 102.52 101.383 129.289 108.509 108.384 106.297 102.094 99.4707 98.0338 98.9326 98.3545 100.656 103.655 109.415 126.082 129.04 135.489 147.006 171.816 202.687 185.659 178.113 164.42 151.57 134.746 111.76 84.1508 33.3907 3.28451 2.56403 1.84138 1.93426 2.14676 2.02408 2.5288 0.364685 0.46317 0.357309 0.791012 0.297548 0.521593 
-0.395107 0.354105 -0.10752 -0.35944 -0.659599 -1.04287 -0.725116 -0.599234 -0.446483 3.60843 3.45774 3.53102 3.00734 3.55169 4.88197 16.7953 68.255 100.02 124.729 145.399 161.212 156.899 119.659 104.553 104.278 131.043 111.93 110.274 107.538 102.932 100.729 98.5231 99.2906 100.287 101.69 105.528 113.389 123.785 128.681 134.861 145.628 171.797 201.214 186.418 176.439 165.955 151.55 134.873 111.806 83.7659 31.8071 3.88683 2.1025 1.76219 1.77439 2.09373 2.19085 2.68047 1.05879 0.343362 0.727768 0.246886 0.327814 0.558406 
-0.929323 -0.410145 -0.302666 0.00327497 -0.178043 -0.757188 -0.258653 -0.921173 -0.736431 2.7916 3.43944 3.68833 3.84279 3.63006 4.16685 15.4043 67.626 97.9357 125.008 144.659 161.108 164.148 125.811 109.583 107.76 136.62 114.335 114.703 108.655 105.265 101.722 100.128 101.088 101.99 103.396 107.198 116.65 122.527 127.885 134.702 145.757 169.793 198.84 187.263 177.983 165.421 151.919 134.922 111.71 82.2604 31.3788 2.7354 2.05404 1.45793 1.9824 2.24906 1.62284 3.18733 1.70219 0.567149 0.396395 -0.0108613 0.699958 0.496323 
-0.840514 -0.869453 -0.327704 -0.201899 -0.429977 -0.57627 -1.21025 0.11022 -0.0400859 2.98761 3.68803 2.98635 3.17383 3.46461 3.47822 16.2236 66.8947 97.9471 124.09 144.196 160.059 174.245 130.445 115.571 113.298 141.544 121.44 118.624 110.487 106.822 103.242 102.251 102.699 105.568 108.06 113.68 120.078 123.235 128.107 134.926 145.414 165.009 202.28 187.026 178.416 164.985 151.859 134.472 111.676 82.3394 30.5932 3.01174 2.68932 1.85675 1.40041 2.48952 2.87386 2.31199 2.07587 0.120415 0.190411 0.162007 0.0293809 0.303497 
-1.15175 0.0919945 -0.459979 -0.465982 -0.596011 -0.820181 -0.439525 -0.586247 -0.495005 2.34393 3.21518 2.87542 3.32007 3.77676 3.7407 15.1507 65.4006 97.2433 123.697 145.251 161.245 172.844 150.014 122.169 119.012 148.409 130.794 120.547 113.374 109.675 106.227 104.716 106.809 109.716 113.547 117.29 118.754 122.697 126.497 133.88 144.026 162.368 201.29 185.342 177.905 164.277 151.441 134.44 111.133 82.5442 30.1439 3.13128 2.13407 1.9076 2.61394 2.80252 2.56159 2.00215 1.83623 1.02246 0.130829 0.784792 1.08623 0.43112 
-0.556019 -0.175204 -0.486414 -0.752211 -0.595352 -0.893289 -0.27865 -0.744663 -0.692067 1.48507 4.98254 4.06772 3.79732 3.43816 4.57487 14.3678 65.0583 97.6097 123.316 143.524 161.679 171.697 170.343 134.218 131.041 165.745 136.816 125.209 117.783 113.62 110.489 109.582 115.606 115.91 116.678 117.178 119.1 121.553 127.515 133.287 143.467 160.992 201.198 187.609 177.088 165.297 151.96 133.902 110.634 81.4289 30.128 3.10062 2.07578 1.69407 3.11192 3.39564 1.98494 2.14029 1.43936 1.00934 0.621736 0.136981 0.431983 0.419483 
-0.504322 -0.853181 -1.03491 0.0143191 -0.499774 -0.151092 -0.577699 -0.726157 -0.219278 0.0349506 5.22135 3.60799 4.02351 3.68566 3.70595 13.1297 65.0754 97.6915 122.61 144.839 159.852 172.506 182.251 162.015 162.855 178.383 146.213 133.294 125.64 121.705 119.708 118.421 117.746 117.364 116.666 117.479 119.112 121.746 125.831 132.646 141.127 159.823 199.73 186.692 176.34 164.062 151.955 133.601 110.95 81.802 30.365 3.18112 2.33158 1.49693 2.66723 1.72465 1.19135 1.39635 1.35897 0.98005 -0.121345 0.325376 -0.414547 -0.134903 
1.98626 1.7387 1.76007 1.25635 1.36694 0.655399 1.53557 1.77706 1.3985 1.52447 5.44814 6.18458 5.92327 5.31875 6.07178 15.3436 68.5471 100.713 126.146 147.82 163.997 175.538 184.409 191.658 199.217 202.183 164.222 147.376 136.656 130.31 124.134 121.607 114.489 113.415 113.376 113.77 115.15 118.34 121.654 128.246 138.54 156.171 193.909 182.32 173.462 161.111 148.728 130.336 107.274 79.1994 28.7292 1.12569 1.52465 3.17246 -0.108848 0.427983 0.101804 -0.0247193 0.0510583 -1.26952 -0.75083 -1.28902 -0.912324 -1.21352 
2.89908 1.4593 2.09469 1.49141 1.22791 1.24692 2.01953 1.79192 1.6368 2.14722 4.78202 5.68004 6.17453 5.8255 5.44819 14.8938 68.8577 100.674 125.832 147.944 163.537 176.71 184.808 193.632 198.402 204.371 165.972 148.802 136.859 131.484 126.762 122.229 114.018 112.755 113.946 114.124 115.975 118.496 122.568 127.994 137.995 154.761 192.686 181.912 172.238 161.034 148.829 130.74 107.882 79.9247 28.6844 1.01532 4.67016 -1.00057 0.104331 0.201593 0.167318 -0.422821 -0.761301 -0.415765 -0.666675 -1.11361 -0.872873 -1.13889 
1.44229 2.85026 1.65991 1.55014 1.73619 2.1517 1.93108 1.91168 2.05578 1.96937 1.54218 7.86167 6.73408 6.54044 5.74795 14.9051 67.4323 100.331 125.659 147.78 165.255 177.568 186.618 195.203 199.83 206.353 166.68 150.719 138.746 132.186 126.228 122.758 114.754 113.867 114.582 114.343 116.113 118.195 122.159 128.528 137.375 155.498 191.979 182.47 173.033 160.92 148.142 129.747 106.622 79.1101 28.5203 0.033647 3.9766 -0.18584 -0.0492661 -0.335207 -0.458253 -0.286093 -0.402478 -0.517445 -1.17904 -0.755163 -1.24141 -0.95136 
2.34052 2.27981 3.02532 2.36887 1.48327 2.38822 1.64426 1.46442 1.85391 1.24847 1.62586 6.91318 6.35589 6.69443 5.24475 14.8979 67.2301 100.212 126.484 146.95 165.088 177.927 185.277 194.95 201.274 207.524 167.982 149.686 139.528 132.366 126.586 123.138 115.414 114.062 114.629 113.907 115.6 118.552 120.715 128.488 137.092 154.562 190.586 182.98 173.448 162.565 149.079 129.303 107.602 79.6322 29.0514 -0.596718 5.60815 -0.171774 -0.315544 -0.435742 -0.253616 -0.606598 -0.915916 -1.1905 -1.46517 -1.25639 -1.99893 -0.732143 
2.3734 2.05684 1.67556 1.45384 1.16168 1.87252 1.92847 1.76325 1.79441 1.84922 1.69763 4.90957 7.26079 6.86864 5.20945 14.8952 66.3943 99.7576 126.115 145.412 165.177 176.362 187.82 194.335 201.705 209.495 169.978 152.494 140.331 133.336 128.262 123.743 114.791 113.022 113.552 114.061 116.221 118.33 122.313 128.211 136.792 153.777 189.518 183.851 173.611 161.288 148.956 131.061 108.047 79.3335 29.9381 -0.335833 5.1781 -0.149619 -0.476536 -0.307053 0.276137 -0.137332 0.0950277 -0.916364 -1.3649 -1.17491 -1.24386 -0.859612 
2.37756 2.27939 1.37618 1.90404 1.70214 2.50524 3.07422 2.90558 1.8274 1.99627 1.54764 1.94946 8.35221 7.99846 5.89403 14.6436 68.1108 99.6768 125.942 146.566 164.283 178.327 187.892 194.654 202.27 212.235 170.238 153.304 140.163 132.454 128.171 123.26 115.105 113.435 113.95 113.859 115.729 118.768 122.091 126.925 136.54 152.056 189.578 183.346 173.019 161.836 148.602 131.23 108.083 79.9775 42.7872 0.369267 2.6311 1.10265 -0.251302 -0.103489 -0.217554 -0.290296 -0.847581 -1.35483 -1.02205 -1.69829 -1.14879 -1.34533 
1.89081 1.03286 1.8006 2.29939 1.99924 1.88307 1.93602 2.76755 2.02346 1.56862 2.25793 1.99111 8.44132 7.10245 5.94818 15.3367 67.8951 99.5809 126.377 147.309 165.67 176.78 186.531 194.74 202.167 212.702 171.449 154.025 141.018 133.704 128.731 123.973 114.909 113.608 113.072 114.497 116.017 118.423 121.364 128.542 136.092 149.85 189.756 183.379 173.702 162.922 149.644 131.368 109.079 79.9742 31.2118 1.44812 0.955766 0.624996 -0.650522 -0.0549277 -0.128288 0.0416209 -0.019373 -1.44157 -1.6173 -1.80588 -0.961487 -1.52978 
1.51975 1.73478 2.88978 2.34577 2.05516 2.01355 1.27784 1.71505 1.95041 1.63661 1.47907 2.02511 6.42552 9.27688 5.63887 12.9741 68.3723 99.8884 127.634 147.695 166.358 178.456 188.15 194.875 202.078 213.61 171.665 154.439 142.498 134.493 134.484 125.21 116.399 114.297 113.191 114.248 115.805 117.586 121.777 128.703 136.388 150.968 188.63 183.505 174.606 161.852 150.049 130.767 108.777 81.6272 33.2616 3.57813 0.162767 1.30427 -0.533235 -0.153756 0.245594 -0.300802 -0.0196706 -1.72806 -0.869686 -0.898755 -1.285 -0.754783 
2.22437 1.84214 2.30297 1.72231 1.61886 1.57531 1.73935 2.09465 2.02822 2.25852 1.58393 1.85231 1.42567 13.0759 6.48812 11.9161 67.2554 99.1199 126.138 147.987 165.433 177.14 186.581 194.634 202.062 210.597 179.099 155.88 143.936 135.083 130.53 125.475 116.853 114.527 114.343 114.11 116.41 118.646 121.676 127.288 135.729 148.615 183.841 186.295 176.31 163.698 150.882 134.001 111.807 84.5952 39.7648 2.33684 1.36829 1.61486 0.347549 0.162095 -0.466714 -0.0828307 -0.0358249 -0.820081 -1.52409 -1.12339 -1.60501 -1.16265 
2.82856 1.93054 1.54463 2.20831 2.35191 2.00864 2.30116 2.49926 1.33544 1.97655 1.39078 1.7506 1.75372 9.84395 7.62557 10.1489 63.1975 97.3802 124.324 146.44 164.648 177.535 188.027 194.896 201.529 207.319 186.777 158.992 143.768 136.685 130.009 125.856 117.594 115.092 114.255 115.368 115.903 118.552 120.592 126.68 134.823 148.752 181.164 187.281 177.449 165.337 152.622 136.702 114.4 88.1614 46.7111 1.76849 2.20047 2.62658 1.43871 1.20818 0.731935 -0.214905 -0.956369 -1.04396 -0.928659 -0.979874 -0.846823 -1.02946 
1.9137 2.3237 2.51916 1.96626 1.55049 2.02448 1.74788 1.81585 2.32335 1.79842 2.02565 2.46662 2.45389 2.70639 15.5931 10.3805 60.6546 97.8931 124.85 146.899 164.951 177.112 187.873 194.409 202.911 208.564 187.014 159.601 146.438 136.936 130.344 126.263 117.482 115.819 114.533 114.397 115.783 117.196 120.966 127.635 132.796 147.184 181.535 188.694 177.624 166.971 152.7 136.909 116.001 89.8813 49.4351 1.71825 3.34908 3.41377 2.4528 1.45285 1.61608 -0.931947 -1.25206 -1.38354 -1.13884 -1.67096 -1.24069 -1.15541 
2.23699 1.81915 2.39361 1.85649 2.32427 2.05 2.63952 2.29463 2.5168 2.37477 2.0682 1.82061 2.26604 2.42634 14.1821 10.4137 65.7129 98.0678 126.23 147.892 165.437 179.501 189.151 194.884 203.381 209.28 186.809 157.838 145.088 135.542 129.978 126.808 117.81 115.425 114.581 114.713 115.635 117.473 121.519 125.947 134.867 145.394 178.969 189.364 179.94 166.905 153.695 139.34 117.391 92.6131 52.6446 3.9565 8.08131 9.5993 6.91052 1.66155 -0.0477119 -0.441071 -1.66232 -1.60252 -1.07913 -1.09201 -1.54105 -1.4449 
2.64963 2.3338 1.49515 2.46225 1.70435 2.27648 2.05266 1.57315 1.98483 2.2262 2.47386 2.16995 2.65736 3.16159 11.6297 28.2527 81.0691 110.56 135.892 154.924 171.901 184.455 193.093 201.791 207.847 213.568 192.196 163.648 150.403 141.089 135.245 130.556 121.026 117.143 116.028 116.39 117.228 119.379 121.516 126.367 133.705 146.294 178.997 189.691 180.085 171.741 155.201 141.343 121.568 96.9475 63.549 7.86283 5.72071 4.09225 1.3247 0.813406 0.274137 -0.599974 -1.4794 -1.36173 -1.17225 -1.45548 -0.921046 -0.729322 
1.79728 1.75663 1.71421 2.07804 1.8122 2.21721 1.47888 1.99395 2.39153 2.05007 1.89646 2.14077 3.01428 4.21469 9.77885 81.4682 115.975 149.014 177.819 195.498 210.035 216.086 209 216.257 223.359 227.717 209.04 180.946 169.848 161.375 155.206 152.587 144.066 141.292 140.631 140.232 141.092 143.022 147.36 151.563 161.812 175.727 210.131 222.84 213.256 205.211 193.91 181.905 168.674 147.453 111.734 61.2628 22.0592 15.4918 12.4467 4.25618 -0.0659101 -0.380045 -0.708411 -1.32563 -1.29785 -0.863312 -1.46971 -1.26296 
2.44695 1.74034 1.41432 1.28267 1.942 2.03868 1.29006 2.12264 1.99354 1.71292 2.00808 2.32088 2.97193 2.12485 49.0285 88.3383 127.172 164.709 194.418 213.662 224.2 228.309 223.688 233.588 243.233 251.119 230.01 199.935 185.12 176.843 171.082 166.457 158.027 156.494 156.156 156.63 157.204 159.897 164.918 168.944 181.015 192.266 225.188 249.744 262.03 258.751 243.295 227.577 208.812 184.854 163.605 149.376 136.347 117.166 88.3767 52.6175 5.0567 -0.491956 -0.953981 -1.27347 -0.967323 -1.838 -1.7805 -1.08911 
1.92719 1.37373 2.31962 1.8367 2.36848 2.29343 1.19595 1.79999 1.60684 1.66089 2.33012 2.22901 2.30472 17.7465 71.0668 103.957 130.029 160.843 198.44 218.595 225.318 233.355 233.692 240.915 249.914 257.038 238.558 207.815 193.747 184.074 178.611 173.825 165.062 161.899 162.643 162.642 163.106 167.617 170.997 176.036 187.275 198.695 231.205 256.279 271.323 274.925 267.286 241.991 214.146 196.156 182.024 164.567 146.298 125.44 103.744 73.7653 28.8836 -0.547292 -1.06128 -1.22443 -0.805102 -1.31199 -1.01634 -1.40431 
2.19031 2.15286 1.01698 2.83687 2.03827 1.18194 2.05135 1.56109 1.50411 1.97833 1.79968 2.74863 2.51425 19.29 71.4637 102.44 128.732 153.068 184.167 209.06 221.844 230.142 235.292 243.688 252.458 259.456 243.747 209.769 196.452 188.453 182.19 177.554 168.326 167.219 166.024 165.431 168.442 170.187 174.955 180.942 189.775 201.239 234.879 256.429 271.248 268.724 269.238 236.041 211.525 198.454 182.98 167.476 148.613 128.615 107.187 78.7392 39.5236 -2.87458 -0.845897 -0.971836 -1.10611 -1.19651 -1.24451 -0.950003 
2.11333 1.45046 1.4369 2.03502 1.59659 1.2346 1.80329 2.31894 1.49959 1.85151 1.57625 2.62751 2.70656 3.34309 50.0578 87.5872 117.146 144.659 172.294 200.617 214.856 223.074 234.325 243.278 249.658 255.388 238.778 207.5 193.242 186.39 177.766 173.513 164.518 162.173 162.201 161.872 164.465 167.542 171.461 178.19 188.286 202.465 235.42 256.076 262.297 257.807 249.352 233.344 209.437 195.688 181.204 163.935 145.77 124.987 101.614 73.0857 30.4038 -1.14638 -0.911406 -1.3695 -0.947487 -1.44225 -1.24419 -0.99044 
2.08065 1.67844 1.65192 1.05254 2.07941 1.81706 1.93618 2.27917 1.44886 1.17131 1.81749 2.26829 2.71862 2.69104 8.14579 59.7441 96.262 126.06 152.137 182.129 202.031 218.433 232.291 238.893 241.6 244.594 232.265 197.596 184.373 177.05 171.016 165.959 156.399 153.494 153.067 153.827 155.672 158.64 164.728 170.743 180.397 197.179 234.065 252.045 248.305 244.5 235.113 228.402 204.179 192.359 179.034 158.973 137.909 117.673 92.2234 60.1656 3.85821 -0.370469 -1.18072 -0.985466 -1.33184 -1.00034 -1.36102 -1.21214 
1.76866 2.79863 0.972326 1.78401 1.9984 1.79102 1.71662 2.11003 2.41829 2.1689 2.03896 2.26742 1.89348 2.92009 3.75914 9.0133 61.5319 100.081 129.253 152.979 172.807 193.705 209.503 215.943 223.25 231.207 222.509 186.035 171.67 163.618 157.744 153.998 142.783 141.349 142.299 143.555 144.455 146.912 151.57 159.473 167.104 180.459 216.371 237.36 235.233 230.539 219.157 213.32 196.072 184.101 168.541 150.074 127.701 101.954 66.4798 8.25255 -0.639237 -0.43091 -0.467855 -1.34549 -1.20712 -1.45435 -1.00951 -1.13974 
1.32381 2.19957 1.55314 1.03742 2.02891 1.73572 1.91702 0.987147 1.83277 2.17662 1.52726 2.6343 1.91517 2.82433 3.87647 3.79483 46.5809 93.6299 121.996 145.698 162.99 179.945 185.062 200.168 207.975 215.585 206.674 174.416 159.512 148.962 144.923 140.557 132.489 131.036 129.938 130.859 132.18 135.178 138.775 144.974 154.13 166.271 199.756 219.085 216.253 212.746 201.766 193.461 183.261 169.688 147.103 125.609 95.6389 47.3991 4.50958 1.18642 0.32825 -0.379843 -0.608612 -0.797282 -1.04072 -1.13176 -1.19634 -1.12985 
0.741626 1.83505 2.62436 2.09918 1.92061 2.36278 1.59252 1.40442 1.88342 2.0461 2.22062 1.86168 2.07883 1.67962 3.89359 3.60075 46.8739 91.7689 120.054 143.213 164.027 179.641 184.089 197.51 208.103 214.692 206.448 174.007 159.772 148.243 142.572 140.775 131.963 129.982 129.052 129.414 131.023 134.487 138.613 144.909 151.855 162.887 190.326 210.803 202.033 192.954 183.495 176.218 162.793 144.993 121.845 95.972 61.3386 4.26838 1.9389 0.758758 -0.167988 -0.0280416 -0.97137 -1.45267 -1.32629 -0.866264 -1.10367 -0.809166 
2.061 1.16445 1.61385 1.71358 1.58832 1.89865 1.7884 1.60176 2.04742 2.08287 1.95091 2.04668 1.80775 2.8785 3.48269 3.4165 47.3664 89.1951 119.696 143.811 163.088 178.029 183.264 196.96 206.924 213.633 205.388 171.283 158.097 149.621 142.81 137.924 130.502 128.791 127.579 128.444 130.154 133.035 135.757 142.713 149.562 161.645 187.478 208.089 201.004 193.683 183.773 173.103 162.563 145.103 123.721 96.8808 62.4019 5.99546 1.39119 0.214836 -0.293353 -0.622154 -0.642112 -1.13753 -1.16625 -0.921875 -0.781531 -0.521266 
3.15682 2.11264 1.53805 1.08552 1.54007 1.47133 2.11179 1.90881 1.86096 2.15478 1.85479 1.10547 1.82735 1.97548 3.53427 3.23234 48.5007 90.9438 119.877 143.091 162.346 179.334 180.658 197.825 205.12 212.715 203.092 168.528 158.261 148.519 142.18 137.482 131.042 126.423 127.797 128.341 130.108 132.226 136.303 141.868 150.041 160.626 187.88 208.457 203.244 193.998 183.708 172.248 161.891 144.765 122.958 96.3197 62.6766 5.83245 1.1124 0.298264 -0.852483 -1.19572 -1.67113 -1.19837 -1.41891 -1.53076 -1.31365 -1.30194 
1.46015 1.8091 2.00176 1.61983 1.99388 2.0195 1.13133 1.87183 2.13039 1.86151 1.6833 1.72128 1.95417 2.34805 3.49522 1.70748 49.2561 90.8566 120.103 144.302 162.135 180.397 176.016 195.838 206.158 212.828 202.845 168.203 156.9 147.191 142.753 136.078 129.041 127.09 127.691 128.211 129.315 132.876 135.73 142.035 148.783 160.357 185.978 208.637 200.922 193.991 183.839 173.262 160.512 144.433 123.431 96.693 62.2669 5.68395 0.729295 -0.117764 -1.09246 -1.12859 -1.50476 -1.51322 -1.43121 -1.28584 -1.03206 -0.913957 
1.61283 1.53162 1.62274 2.63116 2.41117 1.66632 1.42013 1.7509 1.91555 1.5408 1.0763 1.91051 1.79615 2.17915 2.76495 1.64848 48.7276 90.5108 118.944 143.103 162.097 179.603 175.765 197.229 205.04 213.696 204.688 167.641 156.015 146.503 141.121 136.959 128.685 126.157 126.727 127.295 129.339 131.069 134.702 140.952 146.629 158.105 177.899 208.276 200.42 192.057 181.624 171.965 162.381 144.723 122.501 97.6189 65.0272 8.64951 0.50454 -0.856291 -0.869096 -0.99552 -1.14723 -1.55245 -1.21561 -2.25189 -1.41694 -0.596659 
2.24284 1.69705 1.61575 1.50865 1.29129 1.49672 1.64345 2.23548 1.9272 2.11782 1.16567 1.88825 1.63915 2.54784 2.73907 3.25662 42.3458 88.5311 117.055 140.089 160.272 175.837 177.302 193.109 204.297 210.416 208.274 169.914 155.913 146.241 139.947 136.318 129.013 126.057 126.253 126.893 127.935 130.88 133.9 139.241 146.19 157.423 172.2 208.965 200.31 193.883 185.192 173.332 164.155 146.276 125.947 99.4146 66.9571 11.1382 0.500882 -0.604723 -1.54478 -0.718068 -0.902701 -1.04233 -1.24712 -0.822718 -1.24597 -0.917209 
1.79856 1.29942 1.04376 0.834798 1.70644 2.4189 1.74541 1.53586 2.67035 2.15121 1.24175 1.58245 1.67293 1.77322 2.67705 2.73385 44.464 88.4942 115.383 141.463 160.253 175.936 174.689 192.362 204.884 210.911 207.699 169.318 155.636 147.203 141.441 136.675 128.741 125.749 125.303 126.676 127.859 130.476 133.799 138.557 145.442 156.169 171.188 209.437 199.943 192.624 184.094 173.817 162.815 145.465 124.862 98.4477 68.4726 13.4715 0.0273107 -1.14606 -1.25465 -1.0405 -1.16683 -0.988432 -1.43933 -0.884194 -0.634997 -1.40122 
1.84528 1.65687 1.43432 1.07012 1.49253 2.12368 1.98812 1.08531 1.49466 1.80579 1.84237 2.08602 2.05005 2.63947 2.88118 2.11108 44.3804 88.2041 117.452 140.991 159.238 176.238 172.689 193.084 204.707 210.573 206.515 169.182 155.066 146.796 139.784 136.123 128.677 126.879 126.382 125.78 127.121 128.565 133.903 139.76 144.395 156.591 171.004 209.847 200.415 191.662 184.349 173.088 162.919 145.82 125.884 99.1723 67.3168 12.2414 0.353672 -0.37178 -0.841341 -0.721679 -0.650234 -1.27972 -1.20288 -0.835809 -1.18902 -0.994202 
1.70497 1.97334 1.27318 1.26967 1.42711 2.05849 2.04685 1.28399 1.7485 1.33363 1.47309 1.69236 1.45943 3.20777 2.50625 2.17252 45.4187 89.1081 117.615 142.445 160.763 177.227 173.588 193.269 202.509 212.067 205.535 168.163 154.645 145.761 139.73 135.463 128.771 125.782 126.088 137.815 126.085 128.745 133.111 137.856 143.793 154.354 171.155 207.566 200.31 192.417 184.962 171.659 162.815 146.327 125.44 99.725 68.2655 12.5471 0.553492 -0.563116 -1.0017 -0.924707 -0.827105 -0.90282 -1.10233 -0.676645 -1.24228 -0.99864 
1.67043 1.65584 1.19654 1.36115 1.64563 1.0594 1.54342 2.0953 0.905957 1.907 2.09781 2.07254 2.00047 2.92262 2.93878 2.3635 47.5737 88.5555 118.252 141.276 160.704 178.475 167.953 192.671 205.142 211.46 206.399 168.534 154.382 147.222 138.805 137.396 129.2 125.29 125.015 125.867 127.431 130.622 132.666 137.739 145.058 154.365 170.04 206.819 200.267 191.825 183.871 173.59 163.405 146.527 126.412 100.221 68.8499 14.4221 1.36599 0.0448825 -0.625285 -0.421286 -0.227369 -0.923409 -0.991528 -1.15541 -1.30018 -0.988403 
1.25909 2.01213 1.69548 1.11713 1.42253 1.74709 1.24736 1.31324 1.34036 2.04976 1.80007 1.82732 2.06517 2.86486 3.62069 2.48183 47.9353 90.8749 117.906 142.5 161.333 179.21 166.64 192.306 204.932 211.371 205.861 167.357 155.3 144.097 138.734 134.553 128.335 126.143 124.52 125.167 127.479 129.798 132.684 138.181 144.806 154.596 170.163 204.938 200.09 193.158 182.823 172.949 164.612 147.931 127.599 101.624 70.9586 15.363 1.59948 0.566363 0.962054 -0.0254702 -0.23211 -1.25951 -0.51683 -0.188898 -0.49577 -1.37467 
