-0.33529 0.162101 -0.401332 -0.201628 -0.300606 -0.207911 -0.521683 -0.638084 -0.295638 -0.400167 -0.252762 -0.105285 -0.277543 -0.322183 -0.396238 -0.449614 -0.0442088 -0.0545324 1.1565 13.8508 68.315 100.142 127.188 147.614 164.32 169.835 181.965 191.717 201.096 202.823 165.913 150.173 140.192 133.527 129.228 127.622 127.195 125.873 126.654 127.608 130.249 134.463 140.143 146.176 156.611 174.493 210.745 203.017 194.127 185.646 178.043 168.625 152.605 133.935 108.086 77.6997 26.8072 0.409516 -0.458977 -0.952113 -0.925042 -0.86227 -0.972478 -1.08205 
-0.436334 -0.079943 -0.430547 -0.299016 -0.60935 -0.861414 -0.471383 -0.282981 -0.545036 -0.573813 -0.70432 -0.538772 -0.316945 -0.14889 -0.333473 -0.179986 0.301525 0.123872 1.03555 12.84 68.7308 100.009 127.069 148.021 164.331 168.463 182.796 192.241 201.88 201.134 165.475 149.814 139.482 134.266 128.668 127.949 127.116 125.798 125.012 128.132 131.069 134.942 140.162 147.246 156.722 174.55 211.887 201.684 194.796 184.84 178.622 168.465 152.549 132.855 108.558 78.7638 26.6953 0.72145 -0.431358 -1.07049 -0.769379 -0.751371 -0.895972 -0.668574 
-0.114649 -0.347083 -0.42505 -0.0812134 -0.236604 -0.411914 -0.322164 0.0256668 -0.404733 -0.233637 -0.420696 -0.031095 -0.601254 -0.204456 -0.268127 -0.47083 0.291736 0.230277 1.27777 12.8919 68.1986 100.421 127.329 146.93 165.73 169.427 184.378 192.466 202.793 202.195 165.8 150.376 139.326 133.638 129.821 128.672 127.134 126.141 126.998 127.302 130.227 134.42 140.15 146.65 157.417 174.985 213.467 201.398 196.777 186.137 175.659 169.127 153.16 134.763 108.687 79.224 28.2953 0.742575 -0.110331 -0.666346 -1.08303 -0.624107 -0.799992 -0.724049 
-0.480958 -0.638779 0.0452964 -0.521394 -0.291583 -0.424972 -0.592836 -0.507616 -0.219257 -0.606065 -0.521543 -0.894137 -0.110597 -0.160757 -0.308633 -0.931525 -0.295869 0.73897 1.31602 13.2918 67.6999 100.363 127.237 147.87 163.868 170.024 183.177 191.399 199.893 203.333 167.369 155.108 140.021 133.394 130.375 128.048 126.723 126.439 127.347 128.32 132.225 134.64 139.863 147.28 159.503 174.896 212.349 204.202 195.618 186.405 177.879 168.908 153.183 133.923 109.065 78.8107 27.4223 1.06816 -0.155736 -0.762498 -0.908112 -0.889388 -0.939383 -1.10524 
-0.0723588 -0.283232 0.0322363 -0.12406 -0.644383 -0.228983 -0.462556 -0.289184 -0.241482 -0.226807 -0.28009 -0.239309 -0.300234 -0.458559 -0.00175623 -0.118627 0.198453 0.180241 1.57792 11.6318 67.8733 101.26 127.153 148.5 165.531 169.62 183.8 193.462 202.232 203.095 169.23 150.489 141.008 133.727 130.952 129.146 126.481 126.979 128.753 127.89 131.947 135.319 140.015 147.226 159.591 176.196 212.477 204.859 194.756 186.455 176.826 169.409 152.883 134.478 110.316 80.4771 29.1248 1.8116 0.607442 -0.366642 -0.521721 -0.955581 -0.516189 -0.795316 
-0.410852 -0.432396 -0.261311 -0.475841 -0.649652 -0.0250407 -0.573109 -0.25897 -0.255364 -0.245273 -0.16015 -0.0727705 -0.58582 -0.51845 -0.334725 -0.134358 0.324009 0.654448 1.87695 13.4765 68.5973 101.172 127.602 148.941 165.077 172.447 183.807 194.533 203.242 205.203 168.377 154.597 141.083 134.895 130.15 128.904 127.62 126.509 128.234 128.496 131.375 136.658 141.094 149.391 159.226 176.753 213.879 204.157 196.284 186.142 179.007 169.014 153.657 135.235 110.511 80.8703 29.9637 1.72382 0.813175 -0.206777 -0.423163 -0.498666 -0.984202 -0.849179 
-0.372126 -0.49457 -0.552951 -0.216115 -0.281981 -0.291139 -0.272972 -0.38783 -0.46542 -0.310105 -0.0773401 -0.519878 -0.194187 -0.0623558 -0.00808467 0.0530793 0.210735 1.07931 2.10275 9.57685 66.4987 99.5984 125.847 146.142 164.401 172.051 183.932 194.781 202.611 207.844 170.108 154.671 141.509 135.121 132.004 129.568 127.649 128.2 128.882 129.818 132.591 135.964 141.947 148.16 158.976 176.167 212.155 207.554 197.758 189.479 180.037 173.341 157.188 139.13 115.056 87.0729 39.1409 1.93835 1.369 0.594872 -0.403688 -0.49921 -0.963379 -0.977374 
-0.159053 -0.481604 -0.450938 -0.0340472 -0.524007 -0.218588 -0.293851 0.0766751 -0.166879 -0.384575 -0.100619 -0.103137 -0.530419 0.10217 -0.077512 -0.0339477 0.762093 1.3207 2.44643 6.53556 63.8669 99.2301 125.235 147.162 164.498 174.938 184.859 194.735 201.753 210.857 172.259 155.917 144.23 136.914 134.22 129.702 129.929 129.537 128.913 131.061 132.834 136.665 140.97 148.182 159.911 175.323 213.793 207.417 200.426 190.041 179.719 172.89 157.949 139.68 115.754 88.5261 42.3126 2.68219 1.21394 0.868153 -0.412104 -0.303118 -0.499536 -0.727103 
-0.0494634 -0.680394 -0.315469 -0.306755 -0.500879 -0.193583 -0.140181 -0.530386 -0.382099 -0.180355 -0.249586 -0.155071 -0.336937 -0.548377 0.288868 0.581999 0.923903 1.36575 2.67088 9.28407 66.4747 99.9239 125.863 147.955 164.771 173.611 185.48 196.123 203.198 209.405 172.623 155.787 143.34 136.612 132.519 130.71 129.429 128.337 129.532 130.921 133.904 137.003 142.268 149.082 160.081 175.694 212.126 207.366 200.425 191.608 181.374 173.958 159.234 141.53 118.635 89.1692 40.7374 1.69906 1.76932 0.951989 0.217936 -0.44666 -0.707953 -0.842826 
-0.108917 -0.349798 -0.179406 -0.742354 0.140201 0.0300192 -0.249576 -0.260413 -0.277843 -0.438675 -0.223072 -0.171196 -0.496436 -0.483328 -0.0733143 0.255045 0.794805 1.7976 2.25932 6.62452 64.2408 99.8907 127.003 148.791 166.381 177.26 188.359 197.558 206.046 212.533 174.447 157.422 144.891 138.495 133.774 131.302 130.225 130.735 130.952 132.535 135.119 139.81 145.807 153.551 165.47 181.883 222.331 215.537 209.87 202.325 190.183 184.413 171.91 154.386 132.613 108.065 79.4601 30.232 0.518455 0.309895 0.131981 -0.290269 -0.640277 -0.993942 
-0.334332 -0.0924315 -0.0660086 -0.35463 -0.24065 -0.462115 -0.535729 0.0602179 -0.381439 -0.395981 -0.22075 -0.820136 -0.376262 -0.13226 -0.100674 0.159645 1.13738 1.52092 11.8327 70.9782 101.484 125.725 149.289 171.018 187.491 196.815 205.123 216.37 223.699 230.478 191.868 172.848 159.3 152.203 147.756 146.935 144.585 144.955 145.052 146.125 148.938 154.379 160.338 167.5 178.522 195.677 234.458 231.144 223.833 215.73 208.164 198.972 188.072 176.554 161.568 144.475 125.019 97.044 48.3523 18.4784 -0.969827 -0.285705 -0.528995 -0.786185 
-0.369773 -0.0471955 -0.546112 -0.514815 -0.472812 -0.157381 0.0405613 -0.149119 -0.536471 -0.227418 -0.274863 -0.101525 -0.272295 -0.323149 0.23772 0.362839 0.861779 -0.759535 56.9126 104.998 138.111 162.647 180.561 197.685 210.71 221.736 228.462 235.53 241.324 246.172 205.233 184.259 167.629 159.799 155.231 151.985 151.379 151.065 150.559 152.159 155.497 160.963 167.806 175.165 186.643 202.447 244.902 242.47 237.954 231.569 222.547 213.023 201.395 189.197 170.883 151.794 137.323 120.405 102.637 57.901 10.1709 -0.779222 -0.650482 -0.754509 
-0.913878 -0.277441 -0.46534 -0.168973 -0.255597 -0.396161 -0.539284 -0.125309 -0.139677 -0.341656 -0.354204 -0.160287 -0.128196 0.0127042 0.0353059 0.433503 -0.340942 54.4282 97.6298 116.827 140.87 163.757 184.452 202.179 217.664 228.733 235.985 241.996 249.074 254.823 212.338 193.844 169.832 161.817 163.194 162.379 165.425 164.49 165.12 167.657 172.31 176.371 183.317 191.572 202.74 219.467 262.99 262.765 257.023 246.793 238.71 227.709 214.464 200.611 184.53 164.537 150.76 134.068 116.549 86.1989 28.2141 -0.00287154 -1.16879 -0.787478 
-0.612935 -0.457049 0.0192981 -0.178709 -0.324364 -0.281424 -0.221841 -0.486876 -0.461923 -0.0746249 -0.462104 -0.0365168 -0.249442 -0.293229 0.00732627 0.471629 13.1641 81.9486 106.387 127.348 152.505 172.579 190.844 208.451 221.805 232.997 242.855 251.008 253.886 263.315 220.499 192.381 168.058 162.275 160.934 169.568 171.555 170.427 171.221 172.688 174.986 179.777 185.389 192.501 206.316 222.473 262.604 267.396 259.207 249.611 243.496 229.338 218.145 202.702 187.502 166.715 149.39 135.469 117.645 86.4895 34.4175 6.37882 2.38201 -0.467199 
-0.306197 -0.620873 -0.287287 -0.307784 -0.617656 -0.0484872 -0.337221 -0.379247 -0.180796 -0.0283275 0.0145775 -0.387726 -0.13858 -0.439017 -0.0399416 0.371171 20.345 78.4345 106.755 127.412 152.315 173.274 192.539 208.944 223.933 235.975 242.598 248.9 255.278 262.533 206.586 179.94 164.667 160.552 158.171 158.923 164.285 172.126 173.713 173.48 172.537 172.181 177.95 183.694 193.665 208.098 250.697 252.819 243.478 232.787 223.297 209.464 194.818 175.07 153.597 136.909 114.341 74.8666 39.0515 23.6322 8.41549 5.28752 2.41136 2.28404 
-0.209248 -0.573418 -0.340861 -0.302181 -0.237068 -0.44669 -0.369767 -0.204905 -0.272657 -0.393872 -0.166358 -0.514732 0.0630442 -0.166849 0.216865 4.00985 11.0851 41.432 61.2892 76.881 117.721 146.098 165.42 175.874 190.299 204.8 213.366 220.358 222.817 213.177 166.158 147.763 132.796 127.45 123.768 121.889 119.042 116.353 121.056 127.828 134.155 137.371 142.714 149.825 159.482 175.772 212.042 215.167 207.976 198.581 187.569 175.028 159.019 135.921 115.531 86.515 36.7961 2.12868 2.56037 2.02554 1.86975 1.13287 1.1642 0.440878 
-0.721142 -0.463348 -0.354395 -0.311493 -0.590217 -0.338698 -0.401023 -0.695829 -0.209026 -0.392709 -0.296139 0.100133 -0.161805 -0.240972 -0.114029 0.630988 13.2885 7.0019 5.95211 5.77458 9.13676 63.208 97.321 122.326 143.844 162.003 173.392 181.871 166.999 173.146 136.977 121.102 109.919 106.161 104.294 102.235 102.202 102.462 104.012 105.69 109.467 119.714 131.859 139.17 149.08 164.597 200.785 203.947 196.933 186.717 176.552 163.938 146.548 125.143 101.315 64.7193 10.2027 3.69704 1.56241 1.33748 0.979414 0.645105 -0.0245086 0.167527 
-0.273893 -0.208994 -0.421837 -0.307454 -0.604368 -0.736824 -0.497792 -0.056536 -0.451336 -0.170946 -0.609569 -0.469769 -0.346677 0.371865 -0.0549689 0.19275 3.04869 5.35735 5.17879 5.23667 2.73813 52.526 92.367 118.662 139.612 156.412 170.732 156.733 151.398 159.297 134.269 116.628 106.145 103.077 100.285 98.3903 98.2674 98.2145 99.6016 101.495 103.964 107.868 115.289 131.623 147.81 161.761 197.154 201.884 193.793 184.946 175.432 161.921 145.765 124.558 100.639 64.7503 8.64005 2.5757 1.68396 0.956575 1.24691 1.20068 -0.00708904 0.0143906 
-0.15338 -0.107446 -0.703525 -0.250207 -0.495794 -0.708169 -0.584399 -0.024029 -0.450806 -0.379591 -0.0852017 -0.357009 0.0513729 -0.0766675 0.224029 0.35031 -0.477177 7.4411 4.1133 5.16379 4.2726 46.2371 87.9636 115.716 137.402 153.982 162.319 141.125 139.129 148.7 135.371 114.468 103.467 100.436 97.932 96.7963 95.5097 95.8928 96.4493 98.8161 101.463 103.718 109.451 116.645 136.516 158.951 194.01 199.713 193.062 184.661 172.602 160.969 145.039 124.569 98.3902 64.2947 6.09654 2.67463 1.31663 0.955084 0.708517 0.427817 0.366066 0.300341 
0.00632117 -0.0542835 -0.111729 -0.23495 0.0963505 -0.376885 -0.426113 -0.227866 -0.131848 -0.421726 -0.292942 -0.240506 -0.024014 0.0939332 -0.265186 0.259672 0.676275 5.96857 3.72387 4.59268 4.16441 42.9725 83.4686 113.142 135.477 151.114 155.484 132.789 129.677 141.67 136.187 117.51 102.378 98.0874 95.4805 94.2914 94.4653 95.1332 95.551 96.9572 97.6759 101.243 105.371 112.025 122.079 145.865 191.665 199.149 191.851 183.281 171.938 158.953 143.462 124.317 97.1285 62.779 5.41923 1.84804 0.883423 1.18124 0.477303 0.574327 0.0141006 0.358985 
-0.123807 -0.380825 -0.480997 -0.268504 -0.676779 -1.51439 -0.395245 -0.0713 0.150384 -0.432394 -0.210339 -0.315667 -0.386846 -0.103851 -0.0797656 0.0389093 -0.0801403 4.72396 3.49388 3.4666 4.58896 40.6862 81.0104 109.227 134.067 150.148 151.198 127.718 122.928 136.187 137.47 112.978 101.04 97.8559 95.2395 92.7208 92.6673 93.0812 95.1557 95.3694 96.933 100.201 103.271 109.251 118.403 135.655 186.015 197.727 190.687 181.921 171.27 158.911 144.055 123.805 95.9492 61.9686 5.71901 1.61161 0.663799 0.137713 0.671462 0.791045 0.624413 0.585558 
-0.13281 -0.247547 -0.524111 -0.414137 -0.574066 -0.447701 -0.761243 -0.185763 -0.574 -0.491818 0.047037 -0.213688 -0.445746 -0.100909 0.1783 -0.0677864 -0.101986 1.84429 7.20957 4.00969 4.87432 40.3189 78.0497 106.858 130.59 148.966 151.108 125.162 120.308 133.065 137.103 114.176 102.243 97.6357 95.1331 93.677 92.4374 92.6968 92.9869 94.0812 95.3938 98.7294 103.021 106.963 115.495 129.556 176.417 198.37 188.716 182.295 170.38 157.98 143.35 123.251 97.7241 63.5921 5.23332 2.13279 1.25721 0.58253 1.02838 0.406113 0.708977 0.678832 
-0.353878 -0.158678 -0.348594 -0.0468348 -0.418293 -0.341935 -0.54745 -0.236345 -0.138882 -0.0511984 -0.105804 -0.301232 0.115035 -0.152093 -0.190994 -0.221491 -0.0326362 -2.08261 12.0874 4.47875 4.90979 39.3441 75.5241 105.695 129.833 147.558 153.167 126.248 119.954 129.475 140.718 115.721 103.077 98.2091 94.8473 92.7335 92.1686 91.3932 93.2152 93.9627 95.89 99.2783 101.649 107.17 115.341 127.435 164.703 198.607 188.928 182.139 171.183 158.02 143.994 122.636 98.0142 64.4822 5.58862 2.01583 0.994679 1.12433 1.53001 1.15204 1.32215 1.46371 
-0.339345 0.0250259 -0.14142 -0.557302 -0.238303 -0.239783 -0.336205 0.0141586 -0.161691 -0.217749 -0.35068 -0.530388 -0.6582 -0.17126 0.214383 0.0239266 0.449955 0.247057 10.1287 4.29952 5.43335 34.4141 71.2515 101.906 125.827 146.142 158.76 128.461 121.149 126.1 144.536 117.651 104.229 98.121 94.4527 93.6231 93.1831 92.2168 93.4067 94.4724 95.5596 98.8436 101.093 106.866 114.509 124.68 154.393 198.351 189.993 180.742 171.103 159.643 145.611 125.261 101.563 68.8847 11.0143 2.6485 1.87225 1.49673 1.49289 1.66993 1.96427 2.21767 
-0.0854491 0.033925 -0.0367538 -0.366638 -0.0550659 -0.569425 -0.557903 -0.665339 -0.0973798 -0.312183 -0.230177 -0.647121 -0.538916 -0.321112 0.817394 0.12612 0.305505 -0.298265 9.62875 4.07379 7.43061 27.9991 67.3913 99.2845 124.663 144.535 163.05 133.275 123.259 125.196 149.298 119.311 105.033 100.441 96.4785 94.0922 93.3417 92.5275 93.6961 94.4078 95.9489 98.3277 102.199 107.108 114.151 124.65 149.283 198.94 190.876 183.09 172.238 159.33 146.109 126.705 102.205 70.2899 12.1667 3.16018 1.31766 1.58254 1.51854 1.56761 2.13251 1.67813 
-0.675456 -0.372047 -0.0588143 -0.626001 -0.805882 -0.265732 -0.369065 -0.10742 -0.412805 -0.381532 -0.331902 -0.312025 -0.464889 -0.122945 -0.202905 -0.0174546 0.0675421 0.0499381 7.01145 4.60363 8.46294 23.5934 66.4643 98.5321 123.343 144.051 157.633 147.077 127.198 125.896 151.506 122.459 107.493 101.557 98.1337 95.6293 93.8743 93.347 94.8072 94.938 96.9753 99.0262 101.982 107.528 114.878 125.03 144.623 201.967 190.275 181.864 171.812 159.775 145.48 128.138 102.39 71.5323 13.5614 3.11736 2.07096 1.41989 1.6999 2.07517 1.93937 1.59741 
-0.438883 0.365238 0.29245 -0.270919 -0.384704 -0.998298 -0.247349 -0.380866 -0.493803 -0.193134 -0.804355 -0.0160475 -0.354721 -0.155277 -0.278688 -0.0605713 -0.244099 0.0540356 3.10884 10.4941 7.88429 22.3163 64.2377 96.9459 121.905 142.244 157.903 157.805 132.472 127.265 154.608 123.969 108.342 101.879 99.2717 97.3109 95.3359 94.3925 95.1985 95.2708 97.2371 100.071 103.08 108.632 114.755 125.28 144.341 202.859 192.137 182.843 171.609 160.269 145.591 127.002 103.045 71.86 13.7601 2.74737 1.38844 1.60317 1.62038 1.34719 1.61696 1.93267 
-0.216672 -0.0278279 -0.493587 -0.181752 -0.578964 -0.789308 -0.500546 -0.674924 -0.487972 -0.338622 -0.289552 -0.302619 -0.490281 -0.482836 -0.331619 -0.011344 -0.242092 -0.545195 0.648865 14.6634 6.61113 17.9185 62.7916 95.6806 121.766 142.998 158.091 166.554 138.112 131.947 157.384 125.312 109.952 104.464 100.124 97.5345 95.6025 95.0865 95.9047 97.6017 98.786 101.093 104.329 109.578 115.92 126.541 149.945 201.947 191.168 182.089 173.567 160.658 147.049 128.195 103.439 72.3461 15.2304 3.19376 1.30534 1.27938 1.28141 1.66774 1.47409 1.38837 
-0.234483 -0.356991 -0.491292 -0.0949854 -0.554697 -0.63394 -0.618668 0.280759 -0.586261 -0.462168 0.0923708 -0.408993 -0.0958324 -0.227122 -0.353166 0.200558 -0.11632 1.33091 0.350319 12.9075 5.6306 16.1697 61.3862 94.8842 121.333 142.047 157.141 172.177 151.991 138.118 160.364 129.688 111.77 105.834 101.375 99.2628 97.6749 97.2236 98.4977 98.7247 100.36 103.393 106.59 111.492 118.164 130.169 156.595 200.682 191.697 183.839 172.939 160.836 146.915 129.002 103.922 73.4218 17.2047 2.27306 1.13607 0.821609 1.52283 0.972037 1.31722 1.21501 
-0.697933 -0.453897 0.13476 -0.487388 -0.573753 -0.9678 -0.177926 -0.890074 -0.259837 -0.70316 -0.281201 -0.353116 -0.443502 -0.0624453 -0.260443 0.0115629 -0.427656 2.90404 0.768698 10.3484 6.39662 12.8438 60.3345 93.1356 119.668 141.661 156.138 170.16 174.187 149.566 166.414 132.977 114.782 110.051 104.221 100.694 99.091 98.4748 98.1269 100.456 102.363 104.785 108.308 113.393 121.417 134.45 160.724 196.792 191.779 183.001 172.315 160.51 147.674 128.352 104.57 74.2588 16.7437 2.63953 0.928458 1.21942 0.918406 0.975102 1.38683 1.40185 
-0.793971 -0.11803 -0.673196 -0.285524 -0.399961 0.0145752 -0.12992 -0.646585 -0.485561 -0.525824 -0.218769 -0.306786 0.0753713 -0.423227 -0.156022 0.034674 2.51711 2.55483 1.72001 9.38191 6.7887 11.2982 59.6135 92.0789 119.527 140.19 157.2 169.688 180.235 175.372 175.939 138.782 120.633 111.249 107.389 103.753 102.421 100.638 102.18 104.273 105.345 107.907 111.738 117.698 129.824 143.417 159.73 197.326 191.325 184.425 173.234 160.977 147.322 129.001 105.656 74.4282 17.8688 2.1427 1.21108 0.914209 1.17519 1.02405 1.44449 0.94069 
-0.420405 -0.32697 -1.21145 -0.00828818 -0.300152 -0.22743 -0.20911 -0.359652 -0.340927 -0.443705 -0.202265 -0.34122 -0.141609 0.0914551 -0.702722 -0.453871 3.20638 2.03599 1.23206 8.97602 6.78887 12.4981 58.486 91.4302 118.317 140.561 157.657 168.959 180.299 187.911 196.573 150.837 129.557 118.879 111.992 109.095 106.926 105.894 106.897 108.275 111.466 115.497 120.608 127.502 132.843 143.079 158.513 193.831 191.81 184.021 173.504 161.223 147.255 129.105 105.366 75.7325 19.5773 2.32565 1.25252 0.983916 1.21133 1.25369 1.42122 0.965197 
1.37862 0.851936 0.39784 1.11397 0.798046 1.11649 0.848488 1.38264 0.815081 0.646337 0.798851 1.05841 1.03432 0.783783 1.40531 3.16709 2.74208 3.37404 3.05851 8.67701 6.26326 11.668 57.378 91.9077 120.273 142.016 158.135 170.92 182.532 190.924 197.938 171.564 139.919 129.775 124.21 118.886 116.669 115.113 115.233 114.415 116.379 118.683 120.879 125.785 131.622 141.061 155.312 192.564 191.468 183.41 173.134 160.225 147.103 129.149 106.768 76.5426 21.5517 2.68648 1.39525 0.957185 1.26408 1.58872 1.42058 1.4969 
1.39202 0.925468 1.14992 1.10346 0.843084 0.820262 1.36845 1.27682 0.768436 1.30752 1.44954 0.541056 0.673357 1.39406 1.33367 2.59379 3.1734 3.12934 2.12343 8.19888 4.39556 11.3776 57.0185 91.0408 119.415 141.843 159.145 171.582 182.733 193.293 198.2 177.732 139.699 130.432 123.87 119.89 117.466 115.356 115.348 115.541 117.01 117.944 121.015 126.547 131.198 140.205 154.666 188.571 192.219 183.962 172.264 161.599 148.483 130.603 108.11 76.4494 22.7113 2.63913 1.44737 1.08902 1.57043 1.0146 1.2996 1.29064 
1.00083 1.12327 1.16543 1.16459 0.891608 1.26613 1.09686 0.605707 0.930692 1.62538 1.27539 0.949786 1.46297 1.07764 1.70074 3.03754 2.75515 2.5744 3.48665 9.45084 6.01394 7.11318 56.585 89.7007 118.524 142.007 158.15 171.566 182.409 191.715 197.604 180.591 141.498 132.517 124.538 120.402 118.013 115.479 115.517 115.285 116.367 119.142 121.509 125.712 131.558 140.769 154.21 186.886 192.645 183.175 172.58 162.061 147.927 130.935 108.29 77.9863 23.8203 3.03797 1.54734 1.19205 1.0956 1.104 1.59245 1.46724 
1.27492 1.7819 1.31089 1.78235 1.25493 0.801462 0.659632 1.02479 0.715361 0.536301 1.29018 1.40176 0.903264 0.859327 1.36302 2.68008 2.70951 3.84708 3.12815 3.82846 16.5138 0.51326 55.9225 89.274 119.24 140.035 158.297 170.842 182.508 192.9 199.443 184.623 142.686 132.464 126.124 120.604 117.899 115.953 114.511 116.119 118.053 118.582 121.541 125.404 131.38 139.609 152.453 185.431 192.304 183.665 173.648 162.282 149.489 130.801 109.028 78.9122 26.3939 2.38799 1.18583 1.15205 1.01197 0.896294 0.587169 1.29638 
1.54747 1.28467 0.976682 1.1363 0.79092 1.00361 1.58972 1.07921 0.905387 0.577709 0.996564 0.932198 1.40698 1.39774 1.56642 2.31448 2.75616 4.67136 3.44699 0.7743 14.1291 0.732531 55.0598 88.1522 117.74 140.166 158.717 171.674 183.336 192.224 197.765 186.118 143.907 133.349 125.69 120.228 119.454 116.774 115.515 115.95 117.094 118.332 122.18 125.546 130.615 138.927 152.038 184.774 191.471 184.867 174.209 163.561 149.795 131.755 109.23 79.8038 28.6191 2.41988 1.72238 1.35936 0.68404 1.26268 0.802121 0.935799 
1.01668 1.16672 1.43649 1.18731 0.787503 1.22356 0.882514 1.87863 0.750824 1.32821 0.71804 0.67471 0.559527 1.24785 1.55523 2.14932 3.50998 3.83891 2.94872 3.86263 10.4308 0.427269 54.4522 87.4404 118.28 140.027 159.287 171.181 182.134 191.725 197.914 188.774 144.665 133.592 126.669 121.643 119.407 118.174 116.403 115.625 117.058 126.302 121.313 125.472 130.887 138.759 152.072 183.308 192.45 184.619 175.37 163.292 149.251 132.274 109.87 80.9876 30.2757 2.59327 1.38709 1.45337 1.21525 0.606319 0.98371 1.42901 
1.38105 0.568294 1.1967 1.87488 1.13158 1.31075 -0.357226 1.91962 1.2953 0.918726 1.33167 0.972474 1.08438 1.23835 1.23263 1.323 4.28022 3.98462 4.91603 5.70001 6.98747 0.323357 51.9967 87.5319 116.332 139.791 157.854 170.915 182.166 191.617 198.387 192.001 146.747 133.731 127.304 122.012 118.933 118.055 115.382 117.178 116.462 118.487 120.89 125.837 130.955 137.91 151.568 181.251 193.558 184.618 175.016 164.036 150.82 133.324 110.303 82.986 32.7418 2.20632 1.34489 0.621607 0.911512 0.753366 1.29727 1.25797 
1.00834 1.4236 1.61945 0.830241 1.3173 0.985333 0.402424 1.05974 0.929935 0.849519 0.943256 1.22334 1.89389 1.2263 1.14131 2.36645 3.27832 3.96832 8.03508 3.46069 3.05869 0.684388 52.5006 86.3421 115.415 139.255 157.57 170.537 182.622 193.026 199.222 193.359 147.105 135.644 127.104 122.546 120.219 117.241 117.174 117.151 117.177 119.079 121.282 124.618 130.276 136.917 150.445 179.603 193.417 185.295 176.26 164.343 152.754 134.264 112.77 84.1493 35.9554 2.87725 2.21294 0.96213 1.12199 1.80167 1.4634 1.07304 
1.5712 0.867833 0.974919 1.11947 1.08343 0.91504 0.856273 1.43463 1.24769 1.00286 0.706765 0.684958 0.993825 1.39723 1.12364 3.43213 3.96353 7.82142 5.115 2.91216 2.8777 1.29979 46.2354 84.0676 115.697 138.258 156.141 170.85 183.274 191.553 199.057 197.028 150.099 136.366 129.787 122.956 120.252 118.719 117.356 116.087 117.165 118.635 121.032 124.096 129.776 136.6 148.26 174.659 195.042 186.547 177.416 164.993 154.013 136.14 115.22 87.7742 43.661 2.75375 3.09697 2.26071 1.39557 1.62314 1.08572 1.36751 
1.38044 1.03766 0.713022 0.815509 1.49006 1.49013 0.870352 1.43027 1.27781 1.12757 1.1128 0.687643 0.891501 1.33065 0.282186 5.55153 3.02263 6.48311 8.36708 2.01533 2.92145 3.99983 38.5755 81.3654 113.895 136.92 155.948 170.918 181.343 191.932 199.14 201.316 152.621 137.964 129.723 124.799 120.062 118.585 116.703 117.372 116.937 119.329 121.547 124.618 129.022 135.383 147.282 163.166 201.445 187.764 177.896 166.408 154.428 138.854 118.259 91.2057 53.6792 1.17291 3.71104 2.88072 2.395 2.05753 2.02835 1.6137 
0.680514 1.40682 1.46757 0.925773 1.48452 1.42639 0.928616 0.923224 1.53841 1.25064 0.465368 1.37226 1.34476 1.69559 4.05114 4.2419 6.03981 3.05314 7.96236 3.01406 3.07961 4.16206 37.6595 82.3843 114.825 136.489 154.945 170.758 182.736 192.973 200.039 202.352 153.996 137.812 130.693 124.602 121.287 118.917 117.824 117.285 117.056 119.137 121.332 124.573 127.948 134.892 144.192 159.994 198.373 187.461 179.083 166.708 155.276 140.766 120.169 93.8304 58.5419 1.59722 4.02178 3.65771 3.45809 2.65586 1.71639 1.62331 
1.34289 1.34202 1.6286 1.01131 0.834339 1.12403 1.8255 1.45974 1.8893 1.52663 0.934079 0.877044 0.790784 1.68495 12.4738 8.01122 8.42481 5.45798 5.22638 3.48862 3.76019 5.10777 37.1329 82.2327 115.735 137.186 155.447 170.568 182.146 191.663 200.487 204.955 155.368 138.746 131.27 124.757 122.338 119.342 117.517 117.025 117.997 118.888 120.574 124.095 128.723 135.432 144.452 160.109 198.879 189.799 179.557 168.685 155.803 141.168 121.811 96.183 60.8222 2.19227 4.81459 4.02787 3.56629 3.28483 2.51562 2.03407 
0.462472 1.36094 1.17756 1.62624 1.1331 1.02508 0.651153 0.523167 1.65911 1.53589 1.4648 1.01757 1.50584 5.21977 14.3824 9.33354 4.31716 2.46898 4.60507 3.88688 4.46248 5.28116 34.9756 83.8817 114.607 138.023 157.517 170.34 182.628 193.715 201.757 206.761 157.308 142.601 133.258 127.922 124.258 121.205 119.038 118.499 119.74 120.844 123.568 126.198 130.979 136.47 146.667 162.217 200.464 193.931 186.454 174.612 161.117 148.527 128.535 105.489 77.6339 28.6163 3.50745 4.17565 4.58164 3.89244 3.80503 2.73561 
1.29556 0.55913 0.918425 0.939054 0.936113 1.19624 0.402928 1.2613 1.63678 1.30087 1.22182 1.10615 1.34224 2.09353 12.3477 14.3129 12.3403 6.7989 5.00867 4.94748 5.11416 19.4396 73.7979 104.128 126.812 148.538 165.808 179.749 190.972 201.186 208.919 216.398 162.138 145.939 137.334 137.547 137.282 134.554 133.822 134.042 136.508 142.009 144.619 148.159 154.377 161.387 173.077 190.175 230.72 225.212 217.208 209.922 199.46 188.83 174.718 156.707 144.408 124.792 109.612 84.2781 63.7441 28.0402 14.5135 12.2783 
1.50652 0.846917 1.3313 0.505441 1.10537 1.26556 1.19701 1.11399 1.43513 0.906174 0.7035 1.07926 1.76743 1.17261 4.84435 14.5398 16.1654 18.0194 17.9764 16.9626 14.8902 56.2559 96.4999 119.819 146.057 170.432 188.344 206.626 217.321 231.573 240.769 250.223 199.255 186.61 177.585 171.331 166.001 164.188 162.505 161.531 163.235 163.694 167.408 172.237 176.024 183.743 195.173 211.959 251.901 253.093 244.29 233.317 223.411 212.9 200.637 184.973 167.528 161.371 151.875 137.562 112.576 76.129 19.0973 11.8486 
1.62259 1.04478 1.79748 1.03679 1.60927 1.39067 0.984594 0.832978 1.06172 0.782522 1.02683 1.52606 1.37434 1.50131 1.0119 6.1374 13.8472 19.1513 20.7203 21.8293 36.5896 90.7349 114.653 144.34 171.94 191.87 208.667 224.238 232.764 243.688 249.588 261.436 205.703 190.707 181.369 176.229 170.91 168.827 167.401 168.032 169.088 171.513 172.699 176.513 181.002 189.78 199.637 214.518 259.816 258.34 250.882 242.287 232.126 222.751 209.51 195.06 175.377 166.421 152.632 140.308 121.193 78.1104 27.4602 -1.09514 
1.72254 1.29325 1.48353 1.41452 1.40234 0.696247 0.937609 1.04588 0.97124 1.44026 1.14936 1.84639 1.41868 1.31143 1.41657 1.83711 3.51827 10.894 19.3664 21.7143 69.4732 103.184 122.386 151.18 173.916 194.732 211.001 225.869 235.439 245.027 253.312 266.832 208.686 193.262 183.985 177.096 174.402 170.443 168.934 168.866 167.994 169.818 171.026 174.799 180.72 187.917 196.927 213.976 255.698 256.131 249.614 241.284 231.753 221.81 210.042 196.534 179.693 166.718 150.833 137.026 110.126 71.5972 30.3388 0.394515 
1.40389 0.829208 1.21772 1.13393 0.717933 1.12953 0.772247 1.58071 1.2001 1.43601 0.912009 1.48732 1.19606 1.5771 1.47406 1.52357 1.49886 2.08867 7.89043 19.3511 77.9287 101.251 122.833 149.289 172.712 192.342 207.342 221.998 233.239 245.566 252.439 261.748 210.432 191.711 181.241 173.818 168.068 166.294 163.341 162.845 162.925 163.51 165.707 168.557 174.392 181.358 190.486 207.502 248.473 247.841 240.801 232.48 224.029 214.114 203.018 190.756 175.291 159.963 143.861 125.87 97.8863 64.9628 8.61756 0.309307 
0.958857 1.22654 1.02862 0.373789 1.12967 1.18242 1.3334 1.83811 0.430207 0.999882 0.945042 1.48349 1.19387 0.954739 1.23136 1.3922 1.3944 2.01231 1.65775 7.79808 53.0103 96.0084 116.685 145.296 168.917 187.399 204.666 216.802 229.786 238.244 246.648 251.606 206.112 184.801 172.87 166.572 161.763 157.532 155.544 154.887 153.605 155.29 156.159 159.592 163.787 170.787 180.55 196.017 233.697 234.52 229.456 219.08 211.765 201.621 189.084 177.03 163.053 147.499 128.009 106.449 81.0548 20.1095 0.386808 -0.189597 
1.04675 1.756 0.907503 0.903879 1.08462 1.21181 1.34259 0.757329 1.03559 1.12495 0.729119 1.55565 0.520384 1.18821 0.868242 1.56396 1.31017 1.43595 1.84033 2.06503 12.3441 70.6951 106.462 135.18 159.512 179.865 195.978 209.956 217.001 225.37 234.163 237.917 197.185 176.031 164.348 156.315 150.243 146.767 143.966 142.86 141.41 141.016 141.664 145.821 150.049 155.573 164.517 180.02 214.15 218.514 211.174 203.108 192.2 184.013 170.983 155.778 139.165 119.844 92.536 57.7654 10.6514 1.21737 0.82813 0.69678 
1.09124 1.71207 0.967888 0.578755 1.0675 0.733796 1.07097 0.908052 0.903019 1.35049 1.40616 1.12857 0.532239 1.46063 1.19254 1.17671 0.734938 1.37207 2.253 2.67991 2.77511 8.99628 78.0284 117.196 142.269 163.679 181.2 193.951 200.146 209.316 218.665 223.527 185.945 163.264 153.101 144.505 139.889 136.359 134.368 131.423 131.044 130.784 132.788 136.241 139.495 146.779 156.138 169.417 202.569 209.487 202.787 196.085 181.897 178.645 162.448 145.317 124.685 97.5206 60.6024 6.54298 2.94913 1.28867 0.852581 0.112573 
1.43305 1.12535 1.17607 0.767245 1.23422 1.23972 0.960068 1.3212 1.01105 1.67332 1.36117 1.46212 0.769984 0.988099 0.903893 0.711553 1.34716 1.47571 1.48157 2.68694 3.44172 3.65246 39.8807 86.3651 114.753 140.368 158.708 176.894 183.351 195.91 205.582 213.744 178.274 156.679 146.817 140.127 134.128 132.564 130.014 130.343 128.967 130.721 130.598 136.422 138.871 145.78 154.465 167.46 199.954 209.633 202.313 194.171 180.23 177.47 162.557 145.018 123.085 97.4924 60.1215 7.13405 2.27808 0.973672 0.902049 -0.109644 
1.18827 0.726459 1.11519 1.21932 0.664939 0.92521 0.976617 1.22655 1.15929 2.08318 0.76053 0.968188 0.558439 1.49839 0.693906 0.824636 0.956514 1.25467 1.65305 1.61064 2.73118 4.19726 36.7731 86.6683 115.643 139.321 159.94 179.652 179.24 196.326 202.834 211.943 176.239 156.761 145.478 138.996 133.612 131.286 130.147 128.826 128.031 129.592 130.736 134.731 138.673 145.079 153.961 166.585 199.987 209.852 200.329 192.959 177.982 180.632 162.308 144.697 123.888 97.4192 61.8865 5.94451 1.73215 0.459351 0.383908 0.15188 
0.990226 1.3809 0.988431 0.289174 1.05735 0.872422 1.14513 1.19556 1.03942 0.968412 1.14256 0.538728 0.726421 1.22741 1.01126 1.13513 1.21122 1.50287 1.62479 2.0153 2.85488 3.27563 35.2581 84.7939 115.591 138.708 158.619 177.338 180.331 197.454 204.101 211.828 177.059 156.872 146.299 138.695 134.606 130.562 128.971 128.295 128.805 127.978 130.739 132.971 138.691 144.088 152.227 165.52 195.42 207.387 201.096 192.098 179.133 177.832 162.046 144.583 123.662 97.6933 62.734 5.79561 1.26945 0.041382 0.066314 -0.381233 
0.425566 0.81707 0.826497 0.771448 0.902183 1.53672 0.816313 0.934595 0.9142 1.05328 1.19273 0.827732 0.90708 1.36127 1.68527 0.841546 0.989602 1.14823 1.20049 1.15948 2.21752 2.47861 33.5373 83.8153 113.998 138.881 158.153 176.674 178.134 193.617 202.679 210.483 175.869 155.899 146.147 138.321 133.099 130.864 128.635 127.447 127.829 128.345 129.575 135.021 136.563 142.973 152.178 164.945 193.407 207.92 200.107 192.387 180.665 176.393 161.987 144.478 123.481 97.1973 63.6819 8.73023 0.487187 -0.319955 -0.28487 -0.690307 
0.333408 0.849292 0.87403 1.36915 0.907629 1.3009 0.50219 0.739638 1.09756 0.389887 0.228693 1.36975 0.959876 1.49613 1.14481 0.962401 0.754766 0.949749 0.942528 0.992277 2.23843 2.82364 31.7181 80.9684 111.449 137.151 157.662 177.761 174.725 191.221 201.427 210.053 178.101 155.892 145.61 138.061 133.325 130.738 128.278 127.488 126.722 127.049 128.697 132.686 136.197 141.4 150.034 163.348 191.134 208.828 201.4 193.482 183.827 175.691 163.803 145.606 124.38 98.61 65.6461 10.4612 1.00404 -0.514351 -0.853076 0.0112319 
0.983057 1.17245 0.980548 1.1553 0.657246 0.902008 1.19761 0.963265 1.34533 1.30342 0.705498 1.67723 0.801222 1.1704 1.36607 0.835943 1.14899 1.16426 1.09088 1.13024 1.89868 2.32209 23.2862 77.3951 108.84 134.507 155.149 171.845 178.942 190.979 199.85 210.857 183.472 156.152 146.356 137.907 132.273 130.245 128.412 127.641 127.413 126.751 130.152 131.745 136 141.493 148.477 160.665 180.315 213.122 202.879 192.479 185.766 174.513 165.687 147.353 126.614 101.644 70.4999 16.0342 0.57276 -0.395228 -0.513022 -0.20868 
0.909046 0.870213 0.814059 0.397274 1.16232 1.44947 1.03331 0.990633 1.39397 0.708604 0.642135 0.811972 0.683977 0.807369 1.07145 0.863482 0.89083 1.32279 1.06051 0.664722 2.05588 2.38776 25.5 77.1367 108.503 134.633 154.231 169.685 176.231 189.705 200.3 208.634 182.435 155.829 146.402 138.016 132.832 130.041 127.794 127.155 127.397 127.261 128.495 131.805 134.645 140.463 147.759 159.04 175.985 213.724 203.352 194.334 185.316 175.486 165.266 147.839 127.759 102.426 70.9965 16.5968 1.06188 -0.0786324 -0.241142 -0.511577 
1.07272 1.01331 0.8579 0.582058 0.648306 0.951042 1.10879 1.09391 0.767033 1.21588 0.785146 1.34534 1.11954 1.54682 0.893874 1.18517 1.15685 1.05298 0.698075 1.10325 1.32303 2.8102 21.1941 75.5805 107.396 133.621 153.253 171.839 173.9 188.824 198.573 207.645 184.1 156.631 145.648 138.508 132.356 129.107 127.036 127.124 125.611 126.254 128.096 131.665 134.786 139.632 148.242 159.409 174.207 214.385 203.414 194.644 184.201 177.38 165.098 148.6 127.941 103.109 71.6248 16.9839 1.22396 0.0380173 -0.173339 0.229462 
1.14615 1.22716 1.1112 0.734813 0.861059 1.17921 1.01653 1.02079 0.792922 0.506981 0.654298 1.26174 0.59768 1.42942 0.517371 0.778504 0.843417 0.949988 0.869978 1.20453 2.03971 2.94367 21.3589 74.1942 106.122 132.331 153.71 169.921 174.183 189.328 198.569 207.99 186.139 157.121 145.328 138.16 131.887 128.659 126.893 125.628 125.726 126.876 128.479 130.361 133.881 140.554 148.043 157.662 175.039 211.995 204.076 195.004 185.235 177.971 165.76 149.733 129.362 104.237 72.6714 18.9938 1.72266 0.680507 -0.0725959 -0.0218098 
1.41835 1.07651 0.706848 0.659151 0.946499 0.531008 1.11529 0.746056 0.209038 0.621635 1.34163 0.960072 0.960109 1.08903 0.682333 0.949973 0.656899 0.651922 1.32214 1.16297 2.00742 2.94855 21.671 75.5139 107.25 132.465 152.656 170.27 171.911 187.645 196.217 208.553 185.834 156.611 144.985 139.33 133.395 130.036 127.462 126.288 127.613 126.543 128.684 131.097 135.645 140.586 146.041 158.325 175.911 212.736 204.659 195.302 186.045 176.197 167.354 150.389 130.526 105.408 74.8695 21.0514 2.16148 1.0555 0.623693 0.688078 
1.26499 1.47287 1.04203 0.666255 1.20281 1.01481 0.892842 1.12087 0.678133 1.10518 0.804957 0.953497 1.12779 0.509137 0.946707 0.893655 0.411208 1.26861 1.21042 1.60046 2.18966 3.68133 19.0955 74.1907 106.122 132.154 152.063 169.027 175.419 185.444 196.505 206.379 185.602 156.896 145.921 138.298 133.051 130.008 126.829 126.157 126.683 126.42 128.579 130.072 134.952 139.549 145.714 157.402 175.029 210.618 205.307 197.021 186.495 177.591 167.401 151.246 132.465 106.809 77.1204 23.6486 2.78857 2.62137 1.58937 1.02885 
