-0.0946012 0.350212 -0.353146 -0.00711941 0.119801 0.535507 -0.0839341 0.273133 0.342244 0.258903 0.388125 0.586342 0.226896 0.0101283 0.118342 0.307259 0.0365399 0.687881 1.49715 13.3159 67.5803 100.411 127.198 147.488 165.785 170.889 184.188 194.114 202.117 202.574 165.43 149.055 137.672 132.643 129.242 126.72 126.748 125.468 127.124 128.293 129.888 133.425 138.381 147.404 157.156 173.394 218.276 203.985 197.04 181.206 169.798 169.334 152.009 133.873 109.015 79.2475 28.4393 -0.156332 -1.35056 -1.89189 -1.26679 -1.5764 -1.83738 -1.77913 
-0.165392 0.0884644 0.320431 -0.0169359 -0.0366133 -0.119381 0.168446 0.131494 -0.00697228 0.107717 -0.315537 0.110111 -0.0154091 0.127709 -0.0727362 -0.0246145 0.418672 0.912993 1.6677 11.7092 67.4519 99.6758 126.805 147.438 163.567 170.636 184.704 193.476 203.066 202.669 164.922 149.508 137.732 132.359 129.103 127.07 127.237 125.711 126.098 128.705 130.982 133.039 138.937 148.216 156.775 173.692 218.001 203.955 196.467 182.068 169.578 168.606 152.806 133.557 109.094 79.1403 29.2013 0.303799 -1.15639 -1.61411 -1.31852 -1.80915 -1.37107 -1.79641 
0.273847 -0.123762 -0.191084 0.310448 0.272951 0.166245 0.401774 0.262835 0.482104 0.665452 0.227358 0.240261 -0.123464 0.187894 -0.0284347 0.0972942 0.667965 0.564641 2.12717 11.665 68.0112 100.175 126.877 146.609 164.014 171.222 185.229 193.86 202.778 203.051 166.302 149.817 137.902 131.27 129.615 126.181 126.541 125.94 126.918 127.44 129.793 134.07 138.649 148.208 158.109 173.689 219.371 205.488 198.955 182.303 170.886 169.652 152.737 134.916 109.94 80.6355 28.6681 -0.136231 -1.06214 -1.21038 -1.52711 -1.56849 -1.34797 -1.85572 
0.328277 -0.466709 0.350657 0.18849 -0.016724 0.458706 0.221592 -0.00272915 0.249108 0.221676 0.403576 -0.157546 0.146131 0.0879052 -0.0163374 -0.0560403 0.3162 1.35972 1.82954 11.9203 67.204 99.3443 126.498 147.606 164.619 171.839 184.033 192.625 199.37 202.25 166.084 149.994 138.105 133.065 130.373 132.408 128.594 126.143 127.666 129.356 131.669 134.813 139.32 148.324 159.089 174.917 218.607 205.565 197.136 182.634 172.389 169.92 153.32 134.368 109.46 79.3936 29.7716 0.0925423 -1.02563 -1.49668 -1.37428 -1.62976 -1.79469 -2.03661 
0.20815 0.180428 0.0964489 0.552861 -0.627662 0.337624 -0.199705 0.231597 0.0992966 0.086824 0.141928 0.429761 0.244313 0.0814243 0.249351 0.183917 0.535806 0.837322 1.97703 9.88768 66.7564 100.331 127.444 147.567 165.048 171.869 184.639 192.229 202.756 204.2 168.199 151.721 138.319 135.311 128.299 129.537 127.741 127.549 127.582 128.336 131.95 135.297 139.943 149.164 159.426 174.709 219.619 206.006 196.852 183.607 172.575 169.622 154.105 135.27 110.431 81.0154 30.2355 0.553458 -0.476457 -1.24328 -1.28219 -1.73516 -1.76381 -1.60451 
0.217648 -0.272841 0.160458 0.335046 -0.135891 0.186008 0.06568 0.417758 0.332426 -0.00742795 0.382176 0.272395 -0.157784 0.449389 -0.0891694 0.25187 0.431809 0.979751 1.90351 11.1013 66.3547 100.221 127.387 147.462 165.062 172.097 185.231 194.053 202.301 206.374 168.303 152.734 138.798 135.285 132.215 131.08 127.849 126.72 128.47 128.214 131.604 136.172 140.737 150.099 159.637 176.684 221.124 205.672 199.129 185.472 174.765 170.598 155.576 135.993 111.605 81.3141 31.8053 0.625333 -0.301441 -1.35185 -1.75898 -1.48296 -1.56873 -1.96482 
0.252945 -0.0301171 -0.102544 0.334967 -0.0321458 0.153208 0.0918598 0.392523 0.337634 0.391642 0.205256 0.258309 0.143723 0.289355 -0.224535 0.558958 0.442734 1.05045 2.34736 7.50689 64.5764 97.0753 124.681 146.252 163.59 173.907 185.16 193.533 202.81 212.013 172.033 155.161 141.507 135.654 131.153 129.529 129.068 127.573 129.449 131.311 132.738 135.501 141.341 147.777 158.702 175.13 217.3 208.346 200.624 190.243 176.317 173.538 157.402 139.266 116.275 86.7377 38.3513 0.742919 0.0686244 -0.652502 -1.54815 -1.45445 -1.6839 -1.32425 
0.399267 0.371861 0.0553795 0.146208 -0.219893 0.540458 0.0633071 0.249076 0.283712 0.364483 0.325421 -0.00398663 -0.00667584 0.19089 0.434842 0.16721 0.430145 1.3183 2.52604 4.82959 61.5685 97.2203 124.382 146.028 163.041 174.361 185.375 194.38 203.112 212.975 173.501 156.87 142.548 136.678 133.383 129.999 129.842 130.053 129.901 132.085 133.164 137.161 141.642 149.367 159.156 176.49 217.218 210.359 202.555 192.135 178.994 173.284 158.293 140.22 117.205 87.9001 44.6384 0.572846 0.32142 -0.376795 -1.47426 -1.6084 -1.57225 -1.47045 
0.275675 0.0494706 -0.0157967 0.0693139 0.394047 0.126564 0.15595 0.329286 0.309234 -0.040878 0.277609 0.24792 0.00938278 0.00782342 0.221283 0.694552 0.682705 1.38807 2.66897 5.68621 62.9541 97.5482 124.036 145.679 163.485 173.666 184.748 194.242 203.565 213.18 175.314 158.394 142.816 136.507 132.54 130.581 130.475 130.022 130.451 133.124 135.805 139.153 143.494 152.45 161.442 179.64 218.044 213.109 204.854 192.207 181.572 174.868 159.581 139.979 115.547 87.7802 42.4939 0.66417 0.277961 -1.00425 -1.44383 -1.73412 -1.61032 -1.35841 
0.131229 -0.0471679 0.0861839 -0.422211 0.66785 0.235939 0.3116 0.332394 0.413682 -0.145354 0.127932 0.294911 0.148198 -0.0356829 0.126452 0.137597 0.860185 1.81538 2.43121 2.2299 58.8265 94.7835 124.078 145.467 163.796 176.349 188.341 199.215 207.852 221.113 181.601 164.912 151.872 146.412 143.85 140.407 140.055 139.682 140.71 142.187 144.639 147.892 153.52 162.155 175.122 192.716 231.793 228.161 217.636 205.179 195.537 183.029 169.676 151.595 128.633 99.2644 59.6756 8.00661 0.200773 -0.685388 -1.33057 -1.73361 -1.62927 -1.57241 
0.131326 0.264131 -0.0171687 0.346899 0.300598 -0.107913 -0.151223 0.238423 -0.123284 0.0696029 0.126503 0.115292 0.106053 -0.0315568 0.326637 -0.13856 0.871833 1.48531 2.08224 47.4128 90.367 118.681 145.006 166.212 182.849 195.728 204.284 216.864 225.05 237.584 195.669 177.059 163.451 157.371 152.755 150.775 149.523 151.078 152.7 156.592 164.461 169.439 175.319 186.444 200.99 219.599 263.808 259.586 243.281 234.347 225.467 213.922 197.096 178.306 155.316 127.164 92.3411 48.8454 -3.04847 -0.96656 -0.895516 -1.47527 -1.841 -1.57758 
0.581329 0.114896 -0.307164 0.156762 -0.293098 0.279062 0.41805 0.231415 0.472557 0.288791 0.377169 0.392869 0.161167 0.349862 0.176425 0.665564 0.432522 1.51208 13.2877 70.3842 103.245 129.384 152.952 173.038 188.391 203.499 217.195 228.66 240.147 259.34 217.004 201.061 191.994 187.098 182.133 181.656 180.155 178.711 178.383 177.905 181.496 184.396 188.711 200.793 212.52 233.857 279.905 277.957 259.049 245.379 236.295 224.441 208.867 192.697 173.416 149.59 122.47 88.5774 43.5927 0.937451 -1.42262 -1.82262 -1.36113 -1.94964 
-0.171155 0.205412 -0.129243 -0.0426745 0.430879 0.325747 -0.0864482 0.227987 0.309153 0.26058 0.133056 0.578145 0.34504 0.412293 0.485058 0.733313 0.65158 0.841377 30.2374 81.4385 113.084 141.013 165.355 190.222 210.571 222.909 236.545 250.707 263.885 261.197 221.863 207.603 195.168 189.509 187.993 186.065 183.16 183.296 184.492 185.627 188.258 191.217 194.98 205.359 221.987 243.063 290.589 301.251 284.388 260.898 251.882 238.154 223.403 207.87 188.172 165.502 141.924 113.281 81.0079 30.6933 -1.60108 -1.54642 -2.03666 -1.61392 
-0.19591 -0.114851 0.200909 0.342086 0.240941 0.410241 0.117135 0.177838 0.186794 0.318885 -0.0475305 0.279365 0.328587 0.502998 0.452115 0.39228 0.781813 6.53903 66.7597 100.484 131.634 157.169 177.835 199.02 216.42 226.479 243.398 259.375 246.438 245.496 220.428 214.514 200.077 192.665 189.374 186.979 185.089 184.398 184.997 186.805 188.162 191.676 195.418 203.256 221.965 245.024 293.019 305.587 299.843 270.814 253.666 240.743 225.896 209.149 191.847 169.223 145.572 117.464 88.6062 33.182 -1.85767 -1.68238 -1.99598 -1.4972 
0.043131 -0.208967 0.228615 0.173084 -0.108828 0.644448 -0.00588173 0.0887509 0.309698 0.569743 0.38257 0.23966 0.271817 0.158027 0.549118 0.230124 0.661285 15.3788 71.9413 105 134.838 159.737 181.715 203.131 218.397 233.218 241.751 243.979 231.981 228.206 213.209 197.616 193.55 187.167 180.36 178.068 174.479 173.838 172.663 173.809 173.03 171.737 176.542 182.863 191.179 207.818 260.191 273.637 265.063 242.931 227.1 209.293 190.017 169.177 148.955 125.057 100.282 56.8134 3.39278 -2.8167 -1.52918 -1.20449 -1.87772 -1.33572 
0.376232 -0.0818319 0.289563 0.352071 0.162496 0.144791 0.265548 0.455409 0.190865 -0.261112 0.528636 0.169699 0.629044 0.174648 0.370639 0.213589 0.951258 10.0945 49.4746 72.903 107.539 130.79 152.014 163.591 178.285 189.653 192.94 180.04 183.158 187.525 181.317 155.818 152.043 156.478 153.693 148.941 145.846 145.008 144.183 143.913 142.231 143.035 147.172 151.406 159.544 179.219 207.298 210.528 201.042 195.438 184.933 176.738 157.088 138.243 116.914 91.2249 50.7607 2.36961 0.207665 -0.716148 -1.18385 -1.55264 -1.57217 -1.79043 
-0.125195 0.248356 0.273093 0.474195 -0.125809 0.419917 0.375485 -0.18018 0.297593 0.420261 0.0739975 0.288584 0.35051 0.407911 0.40665 0.376663 0.832509 1.14963 0.961159 0.852174 19.3018 70.2092 100.047 122.752 143.159 159.879 158.169 131.048 133.432 141.754 154.421 126.185 116.382 113.92 116.922 122.231 121.97 120.731 122.277 123.5 124.866 127.397 132.444 138.237 146.923 162.911 195.289 204.534 196.664 187.364 178.6 163.899 144.589 124.959 99.9732 67.4385 11.491 1.49966 -0.716298 -0.655048 -1.37637 -1.71334 -1.8147 -1.24117 
-0.14027 0.108437 0.051444 0.247276 0.400735 -0.210268 0.0694758 0.627132 0.584936 0.472556 0.185325 0.343695 -0.218664 1.11671 0.482635 0.543032 0.575919 0.776847 2.07981 2.50428 0.271578 59.4382 92.0591 118.621 140.273 155.161 145.742 117.104 110.92 113.738 148.753 124.743 113.553 109.955 107.253 106.118 111.779 118.202 120 120.212 122.719 124.569 130.014 135.088 144.612 159.201 192.017 202.325 194.871 186.124 178.156 161.682 143.49 122.825 98.6812 64.3345 11.934 1.02877 -0.302441 -0.813708 -0.888172 -1.28997 -1.71686 -1.81875 
0.125612 0.147381 0.266351 0.397751 0.503881 0.205905 0.20311 0.275104 0.277927 0.0708304 0.589076 0.482224 0.50443 0.488222 0.426828 0.36073 0.53181 0.925598 1.53668 2.24892 1.48604 48.1452 88.7664 116.17 136.82 152.317 135.073 110.231 101.355 100.761 132.158 123.772 110.742 107.552 105.58 102.893 101.01 103.713 116.651 119.653 121.383 124.34 128.097 132.847 142.315 156.876 187.042 201.944 196.041 187.411 177.745 158.707 142.665 121.96 96.1478 64.2828 9.3405 0.303933 -0.943131 -1.38486 -1.49432 -1.55484 -1.71604 -1.57946 
0.729681 0.286417 0.189885 0.407272 0.648494 0.398763 0.175725 0.356089 0.828915 -0.0501267 0.551794 0.344091 0.215082 0.282715 0.764752 0.583065 0.745727 0.826964 1.22307 2.36328 2.23664 41.193 86.8666 113.531 134.455 150.645 128.965 105.862 96.987 93.4319 123.295 114.951 109.257 105.196 103.197 105.696 97.8862 99.5058 102.036 114.841 119.877 122.932 126.064 132.133 140.566 153.237 183.66 202.323 194.637 187.566 176.407 158.424 142.145 121.744 95.825 62.7845 8.11345 -0.239189 -1.30252 -1.51159 -2.02323 -1.83143 -2.20463 -1.78218 
0.560217 -0.0025057 0.220405 0.192873 0.1005 -0.483699 0.320154 0.56911 0.334156 -0.0189485 0.409417 0.193099 -0.398617 0.23659 0.532594 0.502424 0.132302 0.456011 0.353427 1.19356 2.71458 33.9887 83.3327 111.106 133.725 147.479 128.298 105.426 94.8401 89.8454 120.54 107.375 108.705 104.845 103.074 99.0739 97.2353 96.1172 100.02 102.762 117.842 122.471 125.654 131.429 138.785 150.99 179.815 201.219 193.9 186.81 176.898 157.337 141.835 121.027 95.066 61.4602 7.97975 -0.124884 -1.86416 -2.02301 -1.80195 -1.44497 -1.52926 -1.72978 
0.270592 0.375538 -0.0494653 0.0231362 0.0980903 -0.192623 0.156107 0.5857 0.110072 0.196437 0.43104 0.400057 0.0419922 0.418062 0.689995 0.426377 0.0384346 0.12879 0.518133 1.54429 2.22139 29.8281 80.6147 108.423 130.489 145.42 131.832 103.564 96.5699 88.3767 120.486 105.309 108.896 104.306 102.287 100.928 99.832 95.4631 97.7492 100.279 106.919 120.966 124.407 129.798 137.567 152.13 174.217 207.834 193.637 186.592 177.297 157.881 141.01 120.09 94.7113 62.4147 7.92138 -0.46246 -1.71421 -2.09987 -1.58355 -2.21352 -1.58021 -1.90797 
0.269997 0.610129 0.344462 0.440276 -0.10558 0.122513 0.298385 0.218257 0.260046 0.478974 0.301842 0.265229 0.367773 0.390515 0.794517 0.216249 0.00749981 0.207175 0.683244 1.25845 2.13791 25.765 76.4347 106.717 129.516 145.664 136.465 103.443 101.643 88.7103 122.625 105.102 106.959 105.386 102.682 100.515 100.659 95.8047 97.1778 99.2705 103.205 117.345 124.15 129.169 137.019 151.314 167.977 208.566 196.727 189.165 180.595 156.475 142.251 120.587 95.4911 62.4684 7.60816 -0.743947 -2.0256 -1.66617 -2.08064 -1.80105 -1.44168 -1.88118 
0.508405 0.665181 0.328292 0.153954 0.176641 0.139046 0.33016 0.588652 0.338172 0.387575 0.707514 -0.00787214 0.18419 0.607392 0.532746 0.197959 0.736111 0.658336 0.564739 0.833537 1.65832 18.5654 71.2501 102.184 125.728 143.337 144.771 108.052 104.613 91.9373 122.713 105.141 105.685 105.502 102.746 101.028 100.672 99.367 97.7707 99.7971 102.69 111.217 124.367 128.259 135.228 146.656 167.638 205.542 198.893 189.88 176.613 159.864 144.115 122.625 98.1057 66.5329 12.4023 -0.264668 -1.35115 -2.12101 -1.83156 -2.33604 -1.78907 -1.41825 
0.710393 0.560742 0.849811 0.0457212 0.362582 0.116346 0.21836 0.170807 0.337685 0.404746 0.415234 0.305478 0.192211 0.562081 0.953282 0.453589 0.604198 0.306966 0.365756 1.30896 2.07152 13.3116 68.1426 97.9629 123.853 141.864 153.144 113.405 106.175 96.5867 123.728 108.76 105.969 108.225 104.153 101.6 102.19 101.688 98.333 99.71 102.141 108.345 122.126 127.358 134.311 144.318 166.14 203.992 198.992 190.01 177.478 162.224 144.358 123.67 98.5188 67.7779 14.7025 -0.516221 -1.55437 -2.34141 -1.84538 -1.58508 -1.61616 -2.43773 
0.102921 -0.00271142 0.274016 0.0937453 -0.00985295 -0.131874 0.129952 0.342726 0.49422 0.339747 0.295714 0.214184 0.304527 0.685665 0.362946 0.503585 0.532904 0.749798 0.376523 1.27255 1.75868 11.5253 65.4397 98.0148 123.155 142.414 158.483 117.995 110.354 98.825 124.558 112.949 108.898 109.554 105.343 103.558 104.969 101.407 98.9012 100.904 103.322 108.761 120.621 127.378 132.848 142.572 165.773 202.081 199.12 189.279 177.828 165.289 143.12 124.643 99.821 68.4225 15.6219 -0.410663 -1.10059 -1.84178 -1.90519 -1.43958 -2.06852 -1.63515 
0.440763 0.773568 0.609549 0.226514 0.0104903 -0.454764 0.189953 0.491572 0.0620379 0.537665 0.429137 0.574282 0.205824 0.297951 0.639081 0.426418 0.254849 0.138196 0.369658 0.959141 2.18603 8.43479 63.8132 95.7495 122.375 141.548 159.879 128.468 113.793 103.176 123.249 123.146 112.439 110.774 107.72 106.037 113.786 98.3285 100.646 101.902 105.068 109.975 120.856 126.719 131.653 141.678 163.279 195.704 197.905 189.907 177.731 165.048 146.454 124.114 99.6528 68.3843 15.4984 -0.281553 -1.7617 -2.00195 -1.89684 -1.80186 -1.8801 -1.52839 
0.119895 0.465887 0.29225 0.823273 -0.109441 0.190896 0.272957 0.177751 0.0533233 0.180534 -0.0775513 0.0460836 0.262047 0.760423 0.345761 0.385612 0.138796 0.25552 0.331783 0.697905 1.66109 7.35522 62.203 94.858 121.09 140.443 156.136 141.326 119.705 108.382 124.01 130.058 116.474 112.308 108.277 105.759 114.92 101.478 101.606 103.675 106.377 112.492 121.724 125.761 131.547 139.719 161.764 192.256 198.568 188.653 178.128 165.206 150.765 124.03 100.853 69.5027 16.6568 -0.377564 -1.23402 -2.01272 -2.03754 -1.73687 -1.9449 -1.56133 
0.301342 0.135515 0.175953 0.569726 0.310343 -0.0657495 -0.17287 0.49325 0.359034 0.605995 0.230832 -0.219146 0.686172 -0.246372 -0.177492 1.14632 0.372245 0.37358 0.203755 0.659459 1.47602 6.40105 59.5467 93.0857 119.914 140.782 155.69 154.415 125.991 113.205 127.36 138.931 120.927 114.594 112.08 114.776 110.065 103.919 104.351 105.825 108.959 117.767 122.209 125.565 130.795 138.068 161.188 188.596 197.446 188.242 177.67 164.336 149.783 128.276 101.305 70.3485 17.8672 -0.327746 -1.5364 -1.94669 -1.75834 -1.97267 -1.73942 -1.77239 
-0.142743 0.89055 0.586655 0.31403 0.184045 -0.0253344 0.464472 -0.147126 -0.0256663 -0.178058 0.369576 0.0142967 0.0632043 0.513224 0.371137 0.436505 0.149628 -0.0573958 -0.0758269 1.08175 1.81958 3.39494 59.5976 92.217 118.761 139.815 155.197 167.927 135.3 122.401 133.761 149.027 125.75 118.936 115.205 118.649 109.422 106.003 106.356 108.652 115.366 118.358 120.984 124.462 129.977 135.01 158.997 185.722 198.121 189.422 176.807 164.928 149.842 129.694 101.815 71.2981 19.2034 -0.156697 -1.71614 -1.3822 -1.94733 -1.50276 -1.36132 -1.58712 
0.106208 0.514619 0.189944 0.348131 0.447747 0.357214 0.547615 -0.0637146 -0.152068 0.0750617 0.155117 0.539479 0.630627 -0.00619155 0.418792 0.417444 0.166487 0.216919 0.0925596 0.554976 1.60383 2.27628 58.1745 91.3283 117.812 138.872 155.826 167.115 159.004 132.374 150.497 164.279 131.372 121.837 127.355 120.543 109.679 109.325 112.083 116.21 116.835 117.841 120.57 124.342 130.135 136.247 157.228 182.272 196.438 189.341 178.572 166.032 150.483 131.207 104.798 71.3892 20.0332 -0.236848 -1.43068 -1.88719 -1.50657 -2.02468 -1.48472 -1.94292 
0.27871 0.196469 -0.277186 0.652081 0.22701 0.165173 0.121621 0.20422 -0.155709 0.168969 0.137738 0.0557248 0.838515 0.726465 0.287514 0.448243 0.275033 0.442238 0.170741 0.223044 0.906457 2.62543 56.0709 91.5953 117.002 139.353 156.589 166.696 183.835 157.33 176.304 174.932 141.337 136.08 129.734 125.22 117.813 118.007 117.009 115.977 117.08 118.057 121.276 125.033 129.213 135.289 154.853 177.775 195.627 189.114 178.097 164.989 150.304 129.85 105.733 73.4342 21.5874 -0.397426 -1.04267 -1.26882 -1.76375 -1.86432 -1.64226 -1.50048 
1.00103 0.143362 0.494688 0.446688 0.791195 0.759532 0.501793 0.597689 0.259578 0.513597 0.411201 0.52665 0.868504 0.467154 0.870444 0.85703 0.681593 1.02124 1.02573 1.31614 1.63319 -0.160027 54.8557 90.9898 117.864 139.804 155.847 167.509 182.643 191.115 198.465 195.025 151.358 147.599 133.708 126.458 120.917 118.013 116.979 115.97 116.081 117.305 119.056 121.935 127.135 132.997 149.682 172.198 195.562 187.957 177.476 162.942 149.699 129.433 105.961 75.5144 24.0695 0.398748 -0.778129 -1.70346 -0.878959 -1.48318 -1.40883 -1.72112 
0.61688 0.198184 1.00492 0.734203 0.67867 0.354894 0.544111 0.883436 0.305158 0.42428 1.04093 0.435304 0.404386 0.812808 0.519233 0.785998 1.07798 0.815068 0.616415 0.801954 1.75797 -0.649196 53.3321 89.729 116.798 138.69 156.586 169.356 182.928 193.338 199.29 199.563 155.55 145.752 134.827 124.843 121.433 119.077 116.822 115.528 115.593 117.81 117.908 121.577 126.846 133.022 147.509 165.427 200.456 188.378 177.151 163.42 149.565 129.949 106.922 76.557 25.5541 -0.196932 -0.945698 -1.31582 -1.04225 -1.48822 -1.31257 -1.5563 
0.340627 0.930567 0.481453 1.21063 0.00581581 0.925847 0.860667 0.31118 0.584473 0.887541 0.612814 0.593319 0.862644 0.750553 0.56554 0.754586 0.386008 0.419054 0.524363 0.49919 1.86061 -0.749822 52.279 88.7311 116.104 138.528 156.017 168.819 182.731 192.419 199.155 203.492 156.406 148.717 133.856 126.246 122.006 118.868 116.968 115.971 116 119.042 119.128 121.423 126.274 132.242 146.998 161.939 199.053 187.529 177.522 164.53 149.507 130.398 106.536 77.7295 28.2885 0.440089 -1.30992 -1.59966 -1.41883 -1.20352 -1.22064 -0.861444 
1.11814 1.23547 0.570586 1.0528 -0.215836 0.487623 -0.0216313 0.222341 0.622129 -0.253568 0.6707 0.967378 0.253856 0.538201 0.409992 0.516857 0.645196 1.15256 0.737672 1.40056 2.26474 0.0711539 50.5783 88.1916 116.306 137.294 155.633 167.426 182.335 193.14 199.76 205.51 156.083 156.879 133.152 126.585 123.124 119.257 116.498 117.009 116.557 116.157 118.377 121.282 125.462 131.422 145.653 159.382 197.538 185.909 178.623 164.435 150.145 130.939 108.138 78.5686 31.3733 -0.237245 -1.08086 -1.37588 -1.51604 -1.70554 -2.03667 -1.29875 
0.460336 0.790287 0.523991 0.534937 0.374942 0.535391 1.2456 0.330218 0.727952 0.492856 0.683538 0.507019 1.14511 0.767038 0.880908 0.686206 0.550732 1.11119 0.951116 0.79337 1.5825 0.288487 47.9885 86.9035 115.223 137.566 155.26 168.169 182.149 192.904 200.75 208.859 158.728 157.003 133.644 126.802 123.44 119.799 117.8 116.176 116.299 117.063 119.494 121.277 124.684 131.172 144.999 158.772 195.368 187.52 178.959 165.598 150.966 132.258 108.678 79.9272 33.6012 -0.352898 -0.296077 -1.41913 -1.76329 -1.46274 -1.49207 -1.04065 
0.426933 0.652453 0.123043 0.780129 0.431926 0.866539 0.77367 0.911614 0.488234 1.21679 0.61149 0.44016 0.422598 1.26186 0.68342 0.941992 0.661082 0.978738 0.301604 0.684177 1.8618 0.41025 45.6792 85.1345 115.485 136.827 156.598 168.151 180.6 190.939 200.959 209.33 161.682 157.349 133.136 127.78 123.591 121.375 117.499 115.856 116.064 117.35 117.965 121.451 125.341 130.453 142.813 157.69 193.645 188.28 178.941 179.175 150.448 131.994 109.414 80.5384 35.9879 -0.212997 -0.8227 -1.68851 -1.2506 -1.70816 -1.27729 -1.49269 
0.948072 -0.0607882 0.727395 0.731261 0.568519 0.60764 0.0374478 1.29617 0.811345 0.444437 0.679134 0.613271 0.512363 0.901557 0.745794 0.979519 0.849325 0.586872 0.786033 0.571822 1.46375 1.00168 43.3936 85.5978 114.013 137.445 154.091 168.762 180.533 192.225 201.88 209.338 161.628 147.91 140.318 128.56 123.864 121.031 117.92 117.238 115.907 116.355 118.268 120.41 123.786 129.063 140.339 156.854 192.942 188.425 178.701 166.577 151.591 133.036 109.799 81.5749 39.2714 0.392742 -0.598238 -1.65084 -1.74931 -1.64998 -1.09728 -1.13888 
0.187337 0.829694 1.24318 0.553737 0.797615 0.862507 0.347227 0.370023 0.681245 0.221487 0.691738 0.760731 1.41715 0.603854 0.893672 0.340647 0.69571 0.258952 1.01026 0.485974 2.13111 1.77765 41.9391 85.9465 113.66 135.716 155.417 166.955 182.324 193.103 202.8 209.614 161.607 146.055 143.232 128.236 123.885 120.61 118.286 116.773 116.249 117.318 117.608 119.983 124.07 129.698 140.836 154.453 190.755 193.51 180.237 168.216 153.163 134.631 111.012 83.7175 41.9165 -0.304278 0.343006 -0.950321 -1.02028 -0.861568 -1.22599 -1.09205 
1.01611 0.482938 0.25201 0.547079 0.295258 0.164132 0.758094 0.807279 1.27856 0.705402 0.718443 0.591237 0.304729 1.14577 0.444924 0.722798 0.745798 1.01797 0.457977 1.07112 1.7723 1.61781 37.1326 83.2389 111.824 134.351 153.425 167.575 180.363 195.075 205.796 206.593 167.24 148.756 144.658 129.09 125.087 121.453 118.732 117.123 116.157 116.522 118.048 119.852 123.946 128.363 140.141 152.249 188.182 191.918 182.267 169.734 156.212 137.345 115.233 87.6956 50.5344 -0.485866 1.27775 0.213495 -0.370364 -0.474439 -0.739258 -0.834868 
0.667615 0.472687 0.108934 0.930366 1.18354 0.431193 0.705303 1.25624 0.266395 0.657545 0.515323 0.363666 0.342175 0.895207 0.550101 0.570362 0.928239 0.945853 0.984852 1.14396 1.54349 2.45082 31.0336 81.3871 109.814 133.147 152.115 166.98 178.207 201.115 202.212 207.137 172.773 149.327 140.045 133.492 124.93 122.434 117.765 117.293 117.185 116.758 118.186 119.915 123.364 128.493 137.86 150.728 184.337 192.352 182.835 172.036 157.891 140.746 117.708 90.7189 57.4657 1.03471 1.42056 0.876767 0.359969 -0.162842 -0.283279 -0.805676 
0.525439 0.996009 0.812353 0.745207 0.500361 1.02913 0.320378 0.499895 1.2948 0.588654 0.187676 0.980534 0.885413 1.33569 0.820649 0.189634 1.04099 0.301335 0.776669 1.25954 1.58274 2.88804 29.2671 82.0351 110.219 133.032 152.72 167.933 178.946 203.925 201.055 208.908 174.703 150.451 140.599 130.553 124.977 121.223 119.026 116.885 115.809 115.912 117.737 120.001 122.832 128.723 136.363 149.68 181.548 192.903 184.642 173.045 158.734 142.001 120.385 93.1063 58.3275 2.99253 2.0321 1.13085 0.640985 -0.277931 -0.651668 -0.594486 
0.801022 0.426435 0.976608 0.750948 1.49851 0.790863 0.807357 1.2304 1.40572 1.15636 0.777571 0.384075 0.311922 0.840502 1.02371 0.556714 0.95744 1.23026 0.547478 0.97459 1.62548 2.86278 28.4994 80.6722 110.939 132.164 152.143 167.016 179.966 211.688 206.141 211.465 178.346 153.092 141.256 132.071 127.714 122.32 118.949 118.018 117.682 116.338 117.803 119.66 122.827 127.881 137.419 149.356 178.886 194.189 186.064 175.118 159.924 143.586 121.431 95.3267 58.7498 6.55874 2.34111 1.88582 1.21713 0.493819 -0.421908 -0.66248 
0.5448 1.06474 0.51374 0.62741 0.808262 0.508826 0.930411 0.570945 0.284246 1.19221 1.1343 0.590463 0.72125 0.846012 0.930931 0.265888 0.648903 0.391275 0.959974 0.78726 1.72528 2.43569 29.6565 82.1294 111.532 135.997 155.755 168.862 202.016 213.462 205.023 208.354 178.711 154.298 142.89 135.667 129.431 126.762 122.116 120.999 120.456 120.667 121.845 122.384 125.833 130.408 138.207 155.127 181.404 201.533 193.447 182.206 169.78 154.195 130.061 99.0134 66.9305 11.0612 0.167213 -0.295189 -1.29428 -0.939338 -0.247478 -0.545766 
0.747713 0.647562 0.543181 0.652799 0.79529 0.888197 0.586636 0.814698 1.19872 0.905944 0.583855 0.617896 0.578558 1.21638 0.644089 0.39389 0.741989 0.422756 0.558945 1.85702 1.91781 14.0785 71.8635 103.954 128.832 152.451 169.158 186.917 222.955 229.352 217.446 226.065 187.842 163.515 151.878 143.2 137.502 133.107 131.354 128.162 127.726 127.478 129.105 131.159 133.589 137.655 155.593 186.865 224.256 252.218 244.503 219.331 200.974 182.315 170.671 156.617 135.704 120.305 108.693 97.0464 75.604 46.2724 2.05795 -1.43661 
0.957535 0.7418 0.468827 0.0911106 0.747828 0.587044 0.344516 0.678321 0.71417 0.645495 0.670559 0.794999 0.860041 0.53148 1.13325 0.461132 0.59209 0.704257 0.802824 1.34124 1.96764 17.6621 72.6876 107.189 136.494 160.744 177.63 205.343 242.635 256.085 260.4 248.79 205.158 180.005 167.453 157.474 154.18 151.954 150.97 150.757 153.509 157.326 160.069 164.112 169.243 173.807 194.105 218.444 254.473 309.82 305.563 255.028 236.904 229.281 216.684 205.616 189.505 173.935 155.413 133.811 111.2 83.6182 36.8707 -1.9429 
1.38629 0.749841 1.30813 0.506257 1.30471 0.82259 0.0864794 0.823275 0.660275 0.171072 1.19338 0.754224 0.247719 0.604935 0.863717 1.24915 0.458048 0.476235 0.94554 1.28241 0.101153 46.8291 90.8157 119.858 147.299 169.45 188.823 214.485 248.4 265.607 269.653 266.349 220.695 192.085 182.568 176.173 170.487 168.335 166.058 165.761 167.3 169.534 170.35 173.829 176.255 181.106 200.239 219.852 251.568 310.612 283.779 254.104 246.036 236.593 227.134 212.489 198.044 182.432 163.82 142.278 118.961 91.8683 49.7038 -4.11417 
0.967839 1.13765 0.590281 1.17886 1.25639 0.379106 0.0613775 0.633554 0.264992 1.01032 0.487009 1.06708 0.977065 0.737267 0.827467 0.87734 0.547452 0.809219 0.719981 0.766753 -0.41002 47.2224 92.6391 121.925 147.679 171.688 191.97 205.895 245.417 260.681 268.927 270.962 226.741 198.528 187.296 179.392 174.641 171.618 169.149 169.22 170.55 172.017 173.304 177.87 183.379 188.364 202.295 219.215 242.88 292.054 275.443 262.792 251.924 243.178 232.185 215.671 201.096 183.766 163.603 140.597 115.491 84.4169 31.8403 -0.60364 
1.12563 0.502104 0.336708 0.421616 0.116236 0.204629 0.487204 1.39893 0.934253 0.968127 0.717924 1.0674 0.711773 1.26112 0.065231 0.702126 0.710068 1.02377 1.06048 1.17813 1.3525 23.2021 78.7392 112.357 140.038 165.036 186.04 206.151 225.052 250.824 258.894 266.298 232.71 197.5 186.723 178.69 173.34 170.669 169.516 168.442 168.934 169.021 172.801 175.496 182.171 190.006 200.297 215.872 237.815 284.659 270.155 261.188 251.295 240.939 227.818 213.61 195.623 176.677 154.635 129.872 101.823 64.9112 3.27698 -0.69666 
0.70203 0.493047 0.183631 0.150857 0.821584 0.555356 0.661838 1.29559 1.05208 0.188949 0.359668 0.842588 0.690152 0.238648 0.340878 0.808477 0.84599 0.150946 0.465601 1.78333 1.76156 1.97286 55.3114 94.4147 124.53 150.283 174.212 192.5 215.006 234.457 245.884 252.361 239.567 194.309 182.922 174.622 169.46 166.493 165.142 164.514 163.263 165.386 167.315 170.258 173.991 181.898 191.689 207.844 224.768 271.431 264.106 256.991 245.658 231.731 216.572 200.074 182.861 162.432 137.642 110.187 76.036 14.7341 -0.158684 -1.11834 
0.528552 1.42092 0.1993 0.165198 0.562658 0.964498 0.924401 0.763705 0.733618 0.427219 0.340359 0.979867 0.463175 0.809123 0.637791 0.116551 0.782179 0.83911 0.863368 0.984701 1.63592 2.89282 18.2468 74.1021 107.474 134.441 157.889 176.651 193.331 210.823 228.417 240.523 229.003 188.85 175.478 167.309 161.673 157.756 156.39 155.635 153.198 152.591 153.935 155.738 158.986 163.528 169.422 182.734 200.222 242.991 238.754 230.266 219.832 208.36 196.663 181.133 162.908 140.509 112.09 77.0691 20.1908 0.088894 0.126907 -0.560509 
0.529946 0.696739 0.391902 0.421202 0.176801 0.19171 0.994527 0.498182 0.90247 0.907494 0.565167 1.07814 0.295842 0.733376 0.710652 0.935415 0.448129 0.455224 0.769066 1.12226 1.5172 2.23759 3.77274 60.7531 96.4364 124.485 148.143 165.587 180.227 190.189 209.249 218.52 217.488 179.375 167.161 158.252 150.675 146.747 145.118 143.016 141.239 140.22 140.375 141.508 143.674 148.408 153.985 164.769 178.771 217.366 211.973 206.142 193.772 181.95 172.69 158.478 140.915 119.958 89.7042 54.181 -0.724192 1.14055 -0.21089 -0.406179 
0.465413 0.840202 0.656622 0.725814 0.932119 0.773288 0.460074 0.593599 0.995026 0.705874 0.469827 0.924145 0.523564 0.172219 0.650468 0.635576 0.590103 0.515133 0.760585 1.33609 1.28433 2.2742 2.91707 60.7067 95.5914 122.972 146.392 164.155 178.6 184.812 198.964 207.678 199.833 164.241 150.069 143.63 136.484 133.007 130.651 129.404 127.595 128.281 130.273 132.513 134.99 139.577 146.545 158.262 172.464 211.509 209.84 202.982 191.472 178.087 173.571 158.426 141.001 118.237 89.114 52.1245 -1.69932 0.722047 -0.0675567 -0.426188 
0.900075 0.381931 0.517432 0.712613 0.424638 0.566064 0.556797 0.354838 0.957397 1.16471 0.488763 0.452699 0.0358293 1.45241 0.476948 0.650473 0.91076 0.523868 0.600773 0.530766 0.932763 2.30778 0.60151 57.4373 94.3983 121.727 144.546 163.048 175.729 185.239 197.597 205.882 201.009 165.318 150.352 142.993 135.003 132.793 129.935 127.809 127.858 127.838 129.683 131.387 135.278 139.427 146.253 157.534 171.313 208.253 207.946 201.021 189.207 171.571 172.675 158.104 140.082 117.416 91.6116 55.8125 -1.20612 0.484651 -0.659364 -0.664334 
0.986007 0.702353 0.109331 0.0967471 0.436635 0.425735 0.671129 0.667357 0.355357 0.66354 0.690658 -0.134218 0.464314 0.529373 0.899322 0.81806 1.04718 0.932806 1.00876 0.815959 1.53972 1.83701 0.748914 58.0893 92.8265 120.61 143.912 161.593 176.573 186.684 197.409 205.29 200.715 164.472 151.291 141.708 136.225 131.521 130.057 128.503 128.409 127.78 129.175 130.343 132.969 137.972 143.947 155.309 169.106 207.443 207.317 201.13 189.86 171.056 176.22 158.314 141.003 116.997 90.4571 55.8725 -1.74828 -0.428112 -1.35393 -1.49526 
0.374608 0.75879 0.789794 0.499551 1.00412 0.354712 0.152445 0.647034 0.410983 0.468385 0.844481 0.417928 0.740057 1.4241 1.16458 0.194743 0.235574 0.690826 0.493574 0.160045 1.01259 1.28769 -0.285824 56.719 92.3693 120.745 143.013 161.297 174.539 183.31 196.117 203.743 200.785 163.437 149.385 140.842 135.785 132.66 128.727 128.242 127.652 126.547 127.513 130.256 132.407 137.758 143.97 154.521 166.883 205.035 208.347 200.343 191.217 169.336 176.48 159.709 140.122 117.848 90.9893 55.3851 -1.36773 -0.361376 -1.27519 -1.19299 
0.585319 0.221806 0.459295 1.06011 0.541674 0.391243 0.443164 0.351806 0.800109 -0.34534 -0.0179027 0.735879 0.82386 0.496664 0.570753 0.363571 0.868788 0.654869 0.645332 0.153438 0.960425 1.74431 -0.0115938 53.3586 90.7382 119.69 143.434 160.81 173.912 182.37 194.539 202.963 201.187 163.2 149.826 140.386 135.193 131.552 127.977 127.396 126.251 126.941 127.539 130.666 131.756 136.089 143.274 153.509 167.062 201.502 207.825 201.704 189.547 164.953 180.25 160.375 140.204 119.345 92.1844 58.6151 2.43225 -0.858656 -1.31397 -1.1738 
0.483687 0.721082 0.285901 1.14773 0.548831 0.63162 0.73203 0.476518 0.788926 0.604266 0.39962 1.17377 0.745564 1.00711 1.32888 0.625264 0.693598 0.891806 0.901324 0.625835 0.982007 1.478 1.31632 43.9958 86.8831 116.499 140.8 159.277 173.314 178.912 193.822 201.764 203.612 165.345 151.845 141.499 135.452 130.661 128.083 127.101 126.789 125.799 126.282 129.573 130.654 135.248 140.639 150.471 162.693 196.714 207.129 201.862 191.203 172.142 175.201 161.191 143.107 122.67 96.0884 63.6201 6.56731 -0.0691068 -0.623451 -0.909155 
0.675351 0.166321 0.349923 0.254942 0.596193 1.35498 0.393301 0.402738 1.76449 0.758602 0.248577 0.346151 0.447268 0.418506 0.708122 0.697725 0.170073 0.916576 0.110097 0.748195 1.20001 1.56264 1.5551 43.5029 86.7752 115.631 140.536 158.682 173.963 179.074 192.98 200.544 203.175 164.861 149.952 140.729 133.704 130.494 126.557 126.338 125.52 125.936 127.102 128.992 131.577 134.661 142.131 149.947 164.052 194.38 207.342 203.57 192.902 174.214 173.011 161.349 143.132 121.819 96.7967 63.9373 7.19058 0.0555928 -0.999191 -1.22135 
0.704903 0.331561 0.779128 0.0210091 0.0880666 0.543255 0.910515 0.538708 0.676396 0.921141 0.72843 0.719051 0.739993 1.3091 0.248379 0.753002 0.235383 0.566938 0.36427 0.573196 0.743074 2.02343 1.59065 40.847 86.3876 115.574 139.148 159.5 173.804 176.464 192.145 199.654 201.523 164.735 150.56 140.093 133.905 130.439 127.54 126.958 125.111 123.954 126.384 128.078 130.984 134.518 140.954 149.767 161.921 193.438 208.804 202.956 192.956 177.5 171.412 162.349 145.261 123.064 97.2982 64.21 7.73496 0.0108014 -0.814132 -0.94172 
0.708549 0.758923 0.322449 -0.17919 0.384531 1.36421 1.11241 0.412107 0.511984 0.272801 0.486994 0.355071 0.4085 0.930402 0.329194 0.381733 0.435391 0.43091 0.704964 0.85062 0.915583 2.03876 0.501541 37.7815 85.0623 114.106 139.856 157.777 175.674 175.114 192.592 199.109 201.923 164.936 164.08 140.945 133.571 129.053 127.492 125.486 125.22 124.629 125.787 126.913 129.891 132.161 139.318 148.886 160.147 191.048 209.13 203.161 193.384 180.376 171.775 163.072 145.497 125.121 98.4052 65.7348 8.81259 0.654061 -0.334989 -1.06999 
0.749259 0.617331 0.340534 0.524061 0.392305 -0.0611174 0.448635 1.03986 -0.307673 0.521772 0.960659 0.732892 0.249298 1.08677 0.243139 0.479232 -0.0818384 -0.208349 0.890227 0.635689 0.754197 1.99592 1.99926 38.4653 84.6969 114.648 138.812 158.798 175.559 173.312 191.317 201.694 202.229 166.251 149.537 140.09 134.413 130.488 126.908 125.206 126.328 124.538 127.294 127.124 131.926 133.154 140.108 148.751 162.058 190.469 210.652 203.669 193.281 181.046 169.441 163.134 146.47 125.25 99.649 67.2062 11.2403 0.868037 -0.0239625 0.0765692 
0.586627 0.887849 1.115 0.191119 0.901995 0.504389 0.285936 0.696525 0.378815 0.587313 -0.031253 0.107898 0.532701 0.32992 0.464627 0.453593 0.231936 0.44085 1.06661 1.17855 1.63461 2.26815 2.76235 36.6078 84.3849 114.327 138.729 158.132 178.776 170.62 190.479 199.437 203.609 167.06 151.362 140.432 134.928 129.833 127.683 127.612 124.461 125.361 126.011 128.207 129.698 133.795 140.235 147.661 160.987 188.107 211.851 204.278 193.968 183.503 167.861 164.465 148.203 127.267 102.785 71.1019 14.4571 2.5748 0.95961 0.107173 
