0.197129 0.350543 0.175675 -0.041426 0.160108 0.345649 -0.044226 0.27628 0.305289 0.30272 0.0120295 0.37661 0.269454 0.231999 0.908449 1.46626 25.7012 76.7669 106.772 132.263 152.179 168.034 171.838 183.738 196.121 204.161 199.976 166.068 150.677 142.919 136.735 131.466 129.568 127.378 127.275 127.361 129.225 131.873 135.135 138.859 146.202 157.833 175.245 211.443 201.816 195.477 182.521 173.148 167.61 151.983 132.374 108.014 78.0165 25.2813 1.48916 -0.0526064 -0.564653 -0.392605 -0.819153 -0.641197 -0.348823 -0.523864 -0.27788 -0.507525 
-0.0579439 -0.0233765 -0.0800086 0.39261 -0.159125 0.024484 -0.0812612 -0.101058 -0.089865 0.194983 -0.134835 0.0824173 -0.0632465 0.646342 0.920795 1.94983 25.3353 76.779 107.525 132.123 151.597 168.008 173.891 184.948 195.363 204.124 201.601 165.577 151.978 141.54 136.172 131.063 129.398 127.61 126.206 127.032 129.326 131.778 134.446 139.58 147.008 156.341 176.863 210.835 201.664 194.113 182.429 171.786 168.563 152.826 132.818 108.049 77.1954 25.4231 0.946883 0.107454 -0.464657 -0.2583 -0.619669 -0.415348 -0.371912 -0.495111 -0.26756 -0.536038 
0.329534 -0.144291 0.380167 0.327329 0.321569 0.140075 -0.0584637 0.346846 0.201896 0.265651 0.306575 0.509033 0.499716 0.505444 1.04678 1.78689 25.8389 75.595 106.735 132.675 152.666 169.011 173.638 182.292 195.55 204.057 201.828 166.899 151.532 143.67 136.571 131.926 129.108 127.293 127.028 128.127 128.644 131.679 134.873 138.808 146.57 157.437 174.417 211.31 202.688 194.68 182.161 173.155 170.124 152.53 132.422 107.822 78.478 24.8085 1.13076 0.361212 -0.515174 -0.458409 -0.300594 -0.0533703 -0.402127 -0.247303 -0.17487 -0.28074 
-0.229356 -0.239705 0.160705 0.177834 0.175871 0.139281 -0.175275 -0.626786 -0.0688205 -0.00139365 0.0648462 0.156403 -0.0948391 0.415284 1.22478 1.44645 23.102 76.7602 106.991 131.424 151.44 167.863 171.828 185.993 197.185 205.522 201.285 166.661 151.982 143.252 137.193 132.865 129.53 128.912 127.034 128.169 132.568 133.692 138.262 140.433 147.57 157.982 175.637 212.985 204.866 196.885 183.23 174.82 168.188 152.092 133.175 108.238 77.5189 25.4707 1.52661 0.296727 -0.488659 -0.27708 -0.585138 -0.38599 -0.704032 -0.725852 -1.07658 -1.04636 
0.245393 0.527616 0.266171 0.330526 -0.416405 0.298531 -0.217158 0.386347 0.373864 -0.00878395 0.183873 0.553676 0.379204 0.27148 1.22171 2.09771 23.6866 75.7408 106.943 132.245 152.371 169.246 172.855 186.241 197.847 203.817 203.759 167.335 153.477 143.922 137.919 132.709 130.196 129.379 127.527 129.121 132.143 132.416 136.199 140.902 147.958 158.44 176.247 213.25 203.88 195.196 184.59 173.495 167.997 152.514 132.838 108.483 78.5468 25.785 1.4113 0.617843 0.0468145 -0.022597 -0.262235 -0.162438 -0.217842 -0.188402 -0.103585 -0.117071 
0.489141 -0.0876669 0.272868 0.134572 0.357396 0.0866296 -0.0852626 -0.00881217 0.524056 -0.187097 0.346835 0.213541 0.100226 0.505411 1.27221 2.1803 23.3222 76.6273 107.359 132.81 151.71 169.175 173.06 185.889 199.124 204.743 204.029 167.923 154.679 144.973 138.379 134.884 130.747 130.028 127.955 129.005 133.299 136.392 136.868 140.876 148.467 160.037 177.204 214.782 203.497 197.175 186.301 173.785 169.961 153.895 134.229 109.557 79.31 26.2476 2.11583 0.656623 0.338158 0.0453282 -0.186231 -0.43489 -0.392483 -0.360191 -0.501986 -0.937818 
-0.0088493 0.309603 0.142247 -0.156045 0.00427984 0.046817 -0.00412103 0.334878 -0.126011 0.532354 0.402962 0.123061 0.0962903 0.826981 1.11723 2.58781 16.9966 73.518 105.513 131.318 151.886 167.781 173.409 186.76 197.59 205.803 208.813 172.912 157.255 147.406 140.011 135.675 130.885 131.663 129.964 130.029 131.422 133.389 138.149 141.365 147.994 160.263 175.976 213.09 208.01 199.31 189.774 179.566 172.882 156.464 138.133 113.395 84.5662 33.4384 2.31566 1.33413 0.569167 -0.0642671 -0.310137 -0.200241 -0.416223 -0.0828858 -0.854223 -0.0951333 
0.0434271 0.173918 -0.240224 0.478573 0.0563344 0.500504 0.170301 0.48378 0.0737165 0.450624 0.192445 0.359161 0.680302 0.877398 1.87708 2.50262 17.0892 71.8275 104.055 130.101 150.404 166.96 177.416 188.303 197.921 207.157 211.29 174.021 158.29 148.772 140.665 136.262 133.034 131.979 130.294 130.944 132.295 134.844 136.925 141.204 148.085 159.812 174.131 211.875 207.13 199.314 189.478 178.118 172.346 155.819 137.58 114.059 85.0756 37.6141 3.18867 1.71548 0.406945 0.141816 -0.189604 0.0251548 -0.592904 -0.123261 -0.165037 -0.12758 
0.448633 -0.0131837 -0.0153058 -0.064487 0.141739 -0.109168 0.491429 0.240623 0.0611741 -0.06192 0.28963 0.331227 0.572456 0.429113 2.21023 3.1131 15.2564 71.7495 104.704 130.684 150.479 169.015 176.836 190.007 201.647 209.565 215.218 177.878 162.885 151.654 143.273 139.192 134.695 133.562 131.647 132.41 133.835 135.17 138.35 142.66 150.312 162.815 177.641 214.212 207.505 201.545 191.428 180.303 174.824 157.642 140.407 114.733 85.7655 35.5268 2.90716 1.68491 0.143664 0.175581 -0.37104 -0.396948 -0.558521 -0.597219 -0.519025 -0.266391 
0.278494 0.4479 0.181774 -0.00636875 0.563907 0.175402 -0.167572 0.280913 0.400155 0.110282 0.372028 0.252164 0.816343 0.746425 1.70364 2.41328 18.6202 80.5645 113.864 142.968 165.113 180.716 190.576 198.24 209.565 221.261 230.525 191.973 175.266 163.765 155.463 147.998 142.266 138.453 137.291 136.934 138.704 142.036 146.368 151.437 158.119 170.891 186.398 225.258 219.623 213.102 200.181 191.199 180.838 165.795 146.606 124.588 96.838 52.3123 8.67357 1.6732 0.447282 0.141721 0.0498213 -0.404718 -0.366357 -0.691848 -0.407994 -0.251429 
0.241044 0.288845 -0.0146841 0.127552 0.082573 -0.353404 0.0528182 0.442635 -0.104846 0.112989 -0.138523 0.181475 0.537213 0.844982 2.19182 7.37189 70.553 104.072 131.466 153.184 174.171 193.401 207.177 220.747 237.018 247.929 255.106 213.323 193.951 176.689 172.707 166.789 163.812 163.93 161.48 161.017 161.575 161.303 164.201 167.17 173.859 183.378 200.596 239.473 237.661 228.501 216.846 208.392 198.921 185.04 167.696 145.731 121.755 95.526 56.0839 0.822816 0.757771 -0.264644 0.00330381 -0.344662 -0.188907 -0.427365 -0.534919 -0.165333 
0.492296 0.146051 0.0823371 0.188863 -0.357744 -0.0143119 0.0990578 -0.19351 -0.128078 0.601559 0.443415 0.549528 0.64975 1.15358 1.0995 27.6647 91.4147 125.456 153.07 179.582 197.712 211.902 222.741 231.31 247.253 259.416 266.244 220.693 199.887 185.747 179.509 173.872 169.831 167.65 166.403 167.786 168.922 173.249 176.34 183.845 193.026 206.712 225.851 265.87 264.623 260.872 249.551 237.822 227.711 213.903 197.694 176.239 151.594 125.444 94.955 49.9328 10.2164 0.249122 -0.662051 -0.342838 -0.938483 -0.620008 -0.186969 -0.723944 
-0.524226 0.0938962 0.171137 0.564017 0.0113153 0.448704 0.0504976 0.562215 0.227277 0.438317 0.101992 0.751686 0.620133 0.716042 14.7826 78.9725 111.666 138.113 163.292 183.7 199.585 213.718 227.068 235.789 255.452 266.23 262.372 226.145 207.017 189.902 184.21 180.008 175.046 175.215 175.39 176.822 178.549 179.145 184.365 191.816 201.513 214.799 232.326 270.613 270.765 262.982 256.845 247.75 236.786 223.801 208.178 190.624 169.036 145.352 120.31 91.047 53.387 -0.183349 0.174478 -0.389296 -0.0665282 -0.23145 -0.462632 -0.164735 
0.166407 -0.0250598 0.222329 0.201519 0.169241 0.30522 0.0158813 0.153337 0.128316 0.358074 0.0620138 0.468455 0.514826 -1.00982 58.8663 93.5629 120.518 145.333 166.707 187.222 205.311 219.409 232.435 239.587 245.089 244.348 284.055 231.78 211.795 192.812 189.166 184.733 182.589 180.718 179.506 179.256 179.221 180.214 184.371 196.679 202.373 215.718 234.647 265.623 271.737 264.838 255.862 248.799 235.428 223.944 208.652 189.919 169.937 148.484 125.17 98.0329 62.0088 -0.653981 -0.786495 -0.548199 -0.678229 -0.384788 -0.472517 -0.437343 
-0.0682983 -0.330206 0.200354 0.26913 0.159817 0.608501 -0.302915 -0.0378683 0.146882 0.642484 0.327898 0.482531 0.67313 8.39895 66.5553 100.243 122.742 141.548 159.265 177.151 194.034 206.046 216.471 220.502 191.728 189.766 209.395 194.74 199.524 176.832 167.564 160.604 153.946 150.961 150.195 152.962 154.131 157.672 159.555 173.823 187.661 202.298 219.305 244.968 250.871 245.661 239.259 230.452 218.053 205.28 190.185 172.186 153.417 128.076 86.7463 48.3886 25.2021 -0.872318 -0.506565 -0.539404 -0.532155 0.0717298 -0.74909 -0.309898 
0.341994 0.251291 0.143595 0.340663 0.131046 -0.0616393 0.439572 0.413525 0.313473 -0.328847 0.518101 0.372698 1.12521 3.4237 15.4049 23.3739 59.7914 101.267 127.964 147.869 167.614 181.474 194.394 186.107 157.443 155.867 178.121 160.98 150.899 162.408 152.782 146.29 141.425 139.528 140.085 140.111 140.257 141.368 143.407 150.623 175.482 189.819 199.315 221.036 226.848 221.464 209.689 199.131 184.607 168.928 147.454 123.568 90.126 36.9089 -0.556695 0.0844099 1.13567 -0.159673 -0.000778573 -0.52976 -0.2526 -0.45757 -0.245709 -0.403994 
-0.0849527 0.451094 0.0687227 0.217723 -0.0896499 0.176868 0.345791 0.011343 0.270443 0.0125882 -0.0908827 0.457729 0.702074 0.853879 1.46679 2.35289 2.217 40.1476 88.4723 117.327 140.885 155.635 167.42 154.587 126.838 118.681 132.641 145.82 127.601 123.976 122.76 126.8 122.56 120.946 121.604 120.184 120.897 122.399 126.337 133.404 147.261 152.243 164.379 200.627 204.282 195.91 186.442 174.832 159.152 142.397 120.878 92.8705 56.6514 -0.501535 2.31731 1.21873 1.1917 0.383955 -0.12575 -0.308989 -0.563829 -0.341172 -0.22846 0.105552 
0.0514943 -0.0360137 0.217466 -0.0895882 -0.0644841 -0.349569 0.192058 0.377862 0.313367 0.157432 0.472954 0.517284 0.574368 1.385 1.20271 2.54062 3.56324 26.0429 79.6833 108.89 132.846 149.199 166.279 137.417 115.42 108.626 112.959 131.352 125.341 118.204 111.147 111.77 121.138 120.174 118.592 117.864 119.524 120.255 123.954 131.451 141.402 144.11 159.521 194.961 201.739 193.007 183.894 171.932 159.003 140.015 116.424 90.8951 54.5029 -0.342 2.13789 1.22879 0.388534 0.224392 -0.109452 -0.163059 -0.308708 -0.0130166 -0.319932 -0.243481 
-0.0830141 0.0988687 0.29582 0.125042 0.0663651 0.096639 0.189516 0.381919 0.0107918 0.0772287 0.356756 0.146289 0.629849 0.885681 1.58438 2.10238 2.83837 21.051 75.0858 105.175 129.218 146.661 165.072 123.198 108.165 101.292 105.639 120.146 111.477 115.544 107.782 106.243 106.94 116.619 117.81 118.025 119.616 120.1 122.68 131.513 138.002 143.61 156.74 189.447 199.565 191.456 182.283 170.84 157.544 138.42 114.12 86.8203 51.0023 -0.142332 1.61719 0.51235 0.472365 -0.151859 0.0149613 -0.27792 0.184256 -0.332338 -0.127562 -0.149055 
0.537478 0.278725 -0.176404 0.23438 0.938788 0.332595 0.395331 -0.0633925 0.488133 0.572386 0.122034 0.230665 0.520063 0.805325 1.1038 2.1034 2.65919 16.8779 71.4476 102.779 127.791 146.094 158.676 119.925 104.767 98.1869 100.254 116.496 102.208 104.911 106.857 103.423 101.914 103.234 114.691 116.311 118.37 119.049 125.076 132.912 131.417 142.49 155.732 186.472 198.759 190.709 181.122 168.799 155.308 137.37 114.045 85.3564 47.7784 -0.261265 1.29054 0.21301 -0.186714 -0.740244 -0.228165 -0.207848 -0.636024 -0.0269365 -0.587475 -0.476742 
0.381657 0.355207 -0.231577 0.401286 0.473969 -0.272311 0.378908 0.430847 0.248304 0.228017 0.296712 0.422294 -0.139531 0.486562 0.88378 1.41484 1.87564 13.4885 67.815 100.524 125.839 145.589 156.592 117.899 104.115 96.1168 98.0793 116.813 99.4864 96.7214 103.033 102.461 99.9241 100.673 103.191 115.276 116.741 118.482 120.741 133.994 129.49 140.645 153.843 184.194 197.039 190.649 180.508 167.571 154.41 136.898 113.945 83.4408 45.2833 -0.561777 0.664708 -0.334039 -0.597382 -0.0400099 -0.490732 -0.710961 -0.516402 -0.240443 -0.459691 -0.604558 
0.352985 0.210141 -0.0214284 -0.320123 -0.109975 -0.207799 0.0995833 0.546372 0.279352 0.131457 0.0696932 0.0128416 0.269404 0.271871 0.49639 0.935299 1.9862 8.93528 67.7864 99.0124 123.423 145.595 156.068 117.813 103.578 95.8405 97.12 117.295 99.1803 97.2602 95.9466 103.235 100.001 98.897 100.911 110.142 116.138 117.849 123.035 131.314 129.451 138.794 152.15 181.949 197.152 191.218 181.341 168.026 154.604 137.39 112.876 84.5035 43.4704 -0.873028 0.460931 0.346313 -0.434803 -0.444967 -0.0813981 -0.572426 -0.314813 -0.716144 -0.336356 -0.293719 
0.21083 0.080577 -0.138467 0.319706 -0.100625 0.275166 -0.0271285 0.0887652 0.494934 0.26516 -0.15173 0.492864 0.659159 0.297743 0.65698 0.86612 1.11084 7.69266 64.401 97.7806 123.242 146.938 160.804 120.841 107.533 97.1656 97.2991 120.152 100.263 97.3112 94.1161 99.9966 99.947 99.7362 101.164 104.136 117.203 117.306 122.979 130.968 129.403 139.816 150.95 178.102 197.917 190.807 180.322 167.86 154.363 136.11 112.455 84.8941 42.562 -0.147085 0.456071 -0.110095 -0.250462 -0.463663 -0.457918 -0.245944 -0.669483 -0.362809 0.352019 -0.71581 
0.42764 0.42328 0.429541 -0.0629365 0.334691 0.0354651 0.338264 0.692819 0.595111 -0.103659 0.437741 -0.195105 -0.145923 0.489238 0.326096 0.919964 1.60214 2.59207 60.027 93.4801 119.181 144.569 157.251 133.562 110.538 99.8862 96.378 124.521 104.001 98.4576 93.796 96.7383 100.735 99.4872 100.529 103.966 116.556 116.945 122.688 128.997 130.101 139.06 149.237 168.638 202.996 190.611 180.904 168.223 155.394 137.422 114.304 86.9631 51.7068 -1.46742 0.647656 -0.052314 -0.207018 -0.169824 -0.199481 -0.340867 -0.443517 -0.669991 -0.615415 0.149853 
0.154572 0.801092 0.628632 0.072407 0.288272 -0.0257714 0.115727 0.0678788 0.16091 0.58006 0.172053 0.223887 -0.14892 0.672525 0.767941 1.37807 1.96762 -1.8865 55.0052 92.1814 117.423 141.375 156.595 144.945 114.462 103.742 97.0927 128.349 105.428 100.913 95.7159 95.9109 101.691 101.644 101.443 103.744 114.226 116.558 122.93 126.495 129.746 137.356 148.722 163.072 203.61 190.42 181.889 169.163 155.997 138.564 115.082 86.8365 53.6408 -0.294824 0.613628 -0.499609 0.0771163 -0.46906 -0.891714 -0.475256 -0.30267 -0.464604 0.0791222 -0.838647 
-0.0304717 0.133478 0.557251 -0.0898871 -0.206208 -0.180036 0.545339 0.114448 0.684897 0.26437 0.333259 -0.0139425 0.140098 0.659141 0.152216 0.812836 1.725 -0.346132 51.8429 90.947 116.367 141.769 159.351 153.934 118.182 106.328 98.2895 132.472 109.557 103.598 97.3911 97.1922 103.154 102.118 102.553 106.288 116.266 116.853 122.288 125.144 129.727 136.104 146.679 160.987 200.358 191.34 181.555 170.007 154.273 137.892 115.815 87.3143 53.2187 0.336755 0.884775 0.0520181 -0.820135 -0.493481 -0.267432 -0.35361 -0.497 0.314185 -0.581498 -0.349825 
0.320733 0.87218 0.658402 0.418889 0.112995 -0.366463 0.352321 -0.0167823 0.204461 0.460653 0.166683 0.736012 0.359167 0.219761 0.625483 0.932439 1.87638 -0.95228 50.5647 88.8388 116.188 138.184 160.985 161.095 122.422 109.654 101.002 136.15 113.015 106.372 100.208 99.5008 105.033 103.9 105.65 109.919 116.3 116.478 121.795 124.509 128.717 135.448 145.249 161.282 198.544 190.044 179.426 169.342 156.583 139.127 115.099 87.5652 52.6569 0.958334 0.499753 0.269765 -0.257454 -0.358784 -0.351202 -0.2219 -0.279266 -0.543258 -0.299333 -0.387811 
-0.153978 0.73048 0.387471 0.599715 0.429008 0.222834 0.0805279 -0.0469601 -0.0272157 -0.0120694 -0.00934042 0.256421 0.544156 0.304717 0.317337 0.735818 1.62905 0.291367 47.3827 88.2721 114.932 135.705 162.72 169.084 128.014 113.666 103.638 140.358 117.656 109.764 103.534 103.392 106.687 106.963 106.842 113.578 115.041 115.782 121.831 123.471 128.898 135.357 144.183 159.717 197.845 190.801 181.019 169.029 155.413 138.058 115.51 87.406 53.1281 2.73369 -0.0012738 -0.297129 -0.540063 0.106813 -0.0206784 -0.666015 -0.701165 -0.466406 -0.288257 0.10151 
0.36852 -0.197018 0.183967 0.481907 0.39624 0.390421 -0.213707 0.784945 0.248913 0.411889 0.26446 -0.0122661 0.382174 0.223218 0.108637 0.989025 1.62389 0.595919 45.143 87.114 114.107 135.765 160.601 177.711 137.392 119.987 107.625 147.054 122.115 114.761 107.393 111.395 109.543 110.503 112.285 115.982 115.739 115.806 123.08 123.352 128.344 133.611 144.033 158.116 195.975 190.609 181.851 169.358 156.464 137.924 115.307 86.6375 55.0873 1.49243 0.472915 0.390601 -0.388784 -0.391161 -0.592664 -0.557955 -0.431197 -0.348761 -0.526644 -0.156726 
-0.227811 0.644563 0.275154 -0.0243144 0.161147 -0.231207 0.208208 0.145073 0.170286 0.0239543 0.240165 0.114788 -0.0810914 0.854584 0.541642 0.789041 1.28995 0.605206 42.444 87.561 113.621 135.338 158.067 172.706 156.149 126.585 113.957 156.485 129.089 121.802 116.461 117.815 114.062 116.052 117.815 115.514 115.381 116.236 121.594 122.879 127.367 132.196 142.196 156.984 194.326 188.997 180.754 169.514 156.871 137.6 115.071 90.6133 54.4963 0.211304 1.13199 -0.236158 -0.601723 -0.239629 -0.44786 -0.124069 -0.48227 -0.03714 0.30582 -0.262199 
0.101008 0.287612 0.183811 0.0782447 0.455052 -0.0729447 0.0746374 -0.430949 -0.348657 0.0248377 0.330786 0.253296 0.861574 0.173149 0.886615 0.697122 1.3153 1.7188 41.2668 85.7847 113.392 135.26 153.752 181.922 175.85 138.297 123.973 166.599 139.16 135.505 128.203 123.7 123.48 119.486 117.917 115.591 115.364 114.978 121.532 122.389 127.698 132.073 140.667 156.33 191.312 190.907 181.586 169.333 156.992 137.76 119.558 89.3238 53.9031 0.67801 0.812239 -0.361442 -0.376641 -0.466127 -0.470993 -0.649126 -0.230228 -0.431304 -0.15511 -0.204097 
0.7201 0.579341 -0.198309 0.525354 0.246947 0.3081 0.246519 0.142769 0.399581 -0.111236 0.319546 0.211234 0.315731 0.46748 0.199941 0.477607 1.35553 1.84444 39.9134 86.1259 111.895 135.341 150.509 183.491 184.482 167.223 149.654 188.392 165.919 148.998 137.9 130.562 124.792 121.269 117.641 115.777 116.01 116.207 120.644 121.111 126.033 131.238 140.76 154.842 188.59 189.59 180.892 169.302 157.173 139.411 120.545 87.6305 54.7075 0.373601 0.293051 -0.0124225 -0.873878 -0.359167 -0.0730563 -0.223522 -0.594345 -0.384349 -0.546655 -0.303909 
1.71102 1.12382 0.952772 0.937764 0.860012 0.682349 1.18137 0.812139 0.729665 0.764171 0.629367 0.795368 1.32898 1.01662 0.978083 1.65661 2.07447 2.43845 39.9199 86.7113 113.768 136.317 153.337 176.138 191.865 192.105 201.49 204.686 184.533 157.282 141.408 133.845 122.565 118.801 116.375 114.661 113.67 113.64 117.617 118.502 123.536 127.769 136.579 149.757 183.985 187.487 178.797 168.48 155.741 141.839 113.868 86.0885 53.6598 -0.204886 -0.0503802 -0.696311 -1.0685 -0.594123 -0.401918 -1.29958 -0.538198 -1.05191 -0.566252 -1.03489 
1.91519 0.998433 1.19009 0.891736 0.847968 0.519126 1.08719 0.683993 0.759484 1.20359 1.12228 0.110242 1.25388 1.31378 0.861789 1.22212 2.38736 2.71199 39.02 85.8289 112.915 136.311 153.399 164.685 203.096 191.683 202.455 207.514 186.94 160.688 143.548 134.903 122.035 118.326 116.25 114.42 114.182 113.673 117.89 119.324 123.09 128.143 135.949 149.026 184.123 187.546 179.612 167.81 160.211 136.548 114.125 86.9221 53.5547 0.234312 1.02294 -0.391285 -1.11544 -0.931215 -1.04823 -0.726691 -0.537109 -0.907701 -0.788837 -0.791961 
0.855622 2.00201 1.11026 1.06681 0.851614 1.17741 1.19943 1.28635 0.938002 1.18229 0.775825 1.22873 1.41531 1.47822 1.07265 1.7427 1.64083 2.85092 38.1853 85.4423 113.565 136.967 154.403 166.901 208.952 191.202 201.875 207.462 192.152 162.479 144.161 135.784 123.383 119.933 116.966 114.3 114.301 114.105 117.337 119.01 121.837 128.415 135.716 148.713 180.934 188.162 178.933 169.118 156.008 138.23 114.631 87.7971 54.2461 0.958702 0.193899 -0.563053 -0.861925 -0.862876 -1.141 -0.482027 -0.757284 -0.802812 -0.578658 -0.307693 
1.43011 1.60806 2.14366 1.54618 0.393316 1.45156 1.26624 0.493046 0.909572 0.227841 0.822144 1.515 0.79271 0.757131 0.990181 1.24297 1.62432 2.99842 36.7383 85.6861 112.844 136.978 153.528 168.518 208.072 195.031 202.592 206.516 193.758 161.968 146.062 137.591 124.135 120.316 117.544 115.053 114.109 113.479 116.492 118.772 122.514 126.542 134.875 147.597 179.445 188.264 180.394 169.857 157.501 137.568 114.61 87.8831 54.4607 2.24982 0.185641 -1.00922 -0.844278 -0.949404 -1.3292 -0.800143 -1.26697 -0.890704 -1.67909 -0.528146 
1.53776 1.18118 0.564281 0.394036 0.721765 1.06263 1.23271 1.08019 1.22421 0.449775 0.754785 0.72042 1.21857 1.16427 0.652635 1.36098 1.7018 3.58787 35.2015 85.1025 112.743 135.765 153.872 167.884 178.112 218.894 202.41 209.386 197.268 161.887 147.642 136.673 123.966 119.935 117.009 115.179 114.573 113.27 117.395 119.366 122.352 127.289 135.621 147.278 178.372 188.638 179.449 172.16 155.164 137.93 116.085 89.3449 54.9641 2.70429 -0.0691554 -0.853603 -0.5957 -0.893265 -0.229032 -0.736561 -1.27328 -1.09398 -0.649777 -0.81408 
1.11417 1.32539 0.451807 1.31568 0.848373 1.44525 1.67398 1.96656 1.06685 1.63506 0.785446 1.06817 0.225607 1.61012 0.931184 1.44252 1.99651 3.33721 34.1122 82.8652 112.788 136.369 153.263 169.218 176.672 218.447 203.887 209.438 198.492 163.14 148.925 137.465 124.425 119.959 118.153 115.607 114.117 114.972 116.371 117.615 122.5 126.789 134.765 145.789 175.152 189.089 181.212 171.965 157.026 138.532 117.184 89.5268 55.3872 10.8685 0.345959 -0.494692 -1.10008 -0.953262 -1.57216 -0.890605 -0.608941 -1.01503 -0.87958 -0.894181 
1.04732 0.0482964 0.872027 1.12776 0.730905 0.938747 0.698598 1.49925 1.2583 0.724751 1.32402 1.06532 0.853478 1.71138 1.32878 1.38017 2.25261 2.75731 35.4341 83.4292 112.025 134.91 152.869 169.054 178.797 210.156 203.464 209.83 201.053 165.177 149.15 138.463 124.977 120.465 117.872 115.709 114.418 114.228 117.518 117.878 121.782 126.735 134.185 145.209 175.984 188.518 180.301 172.585 156.592 137.992 115.784 90.2598 56.7187 4.03212 0.132943 -0.336622 -0.830475 -0.670032 -1.02544 -0.891118 -1.35943 -1.05245 -0.887043 -0.348902 
0.437599 1.34411 1.54109 0.966301 1.43427 0.995099 0.629085 0.678989 1.21551 1.27494 0.879173 1.09155 1.82555 1.23329 1.29089 1.12278 1.77891 2.96599 33.6684 83.261 112.744 134.877 154.293 167.92 179.179 203.422 206.539 211.792 203.523 167.295 151.336 139.175 127.063 121.95 117.543 115.509 116.7 115.573 116.055 120.192 121.255 126.991 133.84 145.093 173.964 188.8 183.859 169.212 156.904 139.089 117.272 91.2551 58.7485 5.39562 0.988575 -0.0605046 -0.336975 -0.63501 -0.23161 -0.620838 -0.259863 -0.654745 -0.755299 -0.19572 
1.61303 0.790974 1.04299 0.968291 1.05644 0.366742 0.857609 1.31932 1.58945 1.5116 0.779637 1.20165 1.23882 1.25316 0.437121 1.5794 2.27923 3.32447 29.1105 82.6727 111.26 133.764 151.813 166.588 178.182 199.145 209.637 211.721 207.618 169.836 151.282 140.785 127.08 122.022 118.404 116.139 116.063 115.987 115.169 119.356 121.556 126.371 133.243 143.238 167.318 193.231 183.094 171.346 158.829 141.51 120.438 93.8211 61.6663 9.20295 1.67567 0.592622 -0.0578622 -0.045409 -0.0558526 -0.597968 -0.94987 -0.600944 -1.08622 -0.376708 
1.10948 1.42293 0.755654 1.23239 1.20748 1.00904 1.35514 1.71556 0.67416 1.03541 1.00108 0.881389 0.840678 1.35042 0.76097 1.63605 2.88301 3.7152 24.9347 81.1858 108.65 133.29 150.521 165.329 177.318 187.148 218.893 211.294 211.554 173.919 153.607 142.127 127.956 122.153 118.815 116.515 115.132 114.735 114.283 116.377 123.979 126.186 132.903 143.58 159.192 199.91 184.271 173.105 160.934 145.377 123.909 97.5419 65.9434 13.1495 2.24272 1.3858 1.40604 0.066262 0.0625674 -0.0257445 -0.729603 -0.47479 -0.699366 -0.746783 
1.0986 1.21458 1.47753 0.885724 0.964489 0.98972 0.821347 0.977894 1.18552 0.905536 1.21764 1.18914 1.17896 1.49557 1.42732 0.792533 2.25152 3.06389 24.8559 80.9373 107.833 131.081 150.378 167.062 177.513 186.276 220.834 211.889 215.198 174.491 155.176 142.045 127.95 123.055 119.044 116.799 114.641 114.229 114.978 116.883 121.529 127.143 132.845 143.195 157.875 200.285 183.462 173.737 160.706 145.477 125.356 99.3504 68.1395 14.6037 2.57692 1.63835 1.35692 0.527568 -0.133036 -0.789236 -0.378036 -1.00691 -0.997026 -0.638749 
1.28298 1.14828 1.54486 1.30366 1.8529 1.61976 1.61378 1.35138 1.60237 1.54161 0.982355 0.680301 0.171507 1.03589 1.85333 1.68049 3.11516 3.97797 23.6535 80.2849 109.109 133.295 151.39 167.575 178.662 189.401 219.71 209.751 217.901 176.36 155.4 142.695 129.048 122.928 119.593 117.105 115.772 114.322 114.492 116.422 122.657 127.288 134.159 142.49 160.202 198.171 190.044 179.573 165.81 150.225 126.817 99.926 69.4285 16.65 3.19692 2.22328 1.81972 1.93428 0.154649 -0.39781 -0.579557 -0.67997 -1.20201 -1.00713 
1.63222 1.75331 0.701424 1.21106 1.00788 1.24797 1.14906 0.955933 1.41458 1.51332 1.73855 1.11986 1.27447 1.16768 1.33447 1.36136 2.48658 2.80612 38.4299 84.817 113.284 137.013 156.705 173.217 184.51 193.376 231.789 221.916 222.689 184.323 159.074 147.48 132.597 126.726 122.05 119.967 118.22 118.607 118.48 120.342 125.455 131.388 138.845 145.502 167.693 206.956 188.297 176.157 161.549 146.015 127.411 103.389 72.8047 21.2105 3.60038 3.05927 2.51816 1.45018 0.634264 -0.0891984 -0.473512 -1.45202 -0.53421 -0.114116 
0.759603 0.703452 0.854925 1.0239 1.22515 1.0748 0.569805 1.21077 1.36584 1.39294 1.33377 1.07132 1.45952 1.81876 1.29718 1.26887 1.79011 22.7381 77.4718 107.373 132.18 153.006 171.211 187.205 198.264 208.378 252.194 277.102 280.977 226.756 185.466 161.828 144.553 137.51 135.194 134.598 134.508 134.393 137.034 138 148.471 157.895 171.78 184.047 197.659 220.189 213.43 204.433 194.041 180.497 166.089 145.532 121.278 96.8188 54.9004 44.3103 37.7978 28.943 8.70144 -0.38161 -0.61991 -0.402049 -0.937366 -1.13477 
1.21726 1.00661 0.913661 0.390205 1.21966 1.08481 0.559866 0.991645 1.30378 0.896256 0.805304 0.984572 0.834467 0.605407 1.31168 1.67361 0.231365 47.9354 88.9327 116.926 142.593 164.277 180.944 196.546 209.963 218.84 249.531 290.692 290.206 232.87 203.311 178.027 163.608 160.142 157.155 154.486 152.433 155.234 155.902 155.701 186.316 209.077 218.108 211.416 206.634 243.134 240.43 238.135 229.32 220.554 210.29 199.945 187.81 175.911 155.547 131.104 109.985 86.7816 50.9135 -0.717572 -0.128394 -0.973133 -0.719497 -0.496577 
1.76011 0.91844 1.45304 1.34094 1.74178 1.52057 0.76905 0.986809 1.00029 0.564305 1.59025 1.41332 0.546376 0.843925 1.18423 2.15683 14.1101 71.4757 103.371 129.504 153.241 174.392 191.572 206.535 219.742 228.637 236.588 290.539 281.981 230.303 205.785 185.908 170.549 165.058 163.707 161.703 160.8 160.837 162.118 165.207 200.035 214.332 231.656 218.18 214.808 260.399 259.906 252.225 244.65 235.747 224.853 211.27 197.422 181.392 162.891 141.263 119.94 97.2705 65.3395 9.51463 -0.348123 -1.05485 -1.29998 -1.48702 
1.29366 0.989765 0.78146 1.78369 1.581 0.554021 1.17562 0.75697 0.977928 1.52561 1.27019 1.86992 1.39267 1.42583 1.30438 1.64453 12.4235 67.6523 100.636 126.647 153.359 174.072 192.624 206.75 219.768 233.426 243.554 266.59 276.703 229.672 209.451 191.808 175.985 171.618 169.957 168.104 168.223 168.581 168.562 171.433 198.514 209.847 219.745 216.403 218.77 261.847 262.217 256.867 246.997 239.261 227.873 216.922 201.223 183.432 167.112 145.601 122.422 97.5457 63.7849 1.77933 -0.227724 -0.45477 -1.03965 -0.593148 
1.15498 0.567662 0.585035 1.06495 0.546796 0.768897 0.845103 1.05301 1.11177 1.43241 0.825012 1.81507 1.23004 1.27062 1.17181 1.55723 0.549771 44.1007 88.1225 117.012 142.588 164.585 184.378 199.475 214.004 227.169 241.566 254.771 270.469 226.067 206.172 192.085 178.575 171.655 169.287 168.787 168.35 169.368 170.493 174.106 191.279 197.591 205.168 213.563 220.23 259.586 260.323 253.262 246.04 237.944 226.405 213.651 197.966 182.545 163.813 142.437 118.685 87.9212 32.4471 -0.423311 -0.264374 -0.740188 -0.625859 -0.706044 
1.39263 0.992537 0.9489 0.252579 1.09065 0.534554 0.683034 1.40025 1.32973 0.169298 1.13975 1.351 1.009 0.782489 1.06652 1.68117 2.61381 5.68798 60.7638 99.3941 126.411 151.454 171.382 186.09 200.569 211.75 225.564 238.555 258.836 218.725 201.829 191.829 174.827 167.174 163.658 161.056 160.653 162.467 167.018 172.05 179.72 186.218 192.63 203.201 215.92 253.155 254.551 250.356 240.379 231.095 221.723 208.093 193.954 177.537 156.381 132.632 101.669 58.2936 1.22751 0.417912 -0.47966 -0.462221 -0.587764 -1.37107 
0.770992 0.848662 -0.0233363 1.25639 1.08516 1.10772 0.975053 1.17539 1.45165 1.11201 1.09116 1.52838 0.588259 1.25678 0.908133 1.00598 2.57129 3.2121 13.485 71.4047 103.551 130.955 154.557 170.672 185.223 195.41 208.728 217.164 228.716 199.894 180.365 172.799 157.849 153.407 150.7 148.93 148.38 148.105 152.62 159.938 164.213 170.898 178.802 190.333 203.589 237.707 242.881 238.131 229.45 218.164 210.71 196.867 181.127 162.246 137.169 108.292 70.6446 9.80977 1.51914 0.361727 -0.379478 -0.966814 -0.497456 -0.553169 
0.45076 1.57331 0.803525 0.381074 0.834921 0.995108 1.10729 -0.161142 0.850688 1.28917 1.02394 1.73682 0.716425 0.974951 1.22013 1.34583 2.08663 3.28435 3.68149 61.3324 95.1458 123.332 146.284 164.643 179.47 186.336 198.759 207.945 216.248 191.96 169.037 154.44 140.275 135.531 133.487 134.494 130.751 131.834 134.204 138.35 144.68 149.169 162.464 170.213 184.385 223.02 226.555 218.695 210.164 196.65 195.609 176.803 158.235 133.527 105.136 67.9869 5.44539 1.81146 0.985839 0.512947 -0.0724036 -0.93293 -0.73446 -0.965628 
0.133298 0.97315 1.52706 0.974393 1.29424 1.41441 0.872241 1.52859 1.28362 0.950044 1.10934 1.5436 0.950329 0.677979 1.01317 1.44174 1.5993 3.20314 1.49411 59.5872 96.066 124.02 146.791 163.826 178.6 184.496 197.95 206.905 217.693 191.282 166.719 154.443 141.22 135.096 131.717 132.8 127.944 131.005 131.861 133.398 136.12 140.87 146.321 154.502 169.38 205.197 207.628 199.716 192.722 176.253 176.654 159.846 141.616 120.055 92.8837 57.4519 -0.0278637 1.86797 1.03015 -0.361559 -0.646031 -0.681964 -0.747657 -0.534118 
1.35755 0.541603 0.804259 0.909767 0.378016 0.981536 1.27989 1.05821 0.984124 1.60443 0.830706 1.00262 0.64371 1.42585 0.871834 1.31274 2.13581 2.55251 1.13139 59.928 96.0263 122.079 145.278 163.765 177.737 184.08 196.322 206.222 215.542 194.687 167.053 153.778 139.638 134.615 131.74 129.63 127.953 128.857 130.162 131.114 134.353 138.954 144.813 153.18 167.719 202.918 207.262 201.975 192.743 178.171 175.082 159.947 141.676 119.736 91.7768 55.8 -0.991327 1.12132 0.462378 -0.0530837 -0.810497 -1.0562 -0.408217 -0.194165 
2.33092 1.37563 0.724528 0.44089 1.04651 0.972393 1.0146 1.11998 0.751042 0.999351 1.2797 0.303886 0.79162 0.796858 1.38347 1.53682 2.09722 2.8796 1.406 58.6175 94.4314 123.619 145.595 163.096 176.539 183.551 194.52 205.498 214.476 190.975 165.399 151.931 138.508 133.124 132.024 129.686 128.451 128.003 130.458 130.9 135.415 137.929 144.918 152.579 167.702 199.916 207.162 200.865 192.131 178.164 174.666 160.515 141 118.927 92.7691 58.1225 -0.204269 0.68153 -0.248509 -0.537484 -1.02426 -0.964303 -0.872767 -1.02718 
0.722731 1.47072 1.2074 0.832412 1.56773 1.08614 0.458949 1.16774 0.583661 0.974348 1.06211 1.10699 1.01797 0.643537 1.50806 1.0064 1.58222 2.41874 0.714386 58.7225 94.2966 122.383 145.536 163.799 176.676 182.192 192.091 204.42 213.564 189.378 165.201 151.785 138.381 133.65 131.579 128.391 127.575 127.994 128.657 130.966 133.758 135.978 143.049 154.218 166.659 201.068 206.675 200.091 191.464 179.626 174.015 159.604 141.077 119.347 91.899 57.4494 0.236496 0.471341 -0.471051 -0.770332 -0.840705 -0.894384 -0.581757 -0.502111 
0.401555 0.616411 0.782337 1.68752 1.07273 0.961292 0.28757 0.796357 1.45163 0.19702 0.0393561 0.78051 1.0844 1.17676 0.579815 1.21386 1.52979 2.41329 2.18192 58.4206 92.9359 120.866 144.164 162.603 177.178 180.141 195.253 204.444 212.57 190.49 165.172 152.09 137.913 131.988 130.741 128.344 128.334 126.964 127.292 131.06 132.453 135.246 141.052 150.751 163.705 195.464 205.161 200.629 190.55 179.711 169.568 161.164 142.872 118.765 93.5531 59.2471 2.39629 0.629308 -0.782698 -0.942149 -0.681015 -1.225 -1.23852 -0.382731 
1.10112 0.918659 0.720083 1.13787 0.693343 1.03699 0.862109 1.01184 1.15618 1.00099 0.582518 1.056 1.01666 1.24375 1.11341 0.951723 1.20342 2.34956 0.216935 51.3937 91.2331 119.604 143.695 161.433 181.349 174.783 192.002 202.59 211.391 194.942 165.684 153.403 139.43 132.566 129.258 127.482 126.228 126.877 126.776 129.311 132.064 135.036 141.546 148.688 161.062 189.856 206.001 200.048 191.452 180.142 172.617 161.282 145.227 122.737 96.1899 62.968 6.439 0.634211 -0.498056 -0.445817 -1.00648 -0.888521 -0.522543 -0.80808 
1.37191 0.227107 0.794339 0.0287413 1.15398 1.38343 0.732026 0.591047 2.11127 0.800765 0.473884 0.587109 0.691828 0.946743 0.843638 0.93243 1.41753 2.81512 -0.431964 53.2791 91.1464 119.053 142.667 160.323 180.325 172.131 192.024 201.258 210.638 195.768 165.05 153.039 138.279 132.652 129.625 128.005 125.96 127.042 126.912 128.685 131.492 135.284 141.212 147.865 159.888 188.302 206.94 199.726 192.775 179.395 172.457 161.604 145.251 122.747 96.7597 63.4645 7.54469 0.439436 -0.694302 -0.467928 -1.07937 -0.759684 -0.461252 -0.916781 
1.46909 0.663489 0.528475 0.303444 0.514554 0.861313 1.12446 0.424684 0.692345 1.14113 0.879686 0.828565 1.09199 1.33099 0.962946 0.77034 1.32423 2.28386 -0.434169 52.5189 89.6411 119.546 142.444 160.785 180.045 172.593 189.817 201.812 209.071 195.881 165.855 151.903 138.63 132.239 130.122 126.691 125.969 125.534 127.014 128.258 130.791 134.505 139.507 147.875 161.777 186.597 207.964 201.293 191.68 179.816 171.494 162.046 143.667 123.007 97.1435 64.0862 8.31848 0.804453 -0.124234 -0.857413 -0.789166 -0.262468 -0.594443 -0.888876 
0.614949 1.50635 0.673605 0.275979 0.510799 1.70681 1.05831 0.348782 0.622159 0.301804 0.907863 0.625784 0.794263 1.54915 0.288546 0.89213 1.34539 2.32009 -0.107368 52.7453 90.3622 119.557 143.47 161.291 179.184 172.154 189.78 201.68 209.735 194.386 165.706 151.464 137.035 131.102 128.105 141.344 125.029 125.553 125.515 127.789 130.693 134.257 138.932 147.503 159.231 183.839 208.679 200.279 192.157 181.232 172.716 161.76 145.114 124.662 97.5657 64.2877 8.73698 1.05809 -0.433111 -0.203781 -0.334396 -0.0484628 -0.316895 -0.724302 
0.912101 1.24316 0.764279 0.569101 0.963507 0.547351 0.851636 0.89371 0.0814655 1.23354 1.31211 1.01411 0.654509 1.22219 0.836911 1.30274 1.26673 2.02406 1.07368 52.7891 90.6008 119.68 141.95 161.327 179.902 172.177 190.029 202.038 208.777 195.618 164.848 153.659 139.746 130.407 128.28 128.053 125.854 126.796 126.836 128.251 131.636 133.537 139.702 147.312 158.978 180.312 210.002 201.927 192.886 181.21 171.79 162.699 144.529 124.107 99.3603 65.8216 8.87532 1.38948 0.479807 0.0674219 0.173704 -0.48504 -0.45179 -0.404363 
0.841373 1.01266 0.934049 0.777352 1.04317 1.1575 0.616634 0.859261 0.459793 0.697874 0.306743 0.439792 1.11679 1.0563 1.0342 1.5321 1.59736 3.30446 0.776192 54.1584 91.4581 119.416 142.219 161.285 179.957 169.282 189.223 201.648 209.299 194.786 164.133 151.924 138.911 132.355 128.527 126.642 125.247 125.876 126.058 127.905 130.628 133.659 140.078 146.74 158.055 177.736 213.03 201.416 192.628 180.922 173.036 162.884 146.29 126.129 99.7644 67.4325 12.2876 2.00333 1.31325 0.757224 0.380839 0.694595 0.121362 -0.710611 
