0.398749 0.460236 -0.118377 0.0243571 0.153258 0.377126 0.274535 0.525945 0.534288 0.407925 0.522899 0.658248 0.226268 0.487011 0.0331868 0.480275 0.767651 1.37161 -0.791215 52.9612 89.2601 116.999 140.075 158.799 171.386 180.355 189.412 198.191 211.16 171.747 157.552 145.751 136.039 133.54 129.055 126.887 126.877 126.3 127.742 129.673 133.11 135.891 144.729 152.435 166.846 204.505 208.378 201.744 190.017 163.701 179.174 161.02 142.883 121.083 93.5614 58.3889 0.690287 -0.22526 -0.920107 -1.03356 -0.592348 -0.975168 -0.732118 -0.931998 
0.0671095 0.308907 0.475662 0.439691 0.0651112 -0.128891 -0.0164962 0.334848 0.079114 0.183831 -0.00939548 0.318219 0.222683 0.0129038 0.0922394 0.222645 1.08141 1.47362 -0.556091 51.6347 88.7383 117.08 140.617 158.772 169.37 180.88 191.082 198.599 211.231 172.43 156.553 145.763 135.638 131.779 128.751 126.645 127.674 126.446 127.963 129.694 133.438 137.788 144.334 152.587 168.014 205.425 208.517 200.33 190.708 162.883 180.361 160.558 143.401 120.262 93.2426 58.6706 1.13728 0.583618 -0.532112 -0.648314 -0.885209 -1.01842 -0.666774 -0.92692 
0.722598 -0.283357 0.445275 0.837298 0.649824 0.134347 0.418578 0.347729 0.436942 0.684711 0.176821 0.549606 0.110513 0.467257 0.226845 0.171415 1.04695 1.15036 -0.179327 51.4586 89.6928 118.013 140.217 157.789 171.031 181.455 190.598 198.835 211.075 173.278 157.526 145.877 136.007 131.836 129.451 126.952 126.685 125.829 128.824 129.506 133.056 137.472 144.428 153.4 168.563 206.566 208.585 201.397 192.337 163.451 181.191 161.825 143.076 120.964 94.3666 59.1393 0.904676 0.270639 -0.482226 -0.57576 -0.690874 -0.951154 -0.670701 -0.792377 
0.127695 -0.357313 0.305513 0.416282 0.538854 0.491033 0.183869 0.0312332 0.126814 0.0941289 0.216024 0.275055 0.502519 0.448857 0.37069 0.329278 0.775437 1.74491 -0.252374 50.2416 87.7989 116.806 139.681 158.397 170.874 179.023 190.367 196.666 205.896 176.81 157.483 145.876 137.675 133.858 130.885 130.248 130.784 128.46 128.839 130.576 134.109 137.677 145.101 154.62 167.89 206.466 208.865 200.266 192.382 164.408 182.802 162.045 143.39 121.177 93.7513 59.3147 1.83923 0.730027 -0.777095 -1.05867 -0.58088 -0.873325 -0.952239 -1.27807 
0.449775 0.322309 0.414208 0.665182 -0.168837 0.521008 0.0509842 0.819206 0.254702 0.204445 0.339035 0.501702 0.33007 0.369557 0.344642 0.21661 0.789075 1.62319 0.353675 48.125 88.4717 117.034 140.248 159.163 170.829 179.946 190.644 198.64 208.053 181.237 158.461 145.522 137.501 133.284 132.674 127.907 127.689 129.57 128.597 131.417 134.662 137.792 146.253 154.009 169.478 207.239 210.03 201.13 191.841 165.595 182.075 161.923 143.035 120.738 94.9701 59.7284 1.82857 0.869652 -0.368353 -0.695661 -1.01273 -0.797747 -0.654838 -0.74034 
0.353899 0.159588 0.348073 -0.00398756 0.323115 0.665114 0.0177927 0.322018 0.581019 0.112785 0.905999 0.289039 0.36095 0.140357 0.364062 0.630532 1.01021 1.69999 0.450263 48.5559 88.0939 116.63 140.738 159.182 173.735 178.776 190.396 199.879 207.223 184.731 158.635 147.643 137.938 134.142 131.31 131.002 130.244 128.699 129.692 132.138 135.225 139.529 147.052 155.64 170.171 207.153 211.869 201.127 192.602 167.924 182.924 162.48 144.914 122.478 95.8068 61.1361 2.71414 0.991879 -0.364847 -0.604174 -0.97075 -0.841448 -0.664669 -0.885921 
0.550074 0.403257 0.256189 0.193465 -0.00318056 0.30656 0.456427 0.288832 0.506686 0.49403 0.353618 0.711257 -0.0720356 0.714505 0.0120783 0.521768 1.04404 1.58501 2.01817 41.3707 85.6042 114.295 137.64 157.232 174.703 177.502 190.142 200.317 207.324 192.1 163.895 150.572 139.763 134.822 131.851 130.515 129.04 128.605 130.499 132.648 135.195 140.112 145.864 154.491 168.73 203.057 212.509 206.971 195.309 177.098 181.956 165.705 147.822 127.158 100.463 65.9775 7.04659 1.79302 0.270029 -0.162169 -0.877636 -0.634082 -0.927491 -0.846468 
0.316591 0.267869 0.186527 0.405743 0.333046 0.683745 0.532159 0.638891 0.481903 0.407741 0.733759 0.478361 0.484651 0.44024 0.663574 0.29041 1.181 2.35637 2.67976 37.0805 85.0737 113.677 137.641 157.507 173.463 179.433 190.79 200.716 207.385 194.212 164.744 152.64 141.137 136.073 133.168 131.586 130.628 130.604 130.746 133.944 136.388 141.159 146.263 154.894 167.993 203.149 214.171 207.146 196.991 177.451 180.639 164.798 148.482 127.95 101.8 68.2353 10.0278 1.33778 0.108895 -0.000670906 -1.09219 -0.788178 -0.392965 -0.656033 
0.795531 0.267413 0.475485 0.0224611 0.688962 0.467112 0.542542 0.262248 0.26726 0.466913 0.467482 0.338851 0.251806 0.30797 0.45984 0.95165 1.19607 2.15088 2.73525 37.8628 85.3355 114.051 137.221 156.891 174.048 178.828 191.86 200.11 208.388 194.196 165.464 153.502 141.981 138.13 134.569 132.755 132.74 133.333 134.192 135.249 139.882 142.914 150.787 159.151 170.186 207.379 215.804 209.088 200.299 178.17 182.542 165.324 148.773 127.511 102.276 67.5156 8.5071 1.80428 0.10995 -0.542354 -0.747774 -1.14478 -0.98698 -0.834839 
0.369179 0.427668 0.509934 0.0147621 0.857615 0.571972 0.363476 0.559885 0.80688 0.178274 0.396028 0.700589 0.284182 0.270496 0.195189 0.63662 1.65676 2.8246 2.16243 31.432 83.7948 114.668 139.18 159.713 176.374 183.335 194.627 207.153 215.978 206.83 176.531 162.819 152.212 148.228 143.543 141.351 140.42 140.952 143.924 147.02 154.34 158.666 163.657 171.347 183.553 218.347 225.499 216.575 209.262 192.067 191.035 177.558 160.555 138.174 110.32 76.9738 22.0545 0.605761 0.461993 -0.426797 -0.755592 -1.01104 -0.821778 -1.19638 
0.419011 0.565221 0.0181703 0.357988 0.503094 0.0295979 0.158537 0.445591 0.428614 0.494744 0.373987 0.424788 0.215988 0.303074 0.488819 0.60353 1.24908 1.92621 21.1735 77.3002 108.212 133.077 156.122 175.036 192.896 202.824 213.579 223.809 230.493 221.289 189.467 175.418 166.301 161.542 159.851 158.528 159.489 160.256 165.786 170.293 178.37 183.374 187.214 189.148 204.854 238.611 255.633 250.772 238.365 224.334 216.41 198.921 180.379 157.99 132.524 103.806 70.4572 10.3427 0.481833 -0.341566 -0.436412 -0.365917 -0.757529 -0.74593 
0.81641 0.655419 0.160038 0.548095 0.138169 0.44564 0.415174 0.407213 0.176745 0.629038 0.657929 0.51793 0.532814 0.327912 0.514631 1.06125 1.03099 0.047624 47.9823 89.6933 118.949 144.263 166.173 186.465 202.102 213.691 225.134 234.812 244.257 231.331 207.805 195.859 188.244 185.812 181.912 182.126 182.732 184.91 188.223 193.349 199.225 204.992 208.266 208.922 221.137 256.327 273.221 266.348 258.046 243.38 235.724 220.296 202.933 183.806 160.432 131.783 96.8877 50.6199 10.1898 -0.892552 -0.876218 -1.15052 -0.771487 -0.927781 
-0.0791115 0.159533 0.0841078 0.33309 0.428172 0.617507 0.0162623 0.682361 0.912731 0.473755 0.349458 0.551785 0.287635 0.534323 0.832443 1.04321 1.30313 3.50408 63.9595 102.314 131.847 157.826 181.55 204.109 221.794 233.45 243.198 252.013 245.864 234.6 220.762 207.413 198.227 192.91 185.766 184.149 182.938 182.897 190.755 196.252 204.647 216.309 227.259 215.136 227.968 259.728 282.84 276.304 268.11 256.619 245.745 231.623 215 197.297 174.191 150.328 124.883 96.2721 57.5832 -1.38229 -0.893871 -0.773245 -1.01343 -0.839187 
0.429795 0.230813 0.39212 0.70782 0.235807 0.349564 0.25954 0.373529 0.167863 0.593592 0.171293 0.282948 0.415939 0.538247 0.982972 0.23046 0.400391 35.7084 89.4867 120.197 148.162 171.331 193.983 213.459 226.893 238.174 245.202 227.162 224.904 238.036 224.455 211.104 203.91 193.793 186.35 186.182 185.639 184.797 189.33 199.173 208.324 220.151 234.161 228.516 228.716 260.387 287.663 284.291 274.218 264.03 251.973 236.528 219.793 200.848 178.956 156.045 129.169 102.004 67.5189 -0.946095 -0.740109 -0.960242 -1.13447 -0.721007 
0.292923 0.171042 0.482467 0.315861 0.296307 0.77453 0.195555 0.575004 0.546584 0.946965 0.448897 0.586728 0.407465 0.598593 0.91606 0.655767 -1.25957 55.0924 96.6883 125.775 152.075 173.797 194.992 213.908 225.633 233.533 218.346 199.391 200.021 218.6 210.684 208.537 194.883 181.456 171.625 171.446 169.846 170.363 169.68 172.827 170.615 188.757 208.454 201.47 204.397 225.791 252.86 245.743 234.153 229.439 219.602 203.595 184.074 162.545 140.185 113.544 83.4409 29.4891 -0.289352 -1.56433 -0.774141 -0.746623 -1.06014 -0.738774 
0.434824 0.192947 0.583703 0.495001 -0.078822 0.261931 0.548302 0.900706 0.591777 0.220471 0.485433 0.672446 1.27035 0.667807 0.556206 1.01901 2.23574 34.8148 58.3213 93.0605 118.519 141.121 162.899 171.928 182.646 199.267 163.863 151.858 147.045 177.839 158.997 175.029 183.235 160.253 150.195 149.126 147.851 148.527 147.682 148.333 146.457 157.058 158.331 164.429 176.382 191.781 227.897 214.518 206.06 191.176 173.642 159.319 145.958 125.791 101.915 72.11 20.2968 0.150344 0.232046 -0.336658 -0.581983 -0.816391 -0.852256 -0.644302 
-0.0300715 0.413354 0.398882 0.348119 0.34987 0.399306 0.525849 0.1035 0.610849 0.228951 0.0554818 0.495506 0.680792 0.332255 0.649731 0.561121 1.22006 1.81299 1.70413 10.4687 55.26 90.6975 118.017 138.198 154.271 167.533 127.841 116.532 111.98 137.843 133.697 127.19 140.944 133.756 128.586 124.883 124.43 122.446 123.394 125.158 126.265 136.457 138.955 150.241 154.496 171.76 210.147 199.112 190.241 179.584 169.141 152.978 134.077 109.807 82.2901 34.2333 2.48688 1.42166 0.18195 -0.53264 -0.558075 -0.717282 -0.798336 -0.517037 
0.704939 0.42399 0.630474 0.463739 0.132211 -0.123461 0.276929 0.427511 0.392296 0.339862 0.312285 0.488094 0.214561 1.16569 0.46007 0.851191 1.13313 1.6235 2.95541 3.05728 34.6347 83.3605 111.687 133.497 151.399 155.836 120.383 107.506 100.94 120.662 120.024 121.475 115.651 120.268 124.67 123.448 122.217 121.18 122.37 122.656 123.609 139.229 139.114 146.555 151.374 167.419 206.994 197.085 188.682 177.608 166.678 151.319 132.264 108.806 79.9561 31.5256 2.28191 1.24883 0.0427188 -0.230289 -0.251585 -0.479017 -0.848728 -0.593813 
0.251342 0.599152 0.306125 0.489157 0.781234 0.256501 0.582873 0.734901 0.877768 0.19043 0.698563 0.875786 0.492396 0.957847 0.663347 0.794058 0.939707 1.82018 2.08388 3.30047 27.5434 78.3293 108.056 131.367 148.058 146.146 112.7 102.084 95.3616 113.505 105.342 112.229 111.06 109.214 109.947 117.8 121.077 120.346 121.273 123.689 122.136 139.673 152.419 135.222 149.188 164.455 202.218 194.896 186.818 177.698 166.014 150.507 130.753 108.165 79.7358 28.7861 1.83772 0.553849 -0.378558 -0.229557 -0.385386 -0.66726 -0.700764 -0.705678 
0.902952 0.533844 0.511867 0.713499 0.906333 0.608822 0.531436 0.413785 0.928136 0.193766 0.787929 0.735584 0.560994 0.416155 0.813789 0.778149 0.939732 1.40953 2.182 3.1929 23.4165 74.4426 105.054 129.568 146.395 139.351 109.017 98.5316 90.4782 111.694 99.6153 101.686 108.013 104.787 105.276 105.882 116.549 121.562 121.068 122.582 123.307 137.935 147.723 135.847 146.317 161.498 199.851 195.075 185.937 175.312 164.191 149.667 130.956 107.206 78.8509 26.3405 1.07116 -0.122 -0.473698 -0.806776 -1.334 -1.07937 -1.09428 -1.07771 
0.695568 0.635204 0.43877 0.539737 0.575187 -0.172097 0.579646 0.686141 0.379598 0.23019 0.841277 0.894641 0.100803 0.05762 0.788518 0.682055 0.457837 0.675094 1.36317 2.10133 18.5282 71.641 101.125 126.315 146.225 138.44 107.471 97.4678 89.5886 111.307 97.2196 97.7269 98.6098 105.611 101.909 101.87 105.394 114.51 121.005 121.909 122.935 142.647 144.866 135.379 144.286 159.788 196.983 192.612 185.207 173.937 161.673 149.859 130.699 107.08 77.659 24.402 0.638927 -0.0611447 -0.735431 -1.30296 -0.905746 -0.71056 -0.618056 -0.680442 
0.582502 0.184685 0.108424 0.149811 0.337255 0.0482151 0.401443 0.86695 0.305035 0.259649 0.728652 0.595659 0.359561 0.303014 0.717965 0.536676 0.327098 0.536414 1.28672 2.52381 16.3829 67.029 98.2522 124.91 143.303 141.344 107.945 97.4086 89.3343 108.387 99.0361 97.8543 93.1822 104.241 102.375 102.069 103.267 106.219 120.483 121.654 122.138 150.731 144.864 133.506 142.69 157.148 194.465 194.187 184.707 173.936 161.221 148.804 129.667 106.875 77.4445 25.456 0.852571 -0.382172 -0.7013 -1.16185 -0.544705 -1.50718 -1.08369 -0.80482 
0.507078 0.540914 0.490938 0.811915 0.394079 0.476362 0.132886 0.00329123 0.772705 0.537193 0.578656 0.51618 0.743435 0.619633 0.639283 0.492976 0.256542 0.41787 1.30292 2.35684 13.1206 64.7433 96.4415 122.095 142.554 145.017 110.193 97.8776 89.9304 103.656 105.89 98.5841 92.7462 102.157 102.758 102.301 102.732 105.121 113.996 121.613 122.455 155.466 149.988 131.092 142.546 156.364 189.623 190.895 183.849 173.085 161.239 147.945 130.702 106.997 77.705 24.3194 0.694104 -0.572414 -0.916123 -0.676934 -1.2328 -1.01867 -0.708367 -0.810424 
0.707337 0.779983 0.627712 0.215473 0.436357 0.282528 0.40582 0.570112 0.818169 0.272687 0.854948 0.297664 0.248912 0.534841 0.885057 0.183714 0.719633 1.06265 1.239 1.45836 7.82511 59.8368 91.555 119.638 140.064 152.461 114.843 100.864 92.776 99.6735 111.451 100.242 94.3561 99.0793 103.031 102.538 103.161 104.755 110.348 122.227 123.592 152.745 151.33 132.628 141.014 152.425 186.06 192.596 184.121 174.313 163.245 149.933 132.464 109.167 81.5112 31.2618 0.915817 -0.241796 -0.755926 -1.11608 -0.833599 -1.17322 -0.910446 -0.77294 
0.382968 1.17179 0.977764 0.232257 0.717622 0.595191 0.411415 0.775688 0.635877 0.528946 0.473462 0.598693 0.27958 0.63573 1.26584 1.09591 0.788921 0.485613 0.573567 2.09738 2.70429 55.596 87.9465 116.44 137.672 158.214 120.492 104.819 95.2039 98.5959 118.977 103.355 96.1598 99.4584 106.296 103.145 102.308 104.327 108.667 118.467 122.589 150.149 151.54 135.547 139.688 150.563 182.46 193.166 185.726 175.507 163.421 150.073 132.195 110.194 82.1253 33.1329 0.842867 -0.359966 -1.50693 -1.08723 -1.02769 -0.893041 -0.891508 -1.27654 
0.319275 0.781145 0.48033 0.11659 0.118173 0.513529 0.414676 0.603707 0.668847 0.891472 0.208628 0.37547 0.25069 0.843911 0.818542 0.664612 1.08594 0.826949 0.85701 1.86695 1.20267 54.8841 86.8244 114.763 136.72 153.417 135.289 108.523 98.7044 99.7906 122.592 106.688 99.8553 101.206 106.745 104.739 105.053 106.306 108.584 115.957 122.739 148.679 148.644 139.892 137.747 149.335 178.872 194.014 185.032 175.46 164.023 151.206 132.047 111.411 83.1267 34.5188 0.628625 -0.0521186 -0.700307 -0.803845 -0.74446 -0.599915 -1.15319 -0.783566 
0.74855 0.875126 0.733665 0.482907 0.647753 -0.182387 0.731068 0.395426 0.262447 0.651487 0.290314 0.629937 0.342025 0.444193 0.7856 0.609605 0.651818 0.571743 0.779022 1.49029 0.561102 51.2706 85.5679 113.604 135.982 150.94 145.436 112.942 102.282 102.257 127.166 110.671 105.044 106.128 107.525 106.974 106.159 107.81 110.467 117.667 123.064 145.588 148.962 142.153 137.507 148.243 173.083 193.619 184.539 175.463 163.846 150.678 132.823 110.395 82.8578 34.8898 0.781581 -0.399183 -1.00318 -0.885682 -0.99317 -0.706239 -1.03446 -0.703061 
0.386757 0.711786 0.333424 1.07999 0.80354 0.474363 0.532708 0.308854 0.187664 0.152824 0.48303 0.436059 0.340304 0.642308 0.518666 0.539987 0.604145 0.0815713 1.05974 1.64018 -0.877581 49.5551 85.1733 112.866 135.032 152.339 153.583 118.235 106.574 105.012 133.469 114.731 109.153 110.544 108.927 107.657 106.648 108.264 111.473 119.226 122.339 150.885 140.406 138.993 141.413 146.215 167.974 194.831 185.087 175.318 164.497 150.561 133.943 110.733 83.6829 36.3145 0.644253 -0.509234 -0.746868 -1.23924 -1.17632 -1.07939 -0.943907 -0.39715 
0.645992 0.378423 0.502393 0.648151 0.388572 0.0408123 0.275629 1.0019 0.713671 0.484207 0.596055 0.273513 0.569527 0.561909 0.332392 0.822769 0.641519 0.657217 0.887815 1.63223 -0.572656 46.5106 83.5316 112.243 135.414 152.734 161.977 126.04 112.569 108.664 140.622 121.132 114.1 115.3 111.79 110.201 109.328 111.059 116.59 121.843 123.022 153.503 139.415 136.658 143.13 145.96 162.108 199.647 186.18 176.723 164.037 151.297 134.426 112.577 84.2051 37.3403 0.412707 -0.395239 -1.10207 -1.07408 -0.850154 -1.07139 -0.82581 -1.03789 
0.445837 0.720598 0.711017 0.430706 0.359939 0.419454 0.526493 -0.0391252 0.181783 0.365522 0.536532 0.428911 0.429784 1.10356 0.732446 0.490565 0.428148 0.504169 0.294301 1.7927 0.154676 43.9604 82.5307 111.029 133.567 152.368 167.507 137.001 120.489 116.253 148.895 129.763 123.61 119.675 114.794 112.809 112.19 115.556 119.207 120.274 134.235 136.381 137.817 134.978 140.787 146.615 159.252 197.196 186.439 175.471 164.27 151.121 134.506 112.057 85.3653 38.5727 0.119365 -0.00270063 -0.865868 -0.629672 -1.13814 -0.715871 -0.578278 -0.498593 
0.306253 1.07857 0.78566 0.513856 0.561537 0.737549 0.691307 -0.040826 0.161533 0.001176 0.52413 0.706918 1.13135 0.788006 0.88249 0.401847 0.477869 0.706179 0.804486 1.37364 0.778095 40.9011 81.4362 110.727 133.127 151.758 165.087 162.993 131.613 126.861 164.53 145.218 130.351 122.337 118.557 118.085 119.798 120.809 120.037 125.027 130.628 137.809 135.517 135.3 140.558 149.137 158.505 195.474 186.215 176.105 165.779 152.556 135.065 112.231 86.0217 39.5728 0.366675 -0.0307275 -0.95366 -0.938696 -0.689825 -1.23476 -0.895887 -0.872515 
0.453502 0.431639 -0.382439 0.5655 0.449857 0.550657 0.196876 0.664784 -0.0731314 0.111102 0.521104 0.31585 1.00699 0.909792 0.207941 0.459559 0.492491 0.665171 0.78905 1.32166 0.444611 39.6158 80.6205 109.855 132.733 150.953 165.781 178.141 156.244 154.768 186.592 155.376 139.259 132.773 128.465 124.797 122.162 120.153 120.212 126.887 126.023 136.567 133.383 134.383 138.256 146.927 159.249 191.718 185.905 176.584 164.712 152.595 134.614 112.468 86.1309 42.3552 -0.0349614 -0.126165 -0.552178 -0.733301 -0.583787 -0.500304 -0.788659 -0.55128 
1.53421 0.808888 0.804517 0.738352 1.00872 0.6839 1.13562 1.24439 0.715161 0.961852 0.611885 0.778907 1.35661 0.633754 1.50845 1.3915 1.01309 1.16813 1.46031 2.27538 1.88189 37.5558 79.8826 110.142 134.451 153.455 165.275 177.191 186.975 195.66 206.833 169.457 143.955 134.707 130.474 124.105 120.979 119.862 125.124 124.323 120.317 134.759 129.285 132.602 135.617 144.047 157.953 189.577 185.493 175.385 164.105 151.195 134.843 113.733 86.6877 45.1359 0.222271 0.334915 0.020752 -0.76675 -0.123118 -0.1485 0.117402 -0.335862 
1.39794 0.858044 1.26762 1.29871 0.99894 0.926447 0.970843 1.49882 1.17895 0.938931 1.29862 0.593246 1.00438 1.24939 0.543387 1.06151 1.00859 1.05325 0.989547 1.90187 2.00216 35.0546 79.2975 108.703 133.478 152.172 167.197 179.222 187.795 197.303 207.787 175.226 145.226 134.892 130.231 125.236 122.432 122.735 123.073 123.447 119.228 129.719 126.784 134.352 134.466 142.703 155.596 189.998 186.437 176.763 165.634 151.924 135.023 113.362 87.8566 46.8135 -0.0145005 0.375274 -0.430091 0.129508 0.398268 -0.78406 -0.419228 -0.160146 
0.706668 1.44354 0.855283 1.46138 0.612955 1.16916 0.932366 0.751009 0.915834 1.28018 0.858675 0.969443 1.53629 1.38821 0.73176 1.13819 1.13412 1.02254 1.31408 0.484193 2.50036 34.0236 79.0084 107.479 132.919 151.989 166.678 179.669 188.202 197.93 202.719 183.4 146.684 136.464 130.743 125.258 122.417 123.508 124.874 121.454 119.013 126.844 128.627 132.866 133.522 143.06 154.141 187.227 185.505 177.512 165.071 152.799 135.385 114.887 88.8786 49.3196 -0.491785 0.402112 -0.541691 0.118917 -0.170398 -0.263228 0.0797779 -0.0963508 
1.56365 1.69858 1.83681 1.67255 0.111076 1.32608 0.730739 0.87062 0.84544 0.418995 0.790495 1.63447 0.714262 0.925986 0.796426 0.693805 0.942867 1.68822 0.877329 1.92959 3.11807 32.5979 78.4075 107.555 131.834 151.446 166.732 178.086 189.788 198.254 204.393 187.137 148.153 136.976 131.64 126.23 123.606 123.029 124.096 121.285 119.492 125.224 127.466 132.006 132.382 140.946 153.492 185.931 187.636 177.839 166.141 153.487 137.58 115.404 89.022 51.7695 -1.49316 0.469551 -0.753622 -0.106671 -0.56339 -0.392929 -1.13637 0.117237 
1.39773 1.35043 0.906865 1.02068 0.556871 1.09531 1.37942 1.12215 0.951488 0.820391 0.791928 1.24802 1.40689 0.957558 1.1418 1.32261 1.01815 1.84623 1.38234 1.68206 2.7979 30.6894 77.1713 106.425 131.722 151.364 167.07 179.312 191.63 197.832 203.892 190.81 148.574 137.726 132.251 126.655 124.97 123.665 121.959 122.11 119.068 123.602 128.562 131.936 131.719 139.865 152.579 183.903 188.183 178.345 166.983 154.96 137.855 115.914 90.224 54.7322 -2.18299 0.671943 0.251886 -0.1767 -0.443368 -0.3386 -0.631524 0.109555 
0.655639 1.11385 0.820576 1.27343 1.23716 1.2204 1.47106 1.26518 1.04796 1.54979 0.688154 0.953598 0.850986 1.51925 1.21118 1.1482 0.905105 1.49069 1.21368 1.79044 2.9405 28.9286 76.5085 104.349 131.904 151.49 166.562 178.053 189.152 198.431 204.815 193.053 149.837 139.038 133.863 127.187 127.013 124.043 119.697 123.111 117.865 122.097 129.301 129.189 134.004 138.408 150.605 182.679 189.454 177.664 167.551 154.92 136.957 128.676 91.1562 56.9031 -1.81105 1.07555 -0.422554 -0.767224 0.0565226 -0.538713 -0.293364 -0.233752 
1.78496 0.112282 1.1681 1.00545 1.20153 1.12979 -0.254125 1.63948 0.927771 0.808838 1.11094 1.15112 0.592044 1.3927 0.896719 1.60669 1.17171 0.816056 1.42406 1.6548 2.88471 28.1902 76.7293 105.527 130.732 150.856 165.889 177.399 188.955 198.515 203.898 195.868 152.216 140.974 134.057 127.226 128.4 121.078 119.749 123.239 119.149 121.037 128.182 128.606 133.075 138.15 149.866 179.135 189.843 178.087 167.415 155.4 138.014 117.532 92.2374 58.0521 0.0106149 1.09001 -0.33273 -0.466255 -0.797551 -0.443157 -0.0494996 0.105435 
0.994955 1.23841 1.5361 0.914065 1.53668 1.39422 0.442586 0.587337 0.749088 1.00533 0.913552 1.20243 1.87719 1.14608 1.1462 0.641455 0.335781 0.805721 1.54237 1.67293 2.93224 27.903 75.5299 104.591 131.407 149.88 166.902 178.167 188.925 198.946 205.118 198.122 154.352 141.405 132.839 130.782 125.002 121.494 120.464 120.397 120.76 120.259 129.195 128.607 133.994 137.353 153.681 177.348 189.922 180.043 168.102 156.632 140.322 120.164 93.6343 59.9537 1.91063 1.31274 1.00505 0.00942375 0.267626 0.558172 -0.292724 0.433693 
1.61626 0.838318 0.92353 0.799913 0.812901 0.664229 0.867647 1.14886 1.31475 0.846091 1.02894 1.26994 0.678479 1.29164 1.09587 1.18405 1.05857 0.991448 1.36303 2.05961 2.58076 23.2889 74.1197 102.695 129.44 148.75 165.813 178.881 189.443 198.256 204.277 201.727 157.544 144.919 139.75 130.557 124.926 122.428 121.112 120.808 122.658 119.988 126.599 128.602 135.613 137.283 149.32 170.722 193.803 179.991 169.516 156.986 141.631 121.863 97.8527 64.2613 6.6146 2.01756 1.40899 0.704899 0.355881 0.229393 -0.0350581 -0.105518 
1.22431 1.34944 0.416053 1.28293 1.46726 1.40146 1.21225 1.53322 1.27287 1.09695 0.751086 0.978717 0.814412 1.24266 0.720961 0.958317 1.39003 1.36353 1.63414 2.38515 2.70018 19.8066 70.6102 101.417 125.709 147.492 163.712 178.21 188.284 197.052 204.435 206.936 160.518 147.648 139.55 129.722 125.356 122.907 121.073 119.502 121.877 119.101 126.69 130.738 132.477 137.96 145.79 161.821 197.795 181.521 170.452 159.404 144.687 124.563 100.794 69.1113 11.691 2.30013 1.67637 1.54506 1.09681 0.526928 0.0730298 -0.0356357 
0.749451 1.33127 1.14261 1.32402 0.951955 1.37638 0.731994 0.7095 1.1954 1.18668 0.96424 1.24284 1.25721 1.35508 0.969813 0.731311 1.15016 0.136241 1.4338 2.19742 2.66066 18.8385 68.9994 102.635 126.973 148.638 165.485 178.164 189.221 198.382 202.964 207.34 161.894 153.478 137.185 129.659 125.605 122.176 121.988 120.611 120.57 120.147 125.933 132.826 131.72 137.909 146.322 159.086 197.17 182.161 172.719 159.946 146.058 126.599 102.773 71.4338 13.7694 3.21951 2.08089 2.02142 1.7007 0.699297 0.43851 0.226387 
1.3476 0.929779 1.81491 1.41822 1.96613 1.30358 1.47518 1.38717 1.38832 1.32235 1.31416 0.800506 0.86283 1.09487 1.61362 0.643125 1.43518 1.60423 1.57735 2.10941 2.57421 18.0747 69.4384 100.525 128.105 147.77 164.526 177.094 187.726 195.932 204.575 209.006 163.813 160.321 141.2 135.169 130.361 125.557 122.765 119.777 119.176 119.508 125.906 131.518 134.969 136.629 146.134 159.28 194.104 183.902 172.872 160.561 147.019 129.259 105.365 73.6699 15.8473 4.85136 2.77337 2.33718 2.05634 1.40408 0.182447 0.0799208 
1.54955 1.93343 0.962742 1.58466 1.19383 1.08864 0.757189 0.776749 0.7452 1.38001 1.37827 0.917103 1.25885 1.03925 1.13652 0.998265 1.16588 0.915239 1.43437 2.08951 2.39846 19.2554 72.4521 105.891 130.596 149.867 167.117 180.288 189.619 200.401 207.124 214.711 176.668 177.451 142.156 135.047 129.103 126.226 122.792 122.694 121.89 121.403 132.412 138.912 142.825 146.535 152.526 159.197 195.416 189.25 179.33 166.186 149.455 132.917 109.608 78.9443 25.9364 3.11924 2.44169 1.59843 0.487993 0.457022 0.500141 0.53945 
0.803815 1.09873 0.867055 0.761693 1.10649 1.37929 0.641959 1.0179 1.5696 1.15876 1.01233 0.817424 1.15444 1.33263 0.945511 0.755661 0.826004 0.768948 1.22163 2.83339 4.91452 60.6314 97.9903 124.724 147.328 167.836 181.952 192.695 203.67 211.356 219.744 229.573 202.302 193.724 149.616 142.372 136.522 134.09 132.47 129.818 130.117 141.317 167.635 186.117 193.124 171.751 153.521 167.131 206.253 205.223 200.816 195.546 184.735 174.03 161.736 143.698 122.087 92.9863 97.4148 81.844 58.4108 16.5655 -0.0869698 -0.464151 
1.84835 1.10257 1.07114 1.049 1.11184 0.884757 0.743488 1.29012 1.23159 0.770438 0.711726 0.762642 1.52943 1.05642 1.02485 0.888721 1.40976 1.40104 1.54926 2.49221 5.23275 67.6921 101.677 130.554 155.133 175.349 190.798 204.917 213.286 222.834 231.936 241.52 239.006 224.992 178.196 156.154 151.064 149.11 145.97 144.969 147.295 170.196 186.888 207.223 222.843 200.427 196.152 212.603 256.54 257.364 249.91 241.553 232.316 223.49 212.898 198.327 180.707 161.962 142.748 120.17 94.2224 58.9928 3.0924 -0.37976 
1.67594 1.16141 1.65978 1.0524 1.29116 1.31986 0.574009 0.890953 1.24733 0.89834 1.3019 1.29147 0.929524 1.03951 0.822392 1.52759 0.836893 0.941305 1.83727 1.94499 29.5239 83.389 114.8 141.175 165.527 183.24 200.466 215.273 223.922 234.118 240.252 260.065 241.788 218.758 195.599 176.503 165.066 164.709 164.407 162.987 166.142 179.165 190.936 206.938 203.081 200.002 204.05 219.71 264.302 265.887 258.635 253.129 243.883 234.253 222.905 206.621 191.094 173.553 152.456 127.993 100.994 66.1693 7.95376 -0.303036 
1.07593 1.06119 0.921073 1.82429 1.53902 0.855547 0.97745 0.610545 0.86969 1.60905 1.10199 1.33642 1.21858 0.996286 1.00273 1.40067 0.975019 0.761462 1.14144 1.8771 21.5399 82.4442 114.838 142.521 167.508 188.264 203.559 218.074 228.629 239.611 247.457 255.344 237.944 214.23 198.559 181.769 171.399 169.346 168.954 169.444 172.03 179.246 186.834 193.129 198.284 201.707 208.602 225.607 267.91 274.382 267.733 261.41 250.927 239.327 228.663 210.575 192.393 174.59 150.47 124.423 95.2276 54.8445 -0.72856 0.276934 
1.55552 0.719909 0.781458 1.33745 0.18124 0.792752 0.767971 1.50848 1.0753 1.31818 0.409183 1.654 1.51114 1.27354 0.726559 1.06595 0.794044 1.35145 1.20127 2.00125 2.24911 62.2467 104.401 133.114 159.088 181.571 196.918 211.016 223.829 237.021 246.722 252.695 225.882 206.15 194.522 184.199 170.461 169.363 168.159 171.208 172.923 177.765 184.569 190.354 195.739 200.901 211.065 228.335 267.809 273.294 269.294 260.892 247.839 238.206 222.873 204.881 187.724 166.029 139.624 111.689 77.0364 18.096 0.145243 0.165926 
1.29729 0.814882 1.02472 0.2099 1.42421 0.727643 1.11946 1.55717 0.835856 0.690471 1.26669 0.964001 1.37201 0.443258 1.04783 1.24749 1.30674 1.09651 1.46857 2.09467 2.45355 26.7971 83.7037 115.85 143.208 164.621 184.715 198.63 211.887 223.452 237.64 245.811 217.177 195.827 184.666 178.403 169.398 163.702 164.693 166.64 168.591 174.479 178.677 185.491 189.984 199.457 210.795 228.898 264.267 267.309 258.559 248.023 238.58 225.203 210.815 193.483 174.054 150.475 121.2 89.2376 35.8203 0.290699 1.10602 -0.438563 
0.852854 1.80676 0.379529 1.06517 1.27331 1.28935 1.53415 1.32659 1.15373 0.768619 0.487792 1.5936 0.499967 1.09829 0.992483 0.78362 1.18769 1.05634 1.27684 2.09869 2.61635 2.98451 59.8021 96.1261 124.012 148.62 168.291 183.645 196.119 205.794 217.197 229.204 200.756 182.239 173.356 166.463 161.264 155.991 154.713 157.49 156.758 158.275 161.344 167.386 174.355 180.768 187.494 200.843 237.19 249.185 237.766 228.367 214.221 205.548 190.7 174.699 154.324 126.66 92.8671 45.7457 1.19555 1.34541 0.619444 0.12381 
0.843985 1.48668 1.0718 0.563544 1.11808 0.842866 1.11318 0.31116 0.949666 1.77547 1.31584 1.67026 0.828744 1.01296 1.42205 1.16985 0.888903 0.949984 1.929 2.0147 2.43406 2.64414 37.6574 86.4227 115.837 140.027 159.481 174.274 184.694 197.139 208.012 213.435 184.944 165.617 159.893 154.7 150.102 147.513 146.304 145.404 144.21 144.816 146.759 147.836 151.752 157.349 165.168 177.464 212.422 223.82 211.131 202.168 188.16 180.855 169.53 149.79 127.765 103.002 69.4854 12.1129 2.85484 1.14672 0.346227 -0.0196904 
0.866537 1.38881 1.95668 1.01012 1.31584 1.13547 0.698085 1.22318 1.42036 0.940002 0.955689 1.04175 0.813344 0.538337 1.15114 0.87863 0.955174 1.34756 1.05087 1.66612 2.57987 2.96954 38.6315 84.8669 115.111 139.07 158.993 174.08 183.073 194.123 205.222 212.069 179.374 157.024 146.058 139.058 135.504 134.013 132.025 131.577 129.503 129.796 131.552 135.341 140.253 145.767 153.639 167.23 203.586 214.484 204.752 196.869 183.505 175.747 166.774 149.234 129.096 102.339 68.3476 11.0574 2.04215 1.247 -0.0121587 0.335332 
1.28874 0.63452 0.756784 1.12456 0.780266 1.00394 1.0644 0.817761 1.01728 1.33966 0.866851 1.15451 0.406283 1.20517 0.776171 1.16807 1.42109 0.616063 0.964664 0.868116 2.32531 3.22195 34.8453 83.4516 113.505 137.686 158.484 175.939 181.433 195.843 205.059 209.65 178.632 156.183 146.677 139.513 135.018 133.236 130.794 129.061 128.95 129.86 131.62 133.569 139.609 144.776 152.676 165.694 198.48 214.311 204.522 195.568 181.453 174.55 165.125 147.833 127.274 101.252 70.8682 14.2216 1.75042 0.429869 0.158272 0.00560058 
1.48854 1.20371 0.744308 0.677326 0.877713 0.777082 1.05047 0.896686 1.01978 1.38695 0.921196 -0.0376062 0.494783 1.12474 1.15884 1.44207 1.19537 1.45046 1.20499 1.40671 2.61527 1.20262 34.7442 83.5369 113.569 137.409 157.702 172.913 181.95 195.595 202.838 208.72 177.931 157.58 146.224 139.286 135.639 132.276 128.206 129.02 129.371 129.075 132.177 133.821 138.119 143.762 150.691 164.428 197.421 213.39 205.285 196.273 181.475 172.548 164.903 148.408 127.491 101.659 69.314 13.7021 1.20767 0.19448 0.0244611 -0.458782 
0.780546 1.29043 1.3667 0.824342 1.1797 1.30475 0.799379 1.06075 0.890153 0.77646 1.27474 0.800138 1.39054 1.50852 1.97719 0.712767 0.965828 1.02151 0.802384 1.01514 1.83343 2.21359 33.0624 82.2458 112.562 136.818 156.639 172.394 179.92 191.856 202.386 208.432 177.68 156.689 147.394 139.689 135.021 132.526 128.648 127.608 128.633 128.91 130.817 134.354 137.119 143.253 151.098 162.361 193.448 212.631 205.429 197.592 181.735 172.431 164.957 148.887 127.867 102.696 70.999 13.9616 1.17656 0.0203826 -0.463442 -0.210573 
0.753878 0.492442 0.946134 1.27399 0.824251 0.921371 0.754225 0.892141 1.32459 0.403164 0.73398 0.848437 1.03332 1.19695 0.656705 1.14373 1.09368 0.968815 1.12934 0.555191 1.60396 2.25944 29.812 80.386 111.28 136.508 156.573 172.528 178.57 189.084 200.722 207.628 177.536 155.857 146.685 138.581 134.318 130.887 128.444 127.985 126.967 128.551 129.796 132.346 136.691 141.809 148.905 161.657 188.787 213.908 205.27 195.057 182.764 170.434 164.817 148.78 127.766 103.355 72.0091 18.2241 1.48756 -0.789822 -0.673594 -0.234427 
0.817137 0.88857 0.804383 1.08591 0.587702 1.02471 0.905773 1.19555 1.28563 1.03629 0.895925 1.71013 0.817497 1.11581 1.38257 0.984277 1.11916 1.07016 1.1169 1.03747 1.66924 2.10381 25.3921 77.6555 107.749 133.438 154.577 170.242 178.92 188.677 200.148 206.309 181.998 156.452 146.862 140.204 135.143 131.263 128.275 127.33 126.925 127.49 128.463 130.973 135.459 138.914 147.716 158.934 176.882 220.822 205.053 194.961 186.374 168.748 168.588 151.447 131.787 107.403 77.2265 25.2247 0.982712 0.0643479 0.146781 -0.425501 
1.19559 0.524304 0.947803 0.341482 1.49634 1.41905 0.565064 0.97446 2.20762 1.04551 0.878151 0.800598 0.984887 0.870905 1.24932 1.15911 0.745806 1.46986 0.937019 1.26538 2.27721 2.57182 23.638 76.7535 108.642 134.568 154.862 170.712 179.653 188.857 199.738 206.239 180.579 155.482 146.535 138.019 133.78 129.936 127.625 126.302 126.119 127.448 127.743 131.093 135.135 139.406 147.704 158.43 175.143 219.239 204.58 197.849 187.016 169.549 168.132 150.79 131.069 106.24 76.8664 26.1536 1.03775 0.0655222 -0.142256 -0.431339 
0.944402 0.512196 0.8888 0.275712 0.420728 0.572091 1.25065 1.09953 0.639984 1.31721 1.1602 0.860181 1.11992 1.47016 0.776781 0.845459 0.868484 1.02318 0.801241 0.997897 1.91977 2.45104 22.5561 76.2512 107.311 132.33 153.329 171.329 177.255 187.048 199.115 204.649 181.757 155.985 146.566 137.66 133.637 131.154 126.765 126.771 125.886 127.293 126.407 130.324 134.226 138.492 146.014 157.173 173.935 217.52 205.567 199.129 187.715 169.573 167.715 152.546 132.772 107.234 77.3465 25.5436 1.19516 0.240968 -0.250384 -0.364337 
0.767875 1.06511 0.918934 0.501114 0.533638 1.47614 1.59956 0.971176 0.848999 0.535686 0.832182 0.725694 0.725707 1.65558 0.620173 0.898879 0.762999 0.8472 0.857883 1.20868 1.59396 2.92103 20.6389 75.2736 106.686 133.495 153.263 169.274 178.128 187.338 198.831 203.367 180.728 154.95 158.157 140.39 133.074 130.265 126.07 125.743 125.162 125.786 127.801 129.8 133.642 138.765 146.264 156.78 173.422 216.9 205.897 196.978 187.398 171.197 169.362 153.285 133.044 108.965 78.9624 28.1948 1.72989 1.05072 -0.00984275 0.0270608 
1.30258 1.0878 0.673817 0.514379 0.718047 0.480221 0.660835 1.26508 0.515065 0.896135 1.36851 1.04574 0.911794 1.35262 0.624428 0.802898 0.632379 0.38878 1.59128 1.28335 1.97029 3.31617 21.2144 75.2008 107.124 134.975 153.188 171.053 175.501 186.442 197.705 205.03 182.315 156.085 147.167 136.978 134.444 131.1 126.811 125.831 126.746 126.531 129.033 130.365 134.72 138.922 146.704 157.326 175.027 215.605 206.579 197.638 187.788 171.011 170.07 152.382 134.091 110.257 80.2313 28.8783 2.41219 0.962575 0.606055 0.860297 
0.926468 1.53683 1.33645 0.786619 1.21295 1.10506 0.519981 0.58391 0.688491 1.0814 0.44943 0.513273 1.25258 0.750388 0.812321 0.759472 0.718463 1.45967 1.59853 1.87588 2.17004 3.06349 20.0765 74.209 106.419 132.407 152.347 169.658 176.295 185.9 196.939 203.806 181.538 157.368 146.837 137.833 134.195 131.365 127.606 125.56 126.077 125.947 128.312 129.977 133.162 138.131 146.192 155.471 173.68 212.823 207.641 199.291 188.265 170.46 170.907 153.638 135.93 111.837 83.2336 33.766 2.65105 2.95387 1.65081 0.937386 
