-0.3274 -0.478619 -0.803114 -0.818744 -0.909384 -0.54876 -0.941526 -0.42862 -0.834009 -0.421829 0.554853 -0.0415219 43.3093 83.4232 112.859 136.544 154.488 169.479 171.495 185.686 195.577 204.587 197.108 164.459 150.8 141.012 135.517 131.158 127.894 125.963 126.086 125.477 127.881 131.022 133.823 139.192 145.451 155.752 170.948 207.001 201.52 192.739 183.737 172.029 165.309 149.545 129.18 103.68 72.7906 17.7418 1.67241 0.542101 0.106399 0.0545242 0.373368 -0.0614905 -0.0306698 0.179715 -0.245918 -0.0732641 -0.0196057 0.249866 0.297983 -0.38586 
-1.21722 -0.711806 -0.960736 -0.528071 -0.93122 -1.16417 -1.09265 -0.931414 -0.990142 -0.481456 -0.0132805 -0.0880489 42.5675 84.9015 113.592 136.409 155.036 170.556 173.655 186.512 196.079 204.643 198.807 165.256 150.458 141.541 135.5 130.942 128.319 125.975 125.666 125.541 129.069 130.787 133.666 139.331 145.781 155.476 171.094 208.443 203.182 191.665 182.932 171.558 164.766 148.855 127.996 102.973 72.1131 16.8925 1.53187 0.315823 0.162035 -0.0161081 0.0536913 0.3877 -0.120683 0.116002 0.0973028 0.0648974 0.164275 0.112887 0.0825456 0.51738 
-0.923746 -1.01538 -0.569886 -0.878705 -0.418394 -1.01775 -1.01683 -0.388448 -0.563285 -0.105347 0.0708953 0.422547 43.7429 85.5598 113.614 136.65 155.182 170.923 171.334 184.663 196.805 204.581 198.716 164.14 149.578 141.686 135.724 131.385 129.212 126.485 125.855 126.217 128.739 130.822 134.646 138.944 146.479 156.416 171.315 209.394 202.447 192.578 182.857 173.42 166.218 148.388 128.929 103.162 72.1808 17.8648 1.70917 0.68268 0.0656488 0.109224 0.0180588 0.58161 0.187281 0.239505 0.225445 0.797885 0.132056 0.0989073 0.356492 0.340815 
-1.07859 -1.38308 -0.643081 -0.663799 -0.805349 -0.410984 -0.654328 -1.08116 -0.777036 -0.460639 0.716221 0.0951763 42.46 85.6632 114.033 136.47 155.506 170.626 172.245 186.735 196.378 204.102 199.112 165.425 150.912 142.277 135.266 131.428 127.954 127.278 126.2 126.481 129.163 132.033 133.21 139.111 151.449 160.449 174.051 210.216 204.455 193.505 184.84 173.921 166.296 148.643 128.685 104.224 71.9236 16.2625 1.7057 0.864368 0.294259 0.496481 0.316159 0.431861 0.180533 0.154437 0.107589 0.289049 0.184087 0.168947 0.267831 -0.346155 
-0.896482 -0.783506 -0.987943 -0.556507 -1.35541 -0.736428 -0.902841 -0.64547 -0.191835 -0.101972 1.15875 0.722078 43.3625 85.9445 113.62 136.785 155.683 171.313 172.738 186.61 197.631 205.245 199.498 165.286 151.673 143.408 136.171 131.782 128.667 128.02 126.229 127.158 131.206 131.078 134.77 141.844 149.23 156.337 174.078 210.285 204.242 193.825 184.713 171.9 165.39 149.232 127.707 103.283 71.4517 17.7384 2.39813 1.28838 0.563008 0.472913 -0.010061 0.349376 0.324792 0.667194 0.376581 0.588273 0.197598 0.200235 0.51686 0.116153 
-1.01043 -0.91548 -0.683789 -1.00957 -0.770909 -0.575024 -0.747627 -0.43763 -0.107922 -0.0988274 1.67563 1.14845 44.57 87.3259 114.293 138.373 157.19 171.463 172.492 187.382 197.698 207.012 201.045 167.071 152.353 142.802 137.713 132.581 129.577 128.178 126.007 127.935 130.618 132.739 135.386 141.713 152.602 157.272 173.374 211.949 203.56 194.701 186.818 173.992 165.975 149.655 130.056 105.21 72.6473 16.6101 2.81359 1.35115 0.92859 0.462933 0.409228 0.169383 0.17223 0.405947 0.26319 0.0521404 0.0621867 0.108314 0.282271 -0.303148 
-1.04684 -0.709416 -0.988067 -0.953674 -1.04227 -0.824283 -0.538203 -0.0324959 0.0612162 0.652138 1.89393 2.25864 37.4177 84.7048 112.976 136.29 155.147 170.281 175.141 186.755 197.088 206.474 203.891 169.428 155.514 145.203 138.834 133.92 131.552 129.431 127.615 128.851 131.428 132.929 136.278 141.515 146.74 158.079 175.103 211.522 206.192 197.155 189.07 177.97 169.902 152.642 133.37 108.857 77.2499 22.7583 3.22145 1.94992 1.21821 0.720818 0.518295 0.192064 0.344103 0.412005 0.344602 0.411582 0.416606 0.42688 -0.0866477 0.210197 
-1.12848 -0.754087 -0.902726 -0.855237 -0.833808 -0.479152 -0.763269 0.263058 0.260624 1.13627 2.08292 2.69676 36.3303 85.6982 113.608 137.709 156.195 171.176 176.998 190.02 197.421 206.292 205.775 169.995 155.593 145.703 138.905 134.297 131.554 129.525 128.021 128.342 131.549 133.524 137.03 140.995 147.702 158.816 175.06 210.794 206.129 196.487 185.6 177.294 169.686 153.06 132.524 109.021 79.763 24.9849 4.08064 2.60825 1.54226 1.43895 1.1129 0.184622 0.151852 0.271001 0.136393 0.55934 0.0127135 -0.0509472 0.452332 0.309663 
-0.583081 -0.734728 -0.740896 -1.26059 -1.02999 -0.805347 -0.547154 0.0584964 0.354076 0.859256 2.80527 1.07889 40.3088 88.4542 117.292 140.998 158.513 173.86 178.946 191.45 198.471 208.452 206.459 171.64 157.18 148.469 140.295 135.71 132.459 129.072 128.895 129.998 132.466 135.851 137.312 142.834 149.101 159.151 175.646 212.642 208.372 198.035 190.316 178.582 169.472 154.471 134.034 111.054 79.5037 24.3633 4.02746 2.30584 2.1459 1.36017 0.397879 0.445014 -0.084316 -0.139354 -0.00908839 -0.309007 -0.0287488 -0.0994075 0.220619 0.141817 
-0.978793 -0.75455 -0.698519 -1.34884 -0.627781 -0.825844 -0.164408 -0.0680328 0.671884 0.979883 1.01444 42.1151 83.3396 111.478 132.796 152.232 166.276 180.512 184.382 196.469 208.915 215.422 216.024 178.808 164.094 154.308 146.864 143.266 139.503 137.235 135.357 135.442 137.771 139.925 141.647 146.756 153.017 162.341 179.491 215.198 210.224 203.21 194.26 184.905 174.031 160.539 144.098 122.643 96.7641 57.838 17.0602 2.98434 2.06579 1.54327 0.613173 0.232527 0.118668 0.00683284 0.525715 0.483324 0.506702 -0.0761474 -0.165242 0.506333 
-1.09585 -0.402606 -0.777134 -0.971427 -0.684104 -0.987465 -0.38732 -0.186738 0.0954326 0.951014 40.1008 100.459 124.573 136.5 161.398 178.799 193.449 204.3 212.792 221.493 225.999 232.163 228.25 189.118 173.257 161.846 154.007 149.994 145.677 142.878 140.731 139.697 144.207 146.548 150.569 156.811 163.174 174.325 191.966 230.717 227.559 221.214 211.29 203.454 192.738 178.58 163.893 144.997 123.622 101.759 74.8847 27.2548 4.43377 1.04457 1.2079 0.890255 0.316315 0.251212 0.26909 0.140163 0.692445 0.167688 0.0523102 0.386505 
-0.721911 -0.964718 -0.433465 -0.868322 -1.45134 -0.986137 -0.566759 -0.476566 0.836388 43.6832 93.3668 114.31 127.463 145.5 166.29 184.65 199.616 213.068 221.149 230.685 237.864 244.258 242.599 201.689 184.846 173.508 167.02 162.268 158.498 156.942 157.488 156.131 158.74 160.279 161.946 167.212 173.092 183.544 199.208 240.548 236.755 230.55 223.116 215.407 206.131 196.478 184.982 171.563 156.059 136.711 115.744 95.1632 67.353 14.0706 0.92291 0.276607 0.178263 0.561126 -0.230499 0.296083 0.0247154 -0.00665984 0.429099 0.197372 
-1.60437 -1.24599 -0.978928 -0.848619 -0.999429 -0.33837 -0.678181 -0.719853 18.8976 85.3427 117.719 128.587 138.072 155.275 173.317 190.269 204.277 215.252 227.063 235.214 240.104 246.211 242.669 203.577 183.241 166.823 160.268 162.663 162.827 159.474 158.552 159.386 162.385 164.698 169.273 174.327 181.158 192.515 209.416 252.369 252.14 246.441 240.409 233.016 223.39 207.116 196.472 184.236 169.578 155.466 126.167 104.764 81.879 48.6318 -0.805394 0.193457 0.298908 0.124418 0.330953 0.201284 0.881975 0.430197 0.311592 0.418106 
-1.06219 -1.21696 -0.624897 -0.910772 -0.60712 -0.767808 -0.707779 1.10375 34.7204 96.2015 126.209 136.607 147.007 161.306 180.071 198.284 212.029 222.446 233.516 240.984 245.252 248.38 245.851 200.458 170.875 158.347 154.366 155.219 161.824 160.01 159.052 160.218 163.275 167.375 170.235 177.015 184.339 195.679 213.173 256.085 253.006 249.243 240.578 233.358 224.991 212.295 196.656 188.734 172.618 158.152 131.797 108.043 84.7955 54.8202 -0.907771 0.300662 0.398928 0.189971 -0.212913 -0.034444 0.274383 0.0897681 0.369789 0.348576 
-1.31111 -1.27353 -0.76676 -1.26123 -1.30951 0.318004 2.07786 2.03946 15.2221 60.2715 81.7314 103.297 123.436 140.153 159.201 171.355 182.51 192.879 202.365 208.528 217.378 224.911 212.485 166.657 150.747 142.362 138.435 136.34 138.997 148.152 148.544 148.898 153.054 156.199 159.197 164.808 173.118 183.542 200.88 242.799 241.504 232.179 224.952 214.495 203.154 186.812 171.618 163.613 152.606 141.16 122.024 99.7182 82.7526 49.2438 -1.21211 0.529884 0.322192 0.55445 -0.0827483 0.308892 0.131389 0.651016 0.200324 0.170369 
-0.633017 -0.688151 -0.830013 -0.0247963 0.826002 1.07005 0.861368 0.945317 1.25798 -0.584637 1.90435 10.0043 60.2533 98.2007 127.122 150.942 163.942 180.132 193.287 202.049 208.091 194.294 191.153 152.975 140.137 131.297 125.543 122.925 122.192 122.769 130.174 137.66 140.199 143.725 147.223 151.737 159.088 169.177 186.557 225.366 220.159 210.434 199.885 189.529 175.462 161.333 142.001 122.976 103.08 64.0958 25.0515 14.8809 6.98048 1.20466 0.965087 0.458471 0.719702 -0.234453 0.0652678 0.025825 0.373298 0.278808 0.896729 0.668415 
-1.37562 -0.691839 -0.0633042 0.714288 0.294543 -0.328225 0.505951 0.597666 1.28059 1.07782 2.04247 3.36054 11.2556 67.5908 97.9156 127.444 141.971 159.601 171.866 181.278 163.392 162.343 166.192 133.301 121.659 114.361 107.138 105.106 103.462 101.835 103.067 104.935 118.477 124.782 127.73 132.272 138.152 147.497 163.518 199.294 195.44 187.248 175.582 163.489 151.571 136.163 109.81 82.0488 31.887 5.99466 6.3463 8.20787 8.72251 5.97747 1.0787 0.87888 0.606228 0.541954 -0.355495 0.28527 0.322048 0.589123 0.256938 0.419208 
-0.807343 0.0913077 0.12032 -0.0197558 0.108383 -0.467164 0.286231 1.02435 1.18145 1.27 2.28607 2.99051 9.04169 66.1141 95.4784 122.696 139.311 157.264 169.074 160.68 143.592 144.138 156.991 126.459 115.137 107.936 103.67 101.327 99.6827 97.9707 98.698 99.5377 104.554 111.685 124.945 129.264 135.997 146.215 160.532 196.442 194.026 184.798 175.024 161.793 151.09 130.49 107.136 77.9751 21.2007 4.66201 4.56578 4.52038 4.20225 4.11636 1.05644 1.12717 0.0483653 0.532138 0.586616 0.619395 0.42065 0.366096 0.324995 0.369246 
-0.414412 0.576294 -0.385474 0.60916 -0.188703 -0.112898 0.536651 1.42605 1.0918 0.935259 2.02424 3.07762 5.99258 62.2133 93.0019 120.025 137.542 155.411 169.885 137.078 128.322 128.935 154.41 124.069 112.6 105.749 101.808 98.7998 96.8252 96.0464 95.3521 96.6909 100.157 103.645 109.116 123.913 135.521 145.04 159.559 195.258 192.925 184.72 172.255 159.637 148.52 129.16 106.903 73.3632 17.0267 4.05101 3.44583 3.20855 4.05325 3.17973 1.74986 0.34791 0.384728 0.0069079 0.256504 0.654416 0.65387 0.0653859 0.114179 0.47226 
1.24655 0.249952 0.376258 0.804859 0.942642 0.54019 0.622962 0.702421 1.80337 1.40154 1.71869 2.44712 4.8924 58.474 91.0423 119.268 135.259 152.98 161.095 128.783 119.73 116.011 152.471 124.06 111.694 103.409 100.173 97.9037 96.1451 94.0388 93.7969 94.6726 98.725 100.397 104.013 110.237 129.634 144.227 161.109 195.134 190.831 182.945 170.849 158.233 146.501 128.066 104.151 71.0007 15.1628 4.02414 3.44525 2.97109 2.92741 2.54576 2.42616 0.53951 0.446897 0.194131 0.547526 0.25689 -0.0866695 0.133747 0.280936 -0.298293 
0.936269 0.353057 0.68934 0.746449 1.24256 0.154414 0.692838 0.838423 1.22291 0.808273 1.42195 2.14722 3.88094 54.7796 90.1028 116.98 134.447 151.655 157.573 123.717 114.59 110.902 147.529 122.291 111.703 103.699 99.5151 96.6682 94.4914 93.0265 93.5785 93.6257 96.0255 99.0934 101.055 106.444 117.232 141.397 157.258 193.927 190.2 181.692 171.155 157.971 145.678 128.406 100.613 68.3178 13.0664 3.70551 2.87652 2.85448 3.14244 2.55376 1.39052 1.28642 0.194833 0.317631 0.266073 -0.0288212 0.48065 0.455541 0.434941 0.494319 
1.45607 1.1362 0.542069 0.494265 1.1536 0.68051 0.549281 0.944895 1.31075 0.684854 1.31178 1.84366 3.58244 53.6092 88.5422 117.014 135.14 150.662 156.228 122.262 111.704 107.275 141.66 121.838 110.434 103.67 99.7706 96.5467 94.2357 93.1973 92.7101 92.9461 96.8909 97.1331 101.018 105.443 113.003 137.5 157.072 193.042 189.447 181.41 170.157 156.222 142.595 130.251 98.9892 68.2611 11.5 3.95291 2.45228 3.29822 3.45237 2.76757 1.89656 3.11222 0.674063 0.276314 0.483727 0.222196 0.452198 0.0428562 0.0914253 0.314824 
1.94595 2.6803 1.81427 1.76218 1.23112 1.58747 1.01121 1.42177 1.71308 1.84328 2.07915 2.45671 3.04954 53.7402 89.3182 116.616 133.468 150.109 156.182 121.515 110.297 106.41 138.928 122.983 112.366 104.22 99.7508 96.9242 94.5193 93.5561 93.0966 92.9409 95.3454 97.9415 101.262 104.534 112.268 134.235 156.133 192.026 189.347 181.189 169.888 156.413 149.24 123.734 97.7154 66.1276 10.6925 3.39554 2.60549 4.01234 2.89791 2.59474 2.12584 2.25371 1.97974 0.219387 0.28531 1.01461 0.0257766 0.199329 0.541716 0.321404 
-0.0628305 0.243582 2.28062 1.82624 1.8336 1.34197 2.55578 2.08102 2.27628 1.63057 2.02553 2.36522 0.983104 48.237 87.2318 114.511 132.509 149.084 161.972 123.617 111.795 106.33 133.065 126.39 113.04 105.761 100.674 97.9493 95.4186 93.3583 93.0253 92.9419 95.5479 97.3871 100.251 104.199 111.98 131.601 154.349 189.37 190.53 182.19 170.166 157.334 150.522 123.553 99.5845 68.3528 13.6939 3.70776 2.72897 4.08846 3.48534 1.92147 1.93522 1.85922 3.01154 2.10415 0.65148 0.020525 0.589124 0.195498 0.237522 0.914161 
0.199644 1.32375 2.07234 1.80169 2.22449 1.57546 1.73459 1.58863 2.01922 2.00242 2.10828 2.90412 0.550242 46.9253 85.5335 113.186 132.987 147.563 164.633 128.679 113.706 107.473 130.034 128.135 114.926 106.638 101.866 98.7047 95.3229 94.962 93.6435 93.8996 95.7704 99.0157 101.667 104.424 111.097 132.186 152.743 187 190.474 181.505 170.26 158.164 150.407 125.251 100.414 68.7514 13.938 4.22179 2.3074 3.68294 2.25814 2.12783 2.03911 2.23388 2.40499 2.25185 1.47706 0.0664949 0.249219 0.454314 0.679721 -0.0625886 
0.974453 2.0202 1.85547 1.5075 1.75822 1.10771 1.41035 1.79668 2.02655 1.62142 2.0532 2.53071 0.826809 45.7261 85.8284 111.876 133.209 148.415 160.609 142.13 116.83 110.395 128.677 131.057 116.348 108.134 102.429 99.3881 96.6357 95.0108 94.3489 94.377 98.2615 98.9058 101.651 106.199 113.538 135.762 151.774 187.04 190.969 181.776 170.516 157.75 148.85 124.384 99.869 67.9405 12.5738 3.5244 2.61957 3.4785 2.78867 1.95279 2.04962 1.93281 1.36832 1.75955 2.41755 0.733438 0.242871 0.832968 0.482948 0.195597 
2.03167 2.32594 2.03512 1.861 1.69736 1.53437 1.48393 1.52544 1.28914 1.65166 1.89285 3.05013 0.471071 45.2224 85.002 111.365 131.798 148.68 160.068 149.267 121.63 112.283 129.276 133.364 118.092 108.642 104.355 98.5543 97.5085 95.6134 95.2483 95.3015 97.5397 100.029 103.488 108.501 115.647 138.254 151.891 186.175 189.987 180.753 168.816 157.377 148.72 123.986 98.526 67.0515 11.8365 3.23482 2.90057 3.19058 2.34326 2.20593 2.02344 2.01385 1.40959 1.85566 1.98935 2.44094 0.66035 0.201729 0.332134 0.450773 
1.81285 1.76331 2.09573 2.38595 1.4737 1.1201 1.74135 1.41717 0.983086 1.39043 1.84819 2.63242 1.46373 44.8669 84.9768 110.785 132.481 148.377 161.37 157.699 126.281 115.153 134.595 139.237 118.766 110.259 105.099 100.683 98.1772 96.4164 96.871 95.478 98.7966 101.265 103.947 110.089 121.903 137.738 152.263 185.592 189.928 181.219 169.594 156.531 148.885 124.363 98.166 66.3684 10.8716 3.50245 3.16523 1.76286 1.73369 1.37628 1.73064 1.61987 1.62138 2.20015 2.62419 1.68525 0.849359 0.233988 0.391715 0.589443 
1.66661 1.67379 1.83038 2.04913 1.62524 1.75263 0.762633 1.75634 1.46862 1.16485 1.57412 2.27908 1.02024 43.2976 84.4342 112.36 132.314 148.172 161.78 168.363 133.42 120.328 142.857 141.098 121.117 112.174 106.424 102.285 99.7995 98.453 97.1254 98.1094 100.884 104.723 108.02 115.112 128.26 137.59 152.596 185.997 189.718 180.671 170.877 155.431 149.074 124.409 98.0987 65.5899 9.86586 2.77911 3.08615 1.38376 2.3468 2.10333 1.77275 2.03989 1.36543 2.06022 2.38031 2.91131 1.94271 0.0739545 0.212575 0.190945 
1.339 1.90759 1.6144 1.7131 1.49034 1.00543 1.45109 0.829476 1.1938 1.35849 1.65498 1.92519 1.23193 43.631 84.7886 111.389 131.552 148.847 160.547 175.051 145.89 127.164 153.267 144.216 123.47 114.421 108.604 104.266 101.725 100.688 98.8143 100.478 103.963 109.537 113.053 122.837 129.323 138.046 151.391 185.598 190.079 180.664 169.207 155.356 148.76 121.517 97.2374 64.952 9.96036 3.21021 2.59686 2.09807 1.17369 1.64607 1.97975 1.58659 1.61188 2.11865 2.32405 2.26193 1.45264 1.05267 0.813481 0.597232 
1.65183 2.02906 1.76285 1.19449 1.77669 1.39466 1.13229 0.734348 0.851651 0.811269 1.47108 1.89839 1.39674 44.0667 85.3845 111.388 131.273 149.081 161.185 172.57 169.466 137.838 167.548 151.185 128.01 117.806 111.109 107.366 104.232 103.769 103.513 104.995 111.222 114.901 119.794 123.569 128.775 137.328 151.197 186.494 189.099 179.352 169.276 155.974 147.365 123.65 97.6672 64.5235 9.16938 2.68565 2.46178 1.80976 1.36475 1.30311 1.759 1.57979 2.09658 1.88302 1.3592 1.54106 2.00615 1.34988 0.684285 0.764538 
1.9523 1.71556 0.79691 2.1495 1.58783 1.38848 0.8282 0.789456 1.31557 1.21982 1.25602 2.23889 0.898054 44.7708 84.4449 110.7 131.38 149.52 162.282 172.702 183.23 168.866 175.915 159.565 133.668 123.303 117.684 113.85 111.116 111.215 112.196 112.629 117.902 117.928 119.894 122.374 128.905 137.169 149.865 185.146 186.913 179.17 169.013 157.74 144.296 122.256 96.647 64.1224 8.3199 3.42494 2.58268 2.09479 1.68712 1.30324 1.29214 2.20829 1.61037 1.45363 1.30553 1.22182 1.44977 1.49244 0.175675 0.308039 
4.69092 4.42123 4.02819 3.61959 3.78248 3.02059 3.2076 3.44609 3.25567 3.50921 3.19234 4.34751 2.91785 48.3467 87.9847 115.516 135.901 152.422 165.977 177.9 186.477 194.529 199.203 180.438 154.477 141.328 131.438 125.433 122.232 120.002 117.837 117.269 113.885 115.249 117.273 120.359 126.468 134.435 148.538 181.213 185.264 176.82 165.839 154.965 139.633 119.467 94.5224 62.0477 7.17432 2.70807 1.82399 0.451967 0.618915 0.267878 0.763527 2.33412 0.692061 0.817209 0.741532 0.251475 0.668813 0.623039 0.0871991 -0.751632 
5.19173 4.02263 4.51651 4.25406 3.39924 3.03601 3.61136 3.5024 3.48374 3.46283 3.52143 3.45719 3.41876 49.3552 88.3888 115.242 137.321 153.795 167.276 178.249 187.361 195.097 201.302 181.873 153.339 140.859 134.115 126.772 122.45 120.879 119.348 117.999 113.862 114.385 117.883 121.321 126.947 134.574 147.781 182.494 184.997 176.111 165.125 156.277 139.379 119.798 95.2016 61.7288 6.90852 2.61921 1.22209 0.256909 0.48643 0.476072 3.2748 0.280988 0.913054 0.411707 0.196473 0.626173 0.544732 0.171818 -0.0274918 -0.692788 
4.44386 5.8784 4.05643 3.82783 4.07231 3.64813 3.8429 3.45096 3.77566 3.66673 3.61087 4.19868 2.96141 50.5472 87.4779 116.145 136.561 153.419 167.495 180.5 189.383 197.038 202.253 183.161 154.127 141.851 132.737 127.377 123.473 121.131 118.781 117.863 113.778 115.454 117.86 121.034 127.353 134.904 147.213 180.958 184.685 177.374 166.538 156.077 139.583 119.866 93.9912 61.0505 5.62699 1.94483 0.642289 0.907763 0.238832 0.483516 3.02771 0.156716 0.426838 0.607625 0.534246 0.474997 0.656742 0.428351 -0.216575 0.0248541 
5.10398 4.75912 5.30941 4.5574 3.46911 4.08598 3.48864 2.65377 3.71865 2.8577 3.58422 4.4485 1.72178 50.9832 88.0542 114.909 136.49 154.028 168.266 178.549 189.637 196.78 202.712 184.626 155.92 142.22 133.912 126.939 123.131 122.119 118.895 117.781 114.406 115.3 118.122 121.228 126.559 134.598 146.74 181.641 186.207 177.331 165.244 154.993 139.717 119.104 94.7809 60.9911 6.12991 2.28754 0.543592 0.373299 0.512867 0.219572 1.19402 1.00454 0.642466 0.263278 -0.0375006 0.240956 0.255132 0.409521 -0.967347 0.012252 
5.75087 4.78669 4.25612 3.6654 3.08847 3.60725 3.29443 3.50986 3.57781 3.2863 2.98048 4.63906 2.02465 51.8871 88.6891 115.143 136.098 153.9 167.963 179.847 189.819 196.107 203.297 185.837 155.663 143.242 134.405 128.213 124.424 121.977 119.56 118.458 113.907 115.869 117.935 120.934 127.28 134.22 147.915 180.63 186.439 177.097 166.833 154.707 139.027 118.986 94.9165 61.1892 6.23961 2.16346 0.742433 0.819983 0.39339 0.858477 1.20034 1.36033 0.920566 0.331262 0.951026 0.552494 0.076743 0.302188 -0.117324 -0.0809589 
4.69463 4.92611 3.94591 4.38127 3.53464 4.30938 4.13239 4.65797 3.08733 3.42495 3.13553 4.68881 1.20902 53.2127 88.7825 115.748 137.163 154.315 168.021 180.814 189.359 196.64 204.257 186.134 157.827 144.363 134.872 128.491 123.987 121.611 120.469 118.039 114.045 115.638 118.577 121.392 126.119 135.627 148.149 180.586 186.494 176.971 166.076 152.685 140.876 129.733 94.196 61.7937 4.86659 1.79277 1.01184 0.725911 0.721869 0.655888 1.24788 2.73976 -0.376506 0.516272 -0.152228 0.591063 0.507623 -0.131732 -0.6489 -0.761525 
3.78209 4.15717 3.89693 5.32576 3.63166 3.33947 2.81873 4.47167 3.80866 3.52904 3.56102 4.15019 1.57828 54.5474 89.8123 116.455 138.023 154.68 169.846 180.054 188.886 197.339 203.513 188.46 157.562 143.534 135.375 127.684 124.009 121.736 119.235 118.603 114.761 116.134 116.622 121.463 127.226 134.77 146.355 180.793 184.498 176.593 166.255 152.477 142.018 120.125 94.8374 62.3401 5.10073 2.08987 0.359048 0.802761 0.589076 0.340841 0.940202 0.844997 3.83385 0.667921 0.427796 0.618802 -0.253023 -0.125092 -0.149841 -0.190568 
1.31588 5.47033 4.83587 4.64695 3.87672 3.62334 3.42195 3.21085 3.16604 3.96984 3.74319 4.26141 2.78113 54.6302 90.5915 115.733 138.05 154.224 169.978 180.776 190.746 199.1 206.19 187.609 163.916 143.391 135.508 128.787 123.835 122.332 119.886 118.87 115.14 117.313 117.529 120.937 126.876 134.077 147.808 181.335 184.829 177.913 165.687 153.121 142.613 119.887 95.3077 61.7665 5.56175 1.98705 0.722368 1.41546 0.910162 1.27669 1.05156 -1.28622 5.31701 0.23824 0.334939 -0.0897778 0.133703 -0.238004 -0.3842 0.069816 
2.26659 2.93889 6.03841 4.9551 4.07907 3.67416 3.48167 3.92882 3.84993 4.01174 3.89609 4.65761 3.48304 51.3355 89.8149 115.56 137.547 155.599 169.838 181.054 189.848 198.555 203.722 189.804 158.933 144.962 136.116 130.817 126.045 122.321 120.152 119.699 115.448 116.537 117.845 121.678 127.421 134.033 147.539 179.486 185.428 178.577 166.379 153.924 142.205 122.565 98.276 65.6544 9.18881 2.19366 1.93328 1.17748 1.6508 1.14093 0.486477 -0.518882 3.63673 0.516547 0.825592 0.709229 0.348753 -0.525258 -0.0886208 -0.244662 
2.86896 1.97895 4.36298 5.557 5.37519 4.12796 4.34334 4.16216 3.2281 4.12145 4.16475 4.81468 4.62027 43.5976 88.6759 115.964 137.291 154.707 169.646 180.168 189.846 199.556 205.146 192.887 158.321 145.965 136.441 130.81 125.673 123.904 120.849 120.304 115.972 116.147 118.162 122.032 127.208 132.785 145.564 176.08 188.545 179.658 169.297 155.21 143.114 124.616 100.493 67.8362 11.7923 3.45831 2.4373 1.5541 1.52942 1.97962 1.11526 1.13907 4.10373 0.65899 1.10307 0.760335 -0.414358 -0.0962175 0.145138 0.107595 
1.19122 2.14563 2.47955 6.98586 4.34253 4.46153 3.55891 4.05106 4.42739 4.12346 5.34101 6.13962 6.39447 41.38 90.0906 116.257 137.488 155.173 169.606 181.103 190.795 197.959 204.855 193.502 159.418 146.166 136.561 131.681 127.014 123.616 121.761 120.017 115.707 116.7 117.976 121.561 126.454 133.26 145.33 176.59 187.752 179.154 168.891 157.125 142.409 125.831 101.83 69.306 13.0792 3.93333 2.40124 2.00093 2.13924 2.22952 1.25876 1.53705 5.27814 0.625065 0.837554 -0.710239 -0.373141 -0.732868 -0.543146 -0.29839 
2.07111 1.77286 1.83705 5.42246 5.653 5.04829 4.5636 4.63922 4.80621 5.18946 5.37385 5.56392 5.39702 47.5687 91.0392 118.678 138.743 155.451 169.613 182.915 190.878 200.608 206.343 192.395 159.679 146.093 137.125 130.022 127.328 122.189 121.18 120.831 116.947 117.052 118.911 121.81 127.296 133.502 144.337 173.649 188.655 179.377 168.17 156.94 144.009 127.268 103.352 71.9085 14.053 5.59675 4.33095 2.9582 3.37372 2.51862 2.51363 3.41272 11.7174 5.57492 -0.859923 -1.1035 -0.233584 -0.24597 -0.767216 -0.681785 
2.04573 2.54661 1.85378 2.42455 7.63125 8.13931 7.41645 5.44829 5.67544 6.2666 6.99128 7.00067 16.458 69.9228 102.35 128.171 148.155 163.882 178.305 187.116 195.734 205.427 211.978 198.502 164.958 147.469 137.854 133.119 128.023 124.788 122.97 120.766 116.615 117.791 119.374 122.349 126.991 135.215 145.204 175.935 187.974 180.56 170.11 156.393 144.014 128.692 104.638 73.7432 15.1623 5.46684 4.59875 4.04585 4.60267 6.93453 7.75941 5.95197 3.61169 -0.739025 -0.414888 -0.465933 -0.321266 -0.75537 -0.0846235 0.141222 
1.31062 1.89106 1.68581 1.81592 2.5823 7.87466 10.8072 13.0915 16.1491 19.7235 21.686 25.7056 83.1453 116.796 138.477 150.095 165.873 179.413 196.172 206.907 217.528 226.641 235.153 220.986 188.982 174.615 164.412 157.349 154.539 151.046 148.43 148.357 142.938 143.887 146.029 149.889 154.22 160.993 173.869 202.394 219.55 211.954 203.541 188.431 175.106 161.322 139.338 111.089 64.5939 16.7222 11.2086 8.82255 10.2256 11.5524 5.59014 0.1049 -0.0513006 -0.067666 0.0307335 -0.412205 -0.265634 0.00683991 -1.10598 -0.45209 
2.029 1.40693 1.79386 1.4379 1.95113 1.36752 2.29696 8.75903 15.0688 20.511 27.5912 81.9925 118.069 142.532 153.606 171.581 190.675 206.312 218.768 229.019 237.317 249.249 252.6 237.043 201.82 188.646 177.703 173.285 167.363 165.526 163.622 161.275 157.982 158.327 161.067 163.916 172.447 178.948 192.55 223.376 241.295 232.132 224.402 215.421 202.222 199.462 192.912 177.796 156.98 138.46 118.917 96.54 46.4922 2.76153 -0.101973 -0.114232 0.203181 0.0413967 -0.0621865 -0.396684 -0.321094 -0.611424 -1.05804 -0.627451 
2.15335 1.70836 2.03372 1.56167 2.68584 2.08306 1.72007 1.24633 3.70359 7.99863 44.2893 103.25 132.161 148.899 162.216 182.066 198.18 213.844 226.495 239.676 246.976 256.627 260.382 242.835 209.371 194.009 184.587 179.105 172.874 169.43 168.093 167.16 162.909 163.611 167.58 169.67 175.423 184.609 197.84 229.9 248.602 243.153 232.768 222.687 211.419 204.432 203.961 200.975 186.135 162.481 137.661 108.728 73.2915 19.6063 0.464933 0.573408 -0.322897 0.141425 -0.172009 -0.473181 -0.244369 -0.825431 -0.41037 -0.671845 
1.38975 1.52452 1.1315 4.46305 1.99166 1.31286 1.79287 1.73744 2.4443 2.78395 32.162 105.386 130.786 148.094 165.398 185.399 201.883 215.324 228.196 238.71 250.429 255.379 261.272 242.604 206.802 194.003 184.587 178.682 172.928 169.522 167.598 167.106 162.192 163.801 167.34 170.915 178.204 186.834 199.414 232.184 251.421 243.248 235.546 227.12 217.252 205.61 204.161 201.143 190.705 168.331 128.404 104.849 81.4864 44.9826 -1.81545 -0.381177 -0.487208 -0.137597 0.00758666 -0.296913 -0.0408912 -0.171582 -0.594917 -0.516475 
1.89827 0.774188 1.31591 1.75285 1.16587 1.19254 2.00901 2.14482 2.41816 2.6738 7.28869 78.0096 122.97 141.166 163.392 180.931 196.942 210.803 222.379 234.163 241.387 249.456 254.164 239.687 202.078 189.424 179.142 173.3 167.762 165.796 163.203 161.747 159.499 158.05 162.518 166.805 172.883 182.944 196.112 230.219 245.877 241.552 233.111 227.16 218.456 202.981 202.734 193.78 182.035 157.225 122.725 102.071 78.6699 49.9618 -0.520645 -0.211554 -0.0518424 -0.0523339 -0.418934 -0.122199 -0.534587 -0.519033 -0.531342 -0.332928 
2.0376 1.64633 1.44182 0.921997 2.1433 1.72374 1.66476 2.23792 2.73849 1.94387 3.12073 13.1396 87.7228 132.409 157.015 172.314 186.511 200.985 212.813 224.447 230.299 240.236 244.61 228.358 194.549 179.54 170.879 164.362 160.125 156.877 156.162 154.768 150.234 152.325 155.065 159.885 165.094 174.448 188.592 221.436 235.795 233.203 225.357 218.243 211.87 202.72 196.321 184.616 168.08 146.262 117.355 96.5518 70.8508 37.3955 0.0874102 -0.207712 -0.480045 -0.0738667 -0.422896 0.0966829 -0.321375 -0.208766 -0.467688 -0.455863 
1.42435 1.72717 0.478713 1.61183 1.90986 1.60529 1.65534 2.20162 2.55249 2.69144 3.48133 4.64158 9.1386 73.0969 116.951 146.047 167.708 184.525 197.018 205.373 212.533 222.46 232.614 217.668 181.959 168.965 161.448 153.209 148.071 145.27 143.948 144.132 140.547 141.712 144.1 147.62 156.201 163.952 177.148 211.16 224.503 217.824 214.741 206.09 200.276 192.611 182.461 171.232 153.107 130.516 106.826 82.8089 49.2874 5.20108 0.925848 -0.617127 -0.902313 -0.639568 -0.0376387 -0.435103 -0.425404 -0.733395 0.022645 -0.403494 
1.4672 2.13312 1.49868 0.725227 1.38682 1.60475 1.76563 0.745112 1.95758 2.62835 3.24539 4.61389 1.71823 58.9957 96.8105 124.113 146.052 165.868 182.225 186.547 199.222 209.984 216.602 206.933 171.536 158.89 150.723 143.489 137.904 136.817 135.443 134.076 131.187 131.262 134.965 138.235 145.196 153.166 165.542 195.822 212.098 205.359 197.909 189.192 181.961 174.809 162.785 146.773 126.681 103.925 77.0947 31.1802 2.63321 1.13119 -0.113308 0.0742009 -0.140075 -0.352228 -0.287678 0.0682653 -0.505204 -0.669003 -0.675675 -0.451177 
0.815976 1.83479 2.47257 1.85605 1.79009 2.10285 1.46885 1.1124 1.67424 2.45298 3.02462 3.90023 1.50072 58.1534 95.3924 123.817 147.113 165.279 181.145 184.351 197.221 209.237 215.607 206.399 173.211 159.004 149.678 142.372 140.629 135.967 134.315 135.401 131.351 130.61 133.14 138.124 144.285 152.928 166.03 196.143 210.741 204.39 193.879 184.75 176.301 160.951 142.409 121.751 96.2767 60.8301 -0.384461 2.92601 2.1474 0.755681 0.0625477 0.168204 -0.309424 -0.064111 -0.105042 -0.597078 -0.772325 -0.409158 -0.0937239 -0.0669764 
1.94311 1.05251 1.60978 1.2718 0.972665 1.68672 1.56362 1.68801 1.77229 2.4442 2.31891 3.70648 0.944468 58.733 95.3434 124.298 147.256 163.433 182.657 180.848 197.883 208.461 214.269 205.634 171.336 156.537 148.526 142.479 137.649 136.127 132.992 132.085 130.125 130.888 132.688 136.884 142.095 150.337 162.95 192.334 207.598 200.163 192.085 182.005 173.618 160.287 142.283 121.523 94.006 59.4222 0.584052 2.76428 1.11258 0.567299 0.222442 -0.902853 -0.464354 -0.0825591 -0.184272 -0.639746 -0.49861 -0.566757 -0.412255 0.244226 
2.82364 2.03686 1.22224 1.193 1.31387 1.21794 1.53459 2.02011 1.61485 1.83439 2.66506 2.72253 1.40063 59.4045 96.1947 123.938 146.408 164.826 185.439 177.284 196.731 208.613 214.957 205.12 168.549 155.353 147.608 140.143 138.927 137.672 133.281 132.895 129.783 130.342 133.014 136.596 143.955 149.653 162.763 190.137 209.876 203.269 193.515 182.273 174.056 160.672 142.62 119.852 92.6458 56.7387 0.194178 2.24353 0.591939 0.122453 -0.0354952 0.0682097 -0.332797 -0.582307 -0.790042 -0.723948 -0.683317 -0.93041 -0.75433 -0.603478 
1.7487 1.89455 1.69536 1.54747 1.6396 1.89475 0.929357 2.12876 1.58886 1.86645 2.41252 2.66581 3.2757 60.7712 95.6074 122.874 148.746 163.857 184.615 173.982 195.162 208.144 215.181 201.594 168.475 155.48 145.327 140.11 137.373 135.361 132.553 131.963 129.277 130.966 132.074 135.786 141.901 150.705 161.772 189.029 209.941 202.6 190.982 183.438 174.573 159.711 142.268 120.404 92.4271 56.8423 -0.0660642 1.58546 0.529962 0.251256 -0.0255347 -0.111153 -0.762531 -0.552134 -0.400955 -0.190021 -0.360368 -0.601906 -0.66947 -0.567879 
1.15513 1.07652 1.17666 2.35806 1.87852 1.39286 1.03306 1.38423 1.55336 1.04072 1.28321 2.64106 2.86289 59.4045 95.3351 123.539 146.652 165.726 183.638 175.521 196.315 208.781 213.532 200.54 168.646 154.902 146.881 139.539 136.54 133.343 130.805 130.211 127.607 128.356 131.172 135.051 141.142 148.863 160.462 184.24 209.01 199.075 190.19 182.686 172.582 160.152 141.779 121.082 93.9513 59.7881 2.28466 1.48982 0.48243 -0.517957 -0.31009 -0.353739 -0.105078 -0.363826 -0.81757 -0.387539 -0.475123 -1.48199 -0.917364 -0.160655 
1.50047 1.60138 0.987041 1.57302 1.07487 1.24382 1.94513 1.75433 1.71824 1.59844 1.86091 2.87377 0.30795 58.4887 93.0472 121.585 143.737 164.19 181.24 171.158 195.168 205.513 214.558 203.224 168.742 155.295 146.533 140.697 136.661 132.524 132.515 130.425 128.008 127.769 130.553 134.681 138.943 148.074 157.378 175.83 212.753 201.874 191.846 183.745 173.587 161.669 143.058 121.635 95.3239 60.2071 5.0207 0.971712 0.0822064 -0.387315 -0.353745 -0.219322 -0.496857 -0.221087 -0.353305 0.0108834 -0.614769 -0.288484 -0.0794686 -0.379321 
2.09135 1.57286 1.27124 0.808265 1.74749 2.23678 1.40179 1.60955 2.38206 1.59199 1.15357 2.93052 0.379983 57.216 93.606 122.497 144.696 166.005 184.842 169.442 195.656 203.847 213.333 202.995 169.247 155.916 146.02 140.555 135.915 133.022 131.352 130.128 128.039 127.288 130.041 134.575 138.961 147.268 158.917 174.216 214.814 202.959 191.81 183.758 172.45 161.005 143.876 121.571 95.4568 60.3365 4.00107 0.727379 0.0224981 -0.906182 -0.589756 -0.605099 -0.595236 -0.524021 -0.504387 -0.100753 -0.564361 -0.314065 -0.314337 -0.422711 
1.44285 1.41488 1.30548 1.03995 1.08679 1.67385 1.72 1.03157 1.56095 1.87543 1.97067 3.01759 1.9514 59.5278 93.4984 122.258 145.052 163.905 185.446 171.153 193.512 206.253 212.253 203.904 167.726 154.499 144.87 141.825 134.424 134.154 130.827 130.013 128.17 127.183 130.044 133.662 138.148 146.614 156.992 174.032 212.666 200.386 189.488 181.838 171.762 161.203 144.585 122.433 94.2373 60.314 3.84956 0.568929 -0.152938 -0.177112 -0.155006 0.00328187 -0.32698 -0.113545 -0.0589413 -0.684544 -0.52872 -0.23068 -0.395837 -0.410903 
1.44439 1.72746 0.858022 1.11684 1.01775 2.09755 2.30729 1.11481 2.05684 1.91378 2.26286 2.95948 2.73155 61.918 94.115 122.522 145.321 163.313 184.095 170.065 192.831 204.946 213.836 203.215 167.885 154.129 145.392 139.941 133.317 132.429 131.309 129.03 127.981 126.772 142.894 134.095 137.602 146.35 156.504 172.227 213.591 200.132 191.289 181.756 172.133 160.409 144.097 120.921 94.098 59.9819 4.52397 0.811587 -0.14009 -0.633877 -0.0989317 -0.157552 -0.427597 -0.393962 -0.606737 -0.353721 -0.233372 -0.267222 -0.223203 -0.462836 
2.00077 1.58741 0.942812 1.25915 1.38212 1.08183 1.21367 2.41535 1.08079 2.20959 2.88769 3.67985 3.6306 61.6913 95.0112 123.61 146.976 163.577 183.231 170.062 193.614 205.33 212.613 200.84 168.372 153.819 146.177 138.996 135.552 133.357 130.33 130.919 129.467 126.971 129.633 134.181 139.107 146.39 156.405 172.316 214.092 201.407 190.259 182.214 173.728 160.102 142.683 121.971 95.402 60.7374 3.99108 0.907811 0.209631 0.120881 0.333035 0.0407545 -0.543037 -0.0406565 -0.0329871 -0.717201 -0.593332 -0.588312 -0.588139 -0.358632 
1.07546 1.6194 1.31417 0.655742 1.82151 1.63224 1.43724 1.86478 1.82648 2.51916 2.91812 3.49981 4.34898 62.4815 96.3612 124.3 146.859 165.942 181.535 172.515 193.858 204.609 213.621 199.507 167.226 153.138 145.796 138.844 135.154 130.64 129.618 129.935 127.784 127.4 130.153 133.186 138.709 146.242 156.545 174.151 214.736 200.519 191.255 181.817 171.702 161.674 144.336 121.835 95.6123 61.4025 5.29581 1.75948 0.914855 0.601065 0.258258 -0.117828 -0.0398089 -0.431211 -0.167774 -0.138988 -0.107108 0.453982 0.0745087 -0.438825 
