-1.38503 -1.0059 -1.78561 -1.34548 -1.47067 -1.18183 -1.30529 -0.505647 -0.111081 25.2834 76.2815 106.452 130.056 148.231 165.566 174.084 182.331 190.944 199.096 205.002 169.66 153.408 142.678 136.458 132.117 127.707 125.447 124.266 124.254 125.372 126.778 128.647 136.903 140.911 150.703 162.48 197.84 202.161 195.635 185.692 167.148 169.652 151.828 131.969 108.931 79.1945 29.0446 0.993139 -0.0558531 -0.700252 -0.354311 -0.551355 -0.745587 -0.890726 -0.694543 -0.742756 -0.780975 -0.711043 -0.879915 -0.84815 -0.713869 -0.707925 -0.375004 -1.00236 
-2.02145 -1.80119 -1.85613 -1.58495 -1.94594 -2.24802 -1.78673 -0.584499 0.17694 26.3491 75.893 105.486 130.366 149.817 166.666 174.36 183.717 192.447 199.837 204.682 170.091 154.172 143.039 136.166 130.154 128.212 124.989 124.334 124.267 124.789 125.903 128.144 136.119 141.35 150.896 163.197 199.523 203.347 194.416 185.336 165.479 171.376 152.091 132.642 107.787 78.2944 27.629 0.786926 0.187278 -0.581049 -0.817966 -0.90102 -0.936212 -0.836235 -0.519655 -0.604128 -0.602135 -0.390182 -0.830796 -1.00646 -0.598305 -0.594201 -0.398489 -0.571231 
-1.42927 -2.17087 -1.80874 -1.7662 -1.35864 -2.00764 -1.42917 -0.282538 -0.178696 27.3166 77.0843 107.257 130.944 149.793 166.167 171.918 182.235 192.566 199.345 204.84 170.208 154.444 141.869 136.547 131.675 128.031 125.5 125.199 124.538 124.264 126.791 129.123 136.636 141.824 150.666 165.724 198.212 203.316 195.14 186.728 169.099 169.074 150.686 131.814 107.585 77.9494 28.2707 0.994948 -0.0836407 -0.440732 -0.713698 -0.702814 -0.760502 -0.848615 -0.89275 -0.551465 -0.614421 -0.992719 -0.166959 -0.423356 -0.651857 -0.636507 -0.60416 -0.294292 
-2.0523 -2.93381 -1.63077 -1.3926 -1.80233 -1.21177 -0.915983 -0.556596 0.282881 28.0342 78.48 105.385 130.102 149.234 166.654 173.982 184.838 192.694 200.65 205.749 169.722 153.876 143.322 135.643 131.063 129.842 125.812 125.148 124.577 125.646 126.196 129.839 136.394 142.541 149.424 171.293 200.129 204.295 196.115 187.109 170.768 168.042 151.739 132.753 107.671 78.0197 26.4224 1.56762 -0.0232705 -0.614341 -0.653412 -0.779531 -0.626022 -0.833145 -0.481718 -0.573085 -0.532723 -0.601395 -0.896886 -0.754125 -0.792548 -0.896747 -0.887064 -0.965353 
-1.79834 -1.80728 -1.57541 -1.21563 -2.22844 -0.977753 -1.57504 0.190137 1.14308 29.4895 78.4375 108.206 131.771 151.753 165.701 173.257 182.822 192.082 201.007 208.109 170.627 154.17 145.257 137.292 132.166 129.77 126.645 124.896 125.203 126.811 127.146 130.383 137.425 143.903 150.583 168.023 200.16 204.925 195.899 187.519 169.946 168.012 151.635 132.483 107.595 77.5984 27.3805 1.69969 0.556781 0.0277349 -0.377738 -0.575945 -0.688228 -0.761493 -1.1782 -0.329986 -0.411106 -0.214399 -0.224736 -0.269866 -0.752178 -0.795967 -0.796932 -0.532231 
-2.01087 -1.87375 -1.34678 -1.79468 -1.11029 -0.40432 -0.676957 0.303259 1.31815 30.5211 80.8321 109.364 132.93 151.093 166.06 172.869 185.08 193.178 200.819 207.338 169.444 154.799 145.683 137.704 133.112 129.647 127.062 125.327 124.795 127.46 126.878 130.404 137.786 143.137 154.05 169.903 201.074 204.615 196.281 187.993 172.859 168.87 153.066 133.948 109.226 78.5732 26.1292 2.22355 1.05803 0.315187 0.143769 -0.567016 -0.585197 -0.887028 -0.625826 -0.863388 -0.358437 -0.434761 -0.658767 -0.760696 -0.848341 -0.7474 -0.787726 -0.787955 
-2.11264 -1.50733 -1.72341 -1.12372 -1.07358 -0.489713 -0.202428 0.887318 1.70681 25.9949 76.9498 106.75 130.075 150.815 166.319 172.991 185.833 193.762 202.228 210.293 173.472 156.153 145.397 138.404 134.126 130.226 127.924 126.911 127.223 127.95 127.79 131.566 138.686 144.737 152.205 166.361 198.198 205.267 199.786 189.247 172.405 172.742 154.982 135.898 112.022 83.1495 35.5435 2.38674 1.48714 0.578557 0.134233 -0.467656 -0.608947 -0.860879 -0.621999 -0.699297 -0.496694 -0.474597 -0.455184 -0.306984 -0.734183 -0.549822 -0.768583 -0.348337 
-1.86854 -1.73811 -1.75781 -1.0058 -0.587039 -0.333286 0.253995 1.29263 2.14876 26.8496 78.8211 107.188 131.089 149.832 165.571 174.631 186.109 194.143 202.862 213.183 174.358 157.654 146.547 139.623 134.649 130.451 128.144 126.318 126.787 128.557 128.052 131.243 138.445 144.591 152.572 165.466 199.62 206.61 200.245 190.717 169.596 174.864 154.229 136.411 113.373 83.8909 35.8899 3.36049 2.32338 0.686193 0.742425 -0.213441 -0.742381 -0.427809 -0.207245 -0.875457 -0.688207 -0.53393 -0.617228 -0.361566 -1.08636 -0.727753 -0.46793 -0.409004 
-1.55258 -1.72452 -1.3311 -1.73422 -1.05536 -0.382165 0.616646 1.3298 3.61234 34.2656 80.601 108.675 132.181 149.692 166.784 172.884 184.932 194.144 203.252 214.572 175.481 158.875 147.788 140.615 135.095 131.872 128.999 128.71 128.335 127.989 128.579 131.971 140.167 145.349 153.665 166.06 201.208 207.128 199.659 190.752 175.926 172.078 155.23 136.395 113.287 85.6534 34.4532 2.94229 2.84864 1.41908 0.987787 -0.258077 -0.306582 -0.57231 -1.28288 -0.78733 -1.00313 -0.823984 -0.907009 -1.04093 -1.0029 -1.21943 -1.01006 -0.75147 
-1.80723 -1.8432 -1.48877 -1.57302 -0.657964 -0.850377 3.56366 9.78214 46.7918 81.7276 105.546 127.842 146.47 162.734 175.555 181.655 192.925 203.654 210.195 220.34 180.888 164.754 153.117 144.979 140.058 135.358 132.86 131.64 130.208 131.369 132.682 134.773 142.702 148.324 157.317 170.317 206.305 210.364 204.008 196.371 183.078 176.399 162.201 145.61 123.058 98.9389 64.8541 25.1773 1.10519 0.974182 0.682248 0.934731 -0.0847635 -0.662821 -0.641785 -0.92201 -1.12079 -1.02329 -0.592028 -0.490768 -0.440065 -0.866102 -0.964224 -0.720352 
-1.82722 -1.37135 -1.76612 -1.38921 -0.716492 16.7861 40.5781 59.1594 92.6443 114.747 134.465 151.583 166.267 179.144 189.268 199.269 207.156 212.953 219.718 227.266 186.576 170.6 161.218 150.301 146.728 142.648 139.547 139.895 139.176 138.827 141.003 142.873 151.56 158.897 166.962 181.198 217.533 223.276 217.761 209.047 200.61 193.725 180.557 165.733 147.995 128.098 104.238 77.0587 35.7493 20.8921 3.93664 0.317112 0.222362 -0.324929 -0.710795 -0.527395 -0.6626 -1.01665 -0.608309 -0.860572 -0.450186 -0.768191 -0.857199 -0.647546 
-1.36361 -1.89928 -1.51855 -1.33425 13.3545 32.6543 64.1471 91.7662 110.661 129.251 148.751 165.223 181.365 191.767 204.038 213.211 219.258 229.547 234.485 244.384 201.006 183.275 170.896 164.192 157.565 152.456 149.503 148.582 147.312 147.386 150.283 153.949 163.444 169.246 178.739 194.279 231.187 238.27 230.71 224.386 215.701 209.434 197.417 182.446 166.339 147.212 128.971 112.102 94.1858 74.6864 36.1568 -1.25551 -0.326799 -0.826082 -0.519684 -0.741081 -0.963913 -0.606356 -1.08397 -0.839139 -1.02704 -1.01155 -0.761215 -0.984036 
-2.27026 -1.97746 0.225135 9.00031 23.8485 38.2213 78.7739 103.981 123.983 143.487 160.291 175.949 189.755 202.053 211.334 220.55 227.664 234.648 240.404 245.931 203.63 187.112 175.843 167.615 159.41 152.758 146.454 146.132 152.953 155.399 157.148 160.09 168.526 174.945 186.377 201.572 239.206 246.685 241.581 235.005 227.319 216.881 206.335 193.365 179.124 160.716 145.037 126.76 105.832 90.0115 68.3076 5.37246 -0.287981 -0.0111577 -0.615158 -1.0119 -0.896102 -0.979781 -0.805209 -0.65455 -0.263285 -0.653388 -0.872527 -0.640644 
-0.460314 3.67959 9.04328 15.869 22.6421 42.7391 76.2664 104.508 127.903 149.811 166.76 183.748 196.524 206.445 218.146 226.48 236.78 239.789 243.641 251.161 206.422 188.741 177.256 169.482 156.757 143.396 140.589 139.552 142.216 154.59 156.763 161.491 172.243 179.332 190.937 208.148 245.373 252.923 246.81 240.337 230.998 221.987 208.937 195.586 182.482 163.005 145.394 128.34 103.908 93.6431 74.4916 20.5325 -0.962064 -0.470744 -0.536765 -0.48752 -0.428161 -0.487164 -1.19433 -0.92132 -0.766959 -0.828029 -0.741256 -0.758724 
0.818114 1.6697 4.37133 6.63813 10.2658 19.0117 34.4968 50.9292 68.5211 106.366 130.764 147.654 166.709 183.08 197.07 208.8 217.455 223.251 230.207 232.931 193.561 180.005 162.123 144.657 136.495 130.817 129.151 128.184 129.06 133.93 144.404 153.705 160.198 167.385 175.168 190.125 229.006 236.558 229.727 223.934 215.416 201.549 193.469 180.687 165.705 152.34 140.003 126.224 104.103 91.0309 75.2317 20.2063 3.83143 -0.636626 -0.251895 -0.934988 -0.614157 -0.606563 -1.00123 -1.0067 -0.880458 -0.225879 -1.11147 -0.690678 
-0.475373 -0.45254 -0.211025 0.446572 0.442517 1.07715 0.760621 1.39726 0.791397 18.5676 72.3768 108.781 137.579 158.459 175.391 190.389 201.175 210.02 215.22 219.789 178.468 152.574 138.482 129.124 123.5 120.216 118.439 118.223 118.815 119.885 124.345 131.36 149.731 155.926 165.883 180.239 215.606 219.844 213.698 202.363 189.687 175.988 162.692 142.318 118.98 88.9717 45.7669 26.0934 20.8341 24.4821 22.9024 8.60168 6.84087 2.37064 -0.559912 -0.981847 -0.315698 -1.30439 -0.646145 -1.0413 -0.885031 -1.12254 -0.545747 -0.894946 
-1.32874 -0.71786 -1.22198 -0.12311 -0.634481 0.0428926 0.302645 1.19656 2.06216 6.82918 56.6403 93.3805 119.59 139.37 156.051 169.641 179.646 190.234 196.119 186.644 142.657 126.126 116.167 109.337 105.487 103.133 100.701 100.968 100.612 100.58 102.352 104.53 113.857 128.049 144.832 157.76 192.217 195.776 186.88 177.423 165.256 150.139 130.91 106.107 74.465 33.8703 4.46562 4.00181 3.24888 3.09843 3.0776 2.8176 8.34331 11.255 -0.726775 -0.478707 -0.443518 -0.588128 -1.17606 -0.747542 -0.488749 -0.860378 -0.46888 -0.538315 
-1.17851 -1.27044 -0.692888 -0.677115 -0.321308 -0.457604 0.121531 0.707132 1.50528 5.51802 56.8773 91.9452 118.01 138.349 155.268 167.155 176.849 184.456 172.456 169.774 133.953 119.083 110.297 104.473 101.079 97.5975 95.7719 95.901 95.1587 94.9762 97.9363 99.2123 106.397 113.342 127.7 154.975 189.965 192.89 184.466 173.868 162.551 146.711 126.831 101.367 72.5774 25.6553 3.86094 2.94032 2.36566 1.77832 2.07139 2.21969 11.408 -2.08223 -0.0953316 -0.567809 -0.724919 -0.331887 -0.73873 -0.141571 -0.383886 -0.509921 -0.593561 -0.899609 
-1.34512 -1.16574 -0.885823 -0.541175 -0.870137 -0.386797 -0.267091 0.568019 1.31388 3.15332 54.6436 90.7799 116.662 137.434 153.682 165.261 176.503 164.03 158.971 161.976 129.368 115.593 109.07 102.55 98.1434 94.4719 93.1378 92.128 91.8267 92.2747 94.4387 96.8423 103.309 109.859 119.683 137.632 188.332 191.473 184.532 171.965 159.397 145.117 124.273 99.2864 69.5754 21.2781 3.05629 2.48047 1.77629 1.52651 1.72398 1.48846 9.45203 -0.562954 -0.315175 -0.603079 -0.52749 -0.752846 -0.784149 -0.833175 -0.457785 -0.888679 -0.436854 -0.500926 
-0.233112 -0.598331 -0.33485 -0.758079 -0.492106 -0.493802 -0.351218 0.0264032 1.10495 2.64117 51.6809 88.6679 114.834 136.617 152.077 163.447 168.521 151.283 149.31 157.789 125.919 113.117 106.888 101.427 96.0752 93.0359 92.4001 90.8509 90.6351 90.5794 91.5311 94.79 101.984 105.997 115.665 130.622 179.363 192.173 182.897 171.8 157.161 142.557 121.864 96.7034 66.9364 17.3468 2.44282 1.96007 0.945268 1.93375 1.61621 0.400487 9.90984 -0.120452 -0.389303 -0.462753 -0.766616 -1.11879 -0.463401 -0.90872 -1.16672 -1.04695 -0.73263 -1.19912 
-1.03735 -0.259899 -0.738681 -0.569633 -0.384188 -1.42322 -0.791442 -0.382901 0.372368 1.88387 49.8946 89.3672 112.989 134.731 151.756 161.99 161.562 144.917 141.948 154.489 124.725 112.731 105.136 99.656 95.4477 92.7818 91.032 89.6814 89.0176 89.3118 90.5632 93.8408 99.7163 104.833 113.299 127.607 167.974 184.46 182.279 170.212 156.04 141.725 120.983 95.3519 64.6467 13.8311 2.56715 1.00269 0.172861 1.03193 1.54204 8.11029 3.08485 1.08407 -1.15016 -0.62233 -0.82103 -0.457305 -0.930726 -0.917138 -0.65346 -0.498933 -0.56334 -0.731737 
-0.686756 -0.557149 -0.850699 -0.845038 -0.452242 -0.796434 -0.581268 0.348803 0.539589 2.64633 50.5377 88.0628 113.526 134.728 150.719 161.609 156.122 140.067 138.222 153.94 123.45 112.526 104.654 98.839 94.9981 91.6888 89.8578 89.553 88.3511 89.1028 90.629 92.8921 99.9205 104.087 112.357 126.902 166.674 179.607 181.253 168.386 154.908 139.707 119.638 93.9926 63.057 11.7603 2.72015 0.8117 0.738187 1.60134 1.29156 11.0624 0.974259 1.99647 -0.373213 0.059046 -0.54764 -0.84696 -0.456364 -0.971428 -0.706085 -1.09859 -0.968138 -0.602985 
0.0969199 -0.0149462 0.151768 0.284169 -0.225019 -0.16581 -0.587219 0.000702172 0.53514 3.4612 50.4274 87.8464 113.083 132.822 150.242 162.12 154.484 136.998 133.559 153.064 123.113 112.26 103.298 98.8525 94.9322 92.0343 90.111 89.495 88.474 89.645 91.519 93.4117 99.3647 105.056 113.392 125.419 166.203 178.232 179.526 167.41 154.461 140.18 118.335 92.7049 61.8697 10.5647 1.74898 0.299571 0.992558 1.48509 2.00221 10.6634 1.78436 1.80453 1.14951 -0.0398875 -0.611079 -0.737918 -0.771344 -0.352996 -1.00837 -0.427441 -0.378426 -0.717895 
-0.0982974 0.390724 0.126973 -0.461902 0.200497 -0.16391 0.00927523 0.438856 1.07904 0.596172 48.7842 84.8174 111.259 131.372 148.948 162.011 157.325 137.856 131.872 153.498 123.333 111.962 105.323 99.1556 94.9415 92.7976 90.8742 89.9765 89.7949 90.1914 91.0521 93.114 99.1713 103.883 112.465 124.204 163.346 178.683 179.558 167.308 154.379 140.281 119.037 93.6201 63.2768 13.8262 1.44508 0.82808 0.745689 1.4206 2.37684 9.83177 2.16523 1.45075 1.84026 0.390705 -0.0985311 -0.507948 -0.444307 -0.898428 -0.730467 -1.15996 -0.71366 -0.159203 
0.518873 0.694966 0.402714 -0.0556748 0.354332 0.234311 0.320705 -0.0741556 1.16443 -0.618357 47.6287 83.6612 110.108 131.62 148.862 162.047 162.917 139.023 130.475 154.607 125.858 113.1 106.027 99.063 95.7732 94.4941 91.951 90.7373 89.3856 90.8755 91.319 93.3932 99.3864 105.623 113.315 124.017 162.213 182.113 179.509 168.953 154.515 140.102 119.821 93.7289 63.15 12.2606 1.94736 1.05406 0.904498 1.70596 1.80518 9.53036 1.59142 1.3989 1.37166 1.51028 0.460232 -0.685249 -1.16185 -0.973967 -0.887994 -0.817879 -0.690737 -1.02382 
-0.0799276 0.0612854 0.117639 -0.736516 -0.160543 -0.539115 0.0603926 0.13034 1.51211 -1.47803 49.5261 83.3296 110.195 131.912 150.528 162.185 168.485 141.061 130.49 156.072 126.123 115.19 105.829 101.112 96.902 94.5477 92.6477 92.2012 90.7343 90.6084 92.3829 94.1621 101.415 106.043 113.919 127.039 164.209 185.595 179.384 167.862 154.737 138.997 117.782 92.5244 60.4224 12.4183 1.33445 0.932684 1.02267 1.34962 0.192413 9.42465 1.8816 0.925378 0.766428 1.53753 1.18508 -0.552584 -0.205163 -0.946009 -1.16333 -0.27833 -1.11302 -0.781858 
-0.285172 0.325784 0.280385 0.146778 -0.195928 -0.631732 -0.185829 0.30655 0.95078 -0.366299 50.2036 84.1423 110.209 131.503 149.15 161.833 172.126 143.166 131.568 157.99 127.935 114.757 106.627 100.892 97.461 93.9761 92.702 91.4163 91.6201 91.7301 92.4679 94.6037 101.539 106.843 115.521 130.837 173.139 188.182 178.648 167.449 154.321 138.603 116.533 91.3486 60.1615 11.3372 1.65657 1.02652 1.14361 1.20761 4.86842 4.94029 1.33718 1.23252 0.969971 1.36717 0.906597 1.0943 -0.328321 -0.302072 -0.808488 -0.613745 -0.763336 -0.914324 
-0.148676 -0.744076 -0.0113609 0.212325 -0.186714 -0.609218 -0.230213 0.317184 0.942879 -0.060918 50.5705 84.9968 110.984 132.3 148.892 161.257 174.749 150.925 137.503 159.486 128.447 116.393 107.961 102.232 98.5606 94.9509 94.0441 91.944 91.5477 92.7603 94.2494 95.8849 102.92 109.193 116.958 132.64 183.608 186.187 179.183 166.985 153.31 137.505 116.608 90.481 60.3937 7.97003 1.77747 0.624392 1.19595 1.63112 6.44657 0.741859 0.838504 0.285596 1.10437 0.424897 0.74191 0.646715 0.745182 -0.910226 -0.960516 -0.890423 -0.563797 -0.493255 
-0.26891 -0.220593 -0.450894 -0.10478 -0.35335 -0.144777 -0.519556 0.724554 0.775186 0.912259 51.31 84.5477 111.413 131.83 147.837 162.41 173.021 165.658 144.433 161.87 130.511 117.893 107.272 104.452 99.062 96.2634 94.9691 93.2743 93.2695 94.0382 94.4921 97.6544 104.743 111.824 122.458 140.901 191.806 187.114 178.55 166.646 153.238 137.767 116.152 89.8362 60.422 5.87747 1.8554 0.637168 0.329003 1.14134 4.77991 0.922871 1.61879 1.22932 0.079102 1.26806 1.30631 0.755289 0.792489 0.145879 -0.31742 -0.595456 -0.696997 -0.885188 
-0.843635 -0.121362 -0.0570019 -0.422811 -0.285425 -0.416968 -0.355455 -0.0742349 0.784534 0.862767 51.3625 84.3268 110.478 132.287 149.415 163.048 172.858 177.619 153.115 166.337 133.124 119.309 110.593 104.808 101.262 97.993 96.6689 95.444 95.4941 96.2625 96.5826 101.012 107.774 117.485 128.252 154.047 191.961 187.195 177.736 165.957 153.179 135.994 115.048 88.2322 59.2167 4.53355 1.06548 0.506613 0.83899 1.26949 4.15076 0.952956 0.929927 1.04215 1.28945 0.663308 0.76427 1.36043 0.832984 1.20074 -0.79026 -0.689844 -0.381342 -0.517963 
-0.75531 -0.180136 -0.276476 -0.616666 -0.703517 -0.629373 -0.441257 -0.445191 0.0959204 1.91507 52.0053 85.5531 111.72 132.707 151.045 163.249 173.347 184.879 172.024 172.821 137.915 123.063 113.55 108.78 103.6 100.591 99.3006 97.8841 97.1967 98.8562 100.882 104.481 115.549 125.105 138.959 155.387 193.387 187.002 177.411 166.52 152.917 135.831 114.163 87.9484 59.2905 3.57662 1.14417 1.12294 0.94144 1.35318 3.26513 1.49859 0.303222 0.44194 1.0082 0.688594 0.430199 0.282597 0.557177 0.391094 -0.16458 -1.17795 -0.575903 -0.893064 
-0.534627 -0.252278 -1.53334 -0.0299525 -0.410132 -0.638736 -0.629749 -0.0129729 0.656242 2.94662 52.6974 86.2405 111.608 132.806 150.145 163.138 173.692 182.935 191.24 188.267 146.491 129.621 118.735 113.655 109.286 105.539 104.629 102.693 103.054 104.483 109.098 113.515 124.909 130.948 140.563 155.9 193.32 185.669 176.314 165.251 151.047 134.985 114.071 87.189 57.5873 2.79945 1.56874 0.665455 1.03576 2.62815 3.75206 1.08819 0.370172 0.0559056 -0.167174 0.829871 -0.461791 -0.0885139 0.17833 0.388085 0.000400859 -1.01837 -1.05053 -0.578022 
2.44842 3.32417 2.84414 1.97298 2.5608 1.34283 2.15206 2.58534 3.49925 7.72957 55.9014 90.8566 116.11 137.374 155.22 167.898 179.593 187.645 195.021 199.619 162.678 146.595 135.084 129.827 125.25 121.551 118.124 115.749 116.887 116.81 117.733 121.044 121.84 128.519 138.283 153.367 192.672 181.419 172.748 161.775 148.767 131.334 110.096 83.2462 53.6767 0.657362 0.595152 -0.698198 0.169012 1.67325 0.72325 -0.270824 -0.273292 -0.482435 -0.174796 -1.05079 -0.953597 -0.853806 -0.871555 -0.987463 -0.218479 -1.28744 -1.37474 -1.30939 
3.30602 2.85537 3.01765 2.63863 2.40865 2.30135 2.70681 3.16385 3.98463 9.04392 58.0565 91.1192 118.738 138.492 155.257 169.467 180.284 189.886 197.058 200.806 162.32 146.094 136.707 129.893 124.14 121.348 118.081 118.042 115.785 118.571 119.076 121.455 121.625 128.562 138.494 153.763 192.919 182.222 172.81 161.71 147.389 131.605 109.452 83.0628 53.0335 -0.65945 0.792598 -0.435691 0.169898 1.41596 0.010232 -0.523326 -0.897836 -0.299187 -0.574221 -0.59292 -0.338793 -0.932798 -0.991947 -0.50362 -0.334654 -1.60732 -1.53811 -2.03123 
2.83871 3.72304 2.30102 2.53936 2.57626 2.7777 3.19852 3.16378 4.00316 10.7682 59.1405 92.5289 119.168 140.014 156.545 171.182 180.924 190.646 197.449 201.501 163.549 147.536 137.113 129.581 125.61 121.184 118.556 117.204 116.5 118.275 118.737 121.397 121.733 129.941 139.668 155.138 193.42 182.563 172.872 161.541 148.169 131.619 109.661 82.4042 52.864 -1.71408 0.54038 -0.359119 -0.704683 1.22244 -0.409283 -0.0787408 -0.729163 0.124125 0.0835386 -0.765279 -0.984012 -0.392982 -0.549419 -0.518865 -1.10305 -1.31934 -1.72112 -1.39467 
3.0863 2.85912 3.05833 2.98263 2.26268 3.06497 2.70467 2.35302 3.93729 10.2113 59.3318 93.6603 118.92 139.575 157.083 171.302 180.069 190.832 198.254 199.349 162.937 147.83 135.912 130.46 125.079 120.929 120.176 117.199 117.532 118.634 118.352 121.21 123.285 129.894 140.882 155.735 194.695 182.198 172.622 162.358 149.341 130.643 108.377 81.338 52.7847 -2.33047 0.548875 -0.97843 0.537229 0.336417 -0.76341 -0.895616 -0.752876 -0.853355 0.197514 -0.935306 -0.851121 -1.35027 -1.70311 -1.31752 -1.10141 -1.17382 -2.67191 -1.23427 
2.9732 2.85523 2.52703 1.91713 1.96333 2.61454 2.77563 3.42927 4.00449 11.4904 60.3083 94.9789 120.483 139.959 157.658 170.374 180.214 191.626 197.96 198.459 162.963 146.981 136.918 129.793 124.337 121.11 119.468 117.494 117.586 118.932 119.897 122.214 122.8 129.869 140.162 156.192 197.596 182.435 173.637 161.567 148.218 130.388 108.888 81.0744 52.3542 -2.97977 0.532633 -0.0804844 0.0666403 0.536015 -0.130817 -0.509896 -0.809471 -0.346738 -1.54482 1.40504 -0.603767 -1.05486 -0.457395 -0.804956 -1.22536 -1.61402 -1.86115 -1.85051 
3.00502 3.17456 2.61142 2.72932 2.00416 3.66141 -4.44493 3.92698 3.53545 12.416 61.6516 95.9942 120.575 141.823 157.867 169.772 180.825 191.364 197.712 199.221 162.492 147.052 136.413 129.973 124.933 121.551 120.588 118.316 117.666 118.089 120.561 122.18 122.747 129.867 141.097 158.215 204.816 183.521 173.091 160.783 147.923 129.539 108.02 79.6114 52.1922 -2.93878 0.334173 0.0740442 -0.5833 -0.547609 -0.206166 -0.375413 -0.450076 -0.743454 -0.516221 1.19297 -1.53259 -1.01696 -1.30278 -1.32793 -1.12393 -2.00841 -2.2162 -1.80965 
3.36841 1.33237 2.56009 2.7244 2.26606 2.23632 -6.85104 4.10409 3.83422 13.8071 63.9079 96.5635 122.339 141.977 157.973 171.343 182.181 191.702 198.24 198.649 161.692 146.382 136.721 130.872 125.016 121.98 120.106 118.495 117.072 118.052 119.612 122.115 123.236 129.703 141.397 160.797 192.138 182.223 172.059 160.847 146.726 129.576 106.852 79.5089 49.3137 -2.11291 -0.251104 -0.6079 -0.305189 -0.630685 -0.893019 0.280461 -0.998677 -0.933098 -0.905125 1.44373 0.357607 -0.621914 -0.780616 -0.842305 -1.34809 -2.59054 -1.58402 -1.53117 
2.55907 2.88372 3.02839 2.92059 2.30383 2.58424 2.38961 2.96631 4.4718 14.8315 63.7667 97.962 123.706 143.372 159.723 170.744 185.297 191.978 200.731 198.32 162.136 147.178 138.493 130.168 124.962 122.222 120.991 119.532 118.028 118.196 121.151 123.265 124.922 131.518 141.003 164.246 192.618 182.41 172.722 161.662 146.421 130.574 107.167 79.6833 48.1971 -1.25946 0.197831 -0.807576 -1.0015 -0.745047 -1.25437 -0.29581 0.659714 -0.208149 -0.671197 0.686491 0.631339 -1.01422 -0.513239 -1.34104 -1.58467 -1.74493 -1.7392 -1.11062 
3.35742 2.71677 2.95538 2.7902 2.99262 2.46371 3.35484 3.74638 4.7869 13.9108 64.3825 98.5683 123.889 142.997 159.496 170.551 184.46 192.245 198.635 198.919 161.976 147.126 137.05 130.565 126.357 122.584 121.08 120.112 119.568 118.605 120.343 123.311 124.11 131.24 142.461 162.783 194.363 182.974 173.847 161.56 148.207 132.029 108.663 81.5822 50.5351 0.35165 0.939486 0.327936 -0.183628 -0.696108 -0.309518 -0.370157 0.259732 -0.7792 -0.76375 -0.513634 3.23859 -0.508662 -0.242822 -0.495092 -1.79731 -1.66072 -1.94333 -1.47044 
3.93329 3.3245 2.80525 3.05618 3.69571 3.04744 4.36767 5.31252 4.69139 12.8437 61.4197 96.6645 120.945 142.864 158.62 170.698 182.686 191.258 199.785 200.15 162.603 148.616 138.587 131.743 126.714 123.19 120.596 119.563 118.349 119.419 120.27 123.254 124.08 130.376 141.427 159.117 197.699 183.859 174.759 162.576 150.477 133.543 110.838 83.797 52.2395 1.94868 1.61694 -0.518736 0.381991 -0.31485 0.053346 -0.240638 -0.469198 0.577679 -0.68447 -1.10659 6.95711 -0.777149 -0.942549 -1.64342 -1.86271 -1.31881 -1.65491 -1.57741 
2.71183 2.90278 3.63146 3.7115 3.47039 3.63068 3.46239 5.23305 5.65056 12.7841 63.907 97.1514 122.434 143.65 161.23 171.031 182.287 193.002 200.062 199.597 161.467 146.853 137.677 132.085 126.542 123.678 121.586 120.685 120.931 119.346 121.751 123.473 124.612 130.488 143.114 157.396 198.031 184.439 174.017 164.008 149.263 133.393 111.874 84.891 52.1489 2.00152 2.18126 0.527934 0.304723 0.0427303 -0.457283 -0.661305 -0.422076 -0.221788 0.865639 -0.146467 9.08464 -1.56521 -1.88051 -2.48752 -2.08314 -1.84101 -1.81211 -1.87265 
3.87393 3.01954 3.15622 3.57356 4.07745 4.4219 4.8775 5.75004 6.81685 15.9668 67.1476 99.5549 123.607 144.718 160.053 173.774 184.027 193.441 200.536 198.048 160.817 147.669 137.999 131.949 127.045 123.641 122.698 119.587 119.775 118.764 121.349 125.099 125.098 131.379 142.894 157.653 197.962 185.557 174.933 164.199 150.808 132.845 112.208 85.5409 53.5751 2.29117 2.43195 0.984326 0.308121 0.863743 -0.221891 -0.0941571 0.129637 -0.415434 0.389896 0.217455 12.2986 7.23189 -2.08574 -1.94416 -1.37852 -1.65859 -2.27081 -2.47474 
4.34447 4.3728 3.36445 4.4787 3.71275 5.09861 5.83778 5.77357 6.76404 47.0017 86.836 114.042 136.029 153.857 167.035 179.519 187.739 196.262 206.453 198.55 163.231 149.636 138.858 134.122 128.772 124.557 122.502 121.325 120.788 121.23 122.775 124.331 125.657 132.385 142.535 159.835 198.997 185.994 175.134 163.863 149.039 132.79 112.806 85.165 53.7313 2.64757 3.24752 2.16544 1.38241 0.724256 0.101545 0.17881 0.245102 1.02559 2.39758 4.80699 5.48995 4.72596 -2.13861 -1.65112 -1.59253 -1.92425 -1.56508 -1.56286 
11.4681 14.6136 14.1599 16.1176 17.8889 17.1979 17.1328 19.9756 55.4228 93.8347 123.695 150.923 171.18 190.006 198.308 209.876 220.339 228.705 237.713 228.97 190.023 174.767 165.273 160.773 157.164 153.438 149.151 148.292 147.649 146.107 146.228 149.359 148.867 156.008 167.675 183.688 221.109 207.776 197.804 184.453 170.397 157.056 131.389 101.604 67.0584 13.0086 2.89019 2.80611 2.87482 2.01943 2.16788 3.06032 5.31728 7.23988 7.60831 7.10483 0.799527 -1.60335 -1.29282 -1.82651 -1.68305 -1.33814 -2.46243 -1.81788 
12.4424 14.9887 18.5382 20.6463 24.1112 26.8535 26.5822 72.3719 111.641 138.035 159.237 179.218 197.2 209.925 221.777 231.051 239.816 247.129 254.855 245.245 205.478 192.022 180.514 174.083 169.801 165.774 162.314 163.733 160.172 162.853 164.243 167.496 169.54 176.768 188.111 206.548 245.433 233.53 225.925 216.116 207.95 195.297 182.353 166.084 144.143 115.847 76.42 42.3855 17.1837 13.4342 13.4523 12.3158 11.0474 8.83735 6.3742 -0.739252 -1.20903 -1.48345 -1.10889 -1.59632 -1.27369 -2.08923 -2.19418 -2.28769 
2.14281 5.05432 10.5765 14.7435 22.6909 29.8948 49.9458 94.7609 124.362 147.974 171.326 188.163 204.321 216.737 229.358 240.791 247.276 253.981 259.582 250.861 210.382 196.254 186.031 178.517 172.892 170.023 167.364 168.013 165.101 167.194 168.819 171.966 173.027 181.243 193.39 217.674 249.376 240.284 234.458 223.566 214.222 204.061 187.761 171.955 151.053 126.627 110.019 95.6461 65.9513 19.033 16.4463 11.9956 8.70885 2.87925 -1.7328 -1.32477 -1.55763 -1.47779 -1.24227 -1.51084 -1.93433 -1.7251 -1.85892 -2.02989 
2.05673 1.47738 0.613292 5.96207 16.3645 28.3655 65.6411 99.7663 129.302 150.996 172.099 191.081 204.256 218.468 230.247 239.163 246.153 253.147 258.626 245.425 210.404 194.175 182.287 175.371 170.046 167.384 165.04 165.144 163.495 165.429 167.022 170.825 174.115 181.775 193.537 222.349 247.815 244.009 234.74 226.923 219.062 207.283 192.877 177.626 161.14 139.838 113.839 104.997 86.7123 32.7836 13.5415 5.26087 0.00395925 -1.25207 -0.993677 -1.89786 -1.72344 -1.84539 -1.5688 -1.81923 -1.30256 -1.77445 -2.03525 -1.88995 
1.41227 0.816593 1.38424 1.8589 3.58377 25.7515 58.2443 90.8994 116.91 140.781 165.025 184.791 197.623 211.941 222.373 232.338 239.985 245.526 251.182 242.004 202.873 186.76 177.178 169.957 164.512 160.494 158.26 159.076 159.595 160.337 162.392 164.972 167.924 176.432 189.891 219.032 242.889 237.282 229.817 223.666 213.579 202.635 189.593 174.615 159.889 143.645 117.814 108.795 92.8988 38.8287 2.53788 -1.4625 -1.25872 -1.26533 -0.717833 -2.01507 -1.2693 -1.49125 -1.44948 -1.74109 -1.40468 -2.08461 -1.63669 -1.59954 
1.78782 1.42918 1.17497 0.601368 2.91924 12.1727 40.0648 63.0108 95.4044 120.715 146.15 167.217 184.396 197.796 208.932 218.658 226.461 235.881 240.53 233.22 193.334 177.879 169.299 160.247 157.212 152.343 151.826 150.254 150.496 152.495 156.815 158.273 160.455 168.722 182.211 213.163 232.11 228.079 221.296 214.04 204.373 193.355 180.123 165.527 149.817 133.812 119.646 106.983 88.0401 32.0782 -0.549505 -0.516182 -1.51544 -1.43901 -1.39635 -1.64355 -2.19832 -1.53352 -1.82634 -1.66306 -1.67033 -1.3388 -1.50713 -1.45299 
0.912693 1.43909 0.561848 1.70332 2.33155 2.5285 2.54571 13.9539 48.6139 91.3734 118.696 143.091 161.091 177.338 194.143 199.308 211.19 219.177 227.573 218.702 180.377 167.316 159.697 150.545 145.444 142.704 141.699 141.672 141.139 143.036 145.569 149.4 152.652 160.261 174.824 206.096 223.281 216.493 210.006 202.604 192.897 179.623 168.025 151.369 136.079 119.947 104.743 89.9933 66.1348 11.2621 -0.669135 -0.828402 -1.1002 -1.32268 -1.43034 -2.17974 -1.79149 -1.70564 -1.39679 -1.83865 -2.00233 -1.71897 -1.3169 -1.48934 
0.770527 2.00614 1.14352 0.881433 1.66249 2.52493 3.54113 3.85846 6.67419 66.6818 99.647 127.079 147.442 166.602 185.379 182.819 198.294 208.507 216.885 206.571 171.689 159.156 150.21 142.605 139.358 136.866 134.574 133.459 133.792 134.675 137.962 140.857 142.674 150.231 163.295 194.812 211.013 206.352 196.295 183.987 178.183 162.629 148.034 131.184 111.439 97.8577 77.6874 49.6093 13.1259 0.875985 -0.658883 -0.969963 -0.837313 -1.13727 -2.05412 -1.26471 -1.36468 -1.995 -1.37837 -1.07671 -1.35221 -1.79533 -1.80288 -1.61756 
0.307562 1.12223 2.36542 1.41816 1.97289 2.47045 2.93128 3.46825 6.38124 67.2924 99.2351 128.79 148.371 167.52 185.501 182.119 199.616 208.158 216.906 206.129 172.25 156.513 148.226 140.917 138.435 134.47 134.216 132.849 135.168 133.742 136.548 140.349 142.714 150.528 161.777 193.008 207.276 202.593 194.418 179.932 172.71 158.079 139.05 116.319 88.8534 47.5323 3.98906 -0.529597 0.418586 -0.421404 -0.920673 -0.915986 -1.44261 -1.5743 -1.72702 -1.4694 -1.47234 -1.21082 -1.56434 -1.79871 -1.64095 -1.54729 -1.8376 -1.47788 
1.76579 0.739649 1.21588 1.35981 1.06215 2.35558 2.64097 3.56439 7.08576 65.5575 98.8288 125.93 148.093 166.52 182.588 183.621 198.779 206.719 214.175 200.042 170.534 156.069 147.667 140.987 136.895 133.818 131.71 132.177 132.413 134.839 135.334 138.285 141.38 148.433 159.931 191.752 205.672 201.742 190.538 176.975 171.119 155.803 136.889 115.153 87.194 45.1168 0.909821 1.37105 0.141721 0.0188308 -0.666727 -1.44092 -1.9748 -1.43913 -1.70889 -2.02764 -1.84578 -1.3188 -1.42015 -1.53459 -1.81859 -1.98088 -1.48509 -1.17847 
2.16454 1.77399 0.472491 0.531799 1.18077 1.42546 2.44283 3.41932 8.53823 66.6404 100.05 127.365 148.892 165.36 181.634 184.805 196.501 206.226 215.819 199.142 170.016 156.947 146.526 141.401 135.875 133.353 130.866 131.252 131.97 133.854 135.422 139.092 142.37 148.05 160.432 191.64 205.371 199.554 191.236 176.904 171.599 156.817 137.36 113.285 86.7412 43.3778 0.130839 0.466671 -0.549934 -1.06463 -0.999882 -0.964999 -1.53237 -1.68422 -1.61806 -1.63121 -1.53774 -2.00444 -1.94622 -1.98023 -1.94506 -1.62542 -1.87872 -1.80353 
2.05575 1.51211 1.32459 0.618137 1.18512 1.54345 1.5378 3.76019 8.89025 66.5564 100.835 129.252 149.312 167.199 180.734 185.196 201.625 205.574 213.806 196.635 168.771 154.823 146.665 139.4 136.264 133.431 130.719 130.801 131.389 133.272 134.819 137.699 141.152 149.234 160.936 192.919 205.285 199.209 189.553 176.572 170.819 155.349 135.499 113.465 85.8309 42.9704 -0.0154491 0.56899 -0.403647 -0.825224 -0.835054 -1.67194 -1.55442 -1.83753 -1.49407 -1.24432 -1.91192 -1.66659 -1.64293 -2.24523 -1.72799 -1.68003 -2.00523 -1.7492 
0.727502 0.883088 1.20746 1.92445 1.29286 1.27334 1.61947 2.61997 10.5384 67.2042 99.7451 127.241 148.641 165.956 179.83 184.668 197.202 205.473 211.71 195.732 167.731 153.841 145.617 139.194 135.413 132.692 131.34 129.373 130.54 131.982 133.548 136.814 138.898 146.3 159.331 189.851 206.707 199.362 189.786 177.143 168.915 155.054 136.689 115.134 85.7648 43.6536 -1.25167 -0.237916 -1.41838 -1.07622 -1.86183 -1.02778 -1.12132 -1.75778 -1.6854 -1.74621 -1.40075 -1.51807 -1.76362 -1.8426 -1.74063 -2.45891 -2.02428 -1.26082 
1.04132 0.855916 1.12964 1.2081 0.473643 1.26889 2.09595 3.07192 6.23733 64.1626 97.1045 125.719 148.915 166.122 181.343 181.3 194.693 205.306 211.747 195.952 167.425 155.24 145.853 139.593 135.221 132.269 130.709 130.101 130.038 130.734 134.814 136.688 139.187 145.159 157.32 186.196 205.429 198.732 189.894 179.495 166.097 156.314 138.275 115.499 87.5685 51.1371 -2.38075 -0.078586 -1.27973 -1.79441 -0.960201 -1.79821 -1.05439 -1.13841 -1.30024 -1.4863 -1.55597 -1.22224 -1.77246 -1.6033 -1.71368 -1.42298 -1.47548 -1.57023 
1.48225 0.99702 0.73037 0.318227 0.935969 2.348 2.23247 2.79634 10.0013 65.5986 98.9163 125.409 146.912 164.848 179.187 184.272 195.67 206.516 211.82 195.879 167.56 154.642 144.74 138.826 135.053 132.826 131.002 129.694 129.724 131.915 133.708 136.07 138.753 146.708 157.769 185.88 205.815 200.818 190.882 178.443 168.107 156.859 137.584 114.906 86.5629 48.0676 -2.65718 -0.624072 -1.49984 -1.545 -1.81451 -1.58748 -1.19878 -2.0027 -1.40194 -1.75613 -1.50085 -1.73895 -1.47714 -1.37179 -1.73426 -1.33343 -1.50671 -2.08414 
1.36982 0.950928 1.05995 0.478712 0.843411 1.84915 2.20227 1.91141 8.84902 66.746 100.474 127.07 149.46 166.735 179.089 185.65 198.227 204.64 213.884 191.362 168.1 154.659 144.827 139.234 134.164 131.716 129.328 130.485 129.933 131.887 132.813 135.925 138.16 145.999 156.461 184.938 203.222 197.112 188.097 176.808 166.305 155.046 136.173 114.115 86.9463 47.0849 -1.40043 -0.429943 -1.42778 -1.80012 -1.34218 -1.75026 -1.52886 -1.46804 -1.28058 -1.32415 -1.35347 -1.22387 -1.31491 -1.80629 -1.39952 -1.43692 -1.78636 -1.44485 
1.01312 1.66652 0.775045 0.807424 1.03913 2.07675 2.525 2.90295 10.0633 68.7525 100.802 128.695 149.234 168.513 176.927 185.645 195.73 203.436 212.265 192.63 166.437 153.607 145.786 138.645 133.626 131.895 130.588 129.42 130.359 131.189 132.952 135.861 138.223 159.682 156.175 185.534 203.556 198.157 187.466 175.713 167.489 155.142 137.267 113.908 85.1276 44.1182 -1.15556 0.0136444 -1.09123 -1.81226 -1.24207 -1.78044 -1.74145 -1.9544 -1.38582 -1.24029 -1.87493 -1.71557 -1.83381 -1.44882 -1.40542 -1.38637 -1.44995 -1.93234 
1.59521 1.09351 0.853844 1.26821 1.75733 1.80312 2.43771 3.95009 11.5482 69.586 102.28 129.47 150.772 168.225 178.662 183.908 195.891 203.101 215.887 188.87 164.414 153.206 143.5 139.304 134.129 132.615 129.547 130.348 129.471 131.851 132.088 136.417 140.036 144.15 157.572 187.955 204.266 197.735 188.199 174.517 168.435 156.159 137.098 113.968 86.7601 42.544 -1.2432 -0.225781 -0.835763 -1.51705 -1.67987 -1.56514 -1.43709 -1.66219 -1.00718 -1.64733 -2.50637 -1.42755 -1.12139 -1.82716 -1.69894 -2.16823 -1.50407 -1.5851 
0.774644 1.79054 1.70086 1.21418 2.17345 2.5547 2.63305 3.92727 13.88 71.8108 103.678 130.24 152.135 168.478 179.419 186.441 195.611 205.298 215.346 185.534 164.144 151.879 143.252 138.459 133.632 130.735 129.102 128.892 128.969 130.644 132.812 136.33 139.301 145.563 158.307 188.366 203.894 197.342 187.68 174.079 167.653 155.162 137.687 113.78 86.0105 42.2645 0.298895 0.528391 -0.40778 -0.653467 -0.581654 -1.17611 -0.927524 -1.16544 -1.54135 -1.79836 -0.998394 -1.76638 -1.40998 -1.99583 -1.35684 -0.508936 -1.27512 -1.58206 
