-0.729116 -0.502691 -0.858945 -0.903189 -0.85838 -0.408463 -1.0045 -1.06921 -0.717796 -0.644128 -0.516094 -0.241597 -0.802995 -0.903116 -0.909112 -0.940254 -0.773156 -0.518459 0.609431 -1.28097 53.4251 88.8568 117.489 139.44 158.575 166.722 178.688 189.121 198.886 209.844 171.444 154.002 140.038 134.661 130.253 127.842 126.434 124.366 125.985 126.469 129.316 132.844 137.42 144.278 155.366 168.414 202.503 205.653 198.661 186.024 177.315 174.012 158.368 141.033 117.696 90.1452 53.1003 -2.59635 -0.567068 -1.05869 -1.13585 -1.31585 -1.44953 -1.26729 
-1.01502 -0.797321 -1.06 -0.67567 -0.993386 -1.07721 -0.840964 -0.839104 -0.933859 -1.25295 -1.34948 -0.829487 -0.915802 -1.00419 -0.838196 -0.812471 -0.56999 -0.409746 0.436166 -2.26922 53.1077 89.0958 117.477 140.217 157.353 166.507 177.351 190.244 197.836 209.896 170.195 153.558 140.425 134.55 129.848 128.75 126.158 125.67 125.923 127.021 130.367 133.106 137.179 144.119 155.584 169.051 201.743 205.851 199.123 186.946 177.023 173.707 157.891 140.529 117.631 90.0103 54.2368 -2.452 -0.427813 -1.37463 -1.24309 -1.25963 -1.21551 -1.17333 
-0.646234 -0.906167 -1.32788 -0.703921 -0.747623 -1.00673 -0.864961 -0.469186 -0.76312 -0.606308 -0.892806 -0.766693 -1.17504 -0.641572 -0.816613 -0.911049 -0.359484 -0.479524 0.712314 -2.22491 52.4141 89.5392 117.343 139.1 158.359 166.936 178.556 189.874 198.889 211.409 170.507 153.949 140.123 134.076 130.831 127.908 126.311 124.491 125.027 127.128 129.834 133.718 137.208 145.731 155.326 168.602 203.272 205.98 200.506 186.578 175.886 174.328 158.463 141.365 118.24 90.0434 53.8346 -2.71275 -0.287684 -0.798433 -1.36309 -1.37177 -1.19274 -1.5034 
-1.02178 -1.66978 -0.817103 -0.784322 -0.678793 -0.887393 -0.699518 -1.05918 -0.874387 -0.746907 -1.02709 -1.16564 -0.610141 -0.821966 -1.02572 -1.18048 -0.631235 -0.262073 0.682925 -2.00675 52.7959 88.5663 117.322 139.344 157.495 167.771 176.992 189.136 194.961 212.288 169.957 155.474 146.465 135.401 130.464 128.54 126.249 125.558 125.866 127.552 130.436 133.735 138.388 145.845 157.201 169.92 203.14 206.05 198.493 187.454 177.827 174.231 158.502 141.484 118.013 89.8869 55.0888 -2.41979 -0.0195061 -1.30256 -1.25408 -1.42401 -1.79522 -1.47236 
-0.921993 -0.844956 -0.839409 -0.63541 -1.39285 -0.729471 -0.975153 -0.756058 -0.567432 -0.851725 -0.787277 -0.602403 -0.77929 -1.24669 -0.575958 -0.982138 -0.505523 -0.547164 0.76489 -1.82071 50.3249 89.2108 117.668 140.639 158.316 168.393 177.099 190.279 198.56 213.956 171.159 156.066 142.311 136.671 130.598 129.185 126.792 125.902 125.89 127.59 130.456 134.91 139.329 144.992 156.661 170.455 204.686 206.273 198.01 188.718 176.363 175.252 159.494 142.168 119.452 92.0682 55.6695 -1.64264 0.646 -0.621805 -1.08005 -1.25796 -1.14484 -1.14485 
-0.96564 -1.12949 -0.849274 -1.27277 -0.833824 -0.569884 -0.810051 -0.861565 -0.832506 -0.898684 -0.649414 -0.806224 -1.10002 -0.674227 -1.00215 -1.14277 -0.58561 -0.297856 0.638935 -0.864768 51.5346 88.953 117.687 140.308 158.547 170.79 177.979 190.688 198.927 213.161 173.247 156.875 143.504 139.91 130.417 128.624 127.33 126.926 127.23 128.205 131.034 135.377 139.187 144.899 156.196 170.59 207.047 206.57 200.23 189.769 178.75 174.865 160.047 142.768 120.568 92.1413 57.1394 -1.10697 0.700717 -0.684554 -1.00838 -0.955653 -0.83419 -1.39654 
-0.809252 -0.848854 -1.02274 -0.942651 -0.942912 -0.830833 -1.10264 -0.962647 -0.856595 -0.8107 -0.969235 -0.901738 -0.91215 -0.661736 -1.26057 -0.822277 -0.758446 -0.161862 0.707678 0.837015 44.7316 86.958 115.468 138.226 156.487 171.07 176.462 190.663 198.975 207.185 183.367 157.922 142.833 138.127 132.136 129.922 128.329 126.588 128.013 129.67 131.306 134.477 139.761 145.9 156.428 170.653 201.805 209.459 203.265 190.958 176.528 180.968 162.62 145.045 123.529 97.22 61.7015 3.23634 1.09826 0.209333 -1.09681 -0.78845 -1.60548 -1.0293 
-0.860056 -0.899087 -1.46521 -0.859082 -1.05087 -0.818032 -1.00534 -0.754393 -0.701707 -0.998634 -0.921378 -0.612449 -0.689976 -1.05164 -0.692541 -1.25688 -0.439141 0.270196 1.10383 1.48593 39.0692 85.8197 114.473 138.647 157.578 173.44 175.998 191.968 200.151 207.445 187.848 159.322 144.995 139.197 134.728 130.77 129.185 129.051 129.093 129.848 132.62 135.607 139.228 146.143 156.134 170.993 204.406 210.394 203.983 193.624 179.198 181.168 164.048 147.445 125.453 99.5495 65.0991 6.62772 1.06822 0.154007 -1.01915 -0.940424 -0.88345 -1.03193 
-0.982748 -1.19534 -0.84758 -0.741194 -1.12285 -0.658155 -0.86142 -1.07105 -0.98121 -0.912131 -1.02054 -0.745742 -0.821414 -1.10618 -0.54569 -0.477331 -0.130693 0.136784 1.6885 1.86007 42.7743 87.0289 115.538 138.782 157.613 174.738 175.613 192.979 199.491 205.329 189.57 160.332 144.187 138.59 132.763 130.705 128.577 128.183 128.512 130.034 132.612 134.979 138.292 147.189 157.273 172.654 203.849 212.39 205.595 194.157 180.102 185.004 165.802 148.414 126.83 99.8471 62.4123 5.25988 1.21232 0.10153 -0.701372 -1.11673 -1.24987 -1.08296 
-0.887824 -1.10033 -0.891374 -1.23357 -0.436678 -0.748009 -0.779281 -0.906086 -0.738673 -0.880732 -0.96511 -0.889593 -0.951331 -1.12569 -0.829317 -0.497932 -0.189117 0.433194 1.10497 0.415426 35.3723 85.0865 114.814 139.317 158.741 177.573 178.693 195.119 202.086 210.39 194.324 163.016 148.325 142.624 137.633 133.55 133.512 133.345 132.736 134.417 137.722 144.735 148.725 155.484 164.474 179.761 212.625 221.595 214.85 204.451 192.849 189.335 176.909 162.493 140.619 115.755 85.8974 39.1234 1.2684 0.0457409 -0.472454 -1.15486 -1.45294 -1.51443 
-1.09385 -0.425563 -1.02419 -0.991498 -0.795099 -1.16789 -1.00093 -0.864532 -1.23546 -1.17444 -0.96031 -1.24263 -0.686498 -0.79967 -0.732785 -1.07992 -0.176732 0.335345 -0.237887 37.0012 87.9993 114.989 140.112 159.909 179.203 193.664 197.585 212.846 218.501 225.317 210.201 177.237 162.046 155.873 151.667 148.691 147.401 147.402 146.646 148.274 151.925 156.19 160.522 167.792 175.7 190.714 227.901 240.087 234.743 229.575 222.216 216.373 208.38 196.621 180.177 155.548 125.932 91.788 34.651 4.54918 -0.420406 -0.97534 -1.00932 -1.03466 
-1.05125 -0.660565 -1.2722 -1.29877 -1.33387 -0.92878 -0.778397 -0.767525 -1.03021 -0.665547 -0.990361 -0.869143 -0.615826 -1.10511 -0.781944 -0.175484 -0.170544 0.31988 7.15313 64.2511 101.634 133.927 161.085 184.592 201.795 217.49 225.065 235.686 242.989 249.919 231.912 195.01 175.206 168.592 163.302 161.289 159.428 157.349 159.055 159.991 163.629 169.675 174.364 180.515 191.228 205.855 242.957 252.616 249.048 241.553 230.505 219.201 212.03 201.86 188.311 171.853 136.034 111.533 87.4857 56.246 2.26617 -1.23163 -1.11981 -1.17339 
-1.48851 -0.984655 -0.854543 -0.877703 -0.875711 -0.770971 -1.18473 -1.10907 -0.692435 -1.1154 -0.885047 -1.04587 -1.12129 -0.54442 -0.842354 -0.392187 -0.28555 0.323391 43.124 93.1139 124.336 156.503 174.049 189.035 206.497 220.247 231.639 240.524 249.59 255.867 239.746 198.07 179.236 175.566 177.37 175.769 173.09 173.396 173.214 175.481 177.929 181.281 185.81 193.228 203.591 216.435 254.761 269.365 262.956 254.708 248.665 235.904 224.332 216.78 202.852 187.504 167.715 132.366 105.079 75.5595 18.8012 -1.03804 -1.29607 -0.906261 
-1.20447 -1.16439 -0.9428 -1.03733 -0.692154 -0.935068 -0.991239 -0.599771 -1.04801 -0.948924 -0.935579 -0.993432 -0.797774 -0.645363 -0.645143 -0.728612 -0.830873 16.1498 72.0222 103.728 143.57 166.002 180.577 195.029 214.887 227.465 241.41 249.341 255.025 260.145 231.328 190.456 178.956 181.223 183.238 179.986 178.244 177.663 177.172 178.2 179.545 182.573 187.383 193.973 205.233 217.857 253.431 271.909 266.083 258.153 250.565 238.2 223.803 216.862 204.493 192.078 171.773 145.178 111.247 78.0729 16.0993 -1.02527 -1.40103 -0.894705 
-1.31453 -1.50504 -1.00701 -1.29126 -1.39572 -0.691441 -1.06864 -0.908332 -0.77543 -0.755274 -0.829323 -1.02292 -0.873539 -0.949495 -0.583108 -0.94181 -0.629865 16.3417 73.3047 108.358 149.487 169.328 181.599 197.036 215.561 230.741 239.793 249.465 255.963 240.509 224.286 189.106 176.834 171.468 174.252 178.373 179.05 175.992 174.688 174.979 176.04 175.524 179.024 182.424 189.399 199.971 233.702 249.31 241.913 233.513 222.272 211.281 197.328 186.797 170.98 150.857 123.908 81.8848 25.5519 12.644 1.74088 0.60384 -0.674424 -1.33248 
-0.650198 -1.2291 -1.06137 -0.964573 -0.65427 -0.953034 -0.922088 -0.736696 -0.875072 -1.29084 -0.845192 -1.10837 -0.738815 -0.920562 -0.899853 -0.783198 -0.51034 3.40576 40.8432 66.5839 103.397 137.667 160.222 171.225 189.795 200.547 209.986 217.9 199.949 196.074 183.955 153.749 138.863 132.558 127.805 124.918 127.356 133.901 136.406 135.47 132.086 130.65 138.012 144.052 154.177 166.739 195.633 215.234 209.067 200.606 190.94 178.307 169.203 147.839 123.783 98.5573 61.9292 10.0827 2.29602 1.42956 0.621725 0.181761 1.13837 -0.237277 
-1.13232 -1.0346 -1.11007 -1.12108 -1.52466 -1.1209 -0.769163 -1.10716 -0.99626 -1.03142 -1.01031 -1.12923 -0.697854 -0.787977 -0.761512 -0.999363 -0.291809 0.232293 -0.252868 2.53235 12.5719 48.9379 91.104 118.346 138.638 154.423 166.94 163.697 148.755 151.677 153.474 123.537 113.088 108.488 106.35 105.287 104.008 105.647 109.412 117.528 124.208 125.733 130.784 136.593 143.547 156.003 185.032 206.38 198.716 191.323 180.004 168.682 154.918 133.536 110.196 81.4186 28.3564 3.04444 1.4409 0.391643 0.676143 0.665403 -0.206588 0.330688 
-1.05906 -0.912873 -1.10244 -1.2986 -0.65506 -0.997039 -1.23543 -0.590473 -1.01398 -0.745039 -1.10009 -0.998553 -1.11954 -0.194303 -0.932817 -0.635644 -0.283249 0.182875 0.797128 0.851786 7.11935 30.9571 78.6041 108.012 132.214 152.717 165.97 139.499 133.138 137.86 148.375 120.142 109.067 104.19 101.716 100.081 99.772 100.243 101.588 103.845 107.343 118.289 130.268 133.375 142.275 153.872 180.424 204.628 195.933 188.29 178.482 166.754 153.18 132.502 110.546 79.5834 27.694 3.32969 1.45949 1.0491 0.414735 1.27743 0.0667648 1.14263 
-1.17106 -1.09609 -1.32471 -1.11057 -0.696795 -1.16002 -1.06165 -0.817482 -0.951939 -0.953364 -0.853108 -1.03776 -0.821754 -0.698664 -0.332983 -0.673393 -0.640554 -0.0139488 0.396121 1.18891 6.24927 24.3371 74.9003 104.063 128.785 149.026 160.291 126.978 121.112 124.777 147.543 118.963 106.629 102.253 99.7061 98.5388 96.2684 97.2219 98.5186 100.037 102.656 106.596 114.797 131.349 139.542 151.725 172.345 209.18 196.316 187.898 176.706 164.874 151.51 131.19 108.346 79.4398 26.3486 2.44596 1.12526 0.986026 0.484395 1.10704 0.27179 -0.218646 
-0.74943 -1.05589 -0.985033 -0.928562 -0.579454 -1.2526 -0.882402 -0.756709 -0.776733 -1.05591 -0.691742 -1.05067 -0.646766 -0.836329 -0.714121 -0.737277 -0.400676 -0.342917 0.0339917 0.760746 2.28134 24.0935 71.7392 100.776 127.697 145.818 158.212 119.363 112.839 109.869 149.875 117.479 109.198 100.379 98.0495 96.5934 95.0353 95.9858 95.5165 96.519 98.1163 101.452 106.882 117.73 138.034 149.571 167.517 208.069 195.827 187.118 176.711 164.009 149.363 131.707 107.316 79.2298 26.0016 2.54611 1.50106 0.72563 0.73816 0.647647 0.109353 0.642171 
-0.76951 -1.40921 -1.03838 -0.850156 -1.10604 -2.05991 -0.906518 -0.665874 -1.11775 -1.04378 -0.866934 -0.979604 -1.52518 -1.06716 -0.628762 -0.890201 -0.925788 -0.818688 -0.49735 -0.0625934 0.471133 21.3475 67.7622 99.5926 125.264 144.437 154.501 118.3 107.487 102.861 146.472 117.559 105.507 100.408 97.7949 95.5217 93.7395 93.5014 94.9491 95.6649 96.6418 100.15 104.083 111.113 127.291 147.99 164.888 203.707 194.795 186.603 176.17 164.227 148.784 130.714 106.638 77.5172 25.4474 2.23366 0.747191 0.467606 0.885511 0.876697 1.16397 1.03786 
-1.04102 -1.16077 -1.23208 -1.03843 -1.24734 -1.16548 -1.24579 -0.890599 -1.03552 -1.35826 -0.905277 -1.14075 -0.71848 -0.768674 -0.600259 -0.837967 -0.859341 -1.04427 -0.873674 0.163435 1.15202 16.5247 64.9124 98.0005 123.677 144.88 155.374 118.955 105.809 100.728 140.295 118.437 105.776 100.198 98.0629 94.5419 93.5415 94.54 93.2842 94.8242 96.1848 98.4652 101.96 107.557 117.189 145.407 163.26 203.593 194.467 186.51 174.931 162.682 150.018 130.61 106.965 79.2761 25.7773 2.4336 0.976996 0.726778 1.60026 0.797475 1.41401 0.764081 
-1.08792 -1.02162 -0.940832 -0.704135 -1.01681 -1.34435 -1.26231 -0.985405 -0.959061 -0.853436 -0.885396 -0.966213 -0.538808 -0.773364 -0.802389 -1.02638 -0.91329 -0.926355 -0.613963 -0.251761 0.792513 12.8956 63.7558 96.5523 122.377 142.647 159.268 122.219 104.663 101.332 137.781 120.245 106.473 101.708 98.1029 95.7577 93.488 93.0361 93.2798 94.0262 95.6315 98.4481 101.081 106.836 115.024 139.33 162.32 199.543 194.14 186.675 175.535 162.9 151.628 131.578 107.664 78.7872 27.0333 3.29746 1.65033 1.94264 1.37438 1.19151 2.7118 2.5136 
-1.18858 -0.618166 -1.00968 -1.04929 -1.00971 -0.980346 -0.942439 -0.731673 -0.860332 -0.740653 -0.84779 -1.22076 -1.2098 -0.618943 -0.638853 -0.899939 -0.584455 -0.516927 -0.754853 -0.315898 0.220695 7.58694 59.5037 92.5055 118.546 141.307 158.395 136.441 107.994 102.425 129.758 125.202 108.057 102.474 99.1365 96.4293 95.0333 93.6482 93.6207 93.8031 95.5052 98.6172 100.425 106.116 112.861 131.055 158.863 194.92 194.324 187.195 176.257 164.024 152.764 133.186 111.219 82.9279 34.0244 3.4358 2.59889 2.04975 2.30135 2.15862 2.04242 -0.252414 
-0.869755 -0.401274 -0.790688 -1.13764 -0.892474 -1.23482 -1.00136 -1.04341 -0.795579 -0.772644 -1.16461 -0.998235 -1.1869 -0.707579 -0.241974 -0.730708 -0.870167 -1.15335 -0.920625 -0.19656 0.693529 0.762748 58.5965 89.9348 116.831 139.221 158.177 146.885 110.93 105.447 123.032 134.783 110.207 104.077 100.124 97.0306 95.4921 94.3735 93.2468 94.7377 95.6943 98.119 100.866 105.003 112.438 125.913 159.62 192.248 195.857 188.221 178.076 164.589 153.396 134.386 112.114 83.432 37.2111 3.36653 2.22335 1.6461 1.67196 2.15503 2.02221 0.303443 
-1.48599 -0.997381 -1.13617 -1.4671 -0.928463 -1.04048 -1.12226 -0.84941 -1.02804 -1.11144 -0.665651 -1.21241 -1.03317 -0.666373 -0.933859 -0.954487 -0.734103 -0.501597 -1.10809 -0.571504 0.146056 -2.96509 58.9116 88.7037 115.71 138.842 162.544 149.958 116.062 108.122 122.644 139.104 112.105 104.673 102.044 99.1715 96.4097 95.9046 94.8209 94.9632 97.3149 99.5035 101.167 105.722 112.658 125.303 156.69 190.823 196.105 187.67 178.055 165.177 152.845 136.158 112.619 84.6811 38.5933 3.6192 2.77481 1.81388 1.74929 1.69377 1.18832 1.99599 
-0.913261 -0.393721 -0.871444 -0.986419 -1.16681 -1.5285 -1.06296 -0.911816 -1.06423 -0.733307 -1.17371 -0.876978 -1.03165 -0.723412 -1.02011 -0.758614 -1.00773 -1.13971 -0.877826 -0.466364 0.390084 -2.36069 54.8677 86.4889 115.264 138.454 166.53 155.844 122.235 112.59 124.485 143.561 113.225 106.455 102.583 99.66 96.995 97.1002 96.1116 96.7977 98.0156 99.957 102.305 107.151 114.426 125.994 153.504 186.73 194.892 188.532 178.466 165.61 152.422 135.19 112.686 84.9718 38.8946 2.83794 2.10192 1.9668 1.44002 1.65887 1.43622 1.8679 
-1.29406 -1.34953 -1.38882 -0.854521 -1.0519 -1.59218 -1.13224 -1.17708 -1.07761 -1.05204 -1.30701 -0.751907 -1.06326 -1.03164 -0.850713 -0.936688 -1.08685 -1.02206 -0.753511 -0.589299 0.430398 -0.500236 49.5566 86.043 114.117 138.961 161.692 163.198 129.286 117.498 129.313 144.78 116.045 107.232 103.733 100.244 98.7473 97.2986 97.8074 98.1059 99.1631 101.828 103.697 108.395 117.159 131.87 152.188 184.953 194.43 186.333 178.409 165.528 153.834 135.828 113.823 85.5421 40.8437 2.51849 2.26256 1.23618 1.36378 1.51453 1.3358 1.60164 
-0.865868 -1.15809 -1.36428 -1.01242 -1.2292 -1.24082 -1.55044 -0.790991 -1.06388 -1.10523 -0.870878 -1.06043 -1.10273 -1.22136 -1.45633 -0.705085 -1.01415 -0.81082 -0.883405 -0.626068 0.04679 0.527097 43.1117 84.4008 116.258 137.976 161.062 161.588 146.828 123.392 136.301 149.038 117.578 110.844 105.692 103.343 100.439 99.293 99.3071 99.83 101.124 103.125 105.887 110.802 119.657 136.86 151.072 182.101 195.636 188.132 178.959 166.341 154.082 136.562 113.072 85.3451 42.8341 2.02036 1.92637 1.26287 1.44149 1.33914 1.08639 0.988791 
-1.60153 -0.498899 -0.625398 -1.11143 -1.36338 -1.28527 -0.730034 -1.36823 -1.46437 -1.15794 -0.898602 -1.00108 -1.24687 -0.832113 -0.845407 -1.04389 -0.995502 -1.41346 -1.53496 -0.795707 0.290196 0.443966 40.7158 86.6821 113.415 136.855 159.509 161.621 167.209 134.323 144.397 154.208 120.918 113.048 108.219 104.11 101.911 100.955 100.093 101.718 102.478 104.72 108.184 112.976 126.913 135.9 149.49 179.79 195.44 187.999 177.717 166.257 154.046 136.562 114.864 86.0012 43.912 1.56633 2.08788 1.68077 1.21301 1.31033 1.15851 1.3692 
-1.58514 -1.10459 -0.973838 -1.165 -1.06617 -0.989522 -0.85522 -1.20925 -1.32888 -1.57253 -0.743792 -1.46495 -0.660015 -1.21122 -1.12042 -0.803327 -0.977706 -0.608995 -0.871617 -0.752166 -0.0725406 1.01343 36.4 89.0772 112.515 136.512 157.711 162.235 175.453 157.78 157.268 161.541 127.42 116.203 111.7 108.086 105.615 103.26 104.612 104.938 106.24 108.936 113.467 122.688 129.626 136.539 149.059 175.087 194.857 188.498 179.307 167.356 154.372 136.12 114.763 86.9579 46.0075 0.782901 1.91434 1.08289 1.53295 0.937866 1.59349 0.87447 
-1.38986 -0.942583 -2.01486 -0.91041 -1.0626 -1.1786 -0.947212 -0.823948 -1.07713 -1.22929 -1.31021 -0.954848 -0.698109 -0.667707 -1.51491 -1.03355 -0.878029 -1.0463 -1.31683 -1.0162 -0.55579 0.931831 39.749 84.6277 111.339 134.607 157.1 163.46 174.401 184.523 178.371 173 135.086 123.35 116.902 113.103 111.424 109.734 109.341 110.756 113.843 117.478 120.473 124.181 128.161 136.2 147.432 172.242 196.874 188.747 179.685 167.543 154.73 136.652 114.965 87.6649 49.0326 0.0952569 2.39618 1.53054 1.4115 1.29376 1.25268 0.983795 
0.456196 0.0787671 -0.0962191 0.0142733 0.0518174 -0.0281804 -0.0393678 0.308683 -0.0697027 -0.0544796 0.231394 0.294443 0.660262 0.309073 0.599614 0.745329 0.167237 0.90066 0.329296 0.944881 0.826936 2.63958 35.8858 83.5867 112.666 136.039 154.169 165.019 176.383 186.04 193.139 194.072 149.4 136.667 130.045 123.791 119.68 117.226 115.566 115.038 116.428 117.926 119.295 122.23 126.92 133.834 145.527 163.318 201.482 188.288 178.954 166.532 154.366 137.075 116.362 89.316 53.0603 -0.179619 2.76653 1.10277 2.03402 1.83893 1.51293 1.36519 
0.641796 -0.0033507 0.560079 0.303622 0.463094 0.17518 0.512018 0.727028 0.297723 0.41503 0.758665 0.0741634 0.253361 0.924723 0.293135 0.413825 0.183773 0.167244 0.175503 0.432041 1.24771 3.85556 34.2466 81.5547 110.179 137.642 152.813 166.091 176.998 187.959 195.734 198.802 150.229 137.548 129.714 123.939 119.476 117.952 116.749 116.156 116.47 117.516 118.6 122.197 126.994 134.073 145.297 159.935 200.807 188.655 179.6 166.895 154.936 137.288 116.615 89.4563 54.8879 -0.339825 2.40906 2.00665 1.93584 1.48398 1.52099 1.31639 
0.345841 0.437124 0.28945 0.515873 -0.140922 0.565532 0.456469 0.254077 -0.204839 0.718416 0.450125 0.358329 0.797905 0.445569 0.52237 0.739211 0.423954 0.665203 0.464644 -0.630163 1.41386 3.90458 31.186 81.8258 109.579 137.025 149.744 166.214 177.165 187.703 194.925 201.678 152.4 139.543 131.171 125.262 120.523 118.697 116.912 116.339 115.976 118.009 118.803 122.428 127.369 133.71 144.615 158.859 198.558 188.452 179.36 167.555 154.892 138.518 117.192 90.6743 56.4283 0.317396 2.58944 1.48686 1.34586 1.45141 1.23892 1.50152 
0.668193 0.736254 0.969264 0.82292 -0.821849 0.618293 -0.0692072 0.353399 -0.0199042 -0.163445 0.465186 0.7574 0.270822 0.107691 0.483093 0.346231 0.128312 1.08803 0.726842 0.882286 1.61355 4.04314 28.1341 81.2983 108.619 137.853 151.302 163.921 177.153 188.324 195.367 204.247 154.518 140.315 131.217 125.16 121.247 118.314 116.812 116.766 116.832 117.32 118.932 122.047 126.515 133.575 143.444 159.557 195.759 188.104 179.508 168.763 156.251 138.765 118.237 91.5406 57.7022 1.63391 2.26999 1.28298 1.30432 1.51305 0.4324 1.48465 
0.703951 0.395593 0.344721 0.317628 0.18058 0.628692 0.608732 0.776417 0.166217 -0.141871 0.187048 0.591579 0.742168 0.375664 0.616791 0.621078 0.544321 1.01618 0.732349 0.779555 1.07305 3.42476 26.8468 78.9978 117.516 128.292 149.99 163.347 177.741 188.167 195.228 202.445 154.498 141.157 132.017 125.97 121.993 118.559 117.177 116.618 116.95 117.731 120.194 122.121 125.997 132.732 142.789 158.325 194.071 189.363 180.538 169.702 155.987 139.679 119.027 92.602 58.8294 2.90265 2.9147 1.35583 1.11394 1.45953 1.35822 1.38094 
0.432783 0.815765 0.0376467 0.692699 -0.0681018 0.6144 0.76141 0.756973 0.256753 0.446444 -0.0307067 -0.0786159 -0.0254038 0.730696 0.495414 0.295069 0.413409 0.732243 0.284488 0.703633 1.87486 3.32554 25.2369 81.9447 109.963 130.04 150.119 163.81 175.802 186.912 196.129 200.813 156.907 141.468 133.238 126.074 122.665 120.207 116.562 115.045 116.849 117.492 119.169 121.666 125.937 143.776 143.519 156.531 192.822 189.297 180.996 169 156.311 140.525 119.106 93.8897 59.7027 4.38889 2.22952 1.15863 1.61888 1.13526 1.32894 1.23721 
0.72473 -0.179127 0.415998 0.325956 0.4658 0.416354 0.214959 0.961253 0.7744 0.481727 0.587483 0.449073 0.341021 0.505492 0.445563 0.471293 0.677217 0.574588 0.498333 0.662488 1.31835 4.09187 25.0373 85.0937 102.367 129.433 149.734 164.221 176.39 186.614 195.895 203.525 157.789 142.89 134.117 127.368 122.924 119.323 116.895 116.789 116.432 117.196 118.304 121.002 125.894 132.849 141.527 155.655 191.135 189.885 181.033 169.927 158.233 140.015 120.823 95.1976 61.2486 5.8333 2.53408 1.2142 1.31034 1.14364 1.55731 1.07395 
0.167061 0.734689 1.26807 0.347297 0.829449 0.464829 -0.162815 0.324206 0.603972 0.549697 0.385083 0.399486 0.987102 0.0652724 0.184235 0.117683 0.483612 0.230791 0.740818 0.689265 2.8327 4.68099 32.0684 76.1094 101.842 128.189 149.793 165.192 176.715 187.939 196.957 202.275 160.726 143.285 133.676 127.168 123.984 119.684 117.896 116.82 116.622 119.036 119.005 121.53 126.218 131.25 140.852 153.578 188.919 190.437 181.49 170.228 161.497 141.584 121.998 96.8238 63.499 7.78919 3.50682 1.94115 1.69098 1.92733 1.3179 1.1637 
0.777096 0.03805 0.545143 0.623352 0.621133 0.228353 0.133862 0.657372 0.753257 0.229355 0.11224 0.0875895 -0.204299 0.78412 0.214812 0.311674 0.216886 0.794723 0.370219 1.4229 3.05776 7.50519 18.7889 73.7469 101.942 126.838 147.895 164.084 176.97 187.355 194.867 202.28 165.943 145.357 136.086 128.694 123.854 120.471 118.183 117.436 116.362 117.679 118.988 120.847 125.881 130.84 139.143 151.77 185.326 189.977 183.498 170.856 160.77 145.315 124.955 99.9483 68.7537 12.5761 3.91787 2.70611 2.16894 1.97661 2.05942 1.88571 
0.577948 0.464936 0.0311479 0.418011 1.02429 0.636275 0.477979 0.861714 0.204406 0.519514 0.722321 0.084173 0.169337 0.516752 0.184305 0.0370698 0.630031 1.00822 1.16657 1.5417 4.83264 7.70769 14.1588 67.7788 103.608 125.373 146.795 163.613 175.619 186.864 195.215 201.824 171.233 146.779 136.757 130.397 124.425 121.373 119.496 117.334 117.556 116.981 119.711 121.175 124.917 129.947 137.599 149.125 181.952 193.095 182.66 172.53 160.397 147.642 127.399 103.518 73.4814 17.866 4.43241 3.83659 2.92922 2.23947 2.5255 1.94555 
0.315317 0.583436 -0.0843635 0.502337 0.524707 0.316107 0.221761 0.0168648 0.719197 0.327097 0.265187 0.81904 0.880418 0.613135 0.339564 -0.162808 0.686779 -0.25742 0.658766 4.68341 3.11828 8.7594 14.4092 68.6165 103.225 125.737 146.936 166.17 176.575 186.968 195.144 201.942 172.203 148.354 137.533 129.791 124.687 121.047 118.846 118.544 116.942 116.852 118.701 120.916 123.467 129.447 136.952 147.778 177.27 191.606 184.692 174.11 161.227 148.662 130.549 105.476 75.7476 21.1677 5.02611 4.12873 3.23624 3.35561 2.32847 2.39332 
0.829309 0.472646 0.822421 0.422689 0.786941 0.457791 1.20385 0.965704 1.08087 0.640547 0.430838 0.0877021 0.210282 0.614869 0.518523 0.15758 0.839934 0.998749 0.994409 11.3693 9.28815 8.41542 16.0502 69.0181 100.94 125.848 147.048 164.085 176.437 186.951 194.408 202.87 174.212 149.989 138.367 130.742 124.866 122.004 119.089 117.73 118.243 117.673 119.53 120.88 123.973 128.619 137.395 147.397 174.181 192.889 185.733 174.949 162.272 149.642 131.741 108.54 78.6895 24.2464 5.72953 5.10044 4.37863 3.72481 2.73258 2.06817 
0.0419056 0.88289 -0.0272382 0.661912 0.248034 0.720918 0.179683 0.182027 0.471772 0.655424 0.818238 -0.207207 0.903102 0.229185 0.759026 0.47416 0.504967 0.602897 6.6983 17.3146 7.33003 4.62789 11.984 66.458 100.371 127.289 147.604 165.932 177.567 188.676 198.254 205.083 178.284 153.229 140.835 133.11 127.442 123.719 121.557 119.74 120.171 120.186 121.872 124.235 127.405 132.035 139.108 149.773 176.916 198.807 190.297 180.547 167.438 156.206 141.63 118.54 90.8186 48.6405 5.61565 4.31738 3.84545 4.26228 5.6775 5.2909 
0.55308 0.727063 0.113009 0.153274 0.166502 0.567792 0.0205332 0.592616 0.771102 0.32959 0.417203 0.565683 0.581987 1.22792 0.487237 0.3823 0.341381 0.327531 5.8873 16.8097 15.7407 10.9449 51.9597 91.2316 120.448 145.124 160.054 174.594 186.761 197.305 205.067 214 186.699 160.264 149.202 140.358 134.173 129.571 127.042 123.712 129.173 134.302 137.885 140.778 146.242 151.782 159.711 173.641 194.205 227.586 220.486 211.433 202.318 194.316 191.521 183.935 165.174 145.618 135.163 109.969 88.215 55.3759 11.4862 3.09361 
0.891925 0.738015 0.25474 0.0106111 0.599765 0.487651 0.144421 0.364978 0.75024 0.435805 0.103584 0.421206 1.05052 0.100762 0.706901 0.60195 0.626228 0.771399 2.56724 16.0743 21.5646 28.9467 84.3626 115.606 144.536 162.487 170.06 190.443 198.546 211.748 224.696 235.054 212.275 187.677 177.31 169.659 165.331 162.841 163.972 163.626 163.885 163.792 165.851 169.438 174.082 178.626 187.915 198.729 215.007 261.74 247.304 238.621 229.709 219.958 218.382 217.27 210.857 202.221 178.467 153.261 122.888 87.0755 44.8689 -1.40936 
0.670883 0.441732 1.15974 0.200833 1.26163 0.449899 0.235264 0.296777 0.0754482 -0.292252 0.77302 0.629973 0.267666 0.686885 0.633005 0.584033 0.160637 0.252091 0.381627 6.19931 19.0402 56.8383 106.099 135.213 162.497 174.995 187.204 207.517 220.354 232.785 241.715 252.299 226.866 201.939 189.076 180.545 174.597 170.662 169.187 167.69 168.549 170.486 171.175 174.78 178.823 185.501 193.339 205.013 221.328 269.907 259.294 251.637 240.508 227.839 225.752 220.107 211.509 205.19 178.736 140.519 117.456 93.0775 62.5673 9.75213 
0.863885 0.675805 0.607285 0.795438 1.1397 -0.392286 -0.173994 0.45862 -0.0620813 0.673289 0.500421 0.877369 0.47169 0.44012 0.641874 0.819848 0.559297 0.584716 0.518703 1.24032 4.98667 74.218 114.705 142.239 165.585 177.079 190.099 209.381 223.125 236.051 245.928 254.012 231.988 205.857 193.204 184.227 179.488 174.97 171.688 171.12 171.636 171.743 173.324 175.878 179.918 185.458 192.87 204.611 221.09 267.776 257.046 253.243 243.517 231.497 229.002 216.3 206.592 194.878 163.813 141.435 118.31 92.508 61.4253 5.59582 
0.544689 0.428263 -0.0108412 0.437923 -0.164813 0.159879 0.23035 -0.136107 0.792852 0.611744 0.670034 0.299423 0.620722 0.723074 0.066481 0.29488 0.320884 0.821099 1.24541 1.2797 -0.136732 48.0338 110.496 140.053 164.412 174.841 188.19 205.438 220.014 232.432 244.287 251.808 233.032 205.144 191.745 182.174 177.129 173.985 171.606 170.009 168.755 166.911 169.246 171.626 174.185 179.309 186.901 197.47 214.682 260.02 249.67 243.664 235.75 229.339 220.494 210.839 200.107 183.553 159.036 139.1 111.548 79.9967 32.3312 -0.629093 
0.289203 0.214386 0.607552 -0.420249 0.487825 0.33886 0.310487 0.939617 0.142874 0.0197035 0.626701 0.44386 0.791874 0.504936 0.573909 0.783557 0.469785 0.554773 0.567841 1.42506 1.62185 11.2531 84.4483 129.457 154.875 172.393 184 201.822 216.813 228.88 238.848 246.297 237.556 201.322 187.287 178.533 172.467 166.618 164.168 161.144 158.592 159.494 158.956 161.194 164.308 168.463 174.706 187.576 202.697 244.076 238.851 229.247 223.473 217.191 208.567 200.284 187.38 170.286 151.151 123.695 88.1995 43.1507 0.587427 -0.0121566 
0.4659 0.463838 0.149563 0.362585 0.570538 0.675208 0.480153 0.0355309 0.609486 0.373947 0.15409 0.71609 0.466115 0.447268 0.31191 0.535558 -0.0439381 0.504601 0.612969 1.39214 1.85332 1.97029 29.9384 99.0873 141.209 163.248 179.61 195.839 209.378 217.548 230.273 238.878 229.53 191.845 177.515 166.694 159.254 154.246 150.905 149.203 146.192 144.547 145.096 145.994 149.759 153.011 160.851 169.878 187.183 221.616 221.22 212.182 203.11 196.729 188.179 177.55 164.442 143.988 115.362 83.9929 34.0701 1.14401 0.996666 0.516774 
0.776548 0.896514 0.624662 0.0813729 0.456288 -0.014735 0.601614 -0.292392 0.302414 0.865977 0.225725 0.836793 -0.0967907 0.91175 0.387795 0.223949 0.352456 0.0236551 0.958044 0.962371 1.47438 2.29638 2.99345 61.0445 101.53 138.886 164.644 184.536 197.375 204.652 218.068 223.088 216.731 179.466 164.304 155.11 147.357 143.172 138.621 135.883 133.061 132.25 134.475 135.614 138.025 142.346 150.002 159.143 175.604 209.86 210.109 202.609 190.545 181.768 174.67 159.675 140.976 118.145 93.574 55.5318 -1.15491 2.0528 0.952164 0.178417 
0.375404 0.530124 0.545724 0.296018 0.514915 0.322057 0.53082 0.273982 0.606385 0.372112 0.457867 -0.162203 0.632426 0.0135632 0.30841 0.231969 0.588658 0.490841 0.584411 1.35009 1.58789 2.09399 0.957249 58.4711 95.2311 122.863 145.103 161.463 176.144 186.008 197.143 205.677 201.295 166.553 152.421 144.011 136.892 134.424 132.087 130.537 128.997 128.977 130.776 133.687 136.227 141.621 147.271 158.957 173.375 208.814 209.128 201.562 189.989 180.722 175.476 158.766 141.547 117.401 93.482 55.6712 -1.61893 1.66687 0.897218 0.27792 
0.584881 0.118502 0.165728 0.399093 0.331356 0.0513277 0.467469 0.212258 0.508624 1.24877 0.0246983 0.179651 -0.0566256 0.509969 0.185574 0.524371 0.442087 0.410097 0.461111 0.399056 0.798177 2.26033 -0.665597 54.9911 91.5803 120.283 145.047 162.777 174.984 186.612 197.231 206.112 201.647 165.207 152.1 143.435 138.252 134.32 130.943 128.851 127.781 127.258 130.757 131.062 134.979 139.638 147.123 157.557 172.013 207.463 208.148 201.025 188.116 178.715 173.967 159.679 141.151 117.606 91.2798 55.8199 0.0570913 1.38508 0.534983 0.214711 
1.00897 0.865935 0.0208652 0.292708 0.306439 0.524387 0.703873 0.290057 0.0678059 0.85343 0.644339 -0.32859 -0.0514837 0.53153 0.233301 0.473367 0.661601 0.68992 0.773433 0.565535 1.25886 1.77653 -0.0396604 53.4653 92.6649 119.877 143.438 160.71 174.895 186.81 196.881 205.094 202.327 166.469 152.618 144.512 137.601 132.786 130.75 128.227 128.106 127.359 129.665 130.966 134.567 140.263 144.944 155.252 170.346 203.31 206.45 199.866 188.302 178.833 174.355 158.51 141.227 118.833 89.9143 54.9088 -0.38922 0.739197 0.0984651 -0.448336 
0.425252 0.721853 0.0939383 0.540067 0.71025 0.506199 0.268296 0.514687 0.53691 0.082525 0.741237 0.297168 0.641148 0.657213 0.917081 0.307167 0.102057 0.0476838 -0.0206008 0.585807 0.490921 1.56932 -0.318723 51.4685 89.9523 119.602 142.451 160.172 174.612 184.044 196.104 205.628 201.852 166.872 152.024 142.903 135.442 131.738 129.14 128.047 126.279 127.552 128.005 132.017 133.67 139.322 145.693 154.996 167.951 203.819 208.039 200.416 188.71 179.221 174.696 159.207 140.917 118.687 91.8265 57.8031 -0.733196 0.42535 -0.387217 -0.761733 
0.337672 -0.0652497 0.109097 0.715276 0.337858 0.518133 0.194803 0.426124 0.215894 0.705506 -0.725897 0.712448 0.358619 0.528115 0.374925 0.463057 0.756265 0.120927 0.157267 0.314133 0.918081 1.64917 0.150313 48.187 87.4247 117.263 141.032 159.341 172.576 180.565 194.536 202.858 202.632 167.069 152.38 142.543 137.322 132.531 129.697 127.567 126.039 127.282 127.19 130.384 132.532 137.684 143.293 154.566 167.475 197.347 208.113 200.456 189.465 175.619 177.687 160.035 142.193 119.882 93.2248 60.1399 3.06421 -0.0519591 -0.963422 -0.285143 
0.446177 0.0352214 -0.100038 0.698348 0.235757 0.470815 0.608421 0.643393 0.82824 -0.123466 0.0939269 0.855862 0.30696 0.478738 0.497935 0.385875 0.453361 0.925595 0.363853 0.531828 0.79026 1.18182 1.65489 37.4073 84.888 115.631 139.941 158.72 175.68 174.413 193.746 202.605 203.645 167.696 152.74 144.009 135.953 132.579 128.78 126.281 126.393 126.898 126.949 129.91 132.823 137.142 143.532 152.175 166.109 194.167 207.165 201.013 191.623 179.468 174.988 161.815 143.675 123.107 96.8641 63.2482 6.84275 0.498913 -0.121387 -0.34022 
0.655782 0.118178 0.35019 -0.08163 0.106837 0.776752 0.685763 0.465814 1.3772 0.348696 0.0364918 0.0609313 0.0211601 0.574368 0.539158 0.713547 0.16475 1.01335 0.313906 0.211826 0.862211 1.10987 1.54305 38.7444 84.405 113.918 138.901 156.556 176.7 173.156 192.982 200.45 205.423 168.171 152.658 143.175 136.619 132.327 128.99 126.485 126.22 126.256 126.913 129.16 131.968 136.012 142.502 151.365 164.67 191.525 208.168 202.022 192.601 181.334 173.544 162.619 144.366 123.409 97.5053 63.8035 7.98529 0.832829 -0.285435 -0.466802 
0.545312 0.12801 0.464372 -0.226175 0.0707013 0.27258 0.68823 0.325068 0.0456982 0.889573 0.405153 0.166768 0.729076 0.878265 0.0711868 0.528239 0.0821097 0.449805 0.52116 0.35251 0.506577 1.90589 1.64801 34.72 82.736 113.269 137.864 158.235 178.231 171.347 191.346 201.84 206.616 167.77 151.994 143.265 135.206 131.426 128.038 127.025 126.058 125.883 126.781 130.013 131.663 135.667 141.814 152.186 163.706 188.758 208.101 201.51 191.105 181.227 172.589 162.771 145.59 123.339 98.102 64.5394 8.93928 1.01052 -0.276263 -0.153348 
0.125007 0.720007 0.707505 -0.494503 0.00430152 0.837122 0.732102 0.173284 -0.02048 -0.696253 0.455044 0.330652 0.331828 0.960085 0.0755444 0.437301 0.271235 0.407201 0.437709 0.416594 0.770611 1.43056 2.14372 33.2611 81.672 111.515 136.513 156.297 178.719 169.427 190.736 200.179 214.911 174.687 152.927 143.484 136.533 131.391 127.489 125.6 124.173 124.739 126.249 128.63 132.14 134.737 142.018 151.355 162.53 190.464 209.03 201.134 191.656 182.381 176.437 163.962 146.349 125.67 99.193 66.4761 10.1422 1.66411 0.3094 -0.194989 
0.508267 0.5423 -0.0883205 0.157311 0.341909 -0.145888 0.485772 0.7387 -0.012179 0.259655 0.764522 0.247896 0.512491 1.04387 0.178487 0.42767 -0.00806906 0.139707 0.727274 0.57824 0.768279 1.72357 2.34377 33.288 82.4778 112.51 135.744 155.752 179 166.315 190.21 202.073 206.851 168.034 153.081 143.587 136.103 131.747 129.173 125.826 126.62 126.246 127.469 128.594 132.345 135.076 141.357 151.668 162.202 187.563 210.278 202.558 192.865 180.835 177.365 164.197 147.473 126.185 100.774 68.0296 12.5037 1.61729 0.866875 1.03774 
0.76697 0.875456 0.59926 0.0427616 0.42615 0.38216 0.395525 0.460394 0.18641 0.0494596 0.613098 0.120439 0.287448 -0.0663453 0.375002 0.459736 0.026031 0.645365 0.942012 0.900461 1.19153 2.22393 2.54638 31.1936 80.9422 111.815 136.97 156.928 180.859 165.478 190.009 199.261 207.471 168.659 153.3 142.984 135.863 131.041 128.729 126.892 125.52 126.757 127.328 128.799 131.342 136.157 141.467 150.618 161.544 181.017 211.845 203.834 192.97 183.51 174.123 165.4 149.039 127.374 101.672 70.8134 14.0785 3.61693 1.86836 1.21445 
