0.110179 0.257658 -0.384949 -0.162794 -0.205836 0.0875546 -0.47881 0.0734824 0.00229552 -0.114479 -0.0321502 0.339933 1.19859 3.97001 59.2976 93.6791 120.824 142.509 160.486 171.771 176.361 192.175 199.395 207.358 186.248 157.789 146.813 140.303 133.889 130.123 128.782 126.439 126.854 127.778 129.899 133.032 135.634 141.348 148.886 162.417 186.837 204.531 198.462 192.516 180.294 168.707 160.867 143.571 121.131 94.5175 60.2095 3.44839 0.752217 -0.0465541 0.172742 -0.276765 -0.178772 -0.300679 -0.618931 -0.434458 -0.0761268 -0.142894 -0.181458 -0.111368 
-0.649903 -0.0639003 -0.349557 0.275982 -0.335654 -0.396279 -0.241107 0.0699974 -0.3239 -0.198584 -0.573335 0.689649 1.33977 3.657 59.5181 93.9325 122.077 143.395 160.44 171.927 178.192 192.453 201.104 207.136 185.865 159.2 147.123 139.856 134.139 130.705 129.243 126.187 126.959 128.283 129.948 132.868 136.201 140.995 148.336 162.021 188.588 204.271 198.604 192.33 178.923 169.481 160.896 142.081 121.516 94.424 60.4711 3.04502 0.846172 -0.16805 -0.325061 0.0766682 -0.371915 -0.327133 -0.301043 -0.169037 0.184128 -0.139908 -0.00164791 -0.218162 
0.106434 -0.468602 -0.0322145 0.0262949 -0.203936 -0.148109 -0.12724 0.292887 -0.0808546 0.0529194 -0.129224 0.684017 1.28474 3.58512 61.4298 94.1406 121.438 143.395 161.287 171.432 178.046 193.012 200.894 205.425 185.948 158.378 148.233 141.059 133.868 130.135 128.671 127.745 127.017 127.289 129.5 133.586 135.791 142.773 149.794 161.561 189.006 204.804 198.3 192.123 179.422 169.449 160.122 142.981 120.284 95.4718 60.3929 3.43521 0.918656 -0.11316 -0.163943 0.118614 -0.0124492 -0.0747789 0.332665 0.404634 0.10101 -0.194686 -0.0953987 0.131094 
-0.66404 -0.56449 0.277064 0.0110378 0.069882 0.049647 -0.226317 -0.45344 -0.207146 -0.296993 0.0102087 0.488887 1.58747 3.9911 59.7928 93.774 121.461 143.805 161.231 172.146 176.714 192.436 201.238 208.219 187.143 161.289 148.117 141.501 134.312 131.909 128.629 128.251 128.161 128.115 130.322 133.61 140.1 143.51 154.511 163.015 191.287 206.179 199.133 193.127 181.002 171.639 160.103 143.619 120.866 94.0766 59.954 2.97995 1.40566 0.348814 -0.0146506 0.201855 0.071869 -0.412221 -0.0776213 -0.115825 -0.163426 -0.138821 -0.183065 -0.301252 
-0.0725862 0.0776431 -0.040603 0.215173 -0.679761 0.131848 -0.423518 -0.19949 -0.120732 -0.0734855 0.0345679 0.860988 1.49949 3.57156 60.6672 94.5583 122.015 143.928 161.554 175.552 176.741 193.432 202.806 207.851 187.748 160.644 147.553 141.125 135.128 131.953 129.501 129.048 128.753 129.455 130.817 134.48 139.598 142.972 150.781 162.767 192.15 206.613 199.734 191.883 179.405 172.443 160.569 143.472 121.264 94.5712 60.9127 3.32905 1.62298 0.427431 -0.0696409 0.471506 0.0741318 0.135616 0.313962 0.477748 0.0793559 -0.30057 0.101424 -0.163835 
0.199734 -0.309158 0.166353 -0.142552 0.017611 -0.0689403 -0.203354 -0.383215 0.297986 -0.145564 0.572652 1.05698 1.85836 3.9265 60.7124 94.9848 123.285 144.455 162.465 175.035 176.105 193.072 202.202 208.942 188.286 161.939 149.36 141.365 135.721 131.982 130.464 128.608 128.93 129.944 130.278 134.657 139.787 146.727 150.576 163.165 190.953 207.085 201.777 193.059 182.151 172.503 161.705 144.486 123.163 96.7034 61.1738 3.30086 2.18154 0.99766 0.252957 -0.134228 0.128846 0.225347 0.0668313 0.222328 -0.390716 -0.00577831 -0.121091 -0.446914 
-0.46133 -0.0716716 -0.180841 -0.102466 -0.396383 0.0531013 -0.200801 -0.406691 0.190084 0.181377 0.754588 1.3367 2.30859 0.773505 57.4688 94.2414 121.125 143.114 161.492 179.34 173.107 192.731 202.097 209.314 193.947 165.29 151.181 144.596 137.77 134.517 131.204 130.367 129.904 131.699 132.05 135.262 138.169 143.178 152.007 163.839 189.559 209.263 204.71 195.71 186.177 173.913 165.266 147.394 126.491 101.009 65.9838 7.99955 2.58652 1.15561 0.641394 0.393058 0.13395 0.30962 0.205387 0.285192 -0.82914 -0.356429 -0.287586 -0.0579424 
-0.0744731 -0.0709087 -0.26352 -0.268883 -0.125455 0.124365 -0.224237 0.0906874 0.0862585 0.419811 0.892675 1.6158 2.71774 0.700888 56.1475 92.7857 121.329 143.671 160.818 178.282 178.41 195.016 202.087 209.305 194.738 165.428 152.588 143.442 137.985 134.365 132.618 130.556 131.165 129.729 132.434 135.075 139.424 143.82 150.827 162.532 189.823 209.483 203.34 195.245 186.335 173.64 164.438 147.054 127.206 101.064 68.1379 9.95781 2.97032 2.3227 1.33121 0.779299 0.173892 0.123873 -0.0865464 0.400785 -0.28059 0.157114 0.422826 -0.00286817 
-0.0254106 -0.13932 -0.056088 -0.353368 -0.435163 -0.397128 -0.154765 -0.0334638 0.142587 0.396931 1.36837 1.86339 2.66049 0.0379161 53.3521 95.3616 123.684 147.382 165.325 182.909 179.44 195.171 206.13 211.625 199.625 168.546 154.32 146.605 141.02 135.949 132.912 132.306 131.154 131.566 132.89 134.897 138.656 145.652 152.516 163.499 191.941 209.933 205.633 197.273 187.08 176.708 166.286 149.756 128.957 101.978 68.7225 8.55267 3.55295 2.01256 1.14751 0.405235 -0.0465514 -0.0805594 -0.24341 -0.340518 -0.326273 -0.231182 0.181768 0.0518278 
-0.180395 -0.14641 -0.0719763 -0.395237 0.338778 -0.43207 0.24966 0.122222 0.453158 0.0599246 1.32626 1.78112 1.03444 28.0311 81.0136 108.92 138.79 163.129 179.734 194.127 193.843 206.29 214.31 216.933 206.11 174.167 160.419 151.539 147.387 143.82 140.335 138.286 138.432 139.071 140.135 142.462 145.019 150.104 155.927 167.457 196.506 217.541 212.157 203.257 193.961 182.456 172.687 156.572 136.255 112.986 83.9375 39.8207 4.38559 2.00592 1.27412 0.692143 -0.0803606 -0.185056 0.0836838 -0.105761 0.279395 -0.441209 -0.138206 0.132159 
-0.148251 0.217879 -0.240169 0.279761 0.139387 -0.332951 -0.0276704 0.0122376 -0.0346891 0.646135 0.887805 0.947628 9.57492 73.9431 111.668 150.99 175.891 191.606 200.391 209.817 218.005 227.264 234.749 240.134 227.947 193.304 179.959 170.856 161.845 155.42 150.667 147.983 146.184 146.532 147.667 150.802 154.488 159.935 169.831 181.843 208.874 232.478 228.194 219.278 210.095 200.466 190.265 176.111 161.267 141.498 117.369 91.3357 49.9411 0.269362 1.22071 0.831883 0.53551 -0.283269 -0.114485 -0.00119648 0.174716 0.133293 0.0724386 0.257279 
0.219511 -0.0106784 0.338596 -0.173163 -0.644454 -0.397918 0.0615928 -0.201097 -0.275199 0.617777 0.535948 12.4263 64.7039 100.611 129.262 166.831 184.858 199.595 205.797 218.717 228.748 235.883 242.798 248.084 236.01 198.517 185.827 176.703 171.279 167.063 164.808 161.579 160.784 159.963 160.525 164.039 168.413 175.077 181.034 192.045 219.626 248.977 242.95 237.058 231.986 224.887 214.542 200.802 182.677 166.88 148.221 127.068 104.37 77.7847 22.5159 -0.28023 0.512731 0.460906 -0.853357 0.00168139 -0.0326823 0.0122475 0.0956118 -0.0983849 
-0.834087 -0.0717259 -0.467962 0.0693777 -0.123361 0.0596306 -0.295159 0.0763898 0.163306 0.533408 8.11634 59.824 85.1002 111.99 144.382 181.261 194.155 205.268 210.529 221.396 231.476 239.52 245.396 250.096 236.788 190.012 179.649 178.871 174.78 169.457 166.892 164.864 163.626 164.208 167.225 170.305 175.322 179.864 189.346 202.895 230.335 263.862 256.182 250.675 245.808 236.527 227.756 215.634 195.188 177.457 159.785 140.772 120.094 97.8417 64.5953 4.04205 0.321062 -0.421668 0.0201689 0.133595 -0.052971 -0.0935617 -0.206452 0.319248 
-0.171277 -0.532283 0.151114 0.0345938 -0.0496028 0.0646493 -0.298184 0.0049093 -0.0286318 0.600091 21.3489 69.0053 97.6216 121.675 158.848 195.712 203.736 209.004 212.83 224.664 233.368 241.672 250.028 251.72 220.45 184.079 175.026 175.927 174.469 170.832 167.028 164.895 165.77 166.263 168.996 172.488 176.936 182.553 191.24 203.105 226.555 262.907 254.359 246.153 247.722 242.177 230.959 223.099 197.407 183.551 164.602 143.5 121.701 98.0642 67.2053 8.9754 0.539858 -0.250216 -0.454119 -0.484652 0.00559308 -0.0294231 0.203686 0.000817266 
-0.550003 -0.584039 -0.131204 -0.0767511 -0.218261 0.496952 -0.174799 -0.301967 0.332172 0.804818 18.9853 65.3834 89.8074 108.65 127.916 150.817 172.754 188.101 198.212 209.269 214.113 219.297 217.106 199.06 188.108 157.906 150.206 146.098 152.51 154.743 151.799 150.678 151.406 152.839 155.023 158.697 163.894 170.443 178.032 190.423 211.483 248.497 240.227 231.932 225.975 226.728 219.006 210.468 180.465 156.38 138.432 118.101 96.6635 82.5116 57.03 1.47609 0.325304 0.204661 -0.165787 -0.276253 -0.459466 0.439857 -0.137121 -0.0227147 
0.401916 -0.0213221 -0.2074 0.28801 -0.00400256 -0.347383 0.0271639 0.33105 0.436638 -0.0199119 -0.0917469 4.56012 10.1177 28.9488 81.5152 111.412 136.478 158.108 173.994 189.396 201.37 198.496 179.575 178.016 172.715 145.367 136.439 130.688 128.233 131.415 138.646 139.287 138.775 140.188 142.804 146.002 149.388 154.385 162.949 172.331 188.126 226.601 214.25 207.629 202.255 201.166 194.805 180.94 145.783 116.668 78.0983 23.5281 7.16601 3.21077 -1.18582 0.64578 0.537988 -0.246442 0.199515 -0.0470742 0.219871 -0.00204739 0.292778 -0.0442929 
-0.410437 -0.118786 0.190019 0.202703 -0.0374933 -0.146242 0.21569 0.16945 0.290716 0.752101 2.31901 2.61423 3.4457 4.40172 21.3492 77.3257 106.174 132.023 150.5 165.791 181.883 154.924 144.032 149.757 154.328 127.637 117.799 112.174 109.186 106.192 106.891 111.194 120.701 121.24 123.346 125.252 128.162 132.965 140.864 150.717 167.493 207.239 192.233 193.199 177.46 167.763 151.49 131.626 107.162 77.4101 21.4199 6.99593 3.97201 1.84988 1.63485 0.761005 0.689179 0.231443 -0.0581952 0.19485 0.055397 0.343963 0.220471 0.178261 
-0.335849 -0.501761 0.330145 0.00313056 -0.103635 -0.604305 -0.017222 0.437274 0.81769 1.69011 1.83191 2.35918 3.15436 5.09748 19.1797 69.5282 102.508 127.169 146.336 161.91 170.604 131.135 122.731 129.496 151.803 123.249 114.108 109.155 106.294 102.767 102.496 101.403 106.311 116.232 121.379 122.577 125.919 130.859 137.909 147.779 165.314 204.287 193.472 187.711 176.228 164.833 147.719 126.313 101.423 70.7156 13.2781 5.00066 4.20506 1.44334 1.66315 0.904189 0.27041 0.261807 -0.142623 0.252991 0.0587476 0.542974 0.113767 0.214311 
0.00822755 -0.0806636 -0.0828281 0.117941 0.045449 -0.243195 -0.0748351 0.50587 2.17179 0.980479 2.39312 2.27952 2.90621 4.5237 16.6356 65.5007 98.8162 125.052 144.8 159.151 157.121 119.203 112.034 108.221 152.043 121.903 112.456 106.785 103.832 101.017 99.7763 98.5745 99.7524 103.026 111.913 121.842 125.085 130.831 137.193 147.124 162.928 203.007 191.152 185.486 176.739 161.194 147 125.328 99.9398 67.8103 8.93196 3.72457 3.48941 2.27526 0.583686 0.58453 0.536103 0.0994226 -0.188934 0.157943 0.0629132 -0.169081 -0.0592703 0.602637 
0.43895 0.347275 -0.105331 0.0600118 0.533732 0.0991686 0.115169 1.15273 2.14268 2.14618 2.27863 2.4106 2.72131 4.0131 10.751 65.3967 96.1384 123.07 143.562 158.936 149.599 112.333 103.861 98.0518 140.814 121.095 111.896 105.762 101.875 99.4473 97.4268 96.6619 97.7792 98.5154 102.073 111.443 124.715 129.186 139.646 146.204 160.786 200.21 187.66 185.397 174.422 159.408 144.653 123.277 97.5817 66.3997 7.38384 3.16728 2.21983 2.28062 0.857765 0.513813 0.0581152 -0.228221 0.112178 0.191 -0.343557 -0.118504 0.0501728 0.00291877 
-0.0590855 -0.0700572 -0.100737 0.0635215 0.293798 -0.522704 -0.107236 1.83281 1.86221 2.09489 2.22447 2.23292 2.32665 3.1775 7.35136 64.062 93.7529 122.625 143.08 156.854 145.431 109.656 99.8974 92.9949 131.796 121.712 111.077 105.072 100.975 98.2413 97.0992 96.3981 95.6674 97.1633 99.2668 103.429 117.857 126.777 135.344 144.803 160.145 198.492 187.861 186.17 169.272 157.453 143.471 121.973 96.8071 64.6005 4.92316 2.99226 2.28925 1.67586 1.11402 0.0651635 -0.0312561 0.271046 -0.0532478 -0.36491 0.0405665 0.221285 0.11247 0.377178 
0.0349527 -0.0665823 -0.30568 -0.244296 -0.239774 -0.264642 0.0509797 2.35757 2.7992 2.33236 1.94071 2.59558 2.83194 3.28307 8.00095 60.5453 91.54 120.066 142.613 156.72 145.992 109.091 98.4982 91.3071 127.74 117.015 111.718 105.049 100.069 98.1073 96.6348 94.7835 95.8947 96.6682 98.9899 102.681 110.299 128.149 134.189 145.119 158.773 197.793 188.653 186.956 169.681 157.632 142.364 121.848 96.2076 63.8142 4.40244 2.89594 2.05047 1.20149 1.60411 1.72531 0.233904 0.0404433 0.375577 0.00512672 0.302325 -0.191796 -0.257129 0.0561256 
0.204266 -0.088224 0.127564 0.306268 -0.325402 0.0156956 0.00626816 3.27463 3.62693 3.01343 2.60321 3.25824 3.75322 4.23731 6.28008 61.2021 90.2968 120.368 140.575 156.186 147.967 110.241 99.2305 90.8689 127.986 112.327 112.561 105.37 100.69 97.9948 96.4331 95.8624 95.4241 96.9591 98.7513 100.902 107 126.693 133.933 144.104 159.036 197.217 186.965 187.871 171.018 156.369 141.741 120.996 95.2741 62.7763 2.79804 3.32549 1.87726 1.54845 2.02074 2.3418 0.081477 0.250228 -0.164225 0.443585 -0.361315 0.100691 0.300592 -0.267181 
-0.198814 0.437282 0.194151 -0.476291 -0.221217 -0.381738 1.4618 2.04541 1.13767 3.27237 3.77442 3.30456 3.44596 4.59124 2.38664 58.5033 88.2859 117.545 140.04 155.299 154.683 114.306 101.155 95.3057 124.13 110.2 112.897 107.088 102.237 98.1687 96.9804 96.0286 95.6206 95.8994 98.378 101.051 107.074 124.608 132.801 142.587 157.379 192.872 189.771 186.163 171.343 158.093 143.621 122.695 97.853 64.8148 5.6684 3.03995 2.61533 1.30158 1.4008 2.04526 1.82644 0.195913 0.628264 -0.207185 0.157756 -0.522799 0.2836 0.667517 
-0.0712027 0.316824 0.261199 -0.311543 0.135081 0.0945614 1.32602 2.45739 2.48904 3.70528 3.39609 3.42064 3.22638 4.63099 1.41634 55.9766 86.8798 114.907 137.657 155.19 161.554 118.593 105.49 97.4759 124.728 110.675 112.395 108.289 102.416 99.7216 98.0772 96.3498 96.4685 97.4336 99.3628 101.413 107.406 124.455 132.671 141.176 155.326 189.595 189.557 185.931 170.658 157.506 143.355 123.854 98.1309 65.8931 6.19897 2.88144 1.44428 1.55495 1.52386 1.84155 2.63669 1.96339 -0.438505 -0.184528 -0.145427 -0.0546322 0.548205 -0.272734 
-0.522269 0.0856335 0.0258483 -0.425135 -0.41089 -0.202457 1.29892 3.06861 3.43332 3.49372 2.72341 3.11998 3.15189 4.34879 1.62816 52.5532 87.1378 115.67 136.968 155.521 167.378 124.257 108.406 101.317 128.589 113.54 112.435 109.056 103.806 100.354 98.2194 96.4281 97.9471 97.9273 100.324 103.354 109.865 125.929 131.646 140.142 155.38 190.897 190.82 183.742 171.482 157.472 142.899 123.069 97.6382 64.7191 6.16027 3.3695 1.76305 1.4745 1.41896 1.5305 1.39308 2.26213 1.32636 0.170679 -0.08999 0.341353 -0.355066 0.158164 
0.0298446 0.643546 0.226951 -0.0863792 -0.0991077 -0.250807 1.12001 3.23362 3.72712 3.44548 3.28826 3.57757 2.81647 3.62015 1.45427 52.3588 85.8829 114.802 136.17 155.191 171.263 128.784 112.456 103.199 131.75 115.272 116.255 109.656 105.019 101.43 99.3996 98.7297 98.1513 99.2416 101.486 104.838 112.568 126.454 130.87 140.077 153.407 189.196 192.015 182.947 169.991 158.058 142.736 122.519 96.7318 64.2902 4.84352 2.98204 1.49708 1.55878 1.48252 1.78207 1.57525 1.84721 2.102 0.282799 0.401658 -0.186978 -0.269737 0.13686 
0.0566595 0.0101244 0.221091 0.0958824 0.0656855 -0.108857 2.04462 3.18647 2.9247 3.43276 3.45463 2.86898 3.71679 4.0514 1.40741 49.6752 85.2837 113.473 136.776 154.583 166.196 145.409 117.964 108.369 133.901 121.339 119.711 110.871 106.065 102.459 100.81 98.9818 99.5298 101.542 102.592 107.355 116.817 124.118 130.775 138.782 153.296 187.751 191.256 182.774 170.687 157.669 142.773 122.967 97.3198 63.6657 4.27137 2.13779 0.570322 1.25598 1.14393 1.95263 1.25316 2.56773 2.02779 0.417877 -0.194035 -0.232364 -0.021449 0.165362 
-0.251371 -0.165797 0.0876232 0.503815 0.0481725 0.11049 1.27975 4.30881 3.60294 3.61264 3.05768 3.09667 3.20731 3.36778 1.53571 48.9959 85.8173 113.286 135.606 155.021 166.46 157.234 122.582 113.293 138.141 130.475 122.087 113.657 107.641 104.973 102.225 101.833 101.991 104.868 107.466 113.095 120.677 124.847 131.632 139.299 153.029 187.668 191.949 182.281 170.807 157.411 142.64 121.375 97.4512 62.7636 3.29947 2.02683 1.78686 1.7536 1.55104 1.40437 2.05822 1.78761 2.08852 1.20243 -0.0679922 -0.255299 -0.00560227 0.0619303 
-0.173322 0.367178 0.0919657 -0.078835 -0.180273 -0.372077 0.993688 3.57267 2.8058 3.05361 3.58602 2.80721 2.75346 3.97958 1.87045 47.7263 84.2586 113.045 136.093 154.528 167.383 169.192 132.32 118.303 142.985 142.52 125.01 116.836 110.634 107.63 104.06 104.388 105.127 109.333 112.586 117.66 120.187 124.049 129.024 139.062 151.583 185.337 192.11 181.117 171.173 156.697 141.859 122.344 96.6358 62.5019 3.17688 2.01881 1.26277 1.4324 2.0581 2.11237 2.20951 2.04355 1.18523 1.29005 -0.40096 0.352882 0.386006 0.102655 
-0.21589 0.232391 -0.111857 0.013172 0.296627 -0.417966 0.179339 4.5381 4.10002 3.37683 3.36219 2.98787 3.64081 3.38271 2.48329 47.1784 84.1344 111.857 135.459 153.303 168.033 177 150.113 126.45 163.046 151.316 129.475 119.914 113.289 110.573 108.704 108.872 112.7 114.221 116.569 118.108 120.283 123.752 129.747 137.845 151.147 184.751 191.124 181.335 170.12 157.81 142.441 121.442 96.3577 61.5173 3.23347 2.01943 0.738254 1.05221 1.95264 2.94722 2.39223 1.26167 0.741595 1.05132 0.26231 -0.185905 0.0907952 -0.163631 
-0.248338 -0.0821414 -1.02201 0.459313 -0.0157424 0.0429495 -0.485711 4.62398 4.05333 3.68042 3.61607 3.28818 2.8586 3.66758 1.47388 46.6864 83.3875 112.454 135.099 154.959 167.146 176.021 179.37 156.541 177.592 161.399 137.616 127.607 122.508 118.894 117.598 117.012 117.493 116.883 116.278 117.831 119.825 123.705 128.213 137.202 149.554 182.581 191.562 181.113 168.27 157.014 142.106 121.074 96.1111 62.0668 3.48208 2.15674 1.37939 0.751221 1.48773 2.49345 0.481275 1.06217 0.866301 1.04806 0.000190687 -0.151648 -0.376846 -0.362981 
1.1257 1.11555 0.840505 0.702212 0.831485 0.267415 0.895027 3.54744 5.08681 4.46768 3.71199 3.58471 3.68026 4.06755 2.22251 48.8177 85.0036 114.176 137.433 157.152 169.558 177.664 186.349 195.724 201.211 182.647 152.635 138.901 130.924 125.394 121.569 119.693 113.028 113.214 113.096 113.735 117.032 120.546 125.702 132.787 146.095 178.503 187.757 176.192 166.396 153.702 139.77 118.519 93.5973 59.7405 1.54556 0.165231 -0.241167 1.97292 0.340097 -0.237614 -0.337749 -0.108145 -0.296697 -0.779107 -0.821263 -1.4395 -1.1316 -1.67537 
1.81543 0.640669 1.38907 0.639907 0.166015 0.742886 1.49082 1.43536 5.59625 4.39894 4.69006 3.05507 4.34643 4.0067 2.1771 47.6309 86.4182 113.575 137.35 156.746 170.333 179.186 187.904 194.742 200.95 184.247 154.267 140.999 130.95 127.763 122.638 119.935 112.958 112.793 113.511 114.314 116.594 119.971 125.264 133.442 145.277 177.19 185.937 177.457 166.337 152.973 139.676 117.964 93.6814 59.8556 1.93773 0.293337 -1.13561 3.74113 -0.192452 0.16066 -0.208084 -0.50667 -0.441409 -0.402395 -0.643402 -1.26557 -1.15015 -1.51616 
0.88711 1.40662 0.424898 0.585741 0.814984 0.773569 1.09777 0.46811 5.67975 4.91654 4.32838 3.20662 3.47786 4.16263 2.6842 47.1095 85.5141 113.615 137.166 156.806 170.621 180.29 189.93 196.806 202.643 185.558 154.522 142.586 132.248 126.976 122.562 119.953 113.534 113.273 113.915 114.689 117.118 120.332 124.702 133.239 144.628 177.541 186.576 177.372 167.297 154.019 138.952 118.18 92.6983 59.7652 1.63675 0.959384 3.06106 -1.42658 -0.177916 -0.364473 -0.664932 -0.344103 -0.532716 -0.429551 -0.947439 -1.16534 -1.62386 -0.966751 
1.33468 1.06726 1.80688 1.24138 -0.134637 1.49255 1.02282 0.364586 3.7864 4.4935 4.43546 4.13431 3.40755 3.79005 2.91671 46.7628 86.2051 114.187 137.257 156.297 171.424 180.098 189.413 198.399 202.983 187.158 156.828 141.402 133.807 127.818 122.543 120.422 114.128 113.778 113.643 114.717 117.243 121.014 124.788 132.876 145.145 175.451 186.773 178.551 166.534 153.953 139.132 118.245 93.4727 60.265 1.53896 0.529263 3.27246 -0.954065 -0.664764 -0.597794 -0.257136 -0.797329 -1.09433 -0.467441 -1.54514 -1.45729 -2.15608 -1.03704 
1.35942 0.908613 0.644772 0.332627 0.226172 1.15129 1.18362 1.12499 2.1097 5.49525 4.37516 4.25839 3.68102 3.88579 2.22582 47.2864 84.4508 114.174 137.308 155.666 170.365 179.66 189.492 197.367 202.945 190.7 157.35 142.76 134.155 128.42 123.529 120.495 113.275 112.465 113.147 114.708 117.451 119.943 125.008 133.198 144.75 175.82 185.447 177.786 166.849 154.271 139.408 118.943 94.737 60.061 2.30448 0.993008 1.6334 0.787079 -0.782517 -0.379006 -0.345745 -0.29075 0.0230975 -0.186797 -1.56706 -1.47047 -1.07315 -0.915628 
1.0775 0.993325 -0.0249245 1.12714 0.63354 1.13164 1.44426 1.60152 0.288862 6.54869 4.6339 4.57656 3.12321 5.24479 2.57882 46.9007 85.183 113.501 136.995 155.785 170.812 180.203 190.91 197.892 204.201 193.416 158.587 143.482 135.247 127.95 123.987 120.102 114.39 112.543 113.805 114.905 116.97 121.231 124.878 132 144.232 174.481 186.742 178.057 165.811 154.946 138.652 119.187 94.4705 70.1019 2.15698 0.678361 0.919484 -0.0690466 0.330181 -0.477856 -1.0718 -0.0866884 -1.07127 -0.371472 -1.36709 -1.95208 -1.6259 -1.3126 
1.40818 -0.602773 0.624128 1.54738 0.851275 1.30099 0.0683464 1.72566 1.15934 4.25912 5.72609 4.52016 3.45348 4.63662 2.62746 48.772 85.4436 113.459 138.055 156.316 170.318 181.121 189.62 198.733 204.485 192.48 158.321 144.001 134.619 127.967 123.598 121.41 114.53 113.019 113.549 114.443 117.222 120.933 124.437 132.771 143.749 173.928 186.782 176.966 166.794 155.778 139.597 119.918 94.4963 60.6638 2.61828 0.879767 0.720484 -2.18597 1.98445 -0.423068 -0.288881 -0.163679 -0.566969 -0.798766 -1.82323 -2.00219 -0.78907 -1.28494 
0.719631 0.754425 1.28464 0.990157 0.91611 1.08039 0.895939 0.674222 0.952392 0.675637 6.78404 5.56068 4.58599 4.41568 2.91927 48.3905 84.6381 113.445 138.699 157.194 172.607 181.512 191.695 199.128 205.437 192.942 159.474 144.84 135.481 135.021 124.594 122.418 114.916 114.511 113.284 114.64 116.732 120.145 124.698 132.405 142.043 172.623 184.302 179.23 168.659 154.704 139.979 119.439 94.7674 61.2381 3.35058 1.56041 0.836728 0.142033 0.773971 -0.153298 -0.309126 -0.742153 -0.452775 -1.14608 -1.24938 -0.926073 -1.39899 -0.870245 
0.982544 0.588698 0.969811 1.04497 0.726291 0.684311 0.74792 1.16872 1.30853 1.47731 5.92304 5.6274 4.39985 5.1311 3.8662 42.917 85.3045 113.031 138.466 157.405 170.512 180.304 189.788 197.803 203.439 196.247 161.625 147.248 137.803 130.351 125.402 122.037 115.121 113.677 114.492 115.348 118.348 120.449 125.611 131.306 142.226 170.202 186.071 179.602 169.182 156.074 141.065 122.574 98.0172 65.2195 8.35189 2.88717 1.36639 0.695854 0.917242 -0.237941 -0.488611 -0.287498 0.0827392 -0.801487 -1.37074 -1.13142 -1.48487 -1.17144 
2.24786 1.29254 0.238055 1.31256 1.68618 0.943815 1.45218 1.58105 0.506231 1.0045 0.71379 9.07848 4.30382 5.25093 5.65213 37.5167 82.3701 112.098 136.765 155.685 170.652 181.071 189.699 198.324 203.768 200.379 162.978 148.598 137.866 130.892 125.514 122.565 116.175 114.543 114.688 115.949 117.134 120.671 124.54 130.972 141.486 167.12 186.904 179.087 170.886 157.17 143.667 124.705 101.009 69.4444 11.3515 3.50145 1.39111 1.55831 2.17413 0.635165 0.513246 -0.11968 -0.540481 -0.93092 -1.07708 -1.36883 -1.31894 -1.08076 
0.687246 1.41263 1.28558 1.08467 0.768999 1.16559 0.848844 1.04459 1.01677 0.838909 1.35973 8.49495 5.32207 5.85256 6.08526 34.0846 84.451 112.078 137.549 158.067 170.991 180.753 190.211 198.635 204.501 200.413 163.613 149.017 139.095 131.02 126.665 123.18 115.692 114.67 114.368 115.407 117.06 119.666 124.228 131.192 140.247 166.007 187.123 180.887 169.787 159.192 144.765 125.528 102.224 70.6091 12.6249 4.16463 2.07838 2.23702 3.05419 1.08749 0.965346 -0.542957 -1.77239 -1.7239 -1.45617 -1.60584 -1.45185 -1.47618 
1.05879 0.798897 1.15058 1.0739 1.50682 1.01077 1.61465 1.26245 1.31259 1.32108 1.0811 6.27545 6.20895 5.68179 6.77524 38.5563 85.8401 113.595 138.196 156.795 172.208 182.639 191.119 199.069 205.152 200.866 163.639 148.143 138.471 130.248 126.329 123.773 116.728 115.413 115.574 115.929 118.343 120.347 123.689 131.219 140.516 162.986 189.496 182.079 170.899 161.379 145.595 126.994 105.624 73.3428 15.3418 4.98278 5.21707 6.19621 9.27724 4.42278 0.140319 -0.508439 -2.25209 -1.51683 -0.914996 -1.16443 -1.63711 -1.88361 
1.43299 1.14439 0.979235 1.48502 0.699158 1.3186 1.11125 0.945938 1.24803 1.29123 1.8954 3.05129 11.8342 10.4819 9.71931 59.3667 98.0269 123.659 147.265 163.22 177.753 186.715 196.467 204.557 209.972 205.035 168.729 153.726 141.956 135.878 130.745 125.731 117.524 116.249 115.235 116.221 118.016 119.905 124.234 131.18 140.806 158.21 193.879 182.828 172.884 163.208 147.041 128.751 107.506 75.4037 19.8139 11.644 9.49683 4.86596 2.77762 -0.515905 -0.407337 -1.68716 -1.30924 -1.41447 -1.50825 -1.60462 -1.20536 -0.992963 
0.495735 0.853635 0.529175 0.852688 1.09255 1.25836 0.191003 1.34062 1.67373 1.12884 1.5277 1.8125 6.21321 13.3733 62.8537 108.465 138.848 165.571 185.658 197.564 197.737 202.763 210.497 216.942 226.421 224.727 187.495 173.432 164.902 158.525 152.466 151.052 142.473 141.32 140.049 141.621 143.034 145.637 150.245 156.134 168.299 186.943 228.581 216.438 207.722 195.473 181.748 168.832 150.983 128.74 91.8802 35.549 14.3102 9.56003 5.56558 -0.622166 -0.215335 -0.756046 -0.843868 -1.52665 -1.41783 -0.81454 -2.01342 -1.3655 
1.44781 0.503338 0.7527 0.597361 0.785205 1.08199 0.458054 1.19196 1.21768 1.05497 1.14133 1.385 0.990788 30.95 88.9457 128.827 160.88 184.475 204.724 209.135 210.103 220.814 229.079 239.711 248.91 246.224 205.362 191.69 179.468 172.913 168.095 164.997 156.826 155.212 156.801 157.46 159.416 162.693 167.797 174.468 186.073 203.785 247.234 235.672 246.282 246.375 236.598 219.427 201.104 180.945 156.526 135.572 122.278 100.579 65.1436 15.132 -0.408439 -0.863785 -0.806129 -1.51005 -1.21384 -1.73505 -1.90201 -1.3995 
0.777862 0.75479 0.964846 0.795672 1.54237 1.03071 0.147913 0.840629 0.85531 0.84509 1.78561 1.85004 3.40427 59.0577 94.037 128.942 165.097 192.319 205.903 215.093 219.432 229.238 238.336 246.293 255.62 252.944 211.708 197.902 186.102 179.226 175.542 170.36 163.609 161.239 162.418 163.426 165.025 168.452 174.89 180.851 193.045 208.758 252.743 242.08 251.178 259.688 259.339 239.561 217.35 188.373 168.496 151.549 133.168 110.82 86.9614 49.296 -1.12658 -0.557734 -1.37351 -1.48741 -1.27577 -1.6439 -1.83434 -1.78937 
0.789978 0.799315 0.751746 1.79761 0.949013 0.265495 0.937404 0.560059 0.660556 1.04565 1.10938 2.08492 4.83787 61.8716 93.957 122.829 152.343 185.589 200.354 210.306 220.636 231.22 241.11 248.866 255.703 256.089 216.509 200.13 189.21 181.955 176.568 173.744 165.573 164.603 164.557 166.225 167.153 171.727 176.268 185.124 197.201 212.15 257.397 242.618 253.782 257.1 253.759 249.835 205.378 187.119 171.686 154.357 134.997 113.579 90.7775 57.5382 6.09654 -1.11417 -1.48145 -0.961568 -1.1265 -1.21697 -1.29649 -1.21063 
1.27115 0.256529 0.539149 0.923603 0.400125 0.393462 0.882824 1.02225 0.719007 1.0451 0.808456 2.05825 1.04412 32.1804 79.6173 108.314 139.63 174.551 193.714 204.883 217.592 228.737 238.921 246.96 252.772 250.89 210.216 194.332 184.926 180.311 172.64 168.258 162.099 159.654 160.598 161.193 164.089 167.153 174.124 181.942 194.324 212.486 257.841 243.406 251.272 248.361 241.713 231.054 205.087 184.824 168.229 150.735 131.304 110.079 85.6079 53.5666 4.16475 -0.965155 -1.28713 -1.29695 -1.25522 -1.44056 -1.36628 -1.14708 
0.987692 0.692307 1.0951 0.15069 1.14682 0.859673 0.814865 1.46154 0.979759 -0.0976169 0.651406 1.42793 2.1728 1.63745 42.0352 86.2608 116.976 148.721 180.831 200.462 213.753 225.575 232.686 236.287 243.732 241.786 203.028 185.78 175.921 169.33 166.375 161.799 153.9 151.646 152.823 154.123 156.121 159.86 165.206 174.205 185.904 205.304 253.07 242.245 242.844 236.108 229.625 218.517 200.08 180.678 164.485 146.278 124.771 102.679 75.3439 31.7538 -2.05027 -0.829087 -1.27621 -1.33943 -1.56494 -1.11521 -1.39907 -1.07699 
0.887108 0.677004 0.0364001 0.688405 0.950421 0.771293 0.609756 1.23225 1.723 1.12292 1.04857 1.41944 1.74316 2.62632 2.31817 41.4638 89.1702 120.757 146.334 171.121 189.003 204.379 215.384 221.211 227.681 229.343 190.479 174.557 164.379 156.863 151.705 149.197 143.253 140.609 140.958 141.894 145.667 148.979 153.661 163.317 173.709 190.866 235.044 232.223 227.709 221.868 213.8 206.342 188.96 171.967 156.011 135.863 112.683 85.6908 38.0463 -0.704009 -0.781943 -0.968027 -0.925914 -1.32488 -1.76863 -1.58269 -1.20546 -1.37282 
0.241857 1.46895 0.551675 0.147598 0.660186 0.622696 0.787305 -0.302167 0.734723 1.15893 0.807818 1.63953 1.26195 2.949 3.59764 23.7241 80.9122 112.52 138.01 157.654 171.816 181.02 192.533 204.44 212.832 219.144 177.854 161.413 151.885 145.314 142.025 137.702 131.153 128.505 129.405 130.662 133.596 137.73 142.619 148.943 160.923 177.25 218.507 211.913 208.474 205.079 195.049 185.365 170.545 156.12 133.953 108.853 73.1112 22.6521 -1.15679 0.478679 -0.325483 -0.90624 -0.97769 -0.929398 -1.19102 -1.2685 -1.45042 -1.285 
0.1438 1.26427 2.07554 1.10494 1.16879 1.40471 0.447082 0.541459 0.953679 1.20363 0.879955 1.3435 1.51962 1.6708 3.39789 24.5636 79.851 110.708 135.417 155.093 174.405 181.714 193.781 203.301 212.174 217.975 177.915 160.613 151.103 143.771 140.04 137.363 130.627 128.626 128.047 131.013 131.969 137.671 142.209 149.442 157.765 175.891 211.427 205.86 197.175 188.008 176.16 167.961 150.712 131.585 105.269 73.3639 18.326 2.00326 0.918483 0.531031 -0.61256 -0.621276 -0.979043 -1.22708 -1.33206 -1.00611 -1.19925 -0.817998 
1.20259 0.203252 0.630241 0.929194 0.574898 0.925166 0.742783 0.609219 0.922828 1.35462 0.754212 1.25106 1.38528 2.86242 3.156 24.6523 79.4691 109.227 135.346 155.508 172.55 182.589 192.118 202.425 211.947 214.84 176.072 161.14 150.823 143.531 138 135.274 128.649 127.464 127.32 128.847 130.623 135.551 139.885 145.883 155.912 173.113 207.687 202.736 195.58 186.246 175.269 167.137 150.682 131.076 106.221 74.7716 20.7485 1.8676 0.436717 -0.353493 -0.811362 -0.96709 -0.952818 -1.50846 -1.49717 -1.63714 -1.31779 -0.721041 
2.08605 1.14315 0.239754 0.351284 0.935418 0.348294 1.43021 0.822083 0.710316 1.23566 1.08994 0.502932 0.89892 2.03488 3.1093 25.406 79.355 110.216 135.75 155.438 172.667 180.071 192.569 202.724 209.159 213.857 174.819 159.325 150.901 144.231 137.785 134.582 128.232 127.505 128.325 129.057 131.7 135.501 139.681 146.051 156.99 173.091 207.765 202.488 197.512 186.529 175.925 166.3 150.219 130.024 105.684 74.1577 20.6613 1.3759 0.100588 -0.403207 -0.941657 -1.14836 -1.57957 -1.58201 -1.59332 -1.73027 -1.19786 -1.44287 
0.694806 1.16643 0.581546 0.683582 0.992173 1.20285 0.318664 1.42027 1.0011 1.14884 0.941308 0.952031 1.05612 1.95114 3.17474 26.7009 80.0211 110.462 134.967 154.954 171.83 174.87 190.391 201.865 209.605 215.332 172.222 157.932 150.373 142.944 137.281 132.817 128.238 128.272 127.474 128.413 130.467 134.956 138.623 145.464 156.304 171.618 207.434 204.368 195.687 188.513 176.495 167.279 150.396 130.493 105.332 74.8971 19.7405 0.952915 -0.20093 -0.534161 -1.35521 -1.24125 -1.4095 -1.642 -1.43069 -1.52749 -1.3693 -1.22618 
0.500271 0.843405 0.704588 1.60903 1.1927 0.716015 0.298199 0.831276 1.07146 1.05073 -0.747098 1.03868 1.00226 1.84537 2.35957 25.2994 78.5989 109.992 135.286 155.149 171.648 176.925 190.563 201.409 208.914 214.884 174.532 158.392 148.984 140.729 135.974 133.745 126.842 125.509 126.672 127.786 130.286 133.117 137.198 144.487 153.818 168.774 204.617 201.491 194.923 184.72 174.284 166.907 150.506 130.028 105.476 76.1268 24.5446 0.178012 -0.533361 -1.27695 -0.954834 -1.07594 -1.45754 -1.71669 -1.28131 -2.06638 -1.71379 -1.0114 
1.08434 0.839807 0.453852 0.329573 0.417921 0.584344 1.13226 1.03998 1.17006 0.998365 0.241793 0.770205 0.99723 1.95647 2.75733 22.8251 75.4813 107.647 132.739 152.321 170.192 174.918 188.467 199.347 207.511 217.05 174.361 158.681 148.251 141.152 136.013 133.26 128.441 125.601 125.341 127.77 128.684 132.791 136.834 142.275 152 167.953 200.442 201.957 197.465 187.39 175.26 168.784 151.689 132.576 108.468 77.4943 28.0182 0.0618387 -0.510326 -1.4429 -1.73642 -0.834638 -1.14136 -1.00126 -1.48827 -1.24571 -1.08775 -1.21743 
0.839296 0.400785 0.435932 0.0940401 0.85343 1.21674 0.67663 0.690766 1.65732 0.925648 0.351995 0.857042 0.826159 1.66868 2.42691 23.3319 76.2881 107.888 133.108 154.096 170.567 171.784 188.356 198.568 208.801 216.889 174.899 158.05 148.293 141.919 136.236 133.055 127.615 126.037 125.35 127.799 128.889 132.513 136.986 142.159 152.18 166.656 199.267 201.462 195.144 186.027 176.024 167.411 151.388 130.682 107.167 78.0963 30.3207 0.0198431 -0.530299 -1.65928 -0.933925 -1.20439 -1.1153 -1.12867 -1.63998 -1.0824 -1.27099 -1.22084 
1.01839 0.414797 0.399077 -0.0965227 0.314555 1.09283 1.42168 0.537612 0.855621 0.927736 0.467101 0.954734 1.31167 2.37238 3.0238 23.1362 77.0804 107.615 133.493 152.943 170.536 172.62 187.757 200.146 208.432 216.773 173.313 159.618 147.329 141.238 136.007 133.191 127.223 125.776 125.334 126.409 128.332 131.861 135.284 142.786 150.519 165.778 198.43 202.73 194.057 186.401 175.453 167.991 151.172 131.51 107.927 78.1272 27.971 0.548021 -0.367246 -1.08858 -1.0836 -1.04248 -1.15083 -1.47989 -1.19116 -0.948033 -1.62375 -1.05321 
0.938355 0.987864 0.157891 -0.0416698 0.424556 1.59084 1.22202 0.568909 1.21372 0.264463 1.15336 0.811378 1.07561 2.51194 2.29548 24.3224 77.5226 108.024 133.818 154.602 170.515 171.538 187.549 200.918 207.869 216.269 173.972 157.893 147.581 140.021 135.953 132.733 126.427 124.66 128.338 137.35 127.688 131.072 135.016 140.978 151.717 164.111 198.337 201.611 194.804 188.213 175.142 167.723 151.308 132.35 107.57 78.0015 28.9899 0.00628123 -0.468797 -0.997072 -1.56183 -1.17262 -1.20144 -0.785175 -1.34262 -0.911638 -1.07201 -1.45657 
1.24682 0.809948 0.0632114 0.773149 0.715311 0.227815 0.370689 1.10117 0.409729 1.07095 1.77428 1.38133 1.50741 2.53223 2.73342 25.8635 78.7769 107.987 134.78 154.121 170.416 170.814 185.2 201.525 208.183 216.544 173.424 157.993 147.117 139.959 136.29 134.249 128.836 124.75 124.846 126.168 129.642 132.458 136.081 141.394 152.803 164.145 198.778 202.082 194.864 187.257 174.528 168.746 151.963 132.59 108.128 78.8975 30.565 0.95192 0.508174 -0.611995 -0.960214 -0.816888 -0.461252 -1.20899 -1.23534 -1.35931 -1.17694 -1.12437 
0.515685 1.03415 0.87382 0.233596 0.494171 0.76424 0.305915 0.448754 0.475519 1.32985 0.985445 1.05336 1.9366 2.80289 3.00601 26.45 78.5459 109.77 134.546 155.354 171.239 171.186 184.269 200.874 208.032 213.855 172.612 157.361 148.025 139.04 135.485 131.772 127.76 125.108 124.378 125.329 128.277 131.844 135.517 142.216 150.218 163.949 198.232 201.334 193.788 187.023 172.898 169.454 153.016 133.647 109.859 80.8995 31.7245 1.97239 0.66675 -0.0377882 0.245381 -0.338719 -0.626455 -1.44957 -0.925829 -0.228898 -0.820508 -1.22158 
