0.307446 0.394868 -0.0626479 0.0940724 0.257346 0.317285 0.2533 0.390153 0.119908 0.225858 0.149793 0.640633 0.517042 -0.0379757 0.0822202 0.706173 1.43729 -0.0290807 56.1498 91.1879 118.514 140.74 158.772 170.98 179.455 189.719 197.409 209.966 170.767 157.463 148.233 139.06 132.391 128.784 126.635 126.46 126.112 126.735 129.408 132.893 135.866 142.747 151.987 166.605 201.871 206.89 198.683 187.346 168.709 176.295 160.088 142.563 119.502 92.758 57.8813 0.431929 -0.0248409 -1.15149 -1.61368 -1.48916 -1.06762 -1.3175 -1.04269 -1.18475 
-0.123688 0.0431652 0.0113841 0.451716 -0.127505 -0.147115 0.166878 0.317761 0.0227702 0.146925 -0.163858 0.423777 -0.108012 -0.137705 0.0474418 0.308646 1.96169 -0.631271 55.2698 91.0512 118.562 140.885 158.911 171.657 178.765 190.076 197.979 212.126 172.572 157.155 147.199 139.371 131.38 128.544 127.014 125.915 126.33 127.276 128.262 132.537 136.052 142.881 152.114 167.08 202.435 207.085 199.338 187.286 168.737 175.905 160.408 142.045 120.005 92.7575 58.0187 0.8714 -0.576951 -1.09896 -1.24598 -1.03423 -1.32369 -1.23904 -1.18629 -1.31546 
0.482316 -0.129595 0.132235 0.465877 0.40832 -0.0575452 -0.00108625 0.260993 0.165545 0.519363 -0.112331 0.256979 0.08334 0.377615 0.0242891 0.259446 1.97545 -0.832216 55.6992 90.3013 118.244 140.971 158.593 170.337 178.608 189.83 198.753 213.2 172.71 158.09 147.114 139.647 131.909 128.328 126.625 125.867 126.718 126.184 129.248 131.668 136.123 142.951 152.301 167.025 202.316 206.66 200.816 188.498 170.053 175.96 159.904 141.747 119.857 93.7619 58.0939 0.630811 -0.151485 -1.2996 -1.32946 -1.07064 -1.33473 -0.942208 -1.17514 -1.12352 
0.137237 -0.308817 0.445825 0.115939 0.279309 0.332687 -0.132481 -0.0492763 -0.358766 -0.200426 0.155897 -0.0580806 0.0916266 0.394466 0.319121 0.409016 1.46862 -1.01422 54.514 90.1121 118.112 141.353 159.54 171.174 180.287 189.55 197.964 212.928 174.823 158.411 147.465 140.265 133.963 129.199 128.121 128.385 129.805 130.677 130.221 132.436 138.419 143.844 153.533 167.433 204.459 207.278 200.042 190.731 169.027 177.147 159.767 142.466 119.97 92.4712 57.8207 1.33142 0.0368431 -0.980219 -1.15616 -1.41066 -1.15246 -1.33735 -1.49058 -1.53936 
0.22527 0.671847 -0.219498 0.582721 -0.418277 0.427556 -0.348855 0.423784 0.0549635 0.0466258 0.540556 0.620148 0.170147 -0.154901 0.0800395 0.514376 1.70254 -0.55492 53.8299 90.155 117.897 140.856 159.877 171.806 179.171 190.893 198.061 211.209 177.817 159.747 148.032 140.688 133.559 129.445 127.388 129.642 126.885 127.304 130.53 132.769 137.812 144.116 154.076 167.287 205.255 207.737 200.369 190.758 171.055 178.028 160.432 142.974 120.953 93.8471 58.7462 1.02059 -0.195211 -0.734728 -1.17002 -0.884454 -1.19269 -1.42407 -1.1449 -1.0466 
0.0398169 -0.294229 0.28469 0.110827 0.416367 0.388064 -0.238449 0.172107 0.224846 0.0578736 0.646096 0.297657 -0.0947885 0.0911068 0.102036 0.670339 1.99547 -0.675486 53.2772 90.3259 117.667 141.003 159.928 172.014 178.258 190.386 198.846 209.299 182.018 160.417 149.114 140.12 133.52 131.331 128.245 129.432 134.091 128.646 130.91 134.268 138.797 144.713 154.227 168.459 204.843 208.227 202.217 191.375 170.634 178.498 161.165 143.63 121.19 94.6875 59.7285 1.7297 0.544789 -0.263239 -0.780677 -1.27969 -1.32851 -1.63578 -1.26471 -1.69004 
0.138502 0.167281 -0.195978 0.270416 -0.160735 0.114913 -0.0725189 0.183799 0.362656 0.210297 0.383097 0.158017 -0.113456 0.450792 -0.0752057 0.899424 1.57809 1.20409 45.0419 86.9653 116.481 138.852 157.842 174.497 178.327 190.299 199.572 207.954 191.13 162.651 151.962 142.415 134.51 130.89 129.583 129.545 128.766 128.667 131.256 134.672 138.208 145.309 154.341 167.165 202.269 212.084 204.199 193.97 181.427 176.679 164.232 147.077 126.084 99.202 65.1618 5.7776 0.851399 -0.218536 -1.04495 -1.08426 -1.64379 -1.01221 -1.49769 -1.05337 
0.280513 0.469596 -0.121276 0.1946 0.287548 0.344361 -0.0781011 0.312048 0.111882 0.230706 0.340344 0.387267 0.200451 -0.0317353 0.58215 0.735029 1.83162 2.64765 41.4922 86.9366 115.329 139 157.564 174.44 178.717 192.981 201.175 208.565 195.003 165.255 153.009 143.957 136.08 132.318 131.065 129.756 129.935 130.702 132.332 135.663 139.539 145.192 154.004 166.847 202.127 210.735 204.236 194.709 182.466 175.318 164.708 147.148 125.265 100.584 67.2783 9.18851 1.12926 0.0443997 -0.450942 -0.80883 -1.5863 -0.892812 -1.14408 -1.21615 
0.501758 0.108825 0.255245 0.0414897 0.269836 0.161223 0.278423 -0.0307588 0.375009 0.107077 0.505248 0.00946272 0.267529 0.0602017 0.816988 1.44913 1.9081 2.29822 40.4828 87.3499 115.252 139.088 158.23 176.096 175.759 193.723 201.81 209.784 196.116 167.973 155.5 146.765 138.375 136.682 133.652 132.143 133.519 132.069 134.32 137.145 142.029 147.926 156.649 169.587 202.789 214.287 206.768 196.607 183.843 174.276 165.811 148.393 127.861 100.84 66.1878 7.78378 0.993166 0.115299 -1.17292 -1.20287 -1.62903 -1.63351 -1.76635 -1.00127 
0.391831 0.382329 0.173615 -0.0246966 0.60997 0.525302 0.420139 0.227888 0.546802 -0.1422 0.352207 0.218148 0.0175964 0.14021 0.292295 1.11763 2.29764 2.21698 37.0054 88.6032 119.618 144.846 164.371 182.803 189.641 202.418 210.48 219.662 205.522 176.576 162.385 152.87 149.89 148.5 146.928 144.831 143.817 143.679 144.597 146.679 149.743 156.723 164.888 177.655 210.217 223.242 218.731 207.734 197.883 188.305 173.863 156.766 136.884 108.721 75.6969 19.7342 -0.138632 -0.00297381 -0.461064 -0.79682 -1.14162 -1.28585 -1.62939 -1.36836 
0.0708135 0.0279069 -0.0603015 -0.0286519 0.122522 -0.26029 0.205942 0.459685 -0.367112 0.116707 0.277332 0.130707 0.29112 0.282912 0.811714 0.849 1.70737 25.3941 78.92 109.53 136.386 160.015 178.384 192.932 202.17 213.865 224.64 233.779 224.827 197.232 185.814 178.047 175.046 173.884 171.264 171.476 162.811 163.005 164.198 166.259 174.008 181.61 189.302 202.737 235.796 248.77 239.636 227.551 214.904 204.44 191.111 173.581 155.558 133.319 107.013 73.653 10.8268 -0.315456 -0.695223 -1.11146 -1.09522 -1.29818 -1.19281 -1.04971 
0.703539 0.173444 0.165978 0.387685 -0.130819 0.220311 0.550196 0.063215 0.190507 0.317621 0.576171 0.376196 0.228198 0.52728 0.988632 1.21382 -0.894839 49.2335 91.957 123.417 151.889 175.574 193.652 210.699 223.061 234.404 240.801 251.112 230.523 204.475 192.818 184.575 182.678 185.249 183.268 183.438 175.412 178.434 180.78 184.522 190.956 198.16 206.672 221.735 256.25 278.241 272.1 260.851 247.44 235.562 218.477 202.739 182.607 158.909 131.331 98.9191 52.386 10.2276 -1.6525 -1.47731 -1.51362 -1.62995 -1.10387 -1.15273 
-0.278339 -0.0852484 -0.18437 0.268141 0.0823256 0.163177 -0.382263 0.224692 0.430125 0.310309 0.284785 0.232042 0.255437 0.525688 0.818923 1.31254 7.47814 73.7149 112.668 143.548 168.45 189.017 206.129 220.305 232.803 240.969 245.882 235.86 235.983 212.422 200.623 194.017 192.855 194.687 205.506 198.44 187.787 187.68 187.481 187.962 193.574 199.874 209.822 223.384 258.438 281.068 276.556 269.143 256.986 243.559 228.57 213.395 194.499 175.062 152.514 126.915 98.3207 62.7752 2.64813 -1.17243 -1.13728 -0.869304 -1.42948 -1.28937 
0.169822 0.00916941 0.174695 0.388902 0.302753 0.185199 0.215456 0.18397 -0.150721 0.581096 -0.0189064 0.420765 0.40516 0.345987 0.952007 -1.43802 51.8095 95.2586 126.613 154.155 176.403 195.868 212.434 225.78 235.717 241.775 222.828 226.065 245.41 215.139 202.619 193.415 195.465 199.114 214.19 218.831 194.366 191.241 187.813 188.061 194.987 202.07 210.216 224.594 257.442 284.121 273.978 267.912 257.2 246.45 231.374 216.156 198.075 177.195 154.896 130.769 102.907 66.7467 7.08596 -1.39939 -1.62096 -1.29303 -1.37137 -1.43218 
-0.207912 -0.0877203 0.234516 -0.0947097 -0.0697502 0.584864 -0.0501812 0.183998 0.345367 0.418197 0.147551 0.144903 0.282222 0.611156 0.635789 4.09387 69.3278 102.28 131.582 159.576 179.09 194.342 207.87 217.357 224.938 205.844 187.992 188.86 226.791 199.291 186.504 177.165 165.623 159.868 158.599 237.229 179.827 175.877 166.565 165.944 170.186 174.405 185.109 197.135 225.652 254.708 249.878 241.819 231.975 221.161 208.19 194.933 178.798 154.326 123.382 89.8126 41.0548 13.7625 -0.994582 -1.2121 -1.30241 -0.978934 -1.5088 -1.27826 
0.574752 0.139913 -0.0472088 0.13879 -0.166452 -0.171304 0.102887 0.283407 0.0883329 -0.188252 0.510883 0.634533 0.39115 0.528821 0.76726 3.11009 37.0372 51.067 87.6016 111.054 132.34 156.336 175.263 185.213 198.752 159.431 146.157 141.641 171.408 179.128 164.201 155.412 145.282 141.566 135.162 185.524 174.078 161.081 146.53 149.244 151.193 156.443 162.821 173.653 194.064 232.313 219.675 210.684 198.725 187.156 169.594 147.479 120.406 95.3075 67.3737 18.123 0.00134453 -0.267263 -0.546862 -1.17992 -1.14673 -1.08752 -1.03091 -0.93323 
-0.0650247 0.630091 0.43175 0.357773 -0.164161 0.0442251 0.510437 0.250216 0.417078 -0.00267334 -0.0848235 0.194922 0.409335 0.531379 0.352643 0.846055 1.58014 2.26183 10.4653 66.4811 96.143 121.224 141.725 157.781 165.367 128.562 113.341 106.442 125.473 127.194 144.728 135.845 127.123 122.6 135.375 118.962 156.442 123.583 127.924 127.385 129.502 135.706 142.457 152.119 168.563 210.623 197.647 189.121 177.882 166.696 151.539 131.709 108.755 79.0435 27.7869 1.20836 1.02624 -0.140251 -1.02283 -0.956376 -1.13844 -1.33312 -1.37846 -1.00083 
0.575969 0.36094 0.192132 0.185495 0.105333 -0.563015 0.176922 0.393378 0.120292 0.376126 0.451597 0.00314222 0.452683 0.922683 0.462278 1.04394 1.58423 2.40863 1.03707 48.7364 86.391 113.688 137.549 155.296 155.448 119.63 106.672 98.4803 116.909 107.297 109.663 125.786 125.514 128.336 135.547 121.246 129.109 121.265 122.818 125.07 128.366 132.284 139.99 150.214 166.639 205.162 195.842 185.926 175.953 164.122 150.118 130.673 107.752 77.953 24.3168 1.67437 0.341566 0.0734003 -0.622122 -1.12735 -1.04814 -1.03104 -1.48487 -1.32408 
0.024239 0.109678 -0.0203719 0.446663 0.231107 0.236626 0.187852 0.264107 0.356051 0.386675 0.643044 0.448108 0.164553 0.672759 0.977406 0.858264 1.00646 2.25999 1.98088 38.8253 82.1517 111.481 134.754 153.569 144.357 112.514 101.862 92.7202 111.793 99.9373 97.377 100.356 122.888 128.475 135.285 123.937 124.815 119.803 121.039 123.766 126.268 131.514 138.276 147.896 165.122 201.374 193.933 185.73 174.753 163.753 147.413 128.971 105.671 74.8765 21.7703 1.2407 -0.0298553 -0.672715 -0.826028 -0.995617 -1.01008 -1.09307 -1.29095 -1.24621 
0.806937 0.42682 0.261379 0.498835 0.393177 -0.0214151 0.28263 0.446514 0.627095 0.0999781 0.585372 0.152415 0.483463 0.477067 0.615767 1.09185 0.700612 1.96595 2.615 34.1878 78.9018 108.341 132.378 150.607 137.506 109.531 99.2998 89.0099 109.182 97.756 91.7646 91.9083 101.607 123.25 134.805 123.569 122.002 121.32 122.887 122.047 124.739 130.061 136.749 146.491 162.622 199.942 192.303 185.069 173.523 161.039 147.282 128.465 104.443 74.0897 20.5186 0.871458 -0.750054 -1.40088 -1.38471 -1.23303 -1.54859 -1.38975 -1.51307 -1.40054 
0.593404 0.151334 0.304533 0.237185 0.117398 -0.0891237 -0.0135452 0.406208 0.454663 0.178646 0.549752 0.520984 0.0196761 0.197276 0.467381 0.421393 0.865264 1.51029 2.27212 28.3614 76.4763 105.139 129.339 147.953 137.352 108.176 97.099 88.5716 108.48 96.4139 90.5471 88.9658 93.7958 108.484 132.058 121.365 121.516 118.232 120.899 120.939 124.445 129.137 135.678 145.067 159.686 196.644 192.114 183.849 172.999 160.354 146.405 126.876 103.318 73.3194 18.4913 0.119071 -1.04263 -1.14031 -1.57299 -1.68667 -1.18691 -1.28286 -1.38842 -1.2349 
0.18548 0.171165 0.141016 -0.0130708 0.0775474 -0.0794915 0.203662 0.547066 0.206628 0.079728 0.256827 0.168506 0.235071 0.149082 0.491857 0.518466 0.270401 0.941464 2.02009 24.899 73.861 103.019 126.696 145.784 137.275 108.265 97.045 88.4289 109.845 96.4439 90.7148 87.541 92.0779 103.194 121.272 125.273 121.22 119.204 118.907 121.111 123.776 128.237 135.567 143.554 158.069 193.94 193.787 184.582 172.013 160.132 146.637 126.649 101.89 73.0371 18.4562 0.15289 -0.981103 -1.23682 -1.0115 -1.34816 -1.00858 -1.79822 -1.45382 -1.42333 
0.217087 0.225568 0.126946 0.627515 -0.201656 0.305861 -0.362683 0.0254709 0.579726 0.428 0.186558 0.52017 0.0340382 0.341959 0.508518 0.155998 0.0456416 1.24112 2.12289 20.6985 72.0425 103.081 126.526 144.306 140.981 108.43 97.8427 89.6222 106.683 100.528 92.7074 88.7055 92.3691 109.166 115.421 125.719 120.62 118.974 119.235 120.695 123.139 128.496 133.314 142.54 157.251 192.731 194.548 183.113 173.424 159.986 145.287 126.033 102.18 72.3539 18.9307 0.23401 -1.13546 -1.63319 -1.37333 -0.995031 -1.80126 -1.46716 -1.08861 -1.70155 
0.384618 0.552662 0.264834 0.0197008 0.606678 -0.00836538 0.52387 0.402923 0.442626 0.232156 0.622062 -0.204184 -0.00808088 0.279519 0.128244 0.00629565 0.680207 1.32572 1.59111 14.6625 66.7706 99.4817 124.585 142.895 149.249 112.976 100.215 91.7518 102.134 109.921 93.8027 90.379 91.2965 106.836 115.614 122.885 121.14 119.064 119.727 120.875 123.482 127.976 131.488 140.948 154.885 187.548 193.602 186.826 172.737 161.019 146.685 128.376 104.84 74.6264 24.0351 0.300725 -1.0289 -1.41721 -1.12344 -1.4857 -1.20659 -1.7854 -1.53533 -1.17328 
0.186371 0.596676 0.515406 -0.0328111 0.483555 0.0049253 0.369993 0.129898 0.225376 0.303723 0.630389 0.57706 0.13141 0.642481 1.0188 0.761825 0.670053 0.662237 1.66076 8.82253 61.9786 96.3697 122.272 141.236 156.123 118.3 104.386 94.9223 99.1812 115.626 97.5846 92.5679 91.5975 112.39 116.429 120.335 120.274 118.895 118.797 119.845 122.321 125.752 131.699 138.925 153.499 182.641 195.055 188.318 175.142 162.87 147.919 129.132 104.973 75.9621 25.443 0.407971 -0.383465 -1.66605 -1.85073 -1.69608 -1.74207 -1.36444 -1.13581 -1.78951 
-0.0384217 0.329748 0.384622 -0.144668 0.151283 0.139423 0.164404 0.302064 0.869633 0.306663 0.28607 0.203405 0.368661 0.572964 0.310418 0.508389 0.557606 1.17599 1.47298 7.67477 61.5358 95.2936 120.82 141.219 160.137 123.928 107.035 97.8331 101.208 120.442 100.71 95.3256 91.344 119.605 116.661 121.708 120.186 117.987 118.207 119.449 122.616 125.508 130.919 138.377 151.158 180.762 194.41 187.917 175.48 161.835 148.494 129.518 105.056 76.2697 26.3861 0.668311 -0.668966 -1.5592 -1.2672 -1.87625 -1.25644 -0.86799 -1.55065 -1.20242 
0.494123 0.438209 0.693947 -0.0522192 0.234903 -0.274237 0.190112 0.212606 0.277815 0.354165 0.117901 0.645653 -0.0140727 0.224532 0.860732 0.623321 0.288799 0.65682 1.50958 4.66207 61.351 91.3772 120.09 139.751 155.662 136.613 111.627 100.672 102.539 124.472 103.701 99.6904 94.9769 127.058 119.129 123.113 121.256 118.873 118.375 119.407 120.747 124.939 128.711 137.386 149.625 177.339 192.556 187.712 176.594 162.369 148.625 128.318 104.761 76.8637 26.2473 0.749042 -0.700521 -1.49776 -1.44185 -1.32328 -1.74407 -1.68183 -1.24906 -1.33026 
0.214785 0.257747 0.382602 0.673183 0.41582 -0.173455 0.144522 0.478664 0.210584 0.11667 0.324247 0.364681 0.709989 0.354879 0.276016 0.172135 0.232065 0.613573 1.62146 4.42815 59.7363 90.9368 118.501 139.893 154.943 147.772 116.418 105.323 105.125 130.52 109.002 103.562 100.435 132.79 126.105 124.441 120.557 118.454 119.029 119.995 121.086 124.32 128.392 135.887 146.965 173.866 195.26 189.955 173.98 161.833 149.15 129.188 106.182 77.3374 26.5235 0.498675 -0.974404 -1.25721 -1.26524 -1.80862 -1.73798 -1.48491 -1.35248 -0.968203 
0.132339 -0.208237 0.00944095 0.100263 0.475491 0.0663485 -0.183928 0.698674 0.175073 0.475178 0.223909 -0.0470486 0.1323 0.0661953 -0.291956 0.770735 0.690055 0.570953 1.68213 1.13355 58.9964 91.4358 117.417 139.75 155.704 156.088 122.512 110.865 108.944 136.264 114.23 109.598 106.039 120.741 151.125 127.991 120.595 118.217 119.102 120.176 121.74 124.738 129.652 135.804 146.313 170.325 198.005 191.281 174.057 161.749 149.182 128.991 106.183 78.3816 27.6255 0.599445 -0.709755 -1.45021 -1.58766 -1.44331 -1.33592 -1.27456 -1.66615 -1.41097 
0.0804764 0.501912 0.553635 0.224838 0.15577 -0.234739 0.413139 0.0540863 0.0546184 0.0291312 0.616817 -0.202586 0.0655725 0.577078 0.371358 0.228787 0.0893074 0.781476 1.02914 2.70865 57.7615 88.8047 116.595 137.998 154.23 167.925 130.009 117.805 115.479 145.828 121.82 117.007 113.592 115.828 167.87 128.718 119.854 118.632 117.323 119.14 120.49 123.704 128.075 134.043 144.873 162.429 205.743 187.061 175.044 162.324 149.018 129.907 106.781 77.8184 29.0017 0.207717 -1.11539 -1.5092 -1.61935 -1.1612 -1.5725 -0.752883 -1.00886 -1.22238 
0.0407831 0.356145 0.127179 0.46612 0.464873 -0.0126043 0.531252 -0.264866 -0.137914 0.10243 0.2351 0.229871 0.713005 0.290109 0.725528 0.619289 0.33634 0.843686 1.57167 0.02883 55.8379 88.9152 115.762 138.484 154.577 166.98 153.954 128.174 125.68 158.313 134.51 129.749 126.102 121.437 170.695 130.98 120.119 117.976 118.444 119.464 120.708 123.192 127.086 134.021 143.629 171.984 197.745 187.17 174.642 162.835 150.624 129.692 106.954 78.4656 29.2511 0.083735 -0.643139 -1.61886 -1.50166 -1.73238 -1.1555 -1.32983 -1.30714 -1.39607 
0.552734 0.205158 -0.856149 0.630046 0.352384 0.307773 0.244218 0.400131 0.0666296 0.383145 0.0858198 0.12753 0.733602 0.244115 0.184277 0.563889 0.158723 0.525155 0.853432 -0.156784 54.3052 87.4921 115.098 138.158 154.744 166.548 178.865 147.092 151.119 183.935 156.388 144.664 134.405 127.509 158.441 135.914 120.26 118.986 118.222 118.714 120.759 121.889 127.057 134.458 146.085 162.395 196.233 185.227 174.649 163.252 149.263 130.665 107.195 78.7541 31.0277 0.498774 -0.687015 -1.21346 -0.941525 -1.0324 -1.10801 -0.913664 -1.16388 -1.13355 
2.31664 1.56131 1.70246 1.84581 1.52334 1.10304 1.58802 1.77674 1.43145 1.6921 1.14687 1.43951 2.10854 1.36988 1.89885 2.13163 1.79681 2.00022 3.30429 0.937091 54.9373 90.2819 116.664 141.35 158.015 170.065 180.69 189.976 197.241 204.808 167.319 151.586 132.644 127.405 146.183 142.03 119.897 117.897 117.33 117.621 118.998 121.348 125.156 134.607 144.83 156.328 192.028 184.482 174.831 161.988 149.131 130.266 107.951 79.6161 32.0732 0.49691 -0.159104 -0.867077 -0.481639 -0.670618 -0.398972 -0.620688 -0.245394 -0.822542 
2.60907 1.63037 2.01597 1.92527 1.91626 1.09137 1.93443 1.99691 1.43551 1.78449 1.938 1.46909 1.82008 2.22085 1.64171 1.66118 2.17858 2.07145 2.69218 0.71615 53.9435 89.5144 117.577 140.088 156.697 170.876 181.05 191.814 198.031 210.118 169.871 153.643 133.002 127.589 139.288 143.198 122.033 118.949 116.741 117.784 119.016 121.075 125.55 133.872 141.008 155.705 190.313 184.287 175.743 163.883 149.806 131.225 108.449 80.7832 34.1088 1.21541 0.0244939 -0.60924 -1.01253 -0.380676 -0.276298 -0.543704 -0.491182 -0.683 
1.63905 2.82419 1.3491 2.06982 1.60748 1.58886 2.4526 1.93502 1.76668 2.26532 1.84478 1.54076 2.05696 1.80548 1.87141 2.55441 1.7897 2.10651 2.80048 -0.82715 53.5762 89.4161 116.179 139.539 158.321 170.995 181.741 192.445 197.401 212.283 171.971 155.575 134.35 130.147 132.382 148.972 125.847 118.619 117.836 117.776 118.394 122.085 127.154 133.871 139.604 154.929 189.461 184.072 174.915 163.294 149.81 131.364 108.989 81.1906 35.1903 0.718819 -0.0721143 -0.688758 -0.830175 -0.40211 -0.751241 -0.547617 -0.390537 -0.419113 
2.24449 2.89804 2.99523 2.69495 1.14874 2.3731 1.76051 1.61434 2.03099 1.47406 2.1639 2.48555 1.51074 1.76072 1.90415 1.43403 1.62458 2.63205 3.00919 0.820639 51.7995 87.5868 116.266 140.579 157.277 169.694 182.752 190.962 199.886 210.159 178.329 156.753 135.369 129.351 123.615 155.401 124.864 119.728 116.978 118.105 118.503 120.787 126.548 131.253 138.801 152.864 187.908 184.252 175.518 164.312 151.042 132.084 110.579 81.7788 36.7679 -0.0992289 0.426296 -0.882385 -0.974101 -0.525729 -0.876559 -0.689599 -1.23111 -0.585812 
2.31254 2.28949 1.93164 1.62615 1.30703 2.15685 2.26047 2.00771 1.74146 1.66247 1.42038 1.56124 2.28667 1.50997 1.91497 1.94876 1.73166 2.70667 2.83718 0.714561 49.1192 86.5725 115.518 139.246 157.554 170.885 181.364 192.777 200.964 208.176 184.749 157.714 135.916 129.171 122.119 157.256 125.068 120.86 117.621 118.995 119.167 120.232 129.106 129.125 138.357 151.73 185.069 185.177 175.562 163.866 150.728 133.195 110.625 83.2615 38.4299 0.30562 0.162013 -0.834261 -0.0929145 -0.404979 -0.59454 -0.435466 -0.615116 -0.651836 
2.27476 2.38272 1.99435 2.20639 1.92249 2.80694 2.78448 2.10452 1.98841 2.40545 1.36398 1.95441 1.51739 2.44801 2.07886 1.95365 1.95517 2.53493 2.60957 1.74381 46.6692 86.4985 115.167 137.204 157.625 171.638 184.444 192.226 200.05 206.273 188.406 158.415 136.766 129.045 125.238 155.429 124.85 123.355 118.638 118.316 118.826 122.453 126.32 128.967 135.774 150.704 183.798 185.282 176.297 165.342 152.425 134.23 109.978 92.6239 43.3948 0.299009 -0.0632618 -0.453045 -1.05905 -0.516571 -0.194343 -0.827148 -0.343955 -0.941869 
2.27349 1.19915 2.06129 2.19668 1.67058 2.10618 1.39998 2.47013 2.0264 1.45891 2.01765 1.71901 1.95676 2.46332 2.01515 2.00433 1.91092 1.97921 3.06493 1.3236 46.1831 86.7778 113.914 138.541 155.999 170.972 183.11 191.345 200.444 205.618 191.2 159.934 137.298 130.215 125.551 154.497 124.576 124.515 119.387 119.787 118.904 122.984 123.563 128.043 136.638 149.524 182.643 185.99 176.281 164.547 151.875 134.412 112.42 85.2724 42.6042 0.372432 0.367967 -0.206993 -0.712061 -0.461485 -1.16135 -1.07025 -0.714283 -0.243577 
1.53727 2.13813 2.81923 2.18246 2.12583 2.43133 1.68462 1.48467 1.35152 1.33422 1.52956 1.93801 2.88243 2.03818 1.76841 1.72162 1.72542 2.36152 3.16401 1.3526 46.0911 84.7879 115.223 136.536 156.519 169.987 182.327 192.191 199.786 206.968 194.545 161.203 138.648 131.104 124.617 153.242 126.778 123.031 120.575 118.706 119.252 123.566 129.525 127.628 135.588 147.228 181.65 186.246 176.533 165.538 152.872 135.089 113.327 87.3644 46.1736 0.127286 0.759641 0.0639669 0.347684 -0.445267 -0.31535 -0.172414 -0.455191 -0.284005 
2.49445 1.78068 1.82567 2.1742 1.85046 1.47025 1.80468 1.92294 2.27373 2.18607 1.7033 1.92278 2.16823 2.10191 1.92589 1.95226 1.68362 2.33131 3.05867 3.29069 41.1715 82.9227 112.997 136.054 154.547 169.669 181.874 192.465 201.747 208.129 199.401 162.987 140.156 132.288 126.985 141.238 140.042 124.02 121.406 118.364 122.982 120.464 124.482 127.992 135.886 146.342 177.277 188.418 178.893 166.595 155.176 137.414 116.964 90.441 53.4929 0.454828 1.4366 0.648583 0.730718 -0.104395 -0.233004 -0.238054 -0.726048 -0.167649 
2.22318 2.38915 1.46775 2.2168 2.62481 2.43546 1.99751 2.57917 1.56981 1.90394 1.33684 1.61722 1.87682 1.74106 1.75655 1.44256 2.36278 2.38589 3.49742 3.95015 34.8887 80.8183 110.422 135.45 153.667 167.015 181.361 191.986 199.721 206.229 201.883 166.271 142.377 132.841 127.622 120.539 159.227 121.517 123.39 123.404 118.462 121.534 123.615 128.702 134.045 145.597 172.164 188.384 179.462 168.815 154.157 139.719 119.969 94.5166 60.18 2.58502 2.59255 0.793682 0.890864 0.77492 0.361218 -0.153092 -0.342144 -0.440413 
1.33829 2.32745 2.30103 1.83836 1.67842 2.40142 1.60528 1.93607 2.1128 1.90919 2.05849 2.3274 2.04137 2.04788 1.6477 1.28669 2.28369 1.95643 3.36376 4.24729 33.0375 81.7418 110.468 135.112 153.865 167.829 180.468 192.616 201.234 209.107 204.853 167.193 142.659 133.705 127.603 118.998 161.597 121.223 124.227 125.203 118.675 121.011 124.408 128.101 133.324 145.208 169.019 188.929 179.214 169.053 156.61 141.832 121.831 96.9059 61.4022 3.50855 3.32354 1.84378 0.865296 0.523986 0.594012 -0.188812 -0.557545 -0.237463 
1.96324 2.02162 2.03044 2.31074 2.83564 2.20038 1.97418 2.52808 2.33483 2.39212 1.86192 1.69261 1.48412 2.05465 2.32181 1.6102 2.17386 3.12754 3.40191 3.9052 31.0009 82.0158 110.434 134.378 154.559 169.553 181.544 191.551 200.818 206.799 206.213 168.735 143.985 134.349 128.172 122.677 161.643 132.858 124.542 122.851 123.888 124.758 127.39 130.615 134.641 143.877 160.95 193.94 180.23 170.696 157.313 142.488 123.302 98.5453 63.793 6.19811 3.35556 3.0048 1.34204 1.32845 0.646673 0.496064 -0.5646 -0.59345 
2.98946 2.67642 1.73199 2.74538 2.15649 2.04024 2.02175 1.63214 2.04391 2.26037 2.0558 2.09721 1.90471 2.18018 1.89894 2.00412 1.79979 2.48535 3.60153 3.06248 41.9167 84.0326 115.009 138.107 158.038 172.579 184.885 196.821 204.389 211.186 212.787 173.227 147.544 137.694 130.79 120.76 191.389 138.14 136.33 134.524 123.793 123.233 126.351 128.911 135.464 145.66 161.069 199.834 183.867 173.285 159.65 143.6 126.268 102.435 69.5339 11.9479 3.68877 2.81907 2.00379 1.44658 0.788017 -0.349911 -0.30282 0.194322 
1.92377 1.79396 1.60918 1.57928 2.0772 2.34714 1.76108 2.04517 2.6195 2.1828 2.20063 2.00615 2.01982 2.44873 1.86101 1.98716 1.62721 2.33637 3.17506 24.4752 76.0789 104.381 132.775 155.805 173.168 188.872 199.242 209.621 218.271 224.045 225.397 186.58 159.196 148.83 144.88 184.027 216.279 210.642 157.686 134.77 130.893 132.57 137.225 143.275 151.42 162.751 180.05 220.235 209.557 200.577 188.935 175.692 162.721 149.992 131.945 108.112 72.3852 64.9909 68.4718 47.0141 6.23094 0.565913 -0.545439 -0.489635 
2.31241 1.87117 1.96498 1.72971 1.83074 1.82597 1.76441 1.99139 2.12027 1.71097 1.82811 1.90483 2.12243 2.26073 2.26017 1.75463 1.80364 2.26774 2.38201 31.2134 83.5927 115.71 141.211 165.823 183.006 198.99 209.016 221.555 227.81 235.389 239.052 198.332 171.534 161.013 167.537 197.408 241.415 248.23 203.305 148.715 154.282 158.694 161.532 169.442 179.135 191.876 212.865 257.955 251.871 247.913 239.05 231.726 220.291 206.767 189.353 174.302 155.194 136.04 114.113 86.9411 46.3822 -1.63418 -0.737876 -0.652163 
2.78735 1.68687 2.55936 1.99585 2.44115 2.32238 1.1276 1.56351 1.86326 1.82638 2.38239 1.68931 1.63851 1.76855 1.63888 2.46479 1.49484 2.56715 2.79155 63.4847 97.4506 127.029 151.983 174.568 192.709 206.224 219.488 229.43 236.886 246.511 249.309 210.002 181.518 168.595 173.254 197.824 228.414 222.715 203.499 167.789 165.065 170.189 175.952 182.978 191.313 206.23 223.978 267.509 265.381 260.568 251.384 240.578 228.536 215.053 200.106 182.931 163.689 144.299 121.788 95.817 60.2787 -1.67383 -0.607492 -0.886556 
2.66077 2.30705 1.35334 2.6147 2.47105 1.64003 2.03865 2.00816 1.58952 2.25191 1.85918 2.65784 2.03011 2.12368 1.77843 2.22936 2.04425 1.93304 0.644073 53.6599 98.4549 128.416 153.395 175.237 191.741 208.465 222.281 233.973 240.483 249.506 258.145 215.133 188.941 177.284 178.133 184.893 209.32 207.357 192.795 180.405 171.836 175.717 180.47 186.964 197.478 210.742 229.016 275.128 270.853 266.161 256.419 246.957 235.76 218.756 205.191 186.773 167.432 146.51 120.058 89.9173 42.46 -1.32341 -0.621584 -0.405168 
2.61187 1.62085 1.59208 2.03299 1.46335 1.37913 1.66262 2.22941 2.22461 1.74957 2.04095 2.95547 1.78952 2.55975 2.03223 1.82771 1.90166 2.79039 3.14708 19.9087 82.9005 114.787 143.813 167.86 185.383 199.727 213.631 225.821 236.392 245.007 254.2 213.201 188.269 181.698 178.227 182.307 192.119 195.467 186.488 187.015 177.529 178.265 181.684 188.011 197.661 208.994 225.869 270.56 270.015 261.672 253.623 245.475 231.533 218.064 203.863 184.041 162.521 137.232 107.551 71.8341 8.53617 0.25602 -0.541875 -0.372365 
1.6543 2.36812 1.9131 1.32714 2.00917 1.4721 1.90776 2.67211 2.16312 1.53683 1.51029 2.54331 1.94137 1.73915 1.67632 1.84266 2.46162 2.02859 3.08519 3.05083 49.4945 96.3867 127.894 151.344 170.542 187.332 201.451 213.582 223.513 232.698 246.711 204.139 180.157 174.556 173.255 177.873 180.681 182.144 181.5 184.889 181.984 177.579 179.903 184.699 191.503 203.801 220.917 267.72 264.12 255.549 248.196 236.983 224.76 210.769 192.922 171.985 146.242 120.18 84.1793 26.4025 0.0283775 0.51776 -0.295592 -0.564313 
1.6019 2.03954 1.25272 2.05664 2.08339 2.11341 1.70877 1.83312 2.74466 2.17255 1.5711 2.37247 1.75647 1.74793 1.97393 1.86905 2.10508 2.27481 3.19832 3.85587 11.9924 71.1978 107.005 131.646 152.947 171.008 186.549 197.254 206.895 217.231 229.484 193.074 166.033 158.074 154.818 156.577 160.076 163.534 165.692 168.299 166.235 163.285 167.465 174.647 181.16 190.719 205.724 247.929 248.75 239.961 232.727 215.465 207.155 191.414 173.236 151.114 124.787 93.6851 38.5708 0.501792 1.16035 -0.100266 -0.30123 -0.497072 
1.92193 2.72365 1.49796 1.51115 1.97458 2.04318 2.02673 1.02348 1.75562 2.35633 2.06342 2.07867 1.58567 2.09895 1.75492 1.85125 2.02165 2.27187 2.83168 4.27294 2.54345 60.6008 96.86 124.156 145.563 164.67 179.937 188.656 199.45 207.322 221.638 187.654 157.284 146.656 143.292 139.388 140.271 142.428 143.772 143.194 144.633 146.009 151.917 156.697 161.692 171.372 186.251 224.841 223.108 217.208 204.997 187.254 186.505 168.6 149.339 125.676 97.608 60.4703 0.273297 2.13123 0.943756 -0.0467591 -0.346793 -0.810264 
1.55519 1.70598 2.87041 1.91206 2.21698 1.94798 1.62904 2.0914 2.04362 1.84284 1.70747 2.18636 1.70709 1.29498 2.01749 1.96853 2.30778 2.35458 2.68065 3.90723 2.13695 60.2751 95.461 123.252 146.758 164.734 178.154 186.852 199.093 206.447 216.426 189.107 156.779 145.447 138.438 135.462 131.729 131.083 129.909 131.288 130.599 131.588 137.375 139.871 146.001 156.648 168.683 206.413 210.933 203.311 190.538 175.066 181.304 160.909 142.531 121.054 94.2085 59.3858 0.0992135 1.59043 0.103145 0.0310203 -0.361023 -0.546287 
1.88741 1.40607 1.65003 1.8643 1.69131 2.25213 2.09468 1.98939 2.03986 2.23251 1.63331 1.4511 1.40972 1.96103 2.02694 1.98643 2.11876 1.58908 2.52095 3.2262 1.27536 57.595 94.627 122.56 145.277 162.603 177.408 187.212 197.56 207.746 214.81 188.628 154.336 145.285 139.055 134.498 131.262 130.386 130.179 129.379 128.923 130.828 134.907 137.633 145.568 153.947 169.469 207.01 209.847 203.121 190.965 169.596 180.093 160.235 142.384 120.754 93.1869 58.6012 1.51441 1.26692 0.0743188 -0.483631 -0.30882 -0.381453 
2.53824 2.4327 2.02893 1.38217 1.87121 1.92114 1.95042 1.69526 1.39956 2.17378 2.08931 1.52081 1.27461 1.96554 2.19069 2.83782 2.24224 2.44864 2.8273 3.39873 1.13663 57.8428 94.2343 122.732 145.482 162.755 177.696 185.135 197.956 207.176 213.599 186.776 154.853 145.757 138.2 135.633 130.767 128.491 129.06 128.419 130.235 131.649 134.36 137.561 144.535 154.207 167.764 206.021 209.281 202.147 191.134 172.072 177.549 160.272 143.133 120.724 94.1696 58.1648 0.941119 0.953145 -0.528969 -0.568856 -0.553371 -0.828883 
1.50312 2.2253 2.25247 1.89053 2.29915 2.26072 1.05639 1.88297 1.60257 1.62743 2.21326 1.69891 1.91909 1.95901 2.59489 1.64755 1.89665 2.19145 2.19405 2.87399 0.761227 57.7789 92.5888 121.686 144.481 164.211 175.499 182.871 196.309 203.24 213.424 186.434 155.117 143.232 137.903 133.528 129.825 129.272 127.843 127.81 129.243 130.216 133.227 139.752 143.933 153.989 168.334 203.166 207.594 203.541 191.071 174.075 175.901 161.085 142.351 120.684 93.821 59.6051 2.60676 0.603148 -0.582992 -0.756162 -0.923952 -0.616885 
1.47937 1.22736 1.65783 2.46389 1.80229 1.80066 1.30123 1.63891 2.58972 1.19669 0.521027 1.95254 1.96513 2.24002 1.50993 1.70277 1.70385 2.27041 1.91138 2.42062 0.208489 54.684 93.3856 120.774 143.758 161.899 177.163 181.89 194.389 201.764 212.743 187.404 154.939 144.128 138.976 132.913 130.51 127.864 128.007 127.255 127.467 128.948 131.841 137.061 142.322 150.829 165.024 197.352 209.063 202.663 191.007 177.131 174.11 160.171 143.641 121.075 94.701 60.2975 3.90381 0.462824 -0.613768 -1.42227 -0.946964 -0.564625 
2.11463 1.93885 1.31732 1.79688 1.42696 1.54768 1.74944 1.91452 1.89019 1.95743 1.60253 2.26978 1.85936 1.98855 1.87316 2.10678 1.68852 2.2001 2.32288 2.45628 2.23598 47.1717 88.6284 117.603 141.837 160.259 179.557 180.163 193.445 201.812 210.582 192.945 157.081 144.215 137.59 133.486 129.616 128.185 126.32 126.288 127.581 127.828 131.934 135.096 141.773 150.237 163.298 193.257 207.865 202.772 192.785 179.469 171.4 163.153 145.829 123.488 97.6534 67.213 10.5333 0.836016 -0.872513 -0.619528 -0.507664 -0.575967 
2.13019 1.53452 1.69691 0.91455 1.99381 2.04645 1.27735 1.53471 2.84458 1.71581 1.41768 1.47193 1.69696 1.572 2.0823 1.53476 1.47485 2.4242 1.69452 2.69074 2.07995 44.7005 89.1477 117.417 141.7 161.015 179.104 176.714 192.717 200.028 208.565 190.921 156.556 144.209 137.824 133.266 129.789 128.116 126.96 125.671 127.411 128.879 131.768 135.218 140.384 148.675 161.532 191.477 209.165 201.287 193.321 180.478 172.132 161.64 145.476 123.736 97.6487 65.1194 9.8619 0.822042 -0.647181 -0.59432 -0.570709 -0.749507 
1.79298 1.40339 1.75887 1.10437 1.30912 2.1027 1.80378 1.93209 1.56525 2.1642 1.72841 1.74826 2.23387 2.12345 1.73491 1.50253 1.84214 1.9437 2.23472 2.75963 2.54148 46.1172 87.4943 117.137 141.68 160.835 179.428 175.743 192.844 200.441 208.41 192.754 156.653 143.174 136.732 132.582 128.666 126.467 126.531 125.153 126.466 127.747 130.772 135.092 140.168 148.91 160.852 190.094 209.122 201.91 192.942 180.866 171.684 163.12 146.345 125.872 99.8287 66.8197 10.1253 0.327154 -0.336952 -0.0600479 -0.511934 -0.765093 
1.63845 2.14421 1.48187 1.14716 1.18462 2.53522 2.25533 1.28737 1.39822 1.37773 1.8332 1.38181 1.3229 2.29346 1.19669 1.60365 1.50992 1.68965 1.55123 3.02278 2.57252 43.9773 88.2674 116.815 140.84 159.936 179.612 176.198 193.129 199.747 209.045 192.069 155.125 143.924 137.805 144.901 128.701 126.097 124.692 125.413 125.104 127.331 129.965 134.833 140.46 147.84 160.886 188.146 208.883 201.55 193.905 181.718 171.01 163.516 146.636 126.187 99.6529 68.2048 13.0167 1.41381 0.0214231 0.0845012 -0.0916086 -0.513197 
1.70011 1.83872 1.3329 1.54584 1.69497 1.37821 1.4336 2.03835 1.16642 1.47393 2.0164 1.761 1.7276 1.85615 1.23099 1.78759 1.36232 1.41204 2.87101 2.80855 3.1495 43.12 88.8107 117.548 141.896 160.95 180.278 174.174 190.705 198.773 207.834 194.201 156.587 143.666 137.995 132.081 129.362 128.017 125.988 125.611 126.551 127.118 130.438 134.74 140.24 147.835 160.243 187.229 211.243 202.643 194.209 182.447 171.503 164.376 148.666 125.942 100.852 69.243 13.1028 1.78586 0.866462 -0.0433054 0.305253 0.121414 
1.70925 1.91702 1.90926 1.29493 2.0753 1.69576 1.40386 1.48095 1.19152 1.60075 1.05661 1.2177 1.44689 1.42121 1.22985 2.0425 1.7568 2.03575 2.65618 3.66112 3.2334 43.2106 87.8334 116.367 141.482 160.053 180.554 171.998 191.041 197.075 207.1 192.628 156.777 143.673 138.162 131.854 129.162 126.808 125.23 126.303 126.334 128.344 130.768 133.942 140.004 148.472 158.89 182.046 213.089 204.001 194.047 181.281 172.176 164.877 148.685 127.592 102.78 71.6157 17.1168 2.0418 1.3689 1.59603 0.793476 0.218904 
