-0.0827973 -0.0148123 -0.453219 -0.394075 -0.44096 -0.218807 -0.617533 -0.168917 -0.499288 -0.382081 0.45999 1.35661 13.6322 68.0442 99.7131 126.062 147.1 162.691 169.117 181.205 191.62 200.864 211.675 172.848 156.356 145.274 138.641 133.985 129.875 127.299 126.387 126.445 127.872 129.43 132.054 136.295 142.879 150.268 163.319 191.973 204.494 196.667 189.382 174.66 171.306 157.859 139.514 117.204 88.7042 50.2441 -0.680549 1.16187 0.0674125 0.311751 0.344773 -0.172584 -0.016119 -0.0539124 -0.0412579 0.0663613 0.150935 0.278318 0.104606 0.306384 
-0.689979 -0.37864 -0.654717 0.0474453 -0.693044 -0.614679 -0.501145 -0.764812 -0.153561 -0.335232 -0.315581 1.17669 13.0785 68.2272 100.627 126.326 147.169 164.347 169.423 183.25 192.562 201.179 213.89 173.008 156.488 145.008 139.408 133.973 130.003 127.494 126.908 125.629 129.598 129.732 131.854 136.536 142.564 149.907 163.278 194.188 205.405 196.665 188.907 174.651 171.981 157.23 138.827 116.308 89.041 49.2679 -0.271837 0.732164 0.211702 0.077723 -0.207264 0.28032 -0.158175 0.0401006 0.448992 -0.23226 0.398943 0.12787 0.258683 -0.0113821 
-0.280685 -0.507752 -0.381236 -0.401883 -0.284479 -0.534392 -0.45197 -0.111474 -0.276961 -0.00165139 0.179201 1.55787 13.6202 69.4357 101.246 126.607 146.677 163.599 168.467 182.07 192.687 200.721 213.668 171.489 156.329 145.464 139.459 134.035 130.824 128.175 126.582 127.296 128.899 129.919 131.125 137.611 142 152.057 162.9 194.608 205.939 196.425 189.157 174.797 171.942 157.004 138.914 116.24 89.5192 50.0809 -0.333652 1.21781 0.220713 0.0187585 -0.132553 0.3659 0.401351 0.388012 0.299513 0.556657 0.0476503 -0.063808 0.28507 0.261382 
-0.533262 -0.723661 -0.307252 -0.21151 -0.29736 -0.178045 -0.407271 -0.87459 -0.252667 -0.390987 0.53838 1.18654 13.3968 68.402 101.095 126.919 147.415 164.063 170.65 182.932 191.319 200.985 214.38 173.399 157.402 147.712 139.568 134.356 129.636 127.636 127.353 127.272 129.616 130.36 130.759 137.134 147.145 154.284 166.502 196.914 207.102 199.108 189.965 176.697 172.553 157.345 138.635 116.684 88.0219 48.1127 0.310505 1.63362 0.317612 0.477243 0.343003 0.228097 0.345169 0.178031 0.0449363 -0.0165519 0.359062 0.132123 -0.0287334 -0.231342 
-0.390053 -0.306764 -0.378336 0.0159302 -0.695257 -0.143355 -0.889339 -0.195397 -0.0580182 0.338757 0.941781 2.248 13.2897 69.7981 100.673 126.275 147.033 164.151 169.684 184.605 193.581 200.751 215.621 174.229 157.25 146.94 139.712 134.482 130.382 128.744 126.929 127.693 129.091 131.34 133.446 139.521 146.358 151.17 164.658 196.22 206.663 199.064 188.752 176.349 171.906 158.031 138.296 116.579 88.1615 48.6718 0.990922 1.66889 0.936152 0.277561 0.0296435 0.478552 0.538431 0.575865 0.301287 0.467261 0.248183 0.0751357 0.248793 0.323686 
-0.316543 -0.565198 -0.105233 -0.283492 -0.570517 -0.121933 -0.217877 -0.0988087 0.117837 0.335914 1.52574 2.41695 14.7839 69.9174 102.136 128.478 149.419 165.415 170.604 183.46 193.664 202.427 216.024 175.009 158.445 148.015 140.583 135.452 131.577 128.799 126.963 128.284 129.599 131.518 132.661 137.451 149.796 152.79 165.012 197.687 207.055 199.162 191.063 177.842 173.072 158.276 141.059 117.553 90.1654 48.0887 1.49621 1.8942 0.908933 0.608375 0.51493 0.121062 0.501465 0.276405 0.340159 0.0921574 -0.0298082 0.455333 0.320585 -0.194481 
-0.658362 -0.316869 -0.501114 -0.260518 -0.58729 -0.330639 -0.447061 0.0213711 -0.0197117 0.863707 1.68522 2.62096 10.0702 67.8919 100.236 125.649 146.705 163.45 174.885 182.448 194.242 201.789 211.324 184.299 163.099 149.743 142.605 137.732 133.754 130.781 129.067 129.84 131.39 131.815 135.213 138.252 144.876 152.935 165.26 196.879 208.708 201.75 193.295 182.429 173.775 161.924 143.905 121.784 93.6619 57.8785 0.445559 2.44307 1.36591 0.885533 0.646315 0.372755 0.0611987 0.518911 0.46111 0.723852 -0.131557 0.518525 -0.0904166 0.268016 
-0.649647 -0.159956 -0.861832 -0.468251 -0.400814 -0.126365 -0.54815 0.472037 0.566847 0.935353 1.81681 2.64357 9.22943 67.4274 100.117 126.76 147.99 164.163 176.27 182.927 195.063 203.211 210.646 188.794 162.134 150.441 142.247 136.438 133.359 130.815 129.311 128.952 130.879 131.886 135.076 138.253 144.552 153.395 165.6 195.241 208.997 200.58 191.641 179.765 174.045 161.628 144 121.553 95.7046 59.7669 1.34472 2.68172 1.99052 1.33212 1.35887 0.305864 0.0594768 0.176954 0.057712 0.395196 -0.194772 0.232781 0.290658 0.284732 
-0.108269 -0.489256 -0.124772 -0.872348 -0.73782 -0.692816 -0.146149 0.110536 0.371053 0.611641 2.51278 2.70906 8.05004 70.1955 104.014 129.977 150.958 167.686 180.042 183.503 197.693 203.28 212.252 190.82 164.413 151.74 144.507 138.494 134.584 131.031 129.856 129.596 131.977 133.894 135.841 139.722 146.263 154.282 166.861 195.759 211.278 203.466 195.438 183.95 175.377 163.152 144.449 123.133 96.8434 60.0548 1.26011 2.9381 2.45367 1.25349 0.630576 0.591723 0.111692 0.0653036 -0.0129825 -0.0802794 -0.262508 0.0890213 0.0883965 0.201109 
-0.636585 -0.732274 0.168804 -1.03767 -0.340594 -0.457083 0.0551258 0.0640484 0.700375 0.986454 2.241 9.5379 57.8898 96.4161 123.128 144.422 163.569 178.465 185.256 191.489 203.962 211.035 218.909 198.195 171.183 158.369 151.222 145.304 140.999 139.08 138.102 136.899 138.793 139.179 141.413 143.707 150.222 158.997 169.976 198.452 213.708 208.368 198.975 187.674 181.343 169.069 152.759 133.529 109.977 79.1361 35.7355 3.7334 1.60843 1.42375 0.8628 0.101952 -0.344231 0.340459 0.0921487 0.139985 0.231396 -0.0779498 0.127687 0.515695 
-0.330971 0.0222194 -0.454897 -0.284526 -0.172942 -0.8299 -0.0715306 0.193002 0.276996 0.901937 1.01226 57.2988 113.568 137.776 151.238 170.193 187.213 199.418 212.764 218.208 226.134 232.619 237.672 212.801 183.203 169.19 160.231 154.15 148.918 145.04 143.89 142.463 145.159 145.84 147.942 153.47 160.71 168.523 182.637 215.085 231.07 224.1 217.237 207.452 199.295 186.405 170.962 153.3 134.505 114.785 89.6355 48.1108 7.8103 0.379418 1.34097 0.837129 0.0863378 0.253175 0.146062 0.332469 0.470422 0.319198 -0.0823826 0.250284 
-0.417585 -0.610574 -0.212612 -0.258039 -0.837904 -0.560982 -0.221165 -0.115509 0.106772 8.71648 50.5729 102.95 125.325 142.79 156.691 176.644 192.429 207.399 219.986 226.958 236.333 244.217 247.573 224.58 192.861 180.416 171.261 165.362 161.402 159.205 157.821 156.869 159.169 160.035 162.089 166.854 171.617 179.63 190.865 223.744 240.983 235.129 228.715 219.906 214.118 204.351 193.657 181.959 164.928 143.559 124.396 104.536 80.087 36.2733 -0.581105 0.303195 0.275093 0.644775 -0.24487 0.244733 0.0206733 0.137247 0.594814 -0.225332 
-1.21669 -0.649169 -0.556186 -0.297938 -0.710827 -0.292372 -0.580439 0.140778 -1.6282 42.2577 85.5968 129.101 139.577 151.49 163.199 182.994 198.862 211.443 223.446 231.698 238.249 244.381 249.171 224.73 192.406 172.729 165.241 166.764 164.946 161.585 160.62 160.381 161.666 164.066 167.968 171.934 179.122 187.61 202.904 235.975 255.662 251.621 245.622 239.123 228.369 215.918 206.874 193.878 179.994 160.3 136.585 115.546 94.2015 66.2342 11.2432 0.498054 0.151787 -0.120691 0.424195 0.211864 0.687844 0.601843 0.111946 0.284198 
-0.289835 -0.908448 -0.240047 -0.158704 0.150221 -0.10505 -0.443153 0.0425353 -1.65746 58.7933 100.185 138.296 152.025 159.597 171.093 188.021 203.515 215.912 227.369 238.374 244.019 249.811 253.528 221.619 178.941 163.997 159.172 159.612 165.481 163.706 161.057 160.855 164.47 165.875 169.307 174.145 181.497 190.712 204.982 238.074 255.402 252.756 244.741 238.336 229.746 215.461 209.956 200.399 184.405 167.127 137.471 118.259 96.3152 68.5181 15.7632 0.633973 0.249418 0.372259 -0.403815 0.151463 0.0288445 0.233695 0.116855 0.232382 
-0.828802 -0.723902 -0.549666 -0.614397 -0.604285 0.402642 -0.563614 1.09661 1.5186 42.1607 71.6023 93.2322 116.37 135.478 151.093 169.635 182.827 190.69 199.544 206.471 213.208 221.358 214.858 183.273 157.044 146.847 141.193 138.967 143.49 150.009 149.061 149.782 152.331 154.613 157.614 162.74 168.966 179.011 193.345 224.101 243.474 235.715 229.754 221.803 210.903 196.026 184.197 175.58 164.577 148.885 118.648 103.912 89.3488 66.5221 8.49618 0.314541 0.439905 0.401309 -0.0761269 -0.0823293 -0.119769 0.557416 -0.0214335 0.191367 
-0.319988 -0.185559 -0.577593 -0.175837 -0.432035 0.391544 1.95388 2.0795 1.83799 -0.0311283 1.58789 5.27726 35.449 85.005 115.944 138.01 160.942 175.195 187.99 198.965 207.246 194.118 191.62 169.334 144.716 133.637 128.029 124.108 123.187 124.311 132.584 138.454 140.215 141.316 145.281 150.102 155.148 164.668 177.205 207.82 222.592 214.783 204.832 194.794 184.879 171.187 156.53 141.637 121.554 83.7418 30.5019 12.2859 6.4928 2.12776 0.556118 0.790887 0.442127 0.0603564 0.331515 0.267259 0.142934 0.259017 0.513038 0.192126 
-0.715302 -0.1864 -0.214358 0.126031 0.454263 1.25169 0.76422 0.578912 1.35935 1.38216 1.7724 3.44635 2.64441 39.0908 84.2264 114.293 134.856 153.73 165.323 179.433 165.637 157.076 163.452 149.392 126.208 117.447 110.15 107.016 104.632 103.303 103.923 106.469 119.623 123.368 125.464 129.231 134.845 142.792 155.12 183.062 198.807 191.692 182.04 169.805 164.694 145.616 122.635 98.6937 64.6488 8.09353 8.08224 9.10776 7.75563 3.71025 1.08031 0.79471 0.924106 0.324596 -0.102845 0.440845 0.211125 0.297011 0.374429 0.375321 
-0.701546 -0.665721 -0.15918 0.692369 0.780157 0.286786 1.07385 1.07132 1.23587 1.87607 2.1054 3.10375 3.86363 35.868 80.3612 109.205 132.942 149.93 163.645 167.541 142.215 136.933 148.627 143.577 120.252 111.917 106.087 103.275 101.411 99.4545 99.6395 99.8408 104.354 112.322 123.891 127.09 132.864 139.824 152.138 179.888 198.026 189.859 181.142 167.372 161.375 141.757 121.611 93.8519 59.4801 1.31965 5.0394 4.60545 4.24655 3.6631 1.31339 0.750713 0.210395 0.543998 0.141401 0.667269 0.38538 0.350965 0.282117 0.391257 
-0.468444 -0.697419 0.504554 1.67468 -0.0822094 0.490522 0.687029 1.35073 1.40907 1.87732 2.48264 3.05631 3.64921 30.5984 77.927 106.919 130.709 148.125 161.611 154.738 127.561 122.427 137.579 142.9 118.241 110.105 104.105 100.781 98.5415 97.0996 97.4157 97.4895 100.261 103.003 109.885 124.535 131.259 140.145 151.308 179.904 196.384 189.061 178.52 166.314 157.799 141.269 119.771 91.8706 51.6478 2.6676 3.96787 3.28941 3.70221 3.27279 1.64197 0.704648 0.419551 0.110886 0.347436 0.533581 0.573037 0.108172 0.36388 0.573134 
-0.181959 -0.248589 1.21849 0.915344 1.81468 1.38834 1.4592 1.20443 1.86339 1.87478 2.32607 2.51817 3.34135 25.9987 76.0455 105.185 129.554 146.102 159.852 144.156 118.628 113.334 127.49 142.303 116.709 107.887 103.161 99.4458 97.4336 95.4658 94.7476 95.7672 98.3141 100.378 103.722 109.223 128.7 138.039 152.214 177.959 194.346 187.183 178.17 164.181 156.416 140.725 116.637 90.3939 46.9991 3.08211 3.9585 2.77565 2.55853 2.58129 2.23104 0.698086 0.388432 0.0318039 0.505351 0.0294578 -0.126852 0.182749 0.450892 0.103674 
-0.151134 -0.0126984 1.91465 1.3682 1.9293 0.795197 1.23127 1.29446 1.31071 1.45949 1.71907 2.10686 2.42329 22.3736 74.6606 104.234 126.406 145.161 158.923 139.145 115.125 108.371 115.698 143.205 117.396 108.134 102.701 98.8982 95.8799 94.9229 94.763 94.9643 96.0267 98.3951 100.833 105.307 116.051 136.741 149.592 176.115 192.741 186.591 176.586 164.056 155.082 140.3 115.187 87.4378 42.9767 3.17589 3.43322 3.04225 2.66785 2.51464 1.49667 1.27855 -0.0171756 0.693096 0.292715 0.00132966 0.194048 0.472462 0.294774 0.322243 
-0.472201 0.14923 1.91621 1.39538 1.12067 1.01889 1.47525 1.89169 1.58951 1.2651 1.59739 2.11953 3.56946 21.3825 73.2722 102.256 126.855 144.882 157.896 137.372 111.385 105.761 108.955 141.921 116.41 107.847 101.525 99.0353 95.5732 94.5211 93.9686 93.8352 96.2242 96.9663 100.164 104.317 111.546 133.613 148.561 174.729 193.09 186.042 176.413 162.619 160.123 134.739 114.653 86.8163 41.0363 3.87292 2.99885 3.43421 3.00899 2.50178 1.75848 2.7966 0.594622 0.176603 0.802638 -0.0374655 0.667757 0.148937 0.213138 0.142127 
-0.293805 1.28232 3.11204 3.05597 2.40515 1.63027 1.76538 2.40304 2.23644 2.02766 2.82402 2.594 3.66637 20.6325 72.7733 101.689 125.533 144.65 155.894 137.821 112.311 105.431 107.866 137.424 117.867 108.685 102.958 99.5436 96.355 95.0516 93.8334 93.8373 95.3271 97.7566 100.247 103.405 110.555 130.367 148.315 174.068 193.153 186.494 176.324 163.466 158.18 135.914 113.232 84.7803 39.2738 3.60651 3.50316 3.88826 2.60635 2.34877 2.16669 2.38792 1.92242 0.418847 0.191235 0.909721 -0.101044 0.275502 0.576921 0.040064 
-0.619108 2.72933 0.425385 0.905592 2.66332 2.28395 2.7825 2.90014 2.67736 2.23085 2.3982 2.4344 3.24446 16.251 69.0067 100.348 125.411 143.152 155.602 144.913 114.328 105.568 105.172 136.282 119.944 109.692 103.831 99.783 97.2982 94.4548 94.1546 93.964 95.9513 97.1605 99.7455 103.311 109.52 128.833 146.557 167.438 197.156 187.907 176.107 163.786 159.463 136.922 114.018 87.4628 44.1492 3.00506 3.21741 3.70814 3.05023 1.81704 1.9192 1.89609 2.54459 2.05899 0.657643 0.0183529 0.328119 -0.237826 0.599553 0.729119 
-0.644763 3.08512 1.32724 1.44039 2.53717 2.55624 2.61229 1.82399 2.6808 2.63003 2.65214 2.69051 3.53129 14.8762 67.2007 98.7611 123.262 141.15 154.484 152.888 118.073 107.549 104.495 136.152 122.071 111.743 105.284 100.406 97.6545 95.9228 95.6615 94.4708 96.5022 98.8305 101.405 103.737 109.095 128.018 144.488 160.497 199.656 185.536 175.713 163.02 160.556 137.289 114.583 87.7541 44.7494 3.23814 3.01523 3.15578 1.97125 2.23805 1.99336 1.91829 2.43719 1.97328 1.33888 -0.170335 0.416158 0.382128 0.577509 -0.317409 
-0.735822 2.72657 1.94854 2.00434 2.33705 2.18242 2.33205 2.24776 2.43943 2.61099 2.2695 2.79058 3.18206 14.5559 65.9807 98.3755 123.92 142.036 156.178 159.262 122.039 111.959 106.114 138.714 122.445 112.814 105.479 101.91 98.3762 96.5824 95.8959 94.5042 97.6435 98.7293 101.531 105.356 112.095 130.906 143.455 160.01 199.038 186.253 176.825 163.023 158.43 136.74 114.314 87.1933 42.8699 3.0358 3.45447 3.41317 2.38649 1.9525 2.12795 1.6257 1.58288 2.32239 2.23087 0.742888 0.106455 0.84365 0.388546 0.132319 
-0.250134 3.28353 2.89968 2.56433 2.44949 1.86741 1.82393 2.0179 2.10196 2.38539 2.16791 3.08966 3.04178 14.3805 65.6748 98.2293 123.168 141.596 154.527 164.906 127.125 114.126 108.117 139.529 125.184 113.064 107.977 101.877 99.2168 97.5551 96.4471 95.8843 97.382 99.4001 102.877 107.922 113.795 134.456 143.65 158.805 199.584 186.195 175.452 166.279 155.514 136.366 113.886 86.5606 41.1247 2.80919 3.96134 2.50698 2.083 1.84625 1.70657 1.97237 1.62296 1.82512 1.99144 2.42469 0.177428 0.296167 0.247762 0.509865 
0.202959 2.57456 2.49177 2.93332 2.53717 2.00934 2.24192 1.88717 1.83752 1.63705 2.05782 2.76472 3.61824 14.609 64.3361 97.3751 123.653 140.205 155.405 171.478 133.097 118.273 113.013 145.936 127.101 114.735 108.91 102.92 99.9443 98.6166 97.843 96.3295 98.7448 101.564 103.685 108.976 119.495 133.081 143.329 157.813 198.95 185.928 176.752 167.77 154.595 136.66 113.088 85.7634 40.5411 3.45192 3.42675 1.27497 1.63187 1.38159 1.87389 1.44744 1.92185 2.07906 2.33896 2.04333 0.535351 -0.135163 -0.0320167 0.386303 
0.466021 2.51144 2.71449 2.92961 2.56606 2.59925 1.71205 2.47401 2.28226 2.08582 1.79625 2.25608 3.35366 13.5587 64.2697 97.9681 123.289 140.745 155.514 167.15 149.897 125.164 117.11 154.054 129.238 116.582 110.524 105.248 101.859 100.348 98.666 98.5516 101.383 104.447 108 113.508 126.15 132.889 143.758 158.112 198.949 185.002 176.795 166.367 154.699 136.444 113.122 85.0328 38.8417 3.36588 3.29112 1.53386 2.26471 1.99684 1.77848 2.25251 1.29721 1.99091 2.46645 2.19795 1.43789 0.0450387 0.474632 0.155773 
0.470944 2.43294 2.63827 2.32259 2.11523 1.92839 2.24483 1.46772 1.63925 1.58033 2.14949 2.12086 2.80122 13.7487 64.0364 97.0565 122.14 140.871 155.847 167.89 165.622 132.197 124.102 162.497 132.135 119.222 112.745 107.424 104.032 102.327 100.811 101.582 104.532 109.124 112.38 121.181 125.919 133.477 141.306 158.516 197.121 184.389 175.315 166.398 153.783 134.102 112.429 85.107 38.5912 3.17437 2.75542 1.72499 1.4212 1.61977 1.97268 1.61278 1.97076 2.06498 1.90903 2.17501 1.2751 1.03121 1.00341 0.465711 
0.682812 3.43913 3.18575 2.70467 2.96702 2.41536 2.51187 1.11611 1.59972 1.02421 1.82768 2.43549 3.47005 12.6165 65.7085 96.3399 122.883 140.964 155.89 167.246 179.624 146.475 143.318 168.179 137.087 122.692 115.126 110.409 106.622 104.728 105.153 105.858 111.568 114.196 118.376 120.637 125.408 132.094 142.398 158.29 196.042 184.439 174.679 166.155 153.878 136.278 112.342 84.2726 37.1351 3.01938 2.84543 1.76631 1.33176 1.01905 1.50608 1.93057 2.56183 2.13006 0.975557 1.46076 1.8198 0.559703 0.573332 0.610981 
0.00828078 3.28809 2.14041 3.28024 2.59828 2.45075 2.24708 1.63167 1.81714 1.4509 2.07887 2.54476 3.00984 12.8895 64.8182 95.6078 123.085 141.205 155.722 168.344 177.533 179.18 165.346 177.53 143.687 129.592 122.066 116.62 113.845 113.057 113.629 113.979 117.864 117.715 119.113 121.413 125.583 131.885 141.922 157.298 194.593 182.683 174.631 166.567 152.356 134.942 112.246 84.3235 36.6554 3.48406 2.90784 1.57975 1.12107 1.20725 1.15359 1.91562 1.34485 1.19018 0.915608 0.956413 0.913491 0.693429 -0.229283 -0.187635 
1.63137 5.20705 4.4592 4.38203 4.32381 3.49369 3.77122 3.81209 3.45498 3.34774 3.43536 4.24941 4.87162 15.078 67.9534 99.8031 125.815 143.743 159.415 172.349 181.636 190.21 196.196 202.37 163.881 148.018 136.327 128.3 124.144 121.499 117.881 117.838 112.625 113.197 115.192 117.635 121.657 128.158 137.57 153.62 190.392 179.714 171.206 162.059 148.528 130.594 108.624 80.7542 34.3712 1.47229 0.359717 -0.617127 -0.13702 -0.461797 0.63962 0.331071 -0.309226 -0.279115 -0.470533 -0.255677 -0.158144 -0.507003 -1.01371 -1.18076 
2.49996 3.28706 5.14472 4.35955 4.02359 3.93795 3.91015 3.69475 3.79951 3.41123 3.52224 3.66864 5.38487 15.3293 68.0138 98.9195 126.035 145.313 160.144 172.47 183.044 191.601 198.152 202.751 163.421 148.306 138.377 130.34 124.141 122.907 119.524 118.622 111.952 113.154 115.847 118.307 122.428 127.836 137.95 153.62 189.122 180.304 170.141 162.372 148.645 130.543 109.4 80.9562 34.1206 1.80417 0.614974 -0.603961 -0.492957 -1.29237 3.27179 -0.484948 -0.224704 -0.663961 -0.846671 -0.306808 -0.288201 -0.716242 -1.52055 -1.64146 
1.57038 3.84912 4.57701 4.24914 4.64051 4.5268 3.86151 3.68688 4.16437 3.39225 3.51791 3.91715 5.27653 15.5246 67.5673 100.29 125.875 145.946 160.178 172.433 185.559 192.485 200.123 204.713 165.85 147.613 136.865 130.299 125.04 121.95 120.204 118.297 112.849 114.047 115.508 117.496 122.73 129.145 137.47 153.292 189.443 180.502 171.255 161.404 148.556 131.881 108.228 80.4237 33.251 1.32066 -0.119241 -0.125317 -1.15433 -1.14107 2.42994 -0.791509 -0.897388 -0.375331 -0.607103 -0.164175 -0.5238 -0.821599 -1.60986 -1.10734 
1.85554 2.1445 6.51321 5.23491 4.24183 4.54435 3.97869 2.86488 3.92834 2.67421 3.57151 4.53117 4.54071 15.5632 67.9606 99.4677 126.408 144.421 159.689 173.042 184.388 192.912 199.33 206.287 166.937 149.152 138.517 130.782 125.599 122.576 119.681 118.867 113.461 113.929 116.157 117.716 122.433 128.626 137.462 152.937 190.006 179.901 171.173 161.17 148.834 130.599 108.724 80.3912 33.5685 1.49826 -0.0321563 -0.50341 -0.412289 -0.480319 1.62415 -1.26835 -0.41655 -0.853542 -1.10153 -0.884942 -0.840003 -0.784563 -2.076 -1.04427 
2.24535 1.96214 3.78341 4.34518 4.33628 4.98011 3.99995 3.67606 3.43943 2.9595 3.31644 4.09671 4.9903 15.2891 68.0843 99.7077 125.064 145.838 161.056 174.207 184.14 192.953 201.088 205.927 167.756 149.465 139.402 130.891 126.327 123.173 120.5 119.643 112.257 113.235 116.288 117.313 122.522 127.98 137.814 153.101 190.189 180.741 171.323 160.862 148.104 130.991 108.878 80.3719 33.5341 1.06921 0.363479 -0.355442 -0.56504 -0.523541 -0.00627453 0.460963 -0.14097 -0.9725 -0.0640334 -0.433032 -1.11388 -1.02449 -1.21711 -1.22911 
1.89364 1.96366 3.04006 5.0649 4.22934 4.9112 5.21102 4.85819 2.93101 3.73831 3.26883 4.44849 4.18604 16.4439 69.0191 99.4443 126.582 143.847 160.464 173.922 184.615 193.045 201.15 206.769 168.916 151.17 140.348 131.63 126.086 122.895 120.428 118.931 113.288 113.377 115.525 118.159 121.838 129.251 137.556 151.255 189.63 180.731 170.967 160.552 147.694 131.107 118.691 80.9118 33.1555 1.17683 0.152773 -0.377282 -0.549842 -0.872774 0.715895 0.830933 -0.886619 -0.374597 -1.00069 -0.784623 -0.449655 -1.4775 -1.94917 -1.5608 
2.39129 0.129686 1.38563 6.38334 4.24342 4.4765 3.63232 4.7907 3.69386 3.28598 4.14226 4.24947 4.69929 17.2435 69.1524 100.613 126.533 145.423 161.157 174.25 184.165 194.483 201.298 208.867 168.636 151.325 140.58 131.886 125.735 123.002 121.017 119.863 113.095 112.989 115.352 118.121 122.032 127.675 136.611 152.405 189.446 180.73 171.302 160.332 149.601 131.741 108.543 80.9422 33.4904 1.29551 0.214442 -0.611577 -1.03301 -0.540033 -0.176037 2.22761 -0.552705 -0.296836 -0.363226 -0.705702 -1.10599 -1.44073 -1.18156 -1.38338 
1.91062 1.863 2.11982 3.70614 5.22551 4.45079 3.41775 3.31711 3.25922 3.12941 3.84245 4.30278 6.00876 17.0549 69.6218 100.149 126.804 145.236 163.216 174.455 186.351 194.12 203.097 209.182 169.323 157.531 140.316 131.986 126.62 123.608 121.592 118.921 114.919 114.948 115.151 118.617 122.07 127.702 138.507 152.816 188.934 180.911 171.727 158.953 151.497 131.356 108.846 81.4524 34.1953 0.946617 -0.00573803 0.450191 -0.345064 0.119649 0.0738944 1.44388 -0.592287 -0.728102 -0.439533 -1.17869 -0.989545 -1.04755 -1.27217 -0.768398 
2.22738 1.40191 2.0739 1.71708 5.93013 4.99535 3.89149 4.20178 4.02266 4.38583 3.84293 4.10462 5.33054 14.9918 68.4925 99.9994 126.15 146.245 161.324 175.13 185.659 194.044 201.671 210.481 170.867 153.6 141.375 134.539 127.575 124.06 121.097 119.792 114.448 114.482 115.612 118.401 122.985 128.299 137.481 152.108 188.112 181.741 172.451 160.328 151.406 134.058 112.42 85.0273 39.4361 1.22409 1.51318 1.20174 0.666914 0.193463 0.0065461 1.513 -0.90507 -0.707544 -0.229345 -0.18923 -1.18793 -1.23461 -1.55245 -1.42087 
2.86117 1.95856 0.895115 2.04389 3.99932 5.79214 5.25291 4.57359 3.25558 3.71196 3.58467 4.4314 5.16399 12.2288 65.3092 99.2341 125.391 145.802 162.041 173.418 184.694 195.151 201.692 213.05 170.139 154.309 141.529 134.538 127.847 124.545 121.876 120.353 114.484 113.92 115.63 118.806 122.78 127.542 135.773 150.461 186.099 182.526 174.422 161.738 150.636 135.92 114.872 87.6819 45.2025 1.35589 2.29279 0.976201 0.706267 0.806655 0.448634 1.26556 1.01024 -0.624098 -0.496698 -0.119966 -1.72965 -1.30115 -1.21835 -1.03547 
1.27248 2.12614 2.24661 2.11857 1.27672 7.62013 4.69155 4.24787 4.17911 4.05641 4.14549 5.67106 6.03161 10.4292 66.4795 99.7535 125.944 147.388 162.238 173.803 185.076 194.515 200.545 213.868 171.214 154.114 142.552 135.072 129.383 124.662 122.316 120.789 115.173 114.945 116.113 118.25 122.108 127.603 136.262 150.738 184.494 183.179 173.633 162.915 150.665 136.493 116.724 88.7624 46.3041 1.92832 2.55109 1.19134 1.96864 1.6614 0.652012 0.940649 2.66637 -0.463213 -0.164194 -1.53361 -1.69558 -1.72256 -1.42767 -1.89231 
2.0376 1.64627 1.89124 2.1135 2.46036 5.04713 6.41828 5.60926 4.79165 4.65516 4.70675 5.08695 6.72308 13.7099 68.2765 101.893 126.996 146.602 163.289 176.147 185.848 196.379 202.507 214.398 170.97 153.339 141.945 134.682 129.514 124.126 122.213 121.016 115.552 115.634 117.131 119.384 123.36 127.548 135.288 149.624 185.577 182.677 173.814 163.525 152.123 137.541 119.382 90.3997 48.3763 4.60403 2.7918 2.01389 2.69146 1.7121 2.31655 4.3062 11.1385 0.0674759 -2.23467 -1.75328 -1.20891 -1.53296 -1.54101 -1.72982 
2.20607 2.16066 1.31678 2.3143 1.27572 2.33679 8.49316 8.53526 7.98713 6.61172 6.75146 6.71604 5.82058 35.3174 82.9255 113.854 137.086 154.683 170.994 181.016 191.323 199.446 207.887 218.986 176.654 157.859 145.47 136.516 130.542 127.189 124.205 121.492 115.967 116.097 116.646 119.022 122.825 128.393 135.704 150.055 184.451 184.557 175.276 163.093 152.878 138.704 118.105 93.0385 51.0764 3.14915 3.32948 4.31169 5.43925 8.203 7.03021 2.64539 0.504652 -1.76131 -1.65177 -1.66723 -1.62579 -1.85687 -1.27478 -1.17816 
1.67856 2.27485 1.28578 1.89793 1.96348 1.70211 1.27548 7.71776 13.0273 14.5956 17.8167 21.0853 43.3022 97.2871 127.737 150.497 159.391 173.524 186.271 195.933 208.24 218.939 228.58 241.311 199.843 183.674 169.424 162.3 155.604 152.273 149.79 148.834 141.667 141.135 143.694 145.467 149.256 153.902 163.859 176.369 215.793 216.427 209.291 196.96 184.889 170.885 153.921 129.224 99.7723 46.703 17.2232 15.0866 10.5484 7.86083 0.57583 -0.66834 -1.3505 -1.41435 -0.889408 -1.54758 -1.45306 -0.843517 -2.0628 -1.68554 
2.15535 1.5276 1.63191 1.16017 1.48131 1.97579 1.19117 2.15233 3.28733 11.0545 17.8674 36.2795 94.1008 128.399 154.423 166.803 176.937 192.987 207.796 223.42 230.333 241.963 247.811 260.624 213.239 196.651 184.748 178.164 169.833 166.76 164.176 161.724 156.006 156.526 157.681 160.773 166.425 172.17 182.257 195.873 234.498 236.898 230.374 220.065 209.65 209.895 207.092 190.117 169.965 150.011 132.707 112.591 83.4766 20.8582 -1.27994 -1.11507 -0.63394 -1.42395 -1.28859 -1.37352 -1.21276 -1.94149 -2.04284 -1.57733 
2.24606 1.69075 2.31418 1.48356 2.71128 2.5263 0.948457 1.65449 1.7901 1.66888 4.66801 58.4708 109.049 139.843 159.998 172.903 186.159 202.009 215.261 230.838 240.246 249.064 255.038 269.293 222.603 204.114 190.579 184.439 176.645 172.731 169.598 168.078 161.435 161.037 163.343 165.773 169.793 177.191 188.43 201.516 243.112 244.422 236.791 227.707 216.421 217.502 219.847 214.482 196.518 174.033 148.283 118.551 93.4682 63.3856 4.43563 -0.611452 -0.941575 -0.841742 -1.28304 -1.61946 -1.29697 -1.93712 -1.51029 -1.52514 
1.99302 1.926 1.12861 4.554 1.9238 0.986087 1.82461 1.11867 1.96198 2.68111 0.216596 51.4016 103.271 139.056 157.752 171.774 188.967 203.58 218.433 228.994 243.354 249.595 256.894 266.442 221.641 202.985 192.026 183.678 176.935 173.087 169.874 168.339 161.404 162.4 164.709 168.111 172.502 179.13 189.933 204.561 244.389 247.546 239.606 230.988 221.042 218.457 221.732 212.784 199.945 173.346 139.241 119.024 97.3433 71.025 22.991 -1.05709 -1.17696 -1.30914 -1.14091 -1.36596 -1.32398 -1.55609 -1.84798 -1.49828 
1.88646 0.952412 1.23546 1.57879 1.52339 1.34684 1.58526 2.13792 2.01581 2.4363 3.03903 19.8474 78.4523 128.327 150.623 166.52 187.054 200.794 214.459 227.139 237.463 242.681 249.568 263.317 217.135 197.922 186.375 178.087 172.867 168.815 165.352 165.367 157.911 157.291 159.646 163.433 168.351 175.865 186.216 202.368 240.794 244.92 238.674 232.042 222.42 216.804 214.805 203.035 194.637 160.349 135.699 115.416 94.3855 68.8157 27.7174 -1.28 -0.957479 -1.22651 -1.52606 -1.3156 -1.64658 -1.61115 -1.61407 -1.24387 
1.78548 1.70891 1.50345 0.659648 2.28467 1.54846 1.53972 2.34936 2.27641 1.29891 2.55413 2.48221 28.8122 88.4725 133.571 162.025 181.428 193.856 205.225 218.594 224.596 233.405 240.312 250.554 210.777 188.909 178.463 169.04 164.564 160.45 158.022 155.691 149.773 149.897 152.47 155.652 160.433 167.683 178.314 194.144 232.504 236.23 231.048 224.942 219.076 212.926 206.308 193.995 178.393 154.401 131.087 111.536 86.3541 58.7183 15.3248 -1.10333 -1.12791 -1.20951 -1.32094 -1.22245 -1.56839 -1.03522 -1.52289 -1.60604 
1.36877 2.47653 0.815786 1.7188 1.78693 1.43074 1.52046 1.72514 2.37351 2.31782 2.60429 3.94148 3.19283 24.9152 81.7212 122.395 152.261 173.079 189.484 203.117 206.767 218.273 228.225 234.548 198.546 178.64 166.015 158.628 152.153 148.371 145.864 145.449 139.292 139.988 141.382 144.827 149.933 156.713 166.864 183.357 220.121 223.133 218.818 212.075 207.145 202.465 191.133 181.956 164.769 141.832 120.07 98.3857 71.4721 24.2987 -1.25792 -0.939547 -1.77663 -1.42442 -1.05447 -1.67489 -1.68606 -1.96917 -1.20691 -1.50945 
0.712403 1.96407 1.30837 0.769961 1.0113 1.51128 1.73556 0.587198 1.5822 2.1121 2.33087 3.78715 4.00037 12.0677 71.2461 105.396 131.653 152.53 169.567 181.549 196.181 201.583 211.673 220.801 190.477 167.007 155.777 148.652 142.339 137.627 136.904 135.167 129.975 129.278 132.436 133.784 138.731 146.393 154.381 169.73 205.625 209.308 202.79 192.822 188.921 183.797 174.08 159.073 139.29 118.882 94.111 54.8909 12.4383 -0.179273 -0.726957 -0.822311 -1.20192 -1.31667 -1.16428 -0.574724 -0.883741 -1.42577 -1.56915 -1.5478 
0.821703 1.80057 2.55947 1.36599 1.97159 2.10672 1.51208 1.5318 1.8445 2.09634 2.59175 3.56172 4.49308 11.695 69.9443 104.728 131.787 152.509 169.7 179.097 193.187 200.243 211.555 219.805 191.183 166.678 156.001 147.246 143.145 137.763 135.86 135.483 130.219 129.337 130.482 134.619 137.138 146.483 155.355 170.351 202.914 207.802 200.267 191.394 181.692 170.25 154.276 137.035 115.078 84.9538 36.6558 0.635874 1.54686 0.266368 -0.38208 -0.631085 -1.20764 -0.948004 -1.24877 -1.34872 -1.69417 -1.18698 -1.19735 -1.0843 
1.71666 0.954035 1.05264 1.22611 1.2314 1.88173 1.65717 1.68723 1.70004 2.18345 1.81984 3.27096 3.62806 12.1058 70.6453 105.037 131.928 152.273 169.596 179.638 190.617 200.149 209.846 219.876 188.992 165.309 153.209 146.518 140.813 138.98 134.157 132.721 128.2 128.834 129.629 132.792 135.96 143.96 152.561 167.749 201.071 205.026 197.15 187.658 176.438 170.289 154.069 135.877 113.163 84.9649 34.9311 1.96471 0.326921 0.0226782 -0.578042 -1.10943 -1.18726 -1.32384 -1.06557 -1.06457 -1.58482 -1.73791 -1.62959 -0.626721 
2.46737 2.52453 0.99015 1.38197 1.1915 0.982468 1.84968 1.80149 1.39733 1.74765 1.79986 1.96335 3.2954 13.1651 71.4303 104.252 131.035 152.214 169.488 178.021 189.18 201.088 208.635 218.712 187.168 164.111 151.968 144.51 140.763 138.468 133.778 133.041 128.603 128.663 129.5 132.531 136.574 143.142 153.704 166.407 201.301 206.464 198.276 188.963 179.302 170.169 153.537 135.733 111.643 82.5175 34.6307 1.8357 0.518764 -0.306781 -0.900023 -0.879474 -1.36071 -1.5174 -1.96354 -1.58384 -1.66096 -1.77869 -1.3383 -1.04573 
1.52943 1.73442 1.30782 1.33442 1.845 1.95326 0.809553 2.04226 1.41766 1.72142 1.79472 2.32268 3.28423 15.4768 72.0066 102.76 132.372 150.686 169.051 176.598 187.221 199.107 208.706 221.806 184.897 163.062 150.874 144.815 140.09 136.763 134.95 131.96 128.421 128.59 129.078 132.109 135.853 144.484 151.777 165.672 200.024 205.767 197.351 189.224 178.269 169.502 154.245 134.972 111.166 82.5821 34.5365 0.926534 -0.04887 -0.522474 -0.795741 -1.00057 -1.59342 -1.5065 -1.33414 -1.63388 -1.47811 -1.51426 -1.48405 -1.47942 
1.42665 1.22822 1.49611 2.46698 1.8565 1.63431 1.178 1.27741 1.79811 0.696358 0.944609 2.294 3.23912 13.5319 70.2808 103.624 131.657 152.372 168.714 176.36 187.729 200.286 207.953 220.762 184.551 162.888 152.585 143.771 138.486 134.373 132.773 131.192 126.675 126.725 129.162 130.773 136.225 141.477 150.308 164.263 195.842 202.897 196.071 187.129 175.24 171.818 154.074 135.886 112.227 83.6545 39.2268 0.485923 0.175307 -1.50375 -1.31118 -1.12324 -1.17357 -1.45746 -1.87892 -1.7008 -1.54258 -2.16226 -1.99216 -0.95731 
2.05679 1.44582 1.07277 1.10955 0.986557 1.2437 1.46931 1.86821 1.76164 1.99672 1.19631 2.22069 2.87184 12.166 67.8219 100.859 127.225 151.073 167.136 175.63 182.593 198.839 206.256 216.604 191.577 163.112 151.878 144.687 139.712 134.78 131.888 131.31 126.853 126.746 128.279 130.874 134.922 140.738 148.814 161.177 191.838 204.717 197.583 188.802 178.352 170.255 155.926 137.418 114.088 84.962 45.0596 -1.53424 -0.0330771 -1.16651 -1.18365 -1.40955 -1.43373 -0.695883 -1.07307 -1.01716 -1.61291 -1.34989 -1.15015 -1.30659 
2.04584 1.44638 0.824715 0.658901 1.27266 2.14865 1.72784 1.27453 2.15949 1.41662 1.07693 1.87106 2.87299 10.7354 68.8106 102.221 129.782 151.458 167.826 174.554 184.481 198.693 206.355 215.429 191.35 163.427 152.21 143.432 139.234 135.897 133.113 130.92 125.504 127.351 127.779 130.557 134.803 139.985 148.972 161.978 192.141 205.261 196.862 188.533 177.199 170.084 155.731 136.302 113.796 85.6483 43.8748 -0.86335 -0.348429 -1.53879 -1.30117 -2.0804 -1.58889 -1.1069 -1.4607 -1.28235 -1.7344 -1.12061 -1.10697 -1.42596 
1.80792 1.34577 1.14777 1.11443 1.07826 1.53334 1.8468 1.08866 1.08442 1.74552 1.53582 2.19017 3.38577 14.1059 68.6306 102.082 128.764 150.37 167.953 175.497 183.591 199.461 206.337 216.586 188.573 163.26 150.947 144.818 138.786 135.441 131.903 130.484 126.266 126.279 127.105 129.119 134.375 139.135 148.033 161.023 188.913 203.907 197.089 187.988 177.503 168.734 155.538 137.378 113.467 85.2962 43.6056 -1.22173 -0.563509 -1.10522 -1.08195 -0.828481 -1.06677 -1.04505 -0.88176 -1.67049 -1.47598 -1.07087 -1.39317 -1.31854 
1.23376 1.51961 1.06568 0.747815 0.838808 2.02608 2.10748 0.995991 1.7539 1.50346 1.70602 2.32772 3.3428 15.2818 70.1334 103.242 129.835 151.212 167.894 173.794 182.879 197.073 209.014 217.272 188.191 162.861 150.103 144.113 138.028 133.951 131.333 129.931 126.876 126.281 136.411 132.762 133.661 138.42 147.23 161.158 189.041 203.744 196.171 188.164 177.791 168.835 155.587 137.577 113.304 84.8148 44.2302 -1.28966 -0.675913 -1.42729 -1.10327 -0.996977 -1.32783 -1.30887 -1.2258 -1.09071 -0.979456 -0.861874 -1.11739 -1.32279 
1.63663 1.51859 1.1464 1.00617 1.20726 1.19568 1.39875 2.2145 1.32885 2.07075 2.45644 2.98344 3.78399 15.3309 70.8143 103.851 130.283 150.53 170.174 172.637 183.859 196.669 207.682 219.075 186.32 163.054 151.353 143.25 137.814 135.395 131.164 131.178 126.768 125.539 127.441 130.213 134.268 140.407 147.716 160.892 189.561 203.599 195.793 188.179 178.411 169.233 155.2 136.959 113.972 85.871 44.3936 -0.799488 0.11661 -0.663598 -0.4236 -0.761885 -1.33148 -1.06812 -1.04971 -1.64044 -1.42248 -1.60022 -1.38471 -1.12856 
0.783725 1.78437 1.7186 0.736176 1.61974 1.38732 0.848911 1.64491 1.57547 2.25217 2.34104 3.03786 4.26547 16.5734 72.4374 104.321 130.506 152.565 168.718 173.713 185.014 197.133 205.642 219.202 182.858 161.294 150.616 143.885 137.474 133.59 131.44 129.36 125.905 125.897 126.677 129.194 133.563 140.097 147.373 161.277 189.664 203.345 197.893 188.342 175.797 170.084 156.495 136.967 115.4 86.8284 45.9492 0.167701 1.22502 0.192309 -0.403185 -0.965496 -0.21463 -1.22938 -1.44007 -2.65156 -0.955293 -0.379157 -0.732247 -1.13115 
