-0.935667 -0.879787 -1.37554 -1.17344 -1.34456 -1.27804 -1.44537 -0.590679 -0.00485515 14.2996 68.9443 100.223 125.102 145.324 161.76 172.347 181.245 188.321 197.269 211.107 173.013 156.521 145.209 137.332 133.036 128.396 125.423 124.765 125.29 124.089 127.557 128.302 135.16 141.308 148.359 160.775 190.109 205.603 198.514 187.546 171.127 171.172 156.595 137.36 114.645 86.6075 45.2719 0.0230262 0.587242 -0.322916 -0.117576 -0.244577 -0.234302 -0.21985 -0.220579 -0.452098 -0.306274 -0.159356 -0.713731 -0.697274 -0.463103 -0.182294 0.156217 -0.212318 
-1.91439 -1.83648 -1.85025 -1.05667 -1.55949 -2.07039 -1.60223 -0.636054 0.0486039 15.2177 68.73 99.7397 126.668 146.408 162.588 172.334 182.612 190.958 199.041 211.567 172.678 157.171 145.421 138.992 132.573 129.153 125.825 125.057 123.876 124.769 126.038 128.523 135.273 140.705 149.233 160.359 191.996 204.802 199.37 188.168 170.374 169.733 157.031 137.286 114.157 85.9338 43.7186 0.344213 0.728361 0.0138221 -0.315121 -0.394575 -0.334566 -0.247313 -0.0493726 0.0168806 -0.246928 -0.496153 -0.287767 -0.411136 -0.0465887 -0.183362 -0.192881 -0.499247 
-1.1862 -1.86108 -1.40756 -1.44204 -1.37797 -1.60347 -1.14749 -0.0707974 0.2618 16.1481 69.4834 101.474 126.639 145.986 163.297 171.947 180.405 189.992 199.193 211.175 172.06 157.198 144.561 138.102 132.8 129.287 125.429 125.475 126.513 124.627 126.295 129.736 135.265 140.33 150.174 162.595 191.34 205.513 198.344 188.308 171.843 172.063 154.994 137.314 113.596 85.3223 43.7973 0.442967 -1.53227 -0.288512 -0.0415865 -0.0222 -0.249994 -0.475364 -0.483432 0.00721633 -0.0767571 -0.432044 -0.0883848 -0.184645 -0.475201 -0.314023 -0.548197 0.0750459 
-1.78009 -2.39077 -1.05627 -0.88744 -1.26032 -0.873504 -0.973363 -0.967817 0.36168 16.1633 71.4342 100.251 126.217 146.412 163.252 172.328 182.25 189.673 199.77 212.533 171.817 157.04 145.583 138.994 132.338 130.398 126.165 124.824 124.991 126.082 126.178 129.602 136.154 141.65 150.654 165.948 196.644 205.31 199.243 188.144 172.666 172.596 156.509 137.721 114.502 85.7925 41.2831 1.27269 0.864281 -0.208508 -0.00726459 -0.0738931 -0.492962 -0.0439673 -0.127662 -0.00711355 -0.0777345 -0.446834 -0.374878 -0.0989718 -0.137021 -0.157107 -0.475082 -0.123368 
-1.71747 -1.54279 -1.45136 -1.10015 -2.17588 -0.929593 -1.02105 0.291555 1.01664 17.3574 71.6161 102.619 127.806 147.152 163.33 172.58 181.313 189.76 200.695 213.793 173.977 157.077 145.877 139.261 133.61 129.24 127.177 125.786 125.552 125.998 127.15 130.33 135.822 142.56 150.515 165.211 193.04 207.113 199.276 189.058 174.854 171.515 155.816 137.483 113.778 85.5021 42.1512 1.77457 1.10138 0.801434 0.0329834 0.00653491 -0.0998817 -0.313189 -0.52038 0.00134171 -0.0515988 0.166865 -0.167251 0.134607 -0.362627 -0.381328 0.119164 -0.363596 
-1.69534 -1.77308 -1.45981 -1.66272 -1.35638 -0.367304 -0.374903 0.703483 1.36892 18.7458 73.2069 103.707 129.493 148.026 164.002 171.373 184.821 190.062 198.772 213.81 173.946 157.095 147.128 140.295 134.318 129.913 128.517 126.302 126.163 126.456 127.296 131.377 137.144 143.252 152.742 166.838 194.569 205.08 199.347 189.422 173.763 171.727 156.353 138.849 115.559 86.9455 41.2738 1.96836 1.56916 0.805724 0.63548 -0.162108 0.407086 -0.375479 -0.135564 -0.221031 -0.082323 0.0147685 -0.299255 -0.525045 -0.48905 -0.204514 -0.437454 -0.646591 
-1.61451 -0.997228 -1.52952 -1.10679 -0.93816 -0.48762 0.0505089 0.894791 1.76778 15.1344 69.4468 100.717 125.482 147.466 163.5 173.46 181.107 191.939 200.875 208.723 184.311 160.665 147.63 140.62 135.178 131.804 129.578 127.354 126.968 127.791 128.33 131.959 136.857 143.867 151.605 162.378 191.557 207.757 202.839 192.078 179.297 173.464 159.608 141.251 117.969 90.7166 52.5273 0.84641 2.30413 1.21247 0.400915 0.248408 0.0644714 -0.234322 -0.404234 -0.221094 -0.0583948 -0.072157 -0.127447 -0.00126181 -0.871321 -0.385179 -0.59702 -0.0428622 
-1.60073 -1.11376 -1.55821 -1.01296 -0.386873 -0.289272 0.289608 1.26435 1.88779 15.3449 71.26 101.869 127.068 146.782 162.445 175.237 181.034 193.283 200.975 208.355 188.575 160.784 148.993 141.925 135.709 131.873 129.165 126.827 126.514 128.242 128.925 130.585 136.864 143.35 152.639 162.936 193.358 209.172 202.398 193.975 178.612 171.775 158.78 140.898 120.009 90.9273 53.4337 1.56388 3.22193 1.41214 1.06243 0.559441 -0.223136 0.117055 0.113365 -0.339708 -0.50885 -0.229739 -0.223433 0.0604893 -0.601033 -0.211384 -0.0748032 0.203405 
-1.3327 -1.53735 -1.2105 -1.4398 -0.955582 -0.177678 0.574132 1.46059 1.36387 24.0622 73.8348 103.857 128.532 146.863 163.782 176.24 179.521 193.029 201.027 208.47 190.068 162.237 149.764 142.703 136.743 133.057 129.315 128.529 127.316 128.482 129.465 131.27 137.851 146.289 152.303 165.124 194.828 208.447 201.834 193.453 179.544 173.5 159.766 142.251 119.088 92.5493 52.2225 1.47037 3.20186 2.30172 1.44346 0.47294 0.599331 -0.206545 -0.355828 -0.315479 -0.42715 -0.212991 -0.301027 -0.437484 -0.677045 -0.618578 -0.467105 -0.220121 
-1.74849 -1.69842 -1.02337 -1.32951 -0.561959 -0.536767 1.70606 7.09168 39.9617 74.7815 99.15 122.173 141.904 159.567 173.822 184.24 189.501 200.877 210.001 214.935 194.914 167.672 153.91 147.378 141.762 137.12 133.394 131.668 131.279 132.849 133.538 135.176 142.293 148.099 156.301 167.427 198.192 212.414 206.25 197.825 184.765 180.59 166.2 150.22 129.482 106.112 74.6833 35.1179 2.69839 1.616 1.22878 1.4043 0.602646 0.0345701 -0.469115 -0.212877 -0.60395 -0.264865 -0.141748 -0.212671 -0.224646 -0.397069 -0.224353 -0.083934 
-1.71207 -0.988522 -1.26808 -0.985644 -0.862726 9.13891 37.3227 50.4526 87.0638 111.02 132.019 149.412 164.958 178.072 188.958 196.867 206.965 211.339 218.102 223.688 200.654 173.521 162.533 152.658 146.49 143.612 141.49 140.21 139.46 139.813 140.58 142.371 150.224 157.678 165.405 179.253 211.115 224.811 220.683 211.833 202.808 196.997 183.467 169.703 153.112 133.206 110.55 83.5346 45.5304 23.3545 8.49416 1.20478 0.870223 0.0935601 0.101753 -0.045761 -0.225163 -0.305903 0.0925741 -0.0790987 0.450809 -0.188709 -0.264128 -0.0108436 
-1.38432 -1.5257 -1.42861 -1.46088 5.9596 28.2036 58.2561 84.6254 105.67 124.98 143.871 162.258 178.292 191.276 202.31 210.446 218.009 228.683 233.674 239.823 215.777 187.154 173.691 166.751 158.981 154.229 150.33 149.355 149.325 148.208 150.769 153.583 162.025 168.557 177.565 191.257 222.528 239.461 233.385 225.497 218.121 211.695 200.351 186.413 170.04 151.764 133.994 118.55 100.245 82.2378 50.379 0.594779 0.528243 -0.331885 -0.00590567 -0.108077 -0.406591 0.33299 -0.329861 -0.337963 -0.530022 -0.472428 -0.102039 -0.00949423 
-1.85573 -1.94113 -0.202607 4.90915 20.8581 34.1205 69.8529 98.3723 119.243 139.948 156.649 173.023 188.048 199.354 209.466 219.422 226.275 233.074 238.34 246.53 215.174 191.273 178.132 169.182 160.212 153.098 147.984 147.065 154.263 155.297 156.729 160.264 168.411 174.313 184.581 197.634 230.979 248.233 244.062 237.354 229.7 221.129 210.171 197.759 182.413 165.449 149.86 131.023 112.376 96.3912 74.8743 18.085 0.486818 -0.159913 0.0195653 -0.452297 -0.197527 -0.455513 -0.116153 -0.335382 0.368678 -0.057529 -0.00152972 -0.249872 
-1.27575 2.31229 7.54367 13.6046 22.4531 37.6191 69.6557 99.4436 122.959 144.842 163.974 180.336 194.495 205.975 216.433 225.747 233.739 239.354 243.889 253.213 213.108 192.647 179.383 170.081 155.972 143.997 141.857 140.539 143.876 155.842 156.235 160.43 171.348 177.642 187.655 202.761 238.192 254.739 250.239 241.074 234.094 224.241 212.217 200.587 186.98 167.119 150.031 132.234 109.582 99.9992 81.4341 34.3468 -0.267925 -0.164575 0.0247681 -0.141908 0.00359023 0.11766 -0.681099 -0.408238 -0.784083 -0.00556611 -0.344344 -0.150535 
0.904655 1.6276 3.10208 6.00624 9.14168 15.2943 32.3261 50.9428 65.1586 104.424 126.683 143.325 161.183 178.767 193.447 205.243 216.466 221.728 228.055 238.061 200.309 182.249 164.337 145.491 136.295 131.082 130.112 128.368 128.795 134.608 145.371 153.021 160.206 165.997 174.66 187.743 217.919 236.538 233.106 226.099 216.826 204.184 195.081 183.613 169.361 154.869 140.631 130.017 108.895 98.0271 83.1115 32.6269 4.68037 -0.239514 0.152564 -0.317477 -0.104522 -0.151083 -0.459054 -0.540931 -0.34048 0.394583 -0.274785 -0.299064 
-0.695342 -0.369449 -0.326387 0.974877 0.451322 1.08997 1.25156 1.0148 0.871795 9.67099 65.6504 103.306 133.086 155.467 172.578 188.256 200.41 207.12 213.51 225.569 182.857 154.369 140.42 130.089 123.87 121.158 118.844 119.417 119.15 120.656 124.133 131.231 149.35 156.004 164.727 178.401 208.764 222.209 214.867 206.167 192.908 179.825 165.519 146.492 125.129 97.3228 59.218 26.2919 21.4165 25.1092 24.5565 11.5763 7.83263 2.27258 0.0296615 -0.168167 0.296891 -0.653037 -0.149301 -0.0456043 -0.256932 -0.215185 -0.238655 0.0554931 
-1.51143 -0.475983 -0.916298 -0.0597675 -0.267811 0.0729163 0.742597 1.21497 2.35687 -0.751446 50.462 86.7007 114.098 136.221 153.052 167.565 179.884 189.671 194.542 190.584 147.054 128.708 117.677 111.049 105.544 104.396 101.925 101.428 101.119 100.195 101.856 104.359 114.042 129.044 143.849 154.958 184.207 198.366 189.836 180.774 167.789 154.506 135.493 112.016 82.8798 49.4324 3.94905 4.70196 3.89128 3.7966 4.01108 3.37037 5.10987 14.672 -0.0351983 -0.182835 0.268902 -0.137316 -0.467184 -0.220929 -0.371734 0.0592479 -0.300669 -0.0999868 
-0.582578 -1.07515 -0.51034 -0.414244 -0.58425 -0.016955 0.00172394 0.987666 1.40591 -0.480096 48.5467 85.1176 113.562 134.367 151.43 165.142 174.775 184.048 169.901 174.03 137.333 121.539 111.572 105.329 102.364 98.8302 96.7366 95.5785 95.3983 94.4183 97.7815 99.2201 107.25 113.99 128.01 151.389 183.344 194.144 186.895 176.995 165.279 150.907 133.165 108.055 80.2732 41.0254 3.77958 3.48005 3.18867 2.72237 2.4788 2.61219 9.35465 -0.0922358 0.484115 -0.315021 -0.175471 -0.0234717 -0.128262 0.12939 0.27824 0.0954208 -0.112644 -0.433661 
-0.914561 -0.865656 -0.770954 -0.364659 -0.709317 -0.494748 0.0906614 0.83762 1.24922 -0.351651 43.4016 84.6782 111.283 133.354 149.951 162.558 174.211 164.119 156.558 163.85 133.542 118.463 110.357 103.82 98.874 95.7198 93.8085 92.9022 92.9798 92.6251 94.6258 97.2118 103.334 109.069 118.688 135.328 182.853 193.084 186.467 176.528 163.024 149.542 129.703 105.366 77.6181 34.9764 3.81629 3.35823 1.95061 2.32032 1.85898 2.18472 8.45433 0.0970011 0.25004 -0.108811 -0.0580461 -0.0728998 -0.502715 0.0651184 0.267984 -0.378876 -0.274448 0.339876 
-0.0374191 -0.338812 -0.459426 -0.270624 0.191711 -0.17826 0.15547 0.113034 1.26753 -0.119058 39.4547 83.1328 109.84 132.904 149.095 160.743 169.36 149.605 146.711 158.601 131.021 116.082 107.843 101.985 96.8972 94.0887 93.1073 91.5562 90.5998 90.6447 92.163 94.8157 102.101 106.088 114.633 127.894 172.64 193.111 185.906 175.01 161.585 146.803 127.833 104.096 75.2265 30.9387 3.34157 2.89588 1.64149 2.48906 2.30432 1.95935 7.81742 1.47744 0.27916 -0.167865 0.0331048 -0.380418 -0.251559 -0.502054 -0.317386 -0.234839 -0.191794 -0.526232 
-0.213981 -0.129365 -0.779232 -0.421152 -0.072091 -1.00062 -0.551474 0.141925 0.77699 -1.24837 37.8988 82.4324 107.994 130.942 146.841 160.36 162.183 143.006 140.301 152.904 132.02 115.303 106.803 101.326 97.1411 93.4191 91.1947 90.0873 89.5068 89.3342 90.859 93.3154 99.5875 105.278 112.553 124.974 161.864 186.047 184.772 173.14 159.879 145.568 126.62 102.191 73.3088 26.4306 3.40076 1.3559 1.10804 1.70315 2.27392 1.83937 9.49553 2.26454 -0.0888765 -0.470035 -0.478589 0.268903 -0.242813 -0.51944 -0.17335 0.0413323 -0.0949577 0.16036 
-0.255859 -0.116926 -0.279143 -0.515809 -0.00968916 -0.681314 -0.275705 0.186919 0.656191 -0.103574 38.4779 81.2002 108.432 130.385 147.442 159.126 158.053 138.329 134.699 151.545 129.946 114.608 105.982 100.658 95.5049 92.6151 91.0383 89.9059 89.28 89.2979 90.6604 92.2521 99.2765 103.541 110.672 124.456 160.492 182.084 183.746 172.27 159.025 144.148 125.489 100.885 71.6853 23.5874 3.58687 1.31058 1.22891 1.91428 1.77499 10.1092 3.02162 2.39347 0.657562 0.560439 0.0209476 -0.371824 -0.230591 -0.284974 -0.178773 -0.683854 -0.370752 0.0677374 
0.307883 0.582697 0.454076 0.463522 0.243924 0.0326149 -0.572348 -0.0750127 1.01422 -0.141586 38.6364 81.3441 107.612 129.752 147.177 159.522 157.764 136.46 130.471 151.215 128.299 114.53 105.916 100.289 96.3474 92.9678 91.1518 90.4195 90.0577 89.6305 91.4777 92.9448 99.7315 104.54 111.385 123.027 160.806 180.577 182.352 171.373 159.349 144.487 123.501 99.0703 70.4193 22.0024 2.39977 1.3537 1.56194 1.88644 2.32309 10.0433 1.87847 1.9824 2.66032 0.20419 -0.119268 -0.32953 -0.126337 0.7056 -0.354877 -0.296506 0.079832 -0.110943 
0.569667 0.587115 0.681375 -0.428776 0.543482 0.267494 0.316195 0.643781 1.43835 0.573509 35.0068 77.9565 105.598 127.336 145.163 159.054 160.955 137.595 130.374 145.401 133.29 115.636 107.09 101.238 96.3226 93.7598 91.4946 90.954 89.9249 90.0082 90.9683 93.0502 98.9287 102.363 110.291 121.897 157.964 181.448 182.17 171.266 159.711 145.445 124.705 100.329 72.3396 25.9472 2.27737 1.53097 1.13411 1.74374 2.7125 9.18655 2.90137 1.60177 1.92247 1.86991 0.80736 0.119258 -0.20597 -0.657628 -0.0269716 -0.405425 -0.0516464 0.332712 
0.672002 1.00115 0.869213 0.271272 0.503577 0.499974 0.500521 0.49504 1.47417 1.75873 32.5043 76.5554 104.618 126.66 145.443 160.002 165.151 138.159 129.443 142.544 138.553 116.153 107.388 101.195 96.4962 94.5022 92.1181 92.1471 90.1532 91.1596 91.6772 92.7677 99.7165 104.74 111.456 121.576 155.768 183.238 181.763 171.733 159.136 143.733 125.28 100.867 71.9507 25.609 2.53097 1.93037 1.44371 2.43207 2.57489 8.20483 2.13907 2.1256 1.87823 1.99788 1.63022 -0.171046 -0.504992 -0.542799 -0.487203 -0.380338 0.194985 -0.315493 
0.00140837 0.378978 0.45573 -0.305604 0.21229 0.156266 0.219656 0.43222 1.61322 1.80364 32.6114 77.1801 104.867 127.637 145.589 159.6 169.793 141.573 130.47 144.627 137.527 118.286 108.058 102.614 97.684 95.421 92.9284 92.1531 91.1933 90.973 92.4083 93.4443 100.791 104.708 112.99 124.577 159.294 187 181.79 171.652 159.287 144.019 123.913 99.222 69.3908 25.0989 2.60264 1.83137 1.43168 2.01535 1.82868 8.24402 2.33226 1.38724 1.21657 1.79191 1.76891 0.760884 -0.152382 -0.24049 -0.281401 0.170912 -0.48589 0.0460587 
0.0591105 0.897109 0.766488 0.391606 0.115259 -0.194279 0.124571 0.29158 1.21304 1.3364 34.4283 77.1662 104.427 127.272 146.695 158.175 173.31 145.734 132.374 147.249 139.755 117.26 108.867 103.008 99.061 95.1755 94.3812 91.5319 91.8197 92.138 92.8063 94.8123 101.485 106.671 114.688 127.448 166.024 191.6 182.374 171.209 157.837 142.753 122.273 98.226 67.5417 24.288 2.30644 1.98708 1.8279 1.8417 2.80375 7.06104 2.26204 1.98663 1.16686 1.89965 1.47883 1.81462 0.533027 0.293943 0.157505 -0.0689637 -0.17734 -0.304236 
0.256846 -0.0457735 0.697297 0.24281 0.00832789 -0.245701 0.220834 -0.0898493 0.923854 1.04393 35.0055 79.1139 105.789 127.9 145.305 158.515 170.153 158.494 136.578 151.896 140.044 118.994 110.143 104.16 100.136 96.714 94.813 93.1683 92.5804 93.2562 94.037 95.5557 102.601 108.811 115.478 129.784 176.677 188.889 181.894 169.905 157.832 143.274 122.9 97.0685 67.9363 20.9568 2.56644 1.3967 1.8188 2.04756 4.52486 3.28455 1.60478 1.11334 1.65484 1.3122 1.02342 1.18833 1.91874 -0.277856 -0.361132 0.0362911 -0.00633813 -0.0149939 
-0.201137 0.069195 0.0659934 0.112208 0.0604371 0.2604 -0.669577 0.867215 1.1684 0.691788 36.519 77.5477 105.231 127.642 145.133 160.275 170.115 170.184 143.268 156.844 140.519 120.873 110.175 105.855 100.774 97.6015 95.5713 93.895 93.5679 93.8512 94.76 97.338 105.264 111.995 120.359 137.254 185.925 189.727 182.487 171.195 158.282 142.282 122.258 96.8452 69.4299 16.728 2.58661 1.49904 1.1772 1.12379 5.22453 1.97917 2.0896 1.68621 0.485244 1.52994 1.67481 1.31872 1.67793 1.08634 0.186486 -0.0908824 -0.330672 -0.23613 
-0.0978183 -0.190028 0.326152 -0.105883 -0.25308 -0.0634854 0.252561 -0.0325008 0.854778 0.483973 37.4145 78.0994 104.902 128.345 145.75 160.096 170.199 181.117 151.533 163.038 143.157 122.367 112.961 107.18 102.875 99.2776 97.4858 95.3624 95.4816 95.9501 96.3579 101.157 108.479 116.777 126.553 149.406 186.375 190.071 179.71 170.037 157.185 141.313 120.906 95.6503 68.7333 14.6533 1.96206 1.47751 1.56693 1.73457 4.26755 1.52487 1.54506 1.37494 1.60808 1.21022 1.29903 1.62957 1.61174 1.70656 0.228066 0.162922 0.456678 -0.0102376 
-0.420723 0.236568 0.116421 -0.136235 -0.0412712 -0.329515 -0.0648848 -0.39492 0.327802 -0.275228 38.8527 78.6147 106.76 128.147 147.661 159.972 171.122 180.748 175.132 171.134 147.071 126.041 115.988 110.739 105.676 101.625 100.1 98.5013 97.3021 98.8837 100.307 104.114 114.648 124.563 137.68 150.551 187.508 188.813 180.562 170.451 157.199 141.34 120.424 95.2242 69.3463 14.0748 2.16064 1.43877 1.16388 1.7783 3.56639 1.83612 1.06073 0.85136 1.44909 1.47616 1.51497 0.87497 0.709853 1.11963 1.20897 -0.453843 -0.110085 -0.266626 
-0.27515 0.156465 -1.39027 0.171781 -0.00550823 -0.0780685 -0.366264 -0.0982735 0.717738 -0.533057 40.8466 79.3624 106.802 129.611 146.552 159.905 171.687 181.043 188.85 190.655 153.834 132.64 121.312 115.789 110.815 106.648 105.88 104.224 103.493 104.831 109.083 113.312 125.772 129.668 137.871 151.89 186.538 188.991 179.994 168.999 155.282 139.692 120.648 95.224 67.9623 12.9734 2.62024 1.14454 1.30511 2.86537 4.08224 1.97952 1.22639 0.601671 0.668466 1.05876 0.616329 0.677893 1.02626 0.87979 1.25802 -0.268128 -0.536105 -0.135814 
3.72025 4.12616 3.30486 3.24599 3.2569 2.71338 3.32051 3.27701 4.04718 2.39757 46.4664 85.1476 111.282 133.525 151.483 166.568 178.398 186.539 194.277 205.641 169.294 151.183 138.169 132.657 127.157 123.393 119.355 117.571 117.152 117.248 117.752 120.98 120.95 127.604 136.482 149.244 186.55 185.648 176.295 165.68 153.057 136.892 116.686 91.4778 63.0563 10.4309 1.57085 0.146693 0.797447 2.05908 1.58993 0.0282713 0.348088 0.173048 0.625474 0.139628 -0.211313 -0.00136062 0.253283 -0.461885 0.474063 -0.720374 -0.526942 -0.62196 
4.47573 3.53283 4.09678 3.91072 3.20548 3.32575 3.45842 3.99003 4.45311 2.02203 49.8142 85.4965 113.878 134.74 152.841 167.408 178.546 188.906 195.587 208.484 168.021 151.582 139.868 133.212 127.302 123.698 120.236 118.733 116.902 118.214 119.635 121.672 121.136 126.943 136.724 150.505 187.222 185.509 176.863 165.237 151.382 136.766 115.618 90.3144 63.026 9.60143 1.47712 0.46274 0.902717 1.7781 0.648116 0.06309 -0.0904364 0.0393551 0.479433 -0.18731 0.516054 -0.266056 -0.103169 0.264393 0.340245 -0.741289 -1.09304 -1.33676 
3.91998 4.94943 3.37991 3.84457 3.41758 4.10347 4.04334 4.08424 5.05556 2.30978 52.0061 86.7706 114.715 136.121 152.683 169.234 178.251 188.847 195.569 209.433 169.297 152.009 140.759 132.367 127.253 122.897 120.768 118.701 118.135 118.367 120.279 122.387 121.712 127.987 136.919 151.2 187.05 185.193 177.335 166.676 151.92 137.681 116.029 90.8818 63.0077 8.66925 1.33849 0.362846 -0.161824 1.51393 0.161801 0.186757 -0.284942 0.507072 0.723242 -0.499795 -0.485593 0.161578 -0.146763 -0.0907536 -0.047352 -0.12233 -1.17412 -0.512086 
4.06887 4.07641 4.03282 4.29199 3.86994 4.19996 3.66728 3.19821 5.15624 0.966458 53.4633 87.6947 114.489 136.21 154.457 168.645 178.788 189.933 196.904 208.349 168.941 152.245 140.58 133.383 127.024 123.987 121.598 118.75 118.792 118.315 119.087 121.385 121.547 127.644 137.755 152.261 187.667 185.71 176.418 165.783 152.924 136.195 115.116 89.1412 62.471 7.93352 1.18587 -0.0299304 0.700204 1.1965 -0.164229 0.0850821 0.231679 0.296144 -0.514231 0.560965 -0.113702 -0.296283 -0.812634 -0.405805 -0.339392 -0.675007 -1.7906 -0.377991 
4.52688 4.14967 3.46574 2.89766 2.99218 3.56453 3.47535 4.47271 4.54809 1.77064 54.6395 88.908 115.751 136.564 154.34 168.851 178.633 190.366 197.088 208.678 169.293 151.721 140.571 133.127 126.187 123.951 121.212 119.215 119.223 119.1 120.479 121.746 121.8 127.737 137.626 150.89 189.521 185.714 176.82 165.116 152.718 136.366 115.117 89.0427 62.0605 6.29323 1.59176 0.863828 1.13449 0.567293 0.41576 0.192113 -0.387549 0.291724 -0.216759 1.31409 -0.0438323 0.015947 0.218913 0.00893134 -0.330526 -0.660293 -1.02553 -1.21144 
3.79622 4.09518 3.46345 3.64832 3.1993 4.03467 -3.22369 4.93145 4.42179 2.69766 54.7916 90.411 116.413 138.393 154.994 168.056 179.798 190.471 197.885 206.934 169.218 152.306 140.127 131.84 127.652 124.163 122.873 120.508 118.223 118.809 120.702 122 122.175 127.821 137.599 152.676 190.056 196.598 176.905 165.375 152.322 135.871 114.712 88.1887 60.7913 6.05448 1.00666 0.719158 0.238181 0.374273 0.308393 0.212651 0.0522705 -0.113209 0.102689 1.08714 -0.102685 0.300345 -0.823439 -0.536512 -0.15508 -1.3084 -1.0395 -1.37728 
4.56231 2.94856 3.6124 4.39089 3.47046 3.21226 -6.19292 4.96187 4.64314 3.21419 56.7384 90.8167 117.93 138.637 154.654 168.968 179.904 190.481 196.833 206.218 169.482 151.812 140.486 134.83 126.851 124.673 121.844 119.516 118.979 119.086 120.186 122.003 121.693 128.188 138.631 153.52 190.201 184.386 176.031 165.443 151.251 135.328 113.731 87.6341 59.1527 6.99121 0.883242 -0.126093 0.621083 0.203085 -0.451992 0.881763 -0.32944 -0.332012 -0.0704129 2.0759 1.21029 0.327423 -0.310392 -0.281988 -0.873539 -1.44174 -0.743465 -0.821146 
3.29108 4.20016 4.72148 4.22802 3.46399 3.54117 3.06026 3.23726 4.98816 3.43227 58.067 92.727 119.006 139.382 157.176 168.398 181.589 193.949 199.626 208.03 169.658 151.209 142.464 133.001 128.117 124.813 123.183 120.909 119.95 119.571 121.851 122.937 123.557 129.195 137.539 154.778 191.714 185.814 176.461 165.874 151.332 136.345 113.907 88.5212 58.634 7.51688 1.21185 0.397474 0.0543257 -0.213132 -0.431344 0.412817 0.981636 0.695482 -0.143593 0.635299 2.03389 -0.662825 0.142561 -0.698722 -0.45353 -0.97479 -0.994404 -0.619648 
4.72723 3.39538 4.41475 3.89587 3.98426 3.60327 4.1547 4.58832 5.56383 4.64317 57.0718 92.1127 118.265 139.134 156.791 168.871 180.006 193.464 198.687 209.1 168.554 151.787 141.561 133.668 129.322 125.198 123.198 121.708 120.88 119.78 120.469 123.151 123.473 128.64 139.045 154.399 190.867 186.593 177.469 166.552 153.382 137.936 115.674 89.9707 59.4453 10.201 1.76001 0.855647 0.617494 -0.0528503 0.154341 0.36187 1.27936 -0.304936 0.146989 -0.68735 5.04596 0.0597632 0.186539 0.390637 -1.43234 -0.942152 -1.04831 -0.863943 
4.92101 4.42841 3.84402 4.23171 4.46348 4.06922 5.40325 5.88637 5.28321 3.24201 54.1781 90.9138 116.32 138.809 156.07 168.962 180.773 190.6 199.118 209.246 169.056 153.98 141.488 134.732 129.548 125.165 122.401 121.709 119.508 120.463 121.527 122.903 123.337 128.458 138.5 154.667 188.808 186.93 179 167.469 155.135 139.147 118.142 92.6185 61.9894 12.0293 2.62758 0.64638 0.858465 0.410422 0.393442 0.286591 -0.0320033 1.36053 0.167075 0.197993 7.33575 -0.274359 -0.265633 -0.439151 -1.04927 -1.07214 -1.01698 -0.583173 
3.73702 4.24881 4.19799 5.09014 4.23904 5.19558 4.42461 5.72792 6.3565 4.33552 54.7218 91.5502 117.968 139.989 157.907 168.286 180.9 191.408 199.45 209.495 167.746 152.275 141.02 135.027 129.743 126.313 123.582 122.236 121.889 121.245 122.019 122.988 124.044 129.19 138.513 154.185 188.635 188.032 179.269 168.396 153.647 138.988 118.331 92.9467 62.0789 12.9842 2.87973 1.56629 0.964174 0.701618 0.55044 -0.0222211 -0.0112863 0.65708 1.31185 0.866451 8.5316 0.00127659 -0.850325 -1.33619 -1.25598 -1.37606 -0.97187 -1.04476 
4.87387 4.37688 4.39319 4.59014 5.22156 5.06088 5.94129 6.77214 7.67863 5.25796 60.3087 93.6955 119.158 140.921 158.823 171.507 181.945 192.831 201.084 208.469 167.235 153.405 141.584 135.569 129.779 126.178 123.707 121.235 120.845 120.217 120.72 123.253 124.256 129.477 139.079 154.372 189.696 188.012 178.651 167.783 155.325 138.776 118.659 93.5194 63.299 13.5823 3.23498 2.3476 1.16036 1.91129 0.532808 1.07585 0.890444 0.487762 0.837704 0.736059 7.69183 14.4102 -2.49187 -1.34899 -0.742131 -1.08704 -1.22717 -1.6675 
5.6779 5.63898 4.75601 5.76909 5.05018 6.04903 6.78584 6.49622 7.10228 32.3936 79.8513 108.868 131.055 149.909 165.885 178.66 186.466 195.788 205.062 209.006 170.062 154.387 144.212 136.227 131.062 127.349 123.669 122.65 122.176 122.28 123.173 124.4 125.581 131.128 140.784 154.723 190.487 188.942 177.667 167.452 153.693 138.503 119.87 93.3709 63.904 13.7989 4.07136 2.63646 2.65941 1.62316 1.13327 1.27979 0.861386 1.35024 3.15312 5.35811 5.96105 6.31195 -1.42318 -0.993347 -1.13907 -1.2818 -1.10705 -0.505624 
11.638 14.5052 15.02 17.0065 18.3995 18.485 18.8552 17.851 43.0729 86.5227 114.41 143.747 165.992 185.703 197.728 208.41 217.521 227.138 237.068 239.395 197.375 179.627 167.899 163.26 158.654 155.645 150.505 149.86 148.808 148.296 147.192 150.941 147.89 154.478 164.65 179.552 215.212 210.563 203.525 189.001 177.255 164.2 142.658 112.134 78.6763 27.5425 2.01053 3.18568 3.50173 2.84995 2.76821 3.66287 5.96172 7.97747 8.46771 7.68897 1.82022 -0.796328 -0.389329 -1.18818 -1.00478 -0.556905 -1.50899 -0.873156 
11.7015 14.9427 18.4358 20.4424 24.3752 27.2674 25.914 52.5464 103.098 130.602 154.302 172.84 191.989 206.461 220.264 228.414 236.718 246.492 253.698 257.445 212.797 196.919 184.137 177.163 171.205 166.979 164.172 165.138 161.847 163.292 165.068 167.525 169.15 174.658 185.092 200.046 241.056 235.393 230.262 219.8 211.866 198.529 187.22 169.734 153.866 127.929 94.7868 56.0638 28.0348 13.5342 14.524 13.4492 11.7663 9.82513 7.08641 -0.0413428 -0.66923 -0.563232 -0.0847774 -1.20922 -0.769112 -1.52891 -1.83463 -1.48634 
2.42037 4.43148 9.79642 13.4231 20.5486 28.2882 37.9749 83.0877 115.182 142.863 165.461 184.378 201.279 214.204 228.609 239.117 246.727 254.636 258.729 262.372 218.209 201.919 189.571 181.19 176.437 172.094 169.077 167.894 167.607 167.23 169.655 172.863 172.324 179.302 190.213 207.593 247.784 242.937 237.387 227.31 217.995 208.182 194.509 180.197 158.708 134.413 119.474 106.514 83.0067 31.3307 17.7569 12.8627 9.41753 3.7142 -0.673055 -0.625148 -0.62792 -0.80044 -0.288248 -0.895897 -0.815553 -0.877175 -0.756986 -1.68507 
2.82853 2.69261 1.97659 5.44153 10.5474 25.3274 49.443 89.5745 121.511 144.822 166.72 186.338 201.897 215.47 228.628 237.642 244.627 251.478 258.289 259.872 218.199 198.672 187.448 177.928 172.267 168.895 166.277 166.136 164.864 166.132 167.786 170.986 171.997 180.004 191.485 206.99 247.95 245.216 239.6 230.231 221.247 211.084 198.138 183.612 168.184 147.794 122.087 114.117 99.4943 54.7533 14.2913 6.54737 0.648754 -0.933666 -0.249223 -1.27911 -1.02143 -0.784611 -0.936823 -1.1434 -0.815704 -1.08412 -1.45752 -1.06382 
2.57519 1.76276 2.32759 2.80042 2.08724 16.687 44.9417 80.306 111.001 135.377 159.545 179.183 195.533 208.936 220.09 232.058 237.637 247.037 250.124 252.571 210.883 191.829 181.411 173.763 166.641 162.707 159.19 159.702 159.954 161.64 162.981 165.568 167.766 175.266 186.736 205.366 244.985 240.549 232.953 226.115 217.657 207.443 195.03 181.384 165.693 149.248 125.507 117.208 104.83 65.4953 1.07435 -0.441839 -0.851466 -0.588702 0.0551414 -1.13584 -0.625023 -0.676057 -0.769212 -0.938695 -0.954843 -1.14528 -0.893156 -0.949916 
3.26919 2.51721 2.35957 1.88338 3.83053 3.7131 30.479 52.8558 87.2061 114.55 140.982 161.778 180.902 194.756 205.762 217.982 225.463 235.425 240.68 244.596 200.367 184.006 173.767 163.637 159.518 153.401 154.611 151.048 151.969 153.291 156.852 158.928 159.785 167.681 179.095 195.911 237.155 230.056 224.432 216.822 207.641 198.377 186.097 170.91 156.102 141.555 125.734 114.171 96.4886 60.8012 -2.80124 -0.0233391 -0.715675 -0.576376 -0.775686 -1.0765 -1.26773 -0.911689 -0.937343 -0.705346 -1.1716 -0.615116 -0.799916 -0.975658 
2.02101 2.37904 1.54009 2.42515 3.26224 3.30459 3.4702 7.25351 33.3659 80.9317 111.521 136.944 157.535 174.655 189.581 200.082 211.091 218.68 225.398 230.005 188.186 173.273 162.084 153.45 147.713 145.031 143.146 142.691 142.03 143.455 146.055 149.474 150.775 158.603 170.206 187.163 230.043 219.114 213.511 206.888 195.663 184.719 172.231 157.932 142.753 126.928 111.874 97.2056 77.3115 28.8778 -1.08115 -0.139942 -0.490132 -1.08355 -0.579022 -1.30168 -1.30535 -1.09719 -0.863198 -1.00199 -1.56133 -1.12555 -0.843772 -0.990066 
2.42929 2.75697 2.05472 1.68481 2.58379 3.52905 4.02611 4.0591 5.0537 44.8521 95.58 116.935 140.878 162.629 178.497 184.966 196.059 207.478 215.851 219.095 180.264 163.726 152.71 146.026 142.161 137.68 136.871 134.571 134.856 135.071 138.176 140.615 141.917 149.078 161.023 174.974 218.414 207.975 199.55 190.876 179.157 167.705 153.739 137.02 118.822 105.32 87.4105 61.4978 23.0287 3.37258 0.168374 -0.0182002 0.295667 -0.673956 -1.05925 -0.451438 -1.00475 -0.770433 -1.00564 -0.436759 -0.6668 -0.913415 -1.1533 -1.07389 
0.944188 2.32234 3.50111 2.2151 2.94892 3.68378 3.73688 4.44529 4.55064 45.2571 95.0619 118.915 142.708 161.702 179.99 184.842 196.176 207.699 215.307 216.875 179.428 161.799 152.947 144.35 140.986 136.648 135.669 134.007 136.382 135.364 136.035 140.325 141.198 148.341 158.433 174.774 216.781 204.667 198.363 186.426 174.042 163.076 146.606 125.398 99.3622 64.7836 12.7606 0.964563 1.46746 0.317446 -0.0353202 -0.341438 -0.801303 -1.10205 -1.13701 -0.40191 -1.06572 -0.252431 -0.774872 -1.22473 -0.980549 -0.993496 -1.05926 -0.746064 
2.55868 1.58983 2.33274 2.20853 2.02658 3.22273 3.00419 4.0457 3.85569 47.4688 91.588 116.569 142.397 161.912 177.524 186.046 196.929 203.334 214.338 213.944 177.262 161.728 152.366 143.742 140.301 134.877 134.88 133.7 133.341 135.431 136.957 138.287 140.078 146.95 157.462 172.739 216.707 204.094 195.176 184.613 170.976 162.078 144.842 123.696 97.3405 64.4065 7.36562 2.49777 0.914867 0.783634 0.188176 -0.424326 -1.18132 -0.590061 -0.640402 -1.24414 -1.19318 -0.627867 -0.701664 -0.789211 -1.29235 -1.14268 -1.15723 -0.558602 
3.32378 2.90894 1.50116 1.7226 1.9279 2.03488 3.14742 4.24954 3.07324 48.7139 90.8819 118.814 144.133 160.915 178.5 182.372 194.79 203.521 214.625 211.225 176.488 161.663 150.396 143.385 138.264 135.172 133.253 131.151 133.526 135.132 136.352 138.303 140.22 147.607 157.312 173.608 217.484 202.435 194.965 184.874 171.536 162.615 144.939 122.411 97.0192 63.5818 5.34053 1.39672 0.629845 -0.273695 -0.116027 -0.324155 -0.905233 -1.15847 -1.17087 -0.824258 -0.830359 -1.59744 -1.45334 -1.60494 -1.21976 -1.07306 -1.36988 -0.910348 
2.82886 2.33562 2.3477 1.59488 1.942 2.62714 2.56629 4.79974 1.97314 50.4915 91.7776 120.688 145.999 162.89 177.8 182.387 198.802 203.147 211.796 209.459 174.66 159.499 150.651 143.125 138.601 135.419 131.948 131.78 132.494 133.703 135.492 137.794 139.575 147.432 156.992 172.182 215.735 205.23 194.316 183.497 171.884 160.488 143.57 122.534 96.6251 63.1864 5.62469 1.36724 0.338727 0.0598705 -0.213132 -0.815266 -1.09658 -1.29737 -0.721037 -0.655177 -1.27577 -0.872763 -0.763287 -1.40219 -0.660009 -0.727743 -1.20441 -1.06053 
1.79533 1.76886 2.04067 2.92787 2.57366 2.09092 2.03255 3.20201 2.35915 52.2312 90.7185 119.376 144.65 161.432 176.447 183.18 194.796 203.955 211.82 209.624 174.275 158.618 150.345 141.48 137.631 133.667 134.356 131.301 132.218 132.531 133.824 136.474 137.184 145.281 155.994 170.389 214.057 202.637 194.073 184.351 170.004 161.716 143.62 123.95 96.1209 62.1969 6.13352 0.558447 -0.717541 -0.542881 -0.994511 -0.4223 -0.574689 -1.30705 -0.866755 -1.37957 -0.881011 -1.10089 -1.36471 -0.977859 -1.07423 -1.97105 -1.58102 -1.04374 
1.99422 1.84491 1.77585 2.09844 1.47724 2.0235 2.80261 4.03587 3.04623 44.6227 88.341 117.595 142.45 161.645 176.608 182.031 192.42 201.913 211.838 209.314 175.075 160.373 149.809 143.449 137.774 133.969 132.519 131.126 131.761 131.545 134.814 134.991 137.452 143.483 154.029 169.802 210.838 201.417 194.614 183.507 168.529 162.832 145.657 123.837 98.4378 65.9016 9.8724 0.827795 -0.551433 -0.849711 -0.299392 -1.08122 -0.657032 -0.686827 -0.453671 -0.924145 -1.2356 -0.530464 -1.11077 -0.907164 -1.37626 -0.762435 -0.912024 -0.89152 
2.33632 1.99819 1.56557 1.21428 1.99342 3.41573 2.50501 3.10012 3.53546 49.1448 89.1073 117.489 142.501 159.844 177.916 182.685 193.091 204.508 211.669 208.212 174.506 158.169 148.644 141.165 137.878 134.651 131.929 129.737 131.759 132.122 134.067 135.225 137.76 143.527 154.278 170.946 209.873 203.059 195.614 183.891 170.738 163.602 145.542 123.985 98.0209 63.9695 7.56271 0.429215 -0.996684 -0.983934 -1.38921 -0.896969 -0.78179 -0.978059 -0.989041 -1.42124 -1.32788 -0.963631 -1.07395 -0.902867 -0.950225 -0.709393 -0.878418 -1.2841 
2.34247 1.41334 1.87396 1.40665 1.92603 2.73869 3.03484 2.66954 1.72112 49.6751 91.6204 119.82 143.212 163.297 176.925 183.108 194.602 202.173 212.392 207.063 172.804 158.997 148.359 141.691 137.234 132.688 129.934 131.417 131.106 131.935 133.127 136.157 137.468 143.644 153.893 168.742 207.835 200.759 193.24 183.457 167.686 161.024 144.36 123.666 97.0413 64.1804 8.32375 0.854843 -0.574619 -1.4346 -0.688271 -1.16232 -0.828328 -0.487099 -0.797988 -0.760867 -0.80282 -0.560062 -0.659776 -1.35562 -0.963196 -0.933451 -0.989518 -1.09919 
1.74903 2.42622 1.46689 1.43941 1.68447 3.0748 3.10569 3.25912 1.14117 53.8118 91.6316 121.319 143.167 163.56 178.765 180.025 193.678 201.834 211.157 208.736 171.687 158.442 149.296 141.082 137.052 132.822 132.204 130.163 130.99 130.755 133.318 136.116 137.386 157.619 152.129 168.867 209.088 200.884 193.029 182.517 167.345 160.899 143.666 122.939 95.8388 62.2022 6.34891 0.825802 -0.632961 -1.24813 -0.801569 -1.01471 -0.917878 -1.19837 -0.906559 -0.754235 -1.1677 -0.847107 -1.08068 -0.772091 -1.15352 -0.740882 -1.12589 -1.18525 
2.72377 1.97845 1.83178 1.99266 2.804 2.18915 3.00882 4.46635 0.777342 56.3677 93.0303 122.151 145.493 163.651 179.334 178.569 193.474 201.669 213.866 203.981 172.01 157.952 146.763 141.34 137.458 133.768 130.504 130.864 130.582 131.928 132.542 136.717 137.97 143.158 153.74 170.3 211.764 201.116 193.478 181.04 167.535 161.865 145.389 123.581 97.5267 62.7544 5.12017 0.950884 -0.191281 -0.776442 -1.17578 -0.957248 -0.6248 -1.04142 -0.623322 -1.06862 -1.67102 -1.12755 -0.826736 -1.12722 -0.869302 -1.53393 -1.00875 -0.849007 
1.54071 2.47444 2.30306 1.83869 3.39969 3.19266 3.6705 4.58002 1.51583 58.9777 94.7195 123.292 146.784 165.35 182.68 180.412 194.263 203.449 211.589 203.371 171.075 157.04 146.529 139.98 135.621 132.169 130.475 129.935 130.657 130.379 133.04 135.186 138.039 144.453 153.862 169.764 209.848 199.636 192.263 183.622 167.407 161.406 144.763 123.045 96.0287 62.5876 6.35939 1.49217 0.186124 0.196738 -0.0689132 -0.500487 -0.603662 -0.579553 -1.09273 -1.00266 -0.832474 -1.07969 -0.901105 -1.06223 -0.645473 -0.389013 -0.774566 -0.78856 
