0.4944 0.521578 0.0804811 0.499793 0.27722 0.496484 0.623414 0.628995 0.496091 0.329368 0.40904 0.603931 0.492563 0.582611 0.348606 0.892426 1.52442 0.927533 43.9941 86.6895 115.057 137.483 155.674 172.096 176.944 187.466 195.585 205.163 183.58 160.425 149.543 139.921 133.142 129.48 128.106 127.063 126.851 127.192 129.66 131.751 137.179 141.819 151.265 165.098 198.075 208.799 202.857 190.3 177.977 170.394 162.459 146.27 124.438 98.3147 65.045 7.38749 0.375575 -0.62107 -1.00679 -0.742171 -0.862594 -0.769551 -0.429346 -0.845802 
0.345878 0.184173 0.344475 0.615296 -0.0147032 0.0577654 0.389938 0.646133 0.541958 0.418002 0.0643031 0.614349 0.365103 0.655801 0.30963 0.940221 2.08609 1.60982 42.2095 85.8095 114 137.906 156.47 172.667 175.877 188.45 195.929 205.695 186.069 160.115 148.619 139.704 133.34 129.755 127.513 127.471 127.16 127.51 129.145 130.73 137.773 142.477 151.808 165.275 198.916 208.68 201.882 189.729 177.854 170.277 164.061 146.141 124.809 97.9073 64.8754 7.84443 0.331094 -0.512701 -0.514501 -0.738794 -0.694069 -0.476889 -0.651218 -0.670942 
0.567166 -0.0417483 0.530711 0.429297 0.929064 0.405078 0.650142 0.540097 0.618643 0.61482 0.492653 0.814515 0.395401 0.527345 0.287284 0.570358 1.98998 1.17425 42.2398 85.3405 114.404 138.187 156.184 172.892 175.479 188.23 196.145 205.333 186.671 159.753 148.597 140.812 134.334 129.281 127.707 127.45 126.365 127.045 130.425 132.218 136.991 143.206 150.938 165.125 199.449 209.032 203.374 191.968 180.151 171.383 163.472 146.587 124.945 98.8327 65.177 7.77408 0.576143 -0.640727 -0.652385 -0.144967 -0.55061 -0.584552 -0.574638 -0.0581252 
0.419761 -0.209487 0.599164 0.28365 0.512194 0.747758 0.540633 0.287191 0.10362 0.460549 0.639915 0.195191 0.301905 0.554136 0.763108 0.624655 1.7352 1.71613 40.1094 84.5775 113.34 138.407 157.588 172.089 175.951 188.468 195.878 206.586 185.671 162.193 149.289 141.712 134.526 131.99 128.246 130.48 129.41 130.604 130.224 133.087 137.736 142.765 152.472 165.798 200.257 209.849 202.021 192.641 179.09 173.549 163.168 147.052 124.341 98.7847 64.5204 8.68127 0.744866 -0.409621 -0.516646 -0.462343 -0.287169 -0.733882 -1.07068 -0.565764 
0.456816 0.987052 0.734724 0.822172 -0.0197032 0.857223 0.235343 0.555252 0.564348 0.492114 0.681713 0.635 0.639271 0.557539 0.503265 0.638028 1.95178 1.85857 40.025 84.763 113.918 138.159 156.669 176.852 175.058 188.775 197.7 205.468 190.428 160.048 151.25 141.353 134.727 131.503 127.997 130.967 127.963 128.078 130.487 133.843 138.118 143.916 152.426 166.084 200.323 209.808 202.215 192.768 180.666 172.628 164.345 146.626 125.481 99.0956 66.1707 8.60236 0.920636 -0.0489235 -0.543591 -0.301695 -0.552656 -0.63481 -0.41558 -0.82906 
0.50572 0.0985419 0.495402 0.433697 0.344603 0.627136 0.661444 0.3591 0.567014 0.519904 0.993097 0.552707 0.439695 0.416292 0.475187 0.670886 2.34896 2.09671 38.7804 85.3243 113.391 138.095 157.369 176.562 174.492 189.65 197.679 205.16 192.634 162.901 150.441 141.679 134.769 132.029 128.814 130.793 133.952 129.448 132.238 134.447 138.122 144.241 152.732 166.988 200.747 212.268 203.867 193.316 180.462 173.66 165.488 147.479 127.061 99.9792 67.0094 9.54896 1.37066 0.194588 -0.201415 -0.558487 -0.658852 -0.493598 -0.309318 -1.07484 
0.536108 0.478255 0.417413 0.411374 -0.0104252 0.402269 0.351802 0.681519 0.47178 0.548501 0.641904 0.27181 0.378403 0.648374 0.212741 0.932116 2.02477 2.5441 33.3699 81.8689 111.977 136.336 155.597 171.833 178.717 190.224 198.177 207.805 199.246 166.479 152.845 144.498 136.264 132.599 130.773 129.222 128.502 129.37 131.897 135.633 138.501 144.769 153.626 166.284 194.535 215.203 206.026 198.021 184.246 177.487 167.634 150.778 129.697 104.997 72.7227 14.0455 1.69248 0.579792 -0.509397 -0.276005 -0.581896 -0.289095 -0.697153 -0.842034 
0.506552 0.709655 0.425539 0.549755 0.357563 0.600708 0.605356 0.726669 0.60073 0.508584 0.587187 0.710812 0.586089 0.4562 0.945334 1.20169 2.05265 3.21193 30.1923 81.7764 111.489 135.778 154.789 171.266 179.614 191.024 199.394 207.933 200.286 169.472 154.933 146.15 137.6 133.449 133.12 130.896 129.947 131.337 132.861 136.209 139.257 144.618 153.749 166.15 194.427 212.769 206.367 197.817 182.857 178.372 167.855 150.705 130.875 105.36 74.2628 17.8152 1.87775 0.790745 0.494222 -0.302236 -0.838476 -0.396026 -0.283494 -0.289344 
0.775799 0.353038 0.920499 0.263544 0.390177 0.379043 0.624824 0.520351 0.306668 0.403866 0.807024 0.568357 0.470942 0.386031 1.18902 1.58119 2.2808 2.9077 30.2701 82.0321 111.238 136.16 155.759 172.107 178.584 190.845 200.52 208.635 203.927 169.665 157.574 149.408 140.101 137.793 134.975 132.462 133.29 132.967 134.852 138.035 141.783 147.461 156.822 168.549 197.21 217.577 209.275 200.617 185.388 177.844 169.417 152.353 132.585 106.891 73.544 16.2271 1.97809 0.599801 -0.20893 -0.51671 -0.688732 -0.967686 -0.902217 -0.94083 
0.446788 0.449531 0.450926 0.126701 0.920358 0.465743 0.849778 0.733422 1.02554 0.568536 0.996251 0.417021 0.44586 0.490155 0.632366 1.50973 2.57025 2.99969 25.5061 82.6817 114.215 140.073 161.617 179.355 188.96 200.407 208.848 217.467 212.863 179.192 165.843 155.427 148.971 147.903 148.128 146.206 146.529 144.61 145.818 147.372 150.745 156.939 164.509 175.34 204.378 225.384 220.97 212.226 197.831 191.599 177.659 161.001 140.987 114.486 82.1126 30.2382 0.430251 0.646477 0.0936941 -0.563629 -0.340595 -0.816944 -0.938468 -0.76223 
0.358039 0.839504 0.294699 0.945289 0.719169 0.496262 0.519662 0.468454 0.219581 0.159959 0.581505 0.528569 0.429483 0.771622 0.875708 1.32117 1.94059 16.2111 72.6444 104.212 132.06 156.272 175.241 190.944 203.23 210.327 221.232 232.917 230.543 196.352 187.904 177.462 174.358 172.922 172.547 171.901 172.347 162.652 164.143 166.866 172.902 181.1 190.152 201.919 231.93 252.835 243.304 232.147 219.304 208.814 196.254 177.9 158.436 137.586 111.338 79.6283 20.1875 0.556248 0.0913661 -0.600884 -0.315464 -0.713898 -0.69125 -0.657931 
0.737313 0.640535 0.467031 0.659784 0.278625 0.489507 0.722443 0.491605 0.397748 0.727523 0.591642 0.66542 0.670784 0.595412 0.7415 1.67955 1.45414 35.8579 85.5823 118.157 145.305 170.665 189.727 206.974 219.408 231.72 240.941 248.28 237.88 208.04 194.928 183.715 183.063 182.55 186.145 187.567 187.354 179.329 181.223 187.376 192.161 198.125 206.088 219.935 247.874 282.979 274.429 262.199 252.604 235.745 222.064 206.983 186.541 163.775 137.44 104.796 60.1758 15.856 -1.77018 -0.492924 -0.460261 -0.953098 -0.608963 -0.925071 
0.245886 0.329156 0.541078 0.574714 0.540922 0.588677 0.304489 0.696396 0.652153 0.487788 0.700007 0.891407 0.296715 0.611904 0.925479 1.45496 0.401076 62.4994 104.641 137.267 164.806 186.624 202.658 218.594 232.899 239.794 248.113 239.981 237.175 215.206 205.119 195.783 189.607 193.299 198.035 207.258 203.591 189.287 184.881 188.745 193.515 200.119 208.959 224.058 246.573 288.005 280.02 271.535 260.131 248.117 231.01 216.323 198.718 178.504 156.709 131.946 103.666 69.5188 8.46268 -0.823419 -0.61596 -0.650754 -0.616594 -0.616925 
0.449348 0.480034 0.476339 0.778367 0.266492 0.332201 0.450722 0.63804 0.645228 0.919372 0.108938 0.577443 0.629054 0.63511 1.19544 0.0965212 34.853 89.3906 120.61 149.799 172.544 193.72 209.994 224.377 235.413 242.452 225.196 223.986 247.793 218.903 205.401 194.958 185.583 196.978 206.148 217.764 226.456 193.051 186.108 189.58 196.408 204.611 210.192 224.03 244.58 292.633 279.054 272.028 260.138 248.923 236.447 219.09 203.561 182.456 159.516 136.057 106.734 73.9562 14.4959 -0.528956 -0.736791 -0.400655 -0.779227 -0.510691 
0.0720605 0.42804 0.651944 0.647515 0.424604 0.990002 0.323124 0.777103 0.517791 0.825549 0.500426 0.603216 0.861151 0.820317 1.1774 -1.93294 58.0093 97.6604 125.507 153.504 178.207 193.262 207.389 217.78 224.852 214.248 190.5 189.171 228.527 203.554 189.025 179.352 168.659 161.662 172.046 174.418 241.517 171.86 166.528 170.346 171.64 172.938 183.048 195.333 214.263 258.625 252.039 245.348 232.075 222.823 210.675 198.521 181.976 157.308 127.553 94.3992 49.2632 13.8359 -0.529106 -0.743399 -0.796492 -0.215079 -0.897428 -0.469355 
0.727075 0.472332 0.555185 0.955931 0.367886 0.31458 0.772808 0.866162 0.455399 0.470062 0.853655 0.819622 0.876246 0.906922 1.14163 -0.289979 33.678 49.7862 83.269 110.43 129.023 151.981 173.391 184.066 196.243 168.832 149.068 142.684 165.161 181.707 166.74 157.496 146.642 142.434 145.743 161.867 218.857 149.331 146.366 150.194 151.8 155.875 161.106 172.713 189.283 229.56 220.979 211.243 201.375 188.737 172.626 151.257 124.119 101.31 74.6158 28.7052 0.513662 0.577122 0.237094 -0.424501 -0.730405 -0.489576 -0.472142 -0.45875 
0.391343 0.891249 0.310111 0.825211 0.0907331 0.615054 0.900927 0.510125 0.712604 0.508673 0.247024 0.805479 0.728203 0.899775 0.952296 1.12179 1.79157 2.44559 5.83373 56.98 92.215 116.003 138.605 154.924 170.781 131.423 115.674 108.545 124.567 124.149 142.088 137.806 128.399 124.3 123.181 149.422 151.945 125.922 126.133 127.246 130.312 135.105 142.181 151.524 167.756 205.939 200.16 191.561 180.787 169.808 155.23 135.7 113.143 85.5152 40.6897 1.4484 1.81568 0.702266 -0.0321886 -0.362394 -0.522437 -0.597112 -0.94481 -0.320917 
0.863138 0.691794 0.537156 0.461916 0.65642 0.142871 0.561074 0.301687 0.568714 0.949996 0.628935 0.598076 0.710629 1.31599 0.840413 1.28413 1.74887 2.59891 3.65361 33.9498 81.826 109.621 134.46 152.301 160.781 123.608 109.371 100.827 115.033 107.251 108.994 122.968 127.356 124.024 123.815 145.596 125.309 121.403 123.185 124.805 128.647 132.389 140.158 148.081 164.013 201.474 198.679 189.409 178.054 167.221 152.945 134.725 112.309 84.6569 36.1987 2.6653 1.44659 0.718776 0.122954 -0.447225 -0.315148 -0.149648 -0.655654 -0.235992 
0.420129 0.605959 0.457398 0.699812 0.477745 0.571213 0.370333 1.02403 0.721618 0.493472 0.740231 0.869016 0.833986 0.883171 0.971417 1.04275 1.42492 2.49886 3.10093 27.0465 76.0796 106.608 131.335 150.997 150.931 115.918 103.876 95.1055 110.027 100.78 98.0458 100.012 118.69 123.982 129.9 147.031 121.35 120.442 121.757 123.27 127.008 131.811 137.072 147.374 161.449 197.997 196.704 187.227 177.986 166.366 151.175 133.474 111.212 83.0141 33.1054 1.88543 0.959992 -0.059364 -0.0482368 -0.243979 -0.0952011 -0.437383 -0.547111 -0.227292 
0.994666 0.770331 0.479066 0.802061 1.08192 0.868531 0.538484 0.301736 1.09665 0.687128 0.765498 0.674444 0.569495 0.816904 0.920412 1.1793 1.19729 2.29529 3.28079 24.5191 71.9398 104.231 127.486 147.945 143.031 112.058 100.713 93.0381 106.982 98.9285 93.0933 91.5863 98.3469 112.69 132.6 146.985 118.904 124.843 121.431 123.403 124.907 129.964 135.943 144.987 160.372 195.01 194.94 187.463 176.65 165.113 151.083 132.305 110.103 81.6228 31.7319 1.57358 0.274837 -0.392749 -0.378159 -0.302037 -0.750586 -0.811527 -0.86499 -0.804266 
1.02103 1.04987 0.807223 0.827046 0.727899 0.288034 0.365345 0.79644 0.763491 0.389408 0.78643 0.613576 0.0449616 0.543666 1.02135 0.901446 1.06461 1.63679 2.48853 19.108 68.6352 101.605 124.278 146.256 142.29 110.823 99.2643 91.6174 100.517 103.16 91.3866 89.048 90.5546 98.9172 129.872 139.365 121.702 118.719 121.752 122.534 124.509 129.17 135.628 144.44 157.348 193.759 194.306 185.909 175.944 163.636 150.111 131.861 109.661 80.4979 29.5548 0.633697 -0.00603448 -0.462736 -0.965042 -1.03933 -0.825473 -0.711738 -0.535286 -0.401375 
0.740071 0.402141 0.539513 0.351467 0.356503 0.340831 0.697091 0.99275 0.510269 0.254713 0.426547 0.802953 0.62161 0.547759 0.96414 0.759638 0.48009 1.19996 2.4072 16.1365 67.1809 99.475 123.189 143.157 144.884 110.558 99.308 91.0819 97.9518 105.2 92.284 88.2608 87.6129 90.8883 124.819 136.171 125.485 119.684 120.949 122.56 124.655 128.062 135.132 142.434 156.44 191.16 193.979 186.052 174.995 163.3 149.928 131.144 108.006 80.5976 29.3316 1.15275 -0.125018 -0.565857 -0.553063 -1.14326 -0.567488 -1.01639 -0.497356 -0.708697 
0.504123 0.95631 0.762019 1.00018 0.263568 0.465704 0.131732 0.406004 0.793741 0.598283 0.881661 0.729638 0.624539 0.718574 1.08458 0.493277 0.44028 1.10996 2.34589 12.7191 65.0091 97.5148 122.469 142.008 148.246 111.756 100.317 91.9313 97.0314 108.591 93.2357 88.712 87.5374 88.8951 128.997 131.628 127.22 119.458 119.959 122.008 124.377 128.138 133.812 141.508 155.116 187.475 196.05 185.304 174.642 162.802 149.609 131.228 108.03 79.5664 29.2994 1.06861 -0.112055 -0.824581 -0.960509 -0.416839 -0.679497 -0.676303 -0.150185 -0.80217 
0.584171 1.0125 0.53678 0.30936 0.75153 0.0764739 0.721683 0.955353 0.61936 0.400498 0.955276 0.381104 0.559492 0.802884 0.462321 0.659269 0.882037 1.56859 2.17261 6.51294 59.1751 94.3798 120.376 140.033 153.582 116.729 102.667 94.2514 95.9757 113.603 95.2848 90.7342 87.962 88.6711 123.069 131.724 129.266 120.565 120.383 121.95 124.303 127.745 131.923 140.119 152.63 182.108 197.118 186.761 176.588 163.9 150.762 132.957 111.054 82.0354 35.9671 0.778597 0.235697 -0.745697 -0.563032 -0.619909 -0.800883 -0.9015 -0.687023 -0.020164 
0.49071 1.06037 1.28553 0.195496 0.794162 0.354734 0.905375 0.781877 0.471895 0.867178 0.806436 0.948194 0.508956 1.12602 1.26992 1.24552 0.689917 1.05349 1.78998 1.43239 56.2549 89.8483 117.302 137.845 157.505 123.721 105.913 96.6424 94.588 119.952 98.9259 93.3167 89.961 92.3278 122.927 133.691 125.93 119.347 119.723 120.539 122.601 125.604 131.467 138.421 150.986 177.616 197.507 189.41 177.003 165.742 151.452 133.565 110.901 83.4069 37.4378 0.350364 0.31881 -1.05217 -1.2359 -1.2473 -0.463402 -0.657544 -0.612921 -1.04396 
0.272189 0.95695 0.817568 0.302573 0.336025 0.551228 0.327212 0.734822 1.14594 0.650082 0.660065 0.370413 0.62524 1.27168 0.620101 0.795238 0.79993 1.678 2.00515 1.49594 54.0308 90.1006 116.022 138.125 153.223 138.183 110.103 99.6532 96.9274 122.524 102.085 96.1907 93.4901 94.368 126.839 134.223 124.071 119.833 119.004 119.955 123.073 126.928 131.141 137.038 148.887 173.943 197.58 188.628 176.752 164.658 152.394 134.258 110.725 82.9292 38.8727 0.724323 0.124475 -0.641898 -0.468039 -0.796331 -0.490989 -0.34472 -0.639815 -0.687998 
0.981362 1.07673 1.03458 0.540402 0.612466 0.312286 0.579491 0.706406 0.919691 0.766783 0.656646 1.02312 0.575529 0.405589 1.18873 1.1484 1.01024 1.10814 1.84214 0.0847395 52.2249 87.6796 113.819 137.089 153.941 144.413 114.966 103.408 98.9287 128.487 105.832 100.116 97.2024 97.677 122.111 149.219 125.816 120.726 119.326 120.406 122.058 124.802 129.372 138.033 147.836 166.532 200.249 190.466 176.928 165.588 151.82 134.54 110.825 83.4955 38.6071 0.507832 0.317038 -0.574525 -0.728687 -0.61279 -0.636557 -0.727558 -0.766806 -0.448753 
0.866058 0.96463 0.748018 1.14342 0.813563 0.581975 0.474547 0.47398 0.404951 0.435147 0.482612 0.853013 0.823026 1.27174 0.869264 0.410644 0.660563 0.949337 2.03638 -0.664604 50.7203 85.2823 114.215 135.719 154.06 154.94 120.477 107.102 101.645 131.822 110.982 104.245 101.922 101.192 112.137 163.829 126.311 120.138 119.81 120.341 120.985 125.186 128.772 136.22 145.977 162.027 204.151 189.065 176.713 165.073 153.387 133.519 112.4 84.4557 40.2682 0.595854 0.258332 -0.09755 -0.532453 -0.942039 -0.874633 -0.883992 -0.652597 -0.545816 
0.499612 0.392693 0.743451 0.94226 1.08261 0.317373 0.358302 1.10214 1.06139 0.550128 0.878187 0.309543 0.88532 0.380511 0.015397 1.33676 0.926968 0.886243 1.69348 0.453113 45.8737 85.369 112.559 136.472 153.599 162.316 125.663 113.54 105.491 138.976 116.977 110.675 106.449 108.927 115.818 169.455 125.79 119.883 121.052 120.223 121.887 125.02 129.273 135.809 145.719 163.271 203.807 187.035 176.635 165.564 152.528 133.934 112.264 85.1564 40.5042 0.604884 -0.0440073 -1.03212 -0.583375 -0.711369 -0.51321 -0.807401 -1.0234 -0.652066 
0.310439 1.12585 1.07543 0.614635 0.233981 0.182803 0.669358 0.296631 0.483472 0.603856 0.737631 0.505727 0.592316 1.00075 0.812973 0.656735 0.451697 0.711568 1.08813 0.408303 46.0142 83.1938 112.47 135.428 151.808 167.809 138.591 120.602 111.912 147.527 123.599 117.91 114.802 117.812 122.916 163.594 127.135 120.174 118.455 120.081 121.126 123.591 128.077 133.994 143.215 168.976 196.419 187.329 177.798 165.718 152.758 134.26 112.934 85.2501 42.3499 0.386848 0.0352089 -0.621331 -0.816924 -0.552514 -0.979231 -0.370401 -0.376301 -0.603372 
0.579756 1.04363 0.622994 0.808245 1.00165 0.576804 0.868237 0.162583 0.100313 0.557029 0.775912 0.744694 1.17127 0.577664 1.00567 0.742248 0.873883 1.17799 1.59393 1.02531 42.005 82.2468 111.643 134.847 152.851 164.864 162.498 130.736 121.943 160.173 136.874 131.245 126.139 123.609 130.133 157.381 136.667 120.213 119.73 120.316 121.673 123.849 127.891 133.106 151.229 161.059 195.544 186.891 177.17 166.904 153.596 134.906 113.325 85.2585 42.8311 -0.371239 0.0658558 -0.558008 -0.951715 -0.652418 -0.192866 -0.903742 -0.74518 -1.02722 
0.974897 0.368193 -0.561953 1.04678 1.03751 0.370804 0.439423 0.771315 0.63173 0.536918 0.723641 0.505306 1.0697 0.74403 0.282172 0.560069 0.579672 1.08892 1.43811 0.910576 40.2385 81.4175 110.652 134.531 152.831 165.034 180.101 154.228 145.397 186.266 158.717 145.84 135.614 127.857 129.68 149.387 141.593 122.189 119.064 119.729 120.529 122.886 127.665 135.035 147.903 156.259 191.462 185.365 177.299 165.945 153.066 135.316 113.047 86.3149 44.9532 -0.241498 -0.000930469 -0.673208 -0.713703 -0.373751 -0.589648 -0.673962 -0.754535 -0.529753 
0.865947 0.649419 0.505388 0.376652 0.57887 0.336928 0.471347 0.380189 -0.0486965 0.651396 -0.0392317 0.346792 0.575106 0.225682 0.726069 0.56922 0.5282 0.857807 1.78408 1.80581 38.4111 81.8266 109.55 135.581 153.727 166.068 177.235 186.382 193.413 204.141 170.948 151.749 133.864 128.007 127.503 139.408 145.166 124.05 117.318 117.365 119.46 121.044 126.504 135.592 138.935 153.089 188.402 185.89 177.081 164.442 152.505 134.197 113.02 86.0061 46.6613 -0.352723 0.315717 -0.559125 -0.211499 -0.807892 -0.137421 -0.537713 -0.120498 -0.262034 
1.09859 0.111095 0.793915 0.53359 0.475087 -0.195126 0.998582 0.685293 0.198827 0.2395 0.514505 0.0266471 0.39439 0.386637 0.167098 0.365108 0.675199 0.595321 1.07288 1.70705 36.2644 81.5395 109.93 134.334 152.687 166.48 177.748 188.064 194.417 203.977 179.581 154.098 134.708 128.608 128.527 122.682 158.437 125.176 118.641 118.388 119.122 121.529 127.84 132.719 138.573 152.629 182.574 185.347 177.058 165.601 152.423 135.186 113.605 86.4624 48.8952 -1.26444 0.135076 -0.606334 -0.510495 0.0201325 -0.295342 -0.531024 -0.293812 -0.837999 
-0.11528 0.688426 -0.180285 0.595578 -0.161537 0.304675 0.797634 0.0161241 0.189164 0.214403 0.445128 0.114611 0.51261 0.428081 0.629275 0.44735 0.437726 0.860927 1.31075 1.51414 34.9805 80.9889 109.152 132.834 152.534 166.561 177.937 189.01 195.64 203.639 183.151 155.376 135.254 129.876 129.24 116.471 165.17 124.561 120.399 118.273 118.577 122.471 126.869 132.379 138.13 150.813 182.7 185.542 176.811 165.603 152.969 136.015 113.787 87.6525 50.863 -1.77389 0.379726 -0.475711 -0.398198 0.0959784 -0.358622 -0.249841 -0.521972 -0.202857 
0.687797 1.12108 0.965228 0.807497 -0.379707 0.679283 0.15738 -0.0161374 0.665589 -0.244428 0.273713 0.487773 -0.0406047 0.372348 0.449984 -0.0434386 0.407553 1.27754 1.4429 2.16911 34.9664 79.1272 108.68 133.921 152.32 165.858 179.189 186.657 196.736 203.62 188.368 157.417 136.783 129.137 128.848 120.246 161.893 123.728 122.334 117.908 119.232 123.043 126.175 129.411 138.268 149.677 180.553 185.762 177.647 166.255 153.723 136.488 115.636 88.4035 53.005 -2.34872 0.544397 -0.595087 -0.733919 -0.427506 -0.703348 -0.575644 -1.45465 -0.375997 
0.469546 0.550998 0.317937 0.0437242 0.280489 0.118254 0.724861 0.0567319 0.403286 0.128259 0.00406872 0.171097 0.615418 0.0752833 0.497414 0.832815 0.590555 1.10632 1.52851 1.96219 31.9753 78.7262 108 132.253 151.396 166.366 178.431 188.708 196.677 204.349 190.357 157.823 137.343 129.629 128.589 121.921 159.93 122.87 123.226 119.846 120.325 123.659 125.627 130.063 136.55 148.284 178.608 185.986 177.339 166.445 155.062 137.582 115.83 89.4286 55.1401 -2.02728 0.622875 -0.317119 0.076675 -0.441062 -0.732843 -0.253568 -0.420441 -0.36042 
0.253079 0.726336 -0.13058 0.400218 0.142925 0.635758 0.841732 0.529218 0.272744 0.833321 0.321835 0.438704 -0.308377 1.1429 0.347223 0.371434 0.416746 0.749345 1.21071 1.98841 29.5702 79.7082 106.852 131 151.991 166.798 180.265 189.53 197.193 202.794 195.649 159.493 138.903 130.366 128.24 123.633 156.027 122.428 123.949 121.103 118.74 124.467 123.844 129.108 136.046 147.842 175.669 187.157 177.105 166.87 154.976 138.157 115.859 100.374 57.7209 -1.45926 0.383242 -0.111698 -0.812213 -0.819157 -0.118908 -0.812685 -0.660096 -0.629793 
0.76468 -0.445117 0.434076 0.26895 -0.0505015 0.673052 -0.220679 1.00443 0.565682 0.087409 0.199044 0.0672281 0.379679 0.258285 0.465228 0.270418 0.417272 0.460482 1.77642 2.15574 30.6526 77.4746 106.502 131.531 150.955 166.445 178.895 188.915 197.292 202.917 196.175 161.85 138.686 130.632 127.214 124.361 155.412 119.621 123.626 121.816 120.609 121.385 123.306 127.353 135.615 147.4 173.075 187.709 178.602 167.146 154.986 139.162 116.487 91.6654 57.8975 0.104375 0.75619 -0.267772 -0.527221 -0.503226 -1.04234 -0.880756 -0.386582 0.163591 
0.00507414 0.296349 1.00208 0.302054 0.918293 0.668301 0.0632946 0.0503181 0.184225 0.229865 0.516413 0.16159 1.19435 0.359025 0.62858 0.196943 0.0936488 0.52818 1.37838 1.70275 30.5928 76.918 105.53 131.19 150.417 165.635 179.686 189.684 198.119 204.192 200.288 162.838 140.851 132.619 128.608 125.008 152.928 125.674 122.65 121.389 121.745 120.734 125.643 129.935 134.616 146.206 172.687 187.323 178.563 168.481 156.548 139.465 118.448 93.7361 59.5375 1.5295 1.48304 0.089348 0.608077 -0.413648 -0.134136 -0.251718 -0.432189 0.155016 
0.734149 0.160886 0.27676 0.43535 0.0134487 -0.0735903 -0.0662556 0.493167 0.826246 0.692354 -0.120992 0.206331 0.27066 0.709692 0.104053 0.634638 0.261964 1.00418 1.11972 2.69808 26.1814 75.0763 105.32 130.027 149.592 164.885 177.975 189.861 197.595 205.263 202.359 165.35 142.174 132.055 127.29 128.099 128.094 153.383 123.566 128.721 118.387 120.926 123.586 126.669 135.21 144.712 165.164 192.782 180.017 169.278 157.606 140.917 122.056 96.6085 63.7411 5.75493 1.88223 0.913286 0.983002 0.388976 -0.124662 -0.0867669 -0.394378 0.0420641 
0.567265 0.49642 -0.185419 0.642414 0.696509 0.49384 0.590634 0.962313 0.343197 0.26996 -0.0301495 0.169293 0.160268 0.689303 0.5073 0.298805 0.767613 0.817386 1.85723 2.69421 21.8066 72.696 102.575 128.354 147.876 163.867 176.385 188.885 195.766 204.831 207.069 167.841 144.162 133.25 128.006 125.553 120.368 166.363 122.618 126.802 119.511 121.41 124.002 127.472 132.892 143.27 157.695 196.995 181.308 171.324 158.515 143.877 124.495 100.083 68.0036 10.766 2.77595 1.29611 0.965796 1.2092 0.422172 0.151101 -0.126364 -0.131001 
-0.304652 0.48054 0.262734 0.180108 0.15116 0.734081 0.164883 0.360899 0.981179 0.179422 0.148684 0.703114 0.600629 0.737633 0.449839 -0.234657 0.762067 -0.0741691 1.45257 2.55059 20.0684 72.9081 102.569 128.938 148.246 164.341 175.892 188.51 197.861 204.202 208.562 168.71 144.011 134.686 128.785 124.915 124.848 170.397 130.593 123.648 118.603 121.132 123.311 127.207 132.135 143.682 155.418 194.669 181.957 171.389 159.969 145.262 126.466 101.579 69.9869 11.9097 3.46063 1.95378 1.35607 0.970742 0.639694 -0.128138 -0.502969 -0.216277 
-0.052269 0.383799 0.6699 0.386125 0.812671 0.659258 0.660651 1.03285 0.937709 0.948521 0.280863 0.0369661 0.301525 0.487467 1.04931 0.310737 0.720342 1.3781 1.70911 2.46818 19.6768 71.2912 101.933 128.095 148.377 165.011 177.307 187.308 197.688 203.553 208.891 169.598 145.396 135.37 128.979 125.58 125.53 168.154 130.905 126.645 124.098 125.429 126.107 127.822 132.806 139.485 154.969 191.232 182.029 172.434 160.334 146.366 129.272 104.258 72.8046 14.1067 3.45753 3.43236 1.54537 1.13735 1.05032 0.281021 -0.332898 -0.13936 
0.979132 1.1849 -0.0527759 1.05578 0.466171 0.516214 0.39585 0.359164 0.222193 0.690567 0.91819 0.394403 0.362816 0.383296 0.401154 0.364131 0.596373 0.817073 1.75697 1.43477 26.5527 75.6784 105.992 132.037 151.679 167.895 180.24 192.297 200.759 208.04 215.736 174.286 150.177 138.679 133.047 128.092 126.112 194.751 147.11 126.025 122.631 122.74 125.058 128.71 134.977 143.901 158.478 194.917 188.044 175.695 162.433 147.783 130.586 107.27 77.3956 23.0703 3.3481 2.54687 2.05782 1.444 1.28703 -0.176982 -0.271084 -0.138994 
0.219082 0.260832 -0.280672 0.00514953 0.418262 0.57985 0.0428189 0.786775 0.980728 0.883055 0.352298 0.305695 0.68973 0.841065 0.517579 0.264031 0.208083 0.655966 1.19972 11.1677 67.0483 97.7869 124.833 149.835 167.642 183.145 195.69 205.364 213.748 219.774 228.872 187.674 160.938 151.171 144.422 139.756 216.749 234.833 186.137 133.94 131.391 132.951 135.766 141.409 149.117 159.334 176.218 214.218 210.783 200.855 190.473 180.08 167.825 154.696 136.638 115.944 79.8447 68.807 73.7622 53.8592 13.9009 0.267951 0.150314 -0.564438 
0.938569 0.586059 0.52922 -0.256642 0.261898 0.175385 -0.136025 0.132674 0.741741 0.414935 -0.0591305 0.0458172 0.482204 0.0843006 0.15864 0.333403 0.509852 0.569849 1.24822 14.9712 73.4115 106.71 134.626 159.226 177.985 192.746 204.633 216.865 224.499 232.795 243.601 198.313 173.946 162.578 155.303 179.926 255.87 258.816 190.645 164.508 153.337 156.696 159.802 168.962 177.96 190.408 210.406 250.768 254.7 250.43 241.842 235.236 222.295 208.082 193.848 178.462 160.008 140.964 119.131 92.8517 57.8258 1.88531 -0.252716 -0.617888 
0.884296 0.422962 0.411927 0.705033 0.884463 0.33315 -0.35977 0.573553 0.305778 0.242546 0.981168 0.639364 0.251897 0.290473 0.163327 0.445797 0.753369 0.650256 0.508818 44.3039 88.3061 119.126 144.572 167.604 187.019 201.298 215.044 225.045 232.845 242.001 255.329 211.055 184.375 171.709 162.977 201.167 235.277 227.711 194.396 173.388 167.057 170.362 174.419 181.887 190.667 202.208 220.004 262.806 267.678 261.503 254.757 242.978 231.62 218.021 204.44 188.268 168.256 149.561 127.355 101.537 67.8294 7.64752 -0.342297 -0.881078 
0.862659 0.428955 -0.0771969 0.757515 0.630602 -0.181468 0.0504616 -0.0367185 0.00678495 0.738665 0.256342 1.00619 0.587833 0.754364 0.111517 0.515146 0.262732 0.606173 0.957771 32.4064 88.6865 120.086 146.48 169.172 186.302 203.463 216.533 229.64 237.499 246.154 256.335 220.82 191.156 179.667 172.447 195.873 212.099 204.513 193.44 176.801 171.498 175.181 179.006 186.723 195.025 207.528 224.19 267.6 274.5 269.386 259.064 250.006 239.644 222.5 208.749 191.034 171.525 151.14 125.751 96.4952 56.3699 -0.728229 -0.506792 -0.100267 
0.805273 0.0326509 0.00781773 0.552563 -0.0834538 -0.44281 -0.027979 0.322301 0.63555 0.896545 0.277804 0.842114 0.63583 0.590212 0.48954 0.535707 0.326043 0.857477 1.46255 6.04043 70.5139 106.267 136.642 162.02 179.536 194.584 209.081 222.095 231.016 242.835 248.744 223.763 191.475 181.445 176.501 186.365 194.745 192.657 190.729 181.942 174.406 178.056 182.838 187.229 196.743 206.531 223.775 264.062 273.844 265.004 256.476 248.419 236.081 221.549 207.441 187.78 166.954 142.26 114.259 79.6586 19.004 -0.036851 -0.194438 -0.0855505 
0.0274777 0.173111 -0.159331 -0.119777 0.768113 0.192864 0.0711179 0.998288 0.482726 0.0803651 0.0720858 0.509703 0.775422 0.029785 0.141208 0.309487 0.992419 0.483068 1.32322 2.17134 30.7145 86.5978 119.976 144.279 165.295 182.774 199.286 209.403 220.435 229.75 237.6 217.703 182.927 174.353 173.226 178.446 178.663 181.496 181.418 183.4 177.622 180.264 181.404 185.314 190.671 202.342 217.493 258.793 264.26 258.326 251.066 240.149 227.417 213.769 195.891 174.982 151.776 125.124 91.0806 39.3695 -0.175068 0.539505 0.0251769 -0.990819 
0.192463 0.392753 -0.499551 0.214199 0.447971 0.651729 0.616867 0.358684 1.0986 0.412674 0.237477 0.727829 0.367999 0.496394 0.478341 0.0872392 0.650021 0.569167 1.46109 2.12173 2.69785 59.7348 98.6307 124.976 147.199 166.342 182.168 193.555 203.557 213.91 220.68 206.867 169.506 160.373 157.287 158.539 161.176 163.176 165.178 167.867 163.513 162.625 167.535 173.025 181.983 188.473 202.368 240.51 250.37 242.069 232.995 221.077 209.098 194.077 176.945 156.219 130.114 99.2955 51.2707 2.07155 1.71991 0.571263 0.103139 -0.33256 
-0.00020875 1.00493 0.392197 -0.101503 0.398373 0.416147 0.334076 -0.9409 -0.0898582 0.978518 0.571613 1.18509 -0.0962472 0.262756 0.419227 0.491516 0.526909 0.706662 1.7571 2.61359 2.18563 42.3053 88.748 115.79 140.078 158.265 175.54 186.012 194.786 203.374 214.216 198.32 160.252 148.563 143.907 141.834 142.521 145.406 144.607 141.942 143.987 145.867 151.199 156.214 158.907 170.047 181.954 217.391 224.302 217.362 208.994 193.486 184.135 171.228 152.878 131.11 103.845 68.9493 9.28074 2.71373 1.31893 0.393772 -0.0462987 -0.606897 
0.0430393 0.258164 1.0403 0.285979 0.374829 0.570964 0.0694792 0.417227 0.18995 0.266259 0.161808 0.526597 0.0572319 0.217176 0.641076 0.449871 0.29248 0.614607 0.959718 2.0646 2.15776 41.5662 86.6781 114.959 140.851 159.08 176.44 179.926 195.473 203.026 209.902 197.27 159.803 147.102 140.316 136.347 132.338 130.478 130.353 131.09 130.238 132.151 135.718 139.565 144.715 153.89 166.178 201.975 212.723 205.3 194.945 184.897 175.082 164.753 148.263 126.521 100.859 67.8601 8.852 2.21681 0.486351 0.123846 -0.00798416 -0.367622 
0.364527 -0.225459 0.445046 0.592862 0.250383 0.569752 0.58115 0.485716 0.291116 1.12146 0.260759 0.430237 -0.139542 0.201783 0.371106 0.39446 0.259368 0.0889205 0.878932 1.40725 2.5785 38.9825 85.2705 114.367 139.467 157.635 175.178 179.841 194.429 203.175 209.032 196.428 158.479 145.478 140.297 135.458 131.43 130.918 129.234 130.031 129.215 130.793 135.309 138.18 143.269 153.731 165.964 198.603 211.439 205.405 193.867 183.515 173.295 164.818 146.885 126.377 99.0812 66.7881 11.3384 1.90714 0.260582 -0.179322 -0.327763 -0.153811 
0.765331 0.600496 0.274337 -0.104635 0.257835 0.171378 0.364016 0.338595 0.163064 0.568108 0.546154 -0.0691122 -0.0929351 0.512408 0.53748 1.16532 1.00504 0.682726 1.15514 1.40523 2.48523 36.1004 85.9687 114.415 139.032 158.245 174.79 178.742 195.134 202.671 209.49 195.864 158.519 146.732 139.843 135.295 132.668 129.202 128.871 128.039 129.703 130.299 134.689 137.302 143.941 152.872 164.749 198.484 211.838 204.02 193.418 181.768 174.062 164.389 147.129 125.731 100.079 66.2203 9.9104 1.07804 -0.211482 -0.722502 -0.605669 -0.434502 
-0.0980629 0.455918 0.428703 0.139448 0.934657 0.598154 -0.127241 0.863899 0.0592546 0.315941 0.6289 0.542785 0.804523 0.187508 1.2085 -0.223342 0.237245 0.432301 0.785697 1.45813 2.3239 39.087 84.6174 113.687 138.153 157.515 175.302 176.349 191.939 200.042 208.912 195.104 157.558 146.097 137.941 134.508 131.519 127.987 127.829 127.011 128.976 130.262 132.742 138.349 142.856 152.224 164.248 196.279 210.606 203.515 194.555 181.745 172.209 164.567 147.553 126.514 100.047 68.8049 11.9502 1.14983 -0.159776 -0.408856 -1.06763 -0.142194 
0.111013 -0.00425773 0.313142 0.764648 0.349349 0.35469 -0.0299915 0.247902 1.04625 -0.65051 -1.11988 0.688744 0.551281 0.475629 -0.0683357 0.651567 0.0693686 0.4167 0.508299 1.28274 1.8598 34.7068 84.8054 113.114 137.402 156.681 176.147 175.889 191.505 197.591 207.089 195.46 157.549 145.615 139.06 134.685 131.531 128.529 127.817 127.351 126.573 129.116 132.167 135.964 141.806 150.504 160.763 189.55 211.607 203.5 194.245 181.068 173.551 164.182 147.661 127.318 101.128 68.3117 14.4122 0.417619 -0.42095 -1.14633 -0.607245 -0.493059 
0.531929 0.101367 0.0286599 0.684505 0.283138 0.167344 0.644432 0.162135 0.281496 -0.0638698 0.339738 0.683994 0.140361 0.42802 0.680355 0.583544 0.282773 0.949162 0.481995 0.976801 1.97896 29.842 80.0134 110.326 135.568 155.17 171.777 179.097 189.403 198.435 206.807 199.647 159.448 145.309 140.093 134.155 130.513 127.612 127.687 126.217 128.109 127.949 132.1 134.523 139.903 147.434 158.774 179.732 216.514 203.159 196.165 180.531 174.029 166.338 149.525 130.317 103.992 74.6952 21.7573 1.28706 -0.744363 -0.340827 -0.506733 -0.430916 
0.630606 -0.552981 0.0940562 -0.381589 0.382052 0.887863 0.190047 0.251595 1.48906 0.477822 -0.183296 0.228971 0.303645 0.239373 0.446348 0.349158 0.388232 1.16266 0.549359 0.905556 2.12678 28.1374 79.5575 109.787 135.531 155.857 171.886 175.756 188.387 197.503 204.976 197.488 159.929 145.611 139.65 134.322 129.786 127.975 126.31 126.411 126.587 128.828 131.154 134.599 139.059 147.325 158.328 176.345 219.394 203.949 195.323 183.542 173.149 165.474 150.37 128.425 103.943 73.7019 20.5167 1.4862 -0.525413 -0.613468 0.0866195 -0.82541 
0.291374 0.317594 0.119057 -0.248819 0.0200184 0.582517 0.638178 0.426319 -0.223477 0.765753 0.330501 0.383827 0.485184 1.00024 0.0160156 0.24293 0.524468 0.425439 0.587227 0.912976 1.7358 29.2114 78.9831 109.252 135.084 155.255 170.926 176.789 187.497 197.726 206.338 197.495 160.757 144.726 138.792 134.226 129.602 127.743 126.633 125.586 126.41 127.982 130.16 134.839 139.397 146.691 158.958 175.076 215.734 204.749 194.873 182.952 171.231 166.988 149.96 130.503 105.41 74.5183 20.9225 0.731084 0.0637154 -0.229521 -0.481666 -0.583104 
0.282131 0.704319 0.378762 -0.0969294 -0.291714 0.851129 0.412684 0.0921173 0.194708 -0.187285 0.496649 0.291048 0.276513 1.14409 -0.197999 0.100592 0.407192 0.0450379 0.241426 1.48838 2.14221 27.4562 79.3915 109.044 133.677 154.149 170.361 177.624 187.172 195.903 204.982 196.491 159.994 144.436 140.066 146.848 128.465 126.831 124.807 124.898 125.27 126.93 129.32 134.091 138.415 145.778 157.71 174.648 214.003 205.175 196.048 183.038 173.099 168.132 150.816 130.898 106.778 76.3533 24.183 1.32937 0.448307 0.222824 -0.0272562 0.0210008 
0.568275 0.545713 0.0380131 0.0616796 0.603259 -0.211659 0.153766 0.586486 -0.760848 0.581304 0.813403 0.577153 0.128091 0.703789 0.294707 0.389177 0.106689 0.0458906 1.13868 1.42547 2.14227 26.7795 79.7092 109.837 134.924 155.333 171.65 175.603 186.794 195.616 203.586 198.512 160.22 144.711 138.24 134.477 129.381 128.707 125.571 125.185 126.033 127.108 130.441 134.232 139.512 145.956 156.96 174.692 214.38 206.333 197.711 184.142 174.037 167.568 151.662 131.494 106.876 77.458 24.4332 2.04627 1.09919 0.301443 0.315408 0.277475 
0.325903 0.655765 0.573433 -0.0560867 0.369986 0.66191 0.135289 0.0298666 -0.340301 0.350207 0.0895975 -0.227613 0.195764 0.11999 0.116742 0.322694 0.31184 0.804395 1.24438 2.06487 2.74463 27.3558 79.1227 108.869 134.579 154.472 171.063 175.261 188.013 193.666 204.068 197.566 159.779 146.078 139.141 133.337 130.495 127.362 126.006 125.86 126.064 127.723 130.777 134.184 137.914 145.994 156.771 173.384 213.934 205.367 196.775 184.398 172.433 168.485 153.112 133.739 109.52 79.2585 29.2618 2.44919 1.80751 1.89523 1.02962 0.249875 
