0.638924 0.486637 0.134118 -0.0421834 0.144159 0.420922 0.0312479 0.37886 0.336134 0.493111 0.185783 0.632682 0.305912 0.961207 1.61565 19.8849 72.8825 104.467 130.392 149.42 166.134 171.047 183.485 194.145 203.939 207.729 167.565 151.721 142.818 136.754 133.644 129.491 127.74 127.725 128.417 129.489 130.837 134.237 138.838 145.811 153.547 168.447 204.142 204.88 194.728 185.791 173.072 170.794 154.528 135.817 111.662 83.0635 34.5049 1.30175 0.830559 0.111497 -0.260361 -0.241861 -0.423682 -0.235803 0.0116646 -0.33925 -0.205732 0.0893404 
0.0597197 -0.0387074 0.0273816 0.664601 0.0395504 -0.0568244 0.150762 0.26673 0.269117 0.186444 -0.210985 0.242931 0.268917 0.919796 1.72267 18.9598 73.5286 103.783 129.962 150.308 167.347 172.913 184.806 195.489 204.883 205.925 169.954 153.441 143.322 137.461 133.765 128.983 127.13 127.895 128.254 130.113 131.818 134.752 138.528 147.085 154.784 168.822 205.214 204.891 193.965 185.964 173.864 170.694 155.389 135.091 111.953 82.1213 34.2624 1.48654 0.526584 0.162995 -0.201518 -0.146929 -0.258546 -0.111985 0.0334249 0.0734636 0.354291 -0.194503 
0.404786 0.254716 0.44067 0.158613 0.211924 -0.0304773 0.283693 0.697969 0.325215 0.796843 0.158687 0.470569 0.342878 1.39002 1.66334 19.2991 73.0472 104.204 130.468 149.541 167.705 171.881 185.644 192.82 204.559 206.742 169.727 154.34 143.74 137.506 133.914 129.985 127.447 127.225 128.343 129.312 130.203 134.868 139.388 146.568 153.672 168.825 204.865 204.641 195.095 185.204 174.008 170.001 156.673 135.18 111.198 83.491 34.169 1.54112 0.417394 0.0640373 -0.188362 0.261882 0.452886 -0.00266609 -0.182077 -0.0636459 -0.315883 -0.0616983 
0.0117716 -0.256323 0.350365 0.572786 0.348517 0.336495 0.370664 -0.352695 0.164984 -0.150859 0.341628 0.0349554 0.446155 1.19201 2.32776 17.1033 72.9091 104.452 130.492 149.843 166.486 171.049 184.115 194.949 204.092 209.584 170.48 154.176 143.201 139.479 134.384 130.703 127.581 128.89 128.087 129.24 134.822 136.902 143.556 148.392 156.35 169.406 207.749 204.94 196.321 186.352 175.495 171.233 155.01 135.813 111.66 82.4282 34.4515 1.95654 0.945878 -0.203127 0.173193 0.160171 -0.116325 -0.363825 0.126867 -0.363757 -0.380432 -0.29365 
0.395876 0.275714 0.292286 0.675699 -0.0953657 0.598666 -0.195623 0.377321 0.107697 0.221936 0.577778 0.600088 0.430151 1.09965 2.05495 18.0578 72.5691 104.034 130.768 151.268 166.899 173.468 184.452 195.883 206.373 209.439 171.712 154.019 144.623 139.808 134.565 132.037 128.69 129.074 128.126 129.715 134.508 135.113 140.889 147.449 156.616 170.101 208.444 205.525 196.248 186.877 175.788 170.332 154.786 136.495 112.295 82.863 34.2745 1.76871 0.533543 0.694249 0.440882 0.315645 0.151703 0.0554153 -0.184713 -0.0501046 0.443132 0.0692845 
0.50233 -0.107049 0.478481 0.0408292 0.43656 0.351975 0.253191 0.268467 0.633393 0.234828 0.544534 0.161601 0.65095 1.49337 2.1916 17.7513 73.9467 104.852 130.222 150.808 167.15 172.949 184.798 197.841 205.477 209.855 171.742 155.184 145.936 139.293 135.728 131.386 130.391 129.965 128.245 130.023 133.559 140.424 140.908 147.461 155.637 170.985 209.569 205.937 197.53 187.909 177.062 170.578 156.003 137.497 113.337 84.2867 35.1535 2.2089 2.00687 0.238756 0.619113 0.168462 0.202382 -0.18343 -0.095148 0.0951915 -0.0397023 -0.460407 
0.287108 0.393602 0.228316 0.152104 -0.0725962 0.52588 0.105386 0.200478 0.342629 0.21403 0.67929 0.618077 0.660563 1.86564 2.40518 12.4105 70.1605 103.195 129.797 149.693 166.45 174.448 184.91 196.737 205.58 214.8 175.633 158.054 147.821 142.03 137.044 133.24 131.388 130.732 130.637 131.702 132.567 136.926 141.228 148.624 155.509 171.182 206.635 208.402 200.846 193.378 179.465 174.788 158.665 140.798 117.674 89.3322 43.7159 1.96773 2.00198 0.726992 0.466178 0.10022 0.0897264 0.098006 -0.478457 -0.484691 -0.537423 0.0154308 
0.122069 0.339391 0.144647 0.752653 0.277059 0.675684 -0.0145683 0.733205 0.0144998 0.44718 0.633272 0.624064 1.42394 2.07724 2.87997 11.9415 69.3764 101.664 127.592 149.709 165.916 177.304 187.146 198.163 204.947 217.265 176.801 158.422 148.174 142.535 137.571 134.262 131.718 130.175 131.582 131.545 133.272 137.024 140.812 148.807 156.274 170.584 205.298 208.251 201.143 192.903 177.275 175.439 159.701 139.675 118.306 89.2971 47.3361 2.51533 2.52363 0.907473 0.499257 0.294514 -0.0333683 0.332006 -0.240272 0.222504 0.319316 0.479031 
0.381463 0.118186 0.242041 -0.191976 0.197791 0.178566 0.435632 0.140637 0.18206 0.206214 0.871552 0.647079 1.18181 1.89811 3.43894 10.425 68.4085 101.336 128.859 151.294 169.557 177.247 188.394 200.928 209.75 221.168 181.404 162.88 151.001 145.576 138.905 136.253 133.476 132.37 132.656 132.544 134.535 138.034 141.787 149.587 157.15 170.75 207.822 209.309 202.017 195.833 179.454 177.325 161.665 141.938 120.389 90.1183 46.0089 2.46567 2.5635 1.10978 0.70742 -0.0247206 -0.204798 -0.33689 -0.0511705 -0.496264 -0.384158 -0.269677 
0.310032 0.509353 0.693001 0.0820652 0.991878 0.224844 0.643337 0.289314 0.537023 0.0212966 0.853062 1.07175 1.04772 2.02243 1.7704 21.8386 81.3687 118.493 143.401 163.516 180.202 189.782 202.738 214.926 224.751 233.293 191.521 173.209 160.343 154.076 145.805 142 139.657 137.51 138.345 138.15 141.195 144.746 149.155 156.724 165.796 180.697 218.393 219.693 211.779 203.318 189.488 182.393 167.597 150.071 127.861 101.567 63.7637 16.5586 1.6148 1.15026 0.469542 0.223952 -0.0183298 0.0381351 -0.129962 -0.264599 -0.181446 -0.142475 
0.230082 0.621264 0.207891 0.0363133 0.172565 -0.0581184 0.326446 0.491708 0.0757794 0.299818 0.373794 0.481994 1.12304 1.82666 9.50737 72.76 104.661 131.694 161.287 181.046 200.294 220.638 230.893 239.01 247.209 249.25 204.733 191.604 179.37 171.761 167.595 161.266 159.688 158.069 156.319 156.391 158.143 158.626 162.195 167.825 177.817 192.44 229.91 232.54 226.417 217.085 209.364 201.975 187.647 172.806 153.074 127.706 101.001 67.8092 9.80033 1.12857 0.599877 -0.151599 0.166815 -0.355812 0.259849 -0.107872 -0.196813 0.141126 
0.723196 0.257398 0.409435 -0.0059187 -0.282102 0.237738 0.17375 0.413778 0.0825557 0.486182 0.496404 1.16552 1.27267 0.306235 41.9922 97.8853 131.749 157.915 178.949 195.903 215.309 235.257 245.22 250.21 250.492 256.518 210.285 195.994 186.745 179.49 174.757 170.915 166.746 165.958 165.292 166.648 167.864 170.095 174.103 182.311 193.182 211.644 255.342 264.046 256.202 248.637 234.944 226.071 212.866 196.44 180.117 161.056 136.43 108.349 72.8594 28.4274 -0.874357 0.792679 -0.794754 0.034446 -0.223575 -0.325076 -0.0925048 -0.0780329 
-0.26675 0.110383 -0.18114 0.194985 0.4649 0.375376 0.336524 0.382109 0.600324 0.491416 0.59023 1.09249 -0.0997494 37.5771 81.495 113.49 138.125 160.869 183.199 200.407 220.388 248.915 258.185 259.205 257.436 248.797 203.813 197.794 190.879 183.273 178.134 174.419 171.275 169.611 171.575 173.25 175.142 179.05 184.324 190.387 202.307 220.161 263.261 275.253 270.147 254.419 245.801 235.127 222.287 208.378 191.987 172.766 153.737 129.315 102.314 70.8315 12.4408 0.00833188 0.378353 -0.0606164 0.149359 0.0781048 -0.194764 0.346935 
0.308595 -0.261157 0.363068 0.360979 0.385943 0.36823 0.132395 0.122886 0.206792 0.368529 0.445664 0.662512 10.3198 65.5257 96.8949 121.442 144.409 165.564 185.217 204.956 217.836 263.89 272.926 268.014 242.338 233.894 204.597 201.005 197.155 189.309 182.968 177.674 175.206 173.392 172.557 173.858 176.493 180.327 185.677 189.321 198.572 222.716 260.999 277.474 275.11 253.932 244.712 234.933 223.289 208.142 193.041 174.87 157.321 133.035 105.849 75.9394 16.5392 0.229668 -0.49779 -0.378027 -0.155251 0.1228 -0.0153094 -0.12624 
-0.113728 0.0530155 0.346623 0.289795 -0.0342734 0.53512 0.261781 0.28162 0.102915 0.556241 0.81206 0.592669 16.5319 72.351 100.031 115.737 134.407 154.554 171.441 188.187 204.048 220.642 233.37 218.682 202.603 207.547 176.928 163.084 166.81 160.476 156.159 153.769 152.93 153.407 153.544 155.068 157.161 161.71 166.434 172.697 181.75 200.304 249.181 266.698 264.211 237.115 230.05 219.693 205.605 191.071 175.113 155.094 135.098 101.562 68.4204 46.9608 4.72886 0.528957 -0.0470713 -0.285678 -0.210564 0.492915 -0.468515 -0.106698 
0.290015 0.251008 0.0527447 0.519559 0.281765 0.0612939 0.455798 0.74925 0.437656 0.352714 0.616676 0.6663 3.58517 8.45352 15.1791 50.7615 96.0175 123.542 146.402 169.304 186.536 194.76 201.406 166.861 159.725 176.56 163.826 144.531 139.722 144.529 146.748 144.114 140.388 140.098 140.808 141.185 142.15 144.625 149.568 154.673 161.132 180.146 227.024 246.338 242.853 212.914 201.061 190.005 172.416 154.873 132.097 102.771 50.7364 2.93305 -0.294383 -0.0374085 1.03488 0.158805 0.183567 -0.165456 -0.255384 0.0934294 0.152163 0.0833862 
0.213836 0.386582 0.0545608 0.595647 0.104714 0.309426 0.523311 0.28353 0.446747 -0.176128 -0.0309368 0.65962 1.35393 1.97983 2.5398 2.36812 35.2767 85.0274 117.074 140.84 158.105 173.444 166.303 132.476 124.569 141.855 144.961 124.939 118.854 114.414 115.885 122.189 122.267 120.488 120.47 121.62 122.765 125.51 129.339 134.142 141.135 165.711 194.294 207.137 197.147 190.235 178.678 164.613 145.54 123.367 97 60.2988 3.73536 2.83448 1.91004 1.42547 1.27696 0.247213 -0.0513091 0.0164642 -0.0157222 0.079666 -0.0341968 -0.0165974 
0.284207 0.230204 0.194704 -0.00769773 0.0220261 -0.283396 -0.000762813 0.592817 0.246492 0.300916 0.573665 0.566822 1.35699 2.10162 2.53462 3.46954 26.2837 81.1526 108.989 133.338 151.038 166.368 149.3 118.258 109.928 117.53 143.814 121.834 115.066 110.165 107.534 107.778 115.346 120.224 118.965 119.14 121.152 122.642 127.214 132.228 140.502 159.702 191.661 200.697 194.177 185.583 173.501 160.048 141.137 120.924 93.0198 58.6054 2.26344 2.74639 1.98713 1.23173 0.636669 0.551914 0.317018 0.222569 0.127016 0.451385 0.0416219 0.094663 
0.152609 0.146462 0.20857 0.384993 0.164805 0.243202 0.407307 0.665511 0.172319 0.436811 0.865168 0.755685 1.05016 1.23805 2.35401 2.97515 21.9338 78.737 105.857 128.338 150.167 165.671 132.168 111.995 102.462 103.727 128.65 121.633 113.34 108.25 105.152 102.688 103.339 109.206 119.129 118.565 119.869 122.893 126.027 132.151 139.64 162.261 183.819 199.639 193.268 184.06 171.627 157.638 141.282 118.559 91.484 54.9703 0.643181 2.57916 0.869739 0.700664 0.959021 0.113437 -0.0155158 0.296921 0.229815 0.0599442 0.0501574 0.18498 
0.670587 0.429262 0.421359 0.481299 0.956794 0.364586 0.55294 0.15416 1.06438 0.354833 0.761404 0.507487 0.831334 1.16381 1.92187 3.13758 17.9945 73.9143 105.979 128.098 147.38 166.63 120.138 107.009 97.5827 98.0215 119.248 111.014 113.167 105.947 102.635 100.786 100.162 101.025 105.964 117.428 119.261 121.607 128.38 131.667 136.535 158.97 183.728 199.376 192.253 181.499 170.578 156.686 139.07 117.32 89.2213 53.3215 -0.0118426 1.6671 0.66874 0.564233 0.000991594 -0.282832 -0.124637 -0.131958 0.0893195 -0.233829 -0.430207 -0.239905 
0.57532 0.159078 0.181691 0.665643 0.591463 -0.00729795 0.285227 0.334814 0.568477 0.387637 0.46802 0.660295 0.0998875 0.741308 1.67455 2.32275 14.5565 72.6183 103.275 126.381 146.824 163.738 119.827 104.813 95.9938 93.9044 117.2 102.859 108.992 105.878 102.608 100.209 97.7791 98.3318 100.987 108.867 118.298 120.526 125.014 129 137.963 155.657 179.833 197.316 190.915 180.89 168.668 154.956 137.511 115.809 88.6164 50.7396 0.597601 1.33202 -0.322196 -0.179625 -0.120039 0.156534 -0.368027 -0.303284 0.0218412 -0.171897 0.0815226 0.178822 
0.342623 0.409013 0.0603162 -0.203226 0.266492 0.384163 -0.0180831 0.655362 0.381848 0.177651 0.187741 0.373224 0.65009 0.543614 1.38683 2.40009 12.2841 69.8169 102.41 126.351 144.368 165.485 119.994 103.758 94.8679 93.7037 117.501 101.589 102.053 107.302 102.53 100.005 97.6048 97.0321 99.2994 102.969 117.058 120.098 123.852 129.602 137.91 153.868 178.178 197.57 189.99 181.418 168.716 155.614 137.594 115.572 87.8173 49.4476 0.923954 1.40272 -0.351932 0.30149 0.125377 -0.128521 0.438752 0.0863093 0.115515 -0.68613 -0.140798 0.0225574 
0.42258 0.629524 0.376665 0.796341 0.283913 0.26948 0.138286 0.273674 0.687246 0.468742 0.184678 0.493369 0.847675 0.517414 1.3199 2.44418 12.8466 68.8142 100.95 127.013 144.749 167.46 122.73 106.073 96.2227 93.3837 119.904 99.8896 99.1404 105.25 103.566 100.342 97.5677 97.9486 98.552 101.402 113.671 119.686 123.48 129.139 138.749 153.685 175.09 198.116 189.927 181.169 168.64 154.555 137.539 114.838 87.4005 46.8679 1.58805 2.77426 0.190918 0.450959 0.0156744 -0.0217912 -0.27326 0.72105 -0.44443 -0.150555 0.313363 -0.190609 
0.401711 0.495918 0.631152 -0.0850699 0.460208 0.0275493 0.515766 0.45975 0.91314 0.28532 0.715697 0.147551 -0.00271859 0.756919 0.849449 3.18914 6.30412 62.1604 98.9046 124.508 143.41 161.03 138.726 111.34 99.736 93.0265 122.651 101.801 99.5174 100.777 104.167 101.215 98.3442 97.5003 98.5672 101.475 111.822 119.286 122.737 128.386 139.888 151.771 165.764 201.714 191.021 181.195 168.807 156.368 139.271 117.055 89.8054 53.3069 0.977671 2.44711 1.64138 -0.0762968 0.167115 0.17585 0.0830418 -0.03352 -0.088715 -0.645646 -0.0203003 0.615897 
0.147062 0.921158 0.84372 0.0174344 0.611218 0.114959 0.449656 0.315646 0.705121 0.241832 0.463134 0.432307 0.461003 0.997542 1.84907 3.78638 4.6967 59.5154 94.5797 123.24 142.632 157.471 149.734 115.058 103.673 93.3048 127.768 104.261 99.6677 100.205 105.639 101.777 98.7255 99.2007 100.032 101.446 110.205 118.616 122.177 127.147 137.812 149.222 162.111 200.725 191.437 180.86 169.82 156.747 139.631 117.915 89.8223 54.6863 0.0840266 3.02118 2.28389 0.531301 0.55927 0.141211 -0.132461 -0.64344 -0.129813 -0.240869 0.301528 -0.0216476 
0.0713912 0.321698 0.232719 0.0328418 0.249811 0.0827312 0.55135 0.479151 0.822749 0.330683 0.408613 0.225567 0.397387 0.900205 1.14333 2.48027 4.7143 59.3153 94.4151 122.344 141.372 158.282 155.634 119.342 106.539 96.0179 130.551 107.148 102.173 101.196 105.129 103.333 100.479 99.7171 100.14 103.447 112.641 118.909 121.517 126.566 139.125 146.471 162.009 199.452 190.615 181.009 170.141 156.983 139.868 116.399 90.667 55.6342 0.10706 2.06696 1.92099 2.32288 -0.054596 0.203786 -0.0302957 0.0484913 -0.138582 0.577106 0.114443 0.156971 
0.855375 0.870892 0.774425 0.589825 0.196521 -0.18898 0.278403 0.378601 0.294123 0.565006 0.343566 0.545994 -0.0914022 0.383858 1.48791 1.78589 4.02344 59.7325 94.1339 120.746 141.826 157.769 162.678 123.198 111.207 97.8618 135.168 110.33 105.247 103.168 106.494 104.345 102.502 100.814 102.705 106.409 114.848 118.373 121.783 126.161 139.182 145.406 159.786 198.194 190.234 181.219 169.252 157.133 138.748 117.08 90.1245 55.2035 -0.377298 2.721 1.97715 3.13251 0.43312 -0.000922383 -0.175089 -0.0794917 0.0972445 -0.0654465 -0.185196 0.207399 
0.264789 0.448638 0.733859 1.01066 0.467548 0.132994 0.530612 0.0751351 0.119919 0.262922 0.0781493 0.716726 0.859337 0.800125 1.11206 0.942611 4.26121 55.9438 93.1036 120.825 140.047 157.724 169.773 129.337 115 102.624 140.476 114.036 108.062 107.084 109.398 105.509 103.599 104.468 104.62 108.618 116.224 117.777 120.99 123.444 139.11 144.829 158.847 196.321 191.204 182.037 169.318 155.696 138.207 116.459 89.897 54.3234 -0.586669 2.48932 1.69797 2.78965 0.902398 0.348848 0.164338 -0.333266 -0.383208 -0.422652 -0.354358 0.308899 
0.120824 0.174943 0.470803 0.857662 0.482458 -0.0546331 -0.274036 0.705012 0.70283 0.71082 -0.0768153 -0.0462567 0.340825 0.281404 0.393407 2.60439 3.52786 55.7258 92.3779 118.886 139.447 159.203 171.714 142.042 121.212 107.728 144.893 118.647 113.054 114.848 110.976 108.605 105.745 107.668 108.337 114.809 116.412 118.471 121.969 124.197 138.538 143.689 158.092 194.669 190.088 181.507 170.093 155.211 138.8 115.808 89.9814 53.7276 0.39357 2.79324 2.71946 2.71171 1.02577 -0.374422 -0.00499964 -0.148292 -0.153914 -0.192033 -0.346465 -0.202739 
0.0335364 0.670413 0.573109 0.489997 0.342504 0.249324 0.296251 0.0474808 0.0712568 0.117655 0.588351 -0.122883 0.268863 0.762379 0.962815 1.73145 3.34054 53.2583 92.1596 119.982 139.676 157.528 168.555 160.558 127.693 113.473 152.391 126.064 122.643 120.114 113.75 112.014 110.272 113.083 115.082 115.072 115.767 117.747 120.053 124.088 137.069 141.941 156.875 191.41 190.262 180.018 169.093 156.38 138.808 116.115 88.9531 54.5514 0.374697 4.34807 2.70443 1.62447 1.07627 0.22837 -0.231442 0.274073 -0.47402 0.587367 0.699082 0.311454 
0.277942 0.393621 0.589133 0.348548 0.562801 -0.016895 0.219496 -0.175582 -0.0663183 -0.140312 0.258415 0.373223 0.869215 0.709315 1.27159 1.90569 1.81664 54.852 92.2809 117.574 140.413 157.07 170.293 178.007 139.836 123.946 164.057 140.426 131.904 124.78 119.52 116.725 119.545 116.89 116.279 115.862 116.138 117.059 120.406 125.549 135.427 141.734 156.023 192.275 190.059 181.606 169.949 156.025 139.034 116.083 89.8236 54.9579 2.11244 3.95492 1.53248 1.19731 1.40753 -0.166927 -0.185274 -0.0157587 0.084473 -0.132228 -0.186761 0.0756865 
0.705704 0.469736 -0.0472513 0.921437 0.302259 0.428682 0.323475 0.0844109 0.307168 0.401521 0.371488 0.353369 0.684995 0.662542 0.724702 1.51175 -0.00330159 54.9031 92.6039 118.632 139.039 156.824 169.503 180.832 172.914 150.142 187.456 156.235 141.762 134.046 129.27 125.289 122.12 118.706 115.882 115.101 115.261 117.381 119.47 125.679 132.624 140.055 154.475 190.68 188.712 180.12 170.068 155.72 138.858 116.371 89.8025 55.6167 2.71724 1.87649 0.985147 1.42146 0.354667 -0.449039 -0.0250177 0.13461 -0.281241 -0.0359222 -0.453809 -0.292992 
1.78747 1.90123 1.17566 1.32489 1.27487 0.723568 1.27167 1.28697 1.13575 1.03266 0.822552 1.18142 1.59871 1.08887 2.08707 2.87821 1.6115 51.1725 94.6987 120.975 141.268 159.262 171.862 183.123 192.083 199.046 202.97 179.127 151.832 141.013 133.533 127.714 118.057 115.14 114.308 113.466 113.35 114.422 117.627 122.299 128.04 136.849 150.124 183.801 187.631 178.43 166.815 153.825 137.3 113.572 87.8534 58.5439 0.105387 0.768127 0.374322 0.265763 -0.251261 -0.503802 -0.484427 -1.30133 -0.662887 -0.94116 -0.44169 -1.14388 
2.01971 1.05982 1.91881 1.49867 1.16458 0.904462 1.80006 1.67404 1.26409 1.37332 1.3397 0.708221 1.67902 1.3419 1.62286 2.33135 2.26371 44.878 98.5929 120.395 140.338 158.588 173.086 182.428 191.567 199.178 205.643 182.951 154.021 143.327 133.966 129.13 118.12 115.077 114.668 113.562 113.695 114.607 116.782 122.498 127.332 135.519 148.763 183.894 186.604 178.255 167.539 153.141 136.669 114.365 92.5271 53.2444 0.0220828 1.22259 0.965384 0.412615 -0.298073 -0.727007 -1.1807 -0.436315 -0.564311 -1.2493 -0.789365 -1.01348 
1.20035 2.42712 1.20263 1.25615 1.26028 1.58614 1.37088 1.37718 1.84559 1.92681 1.44938 1.10759 1.85812 2.07529 1.82946 2.6572 2.48375 43.632 97.3567 120.629 140.699 159.308 174.125 183.317 193.507 199.914 204.722 184.947 155.457 144.149 135.298 129.501 117.779 116.349 114.514 113.605 114.177 115.152 116.368 122.573 126.272 136.733 149.454 181.242 187.794 179.082 166.898 153.428 136.522 116.229 88.4169 55.0085 0.387226 1.28196 0.20731 0.223803 -0.656801 -0.857777 -1.28887 -0.790421 -0.988798 -0.686168 -0.497187 -0.958811 
1.64843 2.20111 2.15481 2.09212 0.815507 1.78844 1.54374 0.902488 1.73181 0.731639 1.3328 1.72496 1.14437 1.156 1.82268 2.34644 2.47418 42.8014 94.0951 122.69 140.406 159.512 171.796 184.585 193.079 199.721 206.734 186.619 157.406 145.319 135.213 130.167 118.977 116.721 115.652 112.961 114.245 114.816 115.596 121.458 127.443 135.068 147.969 179.216 187.653 180.209 167.987 153.393 136.946 118.912 88.0973 54.3196 0.981375 1.38928 -0.220728 0.027109 -0.700898 -0.78053 -1.4281 -0.984877 -1.15141 -0.65716 -1.51169 -0.635407 
2.08492 1.77306 1.19252 0.86438 0.810343 1.33438 1.39473 1.1998 1.24844 0.754237 1.37295 1.24569 1.91309 1.15765 1.63042 2.66291 2.53191 42.4242 85.5787 130.711 139.447 158.337 174.552 182.771 192.675 201.068 206.037 190.228 159.395 145.724 136.744 129.981 119.016 116.29 115.267 113.803 113.841 114.112 116.528 120.995 127.788 135.5 147.568 179.726 187.886 179.866 167.522 154.682 138.031 118.873 88.7065 54.9033 1.9572 1.3939 -0.0907193 -0.225348 -0.479374 -0.981595 -0.253048 -0.503566 -1.1935 -0.815735 -0.934441 -0.868438 
1.34062 1.79653 0.937402 1.67424 1.26779 1.69677 2.12962 2.31503 1.32716 1.95063 1.05453 1.60748 0.720558 2.04899 1.93383 2.66591 2.77834 41.0252 85.5895 128.792 140.075 159.189 174.001 183.094 194.276 202.424 207.995 193.702 158.679 145.57 137.512 130.367 119.815 115.974 114.632 113.697 113.328 115.039 116.112 118.982 129.724 133.898 147.061 178.257 187.289 179.48 167.573 154.831 137.155 120.206 89.2326 56.0893 10.5998 1.20243 0.253469 0.220438 -1.51408 -0.841281 -1.40461 -1.07341 -0.533082 -1.07035 -0.936081 -1.31502 
1.83136 0.397428 1.46904 1.81159 0.970639 1.71363 0.38426 2.02374 1.46647 1.26262 1.86375 1.58683 1.24213 1.9472 1.63272 2.95974 2.75036 41.6018 86.4551 129.21 140.297 159.056 173.299 184.076 193.41 201.182 205.724 195.078 160.626 147.277 137.63 131.904 119.88 116.783 114.082 113.412 113.65 114.749 116.349 119.035 128.145 134.124 146.853 175.731 188.213 180.203 169.161 155.737 137.836 118.917 89.605 56.1399 3.08061 1.14497 0.171402 0.495042 -0.44342 -0.473983 -0.979021 -0.966846 -1.26896 -1.21325 -0.606201 -0.606177 
1.54548 1.20413 1.93041 1.87613 1.73329 1.64969 1.01645 1.19107 1.24856 1.63794 0.988495 1.26903 1.93955 1.63786 1.70337 2.44201 2.9665 39.5865 86.8935 116.86 152.396 158.858 176.898 184.032 194.209 200.864 207.847 196.221 161.922 149.08 138.234 132.048 121.019 118.649 118.378 114 113.586 114.671 116.568 119.944 126.25 135.809 145.475 174.682 188.694 179.784 169.396 156.292 139.231 118.623 91.0299 57.5072 3.53063 1.71846 0.805783 0.731596 -0.38701 -0.860605 -0.822413 -1.0904 -0.886877 -0.794079 -0.871054 -0.419485 
1.70781 1.08358 1.75422 1.67754 1.26306 0.931614 1.14313 1.72179 1.66527 1.84653 1.38394 1.43127 1.38602 1.83115 1.52605 2.85713 3.17824 36.5098 85.2395 111.775 158.737 158.856 173.824 182.63 194.022 201.291 208.662 202.001 166.068 149.158 138.433 132.245 121.973 118.335 116.91 114.841 115.074 115.492 116.586 119.711 124.339 136.111 145.325 172.265 190.685 181.475 170.184 158.315 143.964 118.912 94.8653 61.3184 7.35833 2.12644 1.07874 1.526 -0.774205 -0.376926 -0.113848 -0.866847 -1.24664 -0.747237 -1.04462 -0.72753 
1.91812 1.82334 1.02518 1.42779 1.60171 1.60755 1.70031 1.98094 1.30114 1.4509 1.08509 0.956872 1.28493 1.86123 1.84135 2.57205 4.12673 32.5842 82.0497 111.812 152.601 155.874 172.63 182.6 193.245 202.814 208.57 205.322 166.481 150.971 140.192 132.665 122.51 118.035 115.46 115.314 114.789 114.471 116.132 119.585 124.782 134.075 145.015 166.685 191.901 182.83 172.118 159.533 143.731 122.606 97.7342 65.5824 11.5944 3.48452 1.67806 1.38614 0.731422 -0.654557 -0.699276 -0.206443 -0.734542 -0.823404 -0.933509 -0.895292 
1.19538 1.70365 1.87274 1.43919 1.43185 1.62888 0.878246 1.31398 1.89299 1.28756 1.31329 1.59002 1.5777 1.649 2.38286 2.66268 4.18871 31.8868 80.5068 111.876 146.81 157.487 170.995 184.118 194.722 203.772 210.355 207.109 167.42 151.46 141.428 133.247 122.409 119.275 116.16 114.929 114.054 114.361 116.897 119.617 123.272 132.366 145.508 162.127 194.172 184.243 173.872 162.211 143.859 124.635 99.1377 67.5673 13.4597 3.82823 2.84199 0.919708 0.710127 0.377082 -0.665836 -0.931097 -0.766951 -1.14286 -0.844029 -0.693978 
1.70013 1.59113 1.61844 2.09304 2.08465 2.05463 1.98893 1.82985 1.9801 2.05394 1.43772 0.828672 1.00305 1.14173 2.97327 3.06824 4.48584 30.8237 83.4334 112.19 136.802 168.688 174.538 184.072 195.596 204.37 210.834 205.878 168.992 150.903 141.281 134.325 123.205 118.971 116.402 115.28 114.553 114.998 116.202 118.606 123.917 133.12 143.955 160.652 198.577 186.361 174.589 161.74 146.359 130.28 105.217 74.6642 17.6826 4.14406 2.31056 1.14045 0.911521 0.841725 -0.840281 -0.725322 -0.911259 -0.784582 -0.907175 -1.15555 
2.06657 1.8276 1.32676 2.24195 1.31569 1.4915 1.79103 1.31451 1.45451 1.81312 2.13652 1.30067 1.49801 1.92209 2.42286 2.60335 3.05725 48.1594 90.839 117.506 143.173 178.106 182.194 192.924 201.657 208.914 214.987 212.43 172.612 155.891 146.074 137.441 126.018 122.283 119.415 118.673 117.46 117.58 117.303 120.815 124.553 131.962 144.722 161.946 196.997 189.913 181.282 170.976 154.867 129.633 103.476 70.4136 17.3719 3.94529 3.27861 2.0325 1.65331 0.550696 -0.243298 -0.310712 -0.891588 -1.40378 -0.890583 -0.740866 
1.29044 0.891324 0.97071 1.53617 1.48122 1.51832 1.08764 1.79697 2.01974 1.7949 1.87754 1.34902 1.72654 2.37944 2.22356 2.34113 34.0334 82.8191 114.355 137.07 156.697 193.151 221.448 237.454 248.183 255.362 242.115 227.875 188.733 170.42 157.101 153.776 142.029 139.22 138.579 138.007 138.461 139.115 140.595 143.797 149.408 159.616 173.015 190.2 235.512 229.475 223.472 203.718 180.458 164.2 145.452 119.793 89.5544 43.1674 29.3016 26.9293 19.1154 2.01604 0.225109 -0.607742 -0.943352 -0.441557 -0.949413 -1.63141 
1.92692 1.52572 1.66146 0.959911 1.58709 1.39521 1.12925 1.46069 1.41817 1.37064 0.946176 1.24972 1.71768 1.42525 2.1781 8.32904 63.3038 97.4862 123.566 147.241 166.855 192.008 227.441 257.912 265.236 263.581 257.159 247.586 205.063 188.649 179.016 170.927 161.9 158.598 157.264 155.172 154.65 155.924 158.483 161.79 167.324 177.313 215.044 243.659 283.814 267.119 244.905 221.895 211.282 204.252 191.575 179.452 166.296 153.669 131.05 103.127 76.578 38.3596 -1.37693 -0.807803 -0.846241 -0.834382 -1.32409 -0.99463 
1.92709 1.26261 1.87731 1.69536 2.27656 1.87458 1.23418 1.34569 1.33675 1.39266 2.20094 1.61218 1.42261 1.34924 1.76002 33.3007 81.357 111.102 135.164 159.784 179.795 195.847 216.171 259.105 259.718 261.441 261.869 259.43 212.181 195.195 184.906 178.349 167.226 164.581 163.079 162.954 163.145 164.564 166.753 169.228 174.131 189.012 222.902 251.864 307.91 273.98 247.186 238.087 230.247 218.432 208.623 193.757 177.315 159.793 140.059 116.28 90.0916 60.9143 6.58485 -0.725624 -0.839512 -1.15617 -0.897945 -1.23365 
1.76687 1.63117 1.06768 2.01341 1.81549 1.10243 1.43967 0.846349 1.59057 1.86407 1.57997 2.17901 1.75777 2.17346 2.26704 32.5262 79.1461 108.231 134.329 156.686 181.089 197.233 210.732 240.469 251.49 256.673 261.041 261.299 218.064 201.596 191.32 184.104 173.702 168.928 168.076 167.118 168.033 169.282 170.947 174.106 178.033 191.629 217.031 244.608 297.121 272.157 249.54 242.277 232.64 223.373 210.575 195.934 179.938 161.299 143.131 119.309 92.5257 61.4734 4.82428 -0.953452 -0.618842 -0.974487 -1.20605 -0.684767 
1.7771 0.618356 0.970316 1.57877 1.01645 1.00843 1.39889 1.4415 1.56829 1.51467 1.25454 2.34768 1.57649 2.00745 1.79427 8.12565 61.8316 95.6367 123.56 148.405 170.63 189.475 208.41 226.448 241.671 251.345 254.151 265.941 218.893 201.329 189.254 183.233 172.019 166.346 164.451 164.612 165.2 167.978 171.089 174.998 178.827 191.19 211.897 232.646 277.797 270.638 248.793 238.571 233.186 219.374 206.433 193.466 177.011 159.138 138.726 114.379 88.5049 44.7282 -1.76661 -0.30256 -0.874635 -0.98188 -0.6658 -0.733536 
1.3708 1.48288 1.56017 0.678186 1.97182 1.3535 1.33657 1.58598 1.84397 0.702493 1.17329 1.46755 1.44209 1.32353 1.99898 2.91792 19.2591 73.7925 105.06 133.469 155.462 175.888 194.005 208.68 226.553 238.954 250.283 260.059 216.495 197.019 183.748 175.66 163.383 159.215 158.152 156.556 156.399 158.616 164.169 169.467 175.558 188.865 200.588 219.476 262.976 260.003 245.157 236.925 226.159 215.971 204.175 189.09 172.056 153.419 130.336 103.622 68.6268 7.50288 -0.107744 -0.34906 -1.14886 -0.688741 -0.81422 -1.12667 
1.27165 2.04436 0.584173 1.74469 1.44965 1.46873 1.34673 1.77027 2.12737 1.54153 1.37146 1.98967 1.21447 1.99389 1.90133 2.81525 3.65926 24.1793 78.1925 109.881 135.075 157.885 178.021 189.522 198.063 214.216 225.081 235.453 197.087 181.069 168.986 164.599 150.845 146.99 144.855 143.9 143.999 145.513 150.053 156.709 163.32 171.895 184.568 204.002 245.647 243.899 232.9 224.345 216.653 206.297 194.818 179.672 160.962 138.16 111.404 74.2136 13.8893 0.30695 0.717135 -0.351134 -0.771689 -1.03341 -0.944226 -1.02014 
1.01222 2.09948 1.39894 0.640754 1.4961 1.46926 1.29808 0.279764 1.07242 1.72432 1.34951 1.87365 1.06401 1.81794 1.78818 2.60455 3.6004 11.2856 69.5527 103.632 129.248 151.52 169.28 182.234 191.38 201.744 210.725 223.462 179.851 163.813 154.994 147.855 136.86 132.385 130.943 129.962 130.635 132.064 136.859 139.206 145.17 154.221 166.477 185.508 224.182 226.78 215.565 208.818 198.985 191.627 176.852 158.608 135.796 105.716 63.9528 10.8967 1.77417 0.932726 0.0248441 -0.150867 -0.328257 -0.795185 -1.07204 -1.10402 
0.724599 1.34573 2.42421 1.58068 1.60343 1.744 1.18401 1.64241 1.22434 1.64879 1.36856 1.92594 1.50961 0.829822 1.90215 2.90524 3.64428 10.5604 67.8482 102.515 129.709 150.571 167.95 179.219 189.58 200.42 209.194 222.638 181.981 164.234 153.045 146.545 135.678 130.959 129.438 129.923 128.725 131.17 135.247 137.489 140.098 148.624 157.155 170.931 206.218 207.6 199.579 190.888 179.674 170.696 154.481 136.955 114.021 85.9723 39.9412 2.72524 1.55869 0.785566 -0.0857963 -0.955917 -1.16666 -0.703838 -0.766138 -0.835789 
1.62616 0.88766 1.01813 1.27105 1.06467 1.66595 1.63079 1.18996 1.20343 1.6304 1.19568 1.57439 0.849335 2.00893 1.54513 2.82475 3.78153 9.19465 67.843 102.062 129.269 149.199 168.035 180.358 187.641 199.943 208.405 223.327 182.059 165.039 152.33 146.157 133.901 131.197 128.754 128.415 128.29 130.12 131.5 135.291 139.325 145.987 155.076 169.425 204.974 206.894 198.719 190.251 176.174 173.405 156.291 137.333 114.116 85.6132 40.318 1.8709 0.849877 0.0508631 -0.0741999 -0.587322 -0.930572 -1.09288 -0.477171 -0.345573 
2.32334 1.83581 1.11478 0.895174 1.09926 1.28748 1.4262 1.27171 1.18909 1.49414 1.59014 0.986344 1.07173 1.20716 2.03463 2.8355 3.92394 10.3666 66.8294 101.393 128.595 151.286 167.057 177.785 186.613 200.005 207.318 220.833 181.233 162.723 151.507 145.271 135.112 129.407 129.337 127.417 129.32 128.541 131.101 134.255 139.324 145.817 154.088 167.164 203.785 205.695 197.872 190.945 175.552 172.651 155.973 137.19 113.828 86.4507 41.2482 1.08031 0.741765 -0.228665 -1.02856 -1.04989 -1.11113 -1.13675 -0.662124 -0.83458 
1.23347 1.46464 1.57365 1.25557 1.70956 1.72906 0.727445 1.67494 1.32253 1.59671 1.34112 1.37634 1.27857 1.66584 1.86838 1.99998 2.67561 9.97591 67.9908 101.732 128.176 150.203 167.532 173.721 184.854 198.107 206.306 221.07 179.609 162.272 151.065 143.496 134.423 129.882 127.908 127.814 128.187 129.554 129.782 134.843 138.61 146.486 153.143 169.098 202.14 207.037 198.439 190.679 173.461 174.886 155.84 137.182 113.736 85.6847 41.7246 0.758117 0.0595923 -0.413208 -0.931437 -0.987129 -0.883708 -1.13372 -0.909606 -0.649166 
1.1302 1.28104 1.16073 1.94554 1.60517 0.831367 0.940209 1.06617 1.68187 0.979202 0.566997 1.08045 1.39569 1.72927 0.84436 2.09326 2.73562 10.9707 66.474 100.387 127.213 149.136 167.991 175.464 184.576 197.685 208.094 219.758 181.806 162.243 149.933 143.9 133.029 128.777 127.755 127.21 127.285 127.716 130.072 133.533 137.396 143.013 151.178 165.166 199.649 203.458 197.46 188.914 174.747 174.797 155.621 138.418 115.597 85.635 46.9407 -0.552721 0.607264 -0.752382 -1.38281 -0.825892 -0.75369 -1.66027 -1.2833 -0.814695 
1.62756 1.21361 1.26303 1.34329 0.802795 0.901682 1.29698 1.75759 1.16789 1.58683 0.763419 1.30891 1.10675 1.76939 1.53082 1.88029 2.5584 6.33185 63.8974 97.4812 126.509 148.411 165.415 175.615 182.193 196.733 205.757 213.978 187.733 162.98 151.342 143.982 134.274 128.552 127.52 127.267 125.477 127.18 129.824 131.028 136.314 143.361 150.451 163.038 194.752 205.637 198.871 191.171 177.788 171.531 158.417 140.598 117.84 89.732 54.7057 -1.59978 -0.289055 -0.412536 -0.91022 -0.64114 -0.832413 -0.783157 -0.684244 -0.800348 
1.60181 1.24823 0.90102 0.495178 1.49042 1.77539 1.13938 1.16886 2.14251 1.50396 0.768583 1.71494 1.21583 1.02855 1.21088 1.70189 2.54671 8.15315 62.9562 97.458 125.279 147.879 165.45 174.22 180.307 195.956 206.166 215.08 186.444 163.168 150.752 143.5 133.596 128.291 127.342 126.219 125.006 127.657 129.256 131.64 136.571 142.689 149.492 161.896 192.561 205.995 198.978 190.265 177.354 170.71 156.601 139.038 117.681 89.3997 55.5013 -1.26563 0.103453 -0.505601 -0.726561 -0.611729 -1.1013 -0.647463 -0.714718 -1.14977 
1.72026 1.02739 0.955588 0.697648 0.835696 1.1242 1.45956 0.959444 0.828909 1.4104 1.14468 1.19631 1.74684 2.18014 1.50284 1.73582 2.68651 6.52106 63.7011 97.7102 125.529 148.242 165.025 175.052 180.678 195.869 204.669 216.504 185.707 162.244 149.887 143.14 133.132 128.191 127.251 125.199 125.491 126.062 129.954 131.301 135.688 140.913 148.29 162.635 191.417 204.918 200.224 191.427 179.382 168.831 158 140.575 116.942 89.6723 55.3117 -0.95573 0.659089 -0.723762 -0.506302 -1.1614 -0.775183 -0.577415 -0.822995 -0.769056 
1.51334 1.7991 0.932382 0.774412 0.979498 1.87609 2.08078 0.859127 1.12283 0.939433 1.23319 1.36559 1.07331 2.19587 1.18163 1.69912 2.71155 7.01722 64.5884 98.6871 126.232 148.331 166.853 174.673 180.275 195.433 203.802 213.583 186.437 160.66 149.463 142.629 133.159 127.055 125.995 139.441 124.967 125.382 128.223 131.017 134.573 141.382 147.941 162.079 191.122 204.911 200.08 188.885 180.017 169.331 158.412 140.293 118.115 90.6238 55.4734 -0.642011 0.509593 -0.239821 -0.522421 -0.337299 -0.638312 -0.121008 -0.762834 -1.02508 
1.07324 1.39443 0.863687 0.794822 1.17344 1.0091 0.811974 1.47636 0.600846 1.72133 2.11289 1.43103 1.45804 1.76034 1.5668 2.30365 2.66402 7.83736 64.6596 98.0172 125.837 147.575 165.136 172.914 180.323 196.919 204.643 216.843 184.935 161.528 149.275 144.332 134.016 127.902 126.216 126.248 126.121 127.194 128.773 131.452 136.381 140.756 147.855 161.168 190.709 203.726 198.815 190.129 180.769 170.971 157.747 140.396 118.329 91.6935 57.7231 0.169167 0.328776 -0.0333746 0.431429 -0.451766 -0.281644 -0.774197 -0.826406 -0.575405 
1.08341 1.46257 1.59243 0.994578 1.3446 1.28692 1.02222 1.27654 0.489615 1.38175 1.14055 0.675962 1.49508 1.5787 1.81688 2.81792 3.16519 8.57905 66.0086 99.3177 126.703 147.692 165.002 172.237 179.178 195.137 203.018 216.164 187.498 161.067 149.049 142.17 133.718 128.133 125.866 125.259 125.534 126.354 127.834 132.443 134.508 140.088 148.188 160.802 187.138 204.972 198.444 190.19 182.053 171.142 159.812 141.688 119.521 92.9103 58.4213 1.72039 1.99858 0.576288 0.314316 0.16429 0.252592 0.132213 -0.0787987 -1.04463 
