-1.11206 -0.889575 -1.5753 -1.33561 -1.23157 -1.05713 -0.772163 0.0485201 5.84211 61.4104 95.1543 121.784 141.13 157.997 171.151 180.634 188.269 196.327 203.948 184.664 158.873 146.953 139.143 132.774 130.782 126.626 125.454 124.824 124.63 125.13 128.145 132.085 141.005 147.993 159.933 180.767 209.442 200.241 192.735 180.223 169.389 159.393 142.932 120.264 93.1643 58.2137 1.05438 2.0123 0.897426 0.865167 1.1049 1.00859 0.939184 1.05071 0.671905 0.513496 0.672729 0.738603 0.584015 0.534347 0.612977 0.925782 1.33188 0.51091 
-1.79188 -1.39098 -1.70848 -1.13493 -1.66551 -1.82317 -1.20394 -0.0551706 6.88871 62.2478 94.3195 121.668 142.952 160.211 171.384 182.379 189.965 198.276 204.806 184.999 158.838 147.703 139.28 133.289 129.541 127.364 126.355 124.886 125.1 124.585 128.808 131.384 140.734 147.756 159.696 184.025 209.288 198.927 191.775 179.37 167.825 160.163 142.885 119.932 92.301 57.5236 -0.259545 1.67133 1.08992 0.81225 0.738881 0.598028 1.03195 0.623383 1.1304 0.882265 0.962574 0.673623 0.678879 0.704057 1.0962 0.599734 0.823989 0.751241 
-1.15252 -1.95026 -1.57947 -1.33887 -1.33312 -1.59953 -0.716881 0.516915 7.39882 63.1395 96.6326 122.902 142.832 159.686 172.962 179.699 187.301 197.321 205.349 184.766 159.69 147.935 138.555 133.545 129.511 126.43 126.933 124.661 124.348 126.351 128.481 132.439 141.649 147.894 160.272 186.423 208.807 201.414 193.436 181.136 169.538 160.426 141.409 118.892 92.4356 57.5636 0.450156 1.88413 -0.388729 1.1015 0.958482 0.856552 0.88886 0.636259 0.633899 0.779815 1.03915 0.75775 1.21041 1.33341 0.781198 0.843561 0.781507 1.07051 
-1.87025 -2.35886 -1.43928 -1.14428 -1.29628 -0.894733 -0.483581 -0.0878399 7.68033 63.8971 96.7066 120.774 143.128 160.003 172.836 183.29 190.305 198.078 204.752 185.345 159.256 147.571 139.75 133.798 129.433 128.319 127.331 123.853 125.134 126.752 128.77 132.218 141.18 149.162 161.49 193.727 210.122 199.545 193.204 181.787 170.125 159.738 142.217 120.282 92.3673 56.2497 -0.292525 2.44726 1.16108 0.659314 0.970351 0.962689 0.566428 0.966469 1.29918 1.10962 0.841181 1.06134 0.754456 0.774827 0.783264 0.492699 0.746813 0.819218 
-1.7473 -1.33819 -1.72627 -0.979557 -1.78022 -0.385997 -0.363525 1.07916 9.35854 64.6757 97.4363 123.699 144.454 161.411 170.867 179.992 189.76 198.134 204.898 187.888 159.655 147.361 141.085 135.341 129.965 127.606 127.205 124.541 125.498 127.5 128.475 134.186 142.545 150.008 160.523 191.481 210.461 202.497 193.226 182.039 170.11 160.447 142.081 119.393 91.5503 56.1019 0.539129 2.64123 1.49999 1.54345 0.942062 1.28231 0.921848 0.84033 0.779653 1.21056 1.51895 1.13165 1.11019 1.21683 0.976946 1.05738 1.16817 0.952201 
-1.65419 -1.86259 -0.797487 -1.55004 -0.466937 -0.154013 0.286371 1.52559 10.169 66.4708 99.0574 124.772 145.754 161.465 171.481 179.852 193.127 198.557 206.076 187.932 158.898 147.707 140.604 134.785 131.427 127.893 127.178 125.603 125.885 127.091 128.746 134.339 142.289 152.37 164.463 191.901 211.608 201.284 194.341 183.657 171.245 161.343 143.279 120.855 93.1783 55.8584 0.709015 3.07588 1.8403 1.85311 1.44832 0.825885 0.892007 0.600572 1.0078 0.73155 1.26091 1.0613 0.756039 0.770698 0.741707 0.867496 1.09228 0.585309 
-1.83136 -1.35313 -1.32689 -0.772913 -0.750232 -0.141129 0.422355 1.90322 6.97867 62.7506 96.7908 122.829 143.023 161.882 177.254 176.507 191.718 199.692 206.503 193.749 163.372 149.721 141.381 136.398 131.401 128.715 127.669 127.354 126.445 128.343 129.529 134.939 142.951 151.318 162.269 180.053 217.242 203.945 197.258 184.066 173.994 163.225 145.95 123.766 96.5058 62.8747 4.81009 3.49281 2.33998 1.96196 1.3284 0.885014 1.11796 0.736909 1.14106 0.895276 1.06072 1.07921 1.14788 1.58141 1.00929 1.08751 0.664194 1.12787 
-1.53836 -0.992937 -1.44681 -0.569837 -0.54503 0.437818 0.981134 2.26782 8.13211 65.1759 97.3884 122.114 143.592 160.542 177.673 175.72 191.604 201.264 206.381 196.327 162.679 150.828 142.711 136.81 132.185 130.323 129.254 127.172 126.687 128.009 130.348 134.092 143.339 151.203 162.607 179.852 216.443 204.755 197.063 186.535 172.188 162.953 145.646 124.591 98.4096 62.8892 4.98949 4.04734 3.07977 1.99917 1.82465 1.19592 0.988945 1.15843 1.33563 1.098 0.54142 1.02024 0.38627 1.08505 0.528562 0.83252 0.96227 1.34756 
-1.39778 -1.42817 -1.14384 -0.864443 -0.574701 0.207512 1.33961 0.969061 17.9619 66.0789 98.3522 123.623 144.598 159.928 178.769 173.441 190.655 200.699 207.607 198.456 165.505 152.952 142.479 138.41 132.047 130.279 129.504 128.95 128.223 128.724 131.171 135.606 144.675 152.081 162.515 185.384 214.075 204.367 197.1 184.956 174.903 162.78 145.647 125.035 98.2382 63.5394 4.29095 4.60667 3.30789 2.53198 2.50152 1.26905 1.60256 0.90426 0.505884 0.880324 0.683458 0.822376 0.892989 0.496796 0.729406 0.660387 0.853346 0.804488 
-1.62368 -1.58416 -0.747481 -1.304 0.0293111 -0.738901 10.4129 21.0468 71.6795 100.575 122.511 141.669 157.355 172.151 186.456 183.411 199.189 207.421 211.744 201.84 169.497 156.46 147.348 142.373 136.896 134.823 132.275 131.782 129.912 132.249 134.766 138.027 148.016 156.043 167.178 191.432 218.495 210.545 202.164 191.398 181.685 170.289 153.335 133.625 109.741 81.3291 39.1354 5.15096 3.48114 2.42131 1.97296 2.00917 0.875785 1.13405 0.811376 1.00009 0.411341 0.64317 0.797899 1.01649 1.23469 0.398929 0.693663 1.04129 
-1.53844 -0.916537 -1.11085 -1.48072 11.4829 30.9886 64.0607 77.8825 104.892 124.336 141.278 157.812 172.168 184.573 196.978 200.935 210.295 217.106 223.064 212.783 177.451 164.707 155.427 148.26 144.919 141.678 138.722 139.742 139.52 139.947 142.991 145.401 157.11 165.208 176.976 202.871 231.22 222.354 215.333 204.854 198.728 189.925 175.89 157.41 138.257 116.596 91.0037 50.068 26.3324 9.06534 1.92393 1.51344 1.6474 1.72188 0.960175 1.17337 1.05954 0.949271 1.24562 0.756117 1.44963 0.982208 0.937632 1.16903 
-1.38595 -1.22854 -1.67192 7.89142 24.8345 49.9655 86.1887 107.859 124.981 142.69 158.375 175.389 188.048 198.999 210.823 217.329 225.391 233.845 236.908 219.889 188.411 174.497 165.001 158.85 154.749 150.344 148.432 146.393 147.812 148.922 151.809 157.516 169.67 178.067 189.967 216.23 243.875 238.81 230.013 222.495 215.961 205.345 191.41 175.045 158.681 137.829 116.813 98.6786 79.182 57.3619 -0.389267 1.80653 1.11067 0.747653 1.0598 0.838813 0.649009 1.48235 0.419808 1.21661 0.870684 0.721055 0.935148 1.13831 
-2.19164 -0.363716 6.24859 20.2278 27.1787 66.5554 95.0513 117.734 136.378 155.283 171.576 186.605 200.232 210.605 219.631 228.371 234.613 239.636 245.616 226.338 193.597 179.991 170.448 163.311 158.916 152.203 146.841 145.924 150.792 156.27 159.202 163.66 174.981 184.211 197.272 222.851 253.012 245.978 239.933 231.846 223.6 213.048 198.496 185.475 171.257 151.885 134.27 116.592 89.9699 75.8233 25.0551 0.937862 1.15782 0.979226 0.906157 0.771255 1.20997 0.758777 0.797774 1.01107 1.35227 0.882095 0.749806 1.01371 
3.41223 7.67698 14.8551 21.537 26.5032 67.9321 95.7272 119.638 142.604 161.277 177.041 191.426 204.938 214.427 224.871 234.185 240.317 243.921 248.156 228.674 196.318 183.189 172.818 166.743 158.737 144.86 140.788 140.088 141.788 153.38 160.424 166.083 179.987 189.245 201.034 228.2 257.179 251.036 245.013 236.648 227.766 217.048 202.224 188.164 174.652 154.323 135.429 117.182 90.2046 78.3358 40.9784 7.57413 1.20522 1.48461 1.16276 1.25892 0.955393 1.35395 0.729968 0.828433 0.810296 0.800268 1.02406 1.00925 
2.59149 4.27187 7.00448 9.43551 10.9715 33.4821 40.3018 50.3144 84.1851 118.919 145.549 165.214 181.655 193.599 206.565 215.732 224.405 231.167 235.521 213.905 185.312 173.766 161.528 146.4 135.953 132.028 129.537 128.915 129.059 132.64 141.15 153.827 164.372 172.488 185.472 215.326 240.129 237.658 230.484 223.699 214.733 200.932 190.297 175.905 163.58 149.958 137.585 118.068 90.7732 72.6371 37.1415 13.449 4.58528 1.09574 1.25 1.19658 1.04409 1.31992 1.09413 0.44417 0.955707 1.24884 0.59657 1.02515 
-0.0456859 -0.0632996 0.46165 1.0908 1.19295 1.00891 1.41896 2.66989 4.03964 50.1524 92.3016 123.541 149.242 168.196 184.854 197.35 207.08 216.058 220.825 200.89 170.079 148.713 135.135 126.838 121.767 119.554 117.995 118.595 119.666 120.781 124.795 131.337 153.122 165.133 175.279 202.632 225.632 217.217 209.432 199.333 186.416 170.312 152.3 131.557 103.113 59.0444 32.5283 30.1888 23.6784 25.6921 13.5556 9.85097 10.3285 2.07029 0.993292 0.925983 1.09175 0.656723 1.18747 1.2895 1.13222 1.00439 1.61554 1.39024 
-0.972451 -0.58132 -0.491911 -0.0777834 0.0286389 0.65848 1.22976 1.84913 3.20363 35.3196 81.0162 110.061 132.614 151.791 166.048 176.347 186.158 194.678 200.762 170.156 133.956 122.466 114.14 107.928 103.349 102.02 99.3522 100.433 100.248 100.935 103.881 106.859 117.487 131.193 153.966 181.219 199.909 193.453 182.859 172.686 158.945 140.223 118.376 90.0628 52.4053 4.35734 6.15381 5.06033 4.61753 4.47247 4.59639 3.17005 20.89 1.24163 1.23984 1.04324 1.58155 1.3609 0.974388 1.15996 0.861644 1.20716 0.887407 1.35385 
-0.844468 -0.973552 -0.368789 -0.312535 -0.323828 -0.2981 0.414421 1.35682 2.66741 33.5302 80.5881 107.793 132.716 151.432 164.113 175.499 185.403 189.58 178.141 153.637 125.901 115.3 107.43 102.533 99.0478 96.3819 95.0116 95.3312 96.9207 95.7156 97.4646 100.894 110.886 119.309 134.731 176.4 197.355 190.787 180.519 168.548 155.839 135.759 114.566 85.6376 46.8135 4.06683 4.74751 4.35208 3.879 3.57187 3.35576 11.779 5.58915 0.826553 1.84722 1.21615 0.895822 1.19266 1.13559 1.45534 1.51645 1.28551 1.19521 1.47251 
-1.1297 -0.751974 -0.972479 -0.307675 -0.12582 -0.59643 0.160464 1.63095 1.92916 31.8255 77.017 107.649 131.56 149.415 161.935 174.091 182.642 168.611 165.932 145.706 121.958 111.923 105.168 100.284 96.6582 94.7461 92.6851 92.2013 92.5065 94.0031 94.967 98.287 108.095 115.294 126.889 159.482 192.522 188.534 180.054 166.618 152.7 134.808 111.949 82.3833 39.9885 4.18099 4.20921 3.83597 3.25418 3.22037 2.71511 20.2943 -0.0340775 1.38036 1.11788 1.15134 0.93133 1.26426 1.03416 1.26366 1.46299 1.33587 1.03566 1.11311 
0.247842 -0.0791866 -0.401963 -0.558068 0.0614914 -0.352828 0.216596 0.576528 1.26373 31.0603 75.371 106.363 128.567 148.255 161.817 171.482 169.5 157.765 159.354 142.065 118.136 108.837 102.618 99.428 95.171 92.6862 91.1173 90.497 90.298 91.7242 92.4004 95.9867 105.898 112.625 124.293 157.212 177.437 189.004 176.316 164.894 149.33 132.609 109.445 80.4166 35.8183 3.61394 3.68118 3.30495 2.60273 3.59953 3.24552 14.4112 1.19372 1.38394 1.46512 0.91606 1.08413 0.709138 1.2265 1.01183 0.813407 1.00564 1.35389 0.951407 
-0.569107 -0.764435 -0.827762 -0.135263 -0.4311 -1.17209 -0.249201 0.0737331 0.614673 29.7049 73.9117 105.966 127.875 147.059 160.845 172.787 156.314 151.096 154.453 140.063 116.95 107.709 101.59 97.4145 94.2344 91.3843 90.7808 89.3565 89.316 90.4776 92.0657 95.5308 104.634 111.985 122.051 149.954 169.4 180.445 176.583 163.326 148.483 131.245 107.405 77.3881 30.725 3.88788 3.79999 2.40704 2.2876 2.96928 1.93145 14.3504 2.83736 1.94118 0.926967 0.960532 0.612712 1.33493 1.21216 1.01171 1.00935 0.930446 1.42057 1.36015 
-0.378722 -0.427368 -0.516239 0.180308 -0.587113 -0.777541 -0.442535 0.385435 1.06322 29.9655 73.9473 104.965 128.303 146.96 159.634 171.872 150.357 145.572 151.6 137.574 115.294 106.804 100.508 96.5495 92.6252 90.7643 89.1076 89.2211 89.2571 89.5837 91.8991 95.5054 103.977 110.955 121.138 152.002 164.726 175.997 175.75 162.604 147.938 128.909 106.612 75.396 28.1216 4.0247 3.16157 2.09138 2.4943 3.31489 3.09184 15.6032 4.08878 1.58251 1.34497 1.82405 1.36113 0.740254 1.35663 0.736938 1.34731 1.00082 0.91674 1.25948 
0.231116 0.819984 -0.0726513 0.590207 -0.15446 -0.168974 -0.292324 0.748307 1.47197 31.2352 73.2556 104.48 127.282 146.89 160.138 171.523 149.154 142.808 148.843 137.664 115.61 107.223 100.089 96.2618 93.4384 89.9792 89.9823 89.8628 89.6975 90.5709 92.2078 95.5766 104.182 111.092 122.22 152.627 162.738 175.3 173.162 160.376 147.797 128.157 104.652 74.1999 25.7642 4.78554 2.37729 2.01355 2.81018 3.65763 16.9486 4.25924 3.4639 1.94381 1.39572 1.43505 0.944968 0.829502 1.0431 1.62075 0.879843 1.09584 1.23874 0.778417 
0.276034 0.362324 -0.00188762 -0.0143216 0.303784 0.00201539 0.474129 1.22147 1.44753 28.2495 71.9662 101.917 125.957 145.177 158.167 172.089 149.781 141.343 147.878 138.939 115.137 107.013 100.498 97.4452 93.4062 90.8531 90.4721 89.5445 90.3687 90.2602 92.5871 95.2974 104.335 110.792 120.923 150.848 162.231 176.458 173.876 161.663 148.27 129.791 105.187 75.6064 28.0983 5.36775 2.70403 1.98848 2.74233 3.74124 18.2317 1.45646 3.9104 3.5689 1.63771 1.22409 1.5482 1.23856 0.935109 0.65571 1.47892 0.686908 1.2846 1.59186 
0.684817 1.10329 0.5827 0.136762 0.289108 0.691692 0.133598 0.761704 1.6726 26.2239 70.6883 101.627 125.325 145.977 157.784 170.369 156.881 141.077 146.541 140.996 117.313 106.986 102 97.2226 93.5711 91.3054 91.4624 90.4654 89.427 91.7725 93.0247 95.6423 103.94 111.521 122.615 149.626 162.535 179.214 173.429 161.717 148.06 128.395 105.219 75.6663 27.0444 5.64535 2.62064 2.81668 2.97617 4.44752 16.5638 1.76614 3.11569 3.56883 3.40384 1.19744 1.60244 1.22578 0.550323 0.965962 1.05862 1.06179 1.56 0.918038 
-0.161258 0.262556 0.714154 -0.327402 -0.0393539 0.114708 0.18899 0.866074 1.50992 26.8368 71.9138 101.537 125.629 144.503 159.597 170.367 162.897 142.012 147.632 141.03 117.928 108.465 101.766 97.9609 94.5781 93.0576 91.5943 90.97 91.1925 92.5442 93.7965 95.9672 106.114 112.91 123.333 152.329 165.741 183.494 172.043 160.431 147.53 128.083 103.901 74.0527 25.9431 4.61231 2.56945 2.7308 2.9481 3.36285 13.9059 3.80541 2.59027 2.45897 3.02471 3.39123 0.862578 1.16854 1.26226 0.894699 1.23193 1.5793 0.876257 1.36771 
0.0582168 0.869638 0.653095 0.158489 0.00220352 -0.370387 0.1855 0.933493 0.912555 27.9271 73.0511 102.204 125.069 144.804 159.829 170.369 167.565 144.01 149.197 141.352 118.556 108.532 101.888 98.2098 95.6335 92.8358 92.7101 91.1656 92.2544 92.7987 94.8063 97.487 106.989 114.982 126.062 156.527 176.015 182.801 172.725 160.597 145.995 127.492 102.781 72.7559 24.0027 4.5553 2.49762 2.74887 3.31001 3.80979 12.3632 3.97811 2.85527 2.8441 2.91586 2.93122 2.28604 1.24668 1.0845 1.58621 1.54745 1.10864 1.18353 1.40367 
0.264205 0.0883977 0.0533221 0.245127 -0.123023 -0.165677 0.29515 0.63314 0.922332 29.2743 72.8839 102.423 125.933 145.738 159.493 170.953 175.796 148.652 154.846 142.643 120.048 109.678 103.651 98.8511 96.8432 93.8121 92.8599 92.3149 92.422 93.8014 96.0309 97.5566 108.63 117.171 127.375 160.367 184.275 183.036 173.037 159.126 146.178 126.617 102.565 71.3661 21.8522 3.71734 2.17967 2.74621 3.04844 3.39885 10.4629 2.97725 2.15411 2.54513 2.7218 2.77984 2.45482 2.29013 1.29571 1.54183 0.925542 0.748368 1.06174 1.55383 
0.00670603 -0.171813 -0.114627 0.246896 0.207713 0.128618 -0.309278 1.34213 0.475508 30.5701 73.8779 102.099 126.362 144.45 159.585 170.801 183.156 155.559 159.834 142.921 120.751 111.794 104.601 100.313 97.8049 95.0503 93.9319 93.5702 93.6024 95.3007 97.2335 100.309 111.745 119.867 133.148 170.876 191.474 183.249 172.527 159.842 146.384 126.292 102.058 70.5375 20.2018 4.05022 2.83516 2.32518 2.7971 4.03545 8.45004 2.92315 3.11763 2.41616 2.592 3.30178 3.07015 2.83246 1.65656 1.21807 1.03504 1.01683 1.0282 1.09443 
-0.66224 0.174289 0.433831 -0.550768 -0.329247 -0.23427 0.309519 0.383949 0.177029 31.9727 74.3997 102.352 125.514 145.68 160.248 171.036 180.915 173.34 165.872 144.784 123.534 112.901 106.37 102.086 99.2224 96.2943 95.4776 95.2182 95.3675 96.9051 98.3615 102.717 114.642 126.632 140.106 186.215 190.281 183.367 170.873 158.919 144.974 124.325 100.066 68.941 18.8029 3.32781 2.2775 2.45178 3.19093 6.92821 3.67106 2.89972 2.30465 2.83847 2.85982 2.71531 2.62842 2.60119 2.5615 1.4893 0.942338 1.45285 1.65385 1.25353 
0.00299839 0.0026178 -0.0559033 -0.204345 -0.0626448 -0.128042 0.189056 0.0773725 -0.657668 33.679 75.1417 102.962 126.766 145.764 162.11 171.431 181.381 188.937 177.918 147.795 127.166 116.487 109.032 105.312 102.034 98.7568 98.0885 97.8017 98.0057 100.583 102.939 107.43 121.135 133.993 153.035 187.793 190.007 181.447 171.805 159.213 144.634 124.073 99.3426 67.9025 17.4701 3.99368 2.45582 2.49319 3.14947 6.50358 3.56465 2.88575 2.48914 2.52693 2.69397 2.1507 2.23495 2.27495 2.27273 0.978426 1.38852 1.01248 1.38437 1.09056 
-0.415472 0.0939304 -1.2357 -0.115372 -0.126788 -0.326127 -0.521385 0.674161 -0.210395 34.9233 76.3719 104.558 127.527 146.14 162.101 170.924 182.112 189.77 197.793 157.408 134.088 122.284 114.241 109.526 106.943 103.09 103.935 102.832 103.175 105.807 111.033 116.237 135.172 142.871 155.024 188.43 189.159 181.687 169.033 157.445 141.938 121.988 98.8295 66.4556 15.7482 3.27051 2.29215 2.09832 2.8185 6.79441 4.24709 2.1702 1.59851 1.29758 1.80761 2.39535 1.46991 1.75776 1.47098 1.39663 0.0955253 0.289949 0.107935 0.465209 
2.06183 3.24526 2.39358 1.86349 2.27986 1.67014 2.5777 2.99398 0.800829 42.095 79.882 108.996 131.539 150.112 165.423 176.532 187.172 194.073 204.832 166.428 148.862 136.887 128.163 125.31 121.484 119.112 116.663 115.743 116.105 118.628 119.558 123.732 127.152 135.377 150.007 184.739 183.499 174.33 164.016 152.069 136.949 116.376 91.983 59.6767 10.5737 0.0436585 -0.56458 -1.14489 -0.26231 2.22138 -0.27176 -1.30513 -0.873097 -0.727625 -1.10959 -1.34339 -1.17118 -1.39289 -1.04612 -1.42325 -1.51078 -2.44284 -2.02631 -2.10453 
3.11976 2.5502 2.32609 2.25889 1.90571 1.85194 2.63475 3.30635 1.52037 43.0656 82.9464 108.495 133.388 150.992 167.022 177.302 186.468 196.228 207.143 165.586 148.705 137.32 129.421 125.207 121.529 119.432 117.51 116.918 116.629 120.043 120.824 125.532 126.733 135.259 150.786 185.004 183.784 175.477 163.518 151.85 136.347 115.85 91.4926 58.1096 9.92511 0.203463 -0.705901 -0.883403 0.629784 1.086 -0.724814 -1.29281 -1.08431 -1.33318 -1.01653 -0.93223 -0.777303 -1.29215 -1.49306 -1.49335 -1.3731 -2.37491 -1.9488 -2.48222 
2.51763 2.96982 2.23098 2.43502 2.29602 2.29579 3.32806 3.67822 1.53031 45.6544 83.0487 110.54 133.915 152.732 168.003 178.028 187.57 196.261 204.834 164.718 149.363 139.008 130.472 125.3 122.082 118.422 117.686 116.975 117.736 118.66 121.607 125.092 128.132 137.784 151.376 187.495 183.838 174.9 162.918 151.679 135.201 116.105 91.338 57.183 9.99923 -0.804761 -0.882861 -0.961299 0.130395 -0.218705 -1.13561 -0.602813 -1.301 -0.354279 -1.19344 -1.44321 -1.33378 -1.34648 -1.72422 -1.0363 -2.15282 -2.3554 -2.69801 -2.25386 
2.95014 2.80012 3.01931 2.77619 1.81749 2.5389 2.47545 2.63679 2.49374 45.2505 83.8657 111.232 134.196 152.275 168.148 178.985 187.798 195.96 205.842 165.062 149.243 137.886 130.4 125.532 121.534 118.987 118.007 116.454 117.618 119.168 120.825 125.42 129.13 137.627 152.78 188.701 183.847 175.249 162.917 151.014 136.501 114.607 89.7623 55.8675 9.84603 0.0611884 -0.962186 -0.882672 0.466307 -0.580117 -1.15861 -1.23501 -1.28598 -1.7488 -0.392673 -1.58291 -1.52596 -1.93423 -2.71871 -1.77923 -1.81215 -2.36163 -3.16625 -1.91273 
2.8889 2.6278 2.15589 1.98062 1.24917 2.51361 2.2004 3.41079 2.668 47.8178 84.4902 112.436 135.711 152.56 166.663 177.893 188.183 197.29 203.429 166.121 147.966 137.363 130.146 125.089 121.54 118.465 117.959 116.677 117.974 120.393 122.6 126.542 127.97 137.322 153.073 189.336 183.01 174.326 163.122 151.415 135.855 114.927 89.6259 54.7862 9.09105 -0.761913 -0.804105 -0.394777 0.139295 -0.753731 -0.806397 -0.534127 -1.52881 -0.942404 -0.143306 -1.68685 -0.969815 -1.68541 -1.07041 -1.57627 -2.2883 -2.28014 -2.21757 -2.76693 
2.33194 2.77112 2.02394 2.10286 1.79102 3.31011 -6.89763 4.39687 3.03652 49.0226 85.9992 113.855 134.856 154.382 167.406 177.783 188.713 197.006 203.399 165.37 148.328 137.282 130.302 124.375 123.328 118.926 118.102 117.718 117.736 119.645 122.7 125.413 128.612 137.529 162.502 190.666 183.422 175.339 162.875 150.061 134.67 113.52 89.1114 54.0506 8.31428 -0.378579 -0.747958 -0.335814 -0.786971 -0.600849 -1.3042 -1.17481 -1.23507 -1.1152 -0.0520945 -0.492953 -1.76492 -1.36397 -2.20814 -2.27633 -1.84018 -2.98621 -2.4523 -2.68369 
2.64406 1.58019 2.29071 2.65917 2.2997 2.08379 -17.7512 4.69009 3.84435 51.2296 87.4829 114.056 137.022 155.655 167.964 178.787 189.933 197.86 205.315 163.618 147.114 137.729 130.107 125.809 121.535 119.743 118.717 118.097 117.663 119.906 122.711 126.02 129.597 139.083 153.354 193.28 183.684 174.425 162.02 150.811 134.595 113.938 87.872 53.3354 7.4168 0.394982 -1.50966 -1.40955 -0.503742 -1.13392 -0.88321 -0.979533 -1.74506 -1.30915 0.246565 0.188686 -0.891227 -1.0779 -1.29399 -1.80288 -2.84935 -2.86098 -2.08433 -2.12579 
2.18874 2.72622 2.54872 2.76387 2.34215 2.45422 2.19425 3.52053 5.27875 52.9989 87.7198 115.937 137.933 155.778 168.873 184.23 190.105 196.928 202.732 163.062 148.285 137.61 130.965 124.883 122.845 119.521 119.521 119.137 118.787 120.62 123.168 127.014 129.365 139.837 153.95 194.542 183.804 174.148 162.806 150.539 133.649 114.915 88.5318 53.3542 6.93037 0.488528 -1.08469 -1.19125 -1.26472 -1.46714 -1.32865 0.0762251 -1.16581 -0.912315 -0.53686 1.36658 -1.31088 -1.57796 -1.33339 -2.40978 -2.42258 -2.20689 -2.39502 -2.10265 
2.87569 2.29159 2.50974 2.77519 2.72264 2.02173 3.09049 3.78209 4.20832 53.9209 88.961 115.203 137.924 155.086 168.317 181.053 189.414 197.756 203.142 164.098 147.906 137.014 130.831 125.765 122.843 120.743 119.326 119.551 119.76 119.986 123.127 127.711 130.184 139.942 155.519 192.852 186.075 175.141 163.801 151.315 135.896 115.595 89.9264 56.0976 8.94689 0.792642 -1.09912 -0.482519 -0.920728 -1.2548 -0.730663 -0.68278 0.0132583 -1.55559 -1.64268 3.47583 -1.20121 -1.18703 -1.16157 -1.79781 -2.77671 -2.30112 -2.47143 -2.26113 
3.6187 3.27976 2.64193 3.04516 3.19573 3.14488 4.57775 5.37657 3.59844 50.9013 87.1325 114.652 136.764 155.36 167.949 180.915 190.063 198.239 204.162 164.836 149.003 139.232 131.224 125.991 122.927 120.655 119.798 119.529 118.854 121.403 123.706 127.382 130.002 139.207 155.374 192.818 184.922 176.406 164.329 151.614 137.748 117.862 92.1076 58.4445 11.2384 0.57174 0.277779 -1.45907 -0.757748 -0.988791 -0.861917 -1.14327 -0.518836 -0.953936 -1.01955 3.00342 1.88715 -1.50231 -2.00502 -2.01657 -2.51691 -2.23616 -2.289 -2.10423 
2.34302 3.4244 3.34946 3.74143 3.1884 3.95731 4.07521 5.37748 5.90788 51.542 89.7474 116.161 137.921 155.431 169.553 180.53 190.848 199.152 203.782 165.067 148.094 138.383 130.483 127.477 122.811 121.698 121.016 120.287 120.722 121.33 124.035 127.083 130.424 139.343 156.473 192.958 185.661 177.355 165.703 153.199 137.646 117.836 92.0611 58.9796 10.1864 1.60267 0.19982 -0.290101 -0.682542 -0.877756 -0.942745 -1.30359 -0.944451 -0.933464 0.135194 3.10128 3.98248 -2.43864 -2.57483 -2.72114 -2.63113 -2.26 -2.29513 -2.35922 
3.32276 3.13629 3.40393 3.30574 3.94276 4.79569 5.41725 6.36891 7.67307 56.6819 90.9233 117.198 139.43 156.507 169.968 183.14 190.84 199.981 200.69 164.975 146.818 138.23 130.422 126.779 123.819 121.291 119.824 119.046 120.434 120.728 123.099 128.314 131.088 139.777 155.228 193.231 186.757 177.08 165.236 151.797 137.453 118.212 92.5022 58.5687 11.7259 1.76287 0.911749 0.204804 -0.576536 -0.129805 -0.994165 -0.349892 -0.418079 -0.337558 -0.645277 4.92451 11.4653 0.0805565 -2.63697 -3.01541 -2.20988 -2.20615 -2.83407 -3.04718 
4.53093 4.26407 3.37735 4.52601 4.21961 5.85528 6.62049 5.64395 31.5653 79.0843 108.14 130.731 151.343 162.412 174.372 186.688 194.813 202.537 202.938 165.216 149.877 139.974 133.143 129.246 125.99 122.81 121.717 121.138 121.369 123.069 125.471 128.522 131.899 141.334 156.259 194.444 186.027 177.16 166.34 151.735 137.679 117.703 93.4489 58.5767 11.8184 2.29974 1.65012 0.829306 0.18037 -0.236448 -0.778615 -0.378747 -0.375259 0.999357 3.036 4.30473 8.34924 -0.982213 -3.02435 -2.32644 -2.12402 -2.384 -2.08523 -2.10421 
13.1265 15.5804 15.6782 17.2936 17.2466 15.0537 19.9173 48.6407 90.168 126.655 149.781 169.478 185.544 198.707 208.65 219.898 226.267 233.939 234 194.074 176.332 164.632 159.201 155.354 152.185 149.834 145.975 146.462 145.65 146.102 146.139 152.066 152.738 161.878 179.237 217.618 206.536 195.973 183.502 163.922 147.738 130.542 104.713 75.6687 26.4713 1.65315 3.30789 1.67855 1.1596 1.09636 1.54227 2.69106 5.56587 7.04435 7.29783 5.6836 -1.00713 -1.92119 -1.82006 -2.3923 -2.40589 -2.20064 -2.63149 -2.2557 
15.2298 17.9204 21.1763 23.5784 26.1216 29.0213 69.2275 109.794 135.019 157.277 176.708 193.63 209.919 220.498 230.722 240.358 246.385 253.166 249.559 210.272 193.5 184.176 174.254 170.376 166.432 163.628 161.273 163.128 161.395 162.898 165.877 170.734 175.278 185.789 203.2 243.764 234.695 226.601 219.008 209.724 201.36 186.031 168.263 140.754 108.748 70.7322 34.2322 12.1596 12.0579 12.4229 12.2792 11.3759 9.95883 8.62539 4.79896 -2.55623 -1.7888 -2.02705 -1.79255 -2.50072 -2.20148 -2.86582 -2.93889 -2.73172 
5.4675 9.69057 15.9376 21.9362 29.104 47.1215 95.4085 123.04 147.644 168.278 187.931 201.95 216.748 228.483 237.995 246.269 253.63 259.471 254.41 214.959 197.895 187.304 180.107 173.955 171.146 168.862 166.108 167.426 166.175 168.045 170.676 175.55 181.223 191.575 208.463 252.26 242.396 232.778 226.595 213.559 203.235 190.62 173.105 154.291 129.169 99.5441 85.0378 53.7269 17.3947 17.3753 14.142 10.3381 7.55277 1.07544 -2.26718 -1.87055 -1.70787 -2.0563 -1.78499 -2.28511 -1.84898 -2.49732 -2.38156 -2.62196 
1.78088 1.2205 2.24858 19.335 30.9939 67.367 101.042 125.466 148.914 168.64 187.312 203.595 216.388 228.118 239.472 245.345 251.127 257.713 251.837 210.892 196.754 185.96 177.101 171.443 166.884 164.243 163.741 164.497 163.731 166.566 170.644 174.983 179.947 192.331 209.727 254.231 241.855 236.149 228.063 217.809 208.371 196.481 179.061 161.143 140.892 115.565 89.1142 78.2016 25.181 18.8818 9.51772 3.19099 -0.932045 -1.81747 -1.57454 -2.58129 -2.05969 -2.39128 -1.86445 -2.51377 -2.30188 -2.07951 -2.48389 -2.13029 
1.79415 0.919279 1.32083 4.88091 30.4352 62.0915 89.4129 115.672 137.646 159.733 180.689 196.017 208.808 220.383 231.06 238.577 246.01 251.677 244.073 204.721 190.078 178.268 172.011 166.327 161.74 159.107 157.108 158.34 159.577 162.677 164.553 169.746 175.028 186.702 208.237 246.86 239.049 233.183 222.853 215.738 204.665 191.855 175.888 159.755 141.464 124.215 94.2096 82.9334 34.0191 12.8894 -0.462737 -2.18841 -1.74229 -1.81745 -1.12215 -2.15658 -1.90612 -1.73619 -2.20953 -2.49004 -2.10215 -2.23103 -2.58638 -2.04961 
1.74565 1.47922 1.39062 0.416808 21.3685 43.1856 64.9888 93.213 119.905 141.413 163.565 180.771 196.115 207.797 216.235 226.046 232.546 239.936 235.382 197.622 179.848 169.519 163.614 156.966 153.556 150.612 151.152 150.617 151.44 152.901 158.439 162.928 167.718 179.53 206.247 235.557 226.796 222.279 214.548 206.652 194.426 182.564 166.267 149.861 132.748 115.88 99.6132 83.7973 33.3609 -0.752728 -0.849397 -1.54345 -2.40735 -1.76252 -1.88868 -2.41919 -2.44974 -2.12166 -2.16463 -2.25082 -2.26542 -1.74086 -2.14845 -2.42374 
0.902441 1.80082 0.713732 1.79303 2.71671 4.20758 18.9094 49.5217 88.2539 116.948 139.765 161.215 175.473 190.307 196.792 208.103 218.028 224.925 220.948 182.911 165.594 158.06 151.942 145.798 142.589 141.663 140.967 141.177 142.199 145.197 149.027 155.117 159.507 171.793 200.539 223.11 217.994 211.01 201.008 195.748 182.141 168.314 152.682 134.644 117.811 100.525 84.9053 66.8845 12.1276 -0.825916 -1.61651 -1.98493 -1.69758 -2.17341 -1.74688 -2.31639 -2.73822 -2.2272 -2.1029 -2.01909 -2.69724 -2.54438 -2.10712 -2.46278 
0.774761 1.38947 1.08726 0.708157 1.84886 3.22385 4.07155 3.02349 65.3932 97.0472 125.619 147.631 164.901 180.175 184.368 196.817 208.113 214.923 210.969 173.788 158.386 150.074 143.494 139.269 135.178 134.296 134.398 133.71 134.574 136.123 141.02 145.269 149.302 160.845 190.313 210.672 206.025 198.156 187.397 177.331 166.884 150.169 133.038 113.016 92.9935 74.2978 48.0275 15.715 -0.722082 -0.0896492 -2.04756 -1.61916 -1.23795 -1.78338 -2.69573 -1.82875 -2.33906 -2.61281 -1.61672 -1.29384 -2.12134 -2.03317 -2.1279 -2.45425 
-0.137214 1.02043 1.87105 1.74915 2.32526 3.39584 3.98919 5.32714 64.3061 97.4497 125.259 150.095 165.656 180.77 186.07 198.412 208.152 213.95 208.903 172.029 158.113 148.299 141.698 138.32 136.685 133.837 133.933 132.788 135.654 135.539 139.921 144.973 147.86 159.888 188.133 208.465 199.828 193.226 183.146 168.984 157.015 139.217 117.107 89.6427 53.8219 4.12175 -1.41087 -0.385854 -0.351558 -1.55945 -2.05216 -1.73774 -1.77245 -2.10797 -2.63916 -1.61461 -2.55985 -1.86682 -2.48811 -2.50927 -2.32696 -1.65338 -1.81357 -1.82295 
1.50494 0.550893 0.953899 1.07735 1.33532 2.68796 3.24591 4.55402 61.6069 99.4153 125.492 147.932 163.653 183.021 183.465 196.578 206.403 212.575 204.417 168.905 157.408 147.668 142.073 136.841 134.488 131.958 131.769 132.572 132.965 135.255 139.591 143.108 146.25 159.118 188.44 205.55 198.712 192.567 180.603 166.793 156.747 138.337 115.678 87.836 50.3205 -1.61028 1.08765 -0.239997 -1.09725 -0.948299 -1.39475 -1.85721 -2.60373 -1.76058 -1.56198 -2.49004 -2.61776 -2.00497 -2.01508 -2.12171 -2.34832 -2.5095 -2.26048 -1.57894 
2.54699 1.79426 0.452142 0.765042 1.31538 1.66272 3.45721 6.63085 63.7342 99.0457 126.668 146.736 164.692 184.997 180.07 196.996 205.508 212.37 202.745 169.463 155.579 148.829 141.085 136.237 133.046 131.98 131.178 130.906 132.446 136.194 138.861 143.218 147.33 159.325 189.429 206.403 199.015 191.249 181.908 168.264 155.76 137.398 115.894 86.803 48.2794 -1.05454 -0.0524338 -1.06393 -0.862864 -1.89929 -1.47836 -1.77318 -2.22242 -2.35614 -2.12738 -1.84559 -2.08868 -2.2622 -2.67102 -2.46911 -2.30591 -2.22982 -2.25378 -2.18944 
1.61433 1.17959 0.66709 0.505544 1.22236 2.03227 2.24104 8.56767 64.5249 100.095 126.461 147.758 166.421 182.666 183.48 196.371 210.145 211.75 198.994 167.527 154.033 146.408 140.223 135.312 133.114 131.89 130.469 130.76 132.573 134.475 138.425 142.086 147.51 159.271 188.735 205.763 198.54 189.676 180.506 167.189 155.525 135.712 113.897 86.6991 46.9573 -1.04968 -0.176147 -0.728485 -1.35848 -1.7092 -1.55607 -2.18944 -2.20015 -2.26016 -1.95012 -1.67801 -2.62864 -1.93461 -2.54119 -2.52304 -2.44585 -2.36202 -2.10073 -2.27028 
0.738381 0.861345 0.66402 1.82212 1.62816 2.1328 1.97715 7.37363 65.3283 99.4319 125.295 147.442 165.263 180.217 182.653 195.844 205.663 212.503 197.045 167.705 154.425 146.677 139.483 134.936 132.926 130.985 132.071 129.485 131.119 133.663 136.627 140.622 145.738 157.843 188.058 205.79 198.341 189.243 180.905 167.353 155.182 136.525 113.863 86.8333 47.1088 -2.36302 -0.415115 -2.06886 -1.69753 -1.82497 -2.45976 -1.79116 -1.71508 -2.17702 -2.06996 -2.23565 -1.93706 -1.97236 -2.33484 -1.96123 -2.35231 -3.53771 -2.52267 -1.96811 
0.595388 1.02666 0.530789 0.822622 0.140715 1.5495 2.67996 4.77859 61.7956 97.2117 123.319 146.427 165.636 184.221 180.315 196.204 204.159 211.522 198.229 166.262 155.439 147.113 140.034 135.382 132.569 131.141 130.691 130.085 130.75 132.215 137.616 140.912 144.77 155.101 184.368 206.228 198.49 188.771 179.481 166.973 155.237 138.835 115.941 88.0625 53.2115 -1.62381 -1.30333 -1.96782 -2.01177 -2.33175 -1.79715 -2.32484 -1.86269 -2.13624 -1.85163 -1.87881 -2.01781 -1.57578 -2.15615 -1.99257 -2.35685 -2.0488 -2.27658 -2.11655 
1.77508 0.549055 0.572843 -0.0210134 1.47539 2.59617 2.57596 6.38896 64.1801 96.6942 123.668 145.657 164.158 178.163 182.344 194.847 204.742 212.509 197.881 166.874 155.153 146.999 139.849 133.629 132.623 131.793 130.428 129.405 130.255 133.252 136.7 140.208 144.666 157.052 184.608 205.839 197.589 190.632 180.519 167.541 155.807 138.225 114.872 87.0348 50.9964 -3.23962 -1.21246 -1.816 -1.8566 -2.09222 -2.10629 -2.02667 -1.92316 -2.47229 -2.20053 -2.50903 -2.18993 -2.15149 -1.88894 -2.00811 -2.53765 -1.52125 -1.97053 -2.37566 
1.13358 0.965672 0.600641 0.229041 1.04261 2.33914 2.61363 6.17185 64.8807 98.9435 125.717 148.51 166.506 179.538 185.475 197.375 205.926 211.171 194.913 165.494 153.842 146.482 137.802 134.45 131.161 129.826 128.687 129.496 130.602 132.863 136.428 140.359 144.717 155.646 183.436 204.338 195.397 186.665 177.846 168.498 155.164 136.469 114.517 86.9157 50.0815 -2.73404 -0.768473 -1.56706 -1.86015 -2.39768 -1.81686 -2.06898 -1.93978 -1.85381 -1.71757 -1.42412 -1.91923 -1.92131 -1.77805 -2.33537 -2.13383 -1.74949 -2.24452 -2.29322 
0.449918 1.22894 0.760651 0.446575 0.565419 2.76576 2.5869 8.44874 65.9793 99.9114 126.645 149.877 166.296 179.263 186.074 196.151 205.278 209.512 191.739 165.63 153.072 145.418 139.467 135.775 131.419 130.996 129.026 129.725 129.645 132.292 136.057 139.631 147.921 167.585 183.13 203.623 196.505 187.481 178.121 165.582 154.669 136.833 114.1 85.5026 46.6867 -3.33258 -1.43756 -1.51339 -1.51463 -2.38063 -2.00355 -2.40479 -2.17539 -2.51721 -1.90788 -1.96451 -2.11864 -1.99166 -2.41095 -2.01119 -2.11795 -1.91891 -1.81191 -2.53387 
1.28833 1.42414 1.27144 1.56634 1.83559 1.84397 2.75685 10.8933 67.4178 101.312 127.544 150.495 167.61 177.771 186.918 196.64 205.228 209.141 194.543 165.017 152.871 144.794 138.002 134.309 131.95 130.699 129.173 129.368 130.827 131.833 136.238 139.911 145.958 156.278 183.195 204.932 196.822 187.472 179.521 163.858 156.102 136.689 114.141 86.121 45.4796 -2.18665 -1.02567 -1.26781 -1.3647 -1.56575 -2.27511 -2.07648 -2.03497 -1.91229 -1.79376 -1.97464 -2.72918 -2.15106 -1.77775 -2.23082 -2.0201 -2.18733 -2.27149 -1.84896 
0.636203 1.46872 1.6523 1.38838 2.87684 3.36093 3.5125 12.1328 69.4993 102.253 128.919 150.445 168.33 177.139 189.384 196.791 205.835 213.04 188.366 164.912 151.16 144.061 137.645 134.187 131.754 129.485 128.313 129.492 130.829 132.379 135.405 140.121 145.49 157.463 184.171 203.28 196.958 187.376 178.612 164.331 155.139 136.813 115.194 86.0463 43.7506 -1.06378 0.12602 -0.729882 -1.01438 -1.00797 -1.58699 -1.84523 -1.51947 -1.64689 -2.14493 -2.41762 -1.79683 -2.22565 -1.82668 -2.23826 -1.85425 -0.944017 -1.69735 -2.15821 
