-0.379887 -0.0311863 -0.678907 -0.516799 -0.212538 -0.143691 -0.206671 -0.0214832 -0.102478 -0.400043 -0.224592 -0.0416092 -0.247091 -0.23622 -0.475716 -0.267638 -0.0393989 0.567383 1.082 33.6706 80.8658 110.736 134.133 154.203 173.804 170.504 187.401 194.837 201.542 186.909 159.636 145.888 137.887 132.794 130.429 126.802 128.55 127.982 128.727 129.475 131.647 137.644 142.154 151.281 163.898 199.922 210.664 203.485 194.675 175.472 172.954 165.93 147.476 127.231 100.132 67.2737 10.6559 0.971942 -0.241772 -0.521485 -0.325848 -0.557045 -0.372308 -0.285052 
-0.737144 -0.472136 -0.144329 -0.384523 -0.426997 -0.646464 -0.639457 -0.443056 -0.395819 -0.427204 -0.672283 -0.305038 -0.505838 -0.42079 -0.378964 -0.387711 0.0371875 0.712693 1.27677 32.2191 80.0082 110.305 134.443 153.901 173.427 169.738 187.547 196.658 202.922 186.884 158.759 145.645 138.24 133.602 129.603 127.718 129.339 127.781 127.849 130.277 132.53 136.182 144.196 151.396 163.978 198.773 211.204 202.107 195.087 174.932 173.432 163.996 148.013 126.309 99.8995 67.5633 10.9006 1.17159 -0.188037 -0.487623 -0.4918 -0.244623 -0.352829 -0.540613 
-0.144019 -0.857211 -0.512222 -0.404537 -0.13077 -0.318754 -0.200832 -0.294081 -0.207272 0.0125344 -0.507747 -0.288558 -0.475861 0.030164 -0.449947 -0.628702 0.214321 0.404005 1.68689 32.5141 81.418 110.567 135.001 152.665 171.79 171.903 188.965 195.705 204.135 188.489 159.972 146.47 138.091 132.137 129.462 127.583 128.165 127.838 128.285 129.236 132.236 137.385 143.449 151.459 164.979 200.54 211.166 204.606 198.219 177.143 172.815 165.111 148.657 127.843 101.1 68.2473 10.4827 0.975971 -0.108669 0.0269709 -0.494243 -0.139862 -0.484585 -0.199366 
-0.460545 -0.671211 -0.301521 -0.351718 -0.365498 -0.215524 -0.469594 -0.789798 -0.504523 -0.524952 -0.334348 -0.671352 -0.50936 -0.202163 -0.399949 -0.391597 -0.0645651 0.839178 1.40871 31.8606 79.624 109.356 134.188 153.497 172.224 169.835 187.498 195.111 200.441 188.691 160.092 146.982 138.823 134.905 132.715 131.181 132.142 129.921 129.022 131.373 133.428 137.301 144 152.367 164.575 200.146 210.093 204.898 194.518 177.846 174.601 165.499 148.311 126.698 100.53 68.4509 11.663 1.06239 0.0139129 -0.397856 -0.28282 -0.440799 -0.810853 -0.453609 
-0.333393 -0.409748 -0.347916 0.137262 -0.911148 -0.046765 -0.764268 0.109565 -0.433148 -0.566662 0.0921512 -0.4338 -0.314607 -0.540029 -0.140502 -0.459364 0.0296887 0.669119 1.61828 30.2736 79.9998 110.153 134.426 153.96 171.911 171.502 187.627 195.642 204.424 191.909 161.887 147.197 138.688 135.138 131.539 129.95 128.19 130.45 129.984 130.295 133.7 138.479 145.045 152.21 165.817 199.942 211.095 205.331 195.553 178.296 176.066 165.368 148.058 127.405 102.173 69.0753 11.4829 1.77531 0.433328 0.19926 -0.373022 -0.0192256 -0.127448 -0.400955 
-0.33224 -0.514707 -0.481837 -0.639451 -0.620031 -0.26134 -0.219722 -0.352824 0.146012 -0.503222 0.265745 -0.28241 -0.518399 -0.227475 -0.722229 -0.47412 0.214832 0.708607 1.45483 30.402 80.2843 110.217 134.524 153.766 171.459 173.724 188.152 196.858 203.531 192.845 161.71 147.086 140.384 135.5 133.146 132.627 130.287 130.211 130.274 131.219 134.854 140.108 145.867 153.944 167.311 201.134 214.727 205.376 196.559 180.948 175.386 167.031 149.387 129.182 103.177 69.8218 12.802 1.69894 0.46539 -0.172785 -0.479085 -0.327039 -0.304588 -0.463088 
-0.0789227 -0.367237 -0.82575 -0.427098 -0.540178 -0.219181 -0.403523 -0.239834 -0.456441 0.0182053 -0.208064 -0.374562 -0.47088 -0.1128 -0.394439 -0.242747 -0.0414762 1.12022 2.25134 26.1809 76.9285 107.011 131.678 152.447 169.16 176.287 187.701 197.665 204.307 198.389 165.241 152.008 141.97 137.097 132.579 130.467 129.466 130.063 130.961 132.539 135.08 139.078 145.26 153.13 166.196 196.485 215.898 208.298 199.889 185.585 177.025 170.169 152.323 133.338 107.828 75.0324 17.9131 2.17165 0.975766 0.163264 -0.21217 -0.278743 -0.421406 -0.313147 
-0.390567 -0.110963 -0.425969 -0.205124 -0.502096 -0.163262 -0.183128 0.0962129 -0.332915 -0.285368 0.0180697 -0.350773 -0.293292 -0.422278 0.149266 -0.756418 0.315121 1.31393 2.21951 22.1746 75.9663 106.826 132.075 152.278 168.107 177.455 188.658 197.581 204.41 202.365 167.38 152.601 142.645 138.651 133.935 132.213 131.179 132.405 132.551 133.299 136.281 140.484 145.788 153.946 166.1 196.16 215.865 207.632 200.719 189.297 175.998 170.224 152.752 133.578 108.506 77.4933 21.7703 2.22979 0.962951 0.255204 -0.42671 -0.128481 -0.0910407 0.135927 
0.0526374 -0.508751 -0.276906 -0.695531 -0.230712 -0.368255 -0.252968 -0.539829 -0.322208 -0.444306 0.0605966 -0.266136 -0.402838 -0.618376 0.146488 0.101669 0.513148 1.03611 2.29435 22.7516 76.7008 107.342 132.006 151.514 168.266 177.023 188.698 197.395 206.835 201.245 167.797 153.95 143.647 137.552 134.079 132.174 132.41 133.301 133.963 135.591 137.653 143.933 148.877 157.403 169.652 198.105 217.354 212.47 202.569 190.052 178.927 170.531 153.129 132.61 108.946 76.4208 20.2971 2.54569 0.904354 0.273661 -0.21095 -0.516812 -0.544528 -0.167095 
-0.448967 -0.645893 -0.0473722 -0.574807 -0.0221681 -0.123736 -0.184079 -0.231978 0.183527 -0.497145 -0.0676728 -0.159928 -0.274606 -0.743906 -0.395171 0.0995725 0.6027 1.50007 2.13491 17.349 73.6918 106.596 132.729 152.563 170.123 180.059 192.226 202.335 211.379 210.912 178.12 163.848 153.813 149.303 145.395 141.742 141.848 142.822 143.228 143.628 149.664 157.857 164.372 171.685 182.178 209.452 231.773 223.872 208.699 200.856 189.693 181.418 166.05 145.072 117.757 86.3386 36.9578 1.73696 1.29164 0.406678 0.168296 -0.448395 -0.577204 -0.326888 
-0.539471 -0.265173 -0.145712 -0.727885 -0.0871152 -0.71146 -0.300337 -0.228294 -0.735161 -0.475258 0.00647109 -0.382003 -0.424391 -0.132001 0.0612918 -0.13972 0.647253 1.41273 10.0563 66.2442 100.923 126.411 150.573 170.144 188.628 198.021 208.695 219.925 226.478 227.505 192.127 176.378 164.309 160.562 155.514 155.658 157.095 159.262 160.505 165.601 174.491 181.262 188.898 195.783 206.918 229.602 258.968 252.67 244.87 231.385 218.572 205.582 188.064 167.268 141.385 111.044 78.3648 23.1693 0.786401 0.322984 -0.0797942 0.00584095 -0.227482 -0.19032 
0.0389615 -0.12324 -0.593729 -0.323597 -0.607277 -0.31878 -0.127229 -0.548208 -0.350667 -0.122947 -0.173379 -0.294026 -0.100115 -0.36055 -0.174972 0.401281 0.298549 1.14169 31.3769 82.1956 111.288 137.581 159.227 179.872 194.333 207.058 219.002 231.139 242.165 240.405 208.515 198.249 190.589 187.23 186.037 185.493 183.697 182.524 183.081 187.146 192.867 200.644 209.549 216.886 224.03 239.663 277.687 265.924 259.008 250.233 236.735 224.073 208.377 189.551 166.956 139.697 107.322 64.3546 22.0332 -0.762487 -0.291842 -0.494785 -0.0483604 -0.294418 
-0.883324 -0.633453 -0.59733 -0.218698 -0.436278 -0.24881 -0.84359 -0.384081 -0.18786 -0.459466 -0.371795 0.177162 -0.527186 -0.379051 -0.263968 0.00263988 0.0906005 -2.07858 52.2536 92.6312 123.283 148.987 173.911 197.525 216.147 230.285 241.019 250.995 248.067 241.743 222.875 211.969 199.027 188.892 186.548 184.776 183.809 185.397 186.947 187.818 199.481 206.346 215.736 230.514 249.336 240.106 292.206 279.541 269.648 259.391 250.183 235.629 219.089 202.29 181.789 157.029 132.325 103.351 69.55 7.8139 -0.1264 -0.130012 -0.621396 -0.184365 
-0.55292 -0.60133 -0.333794 -0.263629 -0.240865 -0.359273 -0.323618 -0.298099 -0.427209 0.0516683 -0.6984 -0.251063 -0.223462 -0.0717263 0.14521 -0.426566 0.208872 20.7037 79.3305 112.476 139.526 164.733 187.612 206.956 221.223 232.732 247.616 232.306 222.458 244.704 235.384 217.749 199.432 189.786 188.655 187.867 186.433 187.377 187.119 189.21 194.901 208.871 220.732 235.565 258.668 256.102 289.706 283.334 274.813 267.319 255.854 240.814 225.435 206.903 186.92 162.148 135.823 108.913 78.4457 8.5617 -0.0413936 -0.200114 -0.129956 -0.412178 
-0.615342 -0.948547 -0.370838 -0.257245 -0.649881 0.0305395 -0.817901 -0.181365 -0.205184 0.0155852 -0.283968 -0.437639 -0.287479 -0.449014 -0.0779892 -0.0960822 -0.49784 35.38 86.2381 116.613 143.615 168.236 190.073 209.554 222.852 232.733 229.758 205.12 200.189 222.651 225.598 214.904 189.712 180.428 177.363 174.61 172.22 171.048 172.421 174.241 173.338 173.204 179.632 201.949 222.639 227.25 267.585 251.745 240.913 233.341 221.719 203.885 185.513 166.12 143.22 119.045 91.6936 41.1579 0.591375 -0.756553 -0.0609836 -0.00869853 -0.712884 -0.0571912 
-0.234516 -0.653494 -0.17581 -0.323343 -0.461306 -0.456916 -0.426306 -0.257474 -0.246784 -0.387999 -0.0176939 -0.366511 0.190259 -0.155453 -0.180284 -0.129806 -0.507259 25.7015 54.2275 84.2559 112.866 136.948 158.853 167.222 178.94 189.661 178.16 155.422 150.37 174.196 179.458 180.273 165.653 155.31 153.325 151.03 149.061 147.933 146.926 148.43 147.248 147.948 157.031 160.519 172.669 187.623 226.479 217.624 204.599 188.827 177.956 165.89 152.545 131.893 109.674 80.9794 32.8173 0.396514 1.42823 0.509762 -0.135919 -0.238504 -0.222301 -0.267775 
-0.74506 -0.087174 -0.447633 -0.43956 -0.577613 -0.0898412 -0.20385 -0.527749 -0.105822 -0.561553 -0.639929 -0.163398 -0.064861 -0.314529 -0.33904 0.0046353 0.608558 0.739326 0.999631 4.17525 41.9893 82.5665 108.984 132.766 149.57 166.431 136.072 118.836 113.014 138.327 142.171 136.4 126.642 127.944 129.002 125.023 123.567 123.168 124.642 124.309 126.95 130.445 138.575 143.758 155.32 174.102 209.378 201.912 193.651 182.615 172.917 157.708 139.79 116.467 90.3992 53.5807 -1.04029 2.12386 0.741658 0.463579 -0.184244 -0.166462 -0.405374 0.0730704 
-0.107975 -0.134771 -0.409017 -0.762055 -0.57939 -0.983756 -0.699028 -0.16881 -0.445709 -0.194916 -0.176276 -0.0731166 -0.376593 0.4923 -0.0810646 0.0516648 0.281186 0.578307 1.7635 2.63411 18.4416 74.2531 103.16 127.312 146.579 161.972 122.417 108.84 102.329 119.708 127.841 123.144 116.564 113.464 115.545 123.566 123.208 120.982 121.786 121.125 125.684 127.35 139.246 141.508 150.185 173.257 201.538 199.115 192.204 181.085 169.605 156.885 137.965 114.915 88.5006 50.48 0.121561 2.06821 0.929343 0.309522 0.225338 0.302107 -0.152831 -0.388675 
-0.509662 -0.537995 -0.571694 -0.419481 -0.188737 -0.455319 -0.522538 -0.313442 -0.00720219 -0.35101 0.0591624 -0.302454 -0.0849143 -0.270331 0.0487345 0.0331624 -0.142733 0.615335 1.28944 2.42262 12.1792 69.7413 100.285 125.214 143.358 152.929 115.564 102.272 95.2909 110.917 112.435 116.219 113.046 108.08 107.207 108.634 116.694 121.823 121.114 122.144 123.759 128.125 136.696 141.304 150.205 171.064 197.871 196.971 189.46 180.688 170.014 155.677 137.272 115.126 87.4303 46.2991 0.806301 1.1127 0.187056 0.295372 0.330242 -0.538025 -0.158604 -0.0764179 
0.157903 -0.339612 -0.374742 -0.34425 0.0528599 -0.0836208 -0.288206 -0.619272 0.0327525 -0.484715 -0.16635 -0.136503 0.165823 -0.311714 -0.0542502 0.261067 0.246386 0.49402 1.25415 2.19923 9.39352 65.2091 98.1725 122.89 141.16 147.401 111.62 98.8509 91.7052 100.626 110.683 104.817 111.325 104.445 103.161 104.355 109.531 114.603 122.003 121.312 122.305 126.288 133.25 142.63 151.538 165.19 193.357 196.63 189.393 179.326 168.035 154.061 135.945 113.87 86.8858 44.3176 1.00143 0.674844 -0.0578157 -0.0501458 -0.678418 -0.444507 -0.418892 -0.331448 
-0.251972 -0.234297 -0.356389 -0.204066 -0.496141 -0.637229 -0.24131 -0.00436267 -0.319665 -0.635372 -0.143441 -0.300965 -0.467147 -0.526731 0.0512307 -0.588179 -0.245133 -0.194174 0.340257 1.1989 5.51861 61.2324 94.9783 119.732 140.327 146.711 109.714 96.9502 89.518 96.7252 111.677 98.7715 107.573 104.153 101.449 101.374 102.364 104.887 117.472 122.486 122.98 126.195 131.451 144.15 151.315 163.955 191.255 195.946 188.25 177.382 166.083 153.726 136.91 113.673 86.2254 41.575 0.415948 0.644158 -0.258344 -0.788873 -0.252688 -0.225063 -0.120769 -0.0283333 
-0.288948 -0.454525 -0.733485 -0.876328 -0.672992 -0.748587 -0.505464 -0.141477 -0.177387 -0.294345 -0.151139 -0.270922 -0.402913 -0.362845 0.0288482 -0.26468 -0.433865 -0.423836 0.388967 1.28417 5.37018 57.1929 90.8912 117.993 138.6 147.752 110.276 98.0741 89.1219 94.8389 115.407 97.8059 101.927 103.923 101.47 101.661 101.97 103.554 108.115 123.067 122.081 124.617 135.307 144.98 150.342 162.789 187.311 196.485 187.87 177.631 165.91 153.026 135.435 113.075 85.8033 43.1365 0.670181 0.405763 -0.241756 -0.489949 0.148776 -0.529096 -0.236517 -0.500201 
-0.58562 -0.126082 -0.470136 -0.120676 -0.739852 -0.259435 -0.764056 -0.81 -0.145424 -0.0262307 -0.268931 -0.082493 -0.047835 -0.199688 -0.140063 -0.295375 -0.354162 -0.0976917 0.305984 1.13681 2.45214 53.9507 87.8688 115.347 136.591 151.274 113.825 98.6551 90.1942 94.1873 117.839 98.6766 99.2904 105.239 102.368 101.297 101.989 103.265 106.705 117.105 122.564 124.313 131.397 149.938 152.74 165.385 184.536 194.153 186.477 178.373 165.57 153.392 135.666 114.039 85.9966 41.9604 0.451297 0.233079 -0.678684 -0.176953 -0.595423 -0.69158 -0.0952814 -0.751215 
-0.461566 0.106307 -0.400223 -0.477868 -0.201815 -0.728188 -0.474333 -0.146849 -0.242475 -0.121937 -0.235464 -0.578044 -0.692919 -0.231471 -0.0615469 -0.607407 0.143787 0.459135 -0.191831 0.501827 -0.245267 47.0083 83.2297 111.37 134.361 151.511 123.974 102.619 92.8967 91.876 122.914 100.749 100.053 103.319 102.142 102.294 102.113 103.01 106.297 112.076 125.796 124.367 125.132 153.862 154.277 161.59 177.246 194.981 188.329 178.512 167.2 153.799 138.375 116.264 89.1895 51.2861 -0.996844 0.860106 0.0996511 -0.799417 -0.151787 -0.545244 -0.123316 0.018458 
-0.0160632 0.0190425 -0.0278924 -0.828633 -0.366269 -0.351654 -0.325125 -0.373809 -0.135355 0.00353841 -0.0525098 -0.636236 -0.8725 -0.176699 0.132063 0.263961 -0.197169 -0.506971 -0.182061 0.951461 1.32339 38.605 79.9187 107.556 132.252 148.383 138.365 107.288 95.559 92.0975 127.452 104.1 101.085 104.47 105.126 102.841 102.351 103.219 105.3 111.304 124.757 122.108 123.796 154.087 152.465 163.377 173.846 196.454 188.406 180.165 167.539 153.82 137.91 117.005 89.9168 54.4718 -1.75453 0.630023 -0.671931 -0.494728 -0.285682 -0.22425 0.342491 -0.700709 
-0.578025 -0.587534 -0.161721 -0.808696 -0.657691 -0.520256 -0.504914 -0.448042 -0.170358 -0.368979 -0.261679 -0.68678 -0.223321 -0.13563 -0.371273 -0.176785 0.00870536 -0.158487 -0.108743 0.99706 0.813559 35.8586 78.3105 107.173 130.446 148.655 144.433 110.764 99.4001 92.9985 130.976 107.404 103.629 105.337 105.822 104.792 104.909 104.063 106.864 110.701 122.351 123.272 123.033 151.234 151.235 157.928 172.994 199.764 188.029 179.299 168.388 155.958 138.132 117.293 91.2138 55.744 -1.66417 0.792482 0.161653 -0.272075 -0.408783 -0.0575422 -0.325364 -0.185694 
-0.158157 0.0210963 -0.0497866 -0.48078 -0.469552 -1.02323 -0.166785 -0.34642 -0.30123 -0.199953 -0.159211 0.0504546 -0.660232 -0.304585 -0.0164713 -0.234958 0.00247834 -0.302366 0.0419519 0.699339 1.65212 31.685 76.7589 105.582 130.047 146.876 151.42 116.298 103.736 95.0869 134.283 112.835 107.419 109.544 109.004 107.263 105.105 106.446 108.851 112.768 122.855 122.939 122.155 149.782 148.387 154.432 168.394 198.997 188.746 179.394 167.47 154.836 138.427 116.911 91.2888 56.3086 -1.7449 0.664304 -0.257339 -0.437078 -0.146651 -0.247921 -0.24024 -0.219704 
-0.434734 -0.0877347 -0.248671 -0.046909 -0.261491 -0.857083 -0.370667 -0.514328 -0.463202 -0.418587 -0.367492 -0.5149 -0.0997461 -0.172031 -0.00546997 -0.40416 -0.359486 -0.663745 -0.102964 0.621489 1.7249 28.3506 76.2537 104.26 129.53 147.135 160.685 121.621 108.101 98.579 140.413 117.275 111.175 114.493 109.094 106.995 106.449 107.086 109.672 113.667 127.771 123.25 122.16 148.215 147.375 152.506 168.177 200.137 189.436 178.856 168.407 155.752 139.612 117.667 91.9423 57.0792 -1.31712 0.731494 -0.319799 -0.364567 -0.560357 -0.248702 -0.502326 -0.163222 
-0.45972 -0.542099 -0.337768 -0.0730308 -0.326733 -0.600607 -0.901654 -0.127348 -0.32609 -0.355089 -0.208123 -0.596759 0.0859788 -0.70499 -0.658529 0.258308 -0.0829325 -0.316729 -0.325851 0.546234 1.43612 26.1535 74.1977 103.67 128.687 147.348 163.895 131.205 114.375 102.362 146.859 122.136 119.037 117.108 112.407 110.196 108.98 110.049 111.106 131.902 120.179 123 122.305 146.404 145.713 151.298 165.396 201.267 188.362 179.932 168.602 155.131 140.067 118.55 92.018 57.8537 -0.872577 0.624738 -0.424435 -0.355422 -0.0124938 -0.326893 -0.19816 -0.480269 
-0.58989 0.00173517 0.0911714 -0.252841 -0.407247 -0.775522 -0.143812 -0.48579 -0.334663 -0.468335 -0.112593 -0.432364 -0.479989 0.00570706 -0.0412941 -0.199778 -0.441457 -0.746076 -0.529843 0.617281 1.74284 24.3495 73.081 103.287 127.399 146.238 159.427 152.379 122.794 110.019 155.37 130.319 126.296 120.452 115.24 112.318 111.753 112.23 121.862 127.106 120.728 122.543 123.245 141.44 144.104 147.627 162.813 198.131 192.147 178.844 168.685 156.001 139.896 118.721 93.223 58.326 -0.317393 1.01231 -0.534408 0.0915508 -0.424269 -0.240851 0.53651 -0.128395 
-0.532594 -0.212305 -0.413004 -0.365319 -0.206954 -0.196827 -0.32502 -0.734269 -0.679323 -0.659251 -0.36496 -0.155567 0.441207 -0.418078 0.120696 -0.0870331 -0.387722 -0.279582 -0.0971565 0.395539 1.23536 22.9471 72.2409 102.494 127.243 145.829 160.564 168.85 134.511 120.938 171.186 147.102 132.484 123.007 120.258 117.099 116.788 119.351 134.572 121.243 120.467 121.902 124.286 140.42 142.15 150.015 162.261 196.165 194.11 180.548 169.328 157.21 141.009 118.772 92.8177 59.2308 0.956896 0.762817 -0.285544 -0.332048 0.0411777 -0.693525 -0.0971908 -0.297264 
-0.747559 -0.514426 -1.42336 0.0265378 -0.461679 -0.59631 -0.361566 -0.10448 -0.603865 -0.203947 -0.495961 -0.440978 -0.0698853 0.0372432 -0.847745 -0.0893031 -0.288775 -0.126152 -0.416247 0.1779 1.03539 21.9472 70.5611 101.242 126.66 144.562 161.812 173.248 166.208 149.41 185.061 163.116 140.805 134.611 128.397 125.962 123.829 127.933 127.796 118.258 119.565 121.72 124.453 139.328 138.203 148.229 158.091 191.475 193.505 182.297 169.206 156.783 139.889 119.089 93.9877 60.331 2.27107 0.72758 -0.325374 -0.334926 -0.522347 -0.494994 -0.626531 -0.597195 
0.252522 -0.306493 -0.126821 -0.0551795 0.00807102 -0.240482 -0.145638 -0.103701 -0.590583 -0.202734 -0.446001 -0.0048853 0.169073 -0.232398 0.474765 0.263831 0.0241031 0.395446 0.576789 1.23218 1.43305 20.1581 69.5747 101.353 127.062 146.911 161.585 172.79 184.874 191.904 200.914 183.248 145.513 135.269 129.111 123.438 126.009 123.604 119.635 115.863 118.129 118.803 120.528 132.915 133.672 144.996 153.558 185.203 191 181.663 167.217 154.081 138.036 118.031 92.7718 59.2819 2.53631 -0.353215 -0.996103 -1.68138 -1.27957 -1.28722 -0.937476 -1.35914 
0.149533 -0.163224 0.0271485 0.0590729 0.150255 -0.723315 0.0547889 0.256378 0.0240843 0.078593 0.243944 -0.10553 -0.054725 0.00223267 -0.129755 0.143768 0.3685 0.279672 -0.162003 0.659345 1.58167 18.4699 69.4517 101.13 125.62 146.859 162.277 173.946 184.737 193.537 203.052 187.629 145.752 136.276 129.993 124.254 126.664 125.302 116.178 116.805 116.836 118.484 120.34 130.808 133.047 142.59 151.768 182.902 191.858 181.092 168.62 154.76 139.318 118.006 93.9096 60.959 3.80228 -0.0809677 -1.24988 -0.953828 -1.10608 -1.27158 -1.02282 -1.54395 
-0.311553 0.0235351 -0.547282 0.0697611 -0.65394 0.0193998 -0.112196 0.095882 -0.30628 0.237778 -0.113073 -0.24899 0.118986 0.186209 0.255786 0.329912 0.0234013 -0.134386 0.0951849 0.174636 1.46662 17.9009 68.6991 99.1151 125.129 146.157 162.032 174.434 184.643 194.123 201.872 192.29 147.908 138.254 130.613 127.108 127.458 123.65 117.787 118.342 116.799 118.761 119.682 129.77 132.245 141.628 149.93 179.805 189.455 181.963 169.389 155.074 139.142 119.404 94.2584 61.8338 4.7483 -0.534486 -1.55216 -1.45705 -1.36081 -1.28253 -1.06006 -1.32617 
0.119806 0.152249 0.306443 0.136837 -0.91354 0.0715672 -0.463673 -0.057273 0.0159467 -0.531756 0.0988233 0.413083 -0.365557 -0.39486 -0.317982 -0.0897125 -0.0298086 0.868892 0.132301 0.995217 1.87627 15.8386 68.0135 99.3454 124.775 144.963 162.727 172.796 185.358 194.959 204.182 195.426 149.635 138.924 131.827 128.51 127.887 122.222 116.994 116.687 117.341 117.68 119.797 129.38 131.407 139.608 149.955 175.676 190.895 181.969 171.253 156.09 140.617 119.425 94.8012 62.2527 6.50195 -0.323122 -1.43917 -1.16112 -1.35761 -1.45562 -1.834 -1.44471 
0.0960502 0.108476 -0.185232 -0.270648 -0.440498 -0.0219991 0.330098 -0.125627 -0.125072 -0.0130875 -0.00526744 -0.20447 0.33358 -0.00825655 0.136072 0.225713 0.0189663 0.607442 0.173275 0.568326 1.4506 14.4936 66.7988 98.1736 124.138 145.841 161.43 173.669 185.969 193.848 204.804 197.547 150.617 139.069 131.951 129.678 125.682 123.514 117.656 117.151 117.858 118.407 120.01 127.588 130.465 138.548 149.218 175.145 191.228 182.661 171.601 158.143 140.674 120.412 95.6044 63.8996 7.71093 0.102944 -0.679198 -1.26981 -1.73569 -1.05978 -1.36714 -1.28421 
0.000519797 -0.245088 -0.427352 0.32631 -0.296263 0.141893 0.235541 0.167715 -0.134067 0.149338 -0.127385 -0.153775 -0.5125 0.635383 0.202882 0.149518 -0.0588273 0.574313 -0.145477 0.613064 1.8444 13.0653 65.4746 96.654 123.754 144.756 162.147 173.909 184.5 193.529 203.737 199.877 152.43 140.838 134.156 129.679 122.065 126.588 117.734 116.887 117.487 118.206 120.163 126.947 131.035 137.509 148.433 171.955 191.398 182.773 173.088 158.669 153.262 121.573 96.4527 64.3241 8.61654 0.0663163 -1.41188 -1.80196 -1.23373 -1.78949 -1.16634 -1.50125 
0.148722 -0.988334 0.225498 -0.196642 -0.296189 -0.0490216 -1.949 0.436261 0.155827 0.197062 -0.0480109 -0.0511013 -0.371657 0.23598 -0.138776 -0.00302498 -0.0546576 0.0147072 0.137436 0.752155 1.35169 13.3971 64.579 98.0547 122.169 144.215 160.941 173.322 184.979 193.794 202.933 204.049 154.878 141.691 135.967 129.283 123.387 124.666 118.101 117.359 117.212 118.451 119.273 124.463 130.681 136.616 148.299 166.743 192.841 182.006 172.548 160.063 142.193 122.21 97.2667 66.2867 11.1369 0.106261 -1.19598 -1.51038 -1.90549 -1.79718 -0.909082 -1.32902 
-0.298959 -0.034453 0.33949 -0.110548 0.536328 0.0553269 -0.369656 -0.291765 -0.069837 -0.0691464 0.0897553 -0.0229646 0.584826 -0.0816478 0.277332 -0.188586 -0.0838838 0.0813939 0.302255 0.617599 1.75136 12.7293 64.6039 96.9738 122.418 142.797 161.087 173.734 184.957 194.083 204.461 206.394 156.881 143.501 137.045 127.429 122.662 120.397 123.102 117.048 116.777 118.552 119.313 123.333 131.1 135.935 147.097 166.057 197.039 182.409 173.274 160.979 143.529 123.817 99.2815 68.6291 13.3548 0.343656 -0.031772 -1.06059 -0.982204 -0.7528 -1.26096 -1.13201 
0.268139 0.116386 -0.480247 -0.313897 -0.317565 -0.453825 -0.0443335 -0.252883 0.652809 -0.0177384 -0.111021 -0.0771413 -0.3664 0.565051 -0.233693 0.195899 -0.0250134 0.132235 0.00769609 0.61496 1.65114 8.78149 63.2577 94.6952 121.047 143.226 159.57 174.278 184.983 194.65 200.178 213.235 159.436 149.865 134.82 129.261 124.49 121.16 123.481 117.479 117.626 117.987 118.937 123.412 130.687 135.374 145.229 161.036 195.963 184.905 174.858 161.981 145.373 126.61 102.327 72.6418 18.7288 1.56948 0.57788 -0.385513 -0.937376 -0.767516 -1.33634 -0.935967 
0.0841484 0.0819551 -0.601716 0.128272 0.319143 0.0072603 -0.318992 0.897281 0.09392 0.0297279 -0.126068 -0.45772 0.00750334 0.270956 -0.301516 -0.46182 0.298083 0.161427 0.415251 0.827496 1.63655 5.36464 59.629 92.8239 118.697 141.131 158.417 172.303 183.716 194.136 200.915 214.56 166.714 144.975 136.672 130.827 125.047 121.368 122.556 115.821 118.269 118.465 119.037 124.564 128.052 136.012 143.792 158.976 193.894 185.943 175.23 163.188 149.059 128.803 106.434 77.4245 25.5696 1.46986 0.757678 0.462852 0.0621094 -0.190238 -0.852049 -1.02111 
-0.33643 -0.0459053 0.0846707 -0.1385 -0.0262411 0.060359 -0.192417 0.207008 0.253943 0.200018 -0.54823 0.311981 0.421655 0.678775 -0.221898 -0.816799 0.456811 -0.598693 0.257779 1.07308 1.65522 4.64206 59.4423 92.5995 119.441 141.615 159.915 173.054 184.638 194.312 202.353 208.362 170.608 145.809 138.015 130.649 124.629 121.352 121.136 117.286 117.13 118.806 119.47 124.418 127.728 137.661 143.177 156.953 192.299 185.958 178.307 163.446 148.996 131.527 107.727 78.8172 27.7426 2.32134 1.42216 0.897898 0.643124 -0.224034 -0.606045 -1.07533 
-0.0119829 0.120512 0.223585 -0.00702683 0.437828 0.18701 0.433223 0.0278954 0.647767 0.385955 -0.0509376 -0.453023 -0.106805 0.318863 0.460519 -0.162257 0.558403 0.369449 0.141808 0.860879 1.45676 4.22387 58.8665 91.4896 118.711 141.128 159.288 172.109 183.448 192.854 201.933 210.233 175.844 151.446 141.384 134.332 127.658 122.49 119.719 118.251 117.571 117.575 118.343 123.612 129.542 135.442 144.772 155.331 191.177 187.77 178.395 164.158 149.904 134.02 110.331 81.5721 30.5432 3.81061 1.78617 1.1656 1.06065 0.420609 -0.685266 -0.889839 
-0.319292 0.657518 -0.285187 0.301358 0.238755 0.281005 -0.07733 0.0670313 -0.186476 0.196 -0.0782808 -0.257126 0.148431 0.0464446 0.273432 -0.451059 0.0185268 0.0585875 0.400963 0.492258 2.09862 4.03094 60.8598 95.9379 123.788 143.448 161.94 175.453 185.953 195.777 204.721 223.578 183.453 151.797 140.895 133.418 127.746 125.219 122.157 120.881 121.319 121.466 122.544 124.087 136.903 141.765 151.148 161.371 198.98 193.158 180.791 169.31 156.198 137.05 114.503 87.1679 42.0215 1.47888 1.30988 0.311502 -0.431886 -0.634584 -0.520453 -0.33522 
-0.237289 -0.417371 -0.388435 -0.168176 0.133587 0.0386447 -0.206024 0.281117 -0.0248057 0.506188 -0.232813 -0.324962 0.101829 0.549548 -0.0797871 -0.28457 0.00943731 -0.382258 0.102401 1.67634 0.534125 41.3922 86.8495 115.038 141.017 160.546 175.301 188.415 200.006 208.205 216.98 256.836 195.861 161.547 148.445 142.361 136.17 132.569 130.928 128.392 129.191 129.82 130.069 148.249 172.623 186.198 195.413 190.088 201.501 206.54 203.011 195.656 186.729 176.527 162.857 147.839 129.209 102.045 102.082 86.5356 66.2675 28.8704 -2.41827 -1.23394 
0.654626 0.156166 0.476865 -0.360808 0.0814498 -0.0559607 -0.353162 0.0212369 0.259118 0.0470551 -0.383358 -0.0474882 0.436141 -0.183495 0.37839 -0.143989 0.226268 -0.0995908 0.406324 1.23468 -1.11445 48.2398 89.7892 120.914 146.858 169.932 185.239 200.419 208.471 218.244 246.091 285.575 236.087 186.225 164.124 155.7 151.374 147.362 145.798 147.074 149.134 152.303 156.931 180.375 198.895 218.981 243.503 224.891 242.47 256.476 249.254 243.578 235.067 225.29 214.18 200.662 184.072 167.291 146.326 124.219 101.313 68.7298 13.1733 -1.11093 
0.580343 0.289482 0.2172 -0.106373 0.41792 0.371244 -1.09058 0.0357073 -0.388524 -0.368885 0.212977 0.355614 -0.399023 -0.0616441 0.149422 0.527979 -0.438988 0.0765934 0.328773 0.599062 11.2197 72.0323 104.819 132.363 157.472 178.28 194.541 210.581 218.786 229.23 257.319 288.002 239.529 203.112 180.436 169.456 167.61 166.154 164.554 164.157 164.353 166.879 171.997 184.159 200.439 219.408 220.464 218.892 253.322 265.077 259.898 253.54 244.285 234.488 224.346 209.041 193.446 178.367 155.117 133.772 108.321 75.9238 19.9613 -1.29809 
0.463654 -0.26726 -0.258431 0.802113 0.436513 -0.6054 -0.424017 -0.118533 -0.180282 0.605036 -0.0489187 0.69272 0.273395 0.119825 0.121542 0.364014 0.225863 -0.250153 0.247662 0.487038 5.9947 69.5491 105.196 133.015 160.422 180.657 197.006 213.095 225.524 234.516 250.246 283.812 239.392 208.408 187.085 174.66 170.192 169.182 167.808 169.408 170.45 172.469 177.517 184.618 196.706 206.361 211.887 220.98 255.764 272.981 266.915 260.36 250.886 241.556 229.718 213.729 196.501 177.98 155.142 130.699 102.292 67.3781 6.70712 -0.783926 
0.368325 -0.304373 -0.475091 0.294142 -0.374504 -0.299873 -0.051528 0.26261 0.0627494 0.307303 0.04155 0.517122 0.723398 0.45282 -0.305217 0.178648 -0.0416114 0.446733 0.404098 0.822798 -0.800693 43.0508 93.8956 123.317 150.839 172.96 192.031 207.293 221.602 235.89 245.349 265.456 232.708 205.855 190.9 173.792 169.889 168.124 167.279 168.246 169.866 172.935 176.691 184.002 191.064 201.893 210.593 221.821 258.204 274.678 267.912 260.649 248.591 239.326 222.53 207.774 190.651 169.967 144.833 118.193 86.1868 34.6713 -1.77963 -0.626859 
0.0432676 -0.496905 -0.265934 -0.567302 0.540699 -0.282006 0.0512399 0.929165 -0.118103 -0.262774 -0.202865 -0.0116083 -0.131211 -0.381292 0.159275 -0.0106702 0.392719 -0.187095 0.103704 0.801211 1.44624 12.0324 72.9958 105.469 134.427 158.631 177.981 195.033 208.507 223.856 238.523 252.864 223.538 197.245 187.214 171.806 166.148 163.634 163.046 163.742 164.193 167.743 172.216 178.213 186.641 194.576 205.344 222.036 254.787 270.638 261.001 249.618 237.287 226.746 211.015 196.065 176.233 154.377 127.292 96.4984 52.3872 0.998447 -0.134276 -1.20814 
-0.0545041 0.821043 -0.479952 0.0417053 0.140868 -0.232354 0.251674 0.223311 0.252491 -0.0570253 -0.213005 0.316654 -0.41085 0.0185528 0.115576 -0.826497 0.280709 -0.225836 0.338713 0.831017 1.48163 1.16695 40.3183 86.6387 116.427 141.699 163.349 180.351 192.338 202.927 216.333 232.277 210.081 185.152 174.693 164.197 157.946 155.488 155.043 156.22 154.125 155.458 156.856 161.516 167.378 174.286 182.73 194.844 223.672 244.935 239.154 228.701 216.994 205.436 192.319 175.846 158.914 131.69 98.6368 58.3392 3.63326 0.74788 -0.46404 -0.717029 
0.00364855 0.257 -0.0811009 -0.331896 -0.297574 0.162394 0.491406 -0.965705 0.177476 0.492124 0.0338081 0.464663 -0.454625 0.206495 0.28511 0.287233 0.179596 -7.01562e-06 0.658843 0.799263 1.13246 1.78957 20.9187 75.4162 108.068 133.832 153.555 169.982 180.269 192.253 206.067 212.215 192.274 170.4 162.498 155.146 150.758 147.83 144.583 143.003 142.287 141.568 144.195 145.774 147.99 154.795 160.275 170.354 197.596 222.202 214.061 203.09 189.801 180.516 169.793 154.854 132.642 108.779 77.7823 25.6264 1.86804 0.591451 -0.372844 -1.10053 
-0.0695869 0.0116674 0.575912 -0.00563687 0.274656 0.156481 -0.174885 -0.188677 -0.208199 -0.0471751 -0.558447 -0.248635 -0.365651 -0.489051 -0.0214326 -0.296763 -0.514494 0.150036 0.111534 0.405971 1.33105 1.84143 21.4833 74.3838 106.713 132.281 153.05 168.8 180.157 190.308 201.136 209.227 184.739 158.436 146.053 139.83 135.505 133.129 130.897 130.456 129.469 128.855 129.779 133.852 137.309 143.316 149.851 161.278 190.147 213.43 207.553 199.25 186.922 175.362 168.685 153.449 132.548 108.512 76.6096 23.7092 1.21096 0.425641 -0.628576 -0.852914 
0.559626 -0.280969 -0.0428581 -0.0304507 -0.235803 -0.363205 0.0402387 -0.113938 0.233962 -0.0102209 -0.330777 -0.0439802 -0.589871 0.108279 -0.109226 -0.254776 0.608041 -0.21672 0.0624323 0.0734085 1.23673 2.30515 17.4253 73.557 104.31 130.874 151.185 168.63 178.013 190.786 200.613 207.931 182.801 158.69 146.812 140.535 134.154 132.222 129.089 127.795 128.5 129.022 130.407 131.785 135.646 141.6 149.018 160.376 182.201 217.552 205.544 196.704 184.045 173.155 167.66 151.132 131.658 107.279 79.0955 27.2242 1.01175 -0.414151 -0.67048 -0.845738 
0.386062 0.174715 -0.428903 -0.645457 -0.149745 -0.0489927 0.253747 -0.124763 -0.231 0.496448 0.1051 -0.678791 -0.303606 0.452973 0.167764 0.399188 0.51608 0.229648 0.353701 0.243203 1.24145 0.181938 18.7379 72.687 104.602 130.74 151.451 167.618 177.836 190.728 198.866 207.311 183.356 157.935 148.906 139.822 133.948 130.926 128.905 127.451 128.785 129.021 129.18 130.641 135.84 141.804 147.527 158.502 177.283 219.434 204.691 198.044 183.364 173.668 168.527 150.687 132.629 107.636 77.9651 26.6353 0.333972 -0.624328 -0.849852 -1.25185 
0.126683 0.2285 0.247228 -0.339981 -0.0622023 -0.121164 -0.153648 0.390371 -0.00481761 0.168676 0.37328 0.0461079 0.330835 0.245505 0.635798 -0.314016 0.0914348 -0.131254 -0.302165 -0.0254917 0.970106 1.38961 16.3894 72.3678 103.679 129.576 149.505 165.473 176.608 188.758 198.255 206.106 182.139 157.979 146.122 140.361 134.734 131.219 127.606 127.311 127.99 127.856 126.861 131.483 134.263 141.083 146.391 157.873 174.593 219.189 204.695 197.918 182.829 175.923 167.586 151.727 132.636 108.661 78.9486 27.6074 0.288245 -0.487665 -1.08627 -0.910771 
-0.184888 -0.428831 -0.176511 0.423384 -0.136234 -0.0951052 -0.455274 -0.218186 0.738582 -0.829009 -0.458371 0.204558 0.315596 -0.151695 -0.151721 -0.0336369 -0.0688598 -0.141722 -0.14893 -0.149472 0.541272 1.24462 14.4271 68.9955 102.603 129.236 151.486 165.775 175.537 186.333 196.223 204.66 182.449 157.04 146.082 139.465 133.374 129.945 127.903 126.904 126.787 126.919 128.055 131.473 132.892 139.094 146.16 157.373 174.472 213.381 205.028 197.257 184.513 172.002 167.651 153.125 132.733 108.24 80.0439 32.7313 0.290469 -1.2709 -1.62116 -0.928111 
0.278545 -0.316322 -0.407605 0.108575 -0.378627 -0.221098 -0.0689976 0.181704 0.0284621 -0.522012 -0.014123 0.62579 -0.258667 0.167253 0.63387 0.114527 -0.103124 0.194164 0.111248 0.201961 0.560008 1.08261 10.0789 66.3354 99.3747 126.298 147.984 165.214 175.017 184.577 196.497 204.121 187.042 158.717 147.328 141.318 134.485 130.452 126.698 126.029 125.8 125.853 127.509 129.638 132.022 137.276 143.957 154.358 170.252 210.476 205.26 197.644 187.44 168.356 170.922 154.463 135.759 113.289 84.6345 40.7608 -0.697551 -0.287361 -0.965552 -1.01638 
-0.0715941 -0.751788 -0.38776 -0.519242 0.231403 0.430199 -0.236441 -0.0524361 1.04674 -0.0604956 -0.0314346 -0.312276 0.154963 -0.087242 -0.0689875 0.222448 -0.279856 0.247945 0.0189585 -0.386107 0.922102 1.58449 9.27741 65.4961 99.4276 127.065 148.388 165.113 176.134 184.59 195.626 203.165 186.146 157.795 146.247 139.853 131.316 130.03 126.824 125.686 125.71 126.458 127.586 129.095 132.268 137.439 144.295 154.308 170.734 210.431 204.944 200.193 188.868 169.011 170.861 154.286 135.061 112.406 84.7287 42.206 -0.489643 -0.61427 -1.07399 -1.27744 
-0.139873 -0.237853 0.379021 -0.370514 -0.629464 0.136734 0.102733 -0.000551125 -0.196348 0.26864 0.0918004 0.207834 0.240759 0.23481 0.0543172 0.099648 -0.233124 -0.0071082 0.346149 0.209225 0.413068 1.28041 8.11496 64.9065 97.9597 125.015 145.914 164.696 174.299 184.963 195.27 202.148 185.651 157.783 145.835 139.513 132.674 130.029 126.544 125.888 125.48 124.575 126.812 128.071 131.18 136.921 142.812 153.517 168.51 207.474 205.919 198.908 188.376 169.725 171.638 155.67 137.3 113.527 85.1173 42.6591 -0.543394 -0.280105 -1.02295 -1.08811 
0.0977659 -0.0555748 -0.0804281 -0.686636 -0.413193 0.51412 0.605782 -0.277505 -0.180586 -0.775207 0.114362 -0.257307 0.00597272 0.599268 -0.0827645 -0.11821 -0.217402 -0.112654 0.0345608 0.128225 0.685667 1.57382 6.55014 63.5909 97.058 124.5 147.06 164.116 173.539 182.737 195.82 200.627 185.49 158.122 159.769 139.115 132.511 128.145 126.268 125.377 124.8 124.867 126.318 127.8 129.736 136.48 142.488 152.379 167.35 205.918 206.993 198.513 188.371 170.344 173.401 157.122 137.506 115.373 86.6253 45.5321 -0.658085 0.217247 -0.36966 -1.2085 
0.383029 0.182532 -0.138201 -0.710298 0.0904077 -0.353481 -0.139718 -0.08104 -0.590237 -0.0863188 0.30447 0.160072 -0.214277 0.584714 -0.418615 -0.0794569 -0.280893 -0.663776 0.653325 -0.0232777 0.594056 2.07154 7.38913 63.2272 97.868 126.123 146.77 165.159 172.649 183.997 194.101 203.816 187.569 157.664 145.563 139.222 132.835 129.906 126.528 125.29 125.198 126.183 127.785 129.204 131.63 136.591 143.001 152.6 167.357 206.795 207.602 199.226 189.129 168.248 175.599 156.473 138.539 116.177 88.1061 47.5317 -0.600521 0.60656 0.00143356 0.0859552 
-0.424821 0.36549 0.431613 -0.0572255 -0.053682 -0.0629613 0.067637 0.022025 -0.233222 -0.270852 -0.389051 -0.794914 -0.00104354 -0.243518 -0.220987 0.114135 -0.306362 0.143517 0.39756 0.552416 1.26956 1.88824 5.98273 63.1149 97.0858 124.194 145.44 164.571 173.063 181.724 194.536 200.24 187.66 157.885 147.383 139.658 133.56 129.641 127.029 125.962 124.405 125.903 126.28 128.156 129.84 136.456 142.805 151.141 166.558 203.47 208.867 200.729 190.376 163.059 180.275 157.788 140.956 117.316 90.9898 53.3374 0.506199 2.25345 1.00615 0.286607 
