-0.343188 -0.042315 -0.696035 -0.470379 -0.327051 -0.266282 -0.359638 -0.56251 -0.397355 -0.364316 -0.302588 -0.189087 -0.231517 -0.294986 -0.361705 -0.390691 0.0845182 1.11597 9.87053 65.1691 98.2869 125.266 145.392 162.29 171.723 179.599 193.474 199.388 202.438 168.766 152.973 142.755 135.401 132.453 128.731 127.174 126.843 127.852 128.021 130.321 133.652 137.956 144.583 153.736 169.216 205.384 205.577 198.115 189.672 177.667 170.067 155.58 135.735 113.034 83.2892 35.6715 1.3647 0.468254 -0.263394 -0.309286 -0.075473 -0.137237 -0.0792523 -0.164756 
-0.331147 -0.626758 -0.500497 0.0165015 -0.658059 -0.857594 -0.370074 -0.322738 -0.444846 -0.492593 -0.576537 -0.360525 -0.595252 -0.582337 -0.517719 -0.440958 0.361714 1.21227 9.02333 65.0142 98.2339 124.712 145.926 163.069 170.615 179.164 191.842 200.225 203.728 168.352 152.983 142.346 135.505 131.754 128.313 127.538 127.153 128.293 128.495 130.802 134.772 137.441 145.48 154.543 168.578 204.82 207.05 197.873 188.736 177.824 171.774 154.574 135.76 111.874 83.7328 34.5648 1.17813 0.485825 -0.364488 -0.298502 -0.091264 -0.437713 -0.0721932 0.049803 
-0.0495822 -0.238883 -0.42878 -0.0839645 -0.592216 -0.670547 -0.508306 -0.27407 -0.264237 -0.163923 -0.524322 -0.379726 -0.644727 -0.187322 -0.482544 -0.0299284 0.734614 1.20709 9.3416 65.3168 98.8855 125.412 146.269 162.635 171.882 180.001 191.845 201.184 204.309 170.314 152.027 143.276 135.571 131.416 128.542 128.677 126.903 127.816 128.847 130.878 134.526 138.883 144.993 153.529 169.788 205.994 206.157 198.491 188.12 177.9 170.817 154.613 135.842 112.192 83.5733 36.7266 1.31007 0.333665 -0.253703 0.0597254 -0.196873 0.0311703 -0.0217284 -0.317217 
-0.559717 -0.64969 -0.637311 -0.230031 -0.216595 -0.495668 -0.657641 -0.791165 -0.318876 -0.591213 -0.693329 -0.496202 -0.322117 -0.0743029 -0.282545 -0.243846 0.219807 1.261 9.52818 64.8693 97.9226 125.127 145.542 163.254 170.296 180.691 191.657 202.037 201.716 178.548 152.04 144.083 135.388 132.896 127.819 127.756 126.736 127.648 129.413 132.004 135.054 138.345 146.029 156 170.219 209.36 206.198 199.104 188.437 178.591 171.027 156.008 136.779 113.129 83.3009 35.2047 1.5443 0.657262 0.111953 0.0235925 0.263648 -0.426553 -0.285635 -0.509145 
-0.474797 -0.533988 -0.161017 -0.492814 -0.796873 -0.102862 -0.672355 -0.326374 -0.36527 -0.138619 -0.405583 -0.135192 -0.54474 -0.510071 -0.297989 -0.368041 0.584529 1.15787 8.85468 64.883 98.6803 125.041 146.209 163.524 170.686 181.242 194.45 200.785 205.224 174.555 153.291 143.927 137.045 132.408 130.013 128.804 127.214 129.346 129.589 131.831 134.47 139.645 145.636 155.151 170.725 208.818 206.09 200.385 186.955 177.736 171.415 156.148 135.848 112.882 83.8458 37.065 1.6439 1.41721 0.807614 0.342489 -0.145645 0.0867391 0.0260191 -0.0937922 
-0.290945 -0.459883 -0.213659 -0.834831 -0.418388 -0.249509 -0.533859 -0.30679 -0.128017 -0.542434 -0.327235 -0.429555 -0.527586 -0.305022 -0.493347 -0.0149564 0.908651 1.90761 9.94843 66.9269 98.2754 125.185 145.887 163.604 171.739 182.001 195.231 201.202 206.071 172.367 156.962 145.232 137.192 133.758 130.557 128.004 128.212 128.486 130.677 131.379 134.646 140.547 147.323 155.345 172.312 212.274 207.334 198.25 187.838 178.603 172.523 156.775 137.578 114.655 85.0676 37.2331 2.2043 1.86109 0.988593 0.308102 0.0983409 -0.0915205 -0.0680732 -0.276585 
-0.33083 -0.556113 -0.564359 -0.240442 -0.824263 -0.15374 -0.536014 -0.373261 -0.566718 -0.481716 -0.523125 -0.591142 -0.050222 0.150973 0.00869734 0.434819 1.09767 2.32421 6.72861 63.7244 98.2151 123.763 145.084 162.125 173.198 181.088 193.149 202.105 209.435 173.141 155.17 145.275 138.617 132.927 131.156 129.174 128.569 129.185 130.48 132.439 135.277 139.996 146.893 155.554 171.854 208.85 207.474 201.273 191.228 177.469 173.641 159.047 140.831 118.218 91.4365 50.7905 1.47217 2.25499 1.14239 0.973117 -0.103361 0.252278 -0.443291 0.0344189 
-0.370236 -0.758497 -0.739575 -0.218073 -0.30894 -0.337418 -0.460251 -0.223407 -0.365717 -0.218955 -0.353719 -0.662437 -0.33793 -0.0863645 0.465969 0.507685 1.72226 3.00718 4.33261 62.1251 96.0892 123.996 145.514 162.678 172.703 182.609 195.146 202.079 211.506 174.447 157.565 147.109 138.863 135.314 132.208 130.823 130.305 130.867 131.039 134.468 137.934 141.208 147.707 157.519 170.549 210.225 209.278 200.975 193.458 179.411 173.652 158.81 141.526 119.002 91.0715 49.6701 1.35139 2.85983 1.56601 1.47161 0.435595 0.253475 0.21154 -0.0142231 
-0.64045 -0.652158 -0.435584 -0.777901 -0.513548 -0.533412 -0.070865 -0.619159 -0.276686 -0.515442 -0.638974 -0.0259894 -0.197547 0.0545672 0.817563 0.996325 1.9703 2.81862 6.68434 64.5009 97.6335 124.245 144.519 163.056 172.394 183.369 195.866 203.028 211.196 174.241 157.522 146.892 138.425 133.967 132.012 130.03 129.771 129.916 130.915 133.635 136.734 142.155 147.166 157.296 171.888 211.425 208.69 202.018 192.694 179.94 175.028 159.565 141.079 119.319 92.4533 53.3701 -0.813905 2.90298 1.58212 1.19438 0.849415 0.141572 0.0651362 -0.0624133 
-0.396162 -0.580366 -0.229218 -0.686678 -0.0291934 -0.450365 -0.359882 -0.388972 -0.364681 -0.512016 -0.464665 0.00308373 0.00369183 0.036539 0.405027 0.872193 1.89816 1.88338 14.5895 67.6995 98.4747 124.655 145.754 164.748 175.668 185.015 197.347 203.696 211.717 175.286 157.442 146.684 136.955 134.261 131.605 129.876 130.501 131.199 132.616 134.712 137.85 143.063 150.472 159.744 175.197 213.46 214.271 208.06 197.283 187.945 183.379 172.447 157.503 137.199 114.326 87.4554 47.4645 0.418154 1.79337 1.09988 1.01344 0.441061 0.00351478 -0.0524238 
-0.634604 -0.22881 -0.442935 -0.641794 -0.338978 -0.532193 -0.566352 -0.128348 -0.76401 -0.537367 -0.171194 -0.397855 0.188769 0.0184172 0.547468 0.983523 -0.0929732 21.6432 73.9653 102.722 129.826 152.194 171.216 185.777 198.172 205.008 215.402 222.805 230.623 191.384 174.665 162.765 153.105 147.537 143.965 142.407 140.589 142.334 142.461 144.63 149.682 155.015 163.39 172.998 188.831 227.995 230.391 223.373 214.137 206.781 198.303 185.766 170.594 151.042 129.25 107.497 85.7957 64.0347 60.5243 15.0148 0.446509 0.545998 0.0119889 0.0526264 
-0.366976 -0.0752605 -0.562569 -0.539841 -0.755767 -0.612531 -0.20777 -0.453683 -0.529513 -0.300093 -0.285425 -0.0925707 -0.0862509 0.380518 0.2788 6.90032 39.7317 83.8644 114.088 139.299 157.157 174.809 189.778 203.473 212.451 220.988 227.46 235.235 241.576 200.62 182.323 169.935 158.763 152.576 148.522 146.531 144.507 145.213 147.843 149.293 153.453 158.76 166.023 177.707 194.328 236.083 235.814 230.396 223.63 218.084 207.542 198.181 184.733 171.271 154.465 137.143 122.857 96.7233 83.8137 44.7794 7.46719 -0.132207 0.56685 0.034665 
-0.591704 -0.589411 -0.247081 -0.38923 -0.244813 -0.424461 -0.802344 -0.678676 -0.266125 -0.673885 -0.469217 -0.24218 -0.25789 0.184077 7.09719 34.4643 74.6844 104.833 128.825 148.987 166.62 183.857 198.789 213.627 226.092 233.172 239.119 245.392 252.738 208.383 191.531 178.904 169.261 159.742 152.528 152.351 154.711 157.845 159.85 162.457 166.933 173.507 180.834 192.65 209.602 250.563 256.634 251.042 243.765 236.955 226.398 214.478 201.298 187.255 168.001 148.44 128.09 106.573 87.5109 69.5586 15.6497 6.7221 0.661105 -0.0923959 
-0.690971 -0.725495 -0.431725 -0.585186 -0.69908 -0.442379 -0.408472 -0.317691 -0.702895 -0.143796 -0.290179 -0.412026 -0.25333 2.01382 22.1469 38.7281 88.209 113.77 135.101 155.839 172.096 190.062 206.037 219.814 230.444 238.445 248.133 252.615 257.219 214.736 196.765 184.61 166.379 154.616 151.327 151.325 154.496 165.135 166.414 169.066 172.175 178.228 186.053 196.049 213.517 252.745 260.009 256.832 249.374 241.801 232.45 217.128 204.001 187.946 168.406 150.471 129.112 109.092 84.9367 66.5948 17.9068 14.3259 9.03913 4.63545 
-0.48142 -0.632819 -0.626791 -0.256993 -0.835137 -0.20242 -0.414708 -0.218717 -0.390622 -0.0403287 -0.447095 -0.357472 1.32292 11.4706 19.1388 35.8883 88.2438 112.855 133.433 153.683 171.873 189.525 204.843 218.369 229.56 238.983 246.613 251.053 258.987 215.507 200.602 178.92 157.807 150.466 146.639 145.578 145.484 149.008 156.345 166.566 171.399 176.358 184.643 194.793 208.729 247.243 254.868 248.569 238.581 228.539 218.08 203.985 187.319 165.524 145.941 118.589 86.3785 61.0477 40.0472 24.2058 9.95146 8.37346 6.46925 4.232 
-0.481248 -0.783906 -0.307106 -0.521144 -0.192063 -0.676317 -0.54575 -0.492391 -0.239353 -0.23299 -0.415835 -0.0980524 7.35675 8.53703 11.4514 12.9437 47.9228 70.1703 82.6004 109.104 135.335 154.605 171.812 181.461 193.854 203.847 212.036 219.795 230.628 182.187 150.131 134.22 124.985 122.491 120.136 118.711 118.694 119.424 121.21 127.176 132.644 141.167 151.27 157.595 173.285 207.715 213.209 206.967 198.471 190.134 177.966 160.936 142.38 117.78 86.3855 38.9647 3.87561 3.16655 2.89248 3.07943 2.22304 2.15042 1.77529 1.65478 
-0.262664 -0.726808 -0.411547 -0.691455 -0.747883 -0.624412 -0.56712 -0.666436 -0.281998 -0.421781 -0.287013 -0.302675 5.66279 11.9011 5.06222 3.32009 3.59383 4.07734 4.50565 6.11744 58.2731 96.7795 122.748 143.045 159.388 172.68 182.507 192.777 195.492 143.217 125.599 114.627 107.237 103.994 102.599 101.336 101.077 101.796 104.668 107.015 110.306 115.612 123.69 143.622 163.299 198.375 203.297 197.488 188.961 178.147 164.07 147.746 127.138 103.11 69.4296 15.9813 3.64745 3.18555 1.64435 1.61681 1.18287 1.08754 0.986974 1.12716 
-0.464897 -0.33973 -0.532947 -0.586652 -0.194049 -0.648278 -0.721584 0.174029 -0.482954 -0.485656 -0.568875 -0.312743 -0.707321 7.06379 3.53875 4.18768 2.07774 2.63838 3.63089 3.83923 48.1123 89.3792 116.279 139.797 156.481 167.934 179.672 174.074 172.453 136.28 119.49 110.577 103.827 100.598 98.83 98.423 97.5781 98.3536 99.954 102.307 105.696 108.334 116.144 125.85 148.222 193.348 203.367 195.407 187.512 175.831 164.123 146.574 126.863 101.182 69.6349 12.6832 3.05355 2.38015 2.04372 1.64555 1.45966 1.26926 1.25249 0.998701 
-0.651492 -0.240059 -0.68022 -0.453465 -0.465501 -0.642328 -0.628888 -0.292457 -0.583355 -0.650352 -0.0754876 -0.288566 -0.146713 0.859386 7.51811 3.82223 4.15146 2.41272 2.89325 3.63269 41.4407 87.3206 114.529 136.905 153.402 165.533 171.8 157.233 159.697 136.782 116.331 107.288 101.082 98.969 96.5282 96.1219 95.7584 95.9742 97.3917 98.8039 103.588 106.934 111.289 119.843 134.833 175.205 201.845 194.174 186.128 175.194 160.935 144.826 125.482 99.2667 68.6238 11.0517 2.9084 1.76424 1.58073 1.39557 1.18025 1.07289 0.707295 0.993755 
-0.125681 -0.49835 -0.239116 -0.150283 -0.332999 -0.452767 -0.507506 -0.316058 -0.043356 -0.494245 -0.106012 -0.318704 0.124882 -0.612017 8.2066 2.24551 7.30699 2.10663 2.88136 3.31813 36.1055 85.3885 112.528 135.892 151.17 163.621 159.073 148.508 151.56 139.298 114.785 105.584 100.458 96.6945 94.7267 94.1988 93.8779 94.9952 95.5098 96.9365 99.5957 104.035 108.72 116.013 128.432 164.819 186.184 193.623 185.999 174.28 160.617 143.833 123.818 98.6977 67.2002 9.25438 2.02826 1.28664 1.54255 1.42253 0.909544 1.42229 0.942579 1.16943 
-0.292372 -0.346467 -0.297545 -0.823854 -0.74551 -1.47877 -0.356164 -0.307818 -0.430244 -0.532303 -0.395901 -0.545174 -0.361023 -0.0887206 6.56979 2.81331 7.30567 1.1426 1.88167 2.54949 32.4252 82.3778 110.582 133.787 150.011 164.382 147.632 143.919 148.572 136.834 112.893 104.777 98.5648 96.9665 94.4093 93.504 92.7166 93.2934 93.845 95.9824 98.8918 102.551 107.581 113.494 125.584 159.099 175.25 191.223 184.286 172.623 159.698 143.358 123.462 98.8152 66.5462 7.92149 1.94762 1.17424 1.10777 0.957664 1.26214 1.02205 1.33306 1.2424 
-0.209596 -0.217213 -0.777061 -0.565689 -0.508598 -0.600246 -0.980058 -0.44231 -0.33111 -0.661873 -0.528819 -0.0680097 0.100816 0.048505 6.21701 5.39199 8.05542 0.846434 1.87667 2.32267 29.2315 80.7407 108.579 131.936 147.987 165.5 142.932 139.678 145.089 137.769 114.855 105.079 98.6131 95.6306 94.8326 93.0577 91.8924 92.4334 93.447 95.2292 97.331 100.961 105.634 112.39 123.727 154.758 169.831 185.605 182.943 173.613 159.263 143.097 123.092 97.0437 64.8375 9.33956 2.17861 1.39864 1.28611 1.15508 1.84506 1.39784 1.49012 1.33491 
-0.548367 -0.305222 -0.630441 -0.32239 -0.553444 -0.556966 -0.525866 -0.308227 -0.384418 -0.118563 -0.442451 -0.212324 -0.194858 -0.199056 6.37355 7.57375 9.45272 0.604057 2.26384 2.58097 26.7035 77.4338 106.91 129.961 147.304 163.261 145.009 138.7 143.328 139.137 115.429 106.018 98.8678 96.1329 93.9441 92.8482 92.3854 91.8048 93.4582 94.5392 97.4992 101.353 106.028 112.328 123.213 153.498 166.565 181.659 182.367 172.602 158.582 142.165 123.34 97.9818 64.8742 9.6063 2.48488 1.29806 1.19537 1.56643 1.73869 1.33073 2.31473 1.49952 
-0.346178 -0.0522505 -0.554401 -0.97974 -0.517873 -0.260129 -0.321752 -0.132018 -0.0860686 -0.391051 -0.14853 -0.279986 -0.36654 0.250435 -0.248832 13.7031 10.3111 1.6577 2.26272 3.17452 20.1379 73.4217 103.685 127.679 144.042 158.733 153.645 139.182 141.75 143.369 116.942 107.313 99.7423 96.3162 94.2897 93.2375 92.6489 92.2537 93.4166 95.213 97.8727 101.501 104.659 112.642 121.047 147.702 163.469 177.995 183.393 172.729 160.313 144.438 126.206 100.351 69.0435 15.0968 2.74835 1.46156 1.74369 1.62243 1.85306 1.50645 2.19626 2.29776 
-0.189893 0.191656 -0.352935 -0.489297 -0.445843 -0.400641 -0.745195 -0.581907 -0.234076 -0.472937 -0.473454 -0.392432 -0.496505 0.198477 2.79741 11.6472 10.8254 0.719643 1.48814 3.69454 16.127 70.5251 101.254 125.67 143.803 157.26 160.384 141.515 141.167 147.378 119.806 108.879 100.647 97.3475 94.5045 93.5555 93.0407 92.8498 93.7619 95.5592 97.8904 101.172 106.344 111.6 121.052 145.349 164.299 179.242 184.719 173.584 161.799 144.982 125.609 100.697 70.3667 16.4279 3.25459 2.20488 1.68707 1.9461 1.75216 1.92882 2.48077 1.83967 
-0.864651 -0.437794 -0.47011 -0.597683 -0.418104 -0.709501 -0.626081 -0.392364 -0.1583 -0.30606 -0.490454 -0.487227 -0.467298 1.37821 1.90961 8.15003 12.3833 0.858429 1.3553 2.96152 14.3708 69.8551 100.451 124.842 143.524 157.405 165.24 145.241 143.003 149.68 120.854 109.845 101.997 98.2707 96.4688 94.4972 94.1475 93.8402 94.1186 95.8049 98.3535 101.926 106.834 112.739 122.329 145.129 164.804 181.763 184.022 174.78 160.597 145.555 125.629 102.091 71.0005 16.7099 3.27282 2.33045 2.28033 1.88789 1.86471 2.27312 2.04548 2.30394 
-0.332928 -0.168262 -0.319905 -0.648652 -0.785642 -0.834038 -0.535125 -0.824035 -0.345623 -0.312152 -0.636862 0.037892 -0.0219691 1.77682 1.77567 8.78603 14.4282 -0.151969 1.67991 3.29371 12.087 68.3369 98.6148 123.505 143.063 155.774 172.37 150.683 144.231 152.682 122.735 111.528 104.263 99.3377 97.5603 96.2883 94.3411 94.7015 95.8303 96.9257 98.5963 102.018 106.385 112.318 122.905 145.389 167.914 184.994 184.667 174.316 160.562 146.045 125.903 101.254 71.0824 17.6395 3.17793 2.08781 1.59613 1.92099 1.77587 1.92077 2.1503 1.99192 
-0.525566 -0.529423 -0.629765 -0.272061 -0.629689 -0.473635 -0.501177 -0.840028 -0.606263 -0.232838 -0.133109 0.12103 1.58882 1.21907 1.26441 7.67383 11.2913 -0.114732 1.51778 2.7464 11.0139 66.857 97.6447 122.855 143.139 156.207 168.126 165.317 148.573 155.637 125.15 113.064 105.309 100.602 98.3428 96.648 95.2172 95.543 96.0471 97.3267 99.6713 102.86 107.811 114.223 124.051 144.963 173.275 189.748 183.74 174.261 162.917 145.808 127.348 101.667 71.6572 18.1259 3.08611 2.09148 1.9054 1.57527 1.55371 1.95506 1.68154 2.20253 
-0.42558 -0.228803 -0.508502 -0.347138 -0.622519 -0.383108 -0.506064 -0.157066 -0.391582 -0.561516 -0.123113 1.31478 1.60311 1.67023 0.797414 1.06321 18.1202 -0.951134 1.13407 2.48163 9.26723 67.0495 96.5049 122.401 141.823 155.973 168.338 178.797 156.173 159.014 127.675 115.289 106.851 102.063 100.182 98.5716 96.6637 96.8882 97.6306 99.3984 101.355 105.084 109.123 115.299 125.218 143.543 183.766 194.57 184.94 174.078 162.842 146.07 126.735 102.879 72.6055 19.3042 3.0351 1.80251 1.53527 1.47278 1.78261 1.7931 1.57189 1.52999 
-0.826017 -0.450188 -0.211183 -0.499483 -0.26146 -0.811497 -0.527321 -0.609983 -0.428012 -0.424456 0.917392 1.43217 1.35669 1.46907 1.22543 -0.744073 19.1601 -1.47103 1.09838 2.5125 8.35673 65.2216 95.5556 121.181 141.172 155.519 168.044 179.969 176.112 167.455 132.132 119.017 108.363 105.627 101.098 99.4028 98.5366 98.6685 98.3091 100.633 102.823 105.837 111.393 118.117 129.474 145.064 199.472 192.305 186.021 174.065 162.283 146.601 127.616 102.43 72.9551 20.1601 2.79617 1.70514 1.52826 1.61608 1.47155 1.76514 1.86873 1.59162 
-0.651202 -0.319674 -0.344029 -0.493067 -0.417388 -0.396534 -0.381164 -0.739871 -0.673306 -0.261097 2.42881 1.54164 1.58742 1.09262 1.44874 1.46477 17.0967 -0.956679 1.32114 2.20429 6.51261 64.5636 95.2722 121.197 141.073 155.005 167.799 179.181 186.444 183.47 140.271 123.959 114.251 107.381 105.147 102.233 101.695 100.854 102.124 103.682 105.965 108.92 114.776 123.287 134.038 157.361 205.827 193.145 185.645 175.38 162.774 147.076 127.902 103.431 73.8661 20.9138 3.00619 1.26225 1.30894 1.51379 1.84519 1.46589 2.08552 1.46017 
-0.382856 -0.54148 -1.05303 -0.222555 -0.379647 -0.372336 -0.63113 -0.213945 -0.0357985 0.710236 1.56853 1.01764 1.39137 1.01872 0.550382 1.09916 18.8394 -1.33201 1.11283 2.4439 4.9828 63.7574 94.087 120.525 139.83 155.443 169.004 178.387 187.66 191.258 155.897 136.269 122.156 114.997 109.719 107.376 106.403 105.41 106.253 108.489 112.012 115.826 122.576 131.843 144.977 162.343 201.498 192.296 185.548 174.865 161.74 147.137 127.817 103.125 74.0684 22.9538 2.87159 1.65487 1.45832 1.81992 1.55836 1.59273 1.78776 1.50676 
-0.181636 -1.04558 -0.788309 -0.492782 -0.628269 -0.531989 -0.732299 -0.229105 -0.201726 0.835561 0.984076 0.838063 1.28417 0.740573 1.1702 0.776149 12.675 -0.494337 1.14968 2.04809 3.06974 63.9674 93.983 120.436 141.565 155.918 168.161 179.218 187.277 195.959 158.328 142.933 129.116 123.446 119.907 117.828 116.059 114.508 115.989 115.493 119.251 121.842 126.962 133.425 143.699 161.113 200.498 192.516 185.26 174.317 162.499 146.714 127.577 103.863 74.537 24.7113 3.14028 2.05373 2.0477 1.77518 1.93034 2.02947 2.05917 2.07327 
-0.366653 -0.511508 -0.655698 -0.831725 -0.717077 -0.543804 -0.223107 -0.412164 0.367175 0.617174 1.09267 0.590443 0.324769 0.869562 0.487113 0.289822 10.7868 0.453693 0.643918 1.91978 2.20725 62.2626 94.0221 120.469 140.864 155.695 168.144 179.655 188.29 198.564 160.576 144.076 128.678 123.033 119.758 117.738 116.217 114.916 115.196 115.75 119.075 121.251 126.845 134.236 143.935 160.95 200.095 193.033 185.325 175.017 161.899 147.497 128.026 104.508 76.1026 24.7408 3.22134 2.01888 1.38831 1.99928 2.02935 1.91799 1.95441 1.90111 
-0.880337 -0.625804 -0.714632 -0.545452 -0.962708 -0.876462 -0.858882 -0.588146 0.119733 0.611818 0.419607 0.175541 0.592124 1.19542 0.72641 0.413506 7.02053 4.75182 0.726201 1.82587 1.55016 62.6956 93.3324 118.852 140.631 155.94 168.049 180.262 188.336 199.987 160.108 145.572 129.106 124.923 120.371 118.039 116.616 115.899 115.56 116.23 118.667 121.978 126.591 133.861 144.078 160.682 197.957 193.14 184.967 175.843 162.807 148.073 129.103 104.596 75.8329 26.7512 3.02823 1.7689 1.79135 1.89677 1.82431 1.86693 2.03087 1.75177 
-0.776843 -0.168501 -0.208674 -0.393295 -0.99315 -0.481755 -1.03061 -0.535072 -0.461838 0.0343805 0.534291 0.963106 1.03047 0.92499 0.234517 0.951985 -0.109138 7.71491 0.989318 1.38781 1.19755 61.1096 92.8982 119.397 139.307 154.997 168.234 178.18 188.94 202.389 161.591 146.479 130.762 125.015 121.555 118.201 116.503 116.827 115.609 116.907 119.354 121.159 126.265 133.301 144.284 160.423 198.123 192.821 185.136 174.978 162.493 148.649 129.579 105.705 76.9553 28.0695 3.12238 1.91507 1.64737 1.53911 1.21912 2.15665 1.68465 2.0804 
-0.686199 -0.639574 -0.358202 -0.755463 -0.801622 -0.743771 -0.405678 -0.439878 0.397053 0.263754 0.508462 0.736864 2.10881 2.01328 0.347913 1.21568 1.2735 5.33406 0.695917 1.38477 -0.117412 60.3377 92.3371 118.17 139.48 155.021 168.166 179.414 188.425 202.245 164.689 146.983 131.044 124.985 120.827 118.578 117.467 116.315 115.572 116.636 119.257 122.925 126.774 133.259 143.155 159.076 197.212 194.63 186.057 175.78 163.627 149.453 129.454 105.784 77.9738 29.1374 2.84903 1.87782 1.74906 1.59132 1.57844 1.88112 1.6798 2.0397 
-0.625968 -0.580022 -1.48971 -0.515568 -0.891392 -0.193779 -0.822609 -0.716203 -0.450805 0.839862 0.369349 1.01496 0.520318 2.17984 0.445502 1.24986 1.91246 2.81083 0.337822 1.49751 -0.78914 59.889 92.2667 117.985 139.614 155.236 168.837 179.804 188.53 197.277 170.411 147.523 130.797 124.584 121.995 126.839 117.171 117.025 115.712 117.19 118.495 123.633 126.513 132.692 142.908 159.008 196.885 194.099 186.199 175.879 164.676 149.655 129.685 106.46 78.1127 31.9768 2.71105 2.33208 1.17491 1.44677 1.735 1.16549 1.71996 1.69424 
-0.307175 -1.3343 -1.00777 -0.361516 -0.589059 -0.639671 -1.66732 -0.451205 -0.249899 0.612947 0.579389 1.61364 2.69631 0.174217 1.28473 2.56582 1.27486 1.39049 0.448844 1.45001 -1.44284 58.5366 90.6888 118.654 138.252 153.973 166.794 179.098 188.011 196.114 174.152 148.816 132.296 125.84 122.347 119.403 117.077 116.87 116.442 116.986 119.332 122.702 125.756 132.473 142.341 157.641 195.064 196.457 186.836 175.983 164.751 151.074 130.578 107.504 79.0649 33.3327 3.04398 2.05702 1.24401 1.50421 1.42934 1.43295 2.08432 2.04596 
-0.723834 -0.830495 -0.848639 -0.609725 -0.282398 -0.557385 -1.03346 -0.318566 -0.651553 -0.557922 0.803896 2.64495 3.45585 -0.671481 3.22317 0.928117 0.695263 0.200446 0.752475 1.67835 -1.0999 58.4652 91.0262 117.765 138.569 154.043 167.218 178.616 188.087 196.269 176.557 149.164 133.468 127.353 121.906 119.323 118.347 117.287 116.566 117.861 119.016 122.41 126.372 132.118 142.731 156.726 194.836 194.247 186.91 178.158 169.186 150.979 131.84 108.989 81.2767 36.4467 3.35971 2.87064 2.52687 1.44356 1.6671 1.92005 1.94657 2.29714 
-0.57222 -0.855357 -0.856793 -0.699841 -0.834114 -1.01457 -0.628117 -0.637367 -0.0611791 -0.59355 2.0386 2.23248 3.79546 2.79354 0.214022 0.566446 0.334179 0.489774 0.184914 2.10711 -0.995281 53.4284 90.9274 116.585 137.29 154.103 166.701 178.236 189.212 196.337 181.421 151.019 134.476 127.56 123.121 121.263 118.677 116.971 116.724 117.839 119.074 122.207 124.468 131.317 142.242 155.953 189.541 195.437 187.824 178.196 168.929 151.611 134.174 111.484 84.0631 43.3968 2.67722 3.04419 2.86319 2.03058 1.8474 2.10577 1.63279 1.90872 
-0.535924 -0.527495 -1.08102 -0.86112 -0.748063 -0.381286 -0.773873 0.178716 -0.317108 -0.475333 2.77228 2.61255 5.37199 2.19835 0.459305 0.715397 0.320155 0.655591 1.42508 1.60438 1.14147 46.1591 88.9177 115.15 136.07 153.777 166.865 178.738 187.489 196.189 185.483 153.815 135.965 128.193 124.167 120.745 119.225 116.86 116.817 117.656 119.181 121.141 126.244 131.867 140.378 154.999 187.501 196.876 188.16 180.035 166.809 153.575 136.513 113.981 87.7876 52.2036 1.43537 3.42297 3.00552 2.91291 2.69678 2.21571 2.11229 2.40703 
-1.04915 -0.737855 -0.386835 -0.779455 -0.445276 -0.4031 -0.853586 -0.742148 -0.576801 -0.621441 3.87452 3.34868 6.21349 1.92873 0.0317286 0.963399 0.848811 0.539698 1.29169 2.0259 2.17305 45.3282 89.083 115.685 137.522 153.735 167.021 180.726 189.166 196.368 187.055 153.66 136.615 129.456 124.799 121.573 118.455 117.273 117.243 118.167 118.816 122.318 125.071 131.723 139.036 152.658 182.712 196.142 187.699 178.661 167.677 154.161 136.88 114.578 89.3938 56.1795 2.36873 4.53116 3.22273 3.17428 3.0212 2.74994 2.34675 2.54232 
-0.415033 -0.553803 -0.605304 -0.398106 -0.87774 -0.355409 -0.0483117 -0.22566 -0.344299 4.03608 12.6898 5.86194 5.07834 1.27053 0.938007 1.27096 1.36266 1.3835 1.77097 2.88489 2.44638 46.2216 89.668 115.613 139.16 152.304 167.115 178.599 189.036 195.773 187.234 155.947 137.502 130.717 124.965 121.734 119.597 117.376 116.405 117.14 119.603 121.566 125.077 131.279 139.172 152.476 182.311 196.504 189.309 181.523 169.33 155.554 139.023 118.255 91.5781 57.0796 2.94929 6.40291 4.45969 3.92874 3.54203 3.07446 2.92063 2.13526 
-1.02637 -0.897744 -0.821677 -0.136023 -0.728532 -0.632228 -0.67658 -0.710998 -0.343984 7.60386 9.44163 4.8938 1.9209 1.60213 1.1947 2.39304 1.37845 1.85059 2.36133 3.22653 2.65364 44.2734 91.165 117.313 138.485 153.669 167.68 179.858 189.285 197.13 189.456 156.718 138.675 131.176 125.623 123.05 121.097 120.245 118.803 119.821 122.571 123.678 128.713 133.564 141.557 154.287 182.99 200.865 194.421 185.308 172.919 160.524 146.686 127.264 103.141 76.5042 29.9783 5.17086 5.34204 5.12792 4.27581 3.40702 3.0916 3.0452 
-0.72882 -0.609073 -0.924165 -1.10308 -0.553483 -0.683431 -1.86109 -0.658193 -0.36634 0.400428 8.87516 9.84509 9.95295 7.74757 3.20536 2.56498 2.47501 2.6827 2.74244 4.0956 19.309 69.8304 103.296 128.458 149.18 163.017 173.841 184.938 196.017 208.71 204.782 172.997 155.006 148.232 144.647 141.344 139.17 139.576 140.581 141.412 145.293 150.216 154.056 161.396 169.906 184.076 211.872 235.268 228.919 219.29 209.432 198.313 186.79 170.179 149.986 129.342 104.782 67.1736 51.8677 32.0202 17.765 18.9394 16.2773 13.7793 
-0.68573 -0.633065 -0.757066 -0.82073 -0.545737 -0.677962 -0.811605 -0.527076 -0.154356 -0.541447 -0.0263489 9.19876 11.8495 12.8606 15.4761 14.2886 13.6796 12.067 12.6814 12.5691 69.305 108.504 136.694 166.572 189.271 205.042 218.242 231.35 239.825 245.105 238.495 201.186 182.098 172.068 166.2 163.455 160.542 160.29 160.213 160.475 164.15 166.882 171.953 178.611 187.48 199.835 232.216 256.403 250.064 242.008 230.861 221.809 209.132 197.629 179.468 160.619 139.711 114.22 99.1245 87.8181 36.9804 22.5084 18.4031 14.9021 
-0.325676 -0.919728 -0.594391 -1.09328 -0.10919 -0.540049 -0.874064 -0.698022 -0.686451 -0.863103 -0.35692 -0.0843384 7.10121 12.1586 15.4753 18.431 18.896 19.0741 18.7834 66.6596 110.734 138.137 161.637 183.22 200.061 214.079 224.852 235.792 244.5 251.622 246.02 207.342 187.508 179.021 173.621 170.03 167.289 164.838 165.713 165.961 167.894 171.821 176.66 182.473 190.835 206.642 234.685 259.839 254.167 248.086 237.333 228.395 217.754 202.718 188.716 172.024 151.574 131.516 107.02 94.9782 65.553 17.7528 10.5272 4.31103 
-0.301339 -0.575954 -0.0861844 -0.633751 -0.424214 -1.13282 -1.06249 -0.4136 -0.622038 -0.0657142 -0.335115 -0.209034 -0.198597 3.07925 9.31728 16.8387 23.0326 21.5676 34.0025 89.4006 121.896 147.814 169.483 188.407 203.163 216.91 228.439 238.739 245.842 254.818 247.852 207.738 187.026 177.268 172.033 168.199 165.459 163.655 163.376 164.672 166.398 169.075 174.113 180.988 190.94 202.918 232.337 259.652 252.71 246.669 237.036 229.961 216.268 202.167 188.357 171.236 152.823 134.127 111.627 94.7179 75.0334 9.84229 0.214071 1.00978 
-0.401658 -0.903146 -0.417088 -0.696586 -0.728717 -0.702361 -1.14295 -0.523478 -0.146992 -0.170226 -0.688228 -0.389221 -0.0325808 0.208093 -0.112452 4.42001 24.2805 26.623 47.1785 92.9513 121.961 146.309 167.689 189.089 202.39 215.025 227.189 235.85 241.594 249.146 244.97 204.104 181.742 172.539 166.468 160.941 159.282 158.769 157.334 157.631 160.358 162.068 166.484 173.594 182.167 196.864 225.9 251.202 245.849 236.727 228.339 220.543 207.583 195.448 180.824 163.332 144.165 124.3 103.716 84.3539 58.57 2.01144 0.906444 0.651072 
-0.887071 -1.04248 -0.819908 -1.06468 -0.575836 -0.720779 -0.81603 -0.150129 -1.08998 -0.978432 -1.08009 -0.433393 -0.277991 -0.767317 -0.241191 -0.0616017 6.14705 32.8713 48.0045 85.78 114.493 141.213 163.513 180.7 194.899 207.126 218.859 226.03 233.069 239.027 237.486 197.421 176.905 165.951 158.807 154.611 152.379 150.148 149.581 149.577 150.721 154.969 158.727 164.974 172.187 184.586 210.201 240.64 233.097 224.992 215.848 206.323 193.544 181.434 165.098 146.442 127.569 107.428 85.6186 60.3235 18.6261 4.48181 1.02785 0.208061 
-0.566033 -1.45089 -0.934746 -1.15549 -0.473495 -0.502508 -0.369709 -0.808093 -0.444284 -0.681316 -0.604136 -0.33472 -0.700631 -0.248285 -0.13484 -0.0446064 0.154946 10.2081 37.0573 70.3833 100.297 126.969 151.123 167.347 182.524 195.752 205.59 214.075 221.387 227.492 228.528 190.561 166.39 156.847 150.908 145.307 142.799 140.058 139.568 140.103 140.3 141.726 146.123 150.331 158.622 169.463 188.11 227.378 214.757 207.482 196.22 186.275 175.671 161.781 143.941 122.757 102.107 73.4853 33.1627 5.78097 1.61419 1.35313 0.970164 0.68891 
-0.579996 -0.610382 -0.692696 -0.88614 -0.822136 -0.816414 -0.402148 -1.79562 -0.268519 -0.492827 -0.380343 -0.269331 -0.865155 -0.0341476 -0.438161 0.210784 0.174258 -0.368915 7.58613 32.0177 68.5217 102.078 128.528 148.23 165.415 178.861 189.432 197.315 206.496 214.31 218.664 178.743 155.256 146.054 139.601 135.781 133.246 132.139 131.719 132.802 133.273 135.383 140.309 143.655 150.131 161.418 178.615 220.511 206.702 201.57 188.689 180.56 170.116 153.256 134.028 109.586 80.0583 22.6426 6.33846 2.75182 2.26414 1.24095 0.968867 0.395293 
-0.409333 -0.614301 -0.43244 -0.543623 -0.319156 -0.849095 -0.823131 -0.126911 -0.567652 -0.208295 -0.690672 -0.624461 -0.511735 -0.520201 -0.430968 -0.171722 -0.3591 0.653819 1.51619 2.28345 9.79606 72.0923 103.27 128.027 150.332 165.926 178.575 189.254 201.671 207.69 213.599 175.92 154.312 144.037 138.96 133.899 131.293 130.62 130.418 131.854 132.33 134.236 138.438 142.673 150.039 159.547 175.569 220.154 207.179 199.284 189.406 180.478 170.039 152.029 134.792 108.561 79.8634 22.8564 5.79296 2.56743 1.27848 0.972077 0.582769 0.450237 
-0.711966 -1.05011 -0.91552 -0.606718 -0.712557 -0.464966 -0.785705 -0.877338 -0.417271 0.282763 -0.747092 -0.418949 -1.02768 -0.82862 -0.647478 -0.800588 -0.295685 0.51222 1.37394 1.65646 8.88568 68.0372 100.981 128.423 148.029 165.812 176.602 186.674 199.167 206.993 213.804 173.783 151.664 143.145 136.564 133.955 130.838 130.617 130.212 129.509 131.37 133.461 137.682 142.441 149.322 159.605 175.47 216.918 206.026 200.361 188.459 179.298 170.36 153.894 134.241 109.235 79.8037 24.1026 2.90282 1.52718 0.870841 0.73515 0.746828 0.475951 
-0.702432 -0.655372 -0.978043 -1.03754 -0.73813 -0.484211 -0.967972 -0.759051 -0.471295 -0.799817 -0.266245 -1.05776 -0.728833 -0.676747 -0.862912 -0.310981 0.30363 0.461746 1.03119 1.77945 9.93887 66.2553 100.181 126.986 148.149 165.757 177.199 187.553 199.435 208.09 213.735 174.995 152.043 142.289 136.849 133.912 130.432 128.421 128.828 129.512 130.555 133.428 136.893 141.382 147.38 157.949 172.96 215.718 205.144 198.678 187.062 178.756 168.597 153.463 133.505 109.342 78.424 27.3258 2.25497 1.24969 0.602897 0.132464 0.129308 0.620926 
-0.726022 -0.435084 -0.79213 -0.706099 -0.67334 -0.31795 -0.979374 -0.719122 -0.56531 -0.66834 -0.373822 -0.706799 -0.504068 -0.224563 -0.0317217 -0.236786 0.0119512 -0.5326 0.581495 1.07035 7.56911 64.9613 99.5268 125.586 147.662 165.555 176.04 184.666 198.619 206.408 213.244 174.021 151.065 141.794 136.201 133.071 130.338 130.122 128.352 128.711 131.148 132.409 135.314 142.247 147.116 156.261 174.059 210.836 205.661 198.953 187.667 178.64 168.98 153.584 133.296 108.573 78.5146 29.4853 2.54827 1.08021 0.47062 0.376949 0.174086 0.0868273 
-0.688732 -0.939008 -0.687392 -0.603014 -1.17681 -0.513793 -0.963522 -0.922913 -0.192547 -0.892226 -1.77129 -0.49763 -0.586008 -0.438345 -0.736234 -0.547134 -0.664265 -0.296581 0.18086 0.958005 6.6186 63.4521 98.3433 124.616 147.863 165.029 175.585 182.373 197.556 203.312 211.002 174.177 151.865 140.48 136.19 132.191 129.303 128.202 127.641 128.299 129.799 132.043 135.962 139.683 145.382 155.52 172.014 208.973 206.86 199.835 189.304 179.277 171.133 153.739 135.61 110.899 80.3148 30.2931 1.75095 0.883866 0.309378 0.205152 -0.163924 0.643356 
-0.663023 -0.857443 -1.0345 -0.341023 -0.692262 -0.359817 -0.233031 -0.707595 -0.0124901 -0.733204 -0.964635 -0.0145253 -0.606267 -0.488843 -0.422338 -0.810685 -0.731185 -0.162791 -0.00713018 0.928408 1.53842 57.9571 94.133 121.462 143.814 161.762 173.624 181.979 195.554 204.199 216.419 177.592 153.63 142.717 135.942 132.852 129.778 128.868 128.792 127.903 129.361 130.232 134.308 138.462 143.834 154.426 168.334 207.103 207.002 199.286 192.049 179.135 172.875 156.832 138.106 112.896 84.3967 38.9569 1.76801 0.990202 -0.0203124 0.34447 0.058122 0.460262 
-0.435748 -1.10933 -0.632253 -1.03085 -0.807455 -0.188166 -0.250368 -0.531763 0.13018 -0.608414 -0.764447 -0.507476 -0.525147 -0.414179 -0.521868 -0.546457 -0.540056 -0.626543 0.0747871 0.698365 1.14599 58.9976 93.2165 121.185 144.887 162.004 174.886 182.305 195.161 203.594 215.704 174.637 153.008 142.017 135.894 132.564 129.125 127.819 127.298 127.52 128.894 131.714 134.792 139.053 144.752 152.973 167.123 202.668 207.793 199.108 190.722 178.353 172.282 156.263 137.777 113.167 85.0106 39.5289 1.30378 1.24752 0.32319 0.225654 0.465402 -0.138085 
-0.137358 -0.951095 -0.13748 -1.0914 -1.0189 -0.763654 -0.612193 -0.294316 -1.20367 -0.306257 -0.846273 -0.582378 -0.476525 -0.178912 -0.0295996 -0.453207 -1.08686 -0.10028 -0.171849 0.802514 0.0844072 57.3117 91.9458 120.565 143.69 161.528 172.691 180.267 194.246 203.597 215.244 174.666 154.234 142.337 136.393 131.733 129.237 128.38 126.998 128.534 128.777 129.367 133.871 138.242 143.926 152.102 166.783 203.546 205.451 201.356 190.194 180.211 173.059 156.48 138.252 114.686 85.823 41.3777 1.21036 0.659777 0.460054 0.37671 0.504352 0.359927 
-0.311615 -0.278927 -0.271815 -1.15864 -0.899133 -0.3559 -0.715663 -0.831608 -0.437975 -1.10821 -0.560172 -0.686433 -0.898106 -0.454071 -0.493854 -0.507343 -0.595457 -0.402059 -0.272468 0.925293 -0.825563 56.6093 93.6706 120.733 143.632 160.877 172.319 179.316 193.989 203.299 213.746 189.117 153.471 141.687 135.721 132.702 129.438 127.062 126.615 127.101 128.597 129.965 133.834 136.338 143.225 152.619 164.892 202.121 206.708 200.586 190.866 178.722 173.966 158.608 138.734 115.045 86.5868 44.8628 1.73131 1.93184 0.968411 0.935673 0.741669 0.457084 
-0.145668 -0.564831 -1.10318 -1.0659 -0.593458 -0.698485 -0.528438 -0.231208 -1.19496 -0.768984 0.0540952 -0.199844 -0.804424 -0.110835 -0.730611 -0.404097 -0.353224 -0.437403 0.441448 1.10396 -0.0866588 56.3459 91.7598 121.05 144.446 162.616 172.461 179.47 193.603 202.441 216.903 176.887 154.377 142.225 135.373 131.857 129.407 127.925 127.06 127.25 129.009 130.669 135.389 138.296 144.123 152.171 165.114 200.026 207.636 200.974 192.204 180.678 174.15 158.279 140.907 116.415 88.9239 46.136 1.53072 2.03529 1.87045 0.819625 1.01441 0.948715 
-0.229006 -0.0570633 -0.453523 -1.02766 -0.185062 -0.638685 -0.779097 -0.24529 -0.880748 -0.911525 -0.784531 -0.652239 -0.344765 -0.50218 -0.314015 -0.219285 -0.381435 0.171217 0.88664 1.39346 -0.729201 56.6471 92.3142 120.06 142.643 160.708 171.558 179.095 193.267 200.598 214.985 175.167 153.466 141.7 135.646 132.078 129.599 127.446 126.988 126.957 129.233 129.743 134.303 137.801 142.954 151.638 164.242 197.351 208.893 201.37 193.295 180.987 174.983 159.517 141.528 118.676 90.2937 51.0818 1.94788 3.24051 2.21627 2.30223 1.37836 0.844069 
