0.253868 0.0540857 -0.227264 0.0562784 0.197534 0.346195 0.0523858 0.259474 -0.0744477 0.454204 0.169697 0.474181 0.233582 0.578627 1.40058 -0.0739859 55.7365 91.4815 118.491 141.227 159.281 171.302 175.453 190.196 199.189 208.894 183.526 157.805 146.561 138.857 136.486 129.324 128.229 127.522 127.725 128.576 130.253 132.489 137.345 141.832 149.944 163.598 192.13 205.883 199.928 191.149 180.043 171.031 161.653 144.013 122.839 96.6932 61.5707 4.9142 0.924846 -0.213606 -0.474896 0.0292077 -0.556902 -0.21858 -0.279315 -0.41332 -0.340861 -0.203228 
-0.0756104 0.0238323 0.004248 0.237217 -0.232758 -0.118428 -0.0269319 -0.0826054 0.137689 -0.0639344 -0.469709 0.223525 0.0993935 0.229113 1.13749 -0.914572 56.5139 90.4014 118.662 141.728 159.546 173.706 175.545 192.295 199.268 207.896 185.427 158.94 147.322 139.084 135.22 130.68 127.716 127.668 126.418 128.47 130.044 133.224 136.88 142.157 150.238 164.856 192.352 205.716 199.201 190.965 178.203 170.699 162.319 144.429 123.162 95.7202 61.1609 4.88292 0.802546 0.119747 -0.390254 -0.19051 -0.161073 -0.399769 -0.097651 -0.41847 -0.289739 -0.271288 
0.399678 -0.134066 0.381465 0.0114502 0.337205 -0.361907 -0.114681 0.340622 0.158707 0.514439 -0.103518 0.395785 0.215861 0.673707 1.3736 -0.286596 56.0919 90.1828 119.423 140.384 159.944 172.617 174.74 189.04 199.915 208.637 187.547 159.012 146.75 140.25 135.859 131.525 126.976 127.093 127.056 129.35 129.639 133.616 136.428 142.19 150.515 163.678 192.635 206.555 199.22 190.578 179.238 171.756 163.389 143.886 122.283 96.833 62.7027 4.46815 0.852689 -0.0972936 -0.217828 -0.256544 0.237678 0.179982 0.0728861 0.0588275 -0.0484352 -0.164919 
-0.0970068 -0.630617 0.419521 0.45431 0.134693 -0.0431664 0.166104 -0.102139 -0.176558 -0.120212 0.0844789 -0.0190044 0.285184 0.6653 1.72216 -1.3446 54.78 91.1683 118.781 140.627 158.467 172.954 173.996 191.091 201.16 209.352 187.738 159.212 146.689 140.901 135.568 131.533 129.554 128.29 127.803 129.651 133.058 134.807 141.599 144.322 151.821 164.023 193.54 207.266 201.772 192.629 179.01 174.231 162.349 144.803 122.997 95.7004 61.9608 5.52275 1.39165 0.0322647 -0.0999248 -0.270033 -0.25683 -0.136902 -0.313817 -0.569096 -0.682125 -0.605432 
0.227134 0.229879 -0.0923091 0.313513 -0.377552 0.495665 -0.191179 0.347344 0.216604 -0.117329 0.277501 0.386806 0.354299 0.707419 1.8189 -0.634177 54.1882 90.2252 118.388 141.553 159.525 174.669 176.543 191.112 201.781 208.252 186.842 160.961 148.585 141.861 136.82 131.922 129.758 129.11 126.32 129.793 133.672 133.687 138.525 143.413 151.781 163.931 195.456 207.675 199.785 191.072 181.907 171.689 161.496 144.751 123.986 96.2472 62.9517 4.57267 1.31868 0.431939 0.00826555 0.231621 -0.0709298 -0.123221 -0.216005 -0.267215 0.10981 -0.223262 
0.374113 -0.157588 0.321438 -0.188369 0.121458 0.252685 0.0469217 0.235175 0.419407 0.0344672 0.349724 0.23427 0.0505594 0.704078 1.53441 -0.831312 55.2045 91.7301 118.533 142.227 158.991 175.626 175.066 192.88 203.054 209.548 189.655 161.525 148.715 142.074 136.824 133.299 129.283 129.934 127.079 130.158 133.753 138.57 139.159 144.311 152.757 164.976 197.016 209.264 202.09 193.364 181.717 171.717 163.883 146.051 124.491 98.0851 63.5872 5.60694 1.96043 0.448094 0.161892 0.104526 -0.082735 0.00899795 -0.000811891 -0.00623592 -0.339375 -0.615925 
0.14002 0.277067 0.231206 0.0617315 -0.362229 0.19149 0.110083 0.213607 0.0453165 0.247903 0.378003 0.288522 0.183099 1.42921 1.69576 1.15669 45.4808 88.5459 117.964 140.772 159.861 176.319 173.237 192.522 202.196 209.271 196.953 165.24 152.198 144.347 138.741 134.392 131.571 130.025 129.155 131.086 131.832 134.457 139.991 145.226 151.722 164.439 193.632 210.569 204.277 197.269 185.184 176.547 165.635 149.305 128.37 102.442 68.9322 9.88328 2.28648 1.13321 0.532795 -0.0697512 -0.227198 -0.120716 -0.558285 -0.174212 -0.573825 0.0876089 
-0.0561583 0.104331 -0.053545 0.176333 0.308799 0.16192 -0.167156 0.500249 -0.180068 0.541576 0.416059 0.0116044 0.951165 1.18674 2.1007 2.44095 43.6655 87.4995 116.094 139.138 158.767 174.422 180.448 193.583 200.525 209.987 199.501 164.734 151.773 145.071 139.523 135.249 131.616 130.152 130.135 131.244 132.809 135.613 139.145 145.627 150.753 165.378 190.279 210.702 203.907 197.462 183.563 176.224 166.717 148.938 128.729 102.252 70.1057 13.6155 3.11095 1.2198 0.30305 0.422937 -0.0416645 -0.0227253 -0.663893 0.140609 0.161309 0.0377816 
0.230842 0.0481806 -0.0827684 -0.21987 0.22284 -0.182412 0.283394 0.0567615 -0.0376921 -0.0246092 0.553169 0.575512 0.59851 1.21982 2.62763 3.05881 40.9314 87.1633 116.938 141.004 160.387 176.186 180.921 195.87 205.192 213.983 204.586 170.583 156.437 147.152 142.023 137.498 133.558 133.652 131.945 133.369 134.052 136.303 139.925 145.811 153.682 166.998 192.697 212.872 205.056 199.344 185.427 178.91 168.5 150.372 130.45 103.235 69.8719 11.6634 2.58692 1.33431 0.407262 0.141235 -0.392046 -0.3354 -0.318176 -0.331983 -0.269357 -0.402326 
0.198405 0.0266597 0.45556 0.184643 0.570938 -0.00227022 0.213232 0.283923 0.302284 0.116017 0.459733 0.368097 0.616305 1.09791 2.01775 3.71556 51.454 100.736 130.595 154.846 172.777 188.074 191.761 206.024 219.952 227.765 219.337 181.187 166.339 157.93 151.539 144.555 139.178 138.073 136.322 137.479 140.474 143.628 148.006 153.376 160.868 175.9 203.412 224.046 214.974 209.601 195.196 185.292 174.293 158.64 138.112 113.857 82.0427 32.2844 2.68011 1.34001 0.523029 0.390099 0.0689201 -0.190853 -0.296607 -0.474446 -0.339915 -0.0745426 
0.0970955 0.319591 -0.000448781 0.450955 0.21972 -0.11009 -0.011289 0.228457 -0.290582 0.0174468 0.223625 0.19621 0.76804 1.43623 1.75309 37.6815 89.9637 118.041 142.621 166.964 187.531 202.501 218.834 235.553 246.571 251.083 238.313 195.082 183.075 174.932 169.858 164.383 161.252 160.884 159.935 160.581 159.634 159.862 162.611 166.824 175.834 186.397 215.228 237.428 233.239 223.235 214.082 203.783 193.225 179.494 161.02 137.675 111.385 81.881 31.0194 0.659292 0.912624 0.168204 0.0565641 -0.323951 -0.091447 0.025499 -0.217818 -0.112245 
0.5005 0.612556 0.186267 0.242206 -0.174509 0.0504795 0.28638 0.200148 -0.141152 0.570117 0.288768 0.600998 0.689904 1.4197 3.20583 72.8568 111.178 143.079 168.138 189.205 204.607 215.633 235.275 247.555 257.51 261.35 240.317 203.974 190.851 182.396 176.458 171.962 168.942 167.333 165.409 166.483 168.404 172.522 176.238 182.247 192.622 209.348 241.315 268.667 260.767 254.086 246.161 232.621 220.778 205.054 189.63 169.419 145.316 117.462 84.5734 38.5984 2.62822 0.561984 -0.685174 0.00466108 -0.208607 -0.702714 -0.226145 -0.756121 
-0.413823 -0.285125 -0.130291 0.164086 0.307839 0.324425 -0.304611 0.211158 0.569529 0.48736 0.289597 0.992402 0.689479 4.71185 55.1089 96.3507 126.899 150.725 172.447 191.294 207.928 219.157 239.486 261.932 276.772 263.989 227.989 203.578 195.9 186.781 182.153 177.407 173.231 172.643 173.246 174.315 177.655 179.687 183.605 190.071 201.299 215.753 246.67 279.881 268.683 257.446 251.768 242.767 230.402 217.119 200.2 182.608 161.608 137.627 111.283 81.3925 32.0769 -0.435368 0.127268 -0.502208 0.077544 -0.118094 -0.31153 -0.0130084 
0.171253 -0.340182 0.0722046 0.303876 0.333818 0.515425 0.165105 0.178585 -0.166934 0.457484 0.312983 0.60335 0.497411 30.7915 80.6167 107.966 132.276 154.99 176.895 196.953 212.053 224.435 238.156 276.866 282.763 248.53 231.08 204.166 199.05 192.463 187.638 183.193 180.046 175.266 175.942 176.085 178.018 180.183 182.869 188.67 203.857 216.785 244.017 285.205 269.037 259.098 250.541 242.839 228.856 216.1 201.401 182.613 163.266 141.155 116.082 87.538 37.1528 -0.353118 -0.766006 -0.187769 -0.516039 -0.26663 -0.143012 -0.22839 
0.172822 -0.350417 0.313198 -0.0303983 -0.0533175 0.460234 -0.187031 0.2084 0.206789 0.399247 0.39146 0.357617 -1.03459 44.4634 86.4292 110.4 127.719 146.616 164.963 183.141 197.655 209.472 217.032 218.087 194.696 205.342 206.821 179.94 176.533 165.245 159.641 155.429 152.195 152.423 152.392 154.384 156.408 159.507 164.505 168.06 183.33 202.156 228.247 280.751 247.487 240.671 234.71 225.593 212.043 199.875 182.031 163.659 144.695 117.013 70.6647 49.498 14.6292 0.415281 -0.303055 -0.161959 -0.44023 0.149589 -0.383054 -0.415218 
0.101799 0.143114 -0.12854 0.338101 -0.209604 0.150736 0.144578 0.337206 0.191078 -0.31274 0.495546 0.41216 0.311826 8.752 14.368 31.9683 79.0045 112.911 136.955 158.692 174.226 186.839 204.25 178.315 158.932 159.637 175.926 154.58 144.316 149.42 150.065 145.633 141.174 140.283 140.184 140.204 141.431 143.069 146.135 149.98 161.247 185.871 211.339 256.586 223.682 216.327 207.55 194.09 178.998 161.529 140.084 114.85 75.0487 13.1131 -0.776971 0.0830198 0.981078 0.186324 0.25903 -0.121601 -0.311206 -0.130185 0.0367437 0.320494 
-0.0741438 0.352477 0.257843 0.368024 -0.191281 0.235129 0.508266 -0.119753 0.202448 0.0559002 -0.140157 0.414441 1.17267 1.13667 1.93036 2.68348 9.20342 67.0069 101.921 128.911 148.21 167.846 176.944 136.238 123.473 117.908 158.579 132.94 121.363 117.301 119.4 124.383 123.252 120.661 120.737 120.344 121.92 123.907 127.931 131.296 146.914 155.327 173.707 211.531 201.732 194.524 182.312 170.687 153.425 132.671 108.664 79.414 23.8261 2.94361 2.20145 1.48661 1.21794 0.428917 -0.100573 -0.00649111 -0.316829 0.197995 -0.261332 0.145518 
0.036151 0.231744 0.18984 0.131692 -0.0124452 -0.386782 0.0601066 0.256499 0.19763 0.105239 0.306751 0.186127 0.90818 1.62285 1.7848 2.72259 1.18236 62.3682 94.3655 120.905 145.107 158.759 162.913 125.95 111.48 105.559 132.933 131.691 117.727 111.888 109.065 109.303 119.205 119.788 118.989 118.297 120.618 122.153 125.548 129.166 141.051 153.454 166.126 208.049 198.028 188.312 180.186 166.38 151.479 130.436 105.873 75.8179 22.3788 3.04821 2.41114 1.09477 0.842488 0.576476 -0.193922 0.0180972 0.139898 0.150929 0.0651578 0.0910029 
0.04946 -0.0806009 0.110115 0.340167 -0.0128191 0.0346765 0.116223 0.489643 0.243907 0.313928 0.397323 0.359941 0.622317 1.46947 1.59615 2.48297 0.128823 54.9526 91.295 118.999 139.936 155.877 153.001 118.882 103.711 98.6084 122.368 116.677 116.664 110.042 106.958 103.967 104.412 113.245 118.885 117.826 119.619 121.17 123.948 129.1 143.967 147.74 165.015 203.934 195.782 188.504 178.026 163.424 149.19 129.306 103.528 71.889 20.4834 2.50268 0.919401 0.464443 0.722834 -0.0865774 -0.170644 0.150193 0.0008414 -0.640971 0.117892 -0.154415 
0.23661 0.216084 0.133788 0.340176 0.693369 0.2701 0.246702 0.362182 0.822183 0.40087 0.594927 0.504669 0.550453 0.925239 1.3724 2.76008 1.25319 47.7725 89.1122 118.836 139.275 152.943 146.084 113.724 100.639 94.1772 117.826 106.411 106.016 109.185 104.276 101.73 101.171 102.494 110.521 117.736 118.147 120.048 127.278 127.545 141.404 146.935 163.633 200.502 196.577 186.59 176.434 161.799 147.973 128.068 102.798 70.5888 18.0703 2.14005 0.866859 0.743912 -0.0647145 -0.0812436 -0.174312 0.00519713 -0.563114 -0.281424 -0.225262 -0.426002 
0.486063 0.145633 0.221551 0.479958 0.171433 -0.253998 -0.0996327 0.448673 -0.0275786 0.0789192 0.464495 0.244295 -0.0969831 0.199562 1.27221 1.64446 1.40902 40.6472 86.5179 116.883 138.251 152.495 144.018 111.226 99.4527 91.2962 116.164 103.557 98.4111 106.049 104.337 100.974 98.6174 99.2908 102.013 112.992 117.166 118.575 123.045 127.325 138.89 145.421 161.753 198.44 194.961 186.459 174.933 161.6 146.758 127.225 101.874 70.3652 16.7041 1.95309 0.11339 -0.431893 -0.0620603 0.00235953 -0.37874 -0.921267 -0.393079 -0.146934 -0.0426758 -0.106266 
0.0906827 0.0855777 -0.108316 -0.341475 -0.0114043 -0.117194 0.10434 0.231764 0.068571 -0.18538 -0.0364612 0.130778 0.172902 -0.033678 0.8265 1.434 1.7216 36.0914 85.7972 117.033 136.113 152.868 144.663 111.402 97.9435 90.6531 115.062 103.225 97.0934 99.1156 105.347 101.642 98.8453 97.9866 100.21 105.095 117.863 118.877 122.639 128.382 138.054 143.96 159.987 196.054 193.823 186 175.06 162.305 146.718 126.443 100.385 70.08 15.9 1.34024 -0.10052 0.621162 -0.0152268 -0.227514 -0.0728084 0.0488034 0.17774 -0.384552 -0.189695 -0.148724 
0.0904689 0.371224 0.584747 0.422647 0.117594 0.0284548 -0.0668583 -0.126293 0.0663423 0.530552 0.0572157 0.357026 0.263121 0.387937 0.765532 1.17575 1.454 33.7781 84.2896 116.323 138.423 152.943 148.798 113.681 101.53 92.4774 116.604 103.777 96.048 96.0707 102.352 101.349 98.2854 98.7619 99.6048 102.552 115.393 118.351 121.855 128.784 137.979 144.25 157.77 194.631 194.469 186.444 175.785 161.395 146.618 125.668 100.161 69.1007 16.0365 1.41046 0.169831 -0.0728514 -0.597977 -0.0492924 -0.402417 0.02841 -0.30438 0.0179394 0.177719 -0.549977 
0.403136 0.390303 0.132623 -0.216206 0.600973 -0.107404 0.476137 0.724805 0.544343 -0.113567 0.285672 -0.24744 -0.129521 0.648457 0.450985 1.0235 1.8606 26.5778 80.1963 107.831 136.163 152.196 157.271 118.185 104.765 96.2046 110.92 111.346 98.3699 96.0622 98.1274 103.155 99.6783 98.3352 99.3064 101.829 114.287 117.7 120.514 128.841 137.439 144.053 155.405 190.813 194.16 186.615 176.333 162.871 147.743 127.027 102.298 71.314 20.5163 3.00284 -0.018694 -0.0195355 -0.0359157 -0.12078 -0.0914544 -0.374531 -0.165349 -0.607689 -0.340074 0.224148 
0.185393 0.477342 0.719104 0.00915856 0.396319 0.0460106 0.327664 0.027668 0.858578 0.494094 0.123948 0.366688 -0.156886 0.654435 1.14635 1.89782 2.16824 20.4209 76.5742 108.685 134.262 150.947 163.142 122.786 108.582 99.0623 109.825 118.849 100.806 98.2156 98.442 102.532 100.14 100.3 101.313 102.499 113.074 117.223 120.324 128.12 134.616 141.012 154.87 186.409 195.039 186.476 176.604 163.606 148.742 129.189 103.666 72.2695 21.3661 3.84677 1.36527 -0.270008 0.191303 -0.278669 -0.682255 -0.545719 -0.283234 -0.211348 0.339523 -0.864246 
-0.109215 0.479855 0.565585 -0.127241 0.129347 -0.062534 0.165459 0.150687 0.436423 0.224838 0.461841 0.272866 0.0287344 0.512531 0.73012 1.19434 2.28779 18.2052 75.6945 109.806 133.757 151.283 168.909 127.957 111.439 102.318 109.776 123.496 104.204 100.026 99.0002 103.238 101.619 100.833 101.963 104.936 114.677 117.744 120.136 127.451 134.311 140.955 152.479 184.945 194.196 186.586 175.735 164.39 148.06 127.868 103.755 72.6946 21.2848 2.94986 2.3288 0.0655268 -0.157187 -0.0697487 -0.0163837 -0.0394211 -0.477901 0.034215 -0.393089 -0.299514 
0.421175 1.11928 0.570846 0.56231 0.0825523 -0.292172 0.185071 0.104121 0.324114 0.254662 -0.0652522 0.447896 0.0245244 0.384088 0.692027 1.5068 2.10454 17.5553 72.8903 110.247 133.548 151.645 164.999 138.629 116.012 104.299 112.98 127.773 106.887 101.773 100.54 105.028 103.113 102.306 103.666 107.73 115.614 117.986 119.705 128.304 132.884 139.611 151.859 182.777 193.187 185.597 175.268 162.891 148.132 127.868 103.594 72.5659 20.8014 3.31117 3.29837 -0.221298 -0.0929919 -0.14805 -0.307631 0.157517 -0.224406 -0.302183 -0.16628 -0.136351 
0.151433 0.717485 0.422386 1.07841 0.461912 0.272698 0.0255998 -0.224054 -0.00989627 -0.0150732 0.119926 0.0850686 0.524671 0.708645 0.730784 0.855342 1.42785 16.237 70.5198 110.358 133.795 150.644 163.301 152.176 121.058 109.73 115.883 133.396 110.118 105.506 105.117 107.423 105.082 105.757 105.632 110.178 115.636 116.864 119.419 127.769 132.121 138.391 150.411 180.285 195.193 186.481 175.351 162.058 147.274 127.389 103.04 71.5751 21.416 3.27952 2.93119 0.65813 -0.29391 -0.0745354 0.00506687 -0.321943 -0.667806 -0.115373 -0.242073 -0.360614 
0.165596 -0.136351 0.512497 0.47195 0.497901 -0.122999 -0.440315 0.542775 0.580584 0.64312 0.25111 0.0794164 0.097262 -0.118442 -0.286197 1.91234 1.95289 15.2023 69.5779 107.919 132.697 151.695 162.798 164.934 127.428 114.723 119.155 138.907 115.025 110.319 111.368 110.652 107.451 109.905 109.767 116.098 115.836 116.728 119.72 127.668 130.818 138.617 150.665 178.829 193.548 186.79 176.756 162.681 148.945 127.818 102.712 71.6977 21.2945 4.54168 2.73258 0.825924 -0.0926623 0.0360752 -0.117252 -0.00131394 -0.173572 -0.172862 -0.299406 -0.274564 
-0.0660757 0.721152 0.46423 0.213154 0.360452 -0.297912 0.278044 -0.374016 0.0629955 0.170715 0.489849 -0.194587 -0.0762502 0.631774 0.539499 1.09959 1.97951 14.6861 69.3926 106.156 133.593 150.891 162.817 174.331 135.292 121.174 125.559 147.935 121.981 119.698 117.545 114.579 112.222 114.242 116.425 114.654 115.871 117.481 117.799 127.865 130.206 137.191 148.58 175.565 193.89 185.363 176.151 163.732 149.02 127.663 102.66 71.9167 23.6179 4.02582 1.99892 0.646951 -0.496479 -0.0821961 -0.0951468 0.164901 -0.274578 -0.0735835 0.242701 -0.0754009 
0.264206 0.431449 0.42735 0.078288 0.316037 -0.0921392 0.129121 -0.0732098 -0.307207 -0.117999 0.112771 0.0370326 0.918012 0.40864 0.87067 1.30825 1.61844 13.579 68.6566 101.901 137.214 150.553 163.753 175.634 158.414 130.808 135.953 158.842 136.061 129.362 123.409 120.519 120.553 117.927 116.928 115.838 115.586 115.796 118.625 127.692 129.203 136.328 147.556 174.469 193.771 186.277 175.945 163.845 148.867 127.049 103.079 75.594 24.2332 2.93539 1.6091 0.855129 -0.264018 -0.399176 -0.410875 -0.322883 -0.300282 -0.568208 0.045232 -0.0738405 
0.321629 0.0133181 -0.53957 0.891183 0.665697 0.508988 0.35052 -0.195241 -0.10068 -0.181511 0.14602 0.0861927 0.41826 0.38675 0.120468 1.063 1.60931 12.1322 68.8627 99.4979 136.717 151.833 164.146 174.503 184.992 148.09 167.736 182.313 150.208 139.529 133.945 127.711 122.902 120.003 117.078 115.903 115.418 116.64 116.559 126.639 128.478 135.057 146.454 172.326 193.363 185.787 175.635 163.395 148.252 128.375 104.442 76.8213 21.9314 2.42591 1.37107 0.698578 -0.334192 -0.1238 -0.106192 -0.100614 -0.0434765 0.172252 -0.260783 -0.444068 
1.50477 1.82221 1.1662 1.1206 1.2228 0.937611 1.17657 1.11655 0.98685 1.56818 0.800068 1.25549 1.45021 1.04397 1.33757 2.15387 2.81583 13.0498 69.7429 102.849 134.973 155.412 166.148 178.472 189.385 195.901 201.229 200.899 162.669 147.704 137.325 130.866 121.433 118.162 116.28 115.165 114.492 115.474 115.39 124.603 126.156 132.933 143.88 161.104 197.365 184.805 174.645 163.238 147.865 127.327 107.883 72.2426 22.7773 2.66688 1.37356 0.716609 0.18602 0.310074 0.343911 0.0754844 0.445365 -0.0251505 0.739071 0.175749 
2.67662 0.983515 1.72344 1.49724 0.929154 0.701875 1.67785 1.27479 1.17315 1.25532 1.29092 0.719537 1.76682 1.28299 1.26854 1.73425 3.41787 12.6108 69.7459 101.609 124.982 163.594 166.471 177.379 188.468 196.792 202.346 205.308 164.624 150.451 138.338 131.947 120.927 117.887 116.732 115.135 114.408 114.914 115.535 124.056 125.632 132.245 143.39 158.662 199.102 184.28 174.857 162.969 148.273 131.761 102.678 72.5925 22.7613 2.60409 2.63363 0.672977 0.202669 -0.0338067 0.127779 0.903348 0.925197 0.331103 0.383225 0.237298 
1.00781 2.3038 1.15475 1.23397 1.25637 1.22294 1.36424 1.14402 1.40994 1.84411 1.08779 1.02331 1.568 1.74524 1.66533 2.31056 2.70977 10.9787 69.9318 100.729 126.022 162.046 167.405 177.936 189.096 197.018 203.161 208.223 166.342 150.654 139.153 132.471 121.87 119.15 116.873 114.847 115.451 115.003 116.432 123.636 125.837 132.312 142.736 158.351 197.951 185.353 174.702 162.47 149.895 129.972 102.747 73.0815 23.9031 3.09384 1.33202 0.283211 0.269177 0.402652 0.0905038 0.367268 0.313186 0.342078 0.115829 0.139347 
1.78002 1.86992 1.99857 1.91856 0.471985 1.50393 1.4085 1.0002 1.866 0.651893 1.17205 1.74039 1.41881 0.903393 1.20678 1.90303 2.65974 11.3218 68.6682 100.913 126.453 158.276 169.811 179.232 190.215 196.208 204.784 206.527 168.802 151.147 139.678 133.131 123.098 120.049 117.43 114.515 115.33 115.982 115.28 122.61 126.97 131.674 141.95 157.373 195.786 185.786 175.626 162.229 149.687 129.048 103.256 73.4876 25.2238 2.67706 2.01452 -0.185085 0.36021 0.013568 -0.131779 0.305013 -0.0626364 0.114887 -0.368211 0.784602 
2.08917 1.85119 1.30773 1.10266 0.741338 1.29534 1.77207 0.903088 1.28043 1.07577 0.882868 1.69609 1.81875 1.15031 1.21307 2.11809 2.57766 9.58283 69.4335 99.6793 125.553 142.572 185.406 177.996 190.161 198.906 204.994 212.028 170.253 152.706 142.49 133.833 122.813 119.39 117.547 115.244 114.777 115.232 116.297 122.066 126.058 131.42 141.47 157.431 194.657 185.076 175.46 163.238 150.838 128.436 104.46 74.5744 25.7516 3.10289 1.87386 -0.25751 0.449301 0.190641 0.967588 0.197363 -0.0520286 0.0102394 0.332237 0.44796 
1.53163 1.68169 1.20006 1.27992 0.883633 1.85412 2.10558 2.50599 1.41465 1.41937 0.898901 1.38152 0.652122 1.93052 1.47339 1.70551 2.87729 8.50898 69.2219 98.4614 125.696 145.621 188.769 179.925 190.282 199.206 206.313 212.88 170.029 153.419 143.113 133.839 122.542 119.426 117.704 115.412 114.599 116.429 116.559 121.457 124.97 131.322 141.028 156.814 191.799 186.654 176.38 164.907 152.215 129.166 105.264 75.381 33.872 3.05423 1.97152 -0.00635755 0.162701 0.0785789 -0.28413 -0.136062 0.806857 0.0499182 0.146483 -0.108383 
1.74491 0.184438 1.18736 1.62425 1.07601 1.7106 1.08194 1.83102 1.66159 0.997875 1.91252 1.61211 1.29778 1.86115 1.54836 2.21022 3.18662 7.62666 70.5252 99.6562 125.299 145.319 186.66 176.334 190.251 198.268 205.532 215.618 171.343 153.551 141.973 134.674 124.113 119.612 116.812 115.897 114.665 115.116 116.116 121.556 123.199 132.158 140.916 156.053 191.726 186.458 176.208 164.695 151.816 129.207 104.088 75.5021 28.1086 2.99375 1.7144 0.265761 0.35592 0.277073 0.315422 0.308079 -0.277355 -0.0670083 0.229747 0.367526 
1.52548 1.77911 1.84609 0.998123 1.50946 1.68354 1.12724 1.0926 1.23916 1.46103 1.32884 1.14882 2.39648 1.32007 1.61251 1.4784 2.62882 7.39671 68.9647 99.7262 125.627 145.849 179.864 177.423 190.399 196.9 205.701 218.621 173.161 155.999 144.743 135.476 124.775 120.88 117.001 120.116 115.76 115.268 116.372 120.776 123.857 134.623 140.279 155.161 192.117 186.09 177.031 164.802 150.448 130.308 105.511 76.2125 29.6032 3.9195 2.28658 0.873442 0.722774 -0.146963 0.773407 -0.0573573 0.251641 0.608265 0.292708 1.04048 
1.6878 1.2597 1.3878 1.33144 1.08212 1.20565 1.35696 1.78732 1.74694 1.48301 1.18051 1.20741 1.7072 1.73098 1.30599 1.99297 2.94762 6.66173 64.9917 100.119 125.186 145.075 162.768 191.176 189.395 197.782 204.935 216.499 181.692 156.931 144.53 136.608 125.533 120.822 118.176 118.88 116.193 116.007 117.327 119.023 125.707 132.365 138.963 153.929 189.96 187.505 179.786 168.115 152.375 133.173 109.985 79.6029 35.3242 3.0297 3.18803 0.905274 0.95966 0.807284 0.834588 0.633865 -0.201687 0.365122 0.113175 0.30927 
2.01955 1.66733 0.866136 1.79316 1.81755 1.28011 1.53224 1.80071 1.42009 1.68551 0.816613 1.02885 1.08531 1.57394 1.40248 1.96178 3.68841 2.72278 64.5298 96.3817 123.374 143.909 159.029 190.954 188.327 197.711 205.473 213.457 190.23 158.803 146.582 136.444 126.406 121.196 118.074 117.329 115.65 116.132 116.432 118.578 124.279 131.756 139.202 152.244 187.25 189.574 181.324 167.843 153.806 136.817 112.691 83.3928 41.6138 3.98892 2.92149 2.0833 2.13292 0.875502 0.898927 0.945387 0.351267 0.393706 0.0632712 0.401087 
1.22139 1.69672 2.04204 1.32464 1.46738 1.63347 1.0182 1.31342 1.67718 1.50284 1.13863 1.84224 1.73612 1.79877 1.61431 1.50687 3.23785 2.75819 63.52 96.1397 121.32 143.64 159.73 187.564 188.519 199.674 206.984 215.038 193.546 160.25 147.054 137.137 126.812 122.422 118.537 117.543 115.261 115.266 116.333 119.395 122.603 131.007 139.109 152.605 185.822 189.636 183.381 168.725 154.241 137.958 114.894 85.2995 44.5503 4.06357 3.13807 2.50818 2.0687 1.64904 0.617854 0.283323 0.506705 0.00501998 0.168048 0.750578 
1.41146 1.17509 1.79436 1.55668 1.99742 1.69468 1.70456 1.70056 2.00638 1.78199 1.4853 0.974496 0.886076 1.60506 2.4019 2.72469 3.6013 3.8285 61.9099 97.7746 122.898 144.603 160.442 189.573 188.924 200.325 207.286 214.399 193.701 159.882 146.805 138.922 127.775 121.901 118.975 117.702 116.105 115.656 116.353 118.82 122.047 132.476 139.177 152.605 184.654 191.378 183.455 172.381 158.729 143.375 120.77 88.5184 47.9522 2.53874 4.28991 2.88679 2.60787 2.34859 0.806023 0.529253 0.304593 0.322378 0.397925 0.124708 
2.10971 1.91947 1.27762 1.89794 1.23458 1.51633 1.63368 1.12158 1.55214 2.02288 2.18055 1.5688 1.57362 1.56553 2.25602 2.4053 2.759 13.899 70.236 102.202 128.619 148.888 167.25 191.913 208.042 206.317 213.764 221.215 199.131 166.265 151.637 141.85 130.551 126.091 122.568 119.606 118.766 119.934 119.929 121.211 122.43 132.858 144.756 154.175 184.531 198.814 193.051 176.624 157.087 138.379 117.108 89.5017 53.0033 2.59347 4.58866 3.61054 3.29302 2.22621 1.24937 0.598395 0.176588 -0.350167 0.30645 0.919895 
1.0819 1.61217 1.19991 1.51351 1.49864 1.65513 0.240781 2.04747 1.43189 1.71899 1.65685 1.47416 1.54328 2.26898 1.96561 2.15254 4.37512 59.7976 95.453 123.783 144.696 163.282 179.792 200.975 246.12 258.748 267.381 263.863 227.351 180.774 165.723 155.799 142.371 139.592 137.951 137.46 136.7 138.43 140.137 142.058 147.876 160.856 169.671 186.569 223.928 238.506 219.348 201.368 189.611 174.606 157.301 135.324 108.775 73.1795 38.7292 36.8579 30.0291 16.4578 0.984805 0.776137 0.306326 0.682515 0.317019 -0.263769 
1.92991 1.56846 1.39121 0.591203 1.5173 1.54933 1.0653 1.47727 1.37394 1.26877 1.18327 1.39252 1.36414 1.03127 2.16458 2.26414 24.8581 76.407 107.151 133.866 154.903 175.718 189.317 205.053 243.873 276.799 279.25 274.41 243.695 196.923 182.143 173.348 164.352 160.721 157.458 156.126 155.669 156.226 159.503 160.403 165.521 199.012 220.509 232.855 257.402 251.308 239.079 230.28 221.956 214.017 202.876 191.316 178.69 166.219 145.554 119.878 95.7597 68.3312 17.0541 0.437173 0.325856 0.025459 -0.0134403 0.033569 
1.70282 1.33856 2.25789 1.62449 2.37967 1.90699 1.07027 1.03013 1.04087 1.15324 2.1731 1.40839 1.15675 1.17887 1.57072 2.2308 54.8544 93.1533 120.134 144.324 166.664 186.954 200.418 214.105 229.368 273.937 272.369 273.68 248.88 205.278 188.653 179.974 169.212 166.11 164.628 163.889 163.176 164.451 165.393 168.111 177.001 208.883 226.108 253.587 261.065 260.97 254.774 247.022 238.726 227.731 217.314 203.74 190.542 171.8 153.247 130.278 106.848 81.6989 37.4398 -0.131246 0.35846 0.432932 0.132309 -0.0220215 
1.37939 1.35885 1.17382 1.84311 1.72203 0.763798 1.38746 1.05059 1.15343 1.43051 1.26334 2.01099 1.63891 1.55273 1.99516 0.983293 53.6507 89.5494 117.641 142.154 166.81 185.284 202.84 216.343 229.886 252.506 264.648 269.379 250.823 210.132 196.877 187.496 175.983 171.753 170.105 168.662 169.765 169.949 171.278 174.476 181.456 205.747 221.628 240.881 259.478 262.871 258.484 251.213 241.315 232.581 221.051 207.532 191.607 173.912 156.996 134.118 109.477 81.9208 32.3947 0.426699 0.177848 0.267817 0.0166078 0.56992 
1.75739 0.742025 1.04929 1.2538 0.955333 1.23933 1.30902 1.75343 1.38711 1.37068 1.5693 2.21447 1.55838 1.7933 1.21836 1.98985 22.3476 74.9539 106.983 133.471 156.758 176.602 195.665 209.441 225.333 240.78 256.812 263.401 247.123 211.69 197.425 186.902 175.672 171.48 168.36 167.774 167.218 169.739 172.282 174.987 181.789 199.042 209.798 222.97 257.937 264.301 254.97 248.609 241.234 230.837 217.502 205.109 189.258 172.966 152.954 130.431 105.801 70.9469 7.84002 0.861434 0.739731 0.353338 0.295324 0.460496 
1.47314 1.33019 1.02096 0.750171 2.01428 1.02979 0.900222 1.48925 1.51254 0.440792 1.06389 1.71909 1.79401 1.35417 1.54379 2.28016 2.24239 39.1177 85.3024 116.817 141.413 163.813 182.02 196.221 209.867 223.749 241.137 251.132 244.214 210.376 196.099 183.363 168.677 163.19 160.632 159.054 160.357 162.247 165.257 171.35 177.347 190.42 198.251 211.366 245.936 259.515 250.433 244.093 234.265 225.2 213.778 200.189 184.628 168.224 145.684 119.814 87.7685 31.8626 0.47688 1.25835 0.392901 0.356591 0.251947 0.0546962 
1.4589 1.54994 0.591928 1.19898 1.52708 1.41749 1.61297 1.72908 2.08996 1.53986 1.6153 1.78261 1.31341 1.41961 1.55242 2.03674 3.48274 3.76592 49.0619 92.2389 119.584 145.379 165.788 179.707 191.715 204.261 215.503 226.843 222.861 188.63 176.243 168.406 156.043 151.758 149.404 146.111 146.372 148.62 151.67 158.354 163.665 173.89 184.167 197.999 224.244 249.282 238.937 233.065 223.842 215.544 203.365 190.454 172.856 152.622 125.764 94.209 43.3417 1.13815 2.05284 1.12303 0.214292 0.0978004 0.531832 0.104824 
1.08197 1.59447 1.17931 0.667078 1.49512 1.25639 1.46566 0.311733 1.10663 1.70167 1.28141 2.06565 0.941785 1.6008 1.61358 1.96619 3.0808 4.25653 32.4484 83.2218 113.03 137.417 158.468 174.645 184.184 196.049 205.295 212.725 210.301 173.705 160.089 149.701 139.96 138.533 133.711 131.205 132.005 133.976 135.689 139.116 147.434 152.332 164.118 178.605 205.164 229.7 224.898 216.587 205.22 198.496 186.502 170.472 149.37 121.646 88.8884 35.5693 2.2143 2.42296 1.51452 1.27689 0.776409 -0.114964 -0.0873883 0.392306 
0.744695 1.57196 2.29426 1.47877 1.38484 1.57933 1.06904 1.80507 1.28516 1.44805 1.37955 1.97995 0.972187 0.950087 1.52144 2.33267 2.85536 4.22496 29.9981 82.167 113.939 138.7 158.259 174.081 181.688 193.759 203.901 213.039 211.159 173.808 159.537 149.93 139.527 136.492 131.456 131.597 129.267 131.86 133.655 136.851 140.006 144.822 151.186 163.441 184.124 216.799 206.407 197.026 186.96 176.712 165.615 149.489 130.314 105.917 73.9377 18.8688 3.38453 2.44533 1.34095 0.517729 0.249922 0.440507 0.120771 0.5332 
1.37578 0.836347 1.06854 1.25642 0.70268 1.36687 1.4105 1.26097 1.44829 1.49528 1.54267 1.28134 0.981942 1.5153 1.24991 2.19736 2.92719 3.03653 29.9394 82.6984 113.361 137.234 157.134 173.705 180.96 192.473 201.939 212.41 209.702 175.228 159.237 149.304 138.382 133.395 130.834 130.229 129.847 130.914 132.363 135.6 138.071 141.741 150.932 161.464 180.233 217.794 204.664 197.031 186.411 178.432 167.709 150.913 129.365 105.007 73.448 17.8537 2.72214 1.43358 1.32705 0.585722 0.320134 0.0772884 0.287445 0.524431 
2.53403 2.05705 0.952463 0.88171 1.11297 1.21472 1.67137 1.12402 1.2944 1.59887 1.437 0.743648 0.885325 1.32233 1.89311 2.26022 2.80683 3.28376 30.0356 81.5493 112.25 137.872 157.483 173.521 179.583 191.697 202.914 210.635 208.514 174.075 157.383 148.377 138.183 132.99 131.528 130.005 130.727 129.462 131.61 133.798 137.898 143.218 149.894 160.27 178.159 219.09 203.443 196.821 186.749 177.03 168.217 150.155 130.031 105.399 73.6516 18.9567 2.40724 1.19682 0.404933 0.332871 0.274682 -0.125872 0.0473544 0.0931234 
1.12553 1.68247 1.34366 1.17231 1.81077 1.50214 0.878566 1.68698 1.28385 1.29259 1.38842 1.38074 1.49948 1.69266 1.97071 1.69208 3.14558 3.11185 29.6845 81.8274 111.477 136.662 157.202 173.275 178.213 190.485 200.514 209.142 207.633 172.8 156.373 147.779 136.985 133.248 130.081 129.087 128.277 132.166 130.609 132.983 137.707 142.995 149.75 161.433 176.893 216.366 206.245 196.73 186.909 177.409 167.661 150.634 129.724 104.783 73.4066 19.8345 1.85011 0.818223 0.289512 -0.0754453 0.0919464 0.021121 -0.0165887 0.551799 
0.767205 0.976772 0.932161 2.01692 1.46952 1.19068 0.72558 1.04383 1.7723 0.481436 0.956827 1.57044 1.74448 1.53885 0.933723 1.58773 2.17259 2.90542 30.6934 80.8657 110.415 136.095 155.981 173.007 176.852 189.844 201.49 209.547 208.779 172.391 156.934 146.847 136.003 131.365 129.832 128.923 128.395 129.817 129.631 131.681 136.017 140.571 146.65 157.428 174.801 211.95 203.055 196.075 186.21 176.26 167.195 151.273 131.16 104.811 75.9823 22.1822 1.92177 0.824256 0.000867109 0.00921109 0.252021 -0.808044 -0.297285 0.396782 
1.70411 1.21244 0.871646 1.13383 0.822196 0.909778 1.10976 1.44228 1.46802 1.46691 0.987752 1.38938 1.31643 1.68307 1.7838 1.36576 2.02127 3.25199 23.794 77.1718 108.817 134.645 154.868 171.751 177.329 187.355 200.967 207.832 210.358 172.843 157.096 148.088 135.68 131.985 128.401 128.463 126.796 129.212 128.654 131.613 135.916 140.375 146.846 156.669 172.651 210.25 204.049 198.736 187.306 176.574 169.124 153.037 133.906 109.029 78.1411 28.043 1.3857 0.896654 0.203477 0.241375 0.110602 0.0503902 0.482538 0.0528836 
1.22032 0.893295 0.922749 0.66707 1.07555 1.56569 1.01778 0.927472 2.17881 1.32221 1.03161 0.941214 1.12338 1.3922 1.2713 1.6217 2.0241 3.18209 24.9448 78.3962 108.952 134.01 154.656 169.265 174.169 186.491 199.682 207.843 209.617 174.222 157.587 146.679 135.836 132.348 129.736 128.345 126.903 128.11 128.133 131.585 134.726 140.165 145.609 156.766 171.197 208.98 204.344 196.831 186.36 176.885 167.926 152.913 133.763 107.807 79.3662 29.1326 1.63442 0.443855 0.206326 0.31815 -0.354641 0.15862 0.350435 0.168524 
1.30792 1.04385 0.903865 0.689462 1.04269 1.07924 1.71773 1.02759 0.752715 1.7487 1.21013 1.68124 1.41233 1.93344 1.394 1.23151 1.86905 3.00469 24.6167 77.8426 108.364 135.438 154.206 170.792 174.611 185.336 199.167 208.154 209.445 174.383 155.718 146.79 136.818 131.567 128.992 127.897 126.704 127.509 128.943 131.42 134.006 138.8 145.697 156.519 170.121 205.314 204.59 198.484 185.695 177.312 169.345 153.729 132.625 109.384 79.1502 29.7492 2.09783 1.26626 0.376595 -0.230766 0.128077 0.323573 0.134032 0.36809 
1.53292 1.66816 1.11435 0.583921 0.909687 1.80181 1.82856 0.59064 0.760381 1.32897 1.1608 1.1338 1.15221 2.21357 0.775008 1.53867 1.97499 2.90046 24.6235 77.8426 108.901 134.819 155.472 171.513 174.484 186.138 198.99 206.123 210.858 172.706 156.457 145.577 135.579 130.399 127.273 141.561 125.911 126.49 127.098 130.232 132.971 138.614 145.224 155.534 170.184 205.081 205.637 196.783 186.103 175.465 169.822 153.31 133.648 110.1 79.8953 29.5976 1.65327 1.07998 0.278218 0.662345 0.277346 0.589798 0.0853222 0.326356 
1.11759 1.26169 0.848596 0.896663 1.20583 0.858251 1.01585 1.56375 0.422114 1.52305 1.45625 1.10105 0.958967 1.81037 1.21235 1.63289 2.35983 2.94998 26.3274 77.5789 107.775 134.291 154.585 171.24 171.88 186.194 198.796 207.249 208.997 172.387 155.631 147.966 136.216 131.204 128.205 128.317 127.177 128.336 128.636 130.399 133.632 138.412 144.023 154.501 170.428 205.082 203.822 198.51 187.018 176 169.515 152.942 134.447 110.461 81.4573 32.1031 1.81736 1.63748 1.35989 0.337451 0.686281 0.298161 0.104175 0.515484 
0.865583 1.05967 1.42349 0.604953 1.25858 1.48419 0.882413 0.872018 0.734789 0.972147 0.745002 0.753012 1.24858 1.45221 1.40907 2.26284 2.61057 3.61377 25.8802 79.4286 109.218 134.749 154.083 171.016 171.082 184.642 197.643 209.323 209.858 171.74 155.757 146.836 135.625 132.088 128.172 126.963 126.556 126.805 128.401 130.114 134.146 138.364 144.881 153.559 167.377 205.626 204.25 198.161 187.369 177.46 170.994 154.644 135.612 111.057 82.0331 33.7611 3.41796 1.99595 1.67093 1.28393 1.25473 1.597 0.609278 0.162386 
