0 0 0 0 0 0 0 0 0 0 0 0 0 0 0 0 0 0 0 0 0 0 0 0 0 0 0 0 0 0 0 0 0 0 0 0 0 0 0 0 0 0 0 0 0 0 0 0 0 0 0 0 0 0 0 0 0 0 0 0 0 0 0 0 0 
0 0 0 0 0 0 0 0 0 0 0 0 0 0 0 0 0 0 0 0 0 0 0 0 0 146.263 144.472 155.179 155.422 147.02 154.959 140.937 161.549 141.283 156.288 140.165 138.309 160.101 130.425 158.74 0 0 0 0 0 0 0 0 0 0 0 0 0 0 0 0 0 0 0 0 0 0 0 0 0 
0 0 0 0 0 0 0 0 0 0 0 0 0 0 0 0 0 0 0 0 0 149.169 147.746 160.116 152.349 151.637 146.618 155.457 157.066 150.65 152.946 147.061 163.042 146.161 150.683 144.273 145.403 160.615 143.123 155.727 130.833 156.456 126.337 141.69 0 0 0 0 0 0 0 0 0 0 0 0 0 0 0 0 0 0 0 0 0 
0 0 0 0 0 0 0 0 0 0 0 0 0 0 0 0 0 0 0 174.044 151.523 152.675 152.87 154.828 154.689 152.503 149.467 163.109 157.435 152.346 148.321 151.956 163.498 145.237 155.651 145.501 155.25 163.836 148.38 148.556 146.512 150.483 132.083 148.947 156.126 131.598 0 0 0 0 0 0 0 0 0 0 0 0 0 0 0 0 0 0 0 
0 0 0 0 0 0 0 0 0 0 0 0 0 0 0 0 0 152.557 146.132 156.341 162.506 152.017 160.496 156.27 160.272 157.415 158.635 160.487 153.916 154.277 147.852 163.944 158.019 143.688 156.887 146.824 165.824 159.996 146.688 151.095 150.411 146.89 145.541 156.745 146.001 136.798 143.843 136.573 0 0 0 0 0 0 0 0 0 0 0 0 0 0 0 0 0 
0 0 0 0 0 0 0 0 0 0 0 0 0 0 0 150.069 158.616 155.6 155.709 138.55 181.135 158.865 161.321 153.541 158.314 161.74 163.482 161.117 154.571 162.032 151.88 173.503 148.846 153.769 159.935 153.248 173.037 146.343 153.679 147.177 156.192 153.994 153.524 154.535 143.319 144.052 145.31 141.895 138.591 142.298 0 0 0 0 0 0 0 0 0 0 0 0 0 0 0 
0 0 0 0 0 0 0 0 0 0 0 0 0 0 157.464 153.53 160.72 156.568 155.304 164.274 208.743 160.432 163.324 156.628 155.924 165.714 157.975 159.972 155.709 171.962 148.967 170.649 136.405 168.403 163.245 154.109 173.756 137.565 163.297 143.713 171.751 148.568 151.56 155.899 141.598 150.135 147.205 147.524 145.76 143.354 136.853 0 0 0 0 0 0 0 0 0 0 0 0 0 0 
0 0 0 0 0 0 0 0 0 0 0 0 0 159.359 151.504 147.907 165.594 158.414 158.54 167.542 256.421 155.709 157.754 152.995 161.857 169.943 156.585 158.873 158.819 179.372 149.184 175.949 144.346 179.895 162.384 155.873 170.137 152.977 171.298 150.007 170.009 143.772 151.509 158.043 149.387 157.055 152.87 148.144 152.668 140.948 144.812 135.762 0 0 0 0 0 0 0 0 0 0 0 0 0 
0 0 0 0 0 0 0 0 0 0 0 154.258 159.096 159.199 155.496 150.164 165.345 155.405 162.641 163.541 271.582 162.194 149.514 153.795 173.048 162.25 152.507 169.213 166.07 181.994 138.393 182.511 146.641 174.898 158.661 152.293 171.459 169.972 161.693 158.788 161.731 143.479 155.293 163.456 160.895 154.678 146.104 156.067 150.64 145.274 144.383 134.758 143.648 140.334 0 0 0 0 0 0 0 0 0 0 0 
0 0 0 0 0 0 0 0 0 0 148.238 161.828 161.299 159.844 163.09 152.414 167.142 158.759 160.801 156.129 260.02 188.902 149.437 159.172 172.156 162.004 159.5 176.544 152.248 172.909 137.561 189.285 151.84 168.677 144.567 157.023 180.582 159.519 155.369 155.936 147.729 159.819 170.212 158.416 157.125 149.442 153.367 162.295 145.707 148.207 144.726 147.27 145.466 143.872 131.426 0 0 0 0 0 0 0 0 0 0 
0 0 0 0 0 0 0 0 0 151.283 155.887 156.385 162.348 158.942 167.377 159.49 169.82 161.412 157.399 171.245 213.33 183.917 163.957 165.834 155.537 153.034 163.919 169.228 151.439 185.745 140.546 176.801 150.671 172.317 156.453 169.523 166.793 164.776 148.887 160.624 154.943 170.251 167.84 149.67 157.483 145.777 158.147 154.309 145.642 160.312 145.218 144.162 150.254 139.631 137.563 134.524 0 0 0 0 0 0 0 0 0 
0 0 0 0 0 0 0 0 151.633 150.254 151.608 155.679 157.776 157.558 161.524 162.459 169.758 163.773 162.848 184.095 197.442 195.333 171.99 152.796 171.999 165.012 160.834 167.408 161.879 187.078 142.74 165.037 165.814 172.236 153.681 169.51 166.392 169.969 151.924 168.363 161.181 170.031 155.626 151.466 153.05 155.895 163.55 158.574 157.59 152.221 137.367 153.507 150.548 136.198 143.472 136.646 133.868 0 0 0 0 0 0 0 0 
0 0 0 0 0 0 0 0 172.402 167.779 171.061 169.918 167.173 163.177 163.914 165.17 164.733 160.985 167.42 176.744 190.024 267.774 214.714 155.033 175.355 160.575 143.697 173.397 167.098 160.302 149.879 174.484 167.529 146.533 143.577 176.96 164.773 160.504 156.382 158.122 155.858 167.179 151.435 166.29 153.957 164.253 170.351 149.539 153.08 137.412 148.798 162.881 145.322 147.043 144.89 137.413 134.11 0 0 0 0 0 0 0 0 
0 0 0 0 0 0 0 159.041 157.918 156.524 165.303 164.596 157.511 166.274 160.706 165.422 160.137 170.483 176.239 164.712 154.391 212.447 255.469 246.324 221.078 190.011 219.934 218.809 143.405 179.707 177.229 165.119 156.622 163.802 178.063 197.894 166.996 160.779 172.799 159.369 164.674 179.589 160.493 162.964 154.015 165.022 159.59 148.959 152.344 145.349 163.975 160.022 148.146 150.431 140.89 142.283 148.179 140.167 0 0 0 0 0 0 0 
0 0 0 0 0 0 159.9 159.116 164.655 161.173 164.871 175.1 161.552 163.408 160.574 165.511 149.952 170.83 151.441 152.118 167.456 141.871 179.394 202.086 168.876 201.733 217.668 236.633 239.168 246.273 181.091 152.862 187.068 177.316 158.94 161.499 155.945 163.824 181.004 151.864 174.781 172.946 159.593 162.791 155.513 173.62 163.096 161.655 157.351 165.271 175.417 160.859 148.945 147.363 142.946 150.468 147.161 134.609 134.091 0 0 0 0 0 0 
0 0 0 0 0 156.38 161.817 157.29 158.419 158.896 163.373 173.183 160.904 163.845 178.863 164.242 154.443 179.603 152.966 178.344 157.721 161.951 175.4 161.357 188.827 162.926 161.65 177.75 150.597 190.836 247.221 167.392 171.41 151.459 153.851 180.847 192.958 165.944 158.627 135.631 166.395 163.46 163.051 140.195 154.43 156.928 161.298 151.277 149.918 162.839 155.605 141.825 148.143 145.972 153.571 157.975 140.732 140.824 137.506 132.988 0 0 0 0 0 
0 0 0 0 0 164.198 164.385 165.363 160.037 161.304 164.038 172.45 162.082 161.877 186.134 160.295 165.736 167.53 158.208 185.362 154.69 183.343 155.743 172.656 161.373 174.955 180.601 157.752 178.815 165.198 191.788 196.907 190.05 171.173 158.256 160.095 161.403 134.995 151.031 155.844 187.032 173.033 166.466 156.782 181.653 176.287 169.99 150.999 152.783 154.608 153.539 147.263 140.672 139.613 147.572 135.846 132.565 132.923 124.68 127.843 0 0 0 0 0 
0 0 0 0 157.073 159.3 165.866 168.314 162.773 163.271 169.812 168.962 166.571 169.823 182.38 163.691 180.135 151.55 179.609 152.063 179.434 167.855 186.707 154.307 182.615 166.861 155.44 178.973 166.593 156.904 192.893 218.915 159.457 132.463 163.346 171.903 184.763 178.063 166.857 167.114 171.218 145.651 142.307 140.775 152.656 144.093 138.292 138.321 164.573 159.803 159.263 147.347 150.216 158.964 158.588 148.23 144.614 136.565 137.72 138.014 133.059 0 0 0 0 
0 0 0 0 163.48 162.256 164.33 166.293 164.256 160.097 171.773 171.205 162.59 173.565 169.755 178.377 172.22 179.991 173.257 179.527 173.955 193.075 190.508 176.882 189.89 185.864 154.237 181.633 145.606 141.049 191.962 208.715 155.725 147.36 135.482 122.874 146.163 155.084 113.178 139.65 143.538 160.848 142.739 157.866 164.087 157.126 149.65 151.83 150.598 155.599 139.505 138.878 152.673 154.691 143.827 135.377 134.651 136.275 142.378 135.361 126.244 0 0 0 0 
0 0 0 159.93 158.927 165.32 170.379 169.676 175.407 165.976 179.811 177.922 172.885 187.454 168.921 194.366 160.083 190.583 210.851 190.916 194.795 222.462 244.747 254.513 300.513 309.395 316.702 326.104 271.121 258.473 247.59 201.947 144.37 149.281 151.325 169.479 170.726 162.989 131.493 172.185 157.86 158.687 138.596 153.152 140.487 140.639 134.732 154.413 157.703 156.425 136.441 135.142 135.085 133.826 128.071 126.574 130.408 138.055 136.866 128.071 126.982 127.401 0 0 0 
0 0 0 162.782 163.229 158.448 168.604 162.799 165.239 164.915 171.094 165.544 159.691 177.744 160.869 171.307 165.085 164.644 189.791 205.045 261.73 361.016 420.887 490.059 519.52 509.707 551.177 533.775 578.398 539.817 473.248 439.317 295.638 218.237 171.982 167.522 158.248 146.775 139.958 166.215 159.168 165.786 165.272 176.339 170.292 187.549 183.408 162.584 159.999 151.309 154.736 171.142 170.423 163.817 153.439 155.618 156.781 156.535 142.949 140.736 140.112 133.702 0 0 0 
0 0 159.408 162.498 161.719 162.338 169.332 166.154 161.31 166.254 183.847 170.68 173.484 169.248 173.581 176.416 163.08 203.621 304.079 431.353 520.491 570.384 552.836 594.495 571.385 591.535 594.828 593.084 576.147 569.601 572.929 570.247 555.913 495.436 349.285 223.434 208.127 200.122 205.676 186.269 170.595 168.92 184.745 178.124 161.619 165.545 162.105 170.966 177.887 173.122 173.412 164.164 159.285 160.26 166.329 171.18 181.259 167.878 162.862 158.891 147.629 145.126 139.58 0 0 
0 0 167.531 161.752 166.768 164.455 168.068 172.862 164.08 159.142 178.721 149.793 179.702 169.331 181.757 176.364 243.272 402.228 535.802 563.119 566.749 588.911 586.479 612.214 592.432 613.339 588.419 617.121 595.92 612.32 584.443 597.107 588.996 569.23 548.524 483.648 328.117 182.66 186.766 186.427 184.959 198.235 199.73 170.338 181.546 194.498 180.206 174.622 169.256 175.97 175.903 180.054 178.865 169.049 166.157 166.147 157.689 153.246 152.424 154.128 159.575 159.297 152.711 0 0 
0 0 168.776 168.295 165.635 163.723 170.317 177.057 163.671 160.126 190.269 148.691 182.08 171.303 182.159 305.174 472.702 561.911 586.663 575.25 601.106 599.428 622.929 607.563 609.281 593.116 628.17 606.346 615.228 604.615 622.603 608.473 613.889 614.931 568.967 567.473 532.193 355.866 250.111 218.451 157.201 166.635 182.731 167.765 192.093 194.891 186.708 191.532 207.148 179.957 169.25 170.408 164.202 163.791 169.553 173.331 161.862 156.033 156.759 157.937 157.938 154.981 152.407 0 0 
0 0 163.395 165.266 167.845 170.628 173.923 179.001 173.729 158.988 182.711 165.585 165.625 189.583 326.097 513.131 561.709 581.074 607.901 604.665 624.272 592.922 613.764 595.832 618.857 617.975 589.184 601.708 611.017 619.295 600.147 602.632 626.14 629.472 597.783 621.91 585.866 524.167 368.205 192.835 203.998 217.343 205.041 179.822 184.859 181.293 159.673 177.502 181.946 169.614 181.853 187.645 176.106 180.471 179.656 170.62 165.79 171.171 169.225 168.172 160.866 153.497 146.208 0 0 
0 162.833 165.845 166.937 166.021 164.321 160.677 176.761 166.053 162.303 170.784 172.579 184.311 330.614 521.667 584.335 581.565 591.602 614.899 599.226 612.905 592.633 606.5 602.983 596.122 606.086 604.557 600.729 609.377 599.085 612.173 590.171 625.131 646.353 603.247 620.489 583.842 616.084 545.468 387.688 195.965 142.635 212.25 184.885 184.407 181.187 174.265 195.857 172.859 173.407 193.058 178.359 174.35 178.213 174.958 172.727 177.012 171.168 175.133 170.376 167.163 162.612 158.451 156.226 0 
0 172.353 169.12 166.58 170.153 167.957 165.958 177.716 162.493 161.485 176.673 178.511 297.933 509.723 569.153 587.713 596.446 597.939 619.909 588.22 589.041 604.72 595.005 603.974 598.005 593.039 600.377 600.56 596.969 609.565 622.054 605.908 602.252 630.128 623.382 662.114 568.395 632.131 564.03 495.503 382.959 135.352 222.515 184.368 199.225 215.678 194.618 199.002 182.534 188.568 183.237 176.014 186.891 184.899 180.687 176.944 181.049 180.413 173.324 164.956 161.406 161.908 163.681 161.552 0 
0 172.267 168.381 170.717 174.223 170.317 162.018 178.857 171.052 176.789 169.554 261.954 478.619 568.647 587.752 606.259 609.891 587.985 600.993 589.195 587.664 586.574 587.715 573.329 576.154 587.827 584.335 615.956 617.508 594.226 561.558 570.697 623.779 661.428 615.077 714.221 588.914 711.601 593.425 642.667 467.379 297.248 219.813 156.834 217.286 196.5 175.114 201.872 190.811 200.679 190.446 177.236 173.45 182.961 172.217 177.919 187.844 178.613 167.621 169.936 173.833 177.044 167.344 159.562 0 
0 169.361 168.042 168.405 163.644 167.289 161 173.657 167.108 169.978 188.102 399.159 553.244 567.438 596.383 603.23 597.041 571.488 596.862 588.53 567.751 563.205 558.04 523.019 476.802 436.879 429.306 451.319 516.157 614.285 593.819 367.738 302.893 484.108 525.373 725.241 554.021 664.941 554.369 630.803 501.011 447.325 193.384 184.415 221.156 166.995 199.702 201.869 197.378 198.641 177.729 194.578 208.73 180.186 173.951 180.723 182.665 169.605 171.961 174.218 175.26 167.519 161.287 160.605 0 
0 166.89 169.161 173.188 175.166 177.181 167.696 177.31 187.664 186.036 294.892 538.499 583.46 598.499 614.533 618.437 622.693 605.891 619.797 603.088 610.606 562.923 444.981 319.444 237.353 199.775 192.42 177.229 197.739 280.783 438.695 446.256 209.439 257.046 217.252 508.014 611.369 643.079 591.08 595.108 547.14 515.664 210.256 211.124 170.53 123.34 191.75 152.125 155.208 162.074 158.23 167.351 154.952 165.056 171.937 154.887 149.098 157.147 160.366 158.305 148.772 148.91 145.908 141.741 0 
0 171.254 170.224 178.601 172.735 167.776 171.946 172.414 187.512 195.451 403.841 573.328 586.61 609.861 616.161 615.626 629.566 593.045 601.292 605.22 512.824 298.378 189.327 165.954 164.555 165.083 167.25 158.645 153.675 161.597 176.055 381.163 395.28 274.539 176.197 265.488 516.012 556.192 601.259 573.251 609.511 522.154 384.751 207.035 175.443 176.606 181.826 129.141 183.341 162.365 169.355 170.8 150.935 150.692 162.372 169.246 166.453 151.207 147.175 151.007 146.527 146.335 138.706 134.675 0 
0 173.677 166.468 166.181 168.232 170.985 171.657 167.845 190.532 251.282 513.175 585.735 602.683 615.891 618.75 605.204 635.19 589.002 617.885 515.401 265.205 168.958 172.496 173.373 162.347 168.251 168.64 156.584 161.126 167.934 143.727 182.815 411.351 371.918 206.969 139.355 395.735 581.677 575.751 593.743 570.35 538.577 479.146 185.106 218.256 170.478 155.736 167.025 183.669 167.332 166.947 147.22 163.501 179.724 164.571 148.588 159.869 170.668 154.999 146.416 145.956 149.305 153.362 154.937 0 
0 170.845 168.691 175.342 178.936 176.159 180.766 168.099 199.737 315.972 551.813 580.14 601.821 620.095 617.827 599.713 629.41 594.208 569.336 299.722 169.589 174.059 171.277 163.119 165.519 174.641 165.73 159.534 174.447 153.947 153.676 95.8465 234.248 376.701 289.766 199.324 171.844 473.709 572.405 601.32 604.967 584.885 492.955 295.275 179.641 146.306 161.194 194.224 150.665 152.807 159.669 168.102 176.677 159.221 157.674 157.012 150.115 150.848 150.343 160.952 162.865 154.528 146.299 137.237 0 
0 168.017 171.054 177.705 176.611 173.195 173.71 152.75 200.064 377.697 575.113 592.402 609.037 613.319 609.143 606.595 620.172 591.798 434.759 176.474 167.077 169.502 165.385 162.915 161.178 164.047 159.875 157.806 164.606 160.359 144.397 133.887 96.285 335.551 317.539 180.362 209.276 347.422 569.511 553.203 598.838 568.379 551.869 376.077 137.264 195.01 178.939 161.765 141.729 178.12 156.948 168.059 162.02 143.747 154.129 162.718 162.258 154.838 152.35 153.867 157.367 153.072 142.828 140.503 0 
0 165.563 164.481 168.067 170.929 173.99 183.852 164.502 211.772 419.804 573.313 593.13 606.817 617.142 608.346 605.856 610.804 575.504 307.099 154.899 165.145 160.472 161.958 161.685 164.856 163.69 162.754 162.438 158.89 168.497 134.453 151.431 134.465 214.506 427.282 193.584 164.228 273.732 549.489 605.311 571.738 577.436 553.766 400.022 226.287 192.625 139.295 150.796 207.894 176.739 158.646 158.906 141.131 164.769 166.406 162.31 156.401 162.851 151.587 150.033 145.805 147.382 148.651 148.654 0 
0 165.277 164.062 170.461 171.544 177.44 174.306 168.884 215.769 453.555 579.352 598.066 611.502 615.357 605.397 605.773 596.502 557.578 225.871 165.024 161.304 161.921 163.562 166.983 163.405 163.844 165.141 163.675 160.897 158.533 150.78 164.068 157.471 164.234 405.306 261.194 151.116 187.862 503.016 612.234 620.934 559.215 555.944 480.806 196.788 137.868 189.153 195.404 173.563 143.16 163.947 156.401 171.129 176.522 161.77 154.818 152.887 154.561 154.362 157.367 150.074 145.448 142.741 141.593 0 
0 165.648 167.899 169.347 165.466 168.237 166.066 178.146 213.41 479.963 584.141 595.696 605.339 612.262 613.096 607.353 592.462 547.855 200.533 165.935 160.085 167.764 159.483 166.732 160.755 166.257 166.111 161.238 168.219 145.271 145.255 163.693 162.107 162.094 389.886 281.741 180.795 178.971 447.708 606.476 594.336 594.969 564.692 464.715 216.76 191.001 173.406 149.206 136.848 185.021 187.966 180.882 175.541 146.291 154.167 157.439 167.516 157.765 147.824 151.136 154.215 155.161 149.376 148.973 0 
0 173.174 164.276 169.303 166.858 168.983 171.752 188.556 185.076 482.288 576.848 603.347 609.323 612.55 605.178 610.984 601.248 522.879 224.446 164.116 158.153 164.793 159.533 168.575 167.979 161.288 163.03 161.995 173.683 148.13 156.228 161.504 160.219 159.756 400.83 262.737 168.695 189.964 457.267 582.719 610.303 574.587 564.276 472.788 249.19 154.41 145.009 165.711 193.625 176.857 152.41 179.353 152.94 153.319 160.979 165.161 164.118 156.687 155.837 158.353 158.709 157.752 154.907 144.355 0 
0 169.636 167.667 174.738 172.495 176.779 174.884 186.696 188.229 455.524 570.618 600.446 618.698 611.737 611.333 609.917 606.008 544.923 280.864 155.948 166.664 161.475 161.57 164.583 168.048 160.163 163.254 169.648 171.331 150.748 161.337 160.805 167.037 182.7 420.219 232.426 160 205.113 490.321 577.614 572.816 604.865 561.789 457.525 185.517 187.509 191.139 184.33 171.482 143.722 166.022 141.933 159.632 182.803 169.964 166.152 165.411 164.192 156.645 158.382 152.028 149.17 145.087 143.925 0 
0 166.917 170.38 172.741 168.316 170.057 172.978 179.156 198.149 422.28 574.65 595.209 606.902 609.725 622.752 612.422 596.399 582.045 367.799 160.934 167.414 162.009 164.964 161.001 167.385 164.135 160.801 168.055 165.979 154.63 163.416 170.522 152.924 245.295 416.274 197.001 161.988 241.26 526.829 587.54 593.993 553.849 547.614 455.093 216.58 190.575 155.696 155.335 145.103 175.957 166.557 177.322 177.167 167.04 168.205 160.867 156.552 158.545 161.697 154.236 149.925 145.58 141.557 142.352 0 
0 0 166.475 164.757 176.502 172.626 169.02 161.494 204.281 374.121 581.383 591.928 612.203 610.415 600.995 608.844 610.505 607.89 466.561 247.621 148.407 164.033 164.155 161.55 163.548 159.662 160.925 174.445 165.145 147.592 171.788 169.768 159.757 366.461 354.69 178.722 159.968 311.175 554.048 596.766 601.022 587.998 551.168 370.961 170.589 155.211 171.659 170.179 187.267 170.972 168.043 171.135 164.672 152.92 158.986 171.919 163.942 151.422 145.555 153.558 153.502 150.585 145.153 0 0 
0 0 172.553 174.801 175.067 168.174 165.761 170.201 183.535 319.131 543.03 576.291 612.208 618.739 608.536 606.472 610.024 600.983 578.958 381.707 201.076 153.079 169.116 161.175 157.091 157.861 163.143 172.76 168.675 154.685 183.531 155.095 255.708 429.084 234.38 159.519 174.377 428.078 602.738 600.92 558.69 554.293 545.515 327.411 180.347 194.683 181.17 186.409 153.501 162.154 162.051 145.848 155.326 166.137 159.583 163.251 165.319 155.41 150.279 150.306 156.826 158.652 153.066 0 0 
0 0 181.735 171.911 163.253 175.095 180.151 176.692 169.231 281.631 493.905 585.345 599.519 614.586 614.675 607.55 615.5 598.55 615.19 539.72 375.184 196.989 159.42 162.853 156.718 160.718 158.709 166.768 163.036 154.542 166.095 228.632 402.84 319.974 166.822 171.193 297.508 539.864 586.319 610.372 610.899 562.506 498.179 265.836 166.082 162.984 162.592 140.253 165.092 161.897 146.183 165.134 174.505 164.992 165.615 158.56 154.746 167.451 165.806 162.617 150.93 148.624 150.959 0 0 
0 0 163.978 164.506 169.25 175.598 167.798 171.447 166.344 203.637 432.073 577.358 589.932 617.299 616.964 614.646 604.73 607.295 608.087 595.061 552.464 438.739 265.87 183.695 156.382 159.458 160.188 167.762 149.59 150.587 259.8 403.132 340.156 193.171 159.807 220.079 469.006 581.709 586.342 571.454 561.013 556.816 430.773 200.931 176.172 174.069 159.657 174.345 166.991 160.752 179.38 175.088 160.891 159.541 164.214 164.206 158.102 160.29 163.905 161.078 153.358 146.115 141.773 0 0 
0 0 0 171.538 169.397 170.628 166.332 174.713 173.617 158.14 337.316 524.354 579.111 594.934 608.407 611.087 602.788 600.035 609.627 589.303 586.551 565.197 542.258 413.06 323.57 272.184 224.934 233.769 259.454 369.941 458.206 336.114 211.952 178.358 231.712 421.059 602.59 611.775 624.585 612.201 580.458 532.707 336.58 182.566 196.657 170.032 190.002 158.974 171.211 177.894 170.726 168.058 163.389 166.553 173.572 167.811 169.523 158.029 159.646 160.503 162.466 157.61 0 0 0 
0 0 0 168.972 171.287 164.146 174.03 169.224 167.504 171.596 198.987 434.427 562.959 573.271 598.026 594.414 604.273 580.965 587.421 580.395 570.549 569.576 550.969 565.434 533.154 497.174 533.927 511.925 437.65 382.857 277.754 180.045 183.094 236.337 442.043 573.069 616.414 595.756 597.117 585.443 595.461 494.272 275.458 201.576 201.096 182.779 183.01 207.726 180.53 170.786 169.233 191.439 194.96 182.046 172.708 172.359 165.811 169.71 165.331 160.246 161.561 165.297 0 0 0 
0 0 0 0 167.522 164.533 166.262 169.054 169.127 183.174 160.738 304.312 510.172 578.115 594.872 599.68 620.684 603.11 607.887 604.801 601.835 613.629 610.376 606.136 646.039 672.977 629.291 457.94 266.423 234.894 213.848 221.334 372.068 522.628 627.24 618.426 629.976 606.181 595.565 562.738 542.173 336.753 174.863 169.386 158.897 172.67 179.617 161.477 160.328 171.297 182.6 169.995 176.806 175.047 161.252 159.525 166.696 166.43 166.267 164.164 162.814 0 0 0 0 
0 0 0 0 171.081 167.567 168.585 165.001 173.566 171.198 179.18 183.361 356.836 525.194 574.095 578.325 603.243 599.892 603.22 591.486 585.588 586.768 579.969 592.777 577.171 559.084 567.504 541.412 438.871 468.964 502.191 545.886 616.216 610.88 629.198 625.289 638.947 639.129 624.587 606.123 472.027 267.415 206.82 203.041 200.684 180.47 184.259 202.995 204.53 185.223 180.133 174.924 172.655 185.902 190.323 182.423 182.106 187.343 176.411 169.072 169.369 0 0 0 0 
0 0 0 0 0 171.09 171.187 171.51 172.459 156.676 167.717 176.042 203.904 400.415 538.592 583.564 589.968 601.631 609.483 604.54 598.668 607.713 596.59 592.494 588.692 569.075 585.815 615.967 593.028 626.662 601.511 626.042 643.074 642.288 645.736 627.756 610.124 601.209 577.563 504.004 289.987 207.933 204.001 182.793 197.644 209.797 201.01 182.915 181.286 179.804 182.743 192.917 185.757 176.329 182.911 182.727 168.632 164.711 171.246 165.369 0 0 0 0 0 
0 0 0 0 0 170.05 170.979 171.363 161.745 172.174 167.019 173.914 163.45 212.232 399.098 516.217 576.528 578.441 597.937 610.955 602.493 602.168 599.64 607.731 601.619 589.877 619.695 611.91 595.311 643.4 603.885 621.349 610.737 625.142 624.56 620.82 593.082 584.061 518.141 306.544 190.821 183.767 189.958 195.068 190.765 167.618 176.682 190.557 198.731 199.123 192.826 180.312 175.763 166.518 169.512 175.781 177.014 167.902 165.749 168.694 0 0 0 0 0 
0 0 0 0 0 0 180.773 169.991 173.391 181.189 172.136 167.762 163.071 150.09 208.435 362.535 495.621 583.496 581.448 592.56 594.897 602.797 601.759 604.072 600.514 595.575 630.98 614.999 611.605 636.399 598.339 631.894 606.984 603.105 589.965 589.465 573.796 522.409 346.017 209.075 203.879 184.666 172.512 171.23 184.78 194.394 188.056 180.967 174.819 175.768 172.444 171.975 174.879 176.569 167.677 171.965 174.628 172.095 165.802 0 0 0 0 0 0 
0 0 0 0 0 0 0 161.594 163.754 167.429 159.962 159.973 177.367 186.499 158.661 203.122 293.639 426.144 549.211 571.941 571.137 590.818 591.04 598.867 602.127 586.402 633.154 594.581 613.957 608.433 596.907 611.432 594.267 595.846 567.618 557.842 466.336 324.689 198.026 193.174 183.254 203.771 194.738 189.376 175.36 165.2 160.069 169.828 171.397 183.23 175.575 177.039 176.533 177.236 176.017 166.781 171.574 170.578 0 0 0 0 0 0 0 
0 0 0 0 0 0 0 0 174.333 174.559 170.211 172.143 172.163 160.94 165.132 164.348 186.527 224.085 316.931 484.728 548.639 568.69 576.371 585.636 585.533 565.477 638.801 563.811 623.29 563.271 587.266 571.024 568.591 564.978 521.997 409.394 249.758 194.135 185.947 186.627 175.232 171.1 161.797 174.866 186.483 189.865 190.843 184.634 175.659 170.818 172.912 168.027 168.608 169.487 169.774 163.539 154.543 0 0 0 0 0 0 0 0 
0 0 0 0 0 0 0 0 182.968 170.015 165.427 166.52 175.713 168.628 167.387 162.645 164.105 181.663 200.388 213.255 308.389 424.856 488.721 523.072 557.73 553.464 611.792 541.847 599.275 536.254 580.343 539.858 498.031 396.747 276.727 205.837 170.441 179.768 175.21 171.022 183.37 187.101 180.586 172.562 173.793 166.924 163.008 163.753 165.07 163.754 163.962 161.363 160.915 156.818 157.84 159.109 156.061 0 0 0 0 0 0 0 0 
0 0 0 0 0 0 0 0 0 165.664 174.017 176.373 181.652 169.388 171.356 181.282 184.05 180.973 186.948 216.666 197.417 197.199 271.779 311.519 365.635 402.378 487.842 459.969 480.708 402.175 393.22 286.666 213.81 163.463 152.713 160.354 154.725 159.125 157.961 141.376 141.041 146.294 151.309 157.459 161.449 150.295 152.666 155.854 156.021 154.567 154.925 158.827 154.289 149.426 147.542 143.707 0 0 0 0 0 0 0 0 0 
0 0 0 0 0 0 0 0 0 0 173.337 177.329 177.223 178.188 185.712 194.749 177.531 182.962 191.487 210.576 208.731 220.006 200.622 192.755 276.783 301.46 295.977 199.572 199.911 169.313 154.427 134.188 139.406 133.928 133.105 118.882 126.584 124.977 135.399 128.971 135.755 143.273 132.555 135.088 137.646 136.963 138.213 136.543 140.093 141.662 139.688 139.706 144.28 141.451 138.016 0 0 0 0 0 0 0 0 0 0 
0 0 0 0 0 0 0 0 0 0 0 174.811 169.105 182.22 177.558 170.261 164.163 177.237 173.658 175.497 176.024 181.567 172.416 175.509 188.269 219.333 220.402 182.026 169.34 154.605 136.921 136.227 147.614 151.88 155.031 151.71 168.265 157.508 163.599 152.327 152.271 155.615 138.187 144.595 148.407 144.948 147.412 147.064 149.827 147.844 148.503 140.869 141.789 140.769 0 0 0 0 0 0 0 0 0 0 0 
0 0 0 0 0 0 0 0 0 0 0 0 0 170.251 167.239 170.667 171.239 173.581 166.612 178.908 176.195 167.171 164.601 183.492 188.434 236.976 204.875 164.614 148.845 176.521 173.564 168.867 154.039 158.707 146.236 146.131 147.784 153.789 153.825 153.843 162.631 163.233 163.227 160.799 160.188 151.92 153.549 156.753 152.041 150.898 152.455 150.065 0 0 0 0 0 0 0 0 0 0 0 0 0 
0 0 0 0 0 0 0 0 0 0 0 0 0 0 171.881 174.771 161.148 164.208 168.841 179.335 166.234 167.256 169.554 174.324 173.037 249.237 216.05 181.898 137.965 168.297 157.264 171.575 158.615 171.726 153.41 163.822 157.192 156.082 153.504 158.994 157.122 143.637 157.517 157.718 166.284 160.614 157.665 156.284 155.663 154.081 153.885 0 0 0 0 0 0 0 0 0 0 0 0 0 0 
0 0 0 0 0 0 0 0 0 0 0 0 0 0 0 166.882 164.779 175.237 172.032 167.847 160.009 174.396 172.233 167.878 170.141 244.889 220.654 168.307 147.333 169.936 147.324 161.064 161.245 176.836 162.375 160.694 162.069 163.723 159.147 158.687 161.006 152.754 160.229 155.414 157.397 157.724 150.942 152.703 153.336 153.682 0 0 0 0 0 0 0 0 0 0 0 0 0 0 0 
0 0 0 0 0 0 0 0 0 0 0 0 0 0 0 0 0 171.202 164.541 164.729 164.086 171.56 168.336 171.981 174.074 240.709 232.843 160.675 151.14 174.768 154.127 162.818 161.019 164.27 162.39 163.375 168.888 165.626 158.41 159.381 161.009 159.207 157.39 163.142 152.941 160.637 155.328 151.538 0 0 0 0 0 0 0 0 0 0 0 0 0 0 0 0 0 
0 0 0 0 0 0 0 0 0 0 0 0 0 0 0 0 0 0 0 157.07 173.898 165.477 167.422 164.256 175.086 247.308 231.762 148.014 165.761 164.553 161.91 161.699 162.471 163.882 161.491 154.147 165.845 164.19 162.128 165.604 161.38 159.251 157.667 162.149 156.89 156.999 0 0 0 0 0 0 0 0 0 0 0 0 0 0 0 0 0 0 0 
0 0 0 0 0 0 0 0 0 0 0 0 0 0 0 0 0 0 0 0 0 158.685 160.708 169.349 175.58 247.124 232.104 144.703 170.923 157.36 170.499 154.661 169.597 162.853 162.622 154.25 163.835 160.129 157.268 163.478 167.457 156.316 159.116 157.944 0 0 0 0 0 0 0 0 0 0 0 0 0 0 0 0 0 0 0 0 0 
0 0 0 0 0 0 0 0 0 0 0 0 0 0 0 0 0 0 0 0 0 0 0 0 0 250.249 238.108 137.363 173.716 154.535 169.62 150.495 175.185 154.705 162.942 160.969 166.223 160.917 153.073 164.132 0 0 0 0 0 0 0 0 0 0 0 0 0 0 0 0 0 0 0 0 0 0 0 0 0 
0 0 0 0 0 0 0 0 0 0 0 0 0 0 0 0 0 0 0 0 0 0 0 0 0 0 0 0 0 0 0 0 0 0 0 0 0 0 0 0 0 0 0 0 0 0 0 0 0 0 0 0 0 0 0 0 0 0 0 0 0 0 0 0 0 
