0 0 0 0 0 0 0 0 0 0 0 0 0 0 0 0 0 0 0 0 0 0 0 0 0 0 0 0 0 0 0 0 0 0 0 0 0 0 0 0 0 0 0 0 0 0 0 0 0 0 0 0 0 0 0 0 0 0 0 0 0 0 0 0 0 
0 0 0 0 0 0 0 0 0 0 0 0 0 0 0 0 0 0 0 0 0 0 0 0 0 178.299 182.657 182.824 187.737 181.384 181.99 179.639 178.671 189.866 176.059 181.428 171.196 171.447 176.427 174.129 0 0 0 0 0 0 0 0 0 0 0 0 0 0 0 0 0 0 0 0 0 0 0 0 0 
0 0 0 0 0 0 0 0 0 0 0 0 0 0 0 0 0 0 0 0 0 181.224 177.87 184.19 186.396 188.135 183.877 187.896 188.84 182.63 183.203 184.141 193.217 187.527 178.548 188.549 176.648 182.571 176.524 179.543 172.452 169.767 179.496 166.336 0 0 0 0 0 0 0 0 0 0 0 0 0 0 0 0 0 0 0 0 0 
0 0 0 0 0 0 0 0 0 0 0 0 0 0 0 0 0 0 0 183.905 192.957 189.357 189.876 193.464 189.512 190.519 189.14 197.086 185.906 187.8 187.904 191.812 199.378 181.337 191.475 189.404 185.109 182.113 181.338 184.492 175.887 183.522 177.716 166.915 171.285 161.747 0 0 0 0 0 0 0 0 0 0 0 0 0 0 0 0 0 0 0 
0 0 0 0 0 0 0 0 0 0 0 0 0 0 0 0 0 181.097 191.816 196.024 193.139 188.609 197.249 193.92 194.749 194.09 196.977 196.659 183.267 196.016 191.651 196.112 193.678 188.079 198.229 192.782 185.996 179.322 190.079 188.499 189.349 185.641 173.817 172.558 174.378 173.55 177.412 164.247 0 0 0 0 0 0 0 0 0 0 0 0 0 0 0 0 0 
0 0 0 0 0 0 0 0 0 0 0 0 0 0 0 190.902 191.417 189.015 197.192 198.923 194.49 195.267 202.408 187.849 197.546 198.429 202.244 192.557 193.425 201.045 195.317 197.907 197.473 197.443 198.744 192.735 181.006 189.261 194.581 191.203 188.582 184.067 179.659 180.651 183.806 178.432 174.881 165.334 162.373 159.791 0 0 0 0 0 0 0 0 0 0 0 0 0 0 0 
0 0 0 0 0 0 0 0 0 0 0 0 0 0 192.579 201.807 190.147 195.076 202.141 199.464 196.165 199.785 202.998 189.905 203.447 201.796 196.706 193.873 203.225 195.505 192.763 197.115 202.592 195.641 198.449 194.954 193.788 191.723 196.052 191.461 184.767 194.272 187.026 189.315 182.681 177.222 176.528 170.192 172.1 169.332 165.882 0 0 0 0 0 0 0 0 0 0 0 0 0 0 
0 0 0 0 0 0 0 0 0 0 0 0 0 195.941 199.138 200.199 194.498 201.028 201.221 201.022 198.588 203.218 197.889 198.656 208.714 198.151 194.603 206.188 202.179 194.35 207.445 201.134 197.499 193.053 204.825 200.03 193.768 191.029 200.908 195.258 199.713 196.433 186.772 184.571 183.929 180.857 184.967 178.843 178.738 173.551 167.027 163.535 0 0 0 0 0 0 0 0 0 0 0 0 0 
0 0 0 0 0 0 0 0 0 0 0 178.234 200.559 195.857 203.239 199.653 197.092 209.042 198.681 202.777 207.431 199.765 196.569 209.076 198.405 199.748 207.481 199.076 194.383 204.248 206.105 186.136 199.012 211.56 208.98 190.937 193.09 200.634 207.945 198.669 197.719 190.465 188.434 184.468 195.239 189.332 190.643 179.575 178.395 172.331 169.729 164.738 161.604 160.478 0 0 0 0 0 0 0 0 0 0 0 
0 0 0 0 0 0 0 0 0 0 199.729 191.386 199.131 204.038 204.315 194.462 206.374 207.056 195.109 212.824 202.45 203.675 205.882 200.546 197.532 214.851 198.163 189.665 209.863 215.463 185.585 196.941 217.845 204.784 191.014 197.5 205.311 205.812 201.497 189.918 197.716 193.198 195.167 198.848 195.691 186.416 190.326 178.179 179.626 176.569 175.701 173.284 175.285 166.557 151.817 0 0 0 0 0 0 0 0 0 0 
0 0 0 0 0 0 0 0 0 193.904 207.519 194.556 202.632 208.424 206.146 194.374 213.736 198.503 200.458 215.728 198.227 213.884 205.003 195.15 213.194 199.572 193.583 211.76 213.212 192.298 196.657 219.233 206.412 189.805 207.019 215.265 201.578 188.259 198.389 200.987 208.124 201.493 195.938 194.453 186.847 190.226 188.512 187.811 189.499 184.4 181.38 183.845 172.438 160.65 159.863 154.658 0 0 0 0 0 0 0 0 0 
0 0 0 0 0 0 0 0 181.673 206.496 207.13 193.972 205.486 211.126 205.585 205.563 213.389 191.512 211.774 200.773 210.581 212.109 191.789 218.446 207.549 196.677 207.197 205.685 206.696 201.513 202.218 203.922 203.207 211.902 217.097 193.348 182.042 206.197 215.14 206.716 199.401 191.654 192.185 194.639 194.788 192.996 197.577 192.674 191.978 178.799 188.519 175.126 166.831 167.885 166.905 162.474 150.669 0 0 0 0 0 0 0 0 
0 0 0 0 0 0 0 0 194.805 206.466 208.857 190.923 207.839 208.066 207.898 213.741 207.419 208.235 209.541 200.366 219.76 195.977 211.586 205.277 204.179 207.839 197.308 215.841 204.673 195.475 203.642 212.029 206.585 204.499 200.61 202.154 204.615 214.53 196.908 189.302 193.841 206.6 206.047 200.729 195.444 195.926 195.922 188.934 180.981 185.796 188.376 179.057 176.711 173.608 172.796 170.144 162.983 0 0 0 0 0 0 0 0 
0 0 0 0 0 0 0 202.61 200.761 209.015 212.548 195.568 216.827 198.902 213.147 210.412 205.713 218.648 202.481 221.254 200.483 204.839 202.289 215.543 209.44 190.917 228.213 203.816 181.349 224.88 209.235 186.576 205.845 220.075 209.111 199.31 192.945 201.799 199.709 204.809 211.636 212.443 193.241 191.643 187.393 200.146 197.902 188.084 187.871 195.839 190.381 182.885 180.078 183.233 180.838 165.179 155.675 152.96 0 0 0 0 0 0 0 
0 0 0 0 0 0 196.838 196.648 199.558 210.5 208.25 199.857 214.229 205.681 228.016 199.37 218.889 197.855 214.888 206.052 228.733 197.824 207.002 213.454 200.894 222.892 205.255 198.669 212.059 197.799 196.667 211.797 213.263 193.949 195.147 212.066 210.065 207.437 203.089 196.904 194.693 194.946 193.858 199.236 205.598 211.04 197.132 187.795 190.637 198.054 188.146 177.033 182.284 179.253 170.592 163.333 163.156 160.778 153.979 0 0 0 0 0 0 
0 0 0 0 0 206.181 208.749 204.856 207.03 218.528 205.362 212.486 202.194 203.368 221.805 212.095 226.904 212.194 209.019 218.26 214.159 208.547 218.754 211.4 205.69 212.163 214.742 197.597 211.095 204.744 199.379 194.838 207.43 211.404 213.162 196.574 184.604 199.255 205.015 198.509 207.419 212.48 203.759 199.381 197.403 197.316 182.782 186.848 195.858 192.043 179.193 179.602 181.735 182.309 177.379 172.448 172.141 165 159.337 153.639 0 0 0 0 0 
0 0 0 0 0 210.217 209.415 202.92 208.193 217.498 209.754 222.579 208.06 226.629 204.72 221.032 216.082 219.561 213.893 229.957 210.951 211.33 224.73 204.919 208.538 208.074 200.402 213.696 212.826 194.853 207.281 195.576 193.505 203.018 201.508 202.433 216.971 216.668 193.215 187.275 196.65 200.586 184.043 189.635 189.173 196.208 187.737 197.948 201.642 191.366 179.681 190.08 189.576 185.412 175.973 178.154 172.98 170.94 158.463 148.778 0 0 0 0 0 
0 0 0 0 195.603 211.312 211.191 205.486 216.333 213.037 210.518 212.829 204.32 224.07 221.169 211.009 232.883 215.08 226.363 231.083 217.545 219.905 223.917 208.152 207.594 207.063 200.842 210.965 188.62 204.064 199.909 178.791 206.454 196.675 179.235 183.241 196.127 187.352 187.016 203.417 210.613 201.527 185.541 200.21 201.796 199.279 192.765 191.177 186.793 182.708 181.057 184.932 183.665 178.509 176.038 173.514 167.426 160.328 151.522 148.908 144.884 0 0 0 0 
0 0 0 0 201.413 215.13 215.708 205.968 226.065 217.509 236.868 210.656 237.482 221.731 236.465 232.003 252.248 238.42 256.163 262.374 258.269 265.382 273.442 266.929 267.013 232.7 227.503 189.379 165.627 177.38 165.261 179.268 178.812 178.379 190.324 182.634 193.391 187.293 180.461 186.31 176.472 179.139 181.19 185.137 180.823 174.482 174.318 178.96 179.271 172.987 187.944 183.581 182.299 166.933 167.089 163.201 166.748 158.474 155.197 149.274 142.604 0 0 0 0 
0 0 0 204.244 204.603 215.652 217.439 210.304 230.723 205.072 245.779 199.944 232.356 224.6 232.942 241.658 248.021 234.57 277.915 314.319 357.11 426.549 442.663 479.588 489.581 502.265 492.207 463.479 424.305 323.452 261.931 195.401 188.214 203.009 191.067 186.903 215.597 201.401 175.281 191.829 192.488 197.577 190.759 187.053 180.205 194.229 197.008 198.553 191.9 196.667 191.069 187.054 180.964 179.83 182.177 187.227 179.743 172.138 169.32 164.876 160.448 152.498 0 0 0 
0 0 0 214.766 207.698 214.517 209.797 199.599 221.627 204.067 231.885 214.24 224.187 219.631 211.166 236.667 289.68 369.669 481.987 538.187 570.732 608.321 598.348 625.437 601.747 629.991 604.416 623.533 604.056 589.795 534.861 425.333 329.633 238.22 214.994 224.589 219.297 202.094 210.177 239.159 226.565 226.255 223.51 219.509 225.168 231.934 216.182 205.666 209.947 203.112 199.257 204.667 194.442 192.19 199.385 195.23 189.145 189.545 181.981 179.013 166.571 153.513 0 0 0 
0 0 207.562 210.598 209.724 214.991 211.482 211.711 218.717 211.252 215.37 215.819 221.45 231.831 284.834 423.135 537.222 587.824 623.952 616.557 636.452 622.112 633.933 634.23 646.305 636.319 644.274 619.856 625.64 606.109 618.485 610.941 555.041 446.971 288.128 216.07 244.019 245.037 236.844 219.784 197.112 220.199 221.099 202.038 226.241 220.174 200.877 212.97 223.392 213.266 217.307 217.349 213.936 218.533 215.836 202.545 194.245 187.042 188.592 182.452 171.963 169.571 165.815 0 0 
0 0 204.996 210.635 204.291 219.455 205.974 222.047 213.899 231.884 234.901 215.015 251.671 368.697 510.42 607.446 625.267 614.15 647.371 628.527 652.48 631.061 667.21 643.51 654.325 646.727 653.864 652.059 644.181 646.99 645.102 627.535 636.45 615.119 514.061 370.319 242.053 217.331 228.105 215.286 234.329 257.792 224.455 210.505 234.464 207.237 208.474 232.881 220.338 214.772 219.39 208.183 206.23 207.156 201.285 196.882 195.543 202.695 196.664 186.312 184.164 177.601 173.591 0 0 
0 0 212.295 209.379 206.253 222.76 197.338 218.339 200.306 216.882 228.411 271.713 446.623 583.665 604.808 630.771 639.858 637.362 661.565 634.045 650.162 639.41 652.774 663.269 650.667 654.716 658.659 662.001 667.293 646.642 651.538 651.847 644.24 648.876 618.573 574.069 390.083 252.568 262.808 231.977 219.172 219.55 205.639 235.683 256.162 228.403 235.69 239.21 206.734 203.534 209.256 207.216 206.882 206.06 201.303 203.167 209.325 203.581 194.353 193.16 189.65 185.442 182.516 0 0 
0 0 207.433 210.093 206.482 226.704 199.319 227.492 219.969 214.017 293.02 460.307 599.806 619.873 627.306 653.572 649.168 643.673 659.888 646.782 643.399 653.653 635.411 627.482 627.35 631.627 643.665 655.634 664.449 661.398 638.838 655.135 662.208 655.312 628.883 645.353 568.337 391.279 259.305 209.104 226.147 263.433 237.538 220.624 212.977 194.526 224.974 224.827 211.326 231.943 232.572 216.351 218.976 218.734 207.206 210.737 211.439 201.93 198.036 193.18 189.748 181.518 170.933 0 0 
0 208.89 213.114 206.994 201.66 228.505 192.391 225.438 224.297 276.706 487.82 607.795 625.979 639.032 636.161 655.634 656.26 664.42 659.414 648.971 632.398 642.935 626.913 615.995 611.707 612.595 633.215 629.118 622.386 633.163 641.615 644.568 679.508 669.732 640.619 646.779 625.091 603.141 378.147 260.624 217.097 203.849 216.849 228.538 244.375 228.018 247.385 208.485 216.563 237.098 213.527 212.952 219.98 214.247 215.352 211.269 201.948 195.602 190.998 190.913 188.616 179.687 174.488 169.651 0 
0 215.94 216.074 216.355 205.954 235.501 200.071 220.011 249.312 437.764 598.824 611.659 639.373 649.847 644.365 660.709 648.872 641.279 626.269 634.325 643.722 639.1 633.271 637.119 635.239 636.851 648.949 652.8 647.023 639.071 639.948 622.871 671.721 695.129 662.931 658.859 630.569 631.386 541.534 366.464 204.794 292.873 242.834 215.863 239.667 228.054 237.914 212.615 235.183 213.212 200.352 220.197 218.159 209.218 212.755 213.282 211.839 208.567 211.121 207.484 192.751 183.804 181.492 181.336 0 
0 205.806 212.018 218.047 199.984 226.749 207.547 219.382 378.006 582.809 636.804 631.13 652.114 651.836 646.163 653.722 626.232 638.514 618.759 638.717 641.86 638.284 642.981 645.093 635.017 628.066 624.208 644.007 656.111 659.103 653.874 620.262 641.427 689.618 688.669 672.935 687.145 647.719 630.728 525.05 273.075 210.733 230.366 239.613 225.042 209.658 226.912 231.559 246.592 221.161 239.224 243.174 215.244 218.801 225.85 224.644 218.935 219.658 212.413 200.727 198.012 196.629 197.178 190.475 0 
0 203.597 201.81 209.949 196.727 222.237 206.628 283.651 511.658 607.171 630.65 628.75 641.496 645.336 631.299 621.951 607.129 631.464 610.569 614.162 595.013 579.534 597.299 602.284 621.159 637.386 655.458 662.347 677.442 687.236 684.186 658.07 665.002 666.573 710.823 658.906 705.278 654.401 669.863 580.876 487.554 224.85 246.597 267.073 253.357 257.915 242.159 234.604 233.933 232.963 250.494 224.429 217.865 232.819 225.292 213.423 213.725 204.769 204.175 206.715 205.206 199.843 191.852 184.211 0 
0 214.365 216.575 215.338 196.763 234.852 224.598 416.219 586.977 618.207 646.206 640.655 649.199 655.318 613.787 624.271 628.825 627.858 619.452 618.023 592.101 537.59 467.261 396.909 361.815 349.525 393.23 471.878 584.212 659.078 685.369 637.067 679.382 648.589 707.7 673.453 677.557 663.325 651.063 651.613 547.267 300.328 240.919 225.733 227.246 263.07 230.034 242.664 229.681 236.382 223.175 206.715 230.424 231.046 218.445 212.996 209.301 209.166 209.383 203.552 200.976 192.196 183.38 179.542 0 
0 219.158 215.863 215.358 189.873 228.826 275.859 535.949 612.322 631.533 660.737 655.725 663.024 633.68 627.267 649.893 651.066 643.633 646.215 564.851 403.875 280.489 229.702 213.352 204.361 201.286 197.316 205.737 274.488 418.001 609.877 620.535 632.828 657.501 661.277 702.206 662.19 673.08 643.537 627.182 572.24 384.812 223.855 238.006 194.394 222.452 205.869 241.895 214.855 220.487 206.926 231.313 227.05 205.603 206.515 219.022 218.999 209.336 205.789 204.159 193.442 181.804 180.058 179.593 0 
0 206.726 214.926 223.248 195.06 230.18 372.699 603.91 622.862 633.908 657.681 663.042 637.319 599.074 646.441 633.872 647.747 635.385 500.31 295.11 197.616 198.569 204.389 206.755 198.807 198.394 193.479 194.916 192.228 204.243 344.92 594.073 632.29 694.457 648.487 673.341 660.773 637.492 677.71 637.784 645.624 468.624 273.925 248.122 207.693 217.314 223.143 203.974 208.184 220.088 212.173 211.773 183.124 188.209 211.329 207.716 192.479 195.327 196.253 187.947 184.937 183.352 181.072 178.466 0 
0 211.134 207.102 226.192 211.017 234.423 458.543 615.259 631.742 635.145 656.475 664.943 609.533 618.474 658.217 618.5 644.158 525.687 276.105 197.57 199.996 204.644 200.883 196.971 194.054 195.451 181.949 185.191 181.075 178.294 149.749 342.059 620.412 760.078 685.449 650.669 711.939 686.405 656.26 651.69 613.935 550.412 294.75 228.433 255.592 211.802 237.809 211.915 245.375 218.455 225.516 215.047 207.908 215.878 211.634 200.642 196.131 195.83 195.705 196.452 193.499 186.943 184.145 176.295 0 
0 202.576 200.844 212.242 227.791 279.172 525.994 615.272 643.086 643.088 649.014 652.502 612.32 644.5 664.557 620.513 619.647 346.812 203.994 210.941 203.741 204.741 200.742 198.328 199.251 199.238 189.45 196.934 194.561 187.702 180.812 210.202 583.529 623.754 675.876 689.184 652.151 668.835 658.274 656.803 638.637 605.277 355.806 231.496 223.814 214.106 214.993 223.787 210.435 211.927 219.566 217.55 236.628 216.5 196.307 194.627 201.228 201.53 195.878 191.886 194.555 188.331 180.422 180.438 0 
0 216.383 213.045 209.208 228.87 317.099 566.594 627.376 651.05 653.657 642.177 649.458 609.426 647.165 656.594 639.024 518.546 224.59 205.093 202.276 201.089 207.094 204.825 203.883 201.688 201.084 199.345 196.869 204.811 190.782 199.843 185.265 433.225 689.377 634.155 642.794 638.257 688.258 659.993 637.264 607.978 606.006 433.716 231.887 245.484 237.147 209.734 219.985 197.141 224.784 208.736 213.025 199.16 190.812 212.171 222.535 210.165 199.953 198.691 200.835 190.521 177.283 173.202 173.937 0 
0 212.102 212.066 202.02 235.132 354.935 596.939 626.33 648.57 667.395 637.766 626.521 602.254 642.781 644.017 646.373 406.931 196.415 208.62 206.431 201.354 208.98 210.868 207.406 209.079 205.192 208.054 198.316 207.168 207.896 206.724 208.254 360.254 658.381 657.412 624.754 588.782 635.589 679.644 651.543 641.213 603.287 441.188 237.607 217.945 222.8 234.148 209.425 232.691 208.393 205.835 206.54 191.393 210.038 219.6 204.706 199.335 199.754 198.233 189.465 184.197 184.603 182.978 186.635 0 
0 214.309 222.523 214.627 243.538 365.445 603.342 628.817 644.175 668.54 652.901 598.052 609.874 648.695 635.429 650.691 337.58 199.234 207.099 211.482 202.191 201.756 214.601 208.835 206.965 206.064 202.458 206.366 197.286 207.273 213.068 209.817 330.646 600.457 646.232 649.824 610.855 619.864 634.716 662.978 635.944 626.892 496.854 219.265 214.134 216.61 218.827 225.573 219.87 210.417 222.948 210.143 223.531 215.359 196.025 192.454 196.218 198.598 189.895 190.721 190.676 188.371 187.52 181.305 0 
0 212.055 205.496 205.978 241.446 390.831 604.416 623.319 648.709 653.693 677.872 584.639 613.641 650.534 641.255 646.813 331.77 200.859 208.643 210.853 206.235 203.194 208.626 211.996 206.537 210.532 203.887 211.216 201.114 196.44 202.187 203.512 332.125 582.158 632.892 652.569 618.433 631.75 632.484 647.967 641.096 612.868 489.226 267.432 224.624 204.674 202.166 222.538 212.401 234.842 212.19 216.846 209.343 194.175 201.071 211.176 209.797 203.901 199.766 198.281 194.577 182.961 174.338 173.514 0 
0 224.626 222.758 221.849 205.874 385.865 595.05 629.919 656.141 642.186 669.734 591.56 618.079 657.774 639.09 637.495 375.736 202.85 210.962 204.622 210.595 206.048 202.966 210.325 206.802 208.412 209.28 204.86 205.469 204.358 204.135 203.999 366.196 590.086 629.429 639.223 623.124 637.731 649.131 639.414 627.7 626.786 470.406 234.421 220.226 240.5 229.903 203.159 227.601 203.296 207.877 198.815 189.025 216.664 219.457 207.986 202.046 202.438 198.713 197.003 187.423 179.761 178.417 180.731 0 
0 228.021 214.377 223.818 207.085 381.15 581.202 621.344 652.568 661.235 674.03 602.141 572.978 655.769 639.778 631.174 456.37 199.288 208.888 205.664 214.659 208.186 204.308 207.761 208.673 203.076 204.853 210.792 204.435 199.223 207.24 213.721 441.396 608.395 621.297 628.218 623.287 646.686 648.909 649.595 633.501 604.961 450.595 248.452 229.339 211.821 209.949 230.163 207.314 221.37 218.865 203.519 213.892 207.555 194.464 192.602 203.026 204.515 194.332 187.956 185.234 183.47 183.102 186.498 0 
0 0 215.947 221.564 205.563 336.515 571.337 620.622 641.922 657.053 664.877 648.413 536.059 644.877 648.267 645.794 533.726 261.87 204.71 206.254 200.453 215.552 206.063 203.351 207.873 214.28 205.358 208.094 205.666 207.807 208.518 254.59 538.02 608.664 620.112 624.768 619.14 652.058 649.326 653.598 637.436 607.199 416.569 210.186 212.562 218.105 232.212 213.075 231.818 212.488 206.43 218.193 205.311 190.994 192.436 201.018 201.321 194.788 197.443 198.428 193.745 193.65 191.812 0 0 
0 0 213.543 217.222 221.115 274.016 554.801 617.252 640.86 651.879 659.147 677.224 564.998 612.456 653.65 647.67 608.803 390.309 204.167 211.984 200.081 204.829 213.626 208.749 201.959 208.367 208.801 207.432 205.687 208.959 212.13 389.696 612.601 608.248 624.494 615.131 626.869 667.875 671.636 638.781 614.13 587.846 363.268 236.469 228.261 208.478 202.616 221.674 207.309 209.555 222.373 191.112 200.35 220.034 217.029 201.989 200.267 195.271 195.8 193.738 191.603 187.848 185.054 0 0 
0 0 223.219 219.433 224.086 230.209 500.168 614.358 634.599 651.362 644.681 666.146 624.905 574.148 665.243 651.455 658.982 540.759 320.044 199.843 214.12 206.439 210.574 208.539 206.317 207.513 201.519 207.485 214.086 206.735 305.086 559.995 630.796 624.971 623.899 615.614 648.165 663.161 653.011 645.865 617.017 563.227 299.748 203.28 218.284 217.037 224.457 207.056 215.325 221.789 205.602 221.333 229.67 209.137 199.897 203.622 206.421 206.36 200.028 187.645 175.252 175.905 182.534 0 0 
0 0 226.187 214.908 216.906 222.967 394.619 594.798 621.808 647.16 664.164 657.9 668.753 588.442 622.607 661.609 659.388 644.417 553.039 329.836 212.216 204.415 201.902 205.854 209.623 208.435 211.4 213.712 198.36 291.004 517.503 637.208 632.264 638.292 617.465 631.305 651.6 644.339 641.374 631.603 616.023 498.139 267.257 238.404 226.117 213.378 199.543 223.472 208.947 201.863 212.658 208.079 196.468 194.948 197.918 200.747 199.262 194.695 186.887 186.741 186.416 190.19 187.385 0 0 
0 0 0 206.302 212.38 222.028 285.495 574.996 618.076 632.524 650.132 652.943 655.291 659.621 566.226 639.425 653.863 654.745 639.49 620.787 451.617 316.592 251.335 221.493 217.002 221.811 209.66 227.261 339.335 534.96 632.99 637.654 634.797 620.706 596.416 634.364 655.648 653.2 647.362 625.681 595.408 394.077 218.622 215.505 220.882 216.452 217.589 201.69 211.607 213.8 203.165 206.81 221.073 228.107 226.419 216.007 204.5 203.35 205.621 199.655 197.24 198.26 0 0 0 
0 0 0 233.745 216.992 213.954 233.928 443.806 607.468 624.356 647.14 653.046 635.563 675.322 603.485 591.247 625.687 629.515 603.582 601.344 616.617 545.741 477.431 417.696 372.156 363.449 421.878 539.836 646.185 689.227 672.113 674.002 667.116 625.534 627.415 669.314 680.069 674.72 663.213 640.026 569.17 320.037 252.393 245.096 244.106 234.858 224.878 239.408 226.224 218.104 231.838 235.254 222.666 208.51 208.688 216.319 216.769 209.305 203.792 202.459 202.686 201.561 0 0 0 
0 0 0 0 209.793 215.088 215.338 284.551 553.139 602.404 615.655 643.866 623.768 649.981 647.427 598.3 581.961 619.132 608.156 603.584 591.544 607.053 586.701 596.79 628.262 659.389 696.051 708.685 699.698 695.351 698.551 694.917 633.219 624.276 676.84 687.321 690.627 678.498 658.159 636.458 461.838 264.773 261.588 251.136 252.14 259.646 246.202 220.847 231.691 242.486 228.108 213.843 216.783 226.335 227.732 222.788 221.036 219.062 208.143 200.333 207.533 0 0 0 0 
0 0 0 0 223.124 208.513 223.015 227.474 398.799 606.105 606.041 659.83 635.366 658.194 655.042 665.395 610.207 623.356 616.11 635.694 647.094 637.82 658.627 661.291 650.49 683.742 658.047 649.271 677.787 674.013 641.194 596.814 612.798 688.34 685.721 668.188 659.453 639.12 621.3 536.646 316.248 243.797 245.901 232.568 235.632 221.957 233.146 238.965 228.904 214.539 222.869 232.715 232.699 226.9 221.638 216.772 212.654 209.588 211.105 216.541 214.437 0 0 0 0 
0 0 0 0 0 208.008 222.96 214.495 252.616 488.448 592.337 627.459 626.819 657.16 657.12 661.039 660.583 637.472 613.197 595.823 605.148 627.786 631.264 653.492 654.964 635.04 661.567 674.569 635.538 617.821 615.524 640.306 673.69 666.684 643.844 652.638 654.766 643.084 606.436 404.263 256.433 241.317 235.642 227.885 232.028 229.281 219.175 216.52 228.606 237.57 224.805 218.26 215.376 209.403 210.376 210.1 206.928 205 203.908 204.912 0 0 0 0 0 
0 0 0 0 0 220.486 221.264 215.447 228.366 279.537 519.183 613.083 622.408 644.139 665.392 656.384 662.021 676.659 654.567 656.169 645.233 643.454 635.111 622.449 620.216 627.94 610.781 594.759 627.336 654.304 651.79 650.589 668.921 680.569 673.635 651.091 632.39 603.856 442.026 255.035 229.236 229.574 237.862 224.206 209.215 222.437 231.383 227.37 212.076 204.938 201.77 203.575 210.732 211.115 210.592 209.912 203.819 199.136 204.249 203.441 0 0 0 0 0 
0 0 0 0 0 0 223.189 217.906 217.013 218.833 310.995 533.307 596.718 621.508 640.662 662.806 642.297 656.63 665.416 641.964 663.716 661.855 649.76 634.504 624.327 629.32 659.606 655.042 660.517 673.826 687.056 687.472 670.406 659.821 638.03 629.841 610.575 473.141 283.288 229.137 230.018 226.256 225.508 232.073 238.74 231.084 226.177 224.618 228.67 234.343 240.628 231.963 216.255 211.659 208.588 200.959 197.792 201.425 205.301 0 0 0 0 0 0 
0 0 0 0 0 0 0 220.545 209.693 228.953 213.837 310.353 486.088 588.287 615.808 641.989 632.978 647.295 664.368 648.685 645.764 655.059 661.684 650.562 662.528 672.313 679.056 680.35 677.028 655.142 661.841 664.136 652.976 652.061 628.483 602.258 475.457 299.23 249.688 246.787 244.225 229.489 229.135 210.483 216.707 224.977 229.302 229.937 228.414 215.873 209.802 214.911 215.627 212.056 206.817 206.93 211.069 214.313 0 0 0 0 0 0 0 
0 0 0 0 0 0 0 0 209.454 217.516 229.124 217.25 267.478 428.048 558.726 625.188 632.849 626.77 643.705 649.652 643.162 649.645 655.106 664.623 664.682 651.453 660.158 662.021 663.236 656.529 651.756 639.207 637.814 639.407 582.672 432.533 264.324 215.981 222.49 227.676 224.122 231.543 247.505 240.169 226.643 219.059 208.033 208.286 213.423 216.6 216.309 217.305 215.953 208.96 203.695 201.724 208.362 0 0 0 0 0 0 0 0 
0 0 0 0 0 0 0 0 231.169 216.429 210.025 223.898 205.135 269.423 351.51 467.487 586.791 605.432 627.929 632.236 638.592 631.44 640.702 642.674 657.581 657.026 649.588 643.872 641.49 641.741 635.007 614.453 589.699 527.159 375.596 259.014 242.346 238.716 231.863 219.147 213.234 205.455 215.864 215.478 224.197 233.643 238.11 231.674 222.296 218.133 214.397 208.383 207.485 209.883 205.337 206.776 202.894 0 0 0 0 0 0 0 0 
0 0 0 0 0 0 0 0 0 218.12 215.774 236.273 221.874 206.998 245.946 269.298 335.991 449.158 533.47 583.823 614.298 633.031 622.406 628.813 626.187 628.244 635.55 625.199 612.714 616.281 601.722 547.386 425.183 288.522 227.613 225.647 223.757 223.151 238.009 236.067 232.887 222.48 221.909 218.117 204.093 207.493 204.456 204.389 206.787 209.23 208.011 202.129 196.749 196.221 204.478 204.781 0 0 0 0 0 0 0 0 0 
0 0 0 0 0 0 0 0 0 0 232.938 230.473 223.061 228.883 228.673 252.784 251.242 233.976 298.838 359.648 404.519 485.009 501.353 536.207 545.136 559.595 564.196 559.785 526.08 462.758 364.528 264.197 205.099 210.292 206.242 201.91 191.978 187.463 191.571 200.185 203.094 201.742 206.682 211.717 208.344 209.092 212.164 205.721 202.075 197.957 197.82 197.184 199.479 200.241 201.624 0 0 0 0 0 0 0 0 0 0 
0 0 0 0 0 0 0 0 0 0 0 252.397 240.305 248.185 253.822 246.648 274.485 296.261 263.596 294.498 318.291 302.705 340.257 351.78 342.082 336.815 307.035 272.982 220.831 181.832 165.316 167.115 174.739 190.126 183.285 185.254 179.939 186.525 178.578 182.827 173.1 177.949 183.004 177.192 173.559 167.464 165.873 171.556 175.712 173.715 167.041 168.783 170.382 175.808 0 0 0 0 0 0 0 0 0 0 0 
0 0 0 0 0 0 0 0 0 0 0 0 0 225.172 234.021 241.195 234.731 242.775 255.331 233.044 218.614 251.294 244.574 209.694 214.637 209.535 189.054 176.011 167.642 186.906 198.09 198.156 178.353 171.11 164.539 166.601 172.093 174.035 181.34 197.174 185.213 194.334 190.703 189.246 196.1 200.218 192.156 185.289 176.129 182.495 187.391 191.171 0 0 0 0 0 0 0 0 0 0 0 0 0 
0 0 0 0 0 0 0 0 0 0 0 0 0 0 235.063 224.887 217.209 227.756 231.129 232.528 216.12 210.863 211.899 234.553 220.155 189.905 198.8 220.714 210.571 202.918 187.29 189.166 197.362 206.984 212.346 205.623 204.448 197.772 191.01 187.188 181.128 190.3 195.135 188.035 186.921 184.616 185.564 191.043 191.908 191.025 191.433 0 0 0 0 0 0 0 0 0 0 0 0 0 0 
0 0 0 0 0 0 0 0 0 0 0 0 0 0 0 223.522 217.141 223.782 216.313 221.644 221.61 218.023 207.975 204.409 219.907 213.474 209.217 193.09 195.445 206.507 214.693 215.355 203.837 193.613 190.662 186.631 199.254 203.534 208.741 206.039 197.068 202.144 200.841 195.327 193.126 194.454 194.386 189.409 193.494 197.166 0 0 0 0 0 0 0 0 0 0 0 0 0 0 0 
0 0 0 0 0 0 0 0 0 0 0 0 0 0 0 0 0 223.55 217.103 218.362 218.556 212.687 216.379 215.142 200.367 201.645 217.038 216.298 210.014 200.15 191.418 199.598 207.643 218.137 211.937 207.487 198.475 187.583 196.338 196.348 189.902 191.602 199.455 202.721 194.733 199.977 208.786 210.288 0 0 0 0 0 0 0 0 0 0 0 0 0 0 0 0 0 
0 0 0 0 0 0 0 0 0 0 0 0 0 0 0 0 0 0 0 221.72 209.883 208.049 215.274 215.86 204.844 209.354 201.9 203.699 207.79 211.588 207.085 198.708 192.843 196.986 198.174 206.901 207.613 199.61 202.359 198.747 196.011 194.193 196.259 198.708 205.558 204.648 0 0 0 0 0 0 0 0 0 0 0 0 0 0 0 0 0 0 0 
0 0 0 0 0 0 0 0 0 0 0 0 0 0 0 0 0 0 0 0 0 205.852 208.646 209.91 211.984 211.379 208.897 206.853 205.335 202.115 214.61 210.142 206.294 203.658 200.873 199.785 198.185 201.538 209.654 208.25 210.084 211.893 212.285 205.238 0 0 0 0 0 0 0 0 0 0 0 0 0 0 0 0 0 0 0 0 0 
0 0 0 0 0 0 0 0 0 0 0 0 0 0 0 0 0 0 0 0 0 0 0 0 0 204.774 208.916 208.949 209.52 199.803 205.056 206.856 214.78 207.282 210.101 208.525 205 207.457 206.229 210.97 0 0 0 0 0 0 0 0 0 0 0 0 0 0 0 0 0 0 0 0 0 0 0 0 0 
0 0 0 0 0 0 0 0 0 0 0 0 0 0 0 0 0 0 0 0 0 0 0 0 0 0 0 0 0 0 0 0 0 0 0 0 0 0 0 0 0 0 0 0 0 0 0 0 0 0 0 0 0 0 0 0 0 0 0 0 0 0 0 0 0 
