0 0 0 0 0 0 0 0 0 0 0 0 0 0 0 0 0 0 0 0 0 0 0 0 0 0 0 0 0 0 0 0 0 0 0 0 0 0 0 0 0 0 0 0 0 0 0 0 0 0 0 0 0 0 0 0 0 0 0 0 0 0 0 0 0 
0 0 0 0 0 0 0 0 0 0 0 0 0 0 0 0 0 0 0 0 0 0 0 0 0 177.128 181.724 181.778 187.736 180.895 180.963 179.815 178.048 187.166 176.916 176.616 175.171 172.682 172.432 171.223 0 0 0 0 0 0 0 0 0 0 0 0 0 0 0 0 0 0 0 0 0 0 0 0 0 
0 0 0 0 0 0 0 0 0 0 0 0 0 0 0 0 0 0 0 0 0 179.831 179.466 185.111 186.308 185.922 183.385 187.347 190.356 180.9 183.803 184.2 191.391 186.052 180.056 184.485 181.86 180.169 175.18 176.197 173.257 172.696 175.071 163.726 0 0 0 0 0 0 0 0 0 0 0 0 0 0 0 0 0 0 0 0 0 
0 0 0 0 0 0 0 0 0 0 0 0 0 0 0 0 0 0 0 181.603 190.128 188.598 190.023 194.988 188.476 187.674 187.657 196.306 187.287 185.333 188.346 191.53 195.679 182.866 188.792 189.7 186.721 180.743 179.315 181.74 179.666 182.261 175.873 167.108 171.746 157.577 0 0 0 0 0 0 0 0 0 0 0 0 0 0 0 0 0 0 0 
0 0 0 0 0 0 0 0 0 0 0 0 0 0 0 0 0 182.602 191.825 193.909 192.258 188.897 196.883 196.984 191.785 194.116 194.98 197.221 184.872 193.477 192.46 196.056 189.822 190.407 195.184 191.956 185.172 180.12 187.829 187.641 187.863 185.234 173.647 172.686 172.252 173.801 176.188 160.493 0 0 0 0 0 0 0 0 0 0 0 0 0 0 0 0 0 
0 0 0 0 0 0 0 0 0 0 0 0 0 0 0 188.874 190.75 190.698 196.369 195.684 195.193 195.115 200.789 191.163 193.876 200.142 200.513 193.459 194.043 199.478 196.798 197.305 196.453 199.855 195.241 190.976 183.609 189.404 192.017 189.487 190.511 183.598 176.931 181.375 184.226 179.903 170.848 165.974 159.701 159.963 0 0 0 0 0 0 0 0 0 0 0 0 0 0 0 
0 0 0 0 0 0 0 0 0 0 0 0 0 0 191.361 200.156 189.359 195.351 200.999 194.769 198.013 199.981 200.68 190.18 200.419 203.226 196.734 193.747 201.639 194.189 193.647 196.795 201.832 197.379 192.723 196.54 195.588 191.866 192.591 189.255 187.346 191.966 186.773 189.955 185.074 175.343 176.684 169.681 169.435 168.788 165.366 0 0 0 0 0 0 0 0 0 0 0 0 0 0 
0 0 0 0 0 0 0 0 0 0 0 0 0 196.054 198.066 198.864 193.142 200.859 200.066 196.315 199.987 203.845 195.19 198.019 207.164 196.942 196.653 206.086 198.081 195.726 206.355 200.09 196.386 192.023 200.649 202.395 193.798 190.225 195.981 195.288 197.286 194.36 186.72 189.567 182.484 177.404 185.18 176.033 181.263 171.929 164.631 162.144 0 0 0 0 0 0 0 0 0 0 0 0 0 
0 0 0 0 0 0 0 0 0 0 0 181.44 196.459 194.54 203.886 198.594 195.093 209.276 195.795 201.04 207.493 199.324 195.376 206.646 199.673 196.988 210.272 197.532 193.249 205.683 204.999 188.539 195.266 211.811 207.36 190.685 192.647 198.671 205.382 197.392 197.999 187.208 189.566 188.185 189.475 189.856 188.402 179.571 178.682 169.237 171.14 163.853 159.728 159.112 0 0 0 0 0 0 0 0 0 0 0 
0 0 0 0 0 0 0 0 0 0 200.22 192.941 198.646 202.251 203.176 195.866 204.954 207.872 189.447 212.428 202.793 200.6 206.308 197.257 197.078 214.215 198.984 186.257 212.547 211.762 187.106 198.599 213.563 206.302 188.352 197.652 203.55 205.15 200.011 190.468 201.214 188.026 197.699 197.557 193.431 187.175 188.202 179.616 178.026 177.361 176.021 172.654 172.051 164.382 150.358 0 0 0 0 0 0 0 0 0 0 
0 0 0 0 0 0 0 0 0 191.577 208.703 193.253 200.619 208.496 203.17 194.356 213.956 201.493 194.969 215.619 197.173 213.089 204.805 193.254 210.922 199.223 192.95 213.561 210.765 189.179 201.388 217.284 204.323 188.648 204.17 215.247 200.158 188.473 195.323 202.369 206.793 197.07 196.833 189.302 187.828 189.457 186.952 185.879 187.683 186.16 181.891 182.093 170.254 158.536 160.473 152.631 0 0 0 0 0 0 0 0 0 
0 0 0 0 0 0 0 0 184.401 204.679 208.758 191.952 202.032 210.983 202.922 202.722 214.458 194.861 208.738 200.707 207.278 212.005 193.085 216.414 206.818 192.605 209.681 204.925 202.347 200.849 206.182 200.381 201.53 210.156 217.032 192.997 183.65 207.087 212.701 207.863 196.332 190.138 190.955 195.433 195.814 189.199 196.305 191.647 193.891 181.36 186.844 173.01 166.129 165.845 166.369 158.645 152.697 0 0 0 0 0 0 0 0 
0 0 0 0 0 0 0 0 194.837 207.256 209.793 191.971 205.678 207.966 203.104 211.059 207.093 210.987 206.568 201.61 218.606 196.385 210.38 206.462 202.729 206.169 197.999 213.286 204.923 193.115 204.547 209.774 206.4 205.024 198.179 203.124 208.989 211.659 196.968 189.383 191.624 206.966 205.616 202.09 190.948 194.995 196.428 188.239 182.47 183.055 185.663 176.735 177.81 173.883 173.594 169.072 160.673 0 0 0 0 0 0 0 0 
0 0 0 0 0 0 0 201.152 198.243 211.226 211.119 194.365 215.255 201.598 208.286 210.533 205.182 220.291 197.768 219.427 202.306 206.083 199.143 218.22 206.227 193.921 222.871 203.308 183.548 219.511 209.482 186.889 205.905 217.131 207.394 204.226 194.812 197.178 202.888 204.688 208.497 215.529 193.39 189.396 181.82 201.849 198.088 186.253 186.739 194.363 189.556 183.928 178.114 180.854 180.053 166.562 153.421 153.634 0 0 0 0 0 0 0 
0 0 0 0 0 0 200.197 200.449 196.542 210.818 210.38 197.189 214.094 203.926 224.32 198.606 220.534 200.006 212.336 203.191 228.759 195.882 209.463 213.218 197.057 225.807 199.405 202.696 212.792 197.275 198.771 212.949 214.721 194.365 196.182 211.277 212.155 206.787 203.458 196.576 194.44 197.83 189.554 196.216 205.206 211.905 194.249 189.196 193.923 196.968 186.953 173.019 184.125 181.781 171.083 162.26 162.148 161.136 152.879 0 0 0 0 0 0 
0 0 0 0 0 201.165 205.642 208.044 204.479 215.411 206.986 208.886 201.893 199.603 220.264 209.781 226.761 211.709 207.48 214.442 214.027 205.467 218.779 205.626 204.918 210.759 213.311 198.753 210.359 205.074 196.58 195.64 204.443 212.506 212.542 196.002 190.123 197.512 207.456 200.28 209.246 214.556 203.165 197.918 197.905 199.347 183.067 187.169 194.525 192.727 180.863 179.098 181.085 179.618 176.463 168.723 172.171 164.797 159.165 153.316 0 0 0 0 0 
0 0 0 0 0 210.804 206.487 203.753 205.992 215.507 210.217 221.002 204.629 218.439 203.263 219.624 214.633 220.347 212.637 223.393 210.45 209.362 221.773 202.761 208.023 204.764 202.1 208.492 206.618 196.641 202.324 196.496 190.075 200.922 203.025 200.737 218.653 213.666 195.496 187.203 197.389 199.72 183.047 185.94 192.803 195.37 187.684 197.583 202.148 191.467 175.763 191.76 188.357 185.276 171.484 176.782 174.988 171.347 160.348 147.397 0 0 0 0 0 
0 0 0 0 193.864 210.295 211.72 207.834 216.861 209.948 208.88 215.406 202.033 218.625 219.224 208.782 229.781 215.931 219.648 228.928 216.409 217.71 223.924 206.971 211.76 203.873 199.53 209.737 189.155 198.482 198.078 179.3 205.673 198.377 176.318 180.073 196.699 184.649 182.851 197.435 207.101 203.553 186.073 196.044 205.305 198.672 189.431 190.865 185.644 178.285 181.928 184.95 182.285 174.778 172.262 172.588 167.922 161.071 150.324 148.25 145.116 0 0 0 0 
0 0 0 0 201.999 214.68 216.697 206.872 227.696 218.914 234.227 213.407 234.898 215.25 236.324 229.428 247.328 232.151 248.067 261.76 261.444 267.276 273.65 266.928 270.304 231.997 227.664 187.347 162.21 171.864 162.582 177.505 179.068 174.636 186.058 179.85 189.43 184.312 174.845 183.344 176.789 176.921 178.294 186.684 184.428 169.949 172.469 179.294 180.427 171.897 185.107 181.147 179.568 163.489 168.663 166.17 167.087 155.901 154.191 151.693 143.43 0 0 0 0 
0 0 0 202.515 203.846 213.856 218.399 210.553 230.581 201.992 244.325 201.638 233.863 217.504 225.343 232.681 242.121 229.322 274.347 314.474 363.356 425.691 445.642 487.215 493.216 497.923 486.812 450.747 413.288 315.523 253.464 191.116 181.851 202.112 187.374 184.467 212.821 200.875 173.843 188.916 191.411 195.578 189.821 189.312 180.753 188.694 195.713 201.45 189.799 194.442 189.597 186.69 175.352 182.66 184.259 185.558 174.192 170.458 169.716 163.685 158.27 149.652 0 0 0 
0 0 0 211.512 207.218 210.878 210.936 199.066 225.379 202.746 227.657 212.093 222.691 216.722 209.758 229.908 291.479 371.362 482.526 542.551 567.596 605.26 603.627 628.055 606.439 627.86 598.884 614.841 595.234 589.68 534.731 417.101 323.162 234.222 213.012 227.153 219.367 203.279 209.332 237.835 223.504 227.505 220.73 216.27 221.971 228.032 215.847 204.525 206.861 202.515 200.84 200.514 193.767 195.17 197.511 192.003 186.148 191.634 182.072 177.477 164.815 153.044 0 0 0 
0 0 209.687 206.477 212.519 212.137 210.996 211.681 223.372 209.885 216.984 217.524 216.459 229.753 285.357 422.216 539.514 584.06 624.804 611.38 628.636 624.038 635.46 637.088 642.657 629.147 641.233 626.242 634.774 614.235 610.859 602.886 546.184 432.627 282.019 214.191 237.914 236.364 235.246 214.833 192.382 216.088 213.78 198.019 222.28 217.078 202.682 210.795 225.302 215.576 215.462 217.426 217.958 217.091 213.398 198.009 193.314 187.393 187.289 181.765 173.177 170.915 162.299 0 0 
0 0 207.342 206.264 203.059 218.827 204.673 219.516 216.929 226.367 233.5 217.383 247.948 371.816 516.248 601.437 622.08 610.321 639.659 616.829 649.639 634.327 663.135 635.236 644.045 649.279 661.376 653.328 635.99 636.217 633.188 623.579 629.025 609.167 504.072 356.915 242.173 212.507 221.875 209.772 231.605 255.529 221.671 208.841 232.143 207.381 207.865 230.013 219.842 211.723 214.986 211.825 203.714 203.275 196.324 198.656 195.429 200.185 196.394 183.797 181.249 177.217 171.935 0 0 
0 0 215.92 211.825 202.71 223.797 196.039 218.538 203.815 214.726 223.388 268.898 443.925 584.218 605.197 623.351 642.859 632.314 651.291 630.261 649.366 642.537 650.024 656.202 657.175 663.646 655.305 655.878 666.272 648.175 652.376 655.554 638.638 642.929 609.319 559.939 383.159 249.737 265.013 229.921 214.717 217.035 202.137 231.281 252.015 224.246 230.734 240.196 207.585 199.526 212.67 206.532 204.288 204.409 204.634 207.85 207.615 202.969 191.16 189.913 190.282 188.919 181.535 0 0 
0 0 207.704 213.78 204.942 227.443 200.722 226.597 217.481 214.855 291.429 453.792 597.988 619.832 624.802 645.545 652.302 629.847 655.025 645.319 641.032 654.864 624.126 628.397 618.548 623.796 645.314 657.106 665.196 668.27 643.5 653.913 662.275 648.65 622.401 639.478 563.942 380.066 256.216 213.022 224.314 257.609 238.589 222.243 211.615 190.579 225.335 219.856 207.264 235.631 233.502 215.351 220.548 222.687 208.642 206.753 206.487 194.441 196.586 192.607 189.791 182.097 165.15 0 0 
0 209.399 211.606 208.268 199.55 226.413 193.945 222.453 218.556 273.244 479.65 605.98 625.273 639.94 634.135 657.483 663.988 654.392 651.3 651.398 641.011 638.279 632.88 617.035 595.04 612.286 630.95 628.956 622.383 639.94 635.449 642.053 681.815 674.34 644.802 646.235 623.155 595.286 373.076 263.358 217.867 205.206 217.675 229.547 241.563 228.889 246.794 199.601 216.34 238.015 211.712 210.826 221.081 217.346 210.416 205.723 197.472 196.14 194.197 193.158 185.724 174.606 174.444 172.826 0 
0 214.779 213.674 219.989 206.839 230.431 202.051 216.613 240.489 435.423 589.502 614.739 637.336 649.184 638.875 659.514 650.678 637.885 627.862 639.08 641.066 622.521 643.41 626.433 625.834 631.883 639.278 647.088 633.589 628.102 625.252 619.892 672.513 698.821 671.393 670.912 635.932 625.325 544.437 369.733 202.798 296.9 244.134 220.384 238.89 233.963 238.529 217.431 240.916 213.541 199.509 221.33 221.978 209.915 208.374 214.415 217.681 211.14 213.086 206.717 188.549 189.471 187.112 178.344 0 
0 204.691 207.505 213.387 203.969 229.922 206.72 225.19 374.233 582.605 625.273 634.415 650.341 654.854 639.838 656.745 620.81 628.122 620.566 636.835 633.614 644.547 643.085 638.84 635.518 624.9 622.057 636.226 654.956 671.176 656.531 606.549 626.821 681.692 677.217 659.375 684.418 639.911 624.605 512.127 272.466 206.798 233.828 237.762 223.091 207.557 221.021 230.893 237.368 217.716 237.42 244.89 215.084 216.718 223.819 224.565 219.233 215.507 204.235 199.537 202.091 201.746 196.969 189.998 0 
0 206.267 206.044 207.654 194.708 226.321 205.431 288.208 505.248 606.76 619.404 628.199 637.697 645.708 631.427 619.863 598.408 625.828 611.017 605.984 582.688 595.432 583.448 594.092 614.124 637.212 654.511 662.253 684.481 680.789 673.258 648.84 654.959 665.377 714.927 652.837 700.927 652.094 668.542 567.517 480.398 221.743 251.174 262.936 252.165 254.55 240.888 235.119 227.013 233.442 253.305 223.875 218.357 234.419 223.571 211.514 215.001 201.042 204.552 213.494 206.932 202.837 197.009 182.882 0 
0 209.055 213.562 214.38 191.9 232.54 232.765 426.173 587.464 620.206 645.161 643.872 649.83 657.976 620.87 614.875 623.735 628.568 621.253 614.488 591.692 538.825 456.323 396.469 357.503 343.384 387.766 483.146 572.711 645.691 682.109 633.107 671.213 637.829 707.564 677.237 682.154 661.936 653.013 647.406 537.113 286.708 240.93 226.113 222.512 261.943 230.987 240.298 225.589 235.326 219.825 203.024 230.072 228.281 213.555 206.285 206.147 208.531 207.597 200.875 200.484 192.832 181.21 177.077 0 
0 219.143 213.219 215.051 190.724 227.299 281.992 539.395 614.221 632.239 662.886 656.619 661.962 630.733 632.138 640.059 644.717 648.1 650.182 554.013 410.291 281.39 223.205 214.911 206.574 195.907 199.491 215.54 270.256 417.987 607.674 631.289 642.972 651.737 632.959 691.694 658.125 671.594 639.373 625.978 564.617 375.133 225.606 242.114 188.179 222.474 199.444 236.447 211.726 218.177 207.692 228.012 225.988 204.707 204.085 217.253 225.169 210.906 201.33 203.376 190.665 177.976 178.834 175.856 0 
0 208.442 217.242 225.492 194.835 232.5 382.06 606.241 628.546 632.813 657.998 656.409 645.203 606.765 655.821 626.342 642.894 634.009 497.924 282.824 205.197 196.003 197.625 205.696 198.897 192.78 203.85 198.573 191.644 202.172 351.279 618.829 642.188 705.708 634.839 656.282 662.616 632.851 668.331 639.448 637.93 456.059 271.777 245.263 212.539 219.705 222.857 208.016 207.942 214.149 213.544 212.113 183.131 187.245 214.764 209.459 194.557 194.599 190.275 184.639 185.704 187.76 186.21 181.519 0 
0 211.456 206.178 226.793 209.099 237.796 467.649 610.829 631.046 634.98 656.594 660.166 623.705 623.447 667.841 617.103 647.382 521.614 277.505 196.667 209.641 197.555 192.6 197.545 192.575 185.699 191.716 178.864 181.207 180.641 159.343 345.298 616.984 762.003 686.258 625.155 707.7 682.388 647.671 651.334 609.226 544.979 285.986 228.239 251.979 203.376 235.54 210.26 239.913 211.681 225.976 211.457 210.372 222.517 211.985 196.085 194.548 193.047 189.294 199.136 198.69 189.036 183.943 173.601 0 
0 205.076 201.393 209.845 225.059 286.88 541.269 614.793 645.563 639.563 642.85 651.212 616.218 644.539 664.829 614.8 607.162 342.378 203.66 204.4 207.73 199.317 196.483 201.668 195.256 195.756 200.533 192.918 190.043 188.841 180.65 208.144 580.111 629.557 673.885 667.602 635.296 660.667 653.746 659.014 640.935 603.843 344.711 234.58 216.76 216.262 212.185 220.175 207.933 207.839 217.839 214.642 237.783 215.723 194.719 190.888 200.883 203.385 195.013 195.612 193.448 186.431 180.58 177.292 0 
0 215.534 212.37 205.542 227.322 323.643 573.049 623.537 654.276 655.965 644.443 644.069 600.67 637.352 658.659 629.372 502.574 231.729 207.779 203.619 208.943 199.708 200.235 205.19 197.341 198.344 199.466 202.085 196.632 192.396 196.533 188.032 442.617 689.236 621.627 629.374 629.358 679.998 662.408 640.707 606.72 602.155 429.394 229.442 242.774 229.933 199.171 225.185 195.436 219.197 213.532 216.485 198.455 189.683 210.913 219.327 208.022 196.757 192.351 198.913 189.211 178.25 176.766 173.653 0 
0 206.536 208.592 200.01 233.733 360.474 597.179 620.738 649.458 672.707 639.736 617.506 605.009 641.685 646.059 640.883 394.317 206.893 213.515 208.719 205.303 201.918 200.791 204.565 208.976 200.948 201.619 208.568 198.689 197.047 200.282 203.613 357.775 655.449 652.476 625.726 586.201 624.695 692.331 655.91 640.541 602.821 431.286 239.644 215.825 217.755 240.389 208.775 226.226 210.321 210.068 205.402 196.631 214.725 217.648 198.281 195.909 199.209 196.85 192.488 184.24 185.473 183.684 182.642 0 
0 213.732 218.422 212.277 237.526 368.228 605.657 625.02 640.155 672.461 647.5 608.463 616.729 646.869 629.713 650.494 322.049 205.13 206.655 213.133 203.784 212.801 201.396 207.106 209.865 204.361 199.31 203.93 207.324 204.048 199.852 202.691 330.004 602.344 652.058 643.785 592.754 618.751 643.284 662.063 640.311 622.879 480.029 214.764 218.435 219.069 214.487 221.599 216.197 208.479 216.679 208.3 227.537 218.357 197.004 194.948 200.412 196.916 187.389 191.052 188.649 188.889 188.147 179.418 0 
0 211.359 205.82 203.568 232.231 394.213 609.932 625.187 644.982 652.686 675.309 589.406 616.489 648.508 634.398 643.268 310.291 208.536 212.685 212.817 203.83 209.547 206.153 201.194 207.918 207.482 201.967 205.17 205.142 214.409 212.558 207.645 333.3 583.25 625.21 641.093 610.909 632.662 635.199 645.413 642.728 605.217 481.334 265.688 226.951 201.89 200.219 216.813 202.676 228.193 209.206 221.53 210.255 192.449 200.075 209.592 212.085 198.089 196.279 197.103 192.496 184.584 174.693 171.557 0 
0 221.903 221.268 218.366 205.437 390.469 597.784 628.36 652.217 635.967 666.924 593.832 617.212 650.42 633.17 631.395 348.676 201.44 213.694 208.996 205.658 202.636 211.757 199.866 205.656 211.205 210.937 206.109 203.102 195.406 200.72 205.72 364.523 587.089 628.326 646.826 629.639 643.73 645.25 640.029 627.657 617.158 480.948 237.531 214.399 233.677 227.291 200.898 225.289 209.453 212.788 200.684 192.288 219.708 217.25 204.968 200.54 196.755 199.875 199.666 189.032 183.277 180.539 179.56 0 
0 228.422 213.992 218.911 203.615 383.398 585.562 628.227 652.211 659.135 660.373 604.639 579.298 658.308 639.143 630.808 438.814 189.297 215.543 207.904 209.871 203.932 207.35 208.268 199.557 206.574 210.765 212.061 210.258 201.306 204.24 209.544 435.033 608.509 624.173 627.88 619.116 647.01 648.937 653.532 619.131 598.473 452.084 243.9 225.935 209.568 209.347 227.594 202.65 217.511 216.959 207.792 216.737 204.565 190.637 194.036 206.502 199.14 194.958 187.346 184.654 187.631 187.394 183.139 0 
0 0 216.269 225.96 207.393 337.35 573.544 620.705 637.948 660.541 656.403 644.809 545.125 643.67 644.826 645.565 520.219 245.238 208.177 211.256 206.339 214.951 204.951 209.396 205.948 198.675 205.418 206.333 205.187 206.51 214.759 255.3 536.251 613.457 624.069 617.525 614.079 658.38 648.194 642.686 625.147 602.608 426.211 212.269 211.21 217.776 227.08 207.441 230.455 211.388 206.804 219.567 203.38 190.941 194.841 199.849 196.662 191.659 199.66 200.214 194.477 190.767 188.39 0 0 
0 0 208.513 213.603 218.607 279.607 560.043 615.389 637.052 646.75 661.885 660.976 570.632 614.084 652.163 649.049 602.733 378.635 200.661 211.313 204.281 208.034 210.013 203.725 209.761 206.137 199.689 197.658 201.28 206.099 213.28 385.549 608.309 607.923 625.702 618.16 620.782 668.346 657.089 631.727 613.172 597.147 375.815 229.893 223.391 205.306 199.378 219.046 203.89 211.274 223.153 192.782 200.394 219.203 216.038 204.328 196.375 194.087 194.902 190.26 190.775 189.081 182.274 0 0 
0 0 222.282 219.249 228.765 233.678 497.89 613.59 628.81 645.898 652.648 664.206 626.493 578.791 660.003 645.437 651.185 533.765 307.917 193.025 219.662 209.559 209.917 210.365 203.182 211.35 214.081 206.051 203.797 194.781 299.334 560.015 629.765 623.623 616.382 593.983 630.566 657.369 644.424 643.88 613.706 561.598 301.23 195.513 221.25 215.052 217.996 205.002 215.814 219.287 208.054 220.259 224.937 203.94 199.013 200.527 199.376 205.028 201.052 187.921 178.411 176.263 176.47 0 0 
0 0 224.189 208.913 221.107 227.685 401.365 598.2 622.901 644.942 653.077 655.35 668.687 594.062 634.498 651.027 646.397 637.749 536.53 319.733 208.7 209.425 205.918 208.498 211.295 207.757 211.649 218.898 216.067 295.416 517.083 633.225 626.041 625.507 593.842 598.827 640.49 649.582 643.311 629.63 610.791 501.26 263.693 232.64 220.799 212.519 202.655 223.019 207.264 200.883 210.957 206.903 198.203 198.367 206.626 200.285 199.529 196.414 187.17 186.649 189.945 188.557 181.314 0 0 
0 0 0 207.324 211.966 219.538 287.995 573.84 618.642 634.501 644.375 653.586 660.706 646.36 585.477 644.8 643.126 652.594 629.038 602.612 426.749 303.565 251.549 222.876 220.437 215.78 203.888 217.686 330.907 531.389 642.041 635.04 639.414 625.788 574.583 629.129 658.615 659.784 650.86 615.466 578.054 391.217 228.684 222.542 216.738 215.132 215.796 199.289 214.205 218.457 205.292 209.156 220.157 224.976 222.244 209.011 205.382 208.042 208.924 202.947 198.358 191.864 0 0 0 
0 0 0 238.75 216.59 211.405 233.927 448.53 602.972 626.175 638.38 648.62 640.141 662.256 600.894 605.014 619.371 632.455 609.659 604.842 611.762 529.636 455.291 403.249 369.073 360.671 414.31 527.515 636.418 681.544 676.039 676.101 658.17 596.753 609.445 665.499 666.061 658.8 641.082 621.179 564.595 324.596 244.439 237.197 242.063 235.856 226.898 237.033 224.056 213.421 227.924 232.615 222.586 210.935 208.663 216.403 220.526 211.084 205.133 206.502 204.935 198.972 0 0 0 
0 0 0 0 209.495 214.387 216.631 290.022 557.648 606.593 614.48 644.37 625.655 653.771 637.787 602.479 583.624 614.727 600.47 599.629 582.887 607.334 578.958 573.883 602.698 640.001 681.904 707.655 700.597 694.24 692.75 681.596 603.565 604.272 678.722 677.077 678.153 673.438 665.622 655.545 472.256 265.657 258.474 252.773 251.801 259.482 245.109 229.346 238.452 243.447 228.038 213.65 217.109 221.784 221.447 223.822 222.649 218.291 211.249 204.978 204.061 0 0 0 0 
0 0 0 0 218.244 208.528 218.545 217.465 404.31 609.038 603.925 650.572 631.837 658.511 657.521 654.771 620.136 620.387 613.772 633.535 638.68 634.659 660.32 658.388 644.418 675.329 653.952 642.844 669.535 667.258 633.671 588.553 604.25 690.972 689.39 680.994 687.235 667.566 641.439 536.926 313.473 244.402 242.058 233.036 240.7 225.376 237.239 240.723 226.378 217.022 227.063 238.194 238.619 226.181 220.228 214.474 211.735 210.237 212.136 216.171 207.327 0 0 0 0 
0 0 0 0 0 209.909 222.891 223.983 260.775 490.744 601.702 630.227 623.457 650.167 659.412 652.926 660.568 643.384 618.1 606.024 611.443 623.802 633.408 657.495 665.952 638.419 655.788 678.115 641.462 610.152 609.705 649.073 685.349 675.687 650.242 656.352 647.421 626.837 588.227 387.209 246.05 239.293 233.114 229.181 235.65 229.547 219.409 217.937 228.768 232.149 219.84 213.908 206.388 207.855 212.736 213.013 209.882 207.712 206.809 202.057 0 0 0 0 0 
0 0 0 0 0 222.599 220.705 215.414 228.767 277.072 524.518 616.286 622.321 641.778 664.175 655.116 656.593 673.306 649.268 652.7 643.871 644.551 631.472 624.657 627.784 635.877 620.906 604.617 617.426 643.967 648.135 651.69 665.665 672.378 663.175 643.029 617.109 591.753 441.664 257.95 229.049 234.659 237.686 224.346 213.486 224.404 230.549 227.758 214.272 208.817 206.811 202.595 209.343 214.26 211.895 210.289 207.017 201.552 200.885 196.261 0 0 0 0 0 
0 0 0 0 0 0 223.824 215.411 218.872 222.728 315.063 541.807 602.772 618.716 636.942 653.087 639.81 653.325 661.822 640.724 660.278 668.739 652.283 641.581 625.753 624.611 649.832 646.586 655.247 677.538 681.9 683.079 665.704 658 635.894 632.007 620.936 486.588 292.901 234.598 228.856 224.389 222.642 226.425 236.957 226.912 224.306 224.122 227.899 235.463 234.022 225.879 219.285 212.159 207.89 202.554 200.732 202.387 199.296 0 0 0 0 0 0 
0 0 0 0 0 0 0 218.837 207.832 226.051 210.119 314.185 496.157 590.702 618.79 633.323 634.726 649.554 663.205 658.683 640.324 650.114 658.14 654.863 658.906 667.768 672.373 681.054 681.424 658.56 663.661 669.872 659.853 658.503 631.08 603.776 481.126 295.375 241.5 245.861 242.771 228.658 230.608 208.601 214.963 220.396 225.102 228.93 225.383 208.751 208.418 214.13 212.867 211.145 210.729 210.813 211.738 210.255 0 0 0 0 0 0 0 
0 0 0 0 0 0 0 0 209.954 217.61 231.232 223.486 273.916 429.272 563.046 624.266 622.378 624.553 634.08 651.469 642.509 642.977 650.868 660.431 661.151 657.385 664.36 664.009 666.519 653.313 654.384 640.77 638.842 635.982 587.114 442.858 270.564 216.506 223.331 226.491 225.587 231.848 245.431 236.023 224.407 221.692 215.527 214.243 209.896 213.432 218.387 221.915 220.014 210.703 206.68 203.99 204.739 0 0 0 0 0 0 0 0 
0 0 0 0 0 0 0 0 236.098 219.646 211.76 222.783 203.551 260.421 370.609 486.811 588.304 608.597 620.36 622.978 639.555 635.957 635.887 641.07 655.117 654.768 649.007 641.534 644.779 639.528 635.605 616.81 596.677 533.345 384.322 259.481 239.436 235.122 232.356 217.224 214.335 202.511 213.421 215.151 220.744 232.818 231.861 224.467 219.881 220.759 213.297 208.564 206.51 209.748 208.625 203.293 198.721 0 0 0 0 0 0 0 0 
0 0 0 0 0 0 0 0 0 211.229 206.549 225.92 214.028 196.24 270.401 291.008 345.936 462.876 538.943 581.419 617.048 628.254 620.403 630.099 624.18 623.66 627.439 623.267 610.973 612.461 601.817 558.078 434.197 293.705 228.384 224.146 223.017 221.555 235.106 235.59 229.937 220.284 217.019 217.021 204.651 202.108 198.677 209.783 208.523 209.466 205.941 204.029 202.922 201.796 203.2 198.931 0 0 0 0 0 0 0 0 0 
0 0 0 0 0 0 0 0 0 0 232.656 232.412 220.728 233.769 234.275 248.377 245.718 229.99 308.79 364.7 405.487 487.48 515.681 537.57 539.79 556.693 553.674 556.379 526.41 466.732 371.704 276.775 211.606 204.827 201.178 198.629 191.077 186.867 187.387 202.714 207.133 205.568 209.935 208.107 201 204.398 212.354 208.879 203.587 200.593 199.948 199.234 200.124 197.144 193.739 0 0 0 0 0 0 0 0 0 0 
0 0 0 0 0 0 0 0 0 0 0 254.051 240.587 247.39 252.221 240.757 272.552 300.282 263.849 290.757 324.577 304.991 343.985 356.197 343.677 332.587 305.942 272.146 231.351 187.05 164.532 159.956 174.069 185.951 179.456 186.012 178.779 192.062 183.383 183.791 172.36 169.998 179.452 176.805 175.515 168.882 166.591 173.408 174.552 172.792 169.37 168.929 169.361 169.876 0 0 0 0 0 0 0 0 0 0 0 
0 0 0 0 0 0 0 0 0 0 0 0 0 217.838 231.213 238.201 231.4 242.428 252.521 238.567 221.107 250.917 243.343 212.023 209.583 202.423 187.972 170.915 173.224 188.273 197.67 192.943 179.416 171.916 160.905 167.552 165.815 165.239 171.941 191.817 184.211 190.92 190.182 188.764 196.747 200.27 188.668 183.486 179.259 183.108 186.679 183.306 0 0 0 0 0 0 0 0 0 0 0 0 0 
0 0 0 0 0 0 0 0 0 0 0 0 0 0 237.368 221.001 211.664 223.209 233.136 233.955 213.917 208.681 208.272 230.914 219.07 191.996 196.289 218.241 210.157 201.875 189.015 183.649 193.041 203.803 204.206 205.515 202.593 199.636 193.999 190.898 186.409 187.205 192.299 185.27 180.487 184.41 188.258 193.077 191.953 188.292 189.297 0 0 0 0 0 0 0 0 0 0 0 0 0 0 
0 0 0 0 0 0 0 0 0 0 0 0 0 0 0 222.154 218.343 217.622 214.912 221.932 225.045 214.807 205.553 198.304 220.423 218.996 212.186 191.495 194.038 202.442 217.316 213.644 205.993 194.52 189.241 189.772 198.361 198.71 206.977 205.837 201.235 203.519 201.253 195.567 195.464 193.756 192.915 188.677 190.939 191.31 0 0 0 0 0 0 0 0 0 0 0 0 0 0 0 
0 0 0 0 0 0 0 0 0 0 0 0 0 0 0 0 0 220.455 217.976 213.289 218.729 217.003 209.23 214.816 200.357 202.373 218.207 212.694 207.7 196.023 190.88 198.988 208.07 212.953 210.706 205.377 201.89 188.824 194.849 196.219 192.028 191.951 201.442 202.464 196.736 198.281 203.423 205.905 0 0 0 0 0 0 0 0 0 0 0 0 0 0 0 0 0 
0 0 0 0 0 0 0 0 0 0 0 0 0 0 0 0 0 0 0 216.875 213.705 206.177 215.514 218.168 199.946 212.701 201.91 203.137 204.738 210.988 203.018 196.595 194.512 199.861 200.46 206.195 205.185 203.298 206.839 203.445 199.823 199.116 194.936 194.31 202.86 201.537 0 0 0 0 0 0 0 0 0 0 0 0 0 0 0 0 0 0 0 
0 0 0 0 0 0 0 0 0 0 0 0 0 0 0 0 0 0 0 0 0 206.161 216.637 208.944 208.512 212.476 205.742 208.722 205.525 204.289 216.06 209.427 206.602 205.614 204.689 202.507 197.919 198.551 205.448 207.329 207.962 212.108 209.759 200.281 0 0 0 0 0 0 0 0 0 0 0 0 0 0 0 0 0 0 0 0 0 
0 0 0 0 0 0 0 0 0 0 0 0 0 0 0 0 0 0 0 0 0 0 0 0 0 208.021 204.289 205.504 210.77 203.072 201.956 206.575 212.039 204.396 210.384 206.851 201.577 204.833 203.265 206.213 0 0 0 0 0 0 0 0 0 0 0 0 0 0 0 0 0 0 0 0 0 0 0 0 0 
0 0 0 0 0 0 0 0 0 0 0 0 0 0 0 0 0 0 0 0 0 0 0 0 0 0 0 0 0 0 0 0 0 0 0 0 0 0 0 0 0 0 0 0 0 0 0 0 0 0 0 0 0 0 0 0 0 0 0 0 0 0 0 0 0 
