0 0 0 0 0 0 0 0 0 0 0 0 0 0 0 0 0 0 0 0 0 0 0 0 0 0 0 0 0 0 0 0 0 0 0 0 0 0 0 0 0 0 0 0 0 0 0 0 0 0 0 0 0 0 0 0 0 0 0 0 0 0 0 0 0 
0 0 0 0 0 0 0 0 0 0 0 0 0 0 0 0 0 0 0 0 0 0 0 0 0 159.237 159.467 157.945 170.903 157.223 181.141 153.324 170.641 151.271 165.298 167.894 155.302 159.539 149.928 158.233 0 0 0 0 0 0 0 0 0 0 0 0 0 0 0 0 0 0 0 0 0 0 0 0 0 
0 0 0 0 0 0 0 0 0 0 0 0 0 0 0 0 0 0 0 0 0 150.042 163.505 164.95 167.056 171.519 157.808 165.077 174.655 166.182 178.263 158.93 169.346 160.276 168.57 168.455 160.109 160.04 157.62 170.464 156.894 162.649 147.792 159.506 0 0 0 0 0 0 0 0 0 0 0 0 0 0 0 0 0 0 0 0 0 
0 0 0 0 0 0 0 0 0 0 0 0 0 0 0 0 0 0 0 157.282 165.85 164.592 166.981 169.367 173.011 171.042 154.405 171.042 179.757 171.66 175.15 161.43 171.949 165.726 169.157 166.78 163.358 167.053 171.879 169.622 159.728 158.567 150.167 172.579 147.475 161.308 0 0 0 0 0 0 0 0 0 0 0 0 0 0 0 0 0 0 0 
0 0 0 0 0 0 0 0 0 0 0 0 0 0 0 0 0 158.754 163.834 180.206 161.654 169.576 170.142 176.257 175.48 178.025 155.611 180.159 175.221 177.64 164.82 167.245 172.686 166.54 170.318 165.542 171.974 172.596 171.993 170.169 161.435 160.891 165.744 170.445 153.338 164.17 149.106 155.106 0 0 0 0 0 0 0 0 0 0 0 0 0 0 0 0 0 
0 0 0 0 0 0 0 0 0 0 0 0 0 0 0 162.3 170.199 170.519 169.212 181.891 166.221 175.502 170.699 173.312 176.586 176.012 162.101 184.682 173.642 184.289 160.484 181.489 171.707 171.263 170.376 169.758 182.229 167.379 174.765 165.07 167.206 169.696 176.692 168.088 160.808 158.252 157.648 157.389 158.357 149.288 0 0 0 0 0 0 0 0 0 0 0 0 0 0 0 
0 0 0 0 0 0 0 0 0 0 0 0 0 0 166.162 171.357 167.598 172.24 183.477 184.486 178.779 180.282 177.369 174.566 171.727 173.777 165.281 183.36 167.127 183.744 154.403 186.633 159.873 169.178 176.674 178.305 186.349 171.585 174.092 160.254 179.858 168.738 187.976 159.807 161.282 161.218 159.085 163.034 164.037 157.622 156.513 0 0 0 0 0 0 0 0 0 0 0 0 0 0 
0 0 0 0 0 0 0 0 0 0 0 0 0 175.892 174.16 173.042 174.075 175.287 178.819 186.103 198.436 212.545 175.058 181.523 176.946 198.344 174.055 178.654 173.379 211.266 173.466 207.21 175.335 190.402 187.176 179.816 187.027 178.533 175.691 175.579 171.328 171.316 175.93 157.739 167.062 163.723 170.156 171.597 156.532 163.771 147.739 148.656 0 0 0 0 0 0 0 0 0 0 0 0 0 
0 0 0 0 0 0 0 0 0 0 0 158.701 174.107 176.164 172.345 175.633 170.379 177.741 176.228 172.697 171.768 246.698 196.586 185.093 206.549 237.757 240.089 264.205 201.162 211.222 161.314 185.315 170.41 179.202 171.389 171.866 184.525 178.542 177.953 178.605 167.607 179.673 162.036 175.172 175.466 173.664 175.346 168.795 166.425 163.855 149.22 162.413 157.962 148.667 0 0 0 0 0 0 0 0 0 0 0 
0 0 0 0 0 0 0 0 0 0 164.143 171.401 170.568 176.23 167.569 171.573 171.375 176.775 171.568 173.088 152.748 190.248 226.009 232.688 226.297 195.936 166.768 237.636 167.106 187.512 165.374 198.409 171.91 173.219 170.913 186.515 186.597 180.214 174.934 177.611 168.692 191.473 172.966 183.304 167.256 174.301 176.687 163.235 174.733 158.389 158.404 163.862 162.497 164.68 156.733 0 0 0 0 0 0 0 0 0 0 
0 0 0 0 0 0 0 0 0 164.647 171.947 175.177 174.775 185.675 174.456 173.068 178.012 182.41 174.715 177.31 190.456 185.609 187.361 188.889 167.221 175.675 175.219 272.028 159.726 194.307 185.303 186.823 165.023 180.073 182.82 188.763 172.302 180.672 168.874 177.658 179.386 182.48 169.505 175.014 170.995 169.568 168.697 165.547 177.957 158.848 173.216 170.607 155.615 155.404 146.911 150.226 0 0 0 0 0 0 0 0 0 
0 0 0 0 0 0 0 0 168.324 171.287 174.546 174.752 177.198 185.026 176.162 179.126 178.788 179.084 178.295 189.008 181.538 160.954 177.739 190.824 161.152 190.817 184.741 245.14 207.942 216.696 177.462 167.1 177.722 192.408 178.614 176.7 170.644 186.826 187.566 174.338 184.491 171.947 178.783 173.897 173.257 175.67 169.931 181.679 171.309 172.754 173.143 162.318 158.272 165.663 151.61 158.938 147.476 0 0 0 0 0 0 0 0 
0 0 0 0 0 0 0 0 180.921 178.879 178.546 174.151 182.305 185.082 176.282 175.024 190.555 184.941 177.748 184.511 171.613 170.267 200.485 167.775 179.948 194.181 157.53 209.184 238.513 204.713 170.779 184.75 190.769 188.376 160.612 185.855 189.079 193.353 177.527 165.175 188.477 175.585 184.094 178.173 178.353 181.732 171.839 185.784 167.34 163.581 164.47 160.426 165.695 161.388 156.855 159.74 154.117 0 0 0 0 0 0 0 0 
0 0 0 0 0 0 0 174.817 177.581 178.404 183.012 177.537 184.146 181.633 177.93 184.645 188.594 174.079 192.523 179.31 167.834 187.361 181.189 173.367 187.253 185.928 171.035 200.646 228.523 203.491 201.07 177.157 172.834 178.431 184.532 200.7 188.508 173.32 172.819 173.142 195.032 178.627 180.847 178.475 179.709 175.869 177.291 174.839 161.907 169.213 173.187 167.211 178.272 166.807 171.892 157.324 147.469 155.809 0 0 0 0 0 0 0 
0 0 0 0 0 0 176.452 182.548 187.745 180.016 177.905 176.21 189.408 184.254 172.723 187.916 175.229 177.28 199.708 164.939 192.484 180.607 175.466 185.244 164.446 201.534 187.342 166.408 236.046 223.767 189.815 165.292 195.569 185.743 178.627 176.216 174.905 182.076 191.743 199.836 182.512 170.705 172.076 182.121 177.168 172.555 178.681 165.726 175.215 180.451 167.463 177.568 176.705 165.153 161.922 156.782 160.787 160.116 139.563 0 0 0 0 0 0 
0 0 0 0 0 169.503 174.825 176.644 189.289 185.553 187.539 183.398 194.451 186.241 171.298 188.572 168.666 188.303 188.768 176.739 197.066 175.427 198.597 164.966 197.554 187.317 166.762 208.996 181.417 199.827 232.847 185.445 170.4 170.648 188.879 183.75 190.491 187.519 177.604 177.027 162.992 174.471 185.744 188.076 176.373 175.489 178.915 180.962 183.234 176.107 169.962 176.916 159.707 164.725 161.568 156.745 164.23 153.98 155.685 154.708 0 0 0 0 0 
0 0 0 0 0 174.516 180.489 174.003 183.157 181.632 181.733 184.708 188.565 184.32 194.795 188.166 182.068 200.607 174.305 189.379 173.919 203.22 173.13 197.759 184.404 178.715 182.855 184.246 196.743 217.737 209.519 154.748 202.765 190.006 174.866 165.068 175.15 175.486 174.12 184.814 180.03 185.961 192.819 185.921 164.662 175.793 177.882 181.405 179.033 155.115 168.615 170.35 170.655 167.597 159.899 159.377 164.96 151.674 157.81 142.534 0 0 0 0 0 
0 0 0 0 174.211 177.105 181.678 181.365 189.958 181.528 179.237 183.055 190.999 175.681 198.872 174.132 200.856 185.263 209.546 178.321 205.424 180.833 188.461 185.47 197.664 176.87 193.367 176.092 190.469 217.243 217.717 170.662 181.872 165.621 181.798 196.182 193.182 178.367 188.542 189.713 171.016 161.077 166.455 175.051 165.226 177.822 175.547 172.852 155.86 168.983 182.318 171.828 170.106 166.201 163.557 181.694 162.535 166.876 157.058 149.894 143.971 0 0 0 0 
0 0 0 0 181.598 183.689 182.177 179.784 191.462 184.148 177.072 192.793 190.879 185.699 203.494 180.066 203.564 189.339 196.723 187.196 197.521 210.27 189.825 206.304 182.061 181.572 184.071 161.274 204.013 194.385 191.128 178.644 172.963 160.774 168.74 159.483 149.144 154.379 186.258 167.761 151.629 168.16 186.743 179.374 171.771 168.89 171.936 172.724 163.767 181.211 170.297 174.477 165.166 154.087 166.281 156.001 149.104 155.956 143.836 147.779 148.836 0 0 0 0 
0 0 0 175.453 175.967 181.103 184.562 187.211 192.497 186.376 182.662 209.741 185.483 203.477 199.054 206.203 194.689 224.529 221.213 212.642 236.84 227.495 251.465 275.495 275.288 311.225 279.541 264.573 232.598 204.007 174.475 135.186 167.365 173.495 159.179 174.75 190.203 172.002 176.33 167.394 160.171 177.387 177.017 157.74 153.534 155.58 174.995 159.564 160.517 169.85 171.335 159.569 143.081 155.09 169.401 155.379 164.012 148.67 149.191 152.031 141.061 139.808 0 0 0 
0 0 0 185.204 184.061 181.857 180.411 182.976 194.904 191.54 184.102 204.578 174.837 205.506 189.228 192.177 198.02 203.081 204.149 217.036 292.696 346.024 446.472 477.067 515.193 529.739 537.916 544.359 508.263 468.853 380.16 306.666 224.942 177.011 177.799 190.49 167.312 151.133 176.822 180.991 169.099 169.844 173.917 179.22 185.265 186.664 191.473 169.975 188.909 176.709 182.785 167.123 170.349 192.188 175.877 174.182 163.573 165.115 174.878 163.959 155.107 159.957 0 0 0 
0 0 178.087 183.349 184.816 180.828 181.649 180.448 190.12 185.099 186.682 210.638 179.504 198.953 200.112 191.142 197.195 235.657 330.294 443.589 540.564 558.451 602.339 578.197 604.093 585.46 604.622 575.506 597.634 585.253 584.238 567.768 484.968 383.866 267.419 193.693 186.986 217.843 213.092 206.924 201.806 201.033 201.691 203.89 182.539 187.806 180.615 179.113 182.317 188.225 187.153 172.533 189.512 189.117 182.096 176.402 170.721 181.902 173.705 164.921 171.692 160.232 155.24 0 0 
0 0 181.64 191.746 192.831 188.988 187.53 187.351 199.323 185.73 190.639 190.627 195.53 194.17 200.23 194.659 287.574 456.1 551.539 599.313 597.538 599.973 602.58 606.996 604.199 621.547 606.893 621.556 608.651 616.645 590.014 602.693 607.565 563.112 504.435 385.511 242.889 208.208 184.365 189.489 205.527 191.34 202.356 212.053 189.824 203.125 212.606 210.005 198.196 208.899 180.622 186.618 200.432 182.812 176.421 169.386 180.482 185.658 174.74 175.416 164.872 162.052 175.809 0 0 
0 0 181.738 183.021 192.408 190.831 192.549 185.275 199.464 184.6 204.437 175.336 207.819 186.518 223.129 356.588 520.679 601.257 577.573 612.954 598.323 632.767 612.011 625.167 617.424 616.022 633.847 621.141 627.774 620.016 623.944 632.523 612.63 611.291 606.119 563.621 419.011 275.854 199.867 228.174 232.482 178.8 201.37 197.428 185.214 201.364 209.302 194.321 202.964 197.012 185.697 205.074 194.348 189.584 183.456 195.725 192.961 180.868 175.987 177.798 172.988 179.159 165.969 0 0 
0 0 178.939 183.906 187.123 188.761 186.343 181.359 209.713 181.658 213.046 189.94 200.077 237.942 409.786 553.741 587.604 616.178 601.322 638.804 607.959 628.275 619.872 612.062 621.923 618.151 626.906 618.474 619.031 633.358 615.325 639.881 638.865 608.872 618.849 613.37 577.901 465.187 259.292 190.525 210.494 196.848 239.248 213.282 192.609 212.125 192.423 174.37 195.226 192.262 192.424 195.011 192.127 191.529 183.031 196.458 185.893 175.511 185.707 182.349 186.07 176.798 174.534 0 0 
0 181.047 189.834 185.59 190.439 192.477 185.234 177.879 206.765 174.886 202.922 191.696 233.455 415.595 576.305 601.359 597.006 632.171 607.082 637.406 625.13 618.744 611.748 617.88 622.023 616.769 627.139 615.842 611.208 606.866 612.563 634.032 652.366 628.031 638.423 607.808 612.872 601.049 451.809 271.343 227.022 176.156 176.404 198.032 201.774 227.921 203.174 207.054 206.152 187.449 200.317 201.741 194.418 188.017 202.517 198.483 182.414 189.357 188.2 188.741 182.246 168.656 167.26 164.074 0 
0 183.232 185.311 181.925 190.177 196.632 199.93 185.203 217.505 182.329 213.528 213.029 396.767 565.879 597.097 609.556 613.505 638.923 609.149 613.928 622.711 614.141 626.074 622.714 615.733 621.187 623.807 616.732 614.256 613.281 618.372 631.75 647.334 630.966 670.217 626.029 630.522 583.918 608.297 397.065 236.833 266.081 194.524 221.584 199.128 218.757 193.126 222.217 211.219 197.589 203.433 203.143 191.083 189.889 185.016 173.819 196.595 186.034 183.5 183.301 173.426 171.018 173.604 176.9 0 
0 182.818 183.926 185.234 190.764 195.062 186.258 172.058 212.146 174.265 203.793 352.015 551.578 593.816 613.7 624.386 610.055 627.63 611.676 614.118 614.47 608.041 611.258 616.334 619.364 624.797 616.879 623.15 615.387 614.617 619.369 631.776 666.918 627.61 677.928 646.909 676.924 637.043 634.426 597.019 313.189 238.686 198.675 233.21 185.909 204.644 198.327 208.918 189.743 197.003 220.131 204.448 197.361 208.899 199.91 198.645 197.579 195.581 198.991 182.927 182.127 186.147 187.26 177.332 0 
0 184.488 189.392 186.549 187.873 198.552 196.935 178.717 220.555 182.999 274.544 504.18 587.219 595.974 616.272 618.88 594.368 604.885 597.581 590.963 582.026 568.813 569.837 551.729 527.616 541.892 567.588 611.754 648.528 621.828 628.363 640.2 685.125 639.511 680.212 655.983 648.994 653.489 631.196 612.804 526.46 269.516 214.557 240.825 219.142 239.746 204.894 220.363 211.496 222.654 218.082 189.22 211.089 212.139 200.258 208.841 212.695 198.928 180.699 188.748 196.587 192.718 179.531 180.269 0 
0 182.585 184.152 185.9 186.824 190.479 203.005 175.021 218.827 208.501 406.276 583.651 600.939 618.139 634.108 635.136 606.463 625.09 615.384 603.221 603.728 536.172 425.089 329.947 268.653 242.456 242.276 299.136 424.078 533.694 604.981 598.239 673.29 627.289 644.555 647.01 649.055 676.39 643.525 629.174 599.366 405.555 205.666 216.518 216.574 216.809 196.42 210.216 192.952 214.419 178.786 194.042 207.394 190.357 195.228 185.416 187.989 187.628 189.138 194.321 192.546 178.283 177.463 169.775 0 
0 182.883 182.703 188.658 189.807 186.971 209.775 186.19 224.894 272.793 525.234 601.135 610.603 626.643 625.681 636.572 603.827 618.871 621.758 585.064 422.766 253.328 187.014 174.715 166.261 169.177 174.431 167.781 174.79 245.766 421.585 531.817 652.051 622.173 649.314 625.49 626.226 630.368 625.574 599.235 579.365 500.048 244.697 211.695 199.996 172.809 225.99 202.051 198.61 186.846 187.513 210.337 182.415 185.595 184.866 185.67 180.357 176.246 183.147 186.235 174.151 171.708 164.972 167.215 0 
0 199.289 187.966 182.813 187.686 183.142 200.063 185.745 212.719 352.128 569.545 596.807 615.93 626.634 618.098 636.968 605.053 632.887 576.736 352.073 192.42 172.893 176.263 177.292 167.511 168.266 168.594 166.579 164.56 138.083 185.133 343.159 653.362 656.601 652.319 629.127 631.578 640.234 655.87 640.515 615.19 563.336 369.173 196.072 194.67 174.824 209.766 161.856 212.105 178.804 201.196 188.895 174.488 186.846 189.737 190.127 184.78 191.928 184.363 174.287 177.904 173.046 168.187 173.254 0 
0 180.044 181.634 190.849 189.217 180.852 205.092 189.057 226.826 450.143 592.698 611.975 623.554 619.754 615.309 640.672 600.069 601.918 375.424 188.297 171.572 178.671 170.334 166.68 162.991 162.931 166.328 163.12 151.613 138.181 116.618 114.542 471.478 768.309 651.769 657.531 663.537 661.71 626.552 631.462 597.672 609.484 451.707 239.608 224.021 194.477 197.336 211.356 204.135 187.196 198.749 180.494 194.596 189.674 181.142 175.155 177.826 184.395 169.045 174.861 173.416 175.988 176.678 173.384 0 
0 187.815 186.619 188.277 198.226 188.917 187.691 197.798 252.502 507.574 598.364 617.896 625.861 628.29 618.797 625.039 604.988 508.997 221.104 174.529 177.079 179.395 178.279 170.398 170.374 168.977 169.34 170.918 159.392 157.014 148.815 136.891 298.934 630.024 675.529 648.008 616.685 639.887 666.068 635.448 628.363 587.367 512.955 272.23 187.193 207.178 192.694 223.584 172.461 201.258 186.566 197.738 202.916 192.176 179.895 184.927 183.203 175.749 179.737 179.918 183.341 176.855 161.091 165.393 0 
0 187.029 185.344 188.618 191.298 189.545 184.064 216.993 279.318 543.56 598.955 619.121 630.187 624.784 620.07 622.5 608.821 370.86 177.141 179.98 177.278 178.142 180.169 174.395 175.686 174.774 171.849 179.846 162.027 172.472 167.378 152.908 242.446 541.764 599.418 647.476 662.811 633.112 613.027 629.205 619.68 618.04 572.193 300.682 211.118 215.594 184.458 171.262 193.424 198.664 190.895 203.877 187.044 177.596 187.315 191.093 177.092 180.909 178.591 187.431 180.679 167.823 169.71 174.785 0 
0 177.77 183.433 189.307 194.681 194.159 180.624 226.362 313.711 565.643 600.442 619.995 630.472 619.47 621.254 613.237 590.705 266.733 180.449 179.08 176.803 183.082 179.98 174.252 179.949 178.276 173.512 184.693 161.817 179.363 177.477 169.289 208.688 494.86 580.658 599.159 640.085 649.252 640.346 624.301 617.217 589.03 572.778 385.103 209.627 195.966 199.77 187.651 210.508 174.894 188.176 181.472 173.566 190.976 192.586 180.475 188.329 191.53 181.719 174.834 173.783 173.833 165.128 167.337 0 
0 193.693 192.796 188.213 187.853 193.181 189.676 214.567 334.53 576.928 600.744 617.669 626.728 616.816 624.958 610.481 578.339 217.881 184.89 177.469 177.622 183.041 181.243 173.46 184.266 178.689 176.042 177.765 166.657 180.993 174.809 175.654 196.37 456.154 608.779 620.584 617.462 620.476 632.533 646.491 623.322 606.266 581.792 375.327 208.765 215.92 205.881 207.746 174.176 192.606 199.39 185.987 198.818 186.188 175.685 182.676 185.347 185.715 180.455 173.454 170.458 169.137 174.418 176.822 0 
0 190.597 188.788 196.956 194.942 201.867 189.113 189.894 347.792 578.024 608.105 626.902 627.004 614.314 624.567 620.24 558.94 234.985 183.887 180.655 181.683 183.562 182.831 174.71 180.971 185.906 180.503 173.805 170.509 183.728 180.14 184.893 205.083 466.287 600.151 610.551 614.57 608.405 615.479 632.62 637.42 594.961 586.028 417.303 208.156 190.623 183.914 197.64 196.852 199.994 185.399 196.98 188.829 179.039 186.16 179.98 184.384 175.378 173.577 182.299 184.782 173.911 171.487 174.38 0 
0 190.54 197.376 196.575 194.217 195.14 206.137 181.332 345.395 566.919 601.224 622.26 637.407 621.793 620.009 629.582 561.648 279.531 175.693 182.459 175.44 182.691 181.397 179.351 181.323 189.148 183.619 171.766 168.683 179.137 177.542 182.61 216.029 498.385 605.859 607.666 603.695 606.683 621.661 614.818 616.524 620.472 592.242 402.487 191.254 204.595 207.124 188.824 197.616 182.305 195.244 183.197 175.54 188.855 188.722 183.193 184.117 181.964 179.446 178.281 184.874 175.956 171.011 164.314 0 
0 193.573 190.021 188.09 194.33 193.352 196.121 178.225 333.109 562.279 603.365 619.064 629.834 629.061 628.137 622.371 593.897 365.868 169.732 185.1 175.677 183.521 180.145 179.332 183.763 193.746 180.27 174.752 173.871 177.622 178.979 177.598 262.655 557.655 608.399 596.923 599.978 609.171 622.048 632.261 616.19 590.044 580.07 371.488 208.703 211.88 190.453 191.965 171.664 191.16 183.52 183.248 196.188 192.953 181.512 180.331 187.508 183.06 186.485 181.052 174.011 169.45 170.669 167.194 0 
0 0 186.033 196.504 195.216 190.59 196.562 192.72 271.984 547.025 601.322 623.628 630.045 627.59 624.043 625.953 622.678 458.967 231.499 180.215 179.478 181.633 181.552 180.552 181.592 194.757 179.797 173.709 184.399 183.676 184.212 185.057 370.6 597.789 606.459 596.813 608.885 613.805 618.027 622.636 619.366 606.765 558.896 314.111 198.623 192.646 198.947 192.605 204.689 193.39 189.787 193.306 181.322 176.727 183.1 183.279 187.807 179.87 173.034 173.909 167.632 164.384 173.924 0 0 
0 0 194.215 190.246 192.026 203.774 197.443 202.54 225.953 518.439 588.727 615.903 623.869 642.404 624.737 621.691 630.538 578.05 352.701 190.493 180.785 186.836 179.061 177.957 180.691 190.059 190.371 173.361 178.488 185.155 182.733 246.347 518.481 605.199 616.071 601.468 612.564 627.673 635.078 614.25 601.262 588.764 512.865 276.946 211.247 211.324 193.963 200.217 178.926 184.963 195.345 173.76 171.528 180.122 180.049 184.758 184.034 179.876 182.482 180.217 179.157 181.64 172.874 0 0 
0 0 184.541 187.524 195.996 192.051 195.707 202.984 211.875 435.135 596.307 607.105 628.859 632.08 634.845 627.483 625.033 632.952 523.334 326.379 173.875 185.113 189.085 180.775 184.831 181.341 183.534 169.417 199.308 190.396 218.457 427.426 601.665 616.093 614.561 621.629 621.291 628.6 620.227 623.458 615.665 592.416 456.199 207.212 187.071 183.618 194.773 172.042 203.876 203.6 180.361 186.4 192.76 190.153 185.221 178.587 177.588 182.568 185.073 191.285 176.321 176.579 172.277 0 0 
0 0 190.003 196.373 191.066 191.618 195.71 204.517 208.547 324.764 578.389 594.084 619.668 633.212 635.788 625.076 626.772 624.517 622.914 535.963 366.421 192.668 181.664 180.631 189.681 192.657 188.796 173.248 186.89 221.084 431.133 592.69 621.038 628.754 609.065 621.502 612.647 607.659 609.314 612.696 590.134 560.015 379.763 209.578 215.843 198.163 190.205 217.924 197.102 187.962 190.17 190.721 190.333 175.4 184.454 187.042 187.07 186.348 179.657 175.139 174.017 174.899 172.889 0 0 
0 0 0 192.652 186.944 194.357 197.766 202.548 211.767 259.155 506.411 602.863 612.342 626.519 634.944 623.747 621.01 629.453 616.226 621.413 593.265 490.23 334.044 265.472 232.224 222.263 201.123 214.839 326.912 489.713 613.833 618.802 628.106 630.026 615.776 639.542 638.343 639.403 648.038 637.876 599.101 515.736 277.17 205.243 199.914 183.474 198.011 180.303 190.588 198.548 189.502 180.454 184.78 192.86 196.876 195.248 190.108 179.426 184.969 172.292 173.302 179.181 0 0 0 
0 0 0 192.448 190.518 197.141 184.734 192.8 193.338 212.59 349.28 575.576 584.717 609.703 614.513 619.511 603.637 606.253 584.286 589.825 573.49 570.155 558.335 487.845 469.278 478.416 476.574 572.988 650.052 669.7 659.592 655.163 658.828 646.267 640.114 649.868 638.617 643.118 639.351 614.064 590.415 430.94 230.854 223.906 212.669 215.355 203.692 225.44 221.756 197.789 204.991 218.892 214.537 212.881 206.811 196.607 197.012 200.43 197.941 195.352 196.766 193.871 0 0 0 
0 0 0 0 195.811 191.946 193.145 196.227 185.649 203.101 256.373 469.395 590.779 599.76 611.932 624.694 612.213 620.43 607.705 616.763 610.971 606.073 604.016 633.222 599.829 649.655 641.014 664.263 654.979 663.974 655.146 660.067 648.699 646.659 667.949 673.144 663.095 666.294 641.049 625.844 547.003 301.802 218.376 218.186 203.056 215.705 212.908 199.357 191.252 211.145 213.982 201.631 195.723 190.049 196.868 195.51 193.993 202.144 195.592 195.357 199.479 0 0 0 0 
0 0 0 0 186.276 193.945 193.142 188.248 187.063 197.997 204.903 312.948 523.235 597.731 599.569 628.138 623.89 636.327 617.294 620.945 612.668 623.339 615.917 628.275 650.007 652.478 590.869 648.329 657.962 634.796 624.515 651.401 646.957 658.617 651.774 628.896 634.97 628.699 604.697 576.664 401.89 234.257 220.348 207.378 220.857 203.413 201.026 216.315 217.633 203.173 193.868 193.539 210.236 205.824 201.573 203.244 201.66 190.56 188.205 191.737 187.557 0 0 0 0 
0 0 0 0 0 203.631 191.344 205.239 198.465 203.332 192.709 211.564 338.056 552.466 594.525 611.11 615.339 631.699 625.208 628.192 613.723 622.74 622.249 624.344 632.298 657.597 622.024 634.672 630.522 641.026 660.297 636.013 616.23 654.648 646.289 647.386 655.825 618.681 603.369 471.313 251.857 197.587 214.569 192.631 203.549 219.912 205.785 188.015 192.799 193.243 200.624 206.319 208.775 206.312 197.723 198.346 196.214 185.045 182.407 188.608 0 0 0 0 0 
0 0 0 0 0 183.987 186.356 196.665 188.554 201.584 202.775 195.466 234.273 336.975 563.252 597.915 600.975 621.27 627.299 629.895 627.884 628.024 629.287 622.643 633.377 630.651 616.933 663.15 637.141 609.882 645.802 645.405 656.007 654.157 619.551 622.472 602.933 592.478 523.256 313.518 218.072 214.69 216.346 211.162 190.941 185.662 183.826 201.36 206.795 209.804 198.479 198.366 188.506 187.662 193.884 187.816 182.849 189.106 192.117 186.935 0 0 0 0 0 
0 0 0 0 0 0 194.11 199.595 188.479 200.824 193.704 200.447 209.529 214.31 331.576 546.25 589.246 599.225 619.762 619.172 624.432 624.273 632.339 618.882 635.449 627.843 621.922 649.433 644.319 640.551 650.169 612.212 647.282 632.024 628.031 626.856 581.229 510.241 313.926 211.225 208.317 208.835 199.596 206.994 204.473 222.598 208.819 194.878 184.168 187.6 192.346 185.658 191.607 189.338 197.742 195.433 189.357 191.949 197.466 0 0 0 0 0 0 
0 0 0 0 0 0 0 190.487 196.241 198.554 191.325 196.141 203.943 207.88 207.474 280.813 485.433 570.06 603.56 603.355 616.561 617.003 634.219 617.075 650.786 627.528 632.15 646.652 627.298 641.701 639.412 624.988 623.891 601.945 617.926 582.508 462.78 303.043 211.235 201.012 197.434 211.006 206.767 199.702 188.951 186.254 188.951 190.179 207.777 202.38 205.47 198.879 198.564 196.295 188.528 188.389 182.87 185.142 0 0 0 0 0 0 0 
0 0 0 0 0 0 0 0 194.056 201.422 198.875 205.779 198.792 198.398 210.828 204.144 215.74 396.313 531.377 572.455 606.999 601.863 613.966 595.467 644.275 605.173 627.863 638.088 608.995 625.456 598.688 615.276 595.639 591.57 536.092 399.897 274.324 213.807 209.92 210.148 197.381 184.806 188.009 190.124 201.399 197.783 208.118 199.68 196.67 195.29 185.881 195.585 189.251 191.605 184.791 183.869 191.908 0 0 0 0 0 0 0 0 
0 0 0 0 0 0 0 0 194.029 187.069 199.129 192.063 188.425 199.568 197.068 206.308 202.351 185.49 283.214 400.118 477.916 548.713 586.938 580.902 632.8 582.476 615.881 605.341 591.936 599.63 593.216 572.023 537.774 448.061 298.333 218.078 195.912 205.396 202.08 203.059 207.177 202.126 203.528 188.214 182.014 181.384 183.483 189.768 180.841 188.101 188.796 191.381 191.404 178.233 183.963 183.107 187.481 0 0 0 0 0 0 0 0 
0 0 0 0 0 0 0 0 0 184.011 205.144 208.335 196.684 199.148 211.924 206.228 206.14 220.632 196.677 204.817 280.673 306.301 379.651 420.759 535.192 484.716 551.27 537.542 534.329 500.138 446.111 326.577 267.108 183.404 181.459 192.718 164.324 172.423 179.603 171.697 169.941 164.552 182.133 185.069 186.378 193.604 182.216 182.532 178.331 179.196 184.241 174.505 177.186 173.381 176.681 184.095 0 0 0 0 0 0 0 0 0 
0 0 0 0 0 0 0 0 0 0 205.883 201.791 207.866 216.07 220.99 206.798 220.129 223.938 232.938 232.657 225.84 256.599 293.601 243.071 370.84 295.969 348.075 277.026 248.284 204.232 161.541 159.287 168.358 163.757 179.774 161.296 157.755 165.884 150.573 151.453 159.153 151.97 162.928 158.773 160.641 160.997 157.661 159.593 160.911 155.957 152.626 151.065 153.796 170.571 162.588 0 0 0 0 0 0 0 0 0 0 
0 0 0 0 0 0 0 0 0 0 0 193.301 200.876 200.154 210.939 202.766 207.684 208.07 213.372 211.178 202.593 201.556 203.164 220.035 306.815 169.137 186.013 170.349 184.62 188.473 173.18 168.581 147.764 156.09 153.155 158.638 170.585 176.56 180.267 174.131 176.95 175.349 179.411 175.185 170.987 176.175 174.333 170.697 169.54 166.713 164.063 167.809 161.593 162.402 0 0 0 0 0 0 0 0 0 0 0 
0 0 0 0 0 0 0 0 0 0 0 0 0 192.994 213.359 198.066 198.563 200.704 203.461 198.108 194.476 208.681 200.44 195.925 277.511 203.008 206.119 181.916 175.755 166.657 190.127 184.138 211.347 189.228 188.159 177.776 181.937 172.415 175.471 176.429 168.692 164.835 168.372 178.862 176.921 181.802 185.363 179.46 175.613 176.315 174.906 181.849 0 0 0 0 0 0 0 0 0 0 0 0 0 
0 0 0 0 0 0 0 0 0 0 0 0 0 0 196.854 192.799 203.072 194.819 199.267 201.133 197.227 199.563 196.054 213.716 252.515 202.992 195.671 197.156 197.096 184.242 179.995 174.999 187.81 167.313 195.564 186.483 187.259 179.857 185.257 181.296 174.817 186.222 169.926 174.836 174.375 177.418 176.387 170.686 170.265 174.265 186.975 0 0 0 0 0 0 0 0 0 0 0 0 0 0 
0 0 0 0 0 0 0 0 0 0 0 0 0 0 0 193.715 189.953 201.659 197.926 198.044 189.43 197.852 191.795 223.445 255.355 199.603 185.208 187.874 195.778 192.519 182.12 191.173 184.006 183.628 178.362 176.036 181.469 184.849 191.325 187.643 178.28 189.568 183.72 177.969 172.637 172.466 176.443 180.497 183.202 181.501 0 0 0 0 0 0 0 0 0 0 0 0 0 0 0 
0 0 0 0 0 0 0 0 0 0 0 0 0 0 0 0 0 184.742 189.941 192.584 195.204 203.169 186.759 232.365 249.971 193.781 187.436 181.171 196.648 189.891 195.627 180.421 193.193 187.078 182.595 191.624 182.791 183.76 181.662 182.38 180.841 184.003 186.256 178.653 183.904 179.247 183.652 190.312 0 0 0 0 0 0 0 0 0 0 0 0 0 0 0 0 0 
0 0 0 0 0 0 0 0 0 0 0 0 0 0 0 0 0 0 0 179.544 189.792 200.768 185.119 239.485 259.877 191.483 184.522 187.189 183.993 188.168 184.959 189.362 191.622 178.907 185.042 187.522 178.95 183.502 183.304 179.449 175.762 181.735 184.863 183.072 194.404 194.427 0 0 0 0 0 0 0 0 0 0 0 0 0 0 0 0 0 0 0 
0 0 0 0 0 0 0 0 0 0 0 0 0 0 0 0 0 0 0 0 0 193.314 162.265 255.25 255.568 180.643 196.239 194.311 190.979 184.564 184.45 191.811 185.404 191.549 186.086 184.395 181.774 185.503 186.683 184.138 190.958 188.653 200.263 183.747 0 0 0 0 0 0 0 0 0 0 0 0 0 0 0 0 0 0 0 0 0 
0 0 0 0 0 0 0 0 0 0 0 0 0 0 0 0 0 0 0 0 0 0 0 0 0 175.923 190.961 189.055 188.539 188.946 184.016 193.28 185.67 199.934 191.85 190.833 191.787 196.503 197.882 196.898 0 0 0 0 0 0 0 0 0 0 0 0 0 0 0 0 0 0 0 0 0 0 0 0 0 
0 0 0 0 0 0 0 0 0 0 0 0 0 0 0 0 0 0 0 0 0 0 0 0 0 0 0 0 0 0 0 0 0 0 0 0 0 0 0 0 0 0 0 0 0 0 0 0 0 0 0 0 0 0 0 0 0 0 0 0 0 0 0 0 0 
