0 0 0 0 0 0 0 0 0 0 0 0 0 0 0 0 0 0 0 0 0 0 0 0 0 0 0 0 0 0 0 0 0 0 0 0 0 0 0 0 0 0 0 0 0 0 0 0 0 0 0 0 0 0 0 0 0 0 0 0 0 0 0 0 0 
0 0 0 0 0 0 0 0 0 0 0 0 0 0 0 0 0 0 0 0 0 0 0 0 0 182.358 187.896 190.428 195.692 185.577 189.364 189.371 192.622 186.119 190.789 185.978 179.101 181.871 186.631 189.557 0 0 0 0 0 0 0 0 0 0 0 0 0 0 0 0 0 0 0 0 0 0 0 0 0 
0 0 0 0 0 0 0 0 0 0 0 0 0 0 0 0 0 0 0 0 0 182.228 188.866 194.339 190.211 195.975 195.65 191.948 193.982 188.812 191.986 195.498 195.494 190.279 193.774 182.278 184.758 191.462 194.773 186.077 184.605 182.523 178.078 176.98 0 0 0 0 0 0 0 0 0 0 0 0 0 0 0 0 0 0 0 0 0 
0 0 0 0 0 0 0 0 0 0 0 0 0 0 0 0 0 0 0 188.967 197.065 192.657 191.804 192.912 190.229 203.47 198.039 195.773 192.763 195.863 198.842 198.091 194.96 195.306 187.5 185.779 194.455 198.649 191.635 186.836 189.798 180.531 181.485 186.928 186.811 181.553 0 0 0 0 0 0 0 0 0 0 0 0 0 0 0 0 0 0 0 
0 0 0 0 0 0 0 0 0 0 0 0 0 0 0 0 0 188.511 193.699 195.046 195.443 194.634 195.69 196.208 200.739 201.286 198.583 196.392 189.497 203.768 202.704 196.529 198.616 195.872 186.256 199.598 200.459 195.285 191.517 191.838 186.947 186.604 194.238 193.378 186.088 185.763 183.607 176.417 0 0 0 0 0 0 0 0 0 0 0 0 0 0 0 0 0 
0 0 0 0 0 0 0 0 0 0 0 0 0 0 0 189.226 196.785 192.89 194.887 206.684 196.306 198.252 192.545 199.949 210.472 202.259 204.724 194.579 193.222 208.261 198.792 196.445 201.145 196.429 198.532 204.072 199.805 197.604 197.717 190.766 188.56 198.538 196.807 191.312 191.648 189.73 178.915 181.393 180.023 179.085 0 0 0 0 0 0 0 0 0 0 0 0 0 0 0 
0 0 0 0 0 0 0 0 0 0 0 0 0 0 196.862 197.605 194.14 197.994 201.692 204.349 195.637 201.696 197.688 202.594 209.992 200.433 205.377 197.513 203.107 208.493 200.205 201.548 205.432 200.397 203.029 200.013 194.448 200.115 203.148 199.003 196.263 197.369 194.754 194.397 194.873 181.237 187.824 189.68 186.391 184.041 184.346 0 0 0 0 0 0 0 0 0 0 0 0 0 0 
0 0 0 0 0 0 0 0 0 0 0 0 0 198.42 199.561 197.219 202.98 197.267 202.952 208.3 200.591 197.837 202.147 208.17 203.527 200.922 206.513 205.359 205.49 201.527 197.679 207.057 205.175 203.105 204.879 197.206 196.026 206.788 201.867 200.576 196.378 203.737 196.3 193.611 194.337 191.64 198.866 188.047 190.043 186.957 183.685 176.71 0 0 0 0 0 0 0 0 0 0 0 0 0 
0 0 0 0 0 0 0 0 0 0 0 191.451 196.927 195.98 203.933 201.456 200.002 201.257 211.569 206.3 203.264 198.676 208.875 209.924 199.281 206.518 211.69 205.552 204.08 197.653 206.445 213.418 201.666 207.633 199.882 199.333 209.078 206.816 198.713 202.131 193.704 200.089 204.188 198.04 200.239 196.822 193.794 192.101 190.431 187.823 184.706 180.61 173.818 169.831 0 0 0 0 0 0 0 0 0 0 0 
0 0 0 0 0 0 0 0 0 0 191.022 203.12 193.72 200.467 207.686 201.522 200.883 203.806 215.364 203.648 201.371 205.567 209.311 205.905 197.765 210.988 207.097 201.67 206.727 205.884 214.251 201.85 206.408 201.31 206.153 219.836 203.671 194.674 203.421 197.821 203.242 210.205 204.122 199.773 199.112 196.408 193.472 190.084 191.75 188.762 187.67 180.466 179.995 180.873 180.713 0 0 0 0 0 0 0 0 0 0 
0 0 0 0 0 0 0 0 0 190.887 197.662 203.38 198.696 198.331 208.33 205.584 199.856 209.173 216.926 200.332 207.453 210.628 208.796 201.336 212.154 220.546 200.195 203.054 212.387 214.831 207.13 197.212 211.178 207.002 213.515 211.705 191.442 205.864 205.923 211.392 210.173 203.331 198.885 205.838 196.871 197.794 190.15 199.151 194.246 191.594 193.008 188.553 184.606 184.496 179.346 175.985 0 0 0 0 0 0 0 0 0 
0 0 0 0 0 0 0 0 193.13 200.074 202.12 204.069 206.763 199.478 205.201 204.73 201.27 214.355 210.859 196.335 218.392 208.125 203.665 208.111 220.129 210.69 194.84 223.716 217.756 202.147 195.399 217.757 216.445 205.667 199.652 197.52 206.333 211.5 215.564 206.922 199.559 201.009 201.374 202.612 197.984 196.399 205.8 199.543 191.063 198.915 193.604 188.314 185.553 186.228 180.302 183.936 173.773 0 0 0 0 0 0 0 0 
0 0 0 0 0 0 0 0 204.814 199.754 205.619 201.305 213.923 206.814 206.963 202.788 210.746 215.138 203.713 199.627 221.183 199.118 209.486 222.525 210.726 201.165 222.239 217.161 197.153 217.786 213.587 214.514 196.969 199.102 203.556 214.726 214.91 210.417 204.705 194.733 196.633 207.134 202.696 209.675 206.78 201.155 205.057 193.013 196.811 200.418 192.908 186.154 190.021 187.277 185.408 180.321 172.109 0 0 0 0 0 0 0 0 
0 0 0 0 0 0 0 202.648 204.911 203.552 206.17 204.903 213.49 205.099 210.692 204.513 220.636 215.052 204.609 216.702 205.784 197.441 232.439 201.624 207.636 219.062 207.371 202.82 225.661 222.975 193.309 192.63 215.325 220.671 205.828 206.582 196.046 202.71 203.895 202.272 215.377 210.734 205.353 209.901 199.398 194.836 198.879 193.326 198.692 198.269 187.434 191.652 190.779 182.738 183.954 181.903 175.183 171.409 0 0 0 0 0 0 0 
0 0 0 0 0 0 195.61 199.52 200.085 201.255 208.15 207.097 212.766 204.95 203.867 209.185 220.801 212.944 216.095 229.866 196.349 228.561 207.266 201.328 232.624 194.934 211.658 233.173 219.135 188.357 213.705 222.986 215.89 189.656 186.617 207.766 217.517 219.122 212.301 206.744 204.268 205.703 201.017 200.023 190.701 194.707 199.746 196.455 199.922 198.754 193.658 196.451 185.126 189.26 198.128 182.42 178.384 180.496 174.439 0 0 0 0 0 0 
0 0 0 0 0 199.57 207.324 203.133 213.8 201.429 204.024 208.361 221.742 211.373 193.417 216.673 210.582 208.356 233.028 203.394 229.775 219.767 216.016 230.827 203.107 216.342 210.757 211.08 223.807 219.241 203.325 197.398 205.012 210.394 218.739 219.252 205.204 193.98 193.069 191.264 201.731 204.651 196.109 201.527 200.046 206.141 198.182 201.457 210.493 195.528 191.768 190.975 190.307 198.585 188.1 176.853 181.458 176.388 173.266 171.82 0 0 0 0 0 
0 0 0 0 0 199.929 208.537 207.658 215.354 213.477 206.391 202.903 221.175 215.363 200.811 234.42 205.264 238.777 214.552 227.479 221.235 221.954 230.385 224.413 231.37 207.148 223.999 227.133 185.363 203.876 223.174 216.951 184.452 183.265 180.646 187.684 194.282 202.121 208.581 204.902 206.295 197.817 199.816 202.879 197.311 199.701 197.084 194.285 192.041 188.208 189.715 181.994 186.493 185.235 175.607 179.922 177.344 174.454 173.32 171.884 0 0 0 0 0 
0 0 0 0 201.503 201.543 202.88 205.249 210.383 213.806 210.814 216.327 232.203 205.797 217.143 225.046 218.947 250.119 235.312 259.52 247.839 256.905 264.432 275.42 261.137 284.201 301.846 273.277 260.378 257.793 218.748 189.908 201.222 205.384 179.521 190.832 195.142 195.029 190.915 172.89 172.402 181.618 185.225 184.152 195.25 177.763 176.579 180.154 180.766 184.162 174.143 181.004 185.614 180.305 177.918 177.31 172.722 171.13 171.186 162.233 153.89 0 0 0 0 
0 0 0 0 205.947 212.382 208.778 213.08 213.823 211.203 204.355 212.459 230.867 207.327 229.969 198.592 235.398 219.758 237.06 235.098 248.323 279.157 347.081 403.704 436.343 504.313 519.095 515.912 540.654 532.905 484.968 438.302 363.382 272.467 211.207 209.413 208.819 194.96 181.876 192.347 200.619 203.589 210.543 206.6 208.423 195.374 199.028 203.681 205.215 203.141 197.181 203.98 199.976 195.061 192.813 189.019 184.666 187.691 184.183 174.692 176.261 0 0 0 0 
0 0 0 199.893 200.822 208.298 209.538 214.113 216.845 212.535 204.59 217.578 219.751 207.35 220.603 219.307 224.246 227.525 242.582 331.137 431.1 522.515 596.239 596.673 618.64 627.833 616.546 618.863 629.623 614.325 617.192 625.291 599.821 549.252 452.961 345.502 239.453 231.48 253.311 261.254 239.206 221.917 207.673 209.156 216.08 207.64 212.323 219.216 219.367 206.417 208.035 211.707 206.614 204.682 197.271 199.47 203.317 205.481 195.396 192.926 188.099 182.395 0 0 0 
0 0 0 210.397 203.92 201.131 199.952 203.061 215.059 213.723 206.986 225.787 210.061 235.043 205.798 229.885 238.498 324.183 460.405 583.901 600.226 623.187 632.294 631.179 640.235 642.306 627.663 646.64 638.926 623.444 646.883 633.456 624.142 627.725 607.457 571.882 455.791 313.425 229.916 216.31 210.043 213.256 231.327 243.19 240.877 226.325 225.84 222.595 224.35 207.678 213.075 212.724 215.835 210.414 213.082 208.08 208.325 198.595 193.422 193.566 188.389 184.437 0 0 0 
0 0 199.059 205.054 205.337 206.79 212.241 214.538 221.657 208.929 204.534 229.118 204.732 235.205 216.037 255.627 415.789 558.239 622.965 631.98 615.551 639.004 651.89 637.522 656.416 645.251 650.617 663.729 630.343 660.08 651.537 643.906 668.593 653.957 612.505 622.391 616.085 521.248 345.197 270.802 256.891 218.136 220.937 230.808 233.644 218.494 221.001 229.984 229.04 220.407 222.695 226.478 222.537 209.222 205.219 208.942 207.945 203.251 197.767 196.251 191.292 197.003 191.88 0 0 
0 0 205.73 206.706 207.318 209.625 207.507 206.907 218.307 208.409 211.292 227.238 222.114 221.677 295.74 474.363 607.383 624.34 635.888 641.731 635.827 655.978 652.64 632.656 670.916 638.806 666.794 645.62 676.709 661.037 656.297 679.771 645.895 652.779 660.745 662.985 637.219 617.438 581.672 413.684 258.304 253.579 247.552 225.869 218.838 209.751 220.183 230.345 218.471 213.22 221.014 227.076 217.1 214.766 218.323 224.035 218.446 213.627 209.896 203.036 205.952 198.067 180.55 0 0 
0 0 213.091 207.878 207.872 209.7 203.36 204.796 223.67 204.524 214.24 217.082 224.092 295.293 494.236 613.17 629.593 637.329 657.336 655.132 640.863 668.684 639.315 657.066 648.09 654.293 621.407 610.969 613.102 627.404 643.015 644.891 666.896 677.946 646.39 639.632 652.762 633.204 626.86 591.444 409.142 214.233 228.169 249.862 241.657 233.471 226.359 224.854 215.352 221.758 230.948 230.4 216.936 217.164 220.22 215.763 206.286 199.218 199.244 205.023 202.55 190.935 192.416 0 0 
0 0 206.888 207.078 213.938 210.467 209.587 208.586 229.245 205.654 231.306 202.274 292.129 498.162 608.993 633.911 639.347 647.669 654.075 668.459 653.357 675.566 621.143 642.749 605.924 626.234 601.23 606.802 607.911 623.207 607.699 628.591 628.172 635.151 668.09 679.143 664.897 630.724 631.617 620.624 553.017 438.383 210.686 219.427 244.837 235.47 230.143 227.077 216.833 215.235 220.321 206.303 204.985 209.782 214.018 208.502 208.213 208.553 209.768 205.174 195.669 192.881 191.533 0 0 
0 200.839 209.143 210.62 214.875 210.734 212.706 204.397 234.67 209.862 241.925 247.749 458.988 624.632 622.813 652.954 641.854 649.129 659.928 646.54 616.566 633.651 605.534 628.891 648.447 626.717 627.31 636.338 651.163 655.12 648.484 626.615 643.758 635.862 620.115 667.625 674.754 657.078 677.025 665.634 622.395 564.294 386.908 183.527 252.382 219.743 209.371 231.911 229.548 229.329 227.005 211.335 214.594 221.572 219.563 212.134 209.704 212.415 212.316 205.721 201.197 201.629 195.381 191.306 0 
0 211.883 211.197 210.862 207.084 209.774 212.769 199.212 227.302 198.067 237.558 372.389 585.988 635.543 626.203 660.351 643.269 657.267 651.877 614.491 609.659 625.183 646.542 630.968 637.373 635.639 638.345 644.105 654.888 658.552 650.258 634.583 655.18 664.144 606.952 646.95 687.081 649.663 657.159 633.529 621.645 599.329 517.624 264.864 263.78 223.801 223.61 255.915 228.478 229.935 230.597 229.4 232.253 229.932 222.983 209.1 217.578 216.722 214.242 207.876 205.025 201.508 200.462 203.967 0 
0 210.638 207.185 214.275 214.966 218.151 216.016 200.262 240.036 200.745 299.828 537.75 621.872 644.314 635.486 660.766 645.197 633.491 602.921 611.372 627.57 606.533 613.448 600.255 588.559 591.419 592.013 599.728 615.44 661.846 690.334 674.317 660.689 690.235 652.938 629.96 667.117 662.222 691.108 678.827 675.539 649.11 586.953 437.091 260.189 232.46 241.178 254.489 226.802 240.878 245.115 236.052 241.052 236.06 223.059 232.541 226.554 226.059 214.719 210.391 206.048 209.28 210.971 199.944 0 
0 208.037 212.068 218.203 216.432 213.246 220.245 203.396 240.387 215.722 423.802 612.415 627.338 660.96 641.42 663.641 645.23 612.348 634.566 634.229 641.065 615.249 631.673 595.762 512.114 426.047 365.947 326.864 319.145 364.121 474.89 617.79 643.234 671.796 667.114 654.665 632.17 669.078 658.398 661.064 667.043 641.127 623.548 546.44 258.152 247.622 239.799 219.666 202.472 234.23 221.275 220.876 223.141 211.587 219.035 222.578 222.455 220.032 211.044 208.798 210.599 207.853 198.018 190.699 0 
0 208.967 206.128 208.674 215.661 217.02 216.457 199.385 237.51 273.077 539.147 627.944 635.022 665.054 646.988 661.976 641.673 619.578 654.917 630.48 648.16 637.1 547.601 374.586 258.306 222.177 211.706 199.459 195.625 199.703 209.875 313.051 504.351 620.681 649.79 635.088 616.75 595.251 612.978 646.414 621.959 629.733 614.789 589.844 364.825 254.257 235.275 206.296 220.572 230.23 203.203 210.976 208.288 204.976 207.12 210.958 205.037 199.266 202.36 203.719 200.831 192.168 184.594 182.3 0 
0 212.709 203.644 209.316 214.631 211.543 217.75 209.457 248.331 365.067 604.922 636.808 650.318 671.192 659.321 649.655 623.96 628.56 648.013 638.15 647.453 501.793 284.671 207.533 212.596 216.311 205.431 200.297 200.793 203.101 200.949 203.425 283.641 465.644 672.155 584.805 639.606 643.662 602.131 672.474 626.522 649.589 606.408 593.473 465.134 247.224 217.397 205.515 237.65 210.974 201.994 219.155 215.072 211.043 212.968 206.82 204.761 204.968 201.66 198.395 193.204 190.001 189.539 187.243 0 
0 209.17 210.435 215.809 211.361 221.376 233.642 213.258 263.3 454.93 624.704 634.03 646.29 654.797 657.984 623.132 632.805 646.737 640.797 653.001 538.135 282.469 210.152 208.999 209.583 212.384 206.378 203.306 202.02 195.973 194.493 194.281 232.207 277.173 541.054 668.221 606.053 616.108 588.138 633.955 673.559 649.939 633.935 618.049 545.768 282.263 234.215 213.848 234.681 185.755 208.456 217.011 199.178 207.275 207.626 197.196 200.149 201.669 204.173 199.525 195.801 191.729 186.363 185.042 0 
0 219.013 211.162 212.404 214.695 212.837 215.902 203.647 285.16 530.148 626.412 637.268 653.054 669.887 655.045 619.898 646.173 662.739 626.139 625.546 351.341 212.5 214.212 207.308 213.515 213.832 201.981 202.861 204.255 199.758 200.773 163.03 190.157 245.841 351.257 594.809 645.865 636.103 622.043 593.904 648.223 623.103 651.32 599.126 579.725 355.752 243.619 202.178 213.015 204.258 236.235 205.668 202.799 211.01 200.841 199.405 203.743 204.181 203.164 191.225 190.935 188.518 188.284 189.743 0 
0 211.657 205.519 212.255 206.419 210.121 226.023 208.194 315.853 573.875 638.807 644.37 656.58 662.089 645.865 612.012 648.4 661.582 626.372 533.499 233.262 212.157 208.908 205.628 212.531 206.005 199.852 198.777 199.091 195.033 193.022 171.637 154.171 194.168 265.507 526.524 604.282 634.466 627.046 623.869 627.195 659.289 610.082 604.284 599.089 414.841 231.183 212.398 205.854 226.44 210.607 197.995 211.841 207.245 206.223 207.926 209.355 199.295 195.567 195.725 195.556 193.315 192.807 185.283 0 
0 207.671 209.581 210.938 209.826 219.312 224.101 221.407 345.027 596.317 630.664 650.25 656.508 652.138 625.754 604.863 640.615 657.638 627.575 430.442 206.655 213.42 208.564 201.915 207.216 208.392 202.561 196.91 201.156 199.972 189.707 180.757 181.313 195.718 211.985 445.681 619.094 611.117 624.919 618.063 649.728 641.728 631.148 632.465 589.342 445.554 223.666 234.346 208.771 228.839 189.995 214.382 216.929 202.033 204.006 210.477 198.58 198.501 201.533 196.989 196.631 192.732 186.926 181.147 0 
0 214.396 209.365 213.552 218.765 216.844 217.799 232.645 356.985 608.089 637.303 654.943 647.841 658.968 627.766 598.069 642.081 650.573 630.903 359.472 208.782 210.186 207.736 203.949 203.636 208.829 204.79 199.757 196.541 200.057 195.208 190.504 191.89 201.757 197.854 378.175 629.632 607.401 609.357 620.307 637.794 634.296 656.406 612.157 602.543 475.011 250.753 220.44 204.257 195.603 208.198 233.026 202.54 206.648 209.903 203.776 199.976 203.575 199.46 196.953 192.068 185.298 187.741 188.498 0 
0 213.677 213.03 218.195 212.949 209.474 213.029 240.814 363.393 624.049 640.864 646.775 652.842 653.831 624.037 600.401 651.538 629.139 660.423 331.242 206.48 208.509 208.687 208.746 203.996 205.927 208.374 201.925 197.827 198.814 191.21 196.176 197.492 200.635 198.918 350.169 608.499 618.539 620.495 598.422 647.216 646.757 622.117 646.054 611.017 492.66 254.761 197.579 228.031 199.369 226.939 197.99 201.537 220.756 207.937 195.855 195.168 201.673 206.29 201.551 196.213 191.094 188.959 184.458 0 
0 210.654 205.193 211.774 210.211 210.282 213.776 239.576 348.414 610.498 635.057 661.873 661.669 640.851 617.747 610.405 652.949 636.198 656.333 374.636 207.513 208.047 211.592 210.329 202.502 207.12 209.467 206.245 206.047 199.68 196.023 197.484 198.676 206.258 197.548 371.108 608.982 627.347 624.874 613.871 613.608 633.831 650.262 621.397 597.545 478.013 242.804 236.9 213.437 225.112 206.2 192.93 211.129 198.576 197.756 204.415 215.902 211.284 200.726 194.472 195.282 191.15 190.416 189.308 0 
0 209.37 212.835 214.012 216.524 221.463 212.99 219.514 348.755 596.577 631.349 649.652 662.696 670.057 605.976 591 640.162 637.983 638.062 461.686 205.899 212.198 211.049 212.211 204.923 204.442 204.742 205.775 207.603 204.279 201.353 201.024 201.503 207.794 205.282 433.64 619.181 629.509 633.114 592.453 632.944 641.321 618.546 611.927 614.136 466.156 243.167 230.758 207.252 210.995 196.447 221.088 209.969 205.153 208.389 210.672 205.329 198.009 195.694 198.628 196.485 195.016 196.113 190.16 0 
0 217.697 218.731 214.617 217.431 215.566 212.922 209.349 338.276 560.832 629.48 642.123 659.441 674.8 628.064 564.47 639.964 639.87 633.053 561.27 265.096 208.932 209.057 206.715 208.371 204.898 201.335 202.125 204.15 201.256 208.215 204.022 206.954 204.217 244.723 519.571 628.093 627.223 626.3 596.456 623.402 639.221 649.228 618.643 591.258 424.576 222.553 199.831 219.274 200.541 229.693 215.464 203.629 214.163 218.806 204.378 197.724 197.127 197.955 198.32 199.913 194.903 192.549 185.227 0 
0 0 214.719 215.378 217.283 210.137 222.396 209.071 298.656 530.956 624.74 649.246 648.669 665.871 666.097 555.751 630.566 660.473 652.484 608.715 406.019 203.097 215.467 209.39 210.486 210.86 206.149 202.194 200.592 202.004 205.115 202.327 210.035 208.053 358.649 600.037 624.293 623.113 602.101 596.7 656.218 645.612 619.297 597.852 579.476 369.237 224.687 242.853 202.334 227.389 210.313 200.296 214.996 213.044 198.621 197.093 200.283 202.709 204.517 198.213 191.659 182.599 183.395 0 0 
0 0 205.221 208.347 214.313 226.687 219.47 210.186 227.149 483.022 621.413 643.531 657.588 660.407 683.518 615.594 573.271 653.694 649.003 651.494 560.58 318.762 195.156 209.77 211.434 202.996 211.984 209.376 206.491 205.815 201.455 208.325 207.563 272.604 523.094 618.116 620.784 615.331 596.763 614.249 635.237 632.406 643.253 620.818 559.121 314.545 224.208 216.727 226.657 205.817 195.24 217.866 212.347 201.108 200.027 204.161 205.333 203.422 201.049 194.8 192.527 192.56 187.225 0 0 
0 0 209.615 211.17 213.569 216.049 215.052 232.196 216.603 402.388 586.598 627.366 652.8 647.831 665.872 673.556 589.593 623.663 658.171 646.094 649.961 535.048 328.809 203.043 207.536 207.983 207.903 207.868 209.962 210.31 211.751 205.435 260.895 468.839 618.243 614.2 620.531 597.017 591.913 654.669 652.568 650.971 618.738 597.651 498.181 255.681 198.058 213.446 207.573 203.998 224.932 209.848 199.004 204.106 212.103 213.877 207.016 198.344 194.756 196.692 193.543 193.469 189.83 0 0 
0 0 215.327 218.707 209.787 211.611 207.521 223.972 221.675 283.046 567.269 625.344 638.266 639.371 658.753 651.112 657.603 562.375 638.447 638.565 656.869 633.296 586.166 433.761 273.037 237.44 214.669 207.423 210.27 207.566 215.162 296.215 488.671 613.521 623.345 634.867 627.763 573.574 606.263 637.037 635.649 635.553 615.15 597.973 412.763 229.223 229.184 218.724 228.089 235.788 206.083 208.346 214.993 220.757 213.047 201.765 204.369 203.605 199.106 198.743 198.024 198.765 195.512 0 0 
0 0 0 212.494 209.307 213.846 209.992 221.275 219.708 219.345 448.326 607.069 635.338 648.434 655.802 630.358 670.374 625.266 586.36 627.74 640.85 627.297 608.667 606.912 560.89 455.883 391.386 359.593 337.135 375.5 480.498 610.378 668.642 651.039 652.065 641.609 602.214 604.986 667.909 668.939 661.921 644.488 625.863 561.68 322.768 238.252 226.83 232.872 227.301 205.94 222.082 225.378 221.348 210.696 208.296 211.976 212.344 214.657 216.943 216.387 209.008 203.698 0 0 0 
0 0 0 210.792 212.512 213.579 210.564 206.028 204.631 221.563 272.007 544.381 613.239 632.627 641.609 646.912 633.377 660.869 591.491 565.725 621.989 618.981 597.967 596.639 591.434 605.72 579.193 575.384 635.936 671.54 686.735 673.851 663.229 675.995 679.256 633.111 637.997 682.375 685.532 674.766 673.121 658.038 638.754 465.517 258.468 241.99 250.939 232.761 225.156 248.843 240.609 227.099 223.88 226.601 229.019 229.58 228.939 219.767 215.872 209.843 209.879 205.764 0 0 0 
0 0 0 0 219.179 210.822 214.908 216.21 207.594 227.662 212.141 406.357 610.346 611.486 628.865 650.985 635.408 658.075 677.152 591.379 586.834 631.757 624.9 635.115 635.511 634.753 658.159 662.262 634.731 628.197 658.764 675.67 675.442 651.69 609.76 600.721 647.101 655.054 656.191 661.708 640.449 633.677 549.756 314.04 237.339 250.774 219.515 240.576 249.561 221.967 219.272 223.854 230.778 234.585 230.44 220.351 214.181 213.711 211.218 209.477 208.695 0 0 0 0 
0 0 0 0 215.524 215.964 215.596 221.513 223.014 228.076 220.433 246.41 514.962 612.472 630.846 656.465 639.732 643.558 664.588 666.267 609.093 596.026 595.658 610.786 623.474 627.635 634.446 647.639 663.587 667.144 648.78 631.012 618.494 609.48 637.515 663.879 675.667 664.985 655.372 641.534 626.03 600.315 404.25 251.2 232.917 233.688 242.951 221.362 211.653 225.823 226.845 226.853 222.98 216.838 217.792 213.08 211.259 211.086 207.159 207.632 204.434 0 0 0 0 
0 0 0 0 0 212.695 209.448 224.46 217.831 215.769 219.761 219.415 277.154 535.727 609.885 632.484 634.859 655.696 663.656 669.245 663.601 651.021 641.539 622.602 620.229 611.244 608.433 603.83 605.437 627.139 627.023 611.92 602.878 630.093 663.84 661.402 669.487 657.876 646.311 631.555 610.508 459.06 256.299 221.243 226.111 221.237 202.427 219.286 232.305 230.686 222.426 209.75 206.71 210.364 210.889 210.346 210.174 207.323 205.083 203.344 0 0 0 0 0 
0 0 0 0 0 200.792 211.717 211.663 205.658 213.804 219.791 233.453 208.234 296.526 554.438 615.898 617.996 639.037 643.963 654.205 659.163 658.282 645.913 639.897 650.501 651.907 627.158 608.33 607.809 631.978 645.311 661.744 662.778 664.468 642.198 633.574 643.979 636.5 628.621 616.743 498.838 298.377 241.491 241.919 220.439 237.358 241.178 227.515 212.729 207.865 213.105 216.361 216.723 217.677 216.514 218.457 216.59 211.29 209.937 206.199 0 0 0 0 0 
0 0 0 0 0 0 219.461 210.748 207.586 211.901 219.686 228.351 227.706 222.974 315.402 518.834 597.587 627.765 635.957 641.154 649.371 658.279 654.235 644.148 644.135 643.576 655.907 667.527 674.301 661.882 652.63 659.556 668.093 678.746 679.053 663.243 651.401 632.252 616.935 497.157 294.887 223.479 227.426 236.446 239.686 219.848 215.901 213.263 227.114 231.29 229.3 223.577 219.676 214.034 211.728 207.89 206.143 206.305 204.547 0 0 0 0 0 0 
0 0 0 0 0 0 0 217.929 210.109 211.69 223.013 209.707 201.471 219.671 212.598 278.983 472.757 575.278 626.028 630.631 638.536 645.252 652.727 649.265 648.025 649.729 658.141 657.279 657.178 658.027 670.95 655.807 646.416 640.929 633.087 628.767 634.186 593.701 459.752 283.351 237.162 244.887 235.201 214.924 213.67 225.897 229.557 227.371 219.742 215.371 214.67 216.474 213.949 209.047 206.291 205.129 204.248 200.819 0 0 0 0 0 0 0 
0 0 0 0 0 0 0 0 208.329 213.395 212.939 214.812 214.492 220.724 230.167 217.985 225.474 391.582 516.066 592.793 627.063 624.296 639.6 633.979 638.742 643.666 643.882 651.19 640.476 640.059 642.302 644.544 637.03 630.417 618.441 603.426 553.553 405.926 266.166 226.993 212.734 221.623 238.44 242.445 237.889 227.066 215.191 214.751 216.993 214.078 212.33 210.008 212.462 208.857 206.245 205.887 202.912 0 0 0 0 0 0 0 0 
0 0 0 0 0 0 0 0 201.944 214.116 216.356 214.278 210.249 216.26 212.237 224.892 212.3 213.657 292.225 389.019 481.406 581.392 617.732 620.919 629.179 634.907 630.64 625.804 625.94 625.142 621.999 616.788 611.83 610.043 567.999 462.718 330.3 238.131 235.913 236.275 233.487 213.98 207.666 196.798 209.051 218.437 217.836 213.509 219.42 218.238 220.001 213.565 213.811 216.284 209.998 207.829 204.415 0 0 0 0 0 0 0 0 
0 0 0 0 0 0 0 0 0 213.298 217.886 206.917 215.005 214.588 209.357 222.8 217.956 223.866 202.398 236.042 282.226 297.878 382.944 475.736 523.888 540.904 559.091 577.976 575.355 582.16 573.271 541.676 496.164 403.597 301.443 229.786 214.613 212.309 212.741 205.186 208.502 219.153 222.137 215.492 216.305 214.871 215.402 208.307 211.459 210.354 209.129 204.059 201.23 199.755 197.743 195.181 0 0 0 0 0 0 0 0 0 
0 0 0 0 0 0 0 0 0 0 222.875 222.182 228.925 229.11 228.31 239.055 240.543 245.781 246.886 252.67 257.03 283.114 287.097 284.139 303.923 359.939 382.257 373.175 359.207 347.774 316.533 274.376 229.023 200.372 194.622 197.931 193.135 187.888 184.456 190.047 178.447 172.569 169.375 169.58 170.936 176.869 174.93 167.644 168.385 172.838 176.418 177.398 174.783 174.123 174.064 0 0 0 0 0 0 0 0 0 0 
0 0 0 0 0 0 0 0 0 0 0 214.855 219.619 213.694 212.965 225.918 223.266 221.475 226.895 227.367 220.825 230.147 250.641 261.772 232.367 224.707 212.481 212.612 228.583 212.32 190.951 174.853 166.176 168.349 170.926 176.017 184.604 187.448 190.154 185.858 194.197 196.86 202.444 195.509 186.056 188.871 192.658 188.41 186.735 181.03 182.025 183.285 180.775 179.553 0 0 0 0 0 0 0 0 0 0 0 
0 0 0 0 0 0 0 0 0 0 0 0 0 215.067 215.608 219.822 219.965 222.137 219.298 215.391 219.171 229.912 213.62 216.737 235.566 229.648 215.568 211.025 208.96 198.961 208.306 219.848 221.081 215.637 211.047 198.296 203.182 193.283 192.888 189.139 186.058 188.351 193.751 196.063 197.154 196.002 195.089 188.436 191.91 192.064 190.579 189.041 0 0 0 0 0 0 0 0 0 0 0 0 0 
0 0 0 0 0 0 0 0 0 0 0 0 0 0 210.962 215.315 217.387 208.302 207.229 213.528 221.799 213.395 211.5 217.952 219.703 212.33 215.614 216.561 210.287 204.643 207.111 200.226 202.895 204.87 208.325 209.957 210.477 214.14 208.918 194.82 199.315 200.586 194.631 196.41 195.057 198.407 202.179 198.817 190.282 186.963 187.667 0 0 0 0 0 0 0 0 0 0 0 0 0 0 
0 0 0 0 0 0 0 0 0 0 0 0 0 0 0 213.043 209.147 213.453 215.02 216.949 207.472 206.992 217.483 218.5 215.45 207.823 219.063 221.096 202.508 215.812 217.454 205.997 208.682 198.804 200.791 200.607 205.156 212.238 212.189 207.164 205.332 202.089 197.834 200.639 199.331 198.845 194.752 197.642 198.77 194.426 0 0 0 0 0 0 0 0 0 0 0 0 0 0 0 
0 0 0 0 0 0 0 0 0 0 0 0 0 0 0 0 0 210.421 207.642 208.427 202.493 216.105 218.765 207.346 214.076 211.747 210.475 212.846 209.265 216.027 211.657 211.922 209.767 206.132 205.458 199.196 200.629 207.825 203.689 203.82 208.168 203.684 203.416 201.8 199.219 200.351 200.116 195.211 0 0 0 0 0 0 0 0 0 0 0 0 0 0 0 0 0 
0 0 0 0 0 0 0 0 0 0 0 0 0 0 0 0 0 0 0 211.108 211.215 207.562 210.3 211.633 209.526 208.315 214.628 211.585 212.573 213.061 213.882 208.844 209.588 212.987 209.824 203.919 205.291 204.75 198.776 203.147 198.222 203.159 198.399 204.38 202.45 199.016 0 0 0 0 0 0 0 0 0 0 0 0 0 0 0 0 0 0 0 
0 0 0 0 0 0 0 0 0 0 0 0 0 0 0 0 0 0 0 0 0 210.052 211.503 210.528 204.596 209.641 215.91 201.417 206.878 208.577 205.236 203.673 207.203 206.242 203.34 201.381 204.398 208.065 202.147 200.715 204.145 196.778 199.491 197.732 0 0 0 0 0 0 0 0 0 0 0 0 0 0 0 0 0 0 0 0 0 
0 0 0 0 0 0 0 0 0 0 0 0 0 0 0 0 0 0 0 0 0 0 0 0 0 214.398 205.767 207.931 211.203 206.369 200.542 210.307 209.6 207.117 203.986 202.086 204.322 203.731 198.069 202.978 0 0 0 0 0 0 0 0 0 0 0 0 0 0 0 0 0 0 0 0 0 0 0 0 0 
0 0 0 0 0 0 0 0 0 0 0 0 0 0 0 0 0 0 0 0 0 0 0 0 0 0 0 0 0 0 0 0 0 0 0 0 0 0 0 0 0 0 0 0 0 0 0 0 0 0 0 0 0 0 0 0 0 0 0 0 0 0 0 0 0 
