0 0 0 0 0 0 0 0 0 0 0 0 0 0 0 0 0 0 0 0 0 0 0 0 0 0 0 0 0 0 0 0 0 0 0 0 0 0 0 0 0 0 0 0 0 0 0 0 0 0 0 0 0 0 0 0 0 0 0 0 0 0 0 0 0 
0 0 0 0 0 0 0 0 0 0 0 0 0 0 0 0 0 0 0 0 0 0 0 0 0 180.367 176.437 179.134 182.939 185.251 180.22 170.831 179.072 178.618 181.632 175.026 167.756 171.17 164.43 179.223 0 0 0 0 0 0 0 0 0 0 0 0 0 0 0 0 0 0 0 0 0 0 0 0 0 
0 0 0 0 0 0 0 0 0 0 0 0 0 0 0 0 0 0 0 0 0 179.603 178.255 176.924 189.083 185.88 179.06 184.024 189.31 185.791 176.974 177.905 186.035 188.712 183.072 173.624 177.683 179.337 174.855 174.859 165.24 166.919 175.596 161.064 0 0 0 0 0 0 0 0 0 0 0 0 0 0 0 0 0 0 0 0 0 
0 0 0 0 0 0 0 0 0 0 0 0 0 0 0 0 0 0 0 175.923 189.748 189.906 186.894 185.095 196.506 183.257 183.345 192.065 192.076 185.749 179.172 189.574 188.151 192.26 181.496 184.362 186.608 183.189 175.45 177.082 173.267 176.37 182.135 161.911 161.799 159.553 0 0 0 0 0 0 0 0 0 0 0 0 0 0 0 0 0 0 0 
0 0 0 0 0 0 0 0 0 0 0 0 0 0 0 0 0 189.246 183.504 192.362 189.899 189.843 188.53 197.133 196.616 180.972 196.508 195.396 188.882 183.291 191.581 191.69 188.851 188.68 189.474 194.439 189.054 178.911 179.763 186.529 182.157 185.932 176.539 161.177 171.137 168.241 164.467 168.602 0 0 0 0 0 0 0 0 0 0 0 0 0 0 0 0 0 
0 0 0 0 0 0 0 0 0 0 0 0 0 0 0 186.08 192.277 193.781 186.473 198.994 191.192 193.765 193.746 194.987 191.956 188.463 203.437 196.068 188.635 194.353 198.265 190.408 194.753 192.615 200.073 189.792 187.531 178.124 190.372 191.618 184.001 187.224 171.719 176.829 180.838 171.907 171.702 168.782 151.175 155.687 0 0 0 0 0 0 0 0 0 0 0 0 0 0 0 
0 0 0 0 0 0 0 0 0 0 0 0 0 0 185.439 196.901 196.482 192.775 196.695 197.895 190.633 197.895 200.169 192.643 194.144 200.746 194.941 195.55 194.919 197.931 190.217 191.759 197.63 197.28 195.375 191.337 195.332 182.46 196.129 191.287 178.736 190.577 182.102 188.816 181.765 174.203 174.667 164.106 163.75 165.392 160.922 0 0 0 0 0 0 0 0 0 0 0 0 0 0 
0 0 0 0 0 0 0 0 0 0 0 0 0 193.03 192.644 198.233 202.087 190.592 206.443 191.453 194.25 204.384 195.511 196.137 201.881 200.97 185.97 208.401 202.579 190.236 198.388 206.802 190.962 191.512 198.62 199.387 196.981 183.147 197.17 196.287 186.566 196.859 184.079 187.6 183.943 171.048 180.732 172.246 177.456 168.967 161.016 160.298 0 0 0 0 0 0 0 0 0 0 0 0 0 
0 0 0 0 0 0 0 0 0 0 0 200.553 192.239 188.913 199.695 198.098 202.734 200.407 205.068 187.334 208.652 198.894 193.2 203.509 198.411 192.177 198.778 209.833 185.79 193.798 211.638 196.237 186.085 203.255 213.238 194.029 191.937 189.953 206.301 197.872 189.329 191.871 188.591 189.269 182.932 184.697 185.898 179.838 176.9 169.76 163.391 161.556 154.096 146.545 0 0 0 0 0 0 0 0 0 0 0 
0 0 0 0 0 0 0 0 0 0 188.564 204.844 195.161 193.566 200.732 195.618 205.674 209.243 196.029 197.956 212.287 191.611 203.101 204.253 190.393 208.698 200.748 190.802 199.724 213.961 195.239 188.405 202.06 210.651 196.26 190.317 200.858 202.778 203.706 185.22 189.229 192.656 199.393 196.43 186.408 187.211 180.493 183.315 178.387 168.335 169.203 168.384 165.231 162.325 152.197 0 0 0 0 0 0 0 0 0 0 
0 0 0 0 0 0 0 0 0 187.657 203.58 209.673 195.251 199.753 199.45 192.799 211.147 208.244 192.975 214.608 200.321 200.847 213.963 186.547 203.862 208.488 195.134 200.59 211.565 198.325 193.754 212.569 201.944 194.742 196.732 211.241 208.476 188.937 191.154 195.506 202.225 200.667 197.248 188.9 179.458 190.728 185.414 188.984 177.937 176.17 182.176 177.839 169.663 159.474 154.752 148.65 0 0 0 0 0 0 0 0 0 
0 0 0 0 0 0 0 0 189.245 196.538 201.929 210.919 194.684 212.434 197.474 194.058 213.516 194.893 210.304 212.285 195.03 216.516 201.354 199.71 208.726 199.669 206.173 195.604 203.337 204.611 201.239 201.331 199.001 207.436 206.782 200.898 188.859 199.404 208.629 210.896 196.651 189.772 192.15 185.535 191.238 196.244 194.094 189.47 182.582 178.569 182.31 179.28 165.775 158.662 163.569 156.163 145.33 0 0 0 0 0 0 0 0 
0 0 0 0 0 0 0 0 195.619 203.204 203.931 206.806 198.512 216.584 192.407 214.687 203.624 194.502 217.647 202.41 215.015 203.588 209.467 200.941 194.64 219.33 189.501 198.185 215.754 193.847 198.443 216.474 201.489 195.359 196.973 207.09 201.897 211.327 198.828 190.588 185.111 202.489 206.849 202.04 195.226 184.531 193.223 189.101 174.67 187.586 186.465 179.123 165.509 174.467 171.422 162.035 155.38 0 0 0 0 0 0 0 0 
0 0 0 0 0 0 0 197.873 195.344 201.61 211.097 203.005 201.933 211.607 191.793 226.267 197.289 213.292 198.7 209.283 200.923 215.089 201.315 204.511 218.761 188.884 207.169 208.066 184.07 214.944 214.46 191.071 189.73 217.773 213.798 195.446 193.784 202.473 200.501 198.3 206.555 212.02 204.642 185.462 178.462 187.997 199.01 184.469 193.617 194.484 183.754 177.077 180.614 180.655 170.963 166.094 154.866 147.84 0 0 0 0 0 0 0 
0 0 0 0 0 0 197.984 195.772 197.392 205.038 206.546 207.116 214.387 201.876 204.482 211.044 205.103 214.601 211.674 194.275 207.546 218.519 196.078 216.906 205.517 208.067 202.284 202.888 195.606 206.054 198.7 203.142 208.503 201.764 189.779 202.145 219.156 212.389 199.544 189.116 194.722 197.501 194.417 183.085 204.306 208.259 210.38 185.327 189.484 189.586 186.965 171.102 182.731 173.939 173.551 161.489 155.252 153.836 149.406 0 0 0 0 0 0 
0 0 0 0 0 198.568 206.902 198.937 193.369 208.52 197.143 207.992 208.861 205.219 220.572 206.849 215.434 215.164 210.507 199.6 217.614 206.8 204.603 214.49 210.022 205.397 216.152 189.551 199.832 209.455 196.416 193.989 204.718 210.2 210.381 198.376 190.768 195.026 200.01 197.034 209.663 205.289 201.654 195.994 207.163 202.395 183.627 176.509 190.001 184.753 182.547 184.052 183.574 180.371 172.995 163.637 167.492 162.235 153.638 146.314 0 0 0 0 0 
0 0 0 0 0 200.459 208.128 207.598 203.205 218.821 198.971 222.373 191.384 209.691 202.464 223.492 206.202 229.599 205.73 212.835 211.368 194.617 219.026 215.717 197.273 204.762 204.692 204.342 200.676 182.92 210.685 209.253 184.679 197.594 208.871 194.536 212.015 220.362 197.203 181.603 192.362 199.494 193.439 187.908 190.457 189.386 186.522 194.541 197.642 194.956 185.138 187.192 178.891 180.277 169.791 173.103 170.399 167.096 156.753 142.895 0 0 0 0 0 
0 0 0 0 199.592 214.753 211.852 191.22 199.27 216.61 200.288 231.315 189.827 224.746 211.425 208.36 220.083 225.26 201.891 217.197 224.047 195.175 214.628 214.297 209.023 216.069 193.826 207.905 201.581 175.623 202.352 189.049 196.079 206.609 182.772 170.769 200.301 196.943 184.426 193.902 214.251 213.018 186.874 194.374 200.3 198.833 195.27 196.623 186.445 184.056 172.299 178.597 181.615 176.551 171.977 170.124 169.315 161.341 149.075 145.33 142.498 0 0 0 0 
0 0 0 0 196.372 206.205 226.619 206.761 213.266 211.621 206.703 226.678 214.328 216.33 234.825 212.734 231.951 236.439 227.652 244.984 245.273 230.627 251.729 230.552 249.323 221.652 195.537 176.491 160.195 172.301 161.516 181.27 187.534 177.067 186.83 182.962 194.586 181.948 176.277 183.782 183.738 173.496 174.745 184.403 183.254 180.639 172.159 172.867 172.978 173.121 183.558 180.639 180.992 166.002 167.133 168.667 165.857 153.572 149.835 147.685 138.945 0 0 0 0 
0 0 0 201.585 205.747 208.051 223.682 197.949 223.841 214.384 225.386 208.623 216.335 224.563 230.688 222.784 249.536 231.222 254.644 318.475 361.636 410.008 445.114 449.324 470.749 455.802 449.976 386.316 350.643 260.932 210.723 198.01 175.984 208.673 204.428 176.406 208.892 213.665 191.68 188.841 191.069 184.117 200.143 188.391 177.441 180.552 189.484 195.331 187.645 191.884 187.15 187.533 176.563 175.212 182.007 180.369 167.86 164.394 162.983 156.181 151.998 143.377 0 0 0 
0 0 0 205.035 201.597 207.093 225.558 195.326 218.912 198.024 223.353 225.371 210.011 221.298 210.132 230.263 310.781 393.256 476.803 550.929 559.584 612.959 597.325 612.319 585.919 606.471 602.679 607.08 591.164 553.051 476.789 363.274 271.487 220.01 208.111 219.287 228.532 199.148 195.542 223.135 223.564 212.512 228.643 213.938 215.422 229.014 225.192 208.597 208.324 204.987 204.146 203.522 189.653 193.894 197.321 187.568 182.566 185.155 177.171 175.282 161.827 146.164 0 0 0 
0 0 213.64 220.457 211.643 210.637 225.825 196.256 218.688 206.849 201.079 227.625 208.277 245.802 310.247 440.92 547.878 588.885 612.556 634.809 615.962 632.586 621.923 638.179 632.216 625.719 627.112 630.849 616.985 605.894 588.904 580.193 500.181 365.209 255.663 207.502 224.522 225.67 241.049 237.636 201.051 201.816 223.711 196.28 206.016 222.997 195.764 191.152 215.725 208.943 208.757 206.997 212.267 211.577 206.376 199.503 192.861 187.259 188.028 181.273 167.502 167.665 160.751 0 0 
0 0 206.179 205.223 205.722 213.212 234.388 217.317 215.47 215.588 218.005 237.731 258.931 425.805 542.812 602.23 616.223 616.134 630.803 629.991 646.16 631.596 648.879 635.88 659.353 652.744 640.838 642.955 650.961 639.142 622.718 599.274 616.325 584.243 434.062 297.445 249.732 214.612 210.688 214.542 202.253 241.252 240.866 206.849 229.576 219.562 196.632 220.227 223.617 205.214 205.574 209.988 208.892 201.964 198.763 194.306 191.324 197.67 189.503 176.696 175.373 173.31 167.033 0 0 
0 0 212.753 209.297 200.716 206.122 209.943 223.704 201.892 211.538 211.964 318.62 467.208 602.345 600.574 616.54 646.884 633.655 655.933 636.699 654.667 638.841 655.555 661.482 648.956 659.412 661.663 645.913 653.487 660.178 648.284 641.492 624.868 641.636 597.044 504.819 318.317 232.199 254.522 250.545 210.615 225.516 210.821 209.447 243.681 222.609 219.556 248.436 214.782 201.689 215.07 214.111 199.439 196.411 195.099 199.695 205.657 196.452 185.295 187.025 184.972 182.817 175.914 0 0 
0 0 216.758 209.771 205.576 216.947 212.629 226.79 209.055 212.128 326.464 527.573 602.987 625.544 633.388 620.589 656.748 636.618 670.562 632.034 640.693 639.908 608.932 603.547 597.601 603.012 621.552 653.049 659.128 668.732 660.458 648.779 643.852 665.059 609.773 627.461 511.33 314.868 239.001 227.849 204.676 250.399 245.8 223.671 225.25 187.771 213.385 219.175 192.17 217.116 225.128 207.433 213.583 218.944 211.416 211.394 205.188 193.872 192.413 186.55 183.63 175.722 157.798 0 0 
0 201.482 217.738 218.756 206.21 221.523 207.725 236.339 224.256 307.785 524.113 617.844 610.232 645.439 657.077 634.648 675.577 645.252 666.179 639.289 630.277 617.46 596.736 583.762 578.006 582.855 592.229 593.773 590.701 605.764 641.248 649.152 640.058 679.942 638.018 643.133 621.878 543.21 316.787 259.879 238.634 207.6 208.509 210.316 236.839 220.8 241.471 202.93 202.302 231.408 205.886 200.957 213.466 215.798 208.182 200.449 197.882 196.923 194.821 196.126 187.723 170.742 169.574 170.755 0 
0 208.43 206.913 225.462 201.433 219.433 198.882 223.349 282.877 489.846 607.731 622.751 632.128 652.764 656.441 638.592 655.853 627.077 623.686 609.034 616.209 625.069 628.805 622.416 616.961 633.474 638.913 635.362 617.038 594.738 594.916 634.303 663.303 677.479 664.81 650.911 618.523 606.295 458.506 311.77 209.47 265.621 266.115 218.651 235.443 229.46 237.931 217.961 244.127 224.94 199.049 213.573 220.615 207.549 202.881 204.822 211.63 206.112 203.578 194.009 182.283 183.62 183.273 179.804 0 
0 208.25 203.243 222.149 206.524 217.922 199.743 244.674 446.83 588.011 620.83 635.229 637.294 649.971 659.969 620.652 626.025 620.256 619.625 633.771 642.003 640.74 643.85 636.022 625 623.128 611.995 626.272 644.486 657.472 626.905 568.127 635.263 677.108 683.108 662.89 677.421 638.572 615.088 405.646 290.042 182.992 231.956 216.523 231.677 199.509 209.885 214.676 234.31 205.39 226.911 240.617 219.058 215.611 218.06 222.764 220.534 215.334 200.35 195.243 199.799 193.846 188.573 178.955 0 
0 213.905 202.193 216.061 204.351 227.619 207.338 339.591 573.316 604.049 626.525 641.098 640.975 640.681 639.053 589.562 625.504 634.248 607.625 604.817 597.915 592.83 598.102 597.877 622.13 628.063 636.831 649.884 665.937 671.887 672.845 620.384 597.881 655.73 710.28 661.514 694.806 639.892 683.085 511.403 407.185 231.436 268.431 237.643 263.152 253.405 252.065 232.665 226.639 218.773 244.684 218.924 208.227 230.492 229.375 210.159 203.143 190.49 197.884 207.377 202.499 197.162 190.23 181.541 0 
0 211.494 209.283 221.957 202.715 230.401 252.995 473.335 610.109 621.525 633.946 641.386 640.978 632.774 636.763 606.836 642.375 622.189 606.401 609.031 579.727 500.928 425.047 379.372 364.57 371.767 441.107 532.277 597.544 659.197 679.534 633.624 634.818 597.981 670.913 662.768 683.597 647.194 646.133 635.65 449.129 253.463 267.846 212.625 217.391 242.678 231.071 236.335 228.454 232.491 221.387 200.192 229.248 234.435 212.129 199.952 204.531 214.491 209.751 197.648 191.608 183.042 172.597 171.303 0 
0 213.875 206.146 217.329 210.786 218.747 339.083 571.218 614.824 644.109 639.89 663.166 638.732 614.266 654.505 627.035 640.756 639.387 619.119 496.053 344.309 254.027 221.991 210.477 199.061 192.162 210.248 243.738 321.313 479.559 636.571 628.911 612.312 628.963 599.341 677.356 647.388 675.453 637.37 627.042 518.57 316.459 225.778 251.12 189.638 221.485 194.83 221.34 208.576 217.523 195.955 218.585 219.057 193.786 190.173 205.621 215.876 201.973 193.985 193.985 187.37 175.518 172.719 170.87 0 
0 205.063 206.061 213.287 220.405 235.123 446.343 614.818 624.373 660.491 633.816 669.481 608.299 606 658.672 623.263 647.559 603.5 406.239 237.019 194.107 198.412 197.339 203.397 197.092 196.12 200.816 193.526 193.281 226.701 390.986 677.744 652.079 707.268 602.304 636.643 664.333 627.586 654.549 641.042 613.818 383.527 252.409 247.902 220.201 233.675 220.007 212.375 207.248 214.89 215.394 222.504 182.786 185.372 217.389 214.054 190.775 192.982 190.976 183.291 183.181 183.735 182.881 179.967 0 
0 213.368 211.942 205.481 219.063 269.686 526.636 611.824 621.23 666.322 627.599 657.342 600.966 614.393 661.559 630.977 630.684 413.007 218.207 206.083 201.297 196.455 191.795 199.687 189.283 188.151 192.166 182.936 184.804 174.252 159.943 456.945 707.363 767.445 671.646 587.337 677.983 701.206 649.452 649.218 610.862 483.647 252.68 215.72 234.062 207.158 239.351 204.198 233.935 216.207 217.797 206.685 208.141 228.544 214.615 193.936 190.037 195.305 191.348 196.285 194.685 187.863 182.901 174.651 0 
0 202.697 204.75 198.464 229.785 327.816 572.329 614.674 628.648 660.86 643.185 637.756 622.713 626.742 646.549 634.284 526.52 246.567 199.145 208.368 199.782 200.085 194.44 203.049 196.126 196.039 199.554 192.538 187.204 187.718 179.395 237.038 690.036 638.195 656.017 645.767 628.68 661.609 665.81 640.934 621.821 567.289 305.076 248.254 200.253 211.101 222.89 210.956 209.841 204.321 206.123 212.992 236.56 216.947 199.562 197.393 200.88 201.782 191.479 189.701 190.896 184.543 173.573 172.856 0 
0 216.504 217.609 198.97 233.795 377.939 596.522 617.632 636.844 661.484 661.886 608.76 623.307 637.049 621.453 633.807 383.331 200.919 202.628 200.321 203.157 201.698 199.732 204.591 199.025 191.635 202.538 202.231 196.712 190.596 194.146 190.698 476.309 711.12 638.134 593.464 636.49 665.141 669.093 661.994 607.68 563.925 342.716 219.379 249.438 234.875 200.232 229 194.271 213.257 210.298 221.859 197.655 183.28 202.838 215.148 207.923 199.271 195.35 197.41 187.786 176.26 170.135 169.731 0 
0 206.366 213.515 203.057 249.906 427.046 608.004 625.814 638.699 648.722 667.136 583.141 614.478 649.239 612.657 604.61 282.551 204.995 201.69 207.456 202.552 202.242 205.132 198.069 209.895 190.705 201.071 204.042 198.677 199.2 203.249 213.599 386.282 657.911 647.427 609.656 588.708 639.754 655.056 665.988 652.222 597.775 366.112 225.683 201.332 215.385 241.512 205.266 231.744 213.973 202.941 200.39 190.992 220.29 226.74 196.719 185.975 194.377 192.289 185.276 180.826 179.532 178.547 182.895 0 
0 208.117 218.068 219.053 241.893 452.381 610.416 622.425 647.244 643.865 663.086 570.475 636.292 648.41 620.144 564.936 237.516 212.079 206.08 205.011 205.919 205.061 211.502 200.18 211.303 199.082 197.548 206.439 207.469 200.577 201.005 208.685 363.566 610.513 649.805 641.773 582.314 654.342 636.382 638.299 634.986 616.224 425.302 207.675 220.581 216.692 200.484 214.804 219.412 204.392 220.998 210.446 222.501 212.827 192.922 193.753 207.03 206.36 189.912 189.624 190.625 183.792 179.179 170.117 0 
0 216.782 210.466 212.62 228.151 468.388 614.994 633.374 645.755 640.686 657.29 559.729 645.713 649.41 642.487 525.708 246.408 208.64 202.346 198.965 209.359 205.172 205.376 202 200.683 213.239 197.717 200.743 203.835 207.043 210.982 210.347 367.804 597.011 628.24 642.394 592.199 645.863 653.513 640.995 616.117 600.543 413.965 240.69 234.945 211.455 206.426 216.709 201.708 224.036 208.258 211.311 206.629 195.98 203.684 206 202.876 195.402 190.855 196.108 194.519 184.632 178.834 172.671 0 
0 220.606 217.36 234.062 217.458 476.776 600.593 621.137 646.45 652.653 649.279 571.063 623.7 650.204 658.922 516.071 261.7 212.464 204.916 201.149 203.369 210.688 201.762 205.068 200.079 205.406 208.419 192.135 198.338 200.465 202.98 210.436 405.853 600.661 623.454 646.728 610.628 648.612 665.305 638.179 612.868 602.023 423.612 204.797 218.927 245.674 226.849 199.03 221.461 198.796 220.872 209.892 191.705 211.706 212.39 200.907 201.253 200.056 192.303 191.641 187.285 178.494 180.933 178.384 0 
0 217.096 209.342 227.854 221.305 453.031 615.631 625.485 637.382 651.511 647.556 578.672 609.057 639.845 663.403 591.178 274.314 218.047 211.843 210.375 204.474 208.606 208.19 204.719 208.7 199.308 207.833 209.147 199.095 190.894 205.051 227.41 481.614 607.107 623.319 626.691 612.445 652.303 659.169 653.68 616.209 579.587 385.152 243.66 228.521 201.253 205.225 228.313 198.986 217.236 208.505 204.187 226.975 216.594 189.281 181.482 198.538 199.121 193.805 187.658 184.598 179.606 179.54 178.329 0 
0 0 218.451 213.228 221.236 393.595 597.203 623.725 650.756 649.922 648.501 586.597 589.596 640.542 632.734 660.836 357.834 209.155 212.395 207.234 207.607 203.978 208.255 208.084 210.435 209.495 203.067 204.986 212.32 216.507 208.715 278.347 566.419 604.46 624.977 608.107 608.986 655.835 641.319 652.639 627.159 584.149 349.617 205.933 217.309 219.533 217.061 202.225 226.511 214.102 201.137 211.914 201.6 199.813 205.029 208.858 201.354 187.429 186.202 189.873 190.122 187.092 184.895 0 0 
0 0 213.064 226.302 241.184 337.037 599.897 618.787 642.177 647.386 655.28 614.513 580.378 631.903 634.205 654.677 533.911 222.981 211.107 204.967 202.153 204.389 209.439 213.984 207.48 204.631 209.974 204.421 203.566 204.284 216.175 424.598 626.226 602.404 631.99 586.059 610.293 656.201 643.426 642.873 612.005 563.652 323.376 227.374 211.633 216.372 205.343 211.787 196.415 202.984 222.129 198.801 203.364 211.309 210.118 205.812 197.956 194.067 197.009 190.185 181.7 174.651 172.371 0 0 
0 0 227.131 215.77 221.431 288.691 554.057 615.436 639.582 655.276 652.268 636.752 582.334 631.677 639.809 635.912 646.085 389.256 220.697 218.584 211.043 204.613 204.392 208.601 211.092 201.742 205.957 201.974 207.577 207.326 329.922 572.786 629.536 613.397 614.964 562.304 635.016 653.269 642.447 640.275 614.537 533.445 275.025 207.42 205.416 216.181 227.332 200.993 219.199 213.699 196.26 212.543 227.793 200.878 186.473 192.839 199.946 202.883 193.462 187.705 180.096 182.029 176.227 0 0 
0 0 226.934 215.818 224.097 258.142 468.449 618.144 625.423 639.125 652.876 660.076 609.031 612.988 641.624 646.73 643.704 635.831 352.998 235.084 209.372 209.688 208.959 208.978 208.669 211.07 215.675 209.185 202.622 309.387 534.007 636.967 633.636 632.106 580.533 578.545 655.943 646.897 629.946 623.276 627.912 470.966 247.111 231.374 210.651 199.936 196.662 224.28 199.909 194.474 216.049 208.078 193.727 193.854 211.492 210.021 196.801 198.715 196.297 188.762 184.186 184.322 181.586 0 0 
0 0 0 213.837 217.68 238.128 360.975 602.014 626.238 640.133 652.886 654.295 642.651 611.871 619.944 645.197 637.898 668.171 616.639 439.085 310.211 226.198 211.151 204.637 203.083 206.081 200.429 218.254 349.021 546.508 630.219 626.999 636.432 597.708 535.89 620.026 649.815 655.312 644.858 613.483 580.726 356.906 214.827 223.883 219.891 203.702 206.644 197.689 212.827 214.646 200.046 206.697 215.742 211.369 206.514 201.656 196.534 192.627 192.175 194.428 195.862 187.034 0 0 0 
0 0 0 217.669 208.761 218.69 292.753 511.725 617.431 627.805 653.245 643.492 669.854 617.756 617.679 618.588 635.836 622.662 650.098 607.433 565.948 489.527 372.378 328.182 296.81 292.393 353.831 486.71 613.494 658.4 653.085 666.905 644.524 553.162 592.176 687.243 677.246 682.827 653.446 620.247 545.664 306.698 242.253 236.893 229.609 221.585 218.015 222.137 216.58 216.987 224.818 223.173 210.529 206.976 203.445 201.124 206.163 207.736 204.468 190.401 190.225 193.615 0 0 0 
0 0 0 0 214.671 206.421 241.613 376.399 586.382 604.183 640.5 627.798 656.522 624.982 635.824 600.091 610.04 613.787 617.584 611.562 574.132 585.54 591.52 565.448 589.165 633.236 677.001 705.566 693.278 688.481 691.851 675.138 573.269 577.094 669.475 675.211 653.638 654.382 634.325 611.502 426.67 259.023 242.928 241.131 248.395 247.776 239.025 223.143 230.376 237.357 228.222 210.248 215.858 225.177 227.472 224.116 218.752 209.918 209.086 210.066 207.214 0 0 0 0 
0 0 0 0 223.198 221.378 210.059 282.596 481.458 606.387 631.724 633.606 655.365 633.158 642.565 646.855 624.032 607.324 636.201 649.427 641.224 614.98 632.204 676.221 653.05 672.277 662.313 648.573 667.364 667.323 632.308 557.824 572.003 672.327 677.685 682.051 672.917 655.23 631.159 527.437 295.44 233.95 226.846 225.29 231.282 208.823 221.775 233.857 219.726 213.05 217.47 231.181 232.591 219.949 212.62 209.447 209.253 206.973 202.243 200.916 202.315 0 0 0 0 
0 0 0 0 0 223.276 210.285 229.95 329.788 539.66 619.592 612.871 652.175 648.67 647.147 658.37 664.74 623.693 612.603 628.497 625.33 644.567 628.518 643.911 681.798 655.3 644.217 660.032 653.777 593.517 552.515 613.285 679.425 672.626 644.903 642.613 626.235 617.731 577.326 371.198 237.194 244.101 242.536 239.528 243.754 238.293 218.893 220.756 231.327 228.107 214.001 209.377 202.493 198.435 202.393 204.544 206.006 203.036 202.092 200.473 0 0 0 0 0 
0 0 0 0 0 231.996 212.864 226.138 248.524 365.177 577.787 621.966 637.012 652.782 647.128 655.291 666.259 672.591 648.77 634.14 634.687 633.286 624.676 608.01 621.753 638.048 640.36 611.279 568.885 604.018 649.96 649.618 654.029 650.385 652.881 649.651 629.031 604.072 433.374 247.987 216.071 225.421 233.226 224.224 217.246 229.851 233.987 229.441 216.201 212.193 213.883 215.758 219.522 221.175 216.66 208.72 201.117 195.184 195.862 193.1 0 0 0 0 0 
0 0 0 0 0 0 224.469 213.089 219.485 253.145 388.226 580.492 611.798 630.023 631.589 649.105 653.677 649.061 663.329 657.941 654.769 649.525 639.061 627.568 612.112 619.209 627.387 644.186 654.369 653.765 660.583 669.655 685.371 662.799 626.128 609.554 598.324 476.5 290.343 239.387 234.152 232.444 222.639 227.662 224.15 214.494 213.27 210.187 217.651 232.402 229.76 220.021 210.78 209.608 210.363 201.617 197.958 202.01 201.038 0 0 0 0 0 0 
0 0 0 0 0 0 0 217.029 220.438 223.181 249.452 369.819 571.757 623.429 610.696 626.685 647.908 646.247 641.69 658.546 660.116 643.606 654.759 661.817 648.004 654.34 667.327 676.244 688.27 672.261 664.437 645.15 648.321 643.932 628.629 611.883 469.832 289.05 228.281 239.245 241.361 234.651 233.965 223.893 237.559 232.702 225.566 222.553 212.245 197.977 201.946 201.455 206.916 206.206 203.297 204.232 203.32 203.2 0 0 0 0 0 0 0 
0 0 0 0 0 0 0 0 206.012 220.157 238.64 228.837 341.6 530.029 597.359 618.388 632.969 630.907 641.587 647.139 663.511 669.066 650.308 655.223 663.285 645.072 657.533 656.525 665.694 650.861 669.26 647.957 625.397 625.571 576.802 443.143 277.529 242.246 230.907 225.81 212.872 224.969 231.568 237.883 220.079 215.761 214.257 221.124 226.958 222.487 220.007 221.877 214.12 208.624 205.302 206.576 208.444 0 0 0 0 0 0 0 0 
0 0 0 0 0 0 0 0 226.976 222.982 224.24 214.126 218.386 292.586 432.274 527.255 618.555 620.287 623.478 630.746 634.188 644.541 648.571 642.056 657.751 663.345 653.058 637.892 645.478 630.602 633.83 626.319 610.347 534.56 370.531 247.813 228.996 238.735 229.954 233.115 225.99 210.908 202.908 208.73 221.61 230.126 228.21 217.595 213.679 217.945 209.883 208.357 206.997 200.423 197.807 197.079 191.291 0 0 0 0 0 0 0 0 
0 0 0 0 0 0 0 0 0 233.055 224.533 220.571 236.585 221.852 230.855 310.65 423.283 520.828 580.131 602.641 619.811 627.68 630.008 630.825 624.572 627.779 629.783 622.888 615.508 613.911 599.815 545.842 442.473 306.005 235.266 225.704 215.818 224.358 229.572 229.568 225.294 230.194 220.988 217.5 211.767 199.232 199.21 198.39 198.743 202.411 202.683 200.596 200.751 201.424 202.654 204.016 0 0 0 0 0 0 0 0 0 
0 0 0 0 0 0 0 0 0 0 228.309 210.702 220.713 234.3 227.201 213.429 254.258 259.419 344.626 420.144 457.97 518.629 554.383 571.127 577.163 575.25 574.763 576.624 539.003 492.541 408.416 281.983 224.145 207.041 216.725 211.94 196.948 192.312 191.227 196.178 201.41 209.71 208.513 209.755 214.948 217.287 215.745 211.758 205.576 204.842 203.878 197.232 193.497 197.432 193.694 0 0 0 0 0 0 0 0 0 0 
0 0 0 0 0 0 0 0 0 0 0 242.894 241.36 248.988 257.925 237.044 249.065 292.394 267.099 278.681 316.245 328.449 354.952 376.644 379.016 371.593 343.027 301.155 242.126 191.914 172.121 158.568 187.655 178.279 186.485 195.937 191.158 194.587 195.445 191.42 183.682 183.917 181.478 176.319 176.6 177.005 175.332 177.069 172.827 168.62 167.465 172.237 173.877 174.2 0 0 0 0 0 0 0 0 0 0 0 
0 0 0 0 0 0 0 0 0 0 0 0 0 224.903 230.858 243.106 233.112 221.5 254.234 255.107 218.799 241.793 253.072 213.053 208.936 202.431 190.2 173.481 159.975 187.602 185.161 182.354 193.049 176.245 168.956 162.577 169.211 165.997 176.762 179.098 173.837 178.449 182.812 183.522 189.812 192.68 185.53 185.41 182.044 182.639 185.769 184.788 0 0 0 0 0 0 0 0 0 0 0 0 0 
0 0 0 0 0 0 0 0 0 0 0 0 0 0 235.371 220.094 215.428 226.992 219.913 217.121 238.814 218.518 192.107 223.482 227.149 201.918 188.11 214.844 213.589 220.93 187.875 175.409 188.633 192.733 208.722 200.567 199.264 201.935 207.483 197.915 191.096 192.186 188.687 182.089 184.844 186.24 185.719 185.842 182.758 181.913 183.628 0 0 0 0 0 0 0 0 0 0 0 0 0 0 
0 0 0 0 0 0 0 0 0 0 0 0 0 0 0 218.689 224.979 220.504 212.484 213.788 214.822 227.127 220.477 210.07 199.626 202.452 227.936 197.678 195.562 202.96 194.889 213.378 212.361 199.859 194.743 189.548 186.959 192.037 197.817 199.274 201.252 207.586 205.512 194.128 191.553 193.71 194.58 193.665 193.518 192.035 0 0 0 0 0 0 0 0 0 0 0 0 0 0 0 
0 0 0 0 0 0 0 0 0 0 0 0 0 0 0 0 0 215.736 212.263 220.106 214.703 205.069 219.531 225.171 207.591 197.535 210.106 207.314 221.906 213.986 192.368 192.743 197.335 206.999 211.536 211.496 202.428 198.89 197.151 191.5 193.415 189.474 193.533 196.957 193.065 195.103 202.133 198.957 0 0 0 0 0 0 0 0 0 0 0 0 0 0 0 0 0 
0 0 0 0 0 0 0 0 0 0 0 0 0 0 0 0 0 0 0 219.898 212.889 201.443 214.789 218.657 207.008 219.643 200.415 197.941 203.21 205.236 217.557 212.042 196.699 195.841 191.267 199.588 199.055 206.342 207.17 200.519 200.346 199.518 200.039 193.971 197.936 200.074 0 0 0 0 0 0 0 0 0 0 0 0 0 0 0 0 0 0 0 
0 0 0 0 0 0 0 0 0 0 0 0 0 0 0 0 0 0 0 0 0 213.973 207.717 201.977 208.742 220.507 206.696 210.928 212.321 195 204.101 211.856 215.607 210.538 201.486 197.725 196.335 195.018 199.649 203.009 207.397 204.731 210.701 205.998 0 0 0 0 0 0 0 0 0 0 0 0 0 0 0 0 0 0 0 0 0 
0 0 0 0 0 0 0 0 0 0 0 0 0 0 0 0 0 0 0 0 0 0 0 0 0 204.796 210.535 207.067 214.853 199.928 206.965 199.464 202.293 211.483 209.042 200.908 201.084 206.116 201.151 202.564 0 0 0 0 0 0 0 0 0 0 0 0 0 0 0 0 0 0 0 0 0 0 0 0 0 
0 0 0 0 0 0 0 0 0 0 0 0 0 0 0 0 0 0 0 0 0 0 0 0 0 0 0 0 0 0 0 0 0 0 0 0 0 0 0 0 0 0 0 0 0 0 0 0 0 0 0 0 0 0 0 0 0 0 0 0 0 0 0 0 0 
