0 0 0 0 0 0 0 0 0 0 0 0 0 0 0 0 0 0 0 0 0 0 0 0 0 0 0 0 0 0 0 0 0 0 0 0 0 0 0 0 0 0 0 0 0 0 0 0 0 0 0 0 0 0 0 0 0 0 0 0 0 0 0 0 0 
0 0 0 0 0 0 0 0 0 0 0 0 0 0 0 0 0 0 0 0 0 0 0 0 0 173.365 180.667 180.524 179.736 187.449 179.388 174.615 174.223 182.749 182.31 176.325 168.517 168.945 167.986 178.469 0 0 0 0 0 0 0 0 0 0 0 0 0 0 0 0 0 0 0 0 0 0 0 0 0 
0 0 0 0 0 0 0 0 0 0 0 0 0 0 0 0 0 0 0 0 0 180.568 177.049 179.512 189.138 185.404 182.816 181.223 189.181 184.836 180.422 177.715 185.926 189.87 182.294 176.874 177.123 180.343 176.214 174.867 166.852 169.337 172.843 162.901 0 0 0 0 0 0 0 0 0 0 0 0 0 0 0 0 0 0 0 0 0 
0 0 0 0 0 0 0 0 0 0 0 0 0 0 0 0 0 0 0 176.914 191.206 188.555 186.532 189.054 189.694 188.329 184.898 190.075 192.78 181.942 183.27 188.421 191.292 191.595 181.179 185.418 187.674 185.022 176.897 175.926 175.125 178.112 180.886 164.06 160.811 162.588 0 0 0 0 0 0 0 0 0 0 0 0 0 0 0 0 0 0 0 
0 0 0 0 0 0 0 0 0 0 0 0 0 0 0 0 0 183.225 187.655 190.208 193.165 187.838 190.56 199.857 186.947 191.043 192.486 196.291 189.006 181.555 191.899 192.941 191.261 188.758 189.339 193.826 189.382 180.774 180.067 186.508 181.987 186.083 177.559 162.466 170.868 169.669 163.799 169.764 0 0 0 0 0 0 0 0 0 0 0 0 0 0 0 0 0 
0 0 0 0 0 0 0 0 0 0 0 0 0 0 0 187.151 193.449 190.985 191.36 194.724 195.025 192.317 196.695 195.931 186.14 196.697 200.431 195.333 188.671 192.037 198.966 193.247 195.716 195.107 199.85 189.788 187.44 178.419 190.892 193.528 184.257 188.791 172.576 175.895 181.994 172.014 173.249 168.799 153.005 155.471 0 0 0 0 0 0 0 0 0 0 0 0 0 0 0 
0 0 0 0 0 0 0 0 0 0 0 0 0 0 188.858 197.771 194.979 191.935 201.119 193.707 192.104 197.37 202.763 189.971 192.208 204.723 197.895 194.016 192.511 196.977 190.708 192.588 198.429 200.242 195.345 194.539 191.755 184.02 195.519 189.898 184.36 191.126 182.902 185.425 182.802 174.637 176.385 165.144 164.015 167.305 161.897 0 0 0 0 0 0 0 0 0 0 0 0 0 0 
0 0 0 0 0 0 0 0 0 0 0 0 0 188.27 197.726 197.595 198.979 193.032 208.928 190.9 193.78 201.608 200.893 190.093 202.225 199.435 191.809 204.247 198.957 192.719 198.643 204.424 192.297 192.967 198.115 200.136 192.59 189.835 194.528 196.394 188.983 197.568 185.157 184.777 188.283 171.086 180.159 174.75 177.686 172.435 160.844 162.234 0 0 0 0 0 0 0 0 0 0 0 0 0 
0 0 0 0 0 0 0 0 0 0 0 191.569 195.318 183.94 205.151 197.35 198.706 205.283 206.706 191.402 205.971 199.059 197.104 201.551 201.793 191.01 204.805 204.575 188.586 196.172 211.722 194.944 189.747 206.248 211.442 192.093 191.828 193.848 206.644 195 190.976 191.516 185.136 190.782 186.834 185.022 186.748 178.981 176.261 172.654 164.586 164.18 154.105 150.527 0 0 0 0 0 0 0 0 0 0 0 
0 0 0 0 0 0 0 0 0 0 193.384 199.005 196.771 190.458 204.194 195.59 199.373 211.953 196.604 200.917 209.095 193.33 203.714 199.904 193.187 210.132 199.975 187.057 203.12 212.813 198.523 187.991 206.44 210.472 192.96 195.505 198.88 205.028 204.776 189.231 192.208 190.469 199.412 199.458 187.198 189.001 185.257 183.143 178.508 169.387 171.793 172.067 166.121 162.862 153.561 0 0 0 0 0 0 0 0 0 0 
0 0 0 0 0 0 0 0 0 188.245 209.401 200.655 198.084 196.48 202.292 193.666 206.45 207.472 195.691 211 201.411 203.591 210.825 184.729 204.752 208.207 186.497 205.971 212.376 194.632 195.03 210.342 206.124 189.563 197.445 213.208 203.293 188.853 189.621 196.162 203.283 204.565 194.984 193.926 178.33 188.586 187.913 189.836 183.245 178.017 183.244 174.552 171.142 162.919 157.784 147.885 0 0 0 0 0 0 0 0 0 
0 0 0 0 0 0 0 0 188.38 194.485 206.182 203.945 198.02 206.821 201.129 196.961 211.394 193.052 210.86 207.377 198.079 220.219 193.517 203.676 206.183 196.53 200.881 203.658 204.757 201.901 200.256 202.778 199.195 205.308 209.822 202.4 183.477 196.887 207.792 208.79 194.725 187.453 193.274 191.397 191.259 197.761 192.7 189.139 186.781 179.606 181.907 177.404 166.071 160.766 161.71 156.236 146.014 0 0 0 0 0 0 0 0 
0 0 0 0 0 0 0 0 194.099 205.744 205.277 199.257 203.314 210.144 197.175 213.164 205.827 199.162 212.25 197.339 219.703 205.795 200.146 207.462 194.251 212.488 191.334 200.925 219.258 193.196 196.016 215.303 203.848 198.682 200.591 207.926 197.818 212.009 200.651 189.081 181.264 204.541 208.395 202.922 196.508 189.673 191.481 188.512 173.659 189.995 185.728 176.696 166.575 173.664 171.491 162.714 160.462 0 0 0 0 0 0 0 0 
0 0 0 0 0 0 0 201.432 192.782 203.172 214.442 197.723 204.159 204.133 201.137 219.861 196.55 221.011 194.474 205.605 205.958 211.432 198.711 207.363 214.928 188.315 206.998 207.445 188.904 212.235 211.456 190.336 191.287 223.094 215.897 193.145 191.422 200.049 199.769 199.142 208.33 218.793 203.084 182.86 176.74 191.114 201.906 187.485 190.953 189.334 183.298 182.049 182.683 182.56 173.475 166.579 157.48 149.851 0 0 0 0 0 0 0 
0 0 0 0 0 0 195.316 198.119 196.741 206.058 207.649 203.033 218.671 192.893 211.314 209.155 205.8 213.203 207.893 197.852 215.316 205.731 198.801 217.573 200.894 209.989 203.728 202.313 197.921 204.835 196.448 206.318 213.489 203.236 185.214 202.968 218.509 208.172 200.726 195.201 198.148 196.876 188.201 183.036 202.813 205.55 207.841 187.583 190.65 187.788 191.851 174.449 181.335 174.215 174.995 164.798 159.943 151.947 147.811 0 0 0 0 0 0 
0 0 0 0 0 195.933 202.354 199.738 193.573 210.508 201.031 203.409 210.537 202.634 219.787 205.32 219.218 208.997 206.14 209.417 219.666 195.471 205.689 215.115 201.997 204.824 225.162 189.914 197.955 209.674 193.71 196.406 205.337 210.223 211.308 200.142 191.815 194.799 206.195 197.456 207.999 203.181 204.587 197.642 206.714 200.353 181.195 178.757 192.447 191.916 185.305 178.775 178.74 179.205 176.301 166.819 165.585 161.274 154.931 151.029 0 0 0 0 0 
0 0 0 0 0 201.588 202.682 203.743 199.726 216.317 202.538 222.244 195.048 208.278 202.607 224.348 207.752 227.166 200.112 221.138 208.948 193.441 213.858 211.209 195.936 205.205 207.509 202.71 201.812 182.526 206.59 208.283 184.377 201.257 208.053 197.056 214.648 224.169 199.459 183.542 192.55 199.976 192.185 187.172 189.194 186.433 183.003 192.023 196.211 195.861 183.668 185.094 184.965 187.707 177.539 174.213 170.751 168.89 161.57 147.411 0 0 0 0 0 
0 0 0 0 200.251 217.562 209.372 194.34 199.382 212.192 198.244 228.187 195.484 220.387 204.521 213.723 218.129 229.232 206.865 217.671 212.944 197.862 213.587 203.072 214.873 213.777 191.256 207.91 196.641 187.653 203.388 188.034 196.281 210.939 186.971 175.736 197.357 197.313 179.897 191.404 213.081 212.645 184.533 193.297 197.995 201.092 195.03 195.605 190.342 187.333 172.749 182.814 187.707 180.101 171.659 168.316 167.169 162.312 152.418 144.901 142.069 0 0 0 0 
0 0 0 0 196.698 207.309 221.084 207.914 214.996 207.959 211.382 221.315 218.985 217.177 223.379 217.537 229.336 237.772 229.806 241.413 231.661 232.952 253.926 233.925 252.975 218.42 205.752 186.567 163.093 181.119 164.757 179.753 184.226 180.827 187.21 185.124 195.562 189.419 176.822 190.475 184.537 176.176 176.862 185.892 181.404 179.901 173.508 179.223 176.795 169.09 176.832 183.931 182.148 164.085 164.133 169.206 167.887 156.82 151.262 146.789 139.846 0 0 0 0 
0 0 0 201.341 204.149 208.783 216.217 200.132 227.701 207.688 230.063 206.463 216.504 224.258 216.736 229.08 242.003 230.489 256.975 320.048 358.397 419.112 448.237 465.528 485.294 470.597 475.893 410.866 369.926 274.217 220.634 200.185 172.919 205.784 199.599 173.728 203.775 207.816 188.446 191.424 190.273 187.395 196.215 189.018 182.089 183.94 191.786 191.991 187.466 189.858 186.572 187.746 181.106 174.56 181.172 182.434 174.935 167.222 163.52 158.925 154.201 144.678 0 0 0 
0 0 0 205.078 206.305 210.79 218.114 191.208 218.92 199.755 231.412 225.152 212.384 227.354 204.106 244.985 310.691 399.566 484.568 556.926 561.024 610.992 591.892 621.511 595.206 609.248 597.996 605.694 582.439 560.11 489.212 378.878 281.529 221.072 205.448 219.162 227.315 199.823 199.976 222.977 227.155 219.97 225.592 213.557 215.931 224.61 221.801 210.026 211.751 202.522 203.41 202.271 190.416 196.651 197.34 191.009 186.687 183.082 179.078 174.933 165.706 154.419 0 0 0 
0 0 212.017 214.362 206.76 214.044 223.267 196.914 221.373 202.371 210.014 224.927 210.489 247 312.134 447.382 551.173 590.754 607.31 622.892 613 625.552 625.284 639.337 629.609 623.609 617.532 624.834 623.039 608.242 593.685 588.599 514.785 390.021 265.336 208.16 229.969 222.384 239.564 225.549 196.117 209.551 219.363 196.693 206.75 223.463 200.409 198.85 213.305 209.734 212.171 205.57 208.327 212.64 207.84 200.562 187.71 188.012 187.322 184.648 174.24 166.014 160.088 0 0 
0 0 209.687 207.914 200.523 212.945 223.689 206.434 214.456 215.554 213.609 224.92 263.245 431.004 549.301 599.719 619.338 610.23 632.876 625.867 650.522 634.907 657.061 629.098 648.139 649.4 647.616 643.019 650.134 637.768 626.41 604.613 624.902 597.178 462.153 319.719 249.024 211.095 218.934 209.827 208.719 243.962 234.989 208.619 229.56 217.621 196.971 217.496 219.89 207.093 207.549 206.991 205.827 206.676 204.322 192.701 193.914 198.942 194.464 185.446 176.419 169.131 166.171 0 0 
0 0 212.572 215.257 201.39 211.461 213.464 208.498 200.376 219.31 215.628 317.405 469.641 606.445 599.603 619.469 650.97 628.552 653.748 631.003 654.818 638.855 652.231 651.127 646.699 657.261 662.204 653.963 652.305 658.515 651.729 642.662 625.787 632.338 600.668 522.518 331.562 229.483 252.864 242.597 215.014 219.647 206.055 208.467 249.837 225.039 222.532 246.17 214.698 202.627 214.409 211.103 200.547 197.103 195.808 200.611 202.559 199.939 189.952 183.999 181.384 178.692 172.603 0 0 
0 0 214.183 209.868 206.213 217.138 215.594 218.432 195.048 212.833 322.636 518.102 598.621 633.695 622.878 627.391 656.879 636.457 666.921 638.168 643.786 650.185 623.229 615.082 615.95 614.516 634.828 658.209 650.152 656.365 654.719 644.153 643.919 656.937 608.5 633.512 530.95 340.932 241.361 223.877 209.954 251.625 240.431 217.159 220.785 188.495 216.069 219.994 197.849 220.621 225.085 211.156 214.876 214.168 213.032 207.311 204.382 197.378 187.226 183.859 183.699 179.082 166.882 0 0 
0 204.704 215.568 213.114 205.838 219.251 207.917 235.948 205.691 305.57 523.542 606.838 607.746 647.064 642.204 641.557 668.883 643.753 654.907 643.611 627.319 618.831 610.668 599.032 600.937 604.525 615.397 608.205 612.033 614.895 634.539 654.554 647.831 678.125 639.59 645.221 615.666 565.797 335.261 263.888 229.905 201.925 210.518 220.511 240.229 227.698 241.733 205.409 208.368 231.492 211.782 206.396 211.819 213.806 206.163 209.142 201.455 193.761 197.002 195.375 187.641 177.519 168.389 164.558 0 
0 208.142 210.495 219.171 201.07 224.043 198.144 225.657 264.719 483.966 607.155 620.721 636.169 649.753 644.276 640.133 661.232 630.754 627.321 625.826 628.469 625.246 633.954 629.617 631.392 630.359 631.32 638.546 629.201 620.909 613.504 645.217 669.596 684.285 663.569 657.058 619.876 612.495 485.475 329.746 202.533 267.719 259.932 212.76 230.118 219.863 236.937 215.154 237.925 221.922 197.695 211.444 219.351 203.769 208.196 213.626 203.953 201.908 206.389 201.132 185.662 181.486 177.074 175.738 0 
0 207.246 207.37 223.076 203.704 222.93 197.877 246.536 429.542 579.278 622.942 636.494 646.722 653.703 655.662 629.343 636.635 619.474 624.869 637.88 636.636 638.405 642.168 639.612 627.139 615.383 615.546 636.995 651.927 662.201 631.351 589.078 640.701 675.324 676.984 671.855 676 632.615 608.694 443.722 280.2 185.788 232.238 226.061 231.043 198.022 218.807 216.073 238.322 209.959 225.957 241.266 218.399 214.942 211.725 221.949 216.293 211.303 206.177 199.224 194.32 192.695 188.551 181.68 0 
0 213.606 205.357 219.808 202.613 222.644 204.822 344.086 567.913 592.715 622.647 645.241 646.969 646.234 634.748 599.413 626.366 631.176 622.332 610.912 600.018 604.292 606.783 605.445 614.366 629.707 639.419 646.918 665.296 664.245 662.082 625.225 623.704 659.006 698.848 661.757 703.912 645.584 672.397 525.827 432.127 220.46 257.779 241.738 253.035 247.414 247.426 227.494 226.746 219.704 242.09 221.113 210.063 221.159 218.182 216.02 213.405 195.947 200.721 205.066 200.89 198.69 192.051 180.104 0 
0 210.656 210.477 222.289 202.584 225.963 242.223 468.525 612.828 609.228 632.148 652.514 645.412 634.015 629.592 612.653 637.504 617.579 618.341 609.041 579.976 505.453 427.909 382.599 359.294 370.839 428.861 509.904 580.853 648.869 682.868 636.466 645.605 619.281 678.996 663.636 680.5 659.029 649.286 634.988 479.29 262.368 261.714 211.313 223.931 248.577 234.002 241.542 229.52 234.661 224.373 201.048 224.149 229.581 212.071 210.526 213.667 208.282 205.289 200.952 196.15 187.195 174.519 170.473 0 
0 211.697 207.47 221.101 208.847 219.695 323.21 558.964 623.851 635.324 638.47 663.245 650.431 617.931 646.167 630.224 642.104 645.112 631.421 500.055 346.499 253.333 221.66 205.476 197.004 188.429 198.227 225.5 309.018 469.939 624.105 631.108 627.528 642.249 617.716 686.239 651.58 678.399 641.901 632.196 532.775 334.487 221.593 242.007 192.471 217.906 194.712 229.891 209.701 219.646 201.826 215.093 219.811 198.402 191.192 205.34 217.008 198.332 195.96 201.636 190.617 176.335 174.117 169.159 0 
0 204.816 204.799 213.447 218.394 234.361 423.649 597.1 620.999 648.573 630.919 655.789 627.934 604.21 654.613 626.103 638.631 620.266 420.692 232.364 195.858 200.99 203.661 196.814 193.362 194.7 198.483 187.327 192.536 228.693 382.474 650.923 622.336 698.871 625.067 652.426 661.539 626.099 661.889 637.58 617.379 404.054 253.71 254.181 216.75 225.303 220.522 218.593 205.197 214.699 212.021 218.239 188.778 187.164 206.438 208.954 201.547 195.001 190.005 185.313 183.863 183.621 183.065 178.352 0 
0 208.571 205.181 205.421 218.927 267.06 506.075 600.816 624.285 664.403 631.325 662.112 608.49 617.063 661.899 627.519 635.129 441.37 216.389 199.409 203.681 199.149 193.932 190.821 190 189.342 187.183 176.507 181.94 178.227 161.904 410.17 646.903 739.404 687.403 616.577 681.839 686.698 659.634 647.101 612.809 498.916 260.399 215.06 242.452 211.597 228.372 207.783 232.091 214.059 220.534 208.88 209.091 219.112 209.747 196.714 198.506 187.705 187.575 198.553 195.506 184.879 180.439 170.639 0 
0 208.531 204.875 202.853 230.534 312.533 564.341 605.178 629.06 670.094 631.688 650.532 608.247 630.445 650.922 621.871 552.616 263.218 195.03 201.01 202.213 201.744 203.053 197.543 191.64 193.92 194.274 185.26 185.958 187.725 176.049 223.872 644.589 638.811 671.194 662.106 641.567 659.137 665.919 643.297 630.636 571.21 307.114 244.659 213.629 208.37 217.844 215.141 207.488 207.424 212.9 208.233 232.324 219.31 196.215 193.572 205.447 201.909 194.578 194.69 192.99 184.926 175.136 169.829 0 
0 217.72 218.403 195.398 238.834 364.54 584.317 617.948 630.973 660.353 638.926 626.683 626.747 631.941 637.116 633.15 415.379 205.84 208.678 198.371 203.577 203.75 202.103 197.967 195.225 196.511 195.71 198.622 194.012 195.061 202.715 200.3 471.675 702.315 633.969 605.553 636.271 671.01 673.526 649.377 601.6 576.008 364.238 222.323 243.214 232.005 199.017 229.237 194.448 216.723 208.699 216.039 201.452 182.221 195.276 215.948 216.7 197.85 193.018 199.369 189.299 177.094 172.404 172.097 0 
0 203.419 213.38 203.999 241.049 405.71 598.027 618.866 634.493 653.034 661.552 585.286 619.138 630.057 624.201 623.363 307.306 200.742 205.083 203.168 203.778 206.196 202.567 206.403 201.622 201.495 200.016 201.559 194.377 197.977 203.55 213.55 383.998 663.072 654.345 617.082 594.332 640.528 656.735 666.616 639.78 601.457 383.283 221.219 208.756 207.98 233.857 212.176 230.423 212.23 202.739 202.384 190.707 213.322 223.067 207.174 198.943 192.288 190.536 190.717 182.944 181.928 178.741 179.053 0 
0 212.604 213.768 206.989 241.275 430.487 604.226 624.789 645.221 643.849 659.381 565.791 632.634 648.896 613.493 605.778 250.533 205.181 206.887 202.621 199.915 203.852 206.118 208.003 200.271 201.108 202.888 200.338 201.292 199.474 202.495 212.078 358.757 609.444 637.066 632.311 598.287 646.734 643.36 646.96 629.902 612.881 441.012 214.752 226.119 205.009 205.851 212.383 216.852 208.264 215.907 207.534 220.638 211.419 191.839 195.207 201.131 199.548 195.029 194.413 187.886 181.9 180.514 173.382 0 
0 212.78 213.154 213.512 225.314 458.726 604.462 613.658 650.501 651.218 661.706 560.048 630.86 651.137 621.371 571.585 253.998 200.189 205.494 200.533 200.066 208.262 205.139 207.014 203.055 197.105 199.235 200.146 200.794 199.513 201.347 203.087 359.791 596.231 636.93 653.481 611.987 641.441 657.348 630.34 626.03 605.183 431.483 245.255 232.028 204.314 211.289 221.198 200.105 227.709 208.512 214.234 209.755 190.745 189.929 212.331 207.841 194.944 194.746 197.632 193.143 185.477 176.689 171.797 0 
0 212.081 209.416 226.971 213.479 464.713 600.804 613.82 641.391 653.56 657.659 574.399 616.113 646.421 642.875 563.308 290.928 203.863 211.395 205.756 205.249 207.653 203.22 206.077 207.368 202.888 201.859 201.844 201.385 200.559 208.752 210.266 406.468 601.571 625.571 637.554 619.951 651.566 649.607 633.72 614.509 610.66 442.007 213.627 207.446 236.655 227.319 195.016 221.416 202.916 212.782 205.493 187.457 207.668 213.45 212.761 196.61 194.871 199.597 196.888 186.118 179.877 176.8 174.791 0 
0 226.267 214.585 218.846 203.208 431.074 605.768 627.249 638.747 642.267 654.284 593.558 610.345 639.489 640.856 596.978 336.36 197.641 206.53 209.268 202.889 205.363 205.853 206.757 207.456 207.704 203.824 199.801 203.738 200.418 207.739 218.027 478.433 605.364 627.625 631.912 610.247 645.589 653.135 654.834 612.097 580.808 405.884 245.906 212.926 206.324 209.493 233.93 205.411 218.794 214.255 210.627 225.324 209.366 190.35 191.607 195.413 198.399 197.467 187.909 183.546 182.97 178.563 180.436 0 
0 0 218.418 216.413 212.449 382.58 593.942 616.322 640.72 639.739 647.547 609.933 579.293 641.967 639.505 636.618 419.707 231.041 209.116 206.287 209.109 205.26 201.387 206.857 204.584 207.237 207.682 207.05 203.47 203.748 202.119 277.228 571.987 604.294 625.787 605.824 599.308 651.498 643.733 647.364 622.622 591.312 359.066 196.937 216.754 226.966 221.358 202.997 227.916 214.293 201.359 210.146 195.877 189.017 202.675 207.196 198.203 190.133 192.81 192.431 189.22 190.416 186.118 0 0 
0 0 212.207 220.002 230.403 317.151 587.287 611.455 633.094 641.08 651.98 627.906 574.09 633.274 650.641 643.147 539.181 285.12 208.987 203.972 206.482 208.111 205.491 205.06 205.304 210.595 208.58 203.693 204.788 209.002 216.076 422.276 623.383 594.783 622.977 591.454 616.623 651.439 644.411 644.086 614.263 566.501 315.973 224.981 226.997 214.147 203.986 218.352 197.456 197.733 221.692 197.719 197.019 209.558 221.491 205.063 196.672 197.598 198.654 188.767 183.069 175.386 172.515 0 0 
0 0 223.866 214.039 218.358 276.671 543.965 610.564 625.896 645.076 665.322 642.716 588.846 619.077 650.592 638.53 635.073 437.568 252.679 205.454 206.17 207.797 205.299 204.524 203.212 204.897 205.975 208.444 206.972 207.645 335.588 581.211 628.203 614.462 613.107 585.586 642.673 656.405 650.101 645.04 616.232 522.126 269.476 211.436 208.718 219.464 224.475 203.404 216.521 218.877 203.241 212.486 224.588 211.969 200.734 190.6 198.503 206.418 199.334 189.03 180.68 178.793 177.438 0 0 
0 0 224.273 214.838 226.983 239.423 452.127 616.639 626.455 641.422 649.82 663.651 623.488 597.815 647.424 642.396 645.841 618.772 424.414 255.572 201.856 208.704 213.796 208.782 204.115 206.12 207.021 212.876 206.745 318.039 542.862 637.135 633.077 630.741 588.255 607.389 658.075 649.661 638.602 621.377 617.406 473.838 258.735 236.491 219.242 207.28 205.866 224.436 205.352 201.133 215.206 204.165 188.765 198.926 206.222 205.312 200.079 197.948 191.004 186.625 186.28 185.13 182.789 0 0 
0 0 0 211.498 212.983 230.976 336.732 579.244 612.776 636.878 646.222 651.345 651.639 604.778 623.813 642.543 648.991 645.911 619.796 499.92 351.201 243.915 213.476 209.454 208.729 206.554 196.154 222.825 355.082 548.171 632.214 632.079 636.705 600.609 561.718 634.222 651.334 652.387 637.782 605.599 591.216 375.394 211.784 208.591 214.111 203.144 209.612 198.615 207.494 214.352 195.85 197.7 218.794 222.374 207.848 202.934 206.298 196.857 192.526 193.024 190.432 187.983 0 0 0 
0 0 0 218.653 203.788 220.306 269.758 493.536 616.795 628.859 636.782 641.194 664.295 618.468 620.075 606.901 641.011 619.49 633.883 607.258 585.597 512.274 403.767 352.303 322.13 325.684 394.064 515.964 631.044 660.093 656.291 663.76 645.138 570.289 592.985 660.605 656.404 666.085 657.48 631.033 543.427 304.125 247.768 240.26 236.221 220.51 216.155 229.935 223.605 210.059 217.07 226.698 222.012 206.895 204.723 204.884 209.38 208.99 205.94 195.836 192.244 196.742 0 0 0 
0 0 0 0 224.029 205.35 225.98 351.095 577.591 602.382 622.537 631.808 648.404 637.83 633.495 601.874 612.52 618.385 615.972 614.03 575.364 608.306 600.145 577.176 602.173 643.605 684.295 703.137 688.947 678.134 682.545 662.453 586.138 595.273 667.641 683.793 689.263 675.89 658.43 624.333 431.458 264.819 252.057 243.419 246.665 249.159 239.092 226.922 233.108 240.321 226.873 219.668 217.227 220.042 224.16 229.451 221.208 208.946 207.366 206.815 206.155 0 0 0 0 
0 0 0 0 221.024 215.498 215.372 271.069 468.969 607.972 625.163 638.105 645.69 649.458 644.632 647.345 624.909 613.633 627.444 651.374 644.552 618.158 646.169 673.005 654.087 670.242 661.105 637.772 661.71 672.938 634.37 571.465 583.986 677.375 691.355 681.526 672.64 645.45 627.269 528.044 293.873 231.392 226.711 220.335 228.397 212.86 220.862 231.43 216.197 207.855 222.282 231.236 224.806 220.461 219.4 212.656 208.931 208.19 202.025 199.326 202.618 0 0 0 0 
0 0 0 0 0 213.975 214.119 220.224 303.398 523.107 618.644 613.62 644.739 660.08 652.656 657.607 670.294 633.462 613.119 609.236 629.16 633.917 641.122 655.696 667.564 647.537 646.911 670.503 655.533 601.885 577.809 631.011 675.212 667.545 643.657 637.732 629.738 628.685 583.115 377.274 243.208 241.961 238.952 231.072 234.571 232.815 214.586 205.221 214.849 228.193 222.725 208.723 203.91 204.072 206.787 208.091 203.882 203.558 202.934 204.115 0 0 0 0 0 
0 0 0 0 0 225.93 215.806 214.578 237.821 337.511 565.51 610.709 623.21 646.837 645.45 641.569 665.743 664.194 657.504 638.758 641.562 633.184 610.521 604.382 610.555 644.133 627.104 593.312 592.665 637.974 661.651 648.606 661.397 666.939 669.35 656.777 630.162 595.894 422.745 243.039 213.817 217.377 232.728 225.319 218.696 223.347 227.219 228.446 224.889 217.162 209.416 207.367 214.384 217.484 211.666 205.762 199.26 192.345 191.807 193.039 0 0 0 0 0 
0 0 0 0 0 0 230.186 205.222 218.158 242.573 362.574 571.76 603.645 627.734 639.086 635.027 654.331 654.837 662.389 654.426 660.563 669.16 640.382 628.608 620.464 618.792 626.249 651.927 652.785 652.536 667.159 664.34 680.282 658.02 624.053 611.411 590.715 457.093 279.658 229.182 227.615 224.394 214.744 221.183 221.08 211.701 206.464 210.133 219.043 223.007 224.612 226.275 219.135 210.928 206.372 201.043 199.35 199.139 197.799 0 0 0 0 0 0 
0 0 0 0 0 0 0 211.45 221.621 224.875 228.139 353.904 549.2 615.079 619.931 615.567 645.398 656.316 646.104 657.734 651.016 648.054 663.741 656.354 657.431 667.706 673.834 674.205 675.502 665.371 657.891 645.021 651.836 631.099 613.574 590.458 447.954 279.729 236.048 238.189 237.709 231.777 226.1 212.261 223.748 224.775 232.226 226.611 214.444 206.887 205.704 207.867 213.072 209.308 202.386 204.929 202.135 201.245 0 0 0 0 0 0 0 
0 0 0 0 0 0 0 0 212.229 213.704 231.218 230.043 314.911 504.878 587.129 609.139 623.928 629.395 642.104 647.231 654.307 653.723 652.892 663.098 661.529 657.876 668.939 663.995 665.77 654.983 656.85 630.278 624.406 627.24 571.692 426.634 260.725 220.888 220.072 214.37 210.896 221.767 230.515 229.479 227.09 223.441 213.811 210.866 210.822 214.664 218.913 217.209 209.339 209.223 208.129 203.181 204.197 0 0 0 0 0 0 0 0 
0 0 0 0 0 0 0 0 230.573 213.949 217.658 221.553 201.743 275.573 413.106 510.186 599.999 620.149 615.48 624.887 627.139 641.764 647.795 644.524 647.944 654.821 648.068 636.474 641.32 633.682 631.1 618.275 591.985 503.768 349.267 248.899 237.163 240.032 232.345 222.978 211.408 201.484 207.694 218.574 223.801 223.029 224.573 222.52 221.634 221.959 212.939 207.638 202.21 197.537 199.083 197.751 191.545 0 0 0 0 0 0 0 0 
0 0 0 0 0 0 0 0 0 221.682 216.082 213.095 221.718 214.657 228.621 300.201 388.239 503.65 562.817 601.908 618.64 619.62 626.165 631.004 614.769 623.191 622.528 623.755 613.347 599.194 586.129 531.363 420.069 284.75 223.987 215.309 209.063 213.022 227.146 235.502 236.093 239.251 227.506 212.268 209.415 207.398 202.987 202.505 202.33 203.776 202.09 201.443 203.281 201.834 201.201 203.025 0 0 0 0 0 0 0 0 0 
0 0 0 0 0 0 0 0 0 0 231.979 219.599 214.002 232.76 215.557 223.742 247.578 251.085 323.897 407 453.125 504.274 539.464 560.22 567.406 566.487 566.572 569.856 531.623 461.502 373.463 254.684 218.243 207.779 214.293 215.434 196.639 192.518 191.553 200.092 200.561 202.544 208.25 207.443 208.096 214.255 217.965 215.632 209.818 200.436 197.973 193.455 191.616 192.872 195.419 0 0 0 0 0 0 0 0 0 0 
0 0 0 0 0 0 0 0 0 0 0 236.703 227.32 248.215 245.847 237.836 241.909 293.256 266.59 274.13 314.465 317.183 331.579 354.328 367.35 350.067 316.017 290.498 232.041 187.255 173.024 167.802 189.945 183.255 185.407 198.105 192.301 187.554 183.811 183.644 179.05 174.492 183.463 179.672 183.235 181.622 177.161 173.567 169.705 173.217 174.921 174.553 176.926 175.842 0 0 0 0 0 0 0 0 0 0 0 
0 0 0 0 0 0 0 0 0 0 0 0 0 225.425 217.744 244.398 226.089 226.796 246 244.829 222.826 239.633 242.024 202.26 209.296 207.888 189.646 164.022 154.333 191.842 189.357 186.792 193.336 174.516 163.957 161.154 164.656 164.331 177.641 178.449 180.786 190.602 190.444 188.944 189.066 192.029 188.102 187.951 183.212 180.935 178.027 179.529 0 0 0 0 0 0 0 0 0 0 0 0 0 
0 0 0 0 0 0 0 0 0 0 0 0 0 0 227.118 226.359 217.748 219.365 210.014 223.955 228.783 211.84 197.598 222.57 219.82 198.661 194.041 206.316 204.299 216.11 185.518 179.503 187.048 193.789 212.172 212.259 205.186 204.006 214.923 201.301 194.663 189.238 188.836 191.366 185.711 181.825 182.602 184.052 185.229 188.46 193.434 0 0 0 0 0 0 0 0 0 0 0 0 0 0 
0 0 0 0 0 0 0 0 0 0 0 0 0 0 0 223.639 216.864 221.125 210.412 211.203 218.357 224.169 213.269 205.182 199.419 207.449 229.514 196.459 193.969 198.146 201.777 222.866 213.938 200.115 189.655 192.237 198.622 195.815 199.696 198.211 206.272 204.502 196.339 192.952 197.775 195.62 193.973 193.809 191.831 186.187 0 0 0 0 0 0 0 0 0 0 0 0 0 0 0 
0 0 0 0 0 0 0 0 0 0 0 0 0 0 0 0 0 223.378 208.203 213.422 213.754 205.95 220.012 220.934 199.925 191.991 209.671 207.523 219.851 206.607 184.851 196.194 203.734 211.969 210.203 209.123 199.505 194.26 197.839 186.96 186.828 192.983 195.75 193.389 193.114 196.987 204.051 202.537 0 0 0 0 0 0 0 0 0 0 0 0 0 0 0 0 0 
0 0 0 0 0 0 0 0 0 0 0 0 0 0 0 0 0 0 0 213.89 209.828 200.741 212.436 219.303 204.39 212.513 195.135 198.152 203.478 208.212 210.279 198.745 198.001 197.816 189.493 198.21 201.467 202.831 202.189 207.682 197.521 197.673 197.741 192.881 200.603 193.401 0 0 0 0 0 0 0 0 0 0 0 0 0 0 0 0 0 0 0 
0 0 0 0 0 0 0 0 0 0 0 0 0 0 0 0 0 0 0 0 0 213.35 205.495 203.907 212.677 217.015 200.853 210.264 210.722 195.896 208.833 207.596 205.61 208.095 206.606 197.32 191.925 199.18 196.753 201.263 208.798 212.989 209.02 197.968 0 0 0 0 0 0 0 0 0 0 0 0 0 0 0 0 0 0 0 0 0 
0 0 0 0 0 0 0 0 0 0 0 0 0 0 0 0 0 0 0 0 0 0 0 0 0 206.265 208.072 201.122 213.244 202.248 202.323 200.439 205.255 203.591 210.924 206.822 200.616 204.717 202.535 201.361 0 0 0 0 0 0 0 0 0 0 0 0 0 0 0 0 0 0 0 0 0 0 0 0 0 
0 0 0 0 0 0 0 0 0 0 0 0 0 0 0 0 0 0 0 0 0 0 0 0 0 0 0 0 0 0 0 0 0 0 0 0 0 0 0 0 0 0 0 0 0 0 0 0 0 0 0 0 0 0 0 0 0 0 0 0 0 0 0 0 0 
