0 0 0 0 0 0 0 0 0 0 0 0 0 0 0 0 0 0 0 0 0 0 0 0 0 0 0 0 0 0 0 0 0 0 0 0 0 0 0 0 0 0 0 0 0 0 0 0 0 0 0 0 0 0 0 0 0 0 0 0 0 0 0 0 0 
0 0 0 0 0 0 0 0 0 0 0 0 0 0 0 0 0 0 0 0 0 0 0 0 0 228.011 229.807 235.393 214.993 228.567 231.808 235.607 229.736 225.719 216.109 223.864 206.686 226.397 202.446 212.7 0 0 0 0 0 0 0 0 0 0 0 0 0 0 0 0 0 0 0 0 0 0 0 0 0 
0 0 0 0 0 0 0 0 0 0 0 0 0 0 0 0 0 0 0 0 0 238.576 232.057 237.735 245.904 245.599 244.565 234.26 229.223 236.793 241.541 247.183 237.513 236.155 234.078 231.658 232.186 233.466 216.148 228.001 198.134 220.743 185.597 196.9 0 0 0 0 0 0 0 0 0 0 0 0 0 0 0 0 0 0 0 0 0 
0 0 0 0 0 0 0 0 0 0 0 0 0 0 0 0 0 0 0 237.781 249.709 246.184 243.231 251.744 252.237 250.766 252.449 241.64 235.427 239.689 254.492 254.426 239.649 244.324 244.927 247.235 239.11 237.347 232.678 233.041 217.78 232.378 197.351 219.565 192.323 196.973 0 0 0 0 0 0 0 0 0 0 0 0 0 0 0 0 0 0 0 
0 0 0 0 0 0 0 0 0 0 0 0 0 0 0 0 0 240.455 247.21 254.135 252.325 249.124 256.027 258.539 253.489 258.481 260.404 240.549 237.506 246.607 262.364 249.473 248.635 254.243 256.994 246.674 240.022 248.967 249.8 238.63 232.56 223.143 215.135 229.921 208.341 213.112 191.401 178.945 0 0 0 0 0 0 0 0 0 0 0 0 0 0 0 0 0 
0 0 0 0 0 0 0 0 0 0 0 0 0 0 0 251.958 252.043 248.772 256.224 257.519 254.205 259.29 264.42 257.449 260.519 270.264 261.848 252.788 247.984 245.533 269.868 257.111 268.796 254.918 264.253 246.005 256.128 252.056 258.018 231.691 245.482 224.937 239.39 229.322 227.684 221.718 197.562 193.085 190.465 173.372 0 0 0 0 0 0 0 0 0 0 0 0 0 0 0 
0 0 0 0 0 0 0 0 0 0 0 0 0 0 252.522 263.504 253.279 259.376 265.466 250.403 264.795 262.106 257.923 262.76 270.177 266.969 260.667 268.059 251.982 243.437 269.045 266.542 264.071 255.375 275.777 253.161 266.271 248.033 261.466 232.152 256.53 227.327 255.887 228.819 239.181 214.729 215.287 212.026 203.327 195.661 187.373 0 0 0 0 0 0 0 0 0 0 0 0 0 0 
0 0 0 0 0 0 0 0 0 0 0 0 0 260.242 264.023 263.181 256.517 271.89 264.609 256.037 272.911 255.359 263.213 274.166 269.368 272.179 267.936 264.838 246.678 257.365 271.384 274.137 275.572 273.688 267.523 248.507 265.543 263.454 260.869 245.46 253.12 234.883 251.983 237.379 237.928 221.852 228.38 223.763 218.389 210.056 185.751 175.798 0 0 0 0 0 0 0 0 0 0 0 0 0 
0 0 0 0 0 0 0 0 0 0 0 260.536 251.411 270.66 268.089 264.849 267.923 271.406 262.39 276.505 267.339 254.435 279.578 270.309 281.946 288.597 275.947 287.616 276.978 235.586 274.404 287.865 280.653 255.774 264.988 255.52 274.043 265.975 248.972 255.139 247.629 247.053 251.265 240.454 241.846 236.635 237.203 229.292 219.21 210.714 194.906 200.159 175.77 166.662 0 0 0 0 0 0 0 0 0 0 0 
0 0 0 0 0 0 0 0 0 0 258.931 264.906 260.289 277.972 264.921 269.797 274.689 266.006 274.762 275.837 264.256 267.359 266.069 272.652 283.752 270.589 289.274 287.879 331.542 379.767 344.409 302.117 273.492 272.05 278.4 268.369 270.387 262.751 245.996 269.864 249.331 266.652 239.339 258.04 245.39 243.526 244.531 226.183 229.926 222.304 220.966 211.061 197.406 190.17 158.824 0 0 0 0 0 0 0 0 0 0 
0 0 0 0 0 0 0 0 0 256.537 270.196 259.749 271.358 278.243 263.234 280.686 262.172 273.72 278.029 266.174 275.403 253.757 269.47 268.612 271.327 271.885 273.697 271.484 396.248 587.99 423.278 312.616 281.622 275.885 271.753 271.299 263.736 273.748 254.407 281.989 253.988 266.792 249.598 263.486 245.566 254.375 241.341 245.946 244.773 232.984 233.978 213.703 212.908 194.668 177.456 158.294 0 0 0 0 0 0 0 0 0 
0 0 0 0 0 0 0 0 255.423 262.264 272.967 253.97 281.233 265.247 277.325 278.48 260.162 286.784 264.97 283.701 259.845 267.152 269.171 274.087 274.88 253.527 287.68 275.43 405.125 672.965 507.084 293.958 266.398 286.813 275.659 272.47 265.286 267.089 263.834 264.255 247.1 261.818 263.359 262.08 257.581 256.507 246.375 253.136 238.33 246.178 232.518 220.783 216.922 207.145 197.623 175.802 156.965 0 0 0 0 0 0 0 0 
0 0 0 0 0 0 0 0 269.234 268.268 271.69 263.363 281.997 259.513 292.053 263.805 280.314 277.402 282.021 276.431 270.219 263.65 274.155 268.701 268.816 272.502 273.47 271.825 473.389 714.146 548.564 297.686 282.921 287.886 260.973 264.145 270.282 267.09 268.956 251.529 278.784 265.963 275.123 248.172 257.722 255.872 249.298 245.503 246.321 249.964 226.587 236.618 224.527 217.026 204.612 198.451 184.685 0 0 0 0 0 0 0 0 
0 0 0 0 0 0 0 263.366 269.871 276.529 260.634 280.845 269.749 278.518 275.105 278.837 267.721 283.351 268.152 280.725 261.939 281.26 266.865 276.418 260.229 264.077 273.15 263.705 512.12 722.223 598.121 302.926 268.963 281.301 268.78 264.953 281.31 258.972 275.216 251.594 288.396 260.017 264.142 246.484 265.373 268.398 262.844 246.32 256.127 243.654 240.718 238.894 230.783 230.031 216.468 204.96 188.414 167.853 0 0 0 0 0 0 0 
0 0 0 0 0 0 272.163 271.366 275.092 277.851 267.597 285.172 262.473 282.052 285.195 281.005 273.757 271.925 274.33 281.864 270.113 277.849 282.899 268.602 258.956 263.441 268.638 269.923 532.492 704.978 615.459 304.526 262.51 257.382 261.874 266.775 281.164 249.146 270.408 272.247 278.856 264.311 256.881 264.63 268.771 264.212 245.099 252.882 264.305 246.704 248.344 237.95 238.63 225.314 215.324 208.723 198.61 180.233 158.718 0 0 0 0 0 0 
0 0 0 0 0 280.799 268.237 277.362 280.835 271.798 288.251 272.757 278.979 270.724 288.006 281.401 282.16 287.802 282.443 287.196 262.796 279.007 274.479 256.356 258.036 275.481 263.125 291.184 549.26 708.498 581.419 266.325 243.544 258.388 273.532 258.171 257.925 259.431 259.849 267.675 254.597 268.566 259.984 271.293 265.9 258.124 250.77 264.124 259.896 250.228 243.878 235.756 235.139 228.122 226.155 216.311 203.587 190.114 176.818 154.935 0 0 0 0 0 
0 0 0 0 0 291.066 277.199 280.502 291.56 269.672 291.006 287.634 276.034 293.997 293.954 298.908 290.42 295.284 305.752 304.696 287.899 298.38 278.894 238.839 262.578 254.802 251.893 322.61 551.499 702.294 506.596 225.896 241.648 258.171 253.945 250.304 258.606 279.447 249.578 272.36 267.919 265.303 254.731 256.784 265.992 245.326 252.865 256.019 254.336 245.135 233.347 242.017 237.188 231.134 220.795 218.505 211.803 201.343 187.253 163.077 0 0 0 0 0 
0 0 0 0 277.002 290.56 281.373 293.126 292.351 289.366 277.479 288.09 278.828 299.361 306.23 327.986 340.227 383.93 424.838 424.978 414.09 420.611 371.574 314.954 343.294 310.79 297.177 383.461 597.688 693.562 388.44 221.816 269 249.998 241.945 266.927 252.311 254.373 244.22 267.88 271.838 251.217 251.052 256.392 265.799 256.927 263.51 255.077 248.847 236.877 244.278 249.991 243.474 233.765 230.068 226.322 211.562 201.478 191.19 175.582 144.809 0 0 0 0 
0 0 0 0 281.556 288.361 278.686 295.237 288.059 302.806 288.501 280.025 273.705 297.128 372.541 477.248 526.542 559.539 565.767 546.317 541.047 553.804 510.793 506.709 520.569 524.208 521.958 540.956 695.746 672.816 361.419 259.186 251.036 253.58 269.139 281.968 253.63 271.435 285.822 275.947 278.994 267.525 277.707 282.683 269.339 269.277 260.961 268.214 258.426 255.953 262.884 259.52 244.753 236.467 243.252 235.348 225.302 217.971 204.775 187.534 170.531 0 0 0 0 
0 0 0 277.184 280.977 290.787 277.398 299.426 299.435 289.809 297.137 285.658 319.758 439.042 573.742 646.914 628.728 628.614 625.859 608.452 630.88 659.408 638.144 683.302 673.003 701.369 693.588 691.952 711.347 695.737 618.397 492.086 378.148 314.305 265.077 277.669 287.257 264.811 264.754 259.193 272.145 289.486 279.601 270.191 272.384 271.577 276.559 284.016 268.55 270.802 273.429 266.676 248.107 255.498 252.926 243.656 237.857 230.093 219.952 208.762 192.42 167.81 0 0 0 
0 0 0 274.164 275.791 290.642 277.745 287.104 298.884 296.792 310.138 398.466 544.721 661.841 701.275 694.384 659.868 666.674 681.997 679.947 699.369 696.316 700.165 714.126 705.921 711.52 706.222 706.546 662.624 712.208 705.141 696.122 638.647 519.304 396.936 320.444 295.255 269.789 309.08 313.089 286.124 289.96 274.128 267.982 302.825 286.145 282.408 274.945 267.402 267.061 273.756 256.678 260.927 269.065 260.047 249.885 240.257 240.615 231.522 217.499 204.258 186.297 0 0 0 
0 0 287.677 274.407 287.136 281.62 289.349 293.184 302.581 371.918 500.425 624.663 707.014 745.068 746.892 720.514 694.358 715.664 727.204 698.337 727.457 705.145 741.359 714.63 741.228 721.437 731.186 693.102 709.763 714.646 734.492 713.655 670.715 679.812 637.997 515.544 382.217 308.941 284.799 258.632 272.724 313.107 302.697 297.244 308.649 286.463 273.256 288.608 276.98 283.196 278.67 270.701 275.515 271.887 261.826 248.875 250.038 245.712 231.101 221.483 214.662 191.705 167.264 0 0 
0 0 299.65 276.972 304.266 276.079 305.366 302.96 393.693 569.963 661.642 706.566 740.19 763.798 754.959 734.269 713.531 737.731 735.317 720.188 752.159 731.679 747.046 739.346 747.555 750.706 732.718 730.129 710.121 728.703 746.81 720.334 714.635 677.419 679.804 681.583 593.328 420.815 301.8 306.821 321.392 307.405 266.22 282.208 298.75 279.083 292.917 301.793 281.955 290.296 289.382 278.319 280.244 273.875 252.87 260.681 262.834 254.069 243.929 233.884 215.814 201.814 190.034 0 0 
0 0 287.494 267.857 308.854 285.256 308.005 407.663 596.926 664.514 682.632 701.306 726.523 725.37 719.956 725.468 719.609 742.137 725.079 740.726 753.129 757.339 731.918 748.262 746.257 740.598 736.315 724.667 733.995 731.835 770.985 769.054 737.872 732.173 710.211 683.497 652.695 635.62 443.607 276.467 285.26 316.312 313.519 303.246 305.939 277.955 299.958 292.359 279.393 287.928 282.19 279.075 278.036 261.9 268.423 274.651 265.67 252.286 241.668 234.597 231.44 222.087 196.411 0 0 
0 0 299.668 266.476 305.01 290.463 359.976 563.353 663.872 667.753 703.183 705.9 703.771 701.374 695.994 726.706 732.529 753.339 740.42 762.719 733.738 745.136 737.83 732.312 728.563 717.017 727.073 728.879 729.218 734.652 750.169 777.003 759.785 733.184 739.983 761.353 700.293 683.556 573.406 397.749 312.407 283.155 310.402 294.199 304.308 281.832 290.589 276.673 272.113 292.142 280.843 279.286 278.246 272.915 274.906 271.941 263.013 250.718 251.309 246.343 237.1 220.947 207.034 0 0 
0 295.162 309.919 281.305 300.145 316.603 506.022 655.395 654.496 671.619 687.05 702.556 700.121 712.717 711.138 743.584 729.564 751.787 727.439 762.516 728.766 740.165 744.719 739.914 720.018 714.515 722.399 730.375 715.758 702.869 730.103 763.764 783.533 759.02 749.697 758.936 736.488 728.865 675.737 581.492 317.257 319.366 309.704 251.813 308.984 291.371 312.807 286.409 302.568 294.499 271.859 281.291 280.498 275.318 283.39 266.689 253.384 260.053 260.02 247.082 228.917 220.861 205.141 181.796 0 
0 284.115 300.821 284.466 297.215 414.841 628.821 658.28 664.803 690.659 696.653 712.029 709.113 714.698 714.483 753.778 716.237 751.238 731.913 742.575 741.387 746.265 740.974 730.353 731.621 726.282 721.673 727.5 731.653 726.584 728.33 752.763 760.068 751.726 759.256 750.579 750.389 729.749 706.516 692.611 545.559 316.063 368.623 295.795 329.192 269.913 306.094 292.811 307.386 287.387 282.916 294.576 276.574 277.094 264.751 260.952 265.584 262.265 253.05 244.095 233.529 226.425 209.673 200.513 0 
0 276.204 298.302 274.232 335.174 544.405 655.653 647.92 662.962 684.757 695.493 723.573 712.736 716.286 729.721 750.237 703.838 747.071 733.624 738.585 736.247 732.954 733.699 729.78 731.815 737.245 722.291 736.538 734.516 723.978 723.862 752.605 784.41 754.565 792.415 745.396 790.565 754.933 763.01 705.138 699.774 436.959 324.508 292.618 326.952 281.609 311.84 279.884 294.961 280.169 304.076 300.767 287.646 287.692 284.667 279.799 283.02 268.537 257.259 249.461 246.179 242.866 229.414 212.222 0 
0 281.174 300.931 279.142 420.571 628.779 650.009 653.925 676.674 696.108 696.076 720 721.594 714.856 720.654 733.526 687.25 733.572 722.556 714.711 691.521 690.528 660.295 650.524 653.902 663.599 709.071 760.419 758.965 743.806 741.536 755.182 798.398 752.153 807.915 765.12 770.92 757.065 770.424 735.57 725.711 610.397 399.05 304.209 341.339 320.023 337.262 303.299 316.428 302.636 311.625 290.69 304.222 301.022 288.714 294.6 291.065 272.642 263.706 269.063 259.343 245.47 230.551 219.554 0 
0 267.287 297.588 303.379 512.936 653.127 654.824 665.639 685.569 700.504 718.972 729.517 736.859 734.206 727.092 745.265 716.881 747.904 734.198 728.803 716.878 624.669 508.724 430.903 369.452 350.296 370.599 439.15 554.98 666.031 718.546 714.487 791.253 739.765 759.494 756.84 783.286 777.203 756.267 766.044 715.016 705.874 489.185 296.031 336.418 299.091 296.725 313.103 306.655 294.321 286.998 281.405 297.463 285.405 281 276.171 269.479 268.21 269.817 260.279 249.27 240.31 228.691 212.941 0 
0 268.742 293.196 357.015 590.231 648.788 662.916 676.775 697.042 713.911 729.95 728.366 744.461 735.982 723.089 759.075 721.148 740.546 740.728 687.749 490.744 344.294 277.879 272.762 262.82 267 270.348 261.478 278.8 392.562 587.292 679.695 769.022 748.138 758.587 740.095 756.789 749.271 735.258 722.742 702.314 687.048 558.814 357.697 295.375 289.752 298.948 314.194 273.403 298.855 285.161 297.337 283.664 267.538 273.332 272.049 269.4 266.797 260.263 249.52 244.901 231.17 219.058 205.81 0 
0 268.75 295.957 423.173 630.71 654.642 668.824 675.657 697.625 707.876 719.537 731.366 737.594 743.846 726.591 763.938 723.713 760.558 658.246 406.874 279.875 278.971 290.093 270.506 262.029 272.334 270.755 265.815 258.684 252.47 332.461 523.711 763.096 791.984 771.438 754.686 738.335 760.341 769.825 757.66 756.31 700.857 646.467 409.28 286.981 301.382 268.123 284.394 274.359 292.121 282.241 287.88 263.735 275.556 278.591 267.759 275.019 266.792 253.665 248.411 241.071 235.87 232.044 218.867 0 
0 264.704 304.084 485.012 642.899 660.263 665.413 678.57 710.501 719.49 728.45 738.296 735.517 747.61 741.243 747.641 736.146 698.873 412.618 265.983 284.005 276.447 283.136 271.397 255.075 261.191 264.644 256.569 250.055 250.469 234.945 274.485 616.491 886.229 784.789 765.467 767.303 793.03 735.169 748.89 723.774 722.891 673.581 492.209 336.629 312.274 278.868 297.088 313.786 280.697 283.536 274.673 281.2 287.506 268.836 258.004 261.572 252.137 246.517 249.751 254.189 238.278 224.681 210.217 0 
0 276.633 332.455 538.468 647.47 664.11 677.941 686.754 710.447 720.765 741.424 730.894 745.027 751.474 757.985 724.892 743.393 530.689 279.936 282.948 280.742 281.079 283.476 274.462 272.199 269.375 269.458 270.228 260.789 256.744 257.616 257.933 477.528 742.33 805.92 765.668 724.63 759.133 768.201 764.619 754.048 702.431 669.923 549.021 301.885 294.424 319.321 288.286 289.576 277.142 303.1 283.043 299.148 274.773 264.66 274.233 265.017 258.393 262.101 255.364 238.634 230.387 228.716 216.51 0 
0 275.779 356.527 582.574 651.916 659.016 678.884 691.917 710.065 725.903 744.538 741.316 742.802 740.111 770.717 726.668 704.954 376.986 274.956 280.981 281.4 278.142 286.451 271.721 272.226 269.965 276.142 270.908 264.031 263.549 266.901 260.895 402.254 690.735 723.337 737.699 786.531 754.557 732.483 754.438 738.223 732.615 705.362 586.247 352.714 307.026 276.619 275.826 276.585 301.152 286.476 294.747 274.662 264.834 276.807 275.6 268.408 269.532 262.06 250.185 244.101 236.748 226.567 211.228 0 
0 279.621 363.007 608.144 660.297 671.17 675.263 694.357 713.506 731.191 734.407 745.991 746.054 740.478 772.388 727.323 631.508 306.524 287.196 276.604 287.268 278.7 283.502 290.429 267.977 273.851 289.148 278.777 269.124 274.721 270.529 273.562 345.916 649.774 697.939 710.438 742.061 745.366 773.551 744.114 743.059 696.934 685.176 654.336 376.886 293.47 299.586 307.452 289.699 280.701 258.02 272.556 268.603 288.31 281.222 270.606 273.446 266.776 253.803 247.362 244.219 239.504 228.458 219.172 0 
0 296.49 380.409 622.624 652.402 664.104 693.388 708.404 711.995 723.251 739.737 738.624 751.081 755.103 749.678 757.881 561.925 290.782 283.274 283.61 284.135 277.779 279.398 295.845 280.421 262.824 280.233 284.494 269.492 268.286 263.552 274.878 328.993 617.5 736.145 751.081 719.21 728.963 754.348 770.147 746.516 720.296 694.159 627.515 397.198 309.967 301.746 283.156 286.996 272.241 301.18 273.899 290.225 273.056 260.591 272.422 260.092 250.772 259.021 260.927 253.189 243.941 231.583 219.886 0 
0 307.256 375.652 629.052 652.453 668.915 683.236 702.842 720.412 743.915 729.414 739.257 739.682 769.449 744.933 779.428 527.56 289.544 288.319 284.284 286.877 281.788 278.463 288.335 291.438 269.527 281.655 290.073 282.157 276.086 280.391 293.7 345.948 619.375 714.561 721.052 728.454 729.56 723.928 742.181 747.027 709.598 689.967 665.488 411.396 276.47 282.095 295.492 290.434 301.906 276.528 291.863 278.442 262.836 276.153 271.568 269.708 262.373 254.247 252.121 240.138 237.514 231.432 224.341 0 
0 333.444 376.35 639.304 655.132 667.55 678.853 695.534 711.047 736.715 733.728 744.206 739.324 752.099 757.839 780.575 566.431 289.775 299.957 274.822 293.303 284.461 281.003 284.76 289.205 274.353 279.218 278.868 273.302 266.771 288.856 283.993 357.248 638.853 722.448 732.626 734.099 727.762 747.802 730.939 716.863 740.155 688.919 641.641 417.108 302.642 304.91 292.236 277.814 277.923 276.657 286.363 276.551 290.824 277.139 272.652 271.756 265.234 259.561 250.848 237.609 231.06 221.216 218.347 0 
0 360.787 374.816 596.928 660.743 669.899 691.706 700.147 711.448 724.628 741.572 745.744 754.749 738.052 754.011 773.975 681.116 294.988 296.754 276.232 286.632 282.728 281.144 286 289.781 285.55 274.767 290.824 279.72 259.206 289.826 277.222 419.284 689.555 718.792 727.668 728.923 731.104 732.748 739.484 737.86 696.373 679.646 666.773 424.128 280.7 288.14 274.777 292.589 279.428 292.594 278.528 292.308 281.696 270.235 275.356 265.943 255.897 251.066 249.84 241.968 239.711 229.89 214.334 0 
0 0 370.109 582.055 660.399 665.528 681.42 699.749 711.383 740.483 745.995 732.877 754.141 749.671 760.75 737.42 762.189 429.874 268.13 297.74 281.666 286.397 283.784 291.217 289.41 294.149 271.6 283.587 291.991 272.344 295.735 288.327 534.26 714.261 722.933 731.213 726.923 738.105 723.025 746.497 735.742 704.057 667.519 621.649 372.659 300.9 299.887 300.277 289.053 296.994 269.549 289.179 270.877 262.498 273.753 274.365 267.25 257.184 256.707 259.084 247.386 235.415 226.272 0 0 
0 0 347.739 540.869 659.652 673.56 676.468 694.983 716.628 716.819 742.094 744.705 751.239 752.68 763.733 745.816 758.215 660.362 284.747 295.702 281.751 288.605 281.77 293.603 288.225 295.804 280.301 278.97 282.636 281.985 293.002 370.922 674.405 723.695 722.069 715.516 716.538 750.387 744.898 730.435 710.934 702.771 689.459 616.861 359.248 288.705 293.197 283.568 279.425 271.829 289.145 268.657 276.063 282.828 271.622 262.408 264.987 271.396 265.057 251.336 244.611 236.137 233.556 0 0 
0 0 355.249 500.228 648.871 661.069 680.182 692.719 700.335 723.007 735.237 737.973 740.943 750.89 755.53 757.128 754.694 762.988 529.061 296.95 279.29 290.087 290.77 283.371 284.019 295.314 283.993 277.011 284.239 275.966 315.171 572.788 727.472 723.763 721.788 732.759 746.917 748.462 723.349 742.79 729.973 691.735 671.625 557.634 319.115 277.775 288.077 292.53 283.868 297.321 278.347 289.847 290.101 269.931 269.247 276.632 267.677 259.685 255.151 245.015 249.346 242.748 234.197 0 0 
0 0 372.095 445.117 610.178 664.055 668.527 690.244 709.779 710.628 728.549 740.872 736.836 747.482 744.706 752.276 759.118 748.701 773.251 515.349 354.627 269.292 286.211 283.024 284.556 293.412 294.499 282.999 279.275 315.506 542.183 723.351 730.935 737.733 725.349 720.799 729.372 721.037 727.312 721.551 703.779 688.809 673.697 527.97 308.47 299.864 292.569 283.68 303.409 282.087 288.446 286.186 268.141 273.346 279.846 267.677 259.938 256.263 252.134 246.575 242.589 231.333 228.247 0 0 
0 0 0 355.83 586.406 660.38 665.448 685.03 708.566 721.32 729.615 740.996 740.758 746.636 749.53 751.034 761.916 746.922 784.852 758.665 637.357 495.153 392.378 324.621 307.879 294.024 282.248 285.773 396.47 593.966 726.86 744.331 742.633 745.362 732.681 741.558 763.497 755.936 754.229 731.972 705.994 676.073 646.177 443.218 275.575 290.262 279.836 291.51 275.39 294.683 277.3 273.243 287.645 280.779 272.185 261.24 267.724 266.958 258.531 249.011 242.508 238.972 0 0 0 
0 0 0 389.742 515.533 633.058 661.756 675.063 678.757 710.393 705.108 717.124 720.957 722.66 728.971 728.677 729.233 721.735 727.829 711.721 715.153 641.813 644.926 563.335 514.8 507.602 538.346 640.792 760.981 786.769 780.585 780.036 780.711 769.962 749.905 759.559 757.023 748.862 753.669 727.225 718.799 691.685 635.151 394.477 312.942 312.369 310.512 310.602 312.344 291.337 303.674 307.307 301.029 293.627 292.393 289.529 286.928 281.704 269.422 267.042 256.377 252.681 0 0 0 
0 0 0 0 400.87 611.887 654.825 666.034 684.158 690.859 708.399 720.75 725.019 732.679 727.905 729.782 730.014 729.93 736.119 737.795 714.952 726.539 681.171 735.804 733.012 758.23 794.462 814.792 804.12 786.836 788.002 776.313 770.384 770.602 767.521 781.028 780.594 780.297 770.527 737.027 720.215 693.258 543.415 337.631 321.535 302.431 312.66 301.532 297.365 301.939 299.174 287.619 291.791 295.246 288.748 286.343 274.96 268.141 267.424 262.441 258.655 0 0 0 0 
0 0 0 0 402.988 538.364 638.741 658.223 679.754 683.826 706.679 709.105 725.395 726.991 741.153 725.754 743.22 733.288 731.918 766.308 722.627 756.87 743.318 736.254 760.748 777.868 735.709 761.851 799.676 765.875 759.052 757.694 777.685 782.239 755.836 750.407 741.531 738.761 718.48 703.847 691.394 644.054 427.813 316.916 317.998 311.2 303.788 309.963 310.765 292.07 292.4 303.199 301.623 289.539 283.967 279.183 278.576 271.254 269.345 264.066 256.587 0 0 0 0 
0 0 0 0 0 393.273 615.582 659.143 667.889 678.173 694.97 701.707 721.7 722.775 732.825 736.982 746.346 737.896 737.954 757.593 723.92 748.679 741.376 757.732 729.784 759.69 770.24 759.119 754.009 732.787 778.542 768.162 747.311 740.846 736.811 758.013 754.268 755.598 721.609 707.382 672.149 532.495 328.428 304.197 294.399 297.619 295.732 293.498 291.077 305.336 297.883 288.018 278.052 279.278 286.517 287.843 279.242 272.556 261.908 256.454 0 0 0 0 0 
0 0 0 0 0 416.716 502.452 643.663 659.265 672.202 668.098 693.913 717.292 715.758 729.596 733.347 757.696 732.088 746.239 750.989 739.086 742.47 730.799 762.972 740.109 734.445 738.193 783.18 777.41 743.199 743.768 756.367 762.995 767.654 747.766 741.599 716.19 720.442 697.344 696.841 609.131 402.85 312.081 315.534 298.872 305.302 284.501 300.982 294.376 282.782 282.41 281.529 288.478 284.564 275.294 266.047 265.038 264.251 258.846 257.561 0 0 0 0 0 
0 0 0 0 0 0 417.868 555.064 648.614 666.304 680.599 693.87 693.21 707.888 717.953 720.733 744.517 739.76 757.483 752.763 762.316 731.09 721.166 746.138 747.001 747.393 732.145 778.09 753.024 764.251 770.744 755.722 737.516 749.54 748.231 747.697 719.538 703.626 677.138 639.566 448.322 310.924 309.029 311.091 296.52 313.299 296.811 284.617 292.665 297.26 298.174 284.624 276.07 273.007 269.88 267.113 264.327 262.343 266.282 0 0 0 0 0 0 
0 0 0 0 0 0 0 387.039 593.316 646.532 662.576 675.955 679.403 708.117 701.901 718.84 724.048 726.924 758.305 743.51 775.941 747.321 731.803 734.753 737.942 756.459 753.672 774.08 738.692 763.905 760.494 755.559 746.825 733.928 713.341 709.869 699.154 685.221 665.303 513.871 340.079 293.624 298.233 298.108 289.911 283.577 302.918 295.557 299.781 281.383 276.606 280.737 281.169 278.263 271.196 272.142 262.497 257.377 0 0 0 0 0 0 0 
0 0 0 0 0 0 0 0 405.274 577.08 659.501 670.975 671.775 683.096 691.233 704.98 714.206 713.972 729.096 737.579 770.518 737.112 731.091 732.171 736.492 746.657 763.698 763.237 718.732 763.407 741.345 737.199 731.226 728.02 706.785 681.468 676.447 646.311 521.798 348.664 310.911 302.861 305.513 300.699 305.649 290.792 289.891 279.725 278.719 289.018 285.704 287.832 283.348 274.008 272.379 265.471 265.297 0 0 0 0 0 0 0 0 
0 0 0 0 0 0 0 0 395.19 424.759 585.537 647.414 663.961 675.165 676.449 687.534 700.691 707.129 717.029 726.145 755.495 736.67 725.442 717.723 726.208 744.725 766.203 764.962 718.225 738.419 706.984 720.006 711.684 703.097 686.749 679.692 640.266 497.685 347.819 292.749 307.349 298.187 297.92 290.601 293.907 293.446 292.1 292.139 286.939 286.098 280.258 274.648 272.944 267.933 264.393 261.812 266.646 0 0 0 0 0 0 0 0 
0 0 0 0 0 0 0 0 0 372.77 413.994 539.376 645.225 670.183 668.03 675.137 677.29 691.742 690.176 713.378 745.023 713.988 723.432 692.144 716.875 723.762 759.866 717.327 714.908 717.97 684.84 708.334 690.973 683.378 667.67 614.061 468.447 332.986 298.53 289.041 293.314 288.066 299.224 300.552 298.82 295.669 279.607 284.575 274.848 275.365 270.418 266.477 272.208 268.897 270.887 265.819 0 0 0 0 0 0 0 0 0 
0 0 0 0 0 0 0 0 0 0 365.408 348.603 456.036 600.895 658.034 661.406 672.724 667.326 666.974 701.498 718.123 709.674 696.659 671.692 705.904 713.53 738.912 677.435 696.822 681.958 658.764 676.499 658.814 635.75 546.963 401.134 311.083 288.98 304.714 300.216 296.097 282.533 279.405 277.395 281.027 291.224 287.916 289.238 285.421 283.182 284.399 274.482 264.05 264.21 267.019 0 0 0 0 0 0 0 0 0 0 
0 0 0 0 0 0 0 0 0 0 0 367.88 322.089 366.784 472.137 589.192 643.059 660.657 667.715 687.349 701.941 699.476 679.545 663.575 681.135 696.601 679.433 641.38 657.381 652.424 636.964 604.622 507.953 420.692 334.83 288.399 294.794 280.987 293.106 298.593 296.736 299.977 290.062 286.982 286.956 288.844 281.303 270.436 269.859 265.751 267.575 266.075 264.533 264.085 0 0 0 0 0 0 0 0 0 0 0 
0 0 0 0 0 0 0 0 0 0 0 0 0 304.913 325.997 355.678 440.79 503.414 560.857 613.427 657.19 691.404 701.572 697.457 711.737 715.882 554.338 515.799 508.713 483.637 410.456 345.864 274.778 268.523 264.856 262.871 270.102 257.359 260.474 256.449 251.813 270.676 264.237 263.329 261.144 264.847 269.991 260.357 264.052 256.355 254.643 257.468 0 0 0 0 0 0 0 0 0 0 0 0 0 
0 0 0 0 0 0 0 0 0 0 0 0 0 0 350.991 333.896 358.704 371.38 373.415 393.198 417.489 511.234 666.769 689.928 710.251 715.612 364.934 320.818 278.446 258.655 228.777 247.072 239.127 241.342 241.18 242.625 250.382 250.701 251.946 264.568 254.565 261.604 254.819 254.052 254.764 247.764 247.226 241.823 241.243 241.545 245.598 0 0 0 0 0 0 0 0 0 0 0 0 0 0 
0 0 0 0 0 0 0 0 0 0 0 0 0 0 0 347.277 290.337 296.706 313.218 311.084 244.356 413.116 652.072 666.444 687.157 637.37 332.403 256.357 258.966 256.639 256.758 275.644 268.534 270.568 264.112 260.624 262.32 257.466 254.596 261.88 250.18 254.129 255.505 254.524 259.615 262.125 258.802 255.026 252.019 253.574 0 0 0 0 0 0 0 0 0 0 0 0 0 0 0 
0 0 0 0 0 0 0 0 0 0 0 0 0 0 0 0 0 287.302 248.182 279.587 293.146 443.902 642.732 694.158 721.554 559.974 322.227 252.047 278.331 281.757 280.945 275.851 261.268 261.922 265.238 260.776 272.182 278.262 271.517 274.333 270.928 271.38 271.187 262.107 259.824 261.318 264.876 269.17 0 0 0 0 0 0 0 0 0 0 0 0 0 0 0 0 0 
0 0 0 0 0 0 0 0 0 0 0 0 0 0 0 0 0 0 0 248.79 238.005 373.617 656.786 729.249 726.389 450.935 313.385 279.762 267.593 261.956 265.179 280.304 286.855 291.259 290.317 274.895 263.407 267.291 263.915 270.113 268.321 265.238 275.497 268.786 272.03 274.007 0 0 0 0 0 0 0 0 0 0 0 0 0 0 0 0 0 0 0 
0 0 0 0 0 0 0 0 0 0 0 0 0 0 0 0 0 0 0 0 0 308.752 548.286 692.754 688.103 402.903 321.116 281.395 292.68 296.965 297.825 290.681 275.561 270.143 281.845 280.235 279.299 283.023 277.084 278.348 280.652 270.74 281.594 265.712 0 0 0 0 0 0 0 0 0 0 0 0 0 0 0 0 0 0 0 0 0 
0 0 0 0 0 0 0 0 0 0 0 0 0 0 0 0 0 0 0 0 0 0 0 0 0 305.782 282.489 252.492 264.05 260.621 276.219 292.166 300.98 292.284 294.501 279.147 279.148 280.829 284.929 285.844 0 0 0 0 0 0 0 0 0 0 0 0 0 0 0 0 0 0 0 0 0 0 0 0 0 
0 0 0 0 0 0 0 0 0 0 0 0 0 0 0 0 0 0 0 0 0 0 0 0 0 0 0 0 0 0 0 0 0 0 0 0 0 0 0 0 0 0 0 0 0 0 0 0 0 0 0 0 0 0 0 0 0 0 0 0 0 0 0 0 0 
