0 0 0 0 0 0 0 0 0 0 0 0 0 0 0 0 0 0 0 0 0 0 0 0 0 0 0 0 0 0 0 0 0 0 0 0 0 0 0 0 0 0 0 0 0 0 0 0 0 0 0 0 0 0 0 0 0 0 0 0 0 0 0 0 0 
0 0 0 0 0 0 0 0 0 0 0 0 0 0 0 0 0 0 0 0 0 0 0 0 0 147.386 153.155 136.606 159.356 137.366 149.535 137.164 150.837 139.764 139.245 148.505 135.775 141.77 140.581 136.588 0 0 0 0 0 0 0 0 0 0 0 0 0 0 0 0 0 0 0 0 0 0 0 0 0 
0 0 0 0 0 0 0 0 0 0 0 0 0 0 0 0 0 0 0 0 0 144.856 142.19 160.127 138.121 153.121 149.859 136.689 157.574 138.043 148.858 142.112 152.503 143.056 141.567 150.498 139.624 147.151 144.727 140.678 141.392 132.539 139.264 131.492 0 0 0 0 0 0 0 0 0 0 0 0 0 0 0 0 0 0 0 0 0 
0 0 0 0 0 0 0 0 0 0 0 0 0 0 0 0 0 0 0 147.163 148.184 147.852 144.626 151.863 140.261 150.646 151.475 148.949 154.897 143.286 145.81 146.571 152.227 144.057 146.311 149.5 146.905 150.394 146.164 143.375 141.972 138.097 137.45 137.97 142.499 131.215 0 0 0 0 0 0 0 0 0 0 0 0 0 0 0 0 0 0 0 
0 0 0 0 0 0 0 0 0 0 0 0 0 0 0 0 0 152.273 151.06 149.43 141.308 146.72 155.539 152.955 144.699 155.322 157.993 152.766 151.147 145.647 145.58 151.161 150.663 146.243 147.541 148.965 154.376 150.579 145.4 146.224 142.447 140.582 141.885 146.093 140.604 136.751 138.763 129.852 0 0 0 0 0 0 0 0 0 0 0 0 0 0 0 0 0 
0 0 0 0 0 0 0 0 0 0 0 0 0 0 0 152.303 154.501 147.459 148.703 149.871 147.505 152.624 155.273 153.012 145.233 158.954 162.581 154.671 152.385 151.721 156.919 153.336 152.906 148.583 152.415 154.286 154.188 148.734 140.929 149.348 144.698 145.521 149.162 144.61 140.351 142.465 140.618 133.702 134.81 130.616 0 0 0 0 0 0 0 0 0 0 0 0 0 0 0 
0 0 0 0 0 0 0 0 0 0 0 0 0 0 153.701 145.012 162.865 144.32 153.736 155.67 147.116 156.938 155.953 156.163 144.771 157.646 157.733 155.434 151.984 162.457 153.853 143.898 150.278 150.503 160.691 151.885 154.573 146.981 144.907 156.293 143.893 150.606 149.091 145.114 140.54 144.397 141.847 139.729 136.934 137.033 135.605 0 0 0 0 0 0 0 0 0 0 0 0 0 0 
0 0 0 0 0 0 0 0 0 0 0 0 0 157.406 149.206 146.377 160.68 148.816 155.136 157.878 158.258 157.999 156.284 148.099 158.656 164.334 158.546 156.078 150.98 172.15 148.312 151.142 157.265 158.855 163.382 148.966 159.339 146.515 157.22 154.529 146.847 146.908 146.537 148.704 144.8 150.446 148.238 140.917 140.151 140.214 135.48 131.546 0 0 0 0 0 0 0 0 0 0 0 0 0 
0 0 0 0 0 0 0 0 0 0 0 147.362 152.193 150.284 156.951 150.058 167.402 147.06 150.73 157.737 169.557 153.113 157.187 146.615 168.231 157.134 155.268 162.836 157.174 171.101 142.018 158.52 159.294 153.937 155.178 147.555 160.037 157.04 159.539 149.995 148.506 144.353 148.007 150.689 155.239 151.139 142.756 139.384 140.367 140.327 136.874 135.331 141.115 127.013 0 0 0 0 0 0 0 0 0 0 0 
0 0 0 0 0 0 0 0 0 0 145.895 157.3 152.085 146.399 151.453 152.977 165.227 159.332 168.789 198.326 167.47 155.638 165.277 162.658 161.442 153.943 164.628 176.785 149.442 156.385 143.776 165.31 166.564 149.97 147.5 154.389 162.378 156.579 154.245 143.924 147.624 153.592 157.649 155.8 152.893 141.957 148.496 140.37 144.256 142.759 140.65 145.927 139.39 129.206 128.053 0 0 0 0 0 0 0 0 0 0 
0 0 0 0 0 0 0 0 0 148.641 152.721 155.917 155.201 150.058 151.337 149.136 160.069 147.782 163.252 263.27 198.778 139.765 167.315 168.092 155.276 150.995 167.273 166.646 147.611 160.266 158.64 161.861 161.207 148.618 164.931 159.277 156.166 154.991 149.971 147.2 163.262 163.21 161.995 148.503 145.332 145.673 149.152 139.396 153.929 151.901 146.57 145.11 134.231 138.087 135.927 134.159 0 0 0 0 0 0 0 0 0 
0 0 0 0 0 0 0 0 149.542 154.646 155.983 154.872 154.275 152.156 153.416 157.262 160.502 151.568 144.063 209.266 246.481 159.078 162.405 148.343 155.434 176.68 163.849 158.854 155.214 164.566 145.426 154.735 151.807 157.342 155.729 150.039 154.423 154.526 159.993 155.94 169.02 160.231 148.522 144.167 148.889 157.942 156.953 157.104 158.88 143.02 144.555 147.633 137.627 141.296 138.54 130.23 131.845 0 0 0 0 0 0 0 0 
0 0 0 0 0 0 0 0 158.554 148.775 157.065 159.347 151.839 153.849 157.342 162.533 161.324 159.528 171.325 165.105 214.155 259.617 202.246 162.528 174.088 173.473 172.499 189.692 145.651 140.39 150.034 173.602 172.427 166.07 152.188 173.678 164.418 172.126 167.741 163.108 168.394 145.81 145.834 161.556 159.822 167.12 153.385 147.322 141.932 138.076 150.893 141.863 136.281 141.711 133.897 131.075 133.439 0 0 0 0 0 0 0 0 
0 0 0 0 0 0 0 158.981 157.074 150.702 158.249 157.322 153.895 150.281 155.089 171.049 150.473 153.504 159.438 147.827 145.703 214.166 221.66 226.643 233.395 215.443 245.739 276.752 238.506 217.911 174.866 166.845 152.73 161.37 164.393 171.519 148.089 153.383 145.921 149.317 154.905 155.002 159.79 159.816 154.998 163.36 145.245 152.141 147.018 155.609 153.74 144.411 150.477 144.564 137.965 150.58 142.8 136.113 0 0 0 0 0 0 0 
0 0 0 0 0 0 156.202 155.484 157.688 157.786 163.93 168.34 157.911 155.135 159.884 177.322 152.912 176.223 156.852 153.576 162.827 146.382 178.782 176.071 171.993 201.546 174.798 152.588 192.049 271.828 190.232 151.586 180.39 182.998 164.69 154.85 148.352 168.435 168.778 180.792 186.892 166.858 164.985 154.467 158.006 153.76 147.433 145.587 148.832 157.141 150.602 146.303 145.56 133.537 142.78 143.678 131.678 128.075 129.036 0 0 0 0 0 0 
0 0 0 0 0 150.852 155.25 156.225 151.414 152.781 154.071 163.703 152.005 149.369 160.105 157.188 146.236 179.657 151.085 168.902 147.276 155.322 175.881 144.09 176.103 161.164 155.755 182.494 154.549 179.328 226.048 192.962 164.815 148.302 143.468 161.836 168.121 171.918 152.519 153.889 144.715 136.575 146.511 137.598 150.205 153.331 158.957 154.141 169.099 163.432 153.137 152.097 142.88 146.939 155.202 143.546 130.373 134.88 132.547 124.741 0 0 0 0 0 
0 0 0 0 0 159.7 155.073 156.835 154.669 153.182 159.334 165.593 163.766 155.168 170.426 149.644 156.789 166.098 158.687 173.205 140.489 185.154 147.382 165.904 161.076 173.161 163.486 154.093 167.102 165.271 165.742 217.173 182.038 167.335 163.309 164.449 141.653 137.855 140.052 165.528 167.011 168.982 154.944 162.465 165.73 150.282 149.413 140.987 144.735 136.782 140.333 139.795 139.326 149.645 146.251 129.428 136.81 137.398 132.088 130.101 0 0 0 0 0 
0 0 0 0 155.674 160.346 157.871 153.331 156.319 153.609 164.655 163.023 163.773 164.807 170.915 151.063 178.497 146.367 176.242 144.709 166.4 159.412 172.44 152.736 185.11 165.168 153.69 184.48 151.273 155.471 163.898 238.978 149.277 139.445 156.994 166.557 145.114 163.708 164.856 169.056 152.046 143.701 135.801 155.678 140.085 146.255 142.888 153.372 154.159 142.603 148.143 131.273 144.749 143.069 131.21 129.329 130.969 123.169 127.671 125.496 120.757 0 0 0 0 
0 0 0 0 152.319 158.518 163.215 164.646 158.413 159.205 167.392 164.138 159.884 166.337 161.442 163.807 170.788 165.512 165.683 168.146 173.209 202.151 177.395 169.441 194.091 168.968 162.587 171.249 115.01 159.52 196.301 228.7 158.561 144.979 126.714 129.189 120.74 134.494 126.452 132.198 127.728 143.73 146.8 156.352 140.731 139.257 136.147 150.52 144.276 147.433 135.073 150.198 154.301 148.193 134.154 133.589 131.251 133.494 132.819 124.674 115.875 0 0 0 0 
0 0 0 154.297 155.003 158.697 159.934 160.718 163.456 167.225 183.108 172.664 159.313 181.668 157.682 182.009 168.767 185.9 203.634 178.485 194.304 220.974 239.567 267.183 320.628 316.162 352.518 360.921 317.033 349.375 252.072 171.542 148.384 136.487 137.393 173.911 161.853 146.867 146.225 157.276 145.912 149.044 146.833 134.764 129.805 146.173 145.3 144.017 135.811 139.615 133.671 139.15 131.885 126.204 128.725 130.57 131.895 137.019 131.295 123.594 122.947 122.562 0 0 0 
0 0 0 156.62 152.028 153.727 166.009 158.206 154.195 148.802 167.851 162.404 155.218 173.73 151.724 156.29 168.745 166.08 189.287 200.416 281.979 376.213 443.112 502.229 526.005 541.838 550.811 556.393 568.814 536.614 489.943 454.612 332.072 250.808 196.302 172.043 134.347 142.337 163.839 166.363 151.086 174.669 174.512 166.712 164.376 181.491 183.431 161.827 154.003 163.591 161.865 156.868 156.153 152.243 149.157 150.981 154.36 150.254 136.386 138.874 139.197 137.12 0 0 0 
0 0 155.702 161.014 152.746 155.931 167.518 161.371 160.589 159.189 174.588 152.912 171.742 162.876 170.709 163.373 171.697 210.57 333.023 435.744 534.426 557.129 564.109 591.582 560.09 587.667 581.097 600.714 574.933 565.684 579.28 561.831 546.869 516.35 391.043 275.819 202.439 193.091 208.824 169.413 149.223 178.81 170.632 154.209 162 180.626 166.186 149.732 167.759 173.42 173.002 165.031 159.926 161.21 163.163 166.459 166.881 153.228 151.791 153.249 146.859 147.844 138.761 0 0 
0 0 166.121 159.633 166.5 155.44 167.136 167.046 161.446 155.767 171.642 147.131 175.579 156.774 168.713 168.715 265.538 428.285 543.37 554.245 589.005 568.093 578.649 586.167 600.736 601.401 598.587 614.309 590.133 606.439 587.6 610.816 575.777 555.945 558.4 522.78 347.322 199.601 182.704 168.858 177.783 227.063 189.98 150.995 184.349 181.263 149.822 161.436 187.791 171.818 157.285 155.886 166.604 173.679 172.653 165.203 149.491 146.17 148.953 151.036 155.648 149.411 144.992 0 0 
0 0 159.886 156.55 160.174 158.76 164.035 176.97 163.304 162.832 177.338 142.921 178.973 170.232 182.305 305.004 492.91 566.926 590.284 569.814 593.347 564.971 618.382 601.91 612.024 587.506 601.741 591.713 611.479 588.126 623.242 616.24 602.667 587.529 579.884 588.612 527.885 415.725 293.833 183.25 143.975 182.526 158.913 163.599 213.68 192.287 162.034 193.895 199.731 172.624 167.636 166.036 161.196 156.383 161.874 159.704 157.334 160.002 160.17 161.875 152.024 147.182 140.629 0 0 
0 0 161.145 158.552 160.363 165.529 158.765 168.475 161.27 152.627 178.15 166.755 163.791 192.848 347.205 507.304 571.321 576.303 585.682 586.268 616.169 593.557 614.916 580.364 586.16 603.846 581.139 579.77 584.086 592.619 600.637 633.07 614.564 585.04 599.603 642.416 562.007 540.028 450.505 199.771 201.564 237.682 169.857 175.675 193.662 155.797 159.738 201.121 180.469 160.55 167.94 187.239 185.409 179.369 165.511 153.609 156.891 163.422 168.667 162.08 152.229 145.532 143.439 0 0 
0 161.123 161.333 163.957 161.15 161.95 163.972 169.439 161.088 156.833 166.125 165.286 179.345 334.99 532.176 562.118 579.066 595.916 600.178 604.816 601.765 589.987 596.086 603.497 583.693 588.773 601.602 596.712 589.928 582.224 593.146 624.993 653.863 612.3 581.912 643.996 589.407 596.479 591.91 440.027 190.804 172.816 205.295 189.517 186.583 151.315 185.394 194.092 166.619 173.449 200.182 181.546 169.714 173.217 178.445 184.264 183.298 173.758 166.002 155.153 153.668 159.039 160.656 158.906 0 
0 164.199 160.219 160.086 164.642 162.205 167.034 174.657 154.407 163.143 172.52 178.154 297.2 500.831 563.45 572.618 574.7 607.214 594.342 589.855 566.642 600.211 571.532 581.684 579.075 578.638 571.08 573.193 558.264 546.797 494.669 441.524 521.775 600.647 616.111 657.155 622.603 616.333 586.917 545.481 433.081 134.774 236.871 193.375 208.057 202.735 208.399 195.682 164.847 191.623 205.144 185.639 180.784 172.905 172.39 179.84 182.459 179.104 166.895 162.568 158.503 156.658 161.994 153.487 0 
0 162.489 160.271 162.987 166.323 160.39 156.099 178.245 160.223 169.904 158.349 250.306 476.461 563.256 585.36 612.228 588.958 614.152 582.06 586.943 586.465 588.107 576.535 578.163 577.296 584.454 605.525 622.285 626.869 598.787 356.778 213.972 251.584 310.272 482.817 615.115 614.882 605.675 590.899 574.666 521.419 279.104 189.894 152.584 184.448 179.856 184.661 161.048 164.92 201.446 161.583 142.873 166.179 181.255 168.44 164.197 159.302 149.494 154.495 166.571 164.831 169.674 156.32 144.721 0 
0 166.603 154.837 160.246 159.319 162.536 154.581 173.027 161.37 166.179 177.03 389.728 551.556 569.413 590.434 610.013 576.389 588.803 575.762 593.359 573.281 563.086 556.897 522.169 463.809 418.905 397.311 396.277 468.826 526.182 397.241 193.775 177.131 186.491 205 416.062 609.976 612.429 587.255 568.022 542.097 461.411 199.408 154.014 202.637 167.387 170.943 178.654 196.514 179.125 158.234 177.69 180.064 162.361 171.106 168.967 159.228 150.819 159.215 162.485 165.902 157.529 151.584 148.654 0 
0 167.077 163.721 164.31 162.472 170.864 157.847 170.83 172.059 181.16 285.729 524.04 575.016 597.84 612.829 618.818 586.931 606.163 604.153 601.043 602.591 561.208 433.873 294.935 214.209 185.932 170.45 169.156 149.103 191.734 352.042 392.148 228.067 215.58 116.865 284.733 400.693 611.339 625.708 551.251 574.397 504.756 296.775 159.672 175.758 121.949 180.984 149.205 162.496 155.603 149.389 170.382 164.153 156.91 143.159 140.879 151.634 156.712 159.413 154.838 138.482 133.799 140.129 139.178 0 
0 164.034 168.445 176.192 161.849 155.158 160.054 165.242 173.028 191.274 395.956 563.774 576.009 606.381 612.073 610.745 593.833 609.587 586.397 600.739 531.426 303.876 175.726 146.154 150.117 158.402 167.844 146.323 146.215 140.524 165.532 304.594 351.015 319.334 129.08 173.031 250.165 462.29 593.336 568.804 623.652 521.758 462.621 190.267 179.566 149.243 176.773 144.299 165.861 143.759 184.42 167.741 138.352 151.18 163.612 158.792 151.957 154.802 156.3 148.405 135.82 133.179 130.277 125.845 0 
0 163.284 155.764 161.854 170.487 162.783 157.007 163.524 178.871 236.938 502.097 580.766 591.318 601.142 610.032 610.037 608.307 591.227 599.22 543.28 288.205 162.891 156.542 156.586 158.767 165.57 163.251 144.056 142.374 152.406 155.886 164.482 277.958 402.302 218.481 127.626 217.651 398.16 542.732 556.03 546.872 576.714 491.402 248.55 206.645 158.169 164.487 156.351 164.472 165.78 167.545 144.879 151.208 160.65 161.998 162.141 169.256 155.481 131.843 134.535 141.529 147.474 146.272 145.435 0 
0 160.234 157.904 165.725 171.264 175.284 173.605 155.753 184.464 306.354 541.442 569.76 599.164 604.942 604.411 609.567 615.945 574.567 589.271 344.25 172.015 163.474 154.152 150.138 156.502 166.696 156.954 162.104 142.252 153.147 150.119 101.776 158.693 292.801 349.006 196.567 98.5088 226.782 535.856 586.587 562.729 579.683 493.507 366.768 147.576 174.041 139.304 175.95 153.119 169.84 153.185 148.519 176.102 168.596 154.943 153.898 149.061 139.723 140.699 147.532 150.436 148.902 150.447 148.469 0 
0 164.766 166.534 168.061 162.398 161.15 167.978 161.289 199.285 362.193 561.525 581.059 599.036 612.823 609.457 598.014 622.104 570.778 497.059 203.971 164.9 154.75 148.642 156.55 153.475 156.764 162.753 154.842 143.406 151.241 154.308 124.592 99.8166 229.83 337.509 205.469 204.53 144.788 394.011 563.105 591.558 541.476 578.595 383.594 175.8 195.119 143.274 161.867 143.78 153.478 146.742 179.24 160.17 150.232 156.634 150.601 139.972 144.982 158.837 163.061 157.102 141.044 135.348 133.689 0 
0 157.566 157.455 162.675 165.7 167.799 174.653 161.003 209.807 404.241 558.337 579.89 601.449 613.803 605.541 593.103 617.53 573.081 377.26 167.867 156.673 154.03 146.583 154.824 148.436 156.213 170.203 148.106 154.107 147.45 154.491 146.826 143.037 167.74 385.237 197.539 164.151 196.196 312.938 570.348 558.686 582.978 545.433 437.417 241.515 161.703 167.881 144.912 172.603 158.79 172.761 163.004 134.666 140.639 146.847 150.593 163.46 166.067 153.296 152.148 144.217 139.439 140.422 138.618 0 
0 156.822 157.63 165.735 168.208 171.001 166.599 158.32 200.767 439.037 581.054 586.435 603.297 602.108 596.48 601.447 599.436 576.56 293.335 157.084 159.579 157.252 154.414 151.155 146.798 164.714 170.479 149.812 157.619 148.02 154.983 148.428 151.313 144.144 327.939 283.87 122.91 159.971 268.205 545.829 595.369 569.806 539.128 516.565 206.553 165.627 182.7 170.058 163.723 160.363 160.61 128.946 154.474 169.769 156.884 156.247 152.678 152.007 144.08 142.408 141.586 140.081 141.054 138.612 0 
0 167.764 166.95 164.065 160.229 159.818 160.324 167.4 199 453.392 575.117 602.64 601.093 590.048 602.683 605.469 589.124 596.849 257.273 160.902 160.782 161.063 156.141 148.891 149.17 164.27 168.721 152.734 150.972 151.42 154.881 142.488 146.934 144.311 310.952 314.375 167.244 149.88 210.157 540.558 585.357 584.918 570.238 469.322 269.882 180.494 141.156 165.835 153.147 168.762 161.442 172.442 173.061 150.477 152.956 155.344 150.73 149.376 143.454 143.014 139.699 142.663 148.131 146.529 0 
0 168.293 158.346 167.006 165.452 169.256 168.731 175.743 175.361 465.195 562.963 587.783 609.187 613.272 597.298 596.051 589.689 603.507 287.57 163.06 157.957 160.748 151.045 154.483 149.864 161.818 166.564 156.055 150.631 156.443 158.192 148.231 158.481 146.473 329.448 296.429 154.988 164.459 202.644 496.565 606.234 574.994 540.963 540.529 271.28 139.66 161 155.658 177.241 173.258 164.05 176.72 148.943 152.225 153.159 160.91 148.242 145.343 149.511 156.762 155.311 152.845 150.119 140.937 0 
0 162.05 157.389 166.446 164.323 170.435 167.563 185.596 183.865 437.013 557.547 582.537 602.29 610.995 611.463 604.838 585.516 589.243 385.667 144.445 168.13 158.434 154.823 155.692 151.539 159.24 162.678 159.264 150.383 158.025 158.722 146.412 162.493 153.221 357.171 260.918 152.799 158.397 237.305 516.109 562.806 608.799 567.719 471.491 209.47 193.843 183.3 165.801 152.307 147.545 170.412 137.625 162.177 168.005 152.33 154.049 162.846 158.94 150.769 156.032 150.933 143.579 139.999 136.31 0 
0 157.716 161.562 162.904 159.715 163.058 165.441 178.415 185.253 401.571 569.501 584.377 598.85 600.258 603.492 614.661 604.47 569.992 491.917 182.315 158.762 153.559 156.36 152.968 156.37 157.425 163.709 160.175 146.717 156.112 160.492 151.565 156.131 187.058 388.588 207.529 154.787 143.722 292.433 577.197 564.784 562.226 548.336 493.067 238.843 151.69 140.229 154.795 158.128 172.958 147.786 163.709 164.126 161.618 171.04 157.434 149.995 162.364 157.062 142.319 139.159 146.877 144.371 140.317 0 
0 0 163.652 157.14 169.806 166.835 166.47 154.736 186.785 342.676 561.995 583.302 604.689 610.066 600.02 597.33 609.864 599.638 543.315 302.325 149.436 152.833 162.682 152.915 150.587 157.088 164.486 154.007 143.018 151.603 157.205 152.139 145.829 291.183 358.9 153.963 167.02 163.429 376.963 571.331 588.829 579.19 580.382 403.085 164.842 167.51 179.841 163.752 176.93 160.882 162.606 168.861 163.827 147.773 156.583 171.06 163.875 150.714 149.072 151.215 142.03 137.561 141.566 0 0 
0 0 164.87 168.062 171.434 167.378 168.408 168.366 177.517 284.713 538.777 568.639 592.66 608.664 601.955 602.776 607.162 604.382 601.196 468.107 214.616 152.438 158.869 151.361 143.618 158.675 170.474 154.829 144.512 150.078 163.317 140.697 204.791 388.498 243.71 152.421 168.241 203.197 496.295 581.923 570.825 546.585 523.108 374.453 204.68 189.772 163.39 173.437 145.056 162.064 162.639 149.824 150.558 163.489 158.636 147.294 152.085 144.976 142.425 145.07 150.104 150.17 141.075 0 0 
0 0 172.163 164.327 154.644 161.461 168.052 168.562 163.788 253.674 479.819 577.952 593.702 608.356 606.716 594.503 603.322 605.106 602.922 583.82 449.981 207.412 154.081 157.911 147.425 160.106 173.561 155.629 160.006 166.383 152.768 180.43 361.8 316.474 167.296 168.704 149.629 331.363 545.98 594.167 596.181 578.223 533.498 271.986 134.132 139.731 165.037 158.333 170.869 153.804 142.284 160.616 165.878 154.715 151.832 145.093 149.906 159.969 155.075 148.232 154.119 154.416 147.372 0 0 
0 0 159.188 160.654 161.048 170.569 158.683 162.354 164.144 199.138 388.208 557.048 579.821 595.19 609.545 604.848 593.575 606.507 597.678 594.725 585.009 515.166 293.452 198.15 145.63 151.703 175.476 143.381 136.672 143.582 215.938 352.303 334.511 172.959 168.9 158.618 239.532 506.015 578.886 574.908 565.351 531.313 425.776 212.049 176.242 182.888 165.842 178.223 163.524 148.049 165.527 163.836 149.431 150.571 152.148 161.009 153.972 151.52 157.464 151.05 140.288 142.718 141.723 0 0 
0 0 0 161.762 163.459 166.38 158.348 168.924 168.094 164.606 298.539 511.879 566.786 584.265 594.717 608.818 588.079 591.5 590.02 591.412 564.066 571.143 573.188 441.71 327.255 290.544 264.221 223.443 263.576 353.707 417.002 322.333 204.488 177.176 183.923 209.924 444.294 600.914 617.149 596.629 580.896 566.783 392.997 191.354 191.315 148.412 176.567 140.859 165.535 180.454 166.418 157.861 160.473 167.204 173.807 162.172 164.675 153.893 150.396 155.567 161.481 147.298 0 0 0 
0 0 0 164.561 163.247 154.918 169.832 168.697 163.185 163.436 193.93 404.359 542.949 579.027 586.126 598.687 589.532 584.835 575.148 591.236 573.262 556.401 541.303 576.539 521.645 508.389 487.666 400.106 400.206 341.471 250.329 183.667 182.345 169.099 230.998 427.646 590.616 602.962 617.891 596.625 579.332 489.107 259.333 168.152 195.815 181.118 172.034 202.041 176.529 176.256 172.534 183.01 185.698 173.208 167.525 170.864 160.433 161.441 159.405 154.341 158.506 158.88 0 0 0 
0 0 0 0 157.067 155.849 157.476 160.168 157.213 171.573 167.059 276.858 477.229 570.584 581.735 601.694 605.019 606.931 589.043 609.588 602.75 609.222 604.741 606.927 624.052 660.922 470.08 208.48 176.544 143.699 140.917 149.29 181.059 259.288 466.192 565.86 577.707 565.179 563.45 541.034 539.515 369.741 188.172 170.903 166.536 189.294 163.447 153.413 153.597 162.791 184.164 175.56 161.048 162.19 151.979 153.489 161.034 151.433 156.226 158.183 151.021 0 0 0 0 
0 0 0 0 169.682 162.524 166.733 162.139 162.392 176.806 172.839 185.724 340.911 501.308 575.142 580.543 600.543 606.49 596.876 595.424 598.662 602.984 593.803 620.298 585.807 594.35 578.077 377.916 299.684 273.15 273.236 285.495 392.663 515.475 597.88 602.509 622.35 621.48 600.112 579.001 484.562 241.619 186.082 169.078 175.098 153.355 163.463 174.362 185.257 165.46 161.319 164.479 158.159 165.82 172.508 165.973 163.656 170.057 159.927 156.3 155.917 0 0 0 0 
0 0 0 0 0 171.859 166.746 160.403 166.588 156.804 146.237 168.12 196.149 358.261 513.117 572.722 579.616 582.046 593.059 596.846 597.542 592.835 573.732 581.902 546.692 550.906 578.764 529.45 512.988 470.364 516.364 590.117 651.855 642.768 642.86 629.161 612.398 597.892 587.082 522.148 336.711 207.31 209.553 192.25 187.726 216.987 207.263 179.889 171.776 178.302 172.606 183.682 189.159 176.559 176.51 181.491 165.249 162.529 173.251 161.638 0 0 0 0 0 
0 0 0 0 0 166.184 162.507 162.384 169.309 160.793 161.618 172.432 156.366 201.252 359.727 497.627 577.55 577.934 588.584 585.213 598.058 593.4 588.459 594.606 576.032 596.704 619.193 580.133 618.176 609.444 621.91 599.606 618.165 607.466 630.042 620.048 602.582 577.347 518.795 334.051 199.468 189.925 189.931 194.021 181.411 168.973 171.086 190.96 193.072 191.992 188.7 171.941 173.623 167.12 162.684 160.497 168.256 161.004 161.083 163.97 0 0 0 0 0 
0 0 0 0 0 0 166.575 168.047 163.865 165.045 170.63 162.226 162.922 157.327 196.743 319.896 470.134 569.117 567.186 580.103 600.03 597.88 592.654 592.544 583.396 599.637 636.757 590.389 625.914 608.167 619.38 613.789 608.64 594.879 603.825 591.674 571.946 533.164 360.483 208.454 191.362 190.4 161.262 167.235 182.749 186.501 194.128 179.469 175.542 166.069 167.749 167.278 167.011 178.637 168.534 164.99 167.357 172.046 159.683 0 0 0 0 0 0 
0 0 0 0 0 0 0 165.733 153.78 162.496 165.392 149.51 167.265 176.379 166.076 185.955 262.744 408.978 540.747 562.104 571.258 570.821 584.856 585.596 582.314 608.157 628.476 585.227 610.15 599.009 605.365 604.569 596.371 574.069 568.73 563.781 487.085 338.022 198.287 187.656 179.24 201.388 195.147 171.722 172.414 157.661 157.664 169.626 165.697 180.185 167.565 173.899 165.418 166.75 174.157 165.858 166.87 166.234 0 0 0 0 0 0 0 
0 0 0 0 0 0 0 0 168.962 171.508 166.377 160.641 169.036 162.811 160.487 149.476 185.557 204.446 284.668 454.283 534.817 557.959 570.649 563.51 567.231 578.102 617.016 568.47 590.307 576.812 574.269 565.239 560.157 559.939 514.597 405.274 264.866 194.122 188.071 174.803 179.583 164.289 169.884 166.594 178.967 186.975 171.75 177.417 171.207 164.669 171.643 164.769 167.998 156.807 161.622 163.783 154.109 0 0 0 0 0 0 0 0 
0 0 0 0 0 0 0 0 167.912 169.53 157.971 162.082 166.933 166.041 158.577 152.868 167.525 176.981 186.748 181.695 290.4 404.44 465.971 507.337 548.72 558.226 595.817 544.624 563.779 555.278 552.779 541.586 490.837 373.695 275.474 198.066 154.533 163.51 171.966 172.938 172.251 178.293 178.215 169.944 162.788 162.511 158.296 156.811 162.786 150.434 156.074 154.125 151.412 157.207 149.326 155.969 151.287 0 0 0 0 0 0 0 0 
0 0 0 0 0 0 0 0 0 166.748 163.306 163.457 172.939 169.808 166.98 170.832 184.658 167.315 186.825 198.926 186.848 190.575 261.774 296.985 335.499 410.155 453.231 445.796 442.034 410.639 353.635 282.943 200.843 157.938 144.746 161.035 155.058 148.973 135.53 145.97 136.405 147.503 141.349 141.465 147.647 146.118 148.618 144.327 149.728 153.266 141.505 150.757 140.926 136.304 140.363 132.932 0 0 0 0 0 0 0 0 0 
0 0 0 0 0 0 0 0 0 0 166.574 169.338 176.381 174.313 176.107 176.388 180.533 166.046 182.688 196.277 192.234 196.646 196.536 191.094 248.501 325.721 257.698 184.57 181.536 177.264 142.865 134.28 136.507 129.076 124.271 121.272 121.78 133.958 126.88 117.18 124.046 142.091 133.976 129.297 133.354 131.996 130.312 135.03 132.001 138.627 134.676 134.827 145.619 132.768 132.557 0 0 0 0 0 0 0 0 0 0 
0 0 0 0 0 0 0 0 0 0 0 165.757 169.81 169.183 169.47 163.056 162.061 162.208 171.008 169.971 157.266 175.087 185.599 166.99 171.207 253.046 206.596 179.445 157.133 140.005 135.732 143.391 143.344 148.543 158.132 150.466 155.979 152.815 153.968 141.682 140.047 142.63 143.386 138.551 146.907 138.232 140.981 136.391 140.231 139.434 146.501 131.581 139.563 138.732 0 0 0 0 0 0 0 0 0 0 0 
0 0 0 0 0 0 0 0 0 0 0 0 0 159.415 164.624 164.903 170.091 163.716 157.522 162.172 170.456 168.204 156.89 176.008 180.781 247.233 203.806 152.027 148.187 162.514 172.119 158.09 150.53 143.683 142.26 135.281 147.377 149.14 151.786 154.437 167.931 156.234 145.652 151.829 156.143 150.865 146.967 141.73 146.773 144.064 149.083 144.878 0 0 0 0 0 0 0 0 0 0 0 0 0 
0 0 0 0 0 0 0 0 0 0 0 0 0 0 165.254 169.406 158.798 155.655 158.036 165.324 165.764 159.773 157.863 177.304 164.716 261.66 224.143 149.154 148.064 153.727 169.954 158.306 164.063 155.186 150.526 155.549 159.163 147.8 147.468 149.198 149.385 158.297 146.994 151.663 148.117 154.723 159.098 150.003 148.473 150.934 145.258 0 0 0 0 0 0 0 0 0 0 0 0 0 0 
0 0 0 0 0 0 0 0 0 0 0 0 0 0 0 160.128 165.627 169.291 159.491 160.182 156.062 159.778 166.797 169.985 151.451 258.787 235.732 147.048 155.636 148.973 155.418 145.621 165.491 163.077 159.947 158.181 154.141 162.7 151.816 154.059 150.207 152 149.407 149.729 151.27 146.881 152.651 149.257 148.101 146.698 0 0 0 0 0 0 0 0 0 0 0 0 0 0 0 
0 0 0 0 0 0 0 0 0 0 0 0 0 0 0 0 0 158.739 159.528 157.53 161.516 163.486 160.328 170.265 155.555 251.331 239.602 142.515 153.202 158.371 156.828 148.3 158.666 155.277 159.001 162.483 159.131 161.95 149.234 149.608 151.12 154.02 149.938 151.676 163.372 152.788 145.897 144.182 0 0 0 0 0 0 0 0 0 0 0 0 0 0 0 0 0 
0 0 0 0 0 0 0 0 0 0 0 0 0 0 0 0 0 0 0 153.911 167.07 158.607 158.707 166.86 162.082 255.452 244.857 137.454 160.678 159.57 153.298 156.143 154.296 153.324 151.795 149.663 163.751 158.05 155.187 157.069 153.409 154.589 159.197 149.336 153.322 153.941 0 0 0 0 0 0 0 0 0 0 0 0 0 0 0 0 0 0 0 
0 0 0 0 0 0 0 0 0 0 0 0 0 0 0 0 0 0 0 0 0 157.113 158.469 165.958 165.863 254.704 241.075 140.912 162.925 161.095 154.343 159.039 157.728 161.103 152.865 150.995 161.065 157.847 155.306 158.834 159.939 154.235 152.877 150.607 0 0 0 0 0 0 0 0 0 0 0 0 0 0 0 0 0 0 0 0 0 
0 0 0 0 0 0 0 0 0 0 0 0 0 0 0 0 0 0 0 0 0 0 0 0 0 247.123 249.389 145.448 157.836 166.49 151.351 156.17 158.735 156.149 153.324 159.864 161.087 154.345 150.278 158.153 0 0 0 0 0 0 0 0 0 0 0 0 0 0 0 0 0 0 0 0 0 0 0 0 0 
0 0 0 0 0 0 0 0 0 0 0 0 0 0 0 0 0 0 0 0 0 0 0 0 0 0 0 0 0 0 0 0 0 0 0 0 0 0 0 0 0 0 0 0 0 0 0 0 0 0 0 0 0 0 0 0 0 0 0 0 0 0 0 0 0 
