0 0 0 0 0 0 0 0 0 0 0 0 0 0 0 0 0 0 0 0 0 0 0 0 0 0 0 0 0 0 0 0 0 0 0 0 0 0 0 0 0 0 0 0 0 0 0 0 0 0 0 0 0 0 0 0 0 0 0 0 0 0 0 0 0 
0 0 0 0 0 0 0 0 0 0 0 0 0 0 0 0 0 0 0 0 0 0 0 0 0 186.086 191.711 196.232 176.161 197.386 198.747 193.361 198.63 180.372 197.756 187.472 181.199 189.181 166.534 184.567 0 0 0 0 0 0 0 0 0 0 0 0 0 0 0 0 0 0 0 0 0 0 0 0 0 
0 0 0 0 0 0 0 0 0 0 0 0 0 0 0 0 0 0 0 0 0 188.448 195.474 204.861 197.979 205.061 215.169 186.756 187.885 206.906 208.005 203.847 202.7 194.204 204.084 195.819 194.146 194.415 184.862 195.815 170.809 183.471 161.223 178.518 0 0 0 0 0 0 0 0 0 0 0 0 0 0 0 0 0 0 0 0 0 
0 0 0 0 0 0 0 0 0 0 0 0 0 0 0 0 0 0 0 195.499 203.275 197.695 204.983 207.346 204.515 222.533 217.776 192.877 197.534 213.265 212.437 212.75 207.545 205.835 207.766 201.862 200.041 200.602 196.206 197.602 184.356 188.334 172.255 199.425 155.831 176.257 0 0 0 0 0 0 0 0 0 0 0 0 0 0 0 0 0 0 0 
0 0 0 0 0 0 0 0 0 0 0 0 0 0 0 0 0 197.695 207.006 203.37 210.615 207.869 210.298 210.863 212.387 220.41 217.823 200.21 196.934 212.881 219.693 221.018 207.662 210.083 212.394 206.559 205.481 205.004 206.866 199.406 193.829 190.302 189.217 196.148 174.933 191.178 163.327 166.688 0 0 0 0 0 0 0 0 0 0 0 0 0 0 0 0 0 
0 0 0 0 0 0 0 0 0 0 0 0 0 0 0 193.81 206.129 210.995 212.369 209.906 217.221 211.429 213.666 215.353 217.35 219.004 230.834 216.306 186.822 216.493 230.474 227.195 211.603 220.218 221.285 207.961 213.835 204.463 215.883 199.211 202.791 190.138 207.686 194.445 192.43 191.988 176.217 177.523 164.374 157.916 0 0 0 0 0 0 0 0 0 0 0 0 0 0 0 
0 0 0 0 0 0 0 0 0 0 0 0 0 0 210.174 204.129 212.691 215.348 214.39 213.13 224.293 213.156 218.393 219.464 221.137 222.378 228.881 222.476 185.73 216.251 231.605 227.38 212.754 228.569 214.448 207.493 220.51 206.776 222.877 193.501 209.062 193.578 221.477 185.72 210.947 183.454 188.273 183.913 174.264 176.033 167.031 0 0 0 0 0 0 0 0 0 0 0 0 0 0 
0 0 0 0 0 0 0 0 0 0 0 0 0 214.557 217.418 211.81 216.79 217.825 219.12 224.501 222.057 221.868 225.749 223.247 234.336 232.139 242.988 252.423 203.946 219.195 241.782 233.042 221.203 223.331 208.122 206.605 222.259 214.352 217.406 200.513 207.33 203.838 217.966 197.012 205.025 188.336 201.135 186.084 185.044 186.596 160.239 162.802 0 0 0 0 0 0 0 0 0 0 0 0 0 
0 0 0 0 0 0 0 0 0 0 0 205.153 224.698 214.522 221.033 214.025 218.225 218.28 220.148 224.04 218.144 222.964 220.785 226.919 236.103 213.044 231.463 274.874 350.248 344.892 275.576 239.19 225.06 224.954 221.816 224.147 229.016 217.845 218.565 214.417 209.27 221.494 210.207 207.161 207.894 204.725 206.607 199.735 193.513 183.099 172.469 188.887 155.383 158.137 0 0 0 0 0 0 0 0 0 0 0 
0 0 0 0 0 0 0 0 0 0 209.179 217.345 228.615 218.211 221.208 217.325 217.778 221.657 221.658 225.814 222.286 216.853 218.572 225.026 224.316 210.502 226.432 263.791 474.024 495.995 290.319 240.174 228.862 226.573 224.968 230.262 228.457 222.438 217.653 227.902 218.083 240.303 198.788 223.911 205.244 220.774 213.91 196.757 198.726 190.071 193.482 185.333 175.03 175.405 148.935 0 0 0 0 0 0 0 0 0 0 
0 0 0 0 0 0 0 0 0 211.645 219.051 219.109 230.454 218.846 225.59 214.918 220.06 225.066 216.753 231.73 215.088 219.73 228.887 223.9 225.761 209.812 212.366 241.854 487.686 547.551 294.491 233.394 230.543 224.078 230.272 229.879 223.476 239.118 217.113 228.016 219.26 226.655 204.999 228.663 215.346 220.937 204.99 201.692 210.543 195.379 214.121 185.013 187.971 172.539 166.858 155.883 0 0 0 0 0 0 0 0 0 
0 0 0 0 0 0 0 0 218.8 221.51 219.323 224.316 225.18 219.086 228.798 216.644 223.47 216.376 222.482 233.823 211.42 230.006 217.776 220.121 225.192 214.536 213.324 214.819 428.992 568.511 312.56 216.847 226.084 224.189 230.646 234.332 220.742 230.727 222.169 222.916 224.826 227.067 228.264 226.9 216.202 211.381 201.745 212.497 206.12 211.05 205.192 190.24 192.011 181.805 180.964 164.918 149.653 0 0 0 0 0 0 0 0 
0 0 0 0 0 0 0 0 230.647 224.713 225.17 231.473 222.209 226.631 223.471 225.911 221.049 225.24 233.547 224.783 216.989 231.99 221.09 231.504 222.961 214.896 234.484 204.598 327.352 547.236 303.333 188.383 231.18 238.517 220.427 224.074 222.527 233.041 222.576 212.448 239.071 218.507 233.431 207.819 217.882 222.947 216.413 219.143 204.352 220.459 191.637 200.791 192.895 189.063 182.938 171.558 162.711 0 0 0 0 0 0 0 0 
0 0 0 0 0 0 0 229.204 232.004 225.469 229.858 231.251 224.775 228.199 224.587 233.682 214.42 231.797 221.982 234.057 222.531 226.347 231.974 228.291 222.71 237.64 228.975 223.498 289.557 481.178 263.508 202.845 233.828 222.78 214.939 233.551 241.812 225.111 216.504 212.104 245.412 217.957 220.775 214.232 223.236 226.294 221.218 205.963 210.584 209.955 203.805 206.441 193.748 196.832 188.659 176.339 167.895 153.597 0 0 0 0 0 0 0 
0 0 0 0 0 0 216.406 235.77 231.897 229.066 237.658 226.444 230.179 222.893 231.708 221.448 218.802 232.511 219.208 243.382 216.844 242.932 231.426 219.694 234.597 229.882 245.558 234.958 255.093 452.793 255.107 202.512 220.092 228.614 225.742 235.086 231.9 209.01 224.151 244.378 234.567 223.682 215.098 231.765 224.964 223.617 214.468 201.165 227.811 205.238 213.514 201.333 205.372 201.986 187.589 183.158 175.877 160.702 160.242 0 0 0 0 0 0 
0 0 0 0 0 219.45 217.183 239.259 227.487 237.321 244.234 231.216 226.063 224.74 231.8 221.519 230.312 221.79 236.876 238.075 223.079 243.868 238.193 229.161 231.039 255.713 227.038 255.996 253.481 407.81 254.351 234.15 218.488 224.833 222.838 222.198 229.169 228.474 234.698 242.82 215.061 233.753 216.545 225.045 219.34 213.669 210.732 222.591 227.257 219.597 214.966 201.175 202.718 198.8 193.009 189.644 173.797 178.009 166.559 147.427 0 0 0 0 0 
0 0 0 0 0 225.579 220.112 239.539 219.41 237.866 238.08 247.423 224.267 234.436 230.011 223.218 231.273 224.451 248.465 237.572 232.024 249.478 243.996 226.762 257.838 236.869 241.404 250.944 247.862 403.395 250.612 215.323 223.675 249.501 230.175 216.694 229.475 227.073 208.317 225.613 223.964 232.814 228.823 228.015 226.209 222.228 217.862 230.953 216.563 216.461 196.645 211.281 213.926 203.338 192.752 182.761 186.251 185.709 164.358 156.536 0 0 0 0 0 
0 0 0 0 226.787 221.319 227.782 240.041 225.306 237.161 232.236 243.381 236.278 243.809 217.593 238.733 217.462 238.159 244.47 242.213 239.453 256.117 244.69 235.542 258.904 237.334 245.478 253.054 253.666 388.539 237.866 241.04 235.505 209.773 210.777 238.071 233.768 223.713 230.324 242.623 239.951 217.468 216.329 221.048 223.54 219.415 219.189 216.564 210.147 208.931 210.084 211.022 205.063 195.283 196.933 194.157 194.873 176.245 170.203 158.686 144.25 0 0 0 0 
0 0 0 0 239.738 225.812 234.708 229.803 233.207 233.243 238.98 245.752 243.037 251.644 226.937 239.808 225.003 237.289 254.14 246.685 250.553 277.872 252.25 257.968 258.752 243.873 252.24 224.594 296.363 347.366 208.124 236.261 214.378 202.135 210.753 210.553 178.404 201.448 221.178 200.685 206.405 206.948 217.362 217.391 212.965 209.705 208.864 206.866 216.254 203.589 207.486 211.968 205.61 195.618 187.461 191.144 184.152 174.581 170.358 158.571 154.952 0 0 0 0 
0 0 0 226.813 237.913 229.026 249.332 239.228 250.8 219.939 238.216 243.615 262.394 230.19 229.376 233.367 230.624 250.557 264.101 265.239 296.459 328.731 330.356 379.906 388.158 427.182 405.836 377.581 443.177 439.192 309.223 252.055 221.796 233.369 204.69 227.184 229.504 226.714 222.083 207.824 212.945 225.879 214.592 203.547 207.444 209.187 210.777 213.08 211.402 207.46 208.869 204.059 192.059 194.353 196.963 197.965 187.614 179.734 172.258 173.695 159.46 143.099 0 0 0 
0 0 0 241.138 240.279 233.707 250.446 238.84 258.308 228.694 233.469 232.539 241.811 186.228 195.549 209.205 212.625 244.482 300.35 352.819 440.45 501.201 551.494 586.762 605.666 623.794 614.555 618.602 614.426 652.164 581.063 529.439 454.304 326.027 244.127 249.03 221.994 207.85 238.51 244.475 232.25 248.359 235.354 227.574 247.755 247.999 234.577 241.087 230.961 224.247 224.175 219.449 222.158 215.515 218.024 212.628 203.3 200.789 200.268 190.024 172.074 162.319 0 0 0 
0 0 230.829 240.953 240.729 233.301 249.112 252.19 250.291 230.707 240.376 230.224 204.394 178.263 178.427 204.09 258.773 395.42 510.937 573.335 631.81 635.906 674.686 649.049 674.693 654.852 673.277 639.189 663.059 665.917 670.322 654.381 621.698 581.839 456.774 332.727 261.882 278.694 276.563 242.276 227.979 251.384 234.145 236.14 242.771 238.996 224.113 243.681 235.369 234.702 234.269 237.018 224.361 230.383 227.785 214.544 209.468 210.915 210.721 199.383 186.406 171.252 156.426 0 0 
0 0 246.463 249.187 251.087 236.555 244.547 263.35 235.384 247.72 244.245 236.463 201.609 186.979 212.865 321.977 470.533 593.029 637.303 651.648 661.315 656.213 674.923 660.933 666.047 680.071 676.912 679.59 670.957 682.672 679.538 670.335 671.431 648.964 627.007 571.072 406.778 286.693 228.479 235.083 262.687 272.155 241.003 240.507 253.123 229.596 244.335 248.66 239.147 232.409 236.529 227.844 224.844 226.252 213.591 217.54 215.804 213.655 206.081 195.799 185.852 180.904 176.739 0 0 
0 0 239.343 248.477 248.929 249.916 247.794 270.506 252.881 294.819 276.712 258.017 238.053 288.798 404.541 554.272 623.553 658 650.89 670.222 679.124 693.09 667.321 683.309 668.646 674.387 691.468 673.766 689.747 674.306 693.101 687.167 664.607 667.132 662.285 641.34 569.388 471.445 338.515 250.359 223.97 226.172 243.559 245.054 254.803 239.807 249.854 249.067 224.656 235.863 240.325 223.569 222.827 219.161 226.581 215.871 219.295 217.353 200.857 192.234 194.295 191.159 179.587 0 0 
0 0 237.557 250.368 241.954 253.95 248.991 271.387 289.807 316.461 290.759 286.241 368.999 523.738 616.292 656.062 643.972 679.922 667.853 689.418 662.754 689.194 684.992 666.674 673.119 688.123 672.907 658.844 665.324 655.878 667.622 683.301 685.756 651.487 666.699 681.715 643.131 621.731 479.649 310.669 268.869 263.163 264.604 239.557 242.921 245.3 243.123 241.69 229.219 247.41 234.536 230.002 232.95 239.632 228.29 229.12 228.804 216.297 212.839 213.413 207.606 195.863 182.316 0 0 
0 245.815 236.235 256.778 244.991 262.554 283.671 317.994 310.978 319.238 301.284 379.861 548.345 657.507 671.448 688.448 657.123 689.257 650.797 691.459 671.922 678.054 673.503 680.855 684.502 671.908 662.881 650.249 657.039 638.555 667.342 685.846 720.479 676.154 688.487 684.199 677.433 680.077 624.145 511.42 258.47 243.06 278.687 231.706 269.612 241.01 257.026 242.319 247.909 255.08 239.093 236.669 252.46 242.66 234.378 236.626 229.445 224.188 224.2 215.245 210.045 200.921 183.226 170.25 0 
0 242.434 235.247 253.504 247.476 275.613 357.852 347.081 328.693 342.94 385.191 542.588 644.699 663.573 668.934 689.876 663.957 688.527 662.233 676.14 674.772 682.016 683.286 687.727 682.381 668.074 655.638 646.755 672.679 663.01 675.504 677.867 708.56 686.187 711.447 695.489 698.302 666.414 660.673 603.902 484.732 264.47 284.51 249.223 294.868 244.092 261.91 254.385 249.42 246.528 233.092 253.403 251.368 230.091 234.757 233.312 227.091 223.597 226.576 222.541 211.518 194.664 193.532 192.716 0 
0 242.188 233.035 252.518 239.851 318.091 394.011 343.35 330.657 358.497 507.226 647.252 654.365 668.651 677.175 689.72 656.078 681.491 667.539 673.075 676.477 678.984 679.891 679.391 671.932 667.348 656.014 663.04 676.985 656.199 671.018 681.034 721.546 681.253 733.524 710.9 739.715 701.807 707.024 647.207 602.577 393.589 275.532 238.146 266.086 233.708 278.999 240.471 246.764 240.911 251.111 259.898 237.82 243.736 247.548 249.281 240.725 232.882 233.04 224.171 209.801 211.819 208.617 196.836 0 
0 252.655 236.76 256.193 256.021 380.507 398.828 354.127 346.402 436.896 602.461 654.333 657.74 661.72 669.102 676.363 650.288 674.397 661.445 644.45 638.132 631.435 628.743 599.925 586.38 595.029 637.929 689.178 706.519 686.579 693.069 697.728 747.546 695.481 733.934 710.588 715.332 708.225 704.439 673.539 657.372 528.857 329.434 259.628 288.791 265.005 282.599 248.787 274.832 262.368 266.377 257.542 248.213 255.126 260.473 245.761 245.502 239.294 235.353 224.662 228.378 224.119 210.756 197.673 0 
0 245.852 238.333 259.21 296.374 432.179 392.714 366.551 379.232 541.012 649.6 661.173 680.648 670.624 668.294 694.507 665.416 690.486 674.37 668.161 651.453 577.692 467.355 374.904 310.996 286.065 308.943 369.348 500.009 607.522 656.227 653.546 730.721 691.283 718.718 717.923 721.16 737.513 706.57 708.62 664.916 646.129 391.354 257.214 289.572 249.925 250.379 245.624 267.886 237.189 250.617 238.796 244.568 251.087 232.396 229.775 235.842 231.403 225.057 227.437 219.101 209.931 202.958 191.609 0 
0 241.892 241.037 257.862 350.694 466.764 385.79 387.394 452.457 612.588 654.769 664.589 682.865 667.822 660.848 699.625 664.798 688.516 688.79 629.83 436.908 290.509 238.392 221.281 210 215.648 218.648 211.572 239.251 340.999 507.92 599.04 690.605 676.707 698.15 701.752 692.02 684.18 679.992 669.062 642.237 636.722 472.779 290.175 262.058 234.223 252.351 262.503 231.796 235.725 252.082 241.801 249.349 230.682 221.02 232.203 238.075 221.518 216.085 216.895 210.466 199.639 184.814 182.744 0 
0 238.156 235.712 260.219 398.89 480.696 385.228 393.633 507.662 638.055 650.392 669.811 675.68 679.55 666.529 702.722 668.028 702.997 608.18 362.817 229.113 218.81 228.894 223.007 211.042 219.403 211.167 213.825 221.025 203.832 262.009 438.83 709.237 722.203 690.992 694.419 701.131 694.022 714.646 702.444 690.118 644.435 588.065 318.523 240.819 264.396 219.063 236.334 221.125 256.951 227.862 239.594 230.951 219.579 239.82 242.986 231.253 227.884 221.425 217.842 209.151 201.879 200.79 195.643 0 
0 230.233 226.676 279.573 436.98 494.973 394.348 409.05 556.443 660.325 665.579 680.212 676.209 692.693 662.464 694.244 671.549 649.105 368.473 227.147 231.429 226.835 210.674 212.131 205.168 210.257 207.226 197.966 203.394 189.932 159.307 171.585 564.937 873.058 716.568 718.214 732.014 721.428 691.414 701.924 668.487 672.437 625.342 402.511 278.971 268.656 237.223 260.636 250.978 245.076 229.127 249.328 231.688 235.192 235.822 222.61 219.674 219.722 217.005 217.112 212.89 205.516 205.119 197.257 0 
0 232.838 231.167 309.702 466.062 504.317 410.598 439.07 606.124 650.579 679.974 671.928 676.582 689.885 678.115 677.501 681.289 490.98 248.892 238.718 232.941 230.215 218.031 213.575 212.846 217.689 217.379 213.364 220.357 215.871 203.32 192.313 407.801 686.809 729.997 715.748 677.877 684.438 720.109 711.751 704.086 650.258 628.795 466.948 245.662 247.917 264.378 238.546 251.353 229.658 252.535 247.33 239.689 241.707 226.547 218.931 233.262 233.757 221.757 214.419 216.509 207.928 198.065 186.733 0 
0 227.789 239.453 333.961 482.572 503.804 430.556 463.963 628.553 651.004 672.805 679.971 676.713 680.826 699.165 660.322 650.89 345.884 230.805 233.004 234.404 232.218 228.108 210.163 215.452 221.001 220.604 217.195 221.547 224.248 213.847 202.813 331.736 619.113 668.577 713.793 722.564 694.632 682.988 702.902 685.128 685.616 653.71 522.693 300.128 254.961 236.382 218.511 241.069 244.612 256.81 232.025 243.617 232.44 220.817 242.952 235.489 220.004 218.939 224.55 214.19 204.936 196.286 187.4 0 
0 224.3 242.814 353.115 500.305 505.128 459.388 484.036 622.053 653.691 672.073 683.177 688.441 687.588 697.752 658.743 592.389 268.715 242.987 235.271 238.863 229.592 231.022 221.321 217.981 214.396 231.211 228.21 222.649 226.152 222.297 224.497 295.671 596.998 670.494 670.821 679.263 700.961 728.175 696.084 687.544 655.749 633.188 579.301 334.239 241.189 248.169 262.949 228.633 241.289 203.539 236.242 234.789 224.775 245.471 240.073 230.184 224.059 223.093 216.527 205.748 199.583 200.875 200.238 0 
0 223.506 249.828 365.484 507.7 508.964 487.793 500.439 632.559 649.245 678.8 678.404 690.795 690.994 680.39 677.982 535.442 237.693 244.688 235.576 232.104 239.642 234.723 235.352 218.423 213.988 227.282 238.19 221.934 222.953 217.186 237.805 290.106 561.949 672.585 683.025 668.306 680.601 704.169 718.036 690.869 675.121 632.592 570.275 345.141 272.609 244.444 230.714 240.037 227.597 249.476 248.434 226.936 234.738 223.264 216.628 215.63 224.796 222.406 219.81 216.499 210.197 203.839 200.681 0 
0 234.828 243.837 384.24 515.409 522.626 503.873 497.049 643.13 660.694 679.211 678.929 678.875 686.282 690.469 690.544 504.007 252.155 245.599 242.077 241.13 238.828 240.67 237.545 230.472 219.611 224.545 242.908 222.494 225.538 220.711 243.852 284.396 556.762 652.637 659.681 676.061 680.902 677.957 695.058 700.82 661.735 637.428 619.052 358.139 230.801 238.248 237.994 252.642 241.91 249.661 223.28 237.041 228.995 220.622 231.571 234.428 220.119 218.55 214.377 208.603 209.851 209.066 198.856 0 
0 253.737 239.123 408.385 522.897 526.029 518.832 506.187 625.547 663.782 681.646 680.601 673.922 677.778 689.524 705.076 526.031 265.163 244.613 238.208 244.439 231.036 240.186 236.419 240.958 228.031 218.728 234.605 217.245 227.164 226.63 236.308 293.708 590.624 661.822 674.652 679.797 684.824 687.252 677.723 670.89 680.502 642.826 592.283 375.352 259.101 254.998 245.955 215.46 243.04 225.719 242.009 237.344 231.606 237.994 240.633 228.906 215.772 215.812 223.842 215.634 203.765 195.54 189.576 0 
0 271.545 229.426 383.568 522.018 541.444 542.158 525.114 615.609 645.329 669.553 686.348 686.509 687.012 680.983 699.554 635.74 283.888 248.803 239.217 244.102 236.013 242.973 236.351 243.251 243.771 226.32 239.759 218.289 221.589 236.1 239.627 359.537 643.235 671.773 676.591 671.47 675.711 684.649 682.584 665.624 640.225 638.703 620.288 363.412 243.881 239.393 221.334 244.473 221.06 248.338 248.109 230.301 238.471 240.957 229.869 223.149 221.843 221.793 216.887 212.045 201.254 200.954 195.436 0 
0 0 240.689 365.253 515.093 533.991 546.502 539.59 598.681 652.708 670.79 676.17 683.038 695.878 695.049 680.241 707.467 409.724 240.901 251.77 241.493 243.389 240.362 241.795 244.589 244.826 232.974 260.176 229.955 218.842 242.683 247.833 463.283 669.525 674.06 667.376 666.035 682.996 670.126 665.319 676.303 654.773 616.239 565.215 322.011 251.132 247.529 255.947 238.469 250.127 232.456 218.111 237.082 231.354 219.43 225.6 229.386 223.096 216.265 209.524 206.044 205.239 203.108 0 0 
0 0 248.404 319.422 516.369 553.532 552.566 551.125 586.399 630.66 668.904 681.979 691.405 686.491 692.145 688.528 702.125 616.467 278.514 246.341 245.852 244.191 237.277 248.285 241.641 247.528 234.509 260.619 243.85 245.29 244.987 318.078 598.897 668.289 672.196 658.955 658.321 670.763 668.27 667.21 647.479 639.998 640.038 542.189 300.203 243.948 246.249 234.685 235.972 235.143 227.056 241.787 228.197 220.124 231.195 233.224 225.065 220.132 219.693 216.75 216.613 209.342 204.652 0 0 
0 0 262.664 272.931 493.665 547.867 552.932 565.297 571.515 629.899 656.957 680.504 686.676 685.987 687.556 694.37 686.426 701.246 503.407 273.232 238.679 244.626 241.171 245.009 230.709 247.993 232.745 245.079 251.678 242.592 284.888 510.629 666.196 674.441 667.405 656.591 668.916 667.018 679.445 686.549 660.534 643.981 626.856 463.752 244.031 227.175 235.647 241.891 242.627 242.502 251.571 232.475 234.925 239.977 236.685 222.507 219.308 226.805 224.251 218.169 214.149 205.631 202.095 0 0 
0 0 279.353 257.077 427.779 545.1 557.702 565.473 569.652 609.285 637.976 669.964 672.326 685.066 682.652 689.383 695.308 683.204 703.262 494.291 322.86 231.216 218.795 243.077 228.608 240.319 236.111 238.8 240.52 266.012 494.936 648.157 671.243 684.795 666.985 666.841 685.042 663.73 672.742 664.324 660.11 644.769 619.382 406.612 247.906 252.861 244.201 246.002 257.721 250.289 222.355 236.012 241.467 230.098 224.401 223.627 223.004 220.425 216.71 210.44 207.257 204.874 195.988 0 0 
0 0 0 247.873 344.78 541.165 555.898 572.575 577.136 593.352 633.046 666.418 671.93 685.228 685.233 688.578 692.892 689.072 708.511 699.831 587.547 474.909 337.963 282.855 259.999 249.848 246.145 240.672 356.52 527.99 688.171 679.848 691.4 689.462 671.994 681.634 692.825 691.756 702.733 682.187 664.761 633.627 570.276 335.864 238.482 240.657 239.914 248.754 228.31 229.173 245.811 240.732 228.938 231.665 236.786 231.744 233.849 226.811 220.819 218.237 210.311 210.472 0 0 0 
0 0 0 277.939 275.371 468.901 548.576 558.832 562.127 575.671 593.582 630.503 649.724 658.485 664.766 667.213 663.264 660.989 658.523 651.047 646.02 594.802 601.697 508.205 471.515 448.555 498.547 584.158 727.157 727.54 746.404 710.482 724.213 712.972 694.137 709.733 702.932 713.753 697.923 689.086 666.452 636.731 515.625 294.084 268.217 268.287 277.649 264.895 267.94 269.682 257.073 259.074 267.198 267.542 257.202 251.008 247.259 243.238 238.772 238.763 236.766 229.494 0 0 0 
0 0 0 0 249.54 365.846 549.398 560.064 563.325 582.175 596.912 613.914 648.646 661.992 668.942 673.623 677.198 668.01 678.894 678.974 677.166 644.982 634.436 681.328 684.277 682.155 746.021 725.261 746.246 716.319 746.437 718.193 729.064 717.793 719.726 737.247 721.323 737.675 704.589 687.103 656.511 609.536 393.667 260.973 268.593 263.996 258.149 267.911 258.052 236.097 255.677 262.061 256.309 240.383 237.483 244.639 245.916 243.865 239.425 229.801 227.758 0 0 0 0 
0 0 0 0 280.067 289.093 478.026 550.177 563.262 562.713 602.681 601.313 629.427 647.638 679.378 664.329 687.908 675.999 674.181 685.425 682.972 681.751 695.614 664.006 720.091 704.886 696.206 684.625 745.016 689.213 698.039 685.7 734.173 713.839 707.286 696.424 679.574 682.313 660.021 655.142 634.542 491.052 291.984 269.062 265.685 268.184 267.67 249.412 260.188 266.982 255.97 245.645 247.507 251.028 253.486 249.406 240.451 232.735 231.498 226.83 222.781 0 0 0 0 
0 0 0 0 0 255.032 345.152 532.499 564.999 563.21 576.744 611.416 604.871 631.089 657.703 666.772 685.525 682.732 681.605 689.979 691.775 677.03 707.578 677.931 676.246 680.461 733.661 691.425 715.543 676.805 735.019 704.306 704.521 676.271 700.428 701.226 708.411 694.247 664.553 650.776 563.361 340.782 251.307 252.64 251.303 247.788 247.809 265.322 253.06 244.085 245.048 255.001 250.877 247.097 241.387 242.71 237.828 235.593 230.061 233.027 0 0 0 0 0 
0 0 0 0 0 281.758 277.812 421.053 545.827 556.481 547.141 592.704 602.724 606.171 648.146 649.903 679.369 679.112 685.234 690.04 693.804 675.643 689.307 699.207 686.294 656.201 697.235 698.752 730.144 671.395 701.316 699.21 722.092 703.477 708.577 671.877 669.288 643.415 650.041 609.159 426.157 278.478 264.941 258.532 257.858 265.163 244.221 239.51 250.645 262.703 253.548 237.533 233.088 236.709 237.556 233.227 238.91 235.186 231.012 225.675 0 0 0 0 0 
0 0 0 0 0 0 277.624 285.973 450.375 537.627 550.885 572.049 594.095 598.726 605.75 642.361 659.319 675.225 687.313 692.014 692.679 685.343 673.405 691.681 682.097 662.312 701.515 695.101 722.628 686.264 728.044 674.314 684.082 680.051 703.748 679.171 680.654 647.446 626.176 444.669 277.091 258.982 263.125 256.189 249.58 247.273 259.21 264.041 254.543 241.401 243.186 238.407 240.648 239.844 240.961 235.333 229.155 230.515 230.525 0 0 0 0 0 0 
0 0 0 0 0 0 0 258.471 302.323 458.125 526.765 536.958 553.279 615.247 612.255 600.717 638.51 649.79 671.382 682.052 692.834 700.29 672.178 697.325 674.751 688.365 724.75 703.281 718.718 686.168 727.982 682.657 705.019 675.144 678.917 650.519 656.209 614.767 490.076 292.268 255.053 256.589 246.14 251.423 261.397 255.357 246.482 238.228 252.255 247.674 249.291 251.508 246.076 241.977 236.769 231.673 224.996 225.253 0 0 0 0 0 0 0 
0 0 0 0 0 0 0 0 245.42 310.42 477.276 524.623 527.285 551.103 619.245 615.861 603.396 624.132 653.49 674.337 680.283 687.312 665.412 691.265 665.735 697.911 736.837 698.674 691.776 688.215 693.07 662.666 695.88 662.177 660.792 632.069 615.645 456.375 302.819 261.956 262.381 264.676 260.118 240.625 242.8 248.465 262.99 254.412 243.424 245.307 241.966 243.813 241.384 238.927 232.719 232.46 234.156 0 0 0 0 0 0 0 0 
0 0 0 0 0 0 0 0 284.177 256.658 334.564 448.134 497.51 510.528 525.168 575.329 600.957 595.335 615.099 644.64 672.285 676.094 653.535 670.38 653.169 703.002 723.471 682.087 666.388 677.827 664.514 656.047 670.064 634.972 650.337 572.292 410.227 280.477 249.215 258.821 250.189 261.747 263.327 263.588 265.305 251.492 240.553 235.311 236.73 242.857 240.575 242.877 240.85 234.53 236.237 235.196 233.163 0 0 0 0 0 0 0 0 
0 0 0 0 0 0 0 0 0 275.538 250.475 316.666 391.718 444.708 482.007 475.698 500.068 533.609 539.17 564.249 632.059 652.335 656.207 650.631 644.64 686.498 711.114 632.935 658.183 641.272 636.747 637.796 635.103 586.191 510.075 361.106 268.906 268.253 259.235 262.136 255.764 247.168 246.918 242.509 243.007 250.352 248.723 259.439 244.349 242.079 236.504 228.97 231.694 234.897 233.765 228.067 0 0 0 0 0 0 0 0 0 
0 0 0 0 0 0 0 0 0 0 279.086 248.914 283.114 335.53 374.908 432.859 454.636 442.19 433.955 420.48 451.621 519.617 576.201 606.883 617.068 642.296 665.894 571.079 652.33 595.165 594.939 554.43 474.852 353.308 269.515 243.044 238.946 244.51 239.799 243.796 246.123 241.679 247.46 237.856 239.037 236.516 228.859 235.592 229.325 231.624 234.052 226.795 223.421 220.602 216.85 0 0 0 0 0 0 0 0 0 0 
0 0 0 0 0 0 0 0 0 0 0 287.137 257.671 279.283 274.303 308.817 363.055 395.687 383.489 351.029 389.64 428.395 457.328 536.987 617.708 570.233 509.05 463.566 497.54 416.253 356.557 268.98 230.476 216.377 210.893 229.958 219.614 229.737 222.587 222.368 216.804 213.562 212.71 211.655 213.2 218.191 216.343 216.665 215.764 210.526 214.148 215.34 213.878 210.752 0 0 0 0 0 0 0 0 0 0 0 
0 0 0 0 0 0 0 0 0 0 0 0 0 246.087 275.444 287.38 266.84 294.121 291.798 291.057 337.29 368.884 423.179 576.238 688.53 522.912 271.724 260.754 236.21 211.937 204.389 195.549 195.211 206.414 196.442 207.784 200.587 213.944 211.882 204.678 213.46 213.121 211.855 210.292 211.61 208.921 211.463 205.978 209.085 205.884 208.226 208.138 0 0 0 0 0 0 0 0 0 0 0 0 0 
0 0 0 0 0 0 0 0 0 0 0 0 0 0 239.32 247.886 291.358 270.902 246.78 276.709 267.497 262.984 403.739 594.609 662.261 487.375 205.488 242.984 222.635 205.375 207.946 215.013 206.216 215.96 219.72 230.562 212.302 210.391 211.06 205.434 216.939 211.091 210.297 213.119 219.138 207.567 207.778 209.731 214.748 214.913 212.522 0 0 0 0 0 0 0 0 0 0 0 0 0 0 
0 0 0 0 0 0 0 0 0 0 0 0 0 0 0 240.479 214.48 259.85 275.171 263.087 242.72 299.156 446.365 601.431 647.392 491.117 215.529 223.802 252.633 237.161 253.336 244.794 232.354 224.695 211.621 221.962 218.858 224.164 234.146 233.07 235.389 235.384 228.968 225.19 227.819 225.881 219.397 222.104 219.532 220.948 0 0 0 0 0 0 0 0 0 0 0 0 0 0 0 
0 0 0 0 0 0 0 0 0 0 0 0 0 0 0 0 0 229.008 223.352 272.927 258.714 310.408 474.111 625.243 648.007 450.356 241.902 243.902 252.224 240.849 238.179 234.131 238.782 242.186 235.101 239.19 238.138 230.524 229.431 225.087 225.778 229.047 227.646 228.799 229.839 235.344 234.223 232.282 0 0 0 0 0 0 0 0 0 0 0 0 0 0 0 0 0 
0 0 0 0 0 0 0 0 0 0 0 0 0 0 0 0 0 0 0 220.043 231.012 298.272 493.307 652.605 660.146 406.636 249.957 234.695 241.292 238.108 251.744 253.031 240.296 240.799 230.398 230.014 234.271 235.807 241.632 237.834 236.588 242.427 236.433 232.438 239.86 236.938 0 0 0 0 0 0 0 0 0 0 0 0 0 0 0 0 0 0 0 
0 0 0 0 0 0 0 0 0 0 0 0 0 0 0 0 0 0 0 0 0 256.499 432.618 641.821 611.438 327.863 275.526 272.971 266.982 247.977 251.854 249.935 246.224 254.979 254.149 246.368 239.982 234.984 245.36 246.143 241.315 255.423 248.835 244.248 0 0 0 0 0 0 0 0 0 0 0 0 0 0 0 0 0 0 0 0 0 
0 0 0 0 0 0 0 0 0 0 0 0 0 0 0 0 0 0 0 0 0 0 0 0 0 255.407 226.385 224.783 239.672 247.35 255.857 255.205 250.936 254.524 261.286 262.251 264.864 254.734 260.273 254.1 0 0 0 0 0 0 0 0 0 0 0 0 0 0 0 0 0 0 0 0 0 0 0 0 0 
0 0 0 0 0 0 0 0 0 0 0 0 0 0 0 0 0 0 0 0 0 0 0 0 0 0 0 0 0 0 0 0 0 0 0 0 0 0 0 0 0 0 0 0 0 0 0 0 0 0 0 0 0 0 0 0 0 0 0 0 0 0 0 0 0 
