0 0 0 0 0 0 0 0 0 0 0 0 0 0 0 0 0 0 0 0 0 0 0 0 0 0 0 0 0 0 0 0 0 0 0 0 0 0 0 0 0 0 0 0 0 0 0 0 0 0 0 0 0 0 0 0 0 0 0 0 0 0 0 0 0 
0 0 0 0 0 0 0 0 0 0 0 0 0 0 0 0 0 0 0 0 0 0 0 0 0 179.083 188.69 193.121 181 187.992 185.137 181.481 194.598 183.368 184.722 181.407 175.602 180.759 184.67 182.873 0 0 0 0 0 0 0 0 0 0 0 0 0 0 0 0 0 0 0 0 0 0 0 0 0 
0 0 0 0 0 0 0 0 0 0 0 0 0 0 0 0 0 0 0 0 0 180.044 186.523 192.149 187.603 191.615 190.73 188.927 181.174 187.517 188.742 190.436 191.613 186.858 184.649 182.927 183.128 188.084 190.051 181.925 176.626 180.129 178.084 174.532 0 0 0 0 0 0 0 0 0 0 0 0 0 0 0 0 0 0 0 0 0 
0 0 0 0 0 0 0 0 0 0 0 0 0 0 0 0 0 0 0 186.742 192.862 188.376 188.321 188.471 185.359 198.913 192.667 191.536 186.936 193.379 195.187 193.654 188.704 186.95 183.764 189.774 190.312 192.986 188.084 182.244 178.881 184.525 181.027 182.345 186.152 177.905 0 0 0 0 0 0 0 0 0 0 0 0 0 0 0 0 0 0 0 
0 0 0 0 0 0 0 0 0 0 0 0 0 0 0 0 0 184.238 196.218 191.314 185.44 189.427 194.095 192.604 196.496 195.454 195.149 186.815 192.528 197.757 198.933 190.637 191.29 186.485 190.406 198.467 194.915 189.063 188.864 181.076 184.723 189.823 188.406 190.222 184.681 178.773 176.335 171.525 0 0 0 0 0 0 0 0 0 0 0 0 0 0 0 0 0 
0 0 0 0 0 0 0 0 0 0 0 0 0 0 0 184.282 194.328 186.009 195.932 199.49 186.262 193.987 190.777 194.336 205.917 195.903 199.846 184.516 199.973 197.905 196.588 188.701 191.934 192.688 196.076 202.935 192.894 190.648 193.489 182.536 192.305 194.22 192.33 188.586 185.016 182.734 177.202 177.644 179.947 177.716 0 0 0 0 0 0 0 0 0 0 0 0 0 0 0 
0 0 0 0 0 0 0 0 0 0 0 0 0 0 192.996 194.237 189.359 189.36 205.468 196.037 187.755 196.768 197.175 198.482 203.921 194.635 198.513 194.885 203.886 203.684 194.387 198.403 194.606 201.401 196.275 201.29 187.59 195.791 198.145 192.877 197.569 195.626 187.661 191.514 187.567 180.12 183.995 188.98 185.958 183.017 174.09 0 0 0 0 0 0 0 0 0 0 0 0 0 0 
0 0 0 0 0 0 0 0 0 0 0 0 0 201.935 194.779 191.438 198.822 190.868 208.432 196.208 192.958 194.626 202.699 202.905 198.466 197.889 199.415 204.392 204.251 201.383 193.625 202.761 193.911 201.671 200.163 194.488 194.655 199.165 198.505 192.072 199.151 195.633 192.239 191.648 188.508 188.487 194.517 192.398 179.811 186.45 177.239 175.83 0 0 0 0 0 0 0 0 0 0 0 0 0 
0 0 0 0 0 0 0 0 0 0 0 182.962 191.383 195.894 200.576 196.98 196.97 196.633 211.672 193.93 195.552 198.172 207.015 203.305 194.591 205.157 202.176 201.872 205.179 192.73 203.801 202.784 195.028 207.505 195.518 196.144 205.248 198.557 197.53 193.461 196.096 191.372 204.677 195.74 191.562 192.678 194.829 186.522 184.471 190.44 175.761 176.546 171.518 171.33 0 0 0 0 0 0 0 0 0 0 0 
0 0 0 0 0 0 0 0 0 0 187.142 195.043 188.212 196.533 201.927 199.616 198.038 200.696 211.624 194.261 194.436 207.239 207.533 198.515 192.3 211.431 198.492 195.709 206.808 202.282 205.124 198.127 198.363 202.243 204.797 208.513 199.603 194.417 197.409 196.166 203.045 201.403 203.504 197.769 189.686 191.984 193.554 182.999 190.296 184.276 179.949 180.281 179.687 179.021 177.341 0 0 0 0 0 0 0 0 0 0 
0 0 0 0 0 0 0 0 0 191.122 196.585 197.095 192.78 200.601 201.179 197.091 199.601 206.977 213.349 190.042 203.551 209.163 204.313 195.726 207.373 212.065 197.043 200.793 209.325 207.917 198.63 200.689 201.378 204.783 210.861 195.583 198.873 204.413 201.244 208.104 205.843 198.401 199.397 201.93 183.463 196.9 195.176 189.071 194.018 188.204 187.228 186.275 184.979 182.682 180.077 169.699 0 0 0 0 0 0 0 0 0 
0 0 0 0 0 0 0 0 191.711 203.511 199.777 194.448 198.825 201.284 205.2 197.118 199.682 212.406 205.527 192.083 211.001 208.958 200.486 206.523 213.488 197.387 203.943 215.008 211.89 193.923 197.277 216.33 203.999 201.771 198.173 190.34 214.824 205.586 209.062 202.247 196.624 197.018 198.602 195.576 190.969 203.3 197.992 190.551 195.894 191.314 189.941 189.155 182.066 177.409 181.021 174.84 168.612 0 0 0 0 0 0 0 0 
0 0 0 0 0 0 0 0 194.95 193.423 205.982 202.884 203.272 198.289 203.701 201.732 207.211 210.98 200.664 202.56 208.526 198.146 208.065 214.106 204.589 198.463 223.379 205.114 196.435 208.837 214.978 204.937 192.171 194.913 212.067 208.358 211.661 203.532 196.718 193.882 198.865 196.625 203.57 204.304 200.048 198.478 192.842 195.233 197.684 195.003 187.27 180.027 180.047 185.321 184.318 171.047 163.083 0 0 0 0 0 0 0 0 
0 0 0 0 0 0 0 203.497 197.448 199.27 197.255 200.927 207.427 201.066 204.275 200.137 214.239 211.445 198.107 213.959 204.613 198.234 222.5 196.658 203.617 220.942 200.7 197.15 222.142 214.748 190.487 193.896 209.144 212.594 212.5 193.81 194.124 201.028 196.877 201.61 208.989 202.203 209.261 194.56 192.279 196.52 196.135 193.006 194.979 182.664 181.623 188.088 187.536 186.637 177.01 172.301 178.171 173.829 0 0 0 0 0 0 0 
0 0 0 0 0 0 195.243 200.697 193.642 203.682 207.393 205.714 199.519 199.758 202.969 209.6 211.064 205.327 215.148 210.499 196.356 236.401 197.558 206.883 219.089 189.964 208.39 224.66 204.173 190.155 210.703 220.643 197.961 181.643 195.649 203.273 215.793 211.709 194.334 203.362 200.707 196.595 193.821 191.935 196.446 193.317 186.192 194.05 196.702 189.624 194.614 190.275 185.039 188 183.795 181.109 181.357 174.806 166.632 0 0 0 0 0 0 
0 0 0 0 0 192.123 202.442 206.584 203.284 200.731 200.461 214.515 211.428 200.312 197.322 216.779 209.687 211.162 223.212 194.844 223.494 212.846 215.876 224.679 197.538 214.974 203.545 201.745 206.058 212.412 195.358 192.231 196.081 202.917 220.557 208.474 192.449 182.098 179.841 196.798 196.713 193.394 199.654 197.543 198.521 194.36 195.704 201.181 199.401 183.657 186.009 185.12 193.582 187.857 180.584 180.572 172.913 166.22 172.269 170.878 0 0 0 0 0 
0 0 0 0 0 199.436 200.947 205.48 208.411 207.318 205.683 212.809 215.721 199.73 207.338 225.776 197.038 242.483 204.167 228.973 221.27 214.386 226.494 218.141 220.656 202.641 222.189 216.351 175.775 192.415 207.423 194.51 180.825 171.071 183.997 174.016 181.941 199.552 197.775 205.614 199.168 190.039 188.964 195.023 189.334 186.369 188.819 187.119 183.819 183.426 186.63 181.216 180.93 172.774 175.298 174.747 170.872 174.13 174.42 158.323 0 0 0 0 0 
0 0 0 0 202.167 200.088 202.762 207.078 211.102 206.099 208.242 223.356 231.835 197.736 228.495 223.067 220.337 243.254 222.87 247.039 255.013 251.722 262.639 271.625 260.297 289.87 298.363 275.68 276.313 260.141 218.715 186.746 191.193 187.021 177.444 167.851 180.916 188.982 170.185 170.087 161.141 167.699 173.892 184.872 178.579 168.452 174.675 173.307 177.481 176.431 168.846 176.255 175.605 177.676 177.543 171.371 164.106 167.037 161.809 155.626 151.798 0 0 0 0 
0 0 0 0 201.264 202.779 203.94 212.038 210.282 207.448 205.228 216.303 223.12 195.691 227.485 197.563 235.858 214.962 228.772 221.449 235.232 258.237 334.428 379.062 417.763 486.513 484.911 507.951 531.92 515.681 487.133 449.858 374.994 269.784 222.694 215.192 197.502 185.034 172.617 190.478 193.847 204.035 205.959 215.969 199.201 195.021 200.419 200.556 199.315 198.789 199.638 197.488 197.335 191.383 183.928 177.697 185.983 188.897 177.538 173.517 175.265 0 0 0 0 
0 0 0 198.389 198.175 202.609 198.662 209.354 209.665 206.461 200.042 222.442 213.684 203.491 201.347 209.806 218.296 221.116 231.391 310.574 395.937 489.459 565.547 579.674 616.429 613.754 600.105 615.429 616.637 611.383 602.573 605.771 587.371 546.423 480.305 365.435 246.743 228.799 242.559 248.073 224.371 210.926 202.233 210.78 202.703 203.142 206.589 219.898 214.146 202.864 203.143 206.361 207.107 198.292 191.963 202.545 207.109 195.419 190.27 193.089 184.9 180.023 0 0 0 
0 0 0 203.012 197.618 199.437 197.155 202.814 204.917 203.152 197.296 220.796 199.059 228.209 187.358 219.132 228.915 296.163 436.37 557.741 588.213 624.976 619.956 609.644 627.039 628.516 623.74 649.779 639.699 628.166 644.089 623.08 611.048 613.712 601.198 566.427 474.933 333.112 232.11 199.92 204.227 213.526 235.786 237.029 222.806 220.273 224.556 222.521 211.724 202.101 210.6 216.647 208.946 204.289 209.365 213.654 200.622 191.006 195.719 190.158 187.681 191.284 0 0 0 
0 0 197.698 202.166 198.9 202.09 206.452 211.798 217.013 205.401 198.535 225.224 201.031 222.705 206.482 242.484 397.152 522.675 602.119 607.196 608.741 630.046 643.993 635.465 647.186 628.002 647.369 652.908 633.793 662.084 646.229 644.038 663.402 637.739 613.466 616.35 601.867 525.861 392.886 276.68 230.271 210.093 224.57 237.25 227.327 224.02 222.732 225.564 213.609 215.09 222.122 224.244 207.898 201.67 211.424 205.596 202.761 204.913 195.781 192.57 197.323 188.294 179.277 0 0 
0 0 199.879 200.897 204.953 202.33 203.018 209.206 207.835 200.468 206.384 211.029 225.316 206.261 267.327 442.115 597.221 603.952 631.973 624.18 637.149 645.311 638.443 628.255 651.768 630.295 664.217 633.273 673.859 662.917 658.235 669.955 636.641 636.153 662.627 661.879 624.215 598.004 599.866 442.839 260.477 250.405 233.126 207.614 202.699 205.406 213.871 221.694 204.683 217.173 223.282 220.88 209.045 220.277 215.039 211.629 208.362 204.041 199.974 202.491 198.289 186.536 180.053 0 0 
0 0 206.09 200.808 202.176 204.642 194.227 203.296 215.684 191.597 212.665 198.956 226.557 264.709 452.344 578.41 615.246 608.84 647.631 637.136 638.049 661.142 630.581 651.974 631.458 640.683 617.98 602.296 585.551 594.017 629.58 630.091 666.613 657.229 631.313 638.952 640.463 623.897 625.428 590.784 436.168 215.341 233.782 245.034 241.55 226.487 226.578 222.411 222.175 224.151 226.878 217.853 217.172 215.269 212.991 215.389 206.59 201.453 208.96 207.085 195.276 191.4 192.477 0 0 
0 0 203.571 199.58 205.918 208.523 205.523 208.837 224.386 196.593 228.77 193.921 282.583 464.485 596.377 616.33 633.414 642.898 656.445 647.39 651.273 668.335 610.629 626.401 597.781 614.827 590.99 579.202 586.654 612.429 601.037 606.089 610.794 633.188 652.299 682.54 648.44 624.455 632.967 591.361 579.405 462.834 197.469 227.908 250.828 222.201 220.174 216.91 208.631 206.377 212.465 201.323 207.967 205.534 212.828 200.907 202.485 208.465 207.466 197.606 195.381 195.95 192.443 0 0 
0 195.648 200.135 205.534 207.508 203.408 207.21 204.155 222.48 195.071 234.311 229.109 423.983 599.842 608.572 637.487 628.301 647.571 659.183 627.81 615.973 596.338 583.755 611.04 636.75 620.029 628.064 630.237 632.56 638.375 648.73 636.903 632.512 620.464 607.463 652.797 663.357 658.694 687.453 648.296 612.779 597.416 376.712 181.99 255.603 202.021 214.799 241.429 223.512 227.067 220.87 211.542 214.627 223.926 214.017 209.709 217.01 210.939 206.541 203.449 200.664 195.632 189.992 185.846 0 
0 210.101 205.696 206.131 207.56 204.529 203.881 202.892 222.212 187.897 225.406 333.591 556.264 620.345 606.535 653.169 623.012 653.5 639.635 570.569 604.188 603.139 639.017 620.142 622.591 625.596 626.921 640.949 638.842 631.863 647.82 655.856 657.63 661.368 624.17 637.824 643.81 659.287 655.437 625.19 632.092 601.241 560.485 273.408 264.154 211.282 240.015 245.18 222.265 230.744 226.264 225.071 228.696 221.953 212.76 215.369 213.326 210.005 210.577 207.394 202.733 200.907 203.307 202.102 0 
0 208.126 201 203.894 205.274 212.975 203.949 196.137 225.411 188.055 261.045 494.756 600.482 633.54 612.364 660.452 618.906 634.836 582.151 565.309 614.251 590.673 596.603 583.34 571.266 565.491 566.108 580.722 598.609 646.389 663.626 679.004 678.984 675.635 634.566 656.728 619.882 652.199 694.886 680.308 675.411 630.435 603.447 466.029 256.046 217.102 257.146 245.737 227.888 245.069 239.125 234.013 236.323 225.198 218.353 225.239 221.46 221.482 212.244 207.743 204.677 207.922 205.591 192.526 0 
0 202.6 202.708 208.702 203.336 205.066 211.161 202.446 235.106 208.195 381.028 582.668 608.992 661.275 623.303 666.669 622.012 605.467 611.699 612.891 635.956 605.964 619.189 590.255 518.034 433.716 370.824 331.833 310.79 340.439 424.973 552.043 650.582 671.096 617.184 662.719 624.486 641.685 621.86 677.025 654.384 637.758 612.821 562.008 294.877 220.129 238.582 204.964 208.789 234.024 213.71 220.789 218.551 213.976 219.595 223.106 216.851 209.229 202.925 205.57 207.574 197.674 186.666 186.894 0 
0 207.378 206.9 209.45 211.426 211.95 211.174 196.191 226.197 250.413 500.67 612.984 618.386 662.676 627.466 663.652 611.854 592.662 651.253 626.389 653.84 639.924 552.387 382.779 264.646 220.178 205.803 209.004 201.464 195.9 205.778 261.333 428.211 641.535 623.458 629.341 581.271 603.282 555.479 656.013 608.614 643.874 614.178 589.022 410.636 245.851 232.83 191.642 229.624 214.743 196.173 204.366 205.87 204.632 206.988 210.304 202.14 200.088 204.122 201.334 192.428 186.703 188.2 186.281 0 
0 208.468 200.458 208.397 208.776 204.294 209.321 203.899 246.773 333.626 570.832 614.295 636.985 674.176 643.994 646.673 598.853 615.208 660.708 625.843 644.95 514.08 290.902 203.004 204.184 203.864 203.699 200.684 199.783 205.354 205.28 209.332 227.828 429.091 644.137 583.708 615.437 644.566 577.811 631.603 621.771 632.909 588.46 586.877 504.535 268.049 212.015 195.432 234.106 194.291 204.125 219.397 208.937 208.172 207.289 194.604 196.153 196.489 197.713 195.881 194.837 190.632 186.226 182.131 0 
0 208.798 204.315 207.999 207.091 210.8 222.627 200.186 244.417 411.551 613.382 625.175 639.199 660.484 651.826 607.657 611.33 631.479 643.889 626.51 552.514 289.731 200.911 209.905 205.34 207.684 204.01 201.325 195.7 192.726 189.026 184.891 217.899 220.791 529.033 653.49 580.804 600.585 606.254 607.77 665.33 630.157 632.749 598.156 552.032 317.914 237.726 207.657 213.568 175.607 218.694 207.436 201.42 211.826 200.263 192.551 197.423 200.816 203.284 194.432 194.18 189.138 184.072 183.827 0 
0 206.949 209.434 217.506 215.985 212.541 212.299 197.385 266.609 486.326 614.738 629.804 642.335 661.342 646.473 590.72 641.355 636.505 628.028 621.163 382.361 210.993 210.008 207.924 205.285 208.471 205.737 208.543 205.688 200.656 201.743 176.822 177.861 203.419 284.219 584.883 636.159 604.967 603.537 590.263 635.266 622.339 649.821 599.986 578.833 377.574 235.136 196.104 204.002 213.956 220.3 188.275 199.986 200.667 194.161 198.599 204.235 198.5 196.876 190.012 189.47 184.947 186.204 185.84 0 
0 214.818 205.686 208.158 206.831 208.501 213.967 198.14 287.661 531.48 621.469 637.404 647.545 647.934 636.517 578.51 641.167 653.267 617.386 551.199 257.893 206.568 199.911 199.397 203.354 201.081 201.141 196.267 196.709 194.359 190.952 173.22 151.108 210.546 224.422 435.506 624.141 624.554 619.25 612.18 620.529 639.204 606.367 622.704 596.705 445.45 230.695 211.221 200.849 231.052 199.302 196.968 206.547 200.991 204.059 202.909 200.437 196.027 194.485 190.798 191.457 188.843 182.656 176.236 0 
0 202.499 201.176 207.39 208.716 215.362 217.025 210.311 315.004 560.748 617.579 638.043 655.275 649.268 619.702 559.944 636.256 659.433 611.465 472.977 212.082 209.479 198.073 198.947 204.739 201.978 203.962 198.779 197.073 198.354 192.332 186.552 186.882 197.076 200.082 336.671 587.198 620.724 630.633 592.306 641.55 625.865 629.821 621.102 580.844 476 241.293 242.233 203.929 205.918 178.149 215.82 211.789 200.107 202.157 206.899 195.257 192.304 194.748 193.628 192.452 186.398 185.039 185.652 0 
0 206.225 205.036 212.65 215.286 220.101 209.188 211.423 323.895 577.467 620.836 646.938 653.975 638.689 598.195 561.58 643.136 645.942 623.969 415.974 200.101 210.434 205.227 200.318 204.742 201.296 204.858 198.967 198.014 196.658 193.428 185.764 190.397 193.03 199.39 300.309 570.695 610.154 626.819 614.985 607.397 646.992 643.776 602.525 608.881 496.283 255.942 210.591 205.674 194.963 222.834 220.066 196.757 208.731 203.467 190.662 190.992 197.883 198.191 195.101 191.28 184.618 186.12 184.128 0 
0 211.704 208.872 207.532 208.457 209.857 213.151 223.41 314.079 587.265 633.229 646.586 645.246 648.497 596.115 572.165 641.841 627.883 656.991 382.873 206.78 204.423 204.544 198.856 201.739 203.477 208.649 202.243 200.349 196.527 199.541 197.205 196.319 197.205 199.531 275.002 558.694 604.378 629.865 604.294 622.471 635.907 616.002 647.52 601.045 517.371 258.424 195.827 225.927 207.102 221.321 194.66 203.187 207.614 196.027 198.091 201.558 203.866 199.399 195.431 191.546 185.586 183.355 182.264 0 
0 203.654 193.935 204.718 204.787 210.01 220.262 231.362 302.536 587.403 607.82 644.878 653.189 660.374 583.508 567.839 635.743 632.131 655.358 408.765 212.213 208.385 204.284 203.511 201.359 204.004 204.093 200.076 199.887 192.797 194.351 196.601 197.686 201.058 201.547 286.87 578.524 608.611 618.718 616.619 612.795 634.801 649.129 615.9 595.603 516.885 253.207 236.344 205.958 221.142 188.079 193.27 215.678 202.697 202.265 199.332 209.599 205.818 198.852 193.395 191.418 188.678 189.012 187.302 0 
0 208.79 203.013 208.672 212.045 217.259 204.547 217.237 295.112 565.591 615.516 638.916 644.979 670.196 597.119 562.025 630.346 636.23 642.779 498.2 206.874 212.329 197.135 201.822 198.557 198.208 203.128 199.92 201.055 198.932 196.651 196.001 196.954 202.106 193.654 339.982 607.096 614.895 623.629 596.712 632.581 640.305 619.128 628.049 614.954 494.744 253.268 215.868 201.156 199.248 198.751 222.782 204.465 199.091 204.529 208.5 200.876 191.927 192.364 199.894 195.626 190.907 188.488 184.996 0 
0 205.434 217.703 215.984 213.866 210.677 211.132 221.931 291.741 516.765 617.011 633.141 652.554 655.176 626.865 534.476 621.019 636.509 626.987 589.641 277.096 205.892 206.401 201.033 201.858 194.204 197.85 196.502 196.052 198.586 199.254 200.31 199.93 209.076 216.617 444.153 632.627 614.568 613.618 594.245 609.003 643.809 648.532 612.882 593.852 472.999 225.11 199.066 225.053 202.747 223.674 206.214 206.022 214.778 209.724 196.126 192.999 195.513 196.243 195.03 196.758 192.161 188.478 179.572 0 
0 0 208.016 205.038 210.321 207.451 218.411 207.531 280.053 484.186 617.643 640.732 652.352 647.992 665.067 527.026 595.12 644.422 637.297 617.995 438.233 195.684 207.688 203.303 202.119 203.358 204.137 199.818 201.647 201.977 198.518 200.601 206.062 205.851 291.312 547.913 620.165 613.139 596.491 588.947 647.978 642.186 615.938 603.521 595.414 413.936 221.185 226.14 201.555 228.504 198.424 198.521 213.088 204.227 193.137 193.534 196.169 197.895 198.122 193.46 187.507 180.364 185.481 0 0 
0 0 205.521 202.954 207.477 213.775 218.363 206.989 225.793 423.896 593.185 634.601 652.363 659.114 671.089 591.836 568.729 638.498 630.225 638.693 590.067 337.68 196.473 218.151 204.282 197.198 203.695 202.26 197.746 196.999 192.843 203.557 201.348 237.391 459.392 605.941 613.886 624.713 582.962 589.152 628.232 632.819 643.575 613.429 569.298 352.429 215.707 198.478 209.354 184.899 196.761 209.312 201.872 199.277 200.181 205.977 204.71 202.473 198.62 191.772 190.425 189.335 184.852 0 0 
0 0 203.639 202.509 207.294 210.747 207.318 208.192 215.553 370.633 554.202 613.533 633.921 647.233 647.072 648.83 580.244 628.665 647.211 635.19 643.499 556.524 338.678 203.359 203.031 201.418 203.759 205.1 205.09 204.51 204.289 205.203 230.311 416.636 595.616 607.031 612.948 608.442 575.466 643.002 647.85 635.621 607.04 587.326 532.203 279.776 203.422 209.036 197.724 208.487 226.537 213.494 203.062 203.762 208.743 205.286 200.943 198.198 194.977 192.364 187.964 186.498 185.16 0 0 
0 0 205.612 213.551 212.494 211.932 203.836 210.795 209.613 260.262 519.293 611.006 638.635 641.101 644.239 648.518 620.98 582.647 626.919 633.019 641.646 635.027 590.587 439.777 280.973 238.021 210.549 205.904 200.461 204.676 201.571 262.145 431.029 603.069 614.492 621.785 620.575 568.698 584.002 625.034 623.917 625.695 622.79 599.634 453.478 235.549 234.962 216.391 226.437 231.325 199.396 199.928 210.928 213.066 206.525 199.113 200.621 200.231 198.052 198.637 195.152 196.525 191.058 0 0 
0 0 0 216.019 199.836 204.153 203.623 215.439 209.256 200.891 409.007 575.026 621.108 633.965 654.63 640.696 646.247 603.793 591.474 618.712 617.809 627.362 600.719 606.076 559.769 445.569 383.786 350.084 317.337 332.239 430.662 572.807 654.157 649.504 638.003 640.538 593.098 591.323 654.873 658.8 654.252 629.678 612.622 575.739 356.567 230.635 219.457 226.254 216.223 198.68 223.134 222.678 213.981 208.049 207.871 206.74 211.599 212.039 209.61 211.046 203.432 200.177 0 0 0 
0 0 0 205.71 202.768 209.348 209.536 204.287 200.348 197.752 245.542 499.943 591.168 608.961 636.153 638.154 631.223 632.71 589.935 588.478 588.991 605.714 586.961 573.969 577.63 589.044 553.308 547.215 609.663 663.038 676.449 670.227 657.959 668.141 680.046 632.03 594.688 663.116 670.025 662.538 666.945 648.118 632.126 507.834 277.76 234.706 252.512 223.771 233.587 251.797 235.348 224.782 223.306 224.16 225.522 225.566 221.112 214.071 210.802 203.656 205.512 204.141 0 0 0 
0 0 0 0 213.746 206.71 208.786 204.742 205.455 214.569 204.463 354.129 570.443 595.734 619.164 631.761 626.779 634.039 653.799 621.464 599.019 617.106 622.957 626.962 625.134 625.162 648.158 653.942 632.817 627.256 650.076 664.155 668.165 646.81 591.917 569.285 619.009 653.751 647.394 660.21 646.623 618.024 574.046 361.421 237.598 237.93 227.149 241.103 244.841 222.449 217.738 221.436 226.952 227.408 223.67 220.942 215.378 211.715 209.559 207.819 205.585 0 0 0 0 
0 0 0 0 206.049 204.761 201.227 208.504 207.242 213.129 213.591 213.729 446.298 584.775 611.077 645.54 642.61 640.726 652.476 652.265 625.54 614.086 599.425 599.463 611.681 624.338 626.554 640.818 653.578 646.63 644.07 622.329 616.36 588.21 607.064 652.201 664.52 660.276 647.887 634.52 621.253 595.15 441.442 253.33 226.116 230.759 243.175 217.498 205.305 224.904 228.67 224.003 220.303 215.573 211.405 207.765 210.117 210.739 205.099 204.113 202.531 0 0 0 0 
0 0 0 0 0 213.76 196.911 216.562 215.355 212.79 217.452 213.993 245.044 485.692 585.101 621.868 620.549 635.327 657.502 649.749 652.72 650.878 647.353 623.757 611.951 609.577 613.325 608.363 603.756 627.232 633.877 606.782 607.765 623.652 660.24 661.534 653.46 660.13 649.396 629.877 606.084 492.756 275.574 215.06 225.795 214.519 206.785 224.537 233.826 226.147 217.866 210.324 205.836 211.22 212.269 208.351 206.943 204.06 205.079 205.154 0 0 0 0 0 
0 0 0 0 0 199.079 202.926 207.119 205.209 199.238 203.077 214.983 202.776 254.596 486.614 586.525 605.36 615.598 641.86 643.279 636.363 645.93 645.991 635.904 637.876 648.092 629.582 608.074 617.101 631.815 646.909 655.867 662.737 655.724 646.458 643.63 645.374 647.885 621.988 602.933 518.689 325.306 238.39 238.386 222.415 232.541 237.926 221.629 207.96 208.056 213.163 218.288 220.156 217.427 218.069 219.064 214.174 210.129 206.848 203.059 0 0 0 0 0 
0 0 0 0 0 0 213.947 208.011 206.987 202.016 206.761 214.514 210.519 196.29 287.149 478.073 557.833 599.547 624.745 637.945 633.71 644.782 648.01 642.82 638.556 641.863 648.456 656.656 656.574 655.187 651.367 659.024 665.936 662.818 668.07 645.786 624.798 617.43 595.811 507.58 326.407 226.522 222.217 237.706 228.534 211.573 213.104 214.925 225.009 226.02 221.731 216.092 213.771 209.827 206.559 205.605 204.276 205.125 205.266 0 0 0 0 0 0 
0 0 0 0 0 0 0 214.275 204.01 204.597 214.655 219.428 201.684 203.814 190.152 254.521 410.694 521.6 608.86 617.092 613.202 633.481 631.067 646.451 638.528 634.89 649.886 646.945 648.481 656.106 649.669 652.181 638.165 632.208 635.561 619.873 611.16 593.919 482.302 320.038 241.726 242.53 215.617 216.179 209.526 222.969 227.963 223.827 218.771 219.126 217.314 216.176 217.161 211.422 204.774 201.14 196.566 195.105 0 0 0 0 0 0 0 
0 0 0 0 0 0 0 0 206.083 199.162 204.323 212.287 199.879 206.892 217.8 210.219 226.108 329.403 437.238 557.304 601.62 611.502 621.211 632.289 623.899 630.99 635.777 630.998 637.298 636.926 639.812 643.843 628.394 615.093 612.223 598.9 554.075 434.444 280.93 221.599 205.21 232.694 233.095 243.23 229.912 222.053 216.672 212.962 208.775 209.793 206.058 204.627 205.698 207.073 208.411 208.941 206.81 0 0 0 0 0 0 0 0 
0 0 0 0 0 0 0 0 202.632 200.186 208.974 208.12 204.53 214.08 211.974 207.42 198.168 212.63 269.386 321.794 419.305 534.292 581.67 602.44 610.548 621.296 627.439 619.59 620.402 620.479 609.168 613.515 599.48 602.823 570.948 469.216 334.367 241.023 231.215 231.776 220.68 204.355 201.766 202.021 205.456 210.472 212.376 210.474 212.184 216.755 215.567 210.26 211.186 206.306 203.959 200.196 198.32 0 0 0 0 0 0 0 0 
0 0 0 0 0 0 0 0 0 203.05 217.013 210.4 210.434 210.819 206.604 212.611 213.912 218.529 212.308 231.717 243.64 253.306 345.907 418.527 476.727 498.724 528.808 554.429 566.546 549.023 557.953 528.863 477.756 409.677 304.678 228.961 202.511 197.072 200.645 193.548 211.933 216.831 214.214 211.192 209.963 213.78 215.018 204.915 203.254 203.439 203.612 197.138 198.285 197.176 194.112 190.852 0 0 0 0 0 0 0 0 0 
0 0 0 0 0 0 0 0 0 0 222.567 223.847 215.012 228.93 228.836 241.884 240.801 235.931 240.027 256.566 267.855 279.007 260.774 263.064 315.724 344.12 351.043 356.047 339.453 327.583 317.352 267.142 217.926 189.653 172.334 173.491 170.709 166.916 175.949 170.019 162.458 158.307 160.683 169.968 167.607 161.899 169.499 167.898 166.405 166.995 171.38 171.382 167.267 170.077 169.816 0 0 0 0 0 0 0 0 0 0 
0 0 0 0 0 0 0 0 0 0 0 212.33 209.736 224.281 210.365 224.374 216.996 212.759 229.648 225.946 225.287 229.437 237.483 248.105 225.852 206.621 213.388 221.757 207.406 202.016 170.609 149.081 151.957 163.268 165.68 175.657 177.414 180.304 188.87 190.511 191.374 192.203 188.364 179.851 185.879 185.405 181.989 180.446 180.69 177.554 176.386 178.628 175.407 174.352 0 0 0 0 0 0 0 0 0 0 0 
0 0 0 0 0 0 0 0 0 0 0 0 0 220.359 203.621 215.115 218.302 216.148 219.513 212.293 212.286 222.935 223.222 212.812 212.65 226.091 203.194 191.377 199 204.175 203.113 209.316 204.974 201.667 194.579 189.109 186.492 183.77 190.951 190.134 181.973 189.329 200.695 192.379 192.264 191.347 192.188 191.227 188.635 188.072 187.193 185.982 0 0 0 0 0 0 0 0 0 0 0 0 0 
0 0 0 0 0 0 0 0 0 0 0 0 0 0 203.301 215.806 213.191 204.2 204.317 207.446 214.092 214.667 210.959 207.835 209.434 218.007 205.024 205.15 200.793 198.518 191.433 201.932 203.974 208.646 207.29 205.085 197.643 190.078 206.5 196.211 189.948 194.173 193.259 189.902 193.894 198.18 195.405 190.091 184.99 184.592 187.335 0 0 0 0 0 0 0 0 0 0 0 0 0 0 
0 0 0 0 0 0 0 0 0 0 0 0 0 0 0 212.978 208.653 207.033 206.731 207.571 211.472 209.586 201.76 213.818 216.743 208.656 206.263 209.114 204.811 206.952 207.392 200.914 198.926 198.062 199.65 204.909 206.161 194.906 202.796 200.561 200.84 195.709 194.59 191.662 194.57 194.424 194.353 196.578 195.973 182.965 0 0 0 0 0 0 0 0 0 0 0 0 0 0 0 
0 0 0 0 0 0 0 0 0 0 0 0 0 0 0 0 0 207.132 202.481 207.911 199.52 205.841 209.015 209.725 207.776 207.288 211.082 204.037 206.456 204.617 207.257 203.621 204.54 202.239 200.433 197.89 196.759 202.09 204.712 200.32 199.457 201.263 196.405 193.213 194.608 194.809 195.302 189.082 0 0 0 0 0 0 0 0 0 0 0 0 0 0 0 0 0 
0 0 0 0 0 0 0 0 0 0 0 0 0 0 0 0 0 0 0 210.275 201.513 206.928 208.18 201.327 202.78 207.224 210.326 205.558 207.994 206.216 207.91 208.046 202.758 207.45 207.722 199.991 198.993 194.154 197.592 198.532 195.453 203.472 198.517 194.493 195.314 195.925 0 0 0 0 0 0 0 0 0 0 0 0 0 0 0 0 0 0 0 
0 0 0 0 0 0 0 0 0 0 0 0 0 0 0 0 0 0 0 0 0 203.638 211.782 202.182 203.664 203.218 206.675 201.983 197.969 203.538 203.983 198.214 200.577 205.902 200.903 194.087 200.45 202.067 195.536 194.749 196.929 195.117 198.308 192.473 0 0 0 0 0 0 0 0 0 0 0 0 0 0 0 0 0 0 0 0 0 
0 0 0 0 0 0 0 0 0 0 0 0 0 0 0 0 0 0 0 0 0 0 0 0 0 205.969 207.03 208.627 202.737 205.175 204.288 197.146 202.919 208.242 196.961 197.968 199.889 201.057 191.008 198.887 0 0 0 0 0 0 0 0 0 0 0 0 0 0 0 0 0 0 0 0 0 0 0 0 0 
0 0 0 0 0 0 0 0 0 0 0 0 0 0 0 0 0 0 0 0 0 0 0 0 0 0 0 0 0 0 0 0 0 0 0 0 0 0 0 0 0 0 0 0 0 0 0 0 0 0 0 0 0 0 0 0 0 0 0 0 0 0 0 0 0 
