0 0 0 0 0 0 0 0 0 0 0 0 0 0 0 0 0 0 0 0 0 0 0 0 0 0 0 0 0 0 0 0 0 0 0 0 0 0 0 0 0 0 0 0 0 0 0 0 0 0 0 0 0 0 0 0 0 0 0 0 0 0 0 0 0 
0 0 0 0 0 0 0 0 0 0 0 0 0 0 0 0 0 0 0 0 0 0 0 0 0 179.786 189.487 190.495 185.767 185.242 186.474 187.198 192.559 182.487 185.439 182.933 179.094 181.552 182.869 184.678 0 0 0 0 0 0 0 0 0 0 0 0 0 0 0 0 0 0 0 0 0 0 0 0 0 
0 0 0 0 0 0 0 0 0 0 0 0 0 0 0 0 0 0 0 0 0 180.917 189.142 191.091 187.771 192.865 193.783 189.058 187.622 187.321 191.301 193.7 190.523 187.159 185.326 182.575 187.781 187.725 189.416 182.99 180.49 178.131 179.127 176.568 0 0 0 0 0 0 0 0 0 0 0 0 0 0 0 0 0 0 0 0 0 
0 0 0 0 0 0 0 0 0 0 0 0 0 0 0 0 0 0 0 185.808 190.924 189.743 189.609 192.051 188.062 200.462 192.099 191.914 191.923 193.134 198.32 195.104 188.666 188.18 183.237 190.606 193.245 192.317 190.891 183.535 181.678 183.028 184.868 183.352 186.487 178.277 0 0 0 0 0 0 0 0 0 0 0 0 0 0 0 0 0 0 0 
0 0 0 0 0 0 0 0 0 0 0 0 0 0 0 0 0 186.97 196.733 192.372 188.613 191.006 192.6 197.097 200.61 196.499 192.905 190.641 194.868 199.939 201.161 192.982 190.731 187.653 191.017 197.361 195.737 194.573 189.768 182.325 186.047 192.329 191.204 187.954 184.949 180.51 181.751 169.518 0 0 0 0 0 0 0 0 0 0 0 0 0 0 0 0 0 
0 0 0 0 0 0 0 0 0 0 0 0 0 0 0 184.819 191.974 188.87 198.224 198.432 191.098 197.008 188.564 197.939 210.858 195.621 197.416 190.362 199.882 201.069 197.021 191.287 191.15 195.172 196.637 198.224 199.328 195.355 191.116 188.175 193.337 195.279 191.745 189.55 187.54 185.099 177.87 178.03 182.112 177.95 0 0 0 0 0 0 0 0 0 0 0 0 0 0 0 
0 0 0 0 0 0 0 0 0 0 0 0 0 0 192.579 195.316 190.679 190.595 205.673 194.711 194.624 199.836 195.457 201.399 208.481 194.498 197.618 198.958 203.185 205.925 194.868 200.967 195.689 204.253 193.785 197.212 196.215 196.396 197.228 199.384 194.513 195.855 188.46 193.271 188.457 184.486 184.997 189.11 184.334 183.749 175.161 0 0 0 0 0 0 0 0 0 0 0 0 0 0 
0 0 0 0 0 0 0 0 0 0 0 0 0 200.988 196.242 194.998 199.426 191.119 207.429 196.05 198.221 197.714 202.724 205.9 199.814 197.733 202.322 205.92 203.62 201.893 193.472 206.172 194.704 201.749 195.554 196.615 200.45 198.794 199.843 194.849 196.544 196.221 193.637 194.678 190.382 191.025 191.761 191.873 182.495 186.223 180.408 175.931 0 0 0 0 0 0 0 0 0 0 0 0 0 
0 0 0 0 0 0 0 0 0 0 0 183.596 193.53 198.301 198.956 200.508 198.049 199.331 209.121 195.169 197.783 201.025 208.191 207.289 194.452 204.701 207.985 203.229 202.817 197.341 202.229 205.972 195.708 205.987 196.639 199.928 205.693 201.098 199.22 193.814 194.798 195.896 207.197 194.973 193.898 194.938 191.72 189.098 186.966 190.407 180.213 177.586 172.158 173.957 0 0 0 0 0 0 0 0 0 0 0 
0 0 0 0 0 0 0 0 0 0 186.828 196.473 191.479 202.465 199.915 200.771 201.057 207.576 207.295 197.297 196.01 208.041 208.516 203.998 194.223 211.065 204.008 197.528 205.098 207.769 204.032 199.135 198.592 204.795 207.609 208.148 200.109 197.757 197.581 196.078 207.081 205.256 201.492 197.358 196.15 187.701 193.216 189.53 188.905 186.49 184.534 181.94 181.476 181.886 175.662 0 0 0 0 0 0 0 0 0 0 
0 0 0 0 0 0 0 0 0 193.914 195.605 196.494 190.582 209.587 200.433 197.657 200.058 214.76 209.606 193.075 202.396 209.892 206.191 199.593 209.956 211.477 200.97 203.596 207.786 209.326 199.375 197.443 207.81 207.427 209.518 196.371 198.434 206.099 201.33 209.569 210.892 195.554 199.802 203.573 184.518 195.484 199.604 191.743 191.75 192.616 190.302 184.868 187.032 180.187 178.769 174.4 0 0 0 0 0 0 0 0 0 
0 0 0 0 0 0 0 0 189.625 203.929 203.195 197.447 195.17 205.266 205.085 197.818 198.168 218.822 204.351 196.425 210.462 206.844 203.14 206.615 216.16 198.648 205.895 219.395 210.518 193.037 197.75 213.539 213.634 200.846 197.758 194.486 210.483 208.029 207.645 204.529 196.988 195.591 199.206 198.374 193.325 204.38 199.7 191.509 195 195.679 188.772 187.073 184.747 180.106 182.186 175.868 168.775 0 0 0 0 0 0 0 0 
0 0 0 0 0 0 0 0 196.931 196.337 208.242 205.652 201.297 202.512 203.93 201.893 205.846 216.02 200.859 206.283 209.248 197.838 210.486 213.687 207.258 201.987 223.503 206.88 198.66 208.439 214.032 203.947 197.534 198.179 212.234 209.441 208.248 205.962 194.805 196.313 197.592 199.382 204.268 209.346 196.617 199.409 196.214 195.086 196.385 196.87 186.11 186.229 182.932 183.312 183.216 172.482 166.785 0 0 0 0 0 0 0 0 
0 0 0 0 0 0 0 201.108 195.801 197.064 202.956 205.562 207.382 201.227 205.637 203.33 213.108 212.496 200.187 220.088 200.498 202.377 226.532 193.824 209.114 221.641 198.094 204.258 222.925 210.934 191.571 194.639 217.641 210.861 209.034 194.382 194.269 203.265 198.458 204.345 206.348 205.449 207.752 196.611 190.69 200.114 195.788 190.199 196.388 188.158 185.741 187.881 184.509 186.077 183.494 176.207 176.813 173.915 0 0 0 0 0 0 0 
0 0 0 0 0 0 194.595 201.325 199.015 197.857 204.445 204.875 204.304 204.249 200.346 211.029 214.312 206.786 214.179 219.415 193.717 241.143 203.055 203.856 220.799 188.667 213.08 227.533 198.823 193.726 215.519 220.871 199.286 179.263 196.327 207.165 217.407 212.672 197.154 203.506 196.803 199.214 194.773 190.764 194.706 193.81 190.827 196.715 201.113 193.785 194.048 190.017 186.687 190.299 186.026 178.945 178.269 176.253 168.619 0 0 0 0 0 0 
0 0 0 0 0 194.864 204.101 207.049 206.529 201.54 203.775 211.228 210.69 203.836 198.189 214.492 211.94 210.767 222.927 200.361 223.947 218.218 218.3 227.24 195.61 214.241 206.876 202.519 208.799 209.402 198.201 195.585 197.199 207.806 215.665 207.154 192.814 183.023 179.61 194.37 199.066 198.368 201.486 198.26 201.309 202.729 198.444 198.307 197.924 185.359 187.601 186.023 191.777 191.852 180.879 178.087 176.551 169.47 173.585 171.821 0 0 0 0 0 
0 0 0 0 0 202.638 201.614 209.151 211.725 209.281 203.598 214.969 218.948 204.899 208.45 225.421 198.148 242.959 211.356 226.832 222.647 226.973 221.738 218.966 222.797 205.295 220.103 217.13 181.342 192.657 213.034 194.744 182.289 174.238 183.429 178.594 186.701 198.99 199.507 207.036 201.105 193.018 193.596 193.371 193.697 189.656 185.997 184.966 187.196 186.406 186.519 180.335 183.313 175.292 173.308 175.349 171.679 172.445 175.25 158.073 0 0 0 0 0 
0 0 0 0 200.1 204.537 205.856 208.047 213.808 214.672 208.242 221.857 233.127 201.381 231.631 224.295 225.188 236.956 232.18 253.145 256.885 262.682 268.989 272.434 267.884 295.339 299.377 276.42 280.681 259.722 210.03 186.148 191.305 188.696 174.206 165.114 177.342 184.11 170.513 164.952 163.049 172.877 173.822 182.033 181.783 167.536 175.677 170.074 179.302 175.277 169.16 176.034 177.263 173.685 174.711 171.451 165.431 169.866 164.427 155.72 154.245 0 0 0 0 
0 0 0 0 198.056 200.917 205.354 211.852 209.395 210.379 207.375 215.866 226.875 195.198 231.509 197.66 238.4 216.344 231.169 223.271 232.072 262.586 327.383 371.418 417.331 475.819 486.559 501.914 526.059 514.023 478.052 447.047 378.213 273.556 223.201 212.396 200.34 186.745 179.478 194.198 200.842 201.144 203.83 214.729 205.48 195.116 200.589 199.665 203.334 197.401 199.941 200.096 196.834 190.228 187.005 181.015 187.625 190.436 179.296 175.35 175.433 0 0 0 0 
0 0 0 198.832 202.334 205.001 198.678 208.108 210.237 209.898 200.841 217.757 213.706 199.138 207.926 216.083 215.571 219.048 230.452 298.704 381.477 477.567 555.579 584.783 618.929 609.751 601.956 618.143 611.886 604.512 609.191 607.741 589.797 544.528 476.474 362.647 250.537 231.104 254.893 251.143 224.303 209.43 205.556 212.508 207.16 202.776 206.985 223.702 217.707 206.307 209.67 204.151 204.857 202.592 198.559 205.189 209.609 197.296 192.775 194.4 185.246 179.131 0 0 0 
0 0 0 208.247 201.655 203.35 203.014 203.564 201.805 202.594 201.427 223.527 203.08 220.114 188.115 221.715 227.383 286.52 425.405 549.834 585.519 624.976 622.268 611.678 634.74 634.258 623.824 646.601 635.574 626.573 648.486 624.776 612.231 614.175 596.82 569.192 481.322 331.06 232.323 199.613 204.929 216.932 236.137 242.611 230.766 222.985 226.501 225.008 217.473 204.94 210.196 216.941 215.701 207.292 207.512 208.496 197.785 190.095 195.993 190.272 188.639 194.348 0 0 0 
0 0 196.033 203.192 203.032 204.941 206.483 215.458 219.905 208.851 199.965 224.787 203.552 227.487 217.376 243.616 378.168 513.802 602.407 613.172 613.376 634.453 644.033 632.393 649.555 633.04 656.183 654.67 640.375 672.024 638.718 648.352 665.454 642.221 609.814 617.741 604.224 524.615 391.163 274.528 231.782 211.383 226.6 238.801 226.921 221.818 221.711 228.73 217.109 218.05 222.267 225.04 207.804 199.801 210.508 206.868 207.505 209.406 197.51 195.734 198.603 190.936 177.481 0 0 
0 0 198.514 200.898 204.49 203.903 205.046 208.323 209.521 204.781 207.695 216.478 228.737 204.66 263.282 439.554 598.834 614.409 633.45 623.462 634.733 644.139 638.027 638.047 657.459 636.523 663.047 633.091 673.919 669.984 659.791 666.998 639.784 653.096 663.395 659.862 630.274 602.155 600.574 437.942 260.634 251.348 236.188 214.284 206.261 206.37 215.406 224.253 206.471 217.095 219.15 222.214 211.608 221.136 213.852 212.787 208.922 201.445 200.134 202.869 198.612 188.437 180.21 0 0 
0 0 208.438 204.314 204.159 205.714 196.881 204.301 212.477 191.25 209.897 197.919 229.547 264.958 452.117 581.556 609.434 612.662 647.356 640.816 630.731 654.875 628.614 657.701 640.797 649.787 602.757 603.207 586.784 602.144 633.769 636.688 670.485 667.28 631.661 639.257 654.064 633.673 633.457 599.183 434.467 220.465 239.356 252.111 247.027 232.923 230.439 225.588 223.035 222.306 228.049 220.172 214.369 214.086 216.565 221.578 212.291 207.09 212.156 209.079 199.422 193.984 194.66 0 0 
0 0 204.04 204.325 211.171 211.72 208.121 212.73 230.384 202.862 235.848 194.421 273.353 461.896 597.266 625.71 635.974 645.403 656.768 645.222 655.096 676.95 622.818 631.17 602.668 622.961 598.081 596.659 607.737 625.674 607.108 610.358 601.682 624.472 651.073 682.118 659.566 628.043 634.396 598.111 574.628 454.313 196.6 222.35 249.973 219.833 216.443 213.783 205.758 208.635 217.516 204.129 212.887 212.473 220.454 205.428 204.815 208.988 207.745 198.491 197.306 198.427 191.324 0 0 
0 195.954 202.482 202.702 208.11 204.919 207.385 199.632 220.574 195.192 234.335 236.952 425.82 595.47 604.613 633.804 623.378 652.828 661.476 625.83 624.499 616.12 596.323 603.553 628.602 622.018 634.727 635.763 632.577 642.795 649.751 635.723 636.656 626.439 605.758 657.321 668.184 654.934 686.403 650.475 612.589 593.783 383.447 178.194 264.342 214.927 222.635 248.338 236.824 236.365 221.855 211.376 212.426 221.587 211.133 204.437 211.068 205.812 204.522 202.842 201.214 196.629 191.53 189.659 0 
0 207.788 205.29 204.493 204.839 206.742 206.895 204.804 221.813 192.07 224.283 336.581 557.767 623.138 608.117 657.512 626.106 659.398 647.023 587.803 611.807 611.372 645.345 617.722 619.562 623.422 635.003 645.333 648.969 643.14 650.065 655.456 652.094 662.654 619.688 627.297 649.889 649.722 654.251 624.629 631.271 609.279 563.013 274.32 267.064 210.315 230.378 246.463 219.183 223.691 224.606 227.338 227.904 222.138 214.084 215.263 212.902 213.787 215.693 208.572 203.723 203.435 203.469 202.751 0 
0 208.143 206.088 206.427 201.882 207.142 204.704 197.479 225.006 190.674 264.143 497.196 598.402 630.102 609.916 654.033 614.762 634.549 589.528 576.139 629.896 598.278 603.671 589.291 588.947 571.385 574.177 605.303 592.596 616.829 643.838 686.043 689.714 678.773 633.533 632.357 635.873 667.812 704.604 686.072 674.888 636.492 603.375 464.399 255.034 215.041 257.116 252.258 224.309 245.298 247.059 238.966 238.522 231.487 222.724 225.894 224.379 224.563 211.742 208.998 206.929 209.96 207.287 193.67 0 
0 204.019 203.739 212.519 210.861 208.321 209.912 201.859 234.968 205.817 380.13 579.075 608.613 659.047 623.108 667.929 629.944 616.277 618.561 609.462 642.213 603.787 615.458 584.918 519.665 432.299 410.184 444.008 394.424 407.65 454.794 560.663 648.677 664.315 622.777 675.443 640.095 665.137 634.431 674.41 664.904 652.727 625.83 570.337 289.257 228.351 244.805 210.542 208.132 240.114 216.858 220.264 219.21 212.411 219.74 227.557 220.699 210.433 205.618 207.181 209.33 201.833 190.938 189.427 0 
0 212.343 211.633 211.529 212.762 214.39 215.446 198.789 235.347 254.797 498.708 615.379 627.146 664.811 631.511 666.689 632.467 604.183 655.257 630.571 658.48 641.503 564.235 400.928 280.386 226.848 229.519 247.225 287.364 274.226 220.769 271.976 438.541 644.443 592.987 611.113 598.309 620.492 581.404 658.962 619.529 647.012 619.419 592.068 394.418 245.671 231.883 193.495 228.849 219.219 198.492 207.94 206.938 205.979 209.222 210.415 202.536 200.817 205.395 202.52 194.193 188.994 191.085 185.546 0 
0 211.507 205.581 211.151 211.269 209.306 212.938 203.544 242.806 334.515 567.618 612.97 640.656 682.345 654.707 656.506 607.559 613.828 666.29 630.847 646.189 527.876 300.213 208.728 213.309 214.543 209.424 198.38 202.437 188.939 185.281 198.928 224.437 437.425 673.92 542.054 604.836 633.135 571.456 630.58 617.314 640.245 600.016 596.471 498.426 266.58 215.843 204.698 234.781 196.728 204.243 220.347 211.7 209.7 209.565 196.78 197.485 197.734 199.332 199.214 198.196 193.866 186.734 178.87 0 
0 208.882 205.639 213.575 210.491 207.325 223.056 204.801 248.948 414.741 611.19 628.01 646.051 664.287 646.435 623.733 616.441 628.581 648.038 637.406 572.825 304.943 205.065 216.57 214.918 203.323 192.166 208.606 199.557 184.136 191.954 200.477 224.502 212.77 541.826 644.541 555.839 612.097 601.503 616.644 666.135 625.239 625.898 595.931 543.426 302.174 236.724 211.425 215.042 176.351 219.534 211.952 202.233 208.457 203.572 195.629 199.845 201.316 203.628 194.941 194.236 191.664 187.599 186.911 0 
0 208.751 209.356 214.992 216.262 216.826 215.457 199.388 266.422 485.828 607.812 627.867 645.2 660.213 650.895 611.725 642.89 644.226 635.839 633.152 394.788 207.578 210.173 207.839 203.218 206.702 206.954 213.973 197.66 194.804 198.909 173.35 192.968 218.955 280.898 607.744 617.802 599.566 594.67 576.841 639.946 626.172 658.074 604.227 574.654 368.158 234.545 189.104 204.979 207.812 220.388 191.547 198.451 202.477 195.061 197.698 203.569 202.083 202.423 193.161 191.752 187.879 188.373 186.483 0 
0 215.834 206.808 210.235 209.565 211.651 215.63 198.368 292.925 534.001 621.46 643.788 653.596 655.721 650.197 587.263 642.134 653.301 620.698 565.254 258.239 206.632 204.197 207.564 206.959 200.891 202.504 202.527 200.992 189.559 193.398 179.69 162.066 191.559 219.137 449.504 614.185 626.381 626.423 616.687 607.845 636.01 603.623 619.288 596.264 444.214 231.901 212.221 204.401 230.865 204.893 192.508 202.95 195.778 202.782 204.844 201.446 193.007 190.176 189.418 193.363 192.804 187.374 177.9 0 
0 202.424 201.096 208.188 209.994 217.666 222.596 217.49 322.18 563.407 618.937 635.988 653.513 663.179 629.508 574.201 645.194 660.044 618.544 483.333 212.993 214.883 202.083 204.75 202.782 200.072 206.45 198.596 201.049 194.431 184.035 180.162 178.311 200.987 205.885 344.289 597.649 616.703 624.259 605.07 648.775 636.226 639.805 612.141 570.674 465.13 244.767 250.382 208.491 211.792 180.708 218.542 220.194 209.041 207.565 204.114 190.776 190.59 194.952 195.089 190.944 185.365 183.434 180.403 0 
0 206.159 206.481 213.009 218.081 224.552 212.819 215.229 328.034 581.387 619.428 642.767 657.459 650.602 615.602 574.778 647.038 645.005 628.042 417.623 204.158 213.196 204.816 205.604 207.342 202.635 200.304 194.956 207.924 198.506 194.253 184.812 189.554 192.227 196.125 300.752 571.356 614.193 629.349 605.959 602.045 647.857 655.602 608.376 600.394 491.479 250.494 205.271 200.395 199.522 225.656 226.802 194.2 201.796 204.318 195.571 197.214 200.466 199.949 196.382 192.725 186.699 187.155 182.747 0 
0 213.175 210.591 207.285 207.809 205.823 213.735 229.167 322.007 588.22 630.645 652.288 657.057 647.052 605.095 571.209 643.683 626.903 662.068 387.114 205.555 208.785 199.934 202.066 205.582 205.821 201.55 196.233 204.935 195.682 197.072 192.676 192.711 190.32 196.983 298.735 562.041 603.72 628.465 603.1 625.06 635.856 615.734 640.793 602.232 516.868 255.517 195.875 222.707 200.455 223.151 196.334 208.543 214.252 197.267 197.079 201.976 206.56 202.023 196.565 192.401 190.214 188.506 184.58 0 
0 206.58 200.463 207.384 202.482 209.102 219.806 231.336 308.614 590.483 618.083 649.804 657.41 657.978 606.423 572.345 645.68 629.866 664.194 415.663 212.406 211.296 203.377 202.309 200.972 203.562 200.005 197.183 201.104 195.848 199.486 193.749 200.973 195.367 200.219 306.507 594.48 616.233 617.756 600.556 610.925 645.276 653 606.326 591.386 509.429 253.966 248.879 210.068 223.177 186.506 184.92 207.638 203.553 206.462 202.003 207.33 204.59 201.391 199.55 195.427 191.656 188.476 185.533 0 
0 209.442 204.422 209.781 216.602 219 207.563 224.267 306.04 567.963 618.987 640.429 647.611 666.871 617.014 566.36 635.689 628.393 641.964 504.354 210.68 216.084 210.333 205.345 198.377 205.536 205.275 199.563 203.1 193.982 197.642 197.761 199.847 206.568 206.244 374.836 612.735 611.045 631.414 583.444 625.204 648.937 605.777 623.608 609.926 488.275 255.513 217.747 202.85 210.317 205.717 229.263 204.52 196.431 199.528 204.618 199.566 192.223 191.272 197.17 195.96 197.217 192.516 184.851 0 
0 205.231 218.593 217.576 216.032 215.423 210.526 217.289 301.448 524.885 619.703 629.33 656.536 655.965 635.614 556.936 628.556 642.51 623.938 593.552 279.43 208.325 209.538 202.159 204.063 205.658 201.519 202.427 209.918 201.53 203.128 206.821 196.75 211.155 210.745 457.617 627.273 608.547 618.579 585.209 597.249 640.689 646.387 615.758 594.6 453.066 219.228 193.276 220.833 204.006 231.849 207.239 205.047 217.416 208.593 195.135 189.757 196.323 198.122 196.591 194.635 189.836 185.214 179.852 0 
0 0 213.232 212.648 215.592 209.434 213.346 203.483 283.549 487.664 616.636 642.947 650.348 650.825 668.849 550.319 596.005 649.172 641.92 623.26 448.575 200.271 213.927 207.616 203.164 200.623 197.206 196.918 203.323 199.302 200.418 204.491 201.385 201.688 301.658 559.519 626.715 616.273 602.542 592.262 642.221 639.696 618.306 603.777 592.809 399.133 220.912 238.242 207.115 223.715 199.58 197.986 214.002 206.412 196.308 193.777 195.663 196.739 193.593 190.379 189.735 186.399 186.982 0 0 
0 0 205.506 202.021 206.218 211.977 220.174 215.838 228.542 434.756 597.603 632.385 648.676 659.769 672.628 606.575 584.555 637.926 639.843 641.306 599.243 340.797 195.293 217.818 209.917 199.823 202.304 201.33 202.789 197.358 202.31 211.995 205.086 241.335 475.764 606.765 615.498 626.615 589.798 590.143 623.395 635.776 639.591 618.241 569.306 344.818 213.514 202.518 219.147 194.602 192.934 206.81 202.347 197.765 202.412 206.428 208.263 206.652 204.536 195.792 192.169 187.099 184.017 0 0 
0 0 203.257 205.999 209.884 211.857 211.714 212.51 211.433 378.682 559.982 610.809 633.371 651.773 649.658 656.833 594.758 629.564 651.275 643.149 643.492 566.218 349.565 205.054 203.591 209.452 211.189 204.042 209.193 201.058 211.436 205.84 232.942 421.608 606.779 615.086 616.344 607.985 566.334 636.525 638.021 638.499 614.816 595.913 518.287 270.15 203.835 210.354 199.936 213.825 229.414 214.551 202.355 203.307 207.244 205.297 204.759 200.241 198.05 196.789 193.126 189.691 185.642 0 0 
0 0 205.869 215.209 211.387 212.681 206.782 213.61 212.659 261.848 525.172 611.014 641.607 640.858 643.7 654.799 629.916 590.167 630.249 637.454 645.802 632.145 603.134 455.947 293.16 250.855 219.831 209.059 213.885 210.575 207.302 264.778 442.92 604.015 612.601 614.859 611.963 555.414 579.775 638.875 624.409 633.873 629.634 608.452 439.969 228.938 239.079 218.791 228.254 230.875 204.386 207.246 216.405 218.053 208.533 202.698 199.683 200.06 200.968 202.181 200.174 197.725 193.013 0 0 
0 0 0 213.089 199.14 203.492 201.02 215.836 210.458 197.642 415.727 576.538 618.703 640.648 655.834 644.171 649.509 610.064 596.823 617.945 623.643 624.961 591.942 608.509 561.792 456.555 403.494 362.837 321.336 339.986 438.609 579.651 653.619 645.472 640.677 652.701 608.04 584.802 656.497 666.856 657.401 637.812 621.914 577.832 352.261 231.143 223.835 231.863 220.703 198.74 220.521 219.445 212.538 206.814 205.262 210.083 214.577 213.809 209.895 212.727 205.198 199.445 0 0 0 
0 0 0 202.182 203.09 211.535 212.372 205.788 194.191 197.008 246.122 509.472 586.899 607.352 633.347 643.618 637.903 629.625 585.038 574.558 587.122 610.478 582.63 571.599 571.643 588.59 554.571 557.565 625.596 674.109 681.058 672.653 666.804 677.538 681.401 642.098 605.157 666.099 679.822 671.925 675.708 648.911 639.506 500.082 275.574 237.392 247.637 229.258 235.024 249.297 235.347 227.655 225.191 225.181 226.261 225.878 223.302 217.859 213.529 205.524 205.039 206.789 0 0 0 
0 0 0 0 213.099 210.568 210.156 207.416 203.329 218.308 207.294 369.967 579.846 597.332 622.667 637.395 628.641 632.226 653.758 610.276 589.228 612.945 619.963 624.994 622.27 625.601 647.532 650.373 624.571 631.104 660.618 674.652 672.216 653.415 596.174 577.108 626.774 665.316 661.977 665.643 649.491 625.029 570.642 349.625 241.309 246.523 230.797 241.081 248.073 225.529 217.572 221.656 229.434 230.886 226.868 221.99 216.796 214.285 212.789 210.343 207.17 0 0 0 0 
0 0 0 0 209.995 206.24 200.919 205.737 204.053 215.849 213.838 211.776 460.643 592.151 613.497 649.151 643.67 641.869 650.394 658.833 629.8 611.573 604.823 602.065 615.11 623.246 623.814 640.823 655.281 644.703 632.275 626.789 630.081 611.393 611.814 656.473 670.589 658.529 649.43 630.916 618.577 596.508 435.221 252.891 229.596 231.48 242.571 216.315 210.149 230.551 233.199 224.48 219.172 216.616 211.873 207.923 209.293 212.763 206.452 202.969 201.629 0 0 0 0 
0 0 0 0 0 211.985 203.883 217.671 220.271 217.949 220.639 214.463 249.98 494.531 588.812 623.385 624.348 643.077 656.83 653.938 656.762 655.889 654.891 629.157 626.527 620.019 615.211 616.254 610.172 633.019 630.646 604.178 612.074 631.435 662.113 662.128 653.061 657.929 644.34 626.939 609.267 482.779 272.418 215.093 222.785 217.633 206.322 219.354 230.714 222.654 217.332 210.818 204.495 208.668 212.024 212.146 209.716 207.436 207.556 206.914 0 0 0 0 0 
0 0 0 0 0 203.607 205.874 206.571 207.038 198.287 202.963 215.79 203.083 253.773 498.271 593.182 605.298 622.981 638.046 639.467 642.094 646.993 648.824 639.421 644.203 651.637 624.449 609.881 617.112 641.155 647.303 656.696 658.825 648.181 651.384 650.149 645.648 655.93 625.097 617.177 524.085 320.925 243.539 243.961 221.109 236.663 242.817 226.119 210.049 210.595 213.71 219.919 222.242 220.173 218.19 220.121 218.873 211.605 206.324 204.131 0 0 0 0 0 
0 0 0 0 0 0 209.389 208.117 208.392 200.11 208.327 214.3 214.31 197.872 288.527 485.097 564.616 607.468 625.96 638.545 637.001 640.896 656.892 648.732 635.461 643.391 648.587 666.19 662.933 656.738 657.329 665.263 667.576 664.887 675.439 646.374 623.729 628.621 599.793 515.012 324.036 225.699 226.744 241 232.878 215.409 215.118 215.253 224.118 225.018 226.603 219.042 215.453 211.699 210.258 206.268 202.977 203.589 202.6 0 0 0 0 0 0 
0 0 0 0 0 0 0 215.7 208.123 206.61 218.874 221.084 206.032 202.491 191.865 260.54 424.254 526.212 609.515 614.757 619.85 634.804 639.216 650.042 641.312 641.172 649.061 650.174 655.525 657.666 654.181 654.914 642.986 641.377 649.951 624.726 609.128 595.131 482.507 319.331 242.777 238.638 213.34 216.834 208.289 227.255 233.174 228.64 222.903 218.849 217 219.434 216.88 211.033 204.584 204.153 202.586 199.193 0 0 0 0 0 0 0 
0 0 0 0 0 0 0 0 206.162 204.53 209.218 216.166 203.521 205.778 226.214 214.541 230.687 338.519 450.315 557.562 608.645 612.112 625.329 632.494 626.017 632.683 635.031 634.762 643.276 638.767 640.933 647.818 634.995 621.102 617.934 592.424 549.547 426.263 272.087 221.064 207.271 232.695 234.213 241.381 228.803 220.948 215.322 210.823 209.233 209.072 205.495 205.029 208.58 209.924 209.347 206.493 202.403 0 0 0 0 0 0 0 0 
0 0 0 0 0 0 0 0 201.047 204.986 209.909 208.263 204.992 214.913 216.588 208.806 200.192 210.867 277.441 327.308 425.585 534.584 579.924 603.704 617.727 619.873 624.254 620.074 622.661 617.22 615.635 615.752 604.253 609.328 574.636 467.047 339.601 246.78 236.673 237.092 219.8 202.749 203.291 200.978 206.198 209.408 216.545 213.471 216.117 217.585 219.839 214.293 214.093 213.32 208.102 201.991 196.882 0 0 0 0 0 0 0 0 
0 0 0 0 0 0 0 0 0 204.27 217.781 215.446 211.54 213.794 208.196 211.777 219.707 218.023 215.071 235.634 253.517 253.747 344.109 420.699 476.66 502.272 535.965 560.705 573.219 562.606 571.194 545.734 491.785 418.63 312.549 238.544 208.06 194.351 202.262 199.832 216.437 218.348 217.759 213.972 214.069 214.944 214.48 207.576 206.701 203.685 202.301 199.585 201.017 200.359 198.733 195.429 0 0 0 0 0 0 0 0 0 
0 0 0 0 0 0 0 0 0 0 224.029 223.8 217.489 230.145 234.254 243.039 246.037 238.841 245.762 255.721 274.694 280.869 269.797 273.599 315.689 349.191 361.045 361.969 346.574 345.194 326.92 271.696 219.449 191.231 172.994 179.366 174.936 172.083 178.032 169.513 163.958 156.846 163.807 168.345 164.695 166.132 168.974 165.37 170.001 169.341 168.452 168.964 170.314 171.125 170.183 0 0 0 0 0 0 0 0 0 0 
0 0 0 0 0 0 0 0 0 0 0 216.504 212.174 229.42 217.659 221.637 223.898 215.294 231.778 226.525 230.857 232.256 242.185 253.493 228.068 215.971 220.093 223.488 208.025 203.728 167.324 147.352 146.927 158.317 161.914 172.126 179.419 179.742 190.825 191.43 194.762 187.745 191.262 186.15 185.095 184.052 187.498 180.525 179.956 184.038 179.42 178.469 173.63 174.437 0 0 0 0 0 0 0 0 0 0 0 
0 0 0 0 0 0 0 0 0 0 0 0 0 219.667 207.802 214.299 224.146 217.172 221.958 213.121 216.438 223.033 222.791 217.122 216.366 227.28 204.747 189.501 201.78 205.709 203.374 210.88 203.481 201.043 193.487 187.032 189.573 181.85 189.007 186.989 186.552 186.732 196.182 193.988 196.358 188.562 192.117 194.985 189.025 191.095 190.973 188.263 0 0 0 0 0 0 0 0 0 0 0 0 0 
0 0 0 0 0 0 0 0 0 0 0 0 0 0 208.363 214.689 219.012 205.376 206.923 209.134 214.417 216.505 214.148 207.964 215.117 215.614 209.169 203.157 206.693 200.014 194.669 198.881 202.899 207.951 206.279 205.353 199.744 194.05 205.421 189.928 192.987 195.421 193.152 187.765 194.504 199.063 196.51 189.378 186.427 185.618 189.69 0 0 0 0 0 0 0 0 0 0 0 0 0 0 
0 0 0 0 0 0 0 0 0 0 0 0 0 0 0 210.62 211.78 207.761 209.634 209.659 211.437 214.442 203.728 212.246 221.589 204.499 211.904 209.42 206.36 211.669 210.572 201.001 201.826 195.905 197.139 207.459 203.014 201.584 203.801 197.901 198.921 194.886 195.635 193.086 195.113 193.5 192.641 198.176 194.785 186.626 0 0 0 0 0 0 0 0 0 0 0 0 0 0 0 
0 0 0 0 0 0 0 0 0 0 0 0 0 0 0 0 0 207.004 202.514 210.348 203.59 209.483 208.944 209.679 206.832 209.516 213.414 206.492 208.113 209.346 208.515 206.583 206.107 202.793 200.206 199.271 196.285 203.127 206.615 198.986 200.893 199.994 195.17 194.925 194.823 196.5 195.212 189.163 0 0 0 0 0 0 0 0 0 0 0 0 0 0 0 0 0 
0 0 0 0 0 0 0 0 0 0 0 0 0 0 0 0 0 0 0 212.095 203.003 206.929 208.745 205.885 196.66 214.177 209.36 210.018 210.465 207.73 210.522 210.47 204.245 208.782 210.337 201.289 198.572 195.963 198.512 197.485 194.238 205.173 196.959 196.284 196.945 193.759 0 0 0 0 0 0 0 0 0 0 0 0 0 0 0 0 0 0 0 
0 0 0 0 0 0 0 0 0 0 0 0 0 0 0 0 0 0 0 0 0 202.17 213.152 201.124 199.991 209.376 207.483 207.573 202.569 205.358 204.096 203.331 202.289 205.273 205.938 196.558 200.982 200.885 200.711 194.184 194.459 197.341 195.693 195.656 0 0 0 0 0 0 0 0 0 0 0 0 0 0 0 0 0 0 0 0 0 
0 0 0 0 0 0 0 0 0 0 0 0 0 0 0 0 0 0 0 0 0 0 0 0 0 205.395 207.905 209.428 205.7 206.784 203.275 200.546 206.146 205.811 202.411 201.502 201.82 199.252 194.776 201.14 0 0 0 0 0 0 0 0 0 0 0 0 0 0 0 0 0 0 0 0 0 0 0 0 0 
0 0 0 0 0 0 0 0 0 0 0 0 0 0 0 0 0 0 0 0 0 0 0 0 0 0 0 0 0 0 0 0 0 0 0 0 0 0 0 0 0 0 0 0 0 0 0 0 0 0 0 0 0 0 0 0 0 0 0 0 0 0 0 0 0 
