0 0 0 0 0 0 0 0 0 0 0 0 0 0 0 0 0 0 0 0 0 0 0 0 0 0 0 0 0 0 0 0 0 0 0 0 0 0 0 0 0 0 0 0 0 0 0 0 0 0 0 0 0 0 0 0 0 0 0 0 0 0 0 0 0 
0 0 0 0 0 0 0 0 0 0 0 0 0 0 0 0 0 0 0 0 0 0 0 0 0 151.443 171.373 156.158 170.295 162.308 182.493 155.757 168.187 150.637 178.647 148.026 168.889 159.877 152.127 162.021 0 0 0 0 0 0 0 0 0 0 0 0 0 0 0 0 0 0 0 0 0 0 0 0 0 
0 0 0 0 0 0 0 0 0 0 0 0 0 0 0 0 0 0 0 0 0 156.14 159.447 166.941 169.047 170.494 167.542 162.504 173.181 173.449 180.991 159.08 166.948 161.33 177.812 158.072 174.582 154.415 161.971 168.764 161.493 155.819 157.955 156.496 0 0 0 0 0 0 0 0 0 0 0 0 0 0 0 0 0 0 0 0 0 
0 0 0 0 0 0 0 0 0 0 0 0 0 0 0 0 0 0 0 164.274 173.152 163.974 163.781 168.709 173.466 176.529 163.534 170.303 178.264 180.087 175.923 161.521 170.154 172.509 174.634 166.232 169.798 161.308 174.512 171.136 161.279 161.426 156.984 174.027 149.16 170.665 0 0 0 0 0 0 0 0 0 0 0 0 0 0 0 0 0 0 0 
0 0 0 0 0 0 0 0 0 0 0 0 0 0 0 0 0 161.221 169.351 170.249 171.331 168.115 169.823 177.946 173.495 176.434 162.765 171.894 173.984 185.769 167.003 166.984 173.996 180.023 167.557 164.29 171.969 179.551 176.97 173.617 165.808 165.604 173.36 171.016 158.464 171.407 139.202 153.783 0 0 0 0 0 0 0 0 0 0 0 0 0 0 0 0 0 
0 0 0 0 0 0 0 0 0 0 0 0 0 0 0 162.939 169.189 170.08 173.313 177.912 174.934 171.034 172.454 178.678 172.645 178.106 169.081 174.008 168.839 188.437 159.155 180.526 171.407 190.735 168.453 182.107 189.891 174.921 177.376 166.106 161.8 166.032 173.651 160.505 159.872 157.619 147.515 156.51 155.497 143.724 0 0 0 0 0 0 0 0 0 0 0 0 0 0 0 
0 0 0 0 0 0 0 0 0 0 0 0 0 0 171.982 178.423 175.914 178.705 183.223 185.875 182.073 180.265 196.049 202.776 187.861 200.833 189.517 187.883 177.23 213.407 178.519 203.848 168.948 192.06 151.826 175.037 166.326 160.894 159.731 156.841 166.985 166.068 179.809 153.217 171.063 152.877 160.83 166.834 159.25 161.372 161.535 0 0 0 0 0 0 0 0 0 0 0 0 0 0 
0 0 0 0 0 0 0 0 0 0 0 0 0 175.332 174.508 170.824 176.431 172.369 176.62 181.528 173.396 163.616 165.381 172.291 252.486 367.6 418.239 359.83 205.919 208.194 154.348 180.148 158.117 194.073 166.859 192.65 191.106 191.894 186.001 184.302 181.728 184.315 180.592 169.851 178.073 163.099 183.492 177.664 163.604 178.077 148.305 155.408 0 0 0 0 0 0 0 0 0 0 0 0 0 
0 0 0 0 0 0 0 0 0 0 0 164.635 169.747 173.927 174.674 170.311 172.824 177.752 174.445 174.989 169.418 206.071 259.173 320.398 335.785 282.127 232.507 298.619 237.283 211.979 171.781 196.657 191.74 196.418 169.576 183.233 187.06 184.236 184.453 182.912 177.187 185.929 171.191 185.944 177.86 172.129 175.612 170.354 163.907 165.038 147.674 169.762 149.576 147.882 0 0 0 0 0 0 0 0 0 0 0 
0 0 0 0 0 0 0 0 0 0 165.005 178.015 178.545 179.845 178.14 175.831 179.926 187.453 178.562 190.74 191.823 193.229 189.424 195.185 186.921 187.004 170.03 230.612 250.861 182.472 163.631 197.229 178.893 171.714 168.759 185.868 188.705 186.956 178.849 174.013 167.924 184.337 167.656 191.392 160.498 176.306 182.377 161.422 175.766 164.009 165.612 169.429 161.92 167.315 160.571 0 0 0 0 0 0 0 0 0 0 
0 0 0 0 0 0 0 0 0 169.002 174.949 178.001 176.46 192.963 180.378 170.819 181.636 193.765 190.693 171.453 161.737 159.224 166.621 194.351 181.018 180.568 182.655 220.844 252.384 190.33 182.618 192.808 175.134 174.559 183.159 186.961 178.868 183.11 169.384 177.426 185.209 182.803 177.768 185.91 170.039 176.042 166.373 156.317 174.14 156.413 176.978 164.37 158.747 158.436 149.993 150.441 0 0 0 0 0 0 0 0 0 
0 0 0 0 0 0 0 0 174.253 175.355 175.907 179.194 177.584 185.101 188.561 176.533 192.344 182.145 158.648 172.006 183.101 172.184 178.185 192.669 167.557 189.678 193.746 182.633 255.173 229.002 181.127 167.384 184.964 185.334 188.566 176.134 172.164 188.516 188.011 177.525 188.461 173.173 189.322 174.869 165.792 171.553 172.896 189.74 181.246 179.858 173.022 158.632 158.279 163.885 146.813 155.641 142.69 0 0 0 0 0 0 0 0 
0 0 0 0 0 0 0 0 182.522 179.396 180.647 175.024 184.691 186.723 192.298 175.04 178.176 176.663 179.151 193.81 172.648 179.204 196.833 172.301 177.96 200.01 179.842 183.817 240.465 246.798 180.387 176.196 205.7 172.197 165.24 179.185 192.164 197.026 177.997 167.495 183.589 173.637 199.606 167.778 182.56 188.212 171.824 178.642 168.557 171.169 161.289 167.45 169.871 167.317 166.05 165.919 158.311 0 0 0 0 0 0 0 0 
0 0 0 0 0 0 0 170.429 186.152 179.308 184.134 180.584 193.269 183.866 173.925 169.705 196.671 176.578 186.742 190.361 163.574 195.251 180.273 179.48 195.753 183.18 182.788 197.104 232.207 243.787 193.843 172.716 182.472 170.58 183.814 199.992 189.327 173.64 172.135 175.851 191.655 189.291 184.475 171.195 182.072 178.72 182.589 176.88 175.278 174.729 168.984 161.844 170.091 160.771 169.629 156.512 158.144 156.464 0 0 0 0 0 0 0 
0 0 0 0 0 0 173.98 184.76 188.341 184.986 185.158 173.01 182.357 177.074 182.143 190.133 182.09 180.194 198.57 175.971 186.569 191.252 178.94 193.525 169.264 202.319 184.532 164.887 244.912 247.743 192.595 177.637 197.488 186.668 179.093 180.445 177.333 180.693 187.566 199.055 179.14 179.627 166.354 179.164 180.757 175.839 180.367 164.772 183.369 170.736 174.563 184.737 183.538 172.93 160.864 156.238 158.046 147.739 141.93 0 0 0 0 0 0 
0 0 0 0 0 168.711 181.798 179.658 191.577 186.659 186.38 179.047 193.66 194.383 174.662 184.976 176.171 194.294 191.189 182.544 198.828 184.682 204.366 166.182 195.839 194.518 172.185 216.493 198.084 224.37 234.758 193.306 164.081 163.973 183.335 191.085 192.326 189.32 188.123 179.283 160.498 182.974 174.059 189.997 176.779 174.71 173.129 191.166 193.153 175.941 168.566 168.436 161.314 166.889 166.134 174.741 162.172 159.773 156.637 153.22 0 0 0 0 0 
0 0 0 0 0 178.966 178.457 177.457 183.868 178.224 181.935 189.418 199.886 181.768 192.653 196.476 182.351 200.342 180.037 201.499 169.91 208.066 181.467 200.719 191.406 187.761 184.467 180.102 199.953 254.83 210.03 168.478 191.757 196.014 173.87 168.312 177.168 179.898 175.213 183.303 189.228 188.231 186.861 190.986 168.691 179.051 174.77 190.299 165.359 156.39 172.1 179.148 179.216 162.859 156.867 154.949 159.226 159.533 160.439 147.865 0 0 0 0 0 
0 0 0 0 175.927 178.526 180.954 175.526 189.179 184.299 188.037 190.328 190.183 180.214 202.971 182.32 200.383 191.021 215.276 181.746 199.335 188.743 197.541 193.529 195.73 177.727 187.171 184.503 210.877 244.283 199.943 196.105 178.739 164.038 178.277 203.754 195.705 178.098 186.682 190.781 183.532 158.187 171.614 177.634 167.108 175.713 178.773 176.166 152.022 175.925 180.189 172.961 168.973 168.87 178.205 175.951 166.297 157.181 151.66 152.567 146.753 0 0 0 0 
0 0 0 0 182.989 182.517 182.136 177.585 193.205 191.628 180.155 189.301 196.467 184.692 214.554 187.893 208.63 194.383 199.497 193.4 203.545 219.544 193.41 207.73 186.008 190.318 193.935 166.07 209.687 206.039 182.64 205.455 167.563 167.569 167.623 164.429 144.116 154.545 181.336 174.394 163.186 155.022 195.4 179.587 171.669 171.814 184.273 173.737 164.674 176.596 169.051 183.335 163.798 160.731 159.009 152.531 157.724 161.384 153.635 154.72 141.733 0 0 0 0 
0 0 0 177.277 179.181 183.36 186.79 191.15 196.823 191.737 184.772 213.136 191.548 206.356 202.774 215.775 205.855 228.175 226.363 218.228 239.527 237.385 249.996 284.769 281.662 318.11 284.631 265.509 251.188 213.592 168.204 155.448 160.964 184.64 161.959 175.975 186.527 173.86 172.261 178.526 163.657 175.24 182.022 156.708 161.589 164.701 173.422 151.471 161.787 174.241 175.183 153.504 147.732 166.645 165.487 159.948 159.222 143.915 156.916 154.394 146.612 144.103 0 0 0 
0 0 0 185.004 187.585 187.566 187.827 183.156 195.211 201.027 185.756 202.701 179.963 213.359 192.548 208.524 197.766 204.702 212.781 223.81 300.622 358.669 444.095 487.942 522.842 543.596 535.152 552.834 526.592 480.276 375.859 305.749 226.224 173.158 177.465 197.084 168.412 149.927 169.555 195.959 161.163 171.764 178.562 176.582 186.201 195.092 186.645 171.828 188.543 173.954 181.301 170.479 186.236 175.596 170.535 177.438 169.725 174.274 173.133 156.897 156.265 152.51 0 0 0 
0 0 179.595 181.68 189.065 186.958 185.154 175.397 195.462 191.772 183.323 217.594 185.839 203.218 210.269 200.657 192.298 238.013 338.038 444.684 545.352 561.272 610.083 592.966 611.154 585.254 604.819 588.714 609.735 590.53 583.091 572.374 476.458 374.619 267.299 194.626 193.37 211.768 215.181 213.614 202.392 202.455 197.856 204.36 186.158 188.689 177.964 186.117 182.444 191.9 186.554 180.694 187.418 190.877 191.861 170.71 170.491 186.381 171.695 172.943 170.295 160.012 155.378 0 0 
0 0 187.421 192.44 197.496 190.812 188.262 184.943 206.854 188.19 191.443 201.499 201.924 200.392 212.66 202.115 291.952 469.025 560.231 597.233 606.891 608.154 609.216 616.583 609.016 625.538 616.587 621.59 606.678 620.595 591.773 600.309 617.786 564.882 500.122 376.417 241.143 205.733 197.36 181.065 205.726 192.098 198.132 210.111 206.969 198.799 209.61 207.741 199.115 209.449 183.319 193.999 189.559 185.315 177.67 179.411 194.615 178.127 177.822 173.658 169.324 168.55 174.054 0 0 
0 0 187.82 183.478 191.517 192.418 192.832 183.648 208.626 188.707 201.646 188.343 210.076 190.327 234.114 374.535 527.8 611.717 585.509 614.18 614.615 638.043 610.159 624.932 613.509 616.408 619.128 615.707 633.762 623.488 632.437 624.735 624.214 602.561 610.028 567.549 411.017 275.82 213.114 214.748 241.302 176.799 201.589 199.614 188.669 192.367 217.404 191.681 202.801 198.696 203.754 194.945 193.421 194.139 185.996 197.576 190.718 184.923 182.797 171.78 174.577 179.504 167.894 0 0 
0 0 181.149 184.688 186.322 196.77 190.5 184.604 215.07 183.317 213.939 197.78 202.193 248.745 422.888 562.072 589.881 620.681 604.922 640.405 612.913 629.405 624.482 617.936 618.476 612.077 611.433 622.025 620.439 634.233 625.856 632.602 657.358 612.97 624.625 617.901 578.216 467.251 260.735 189.931 214.104 197.258 238.808 227.348 187.951 204.637 194.221 176.042 199.31 199.988 188.881 191.966 200.6 188.407 194.936 199.474 184.69 180.188 183.686 190.169 191.619 178.137 171.541 0 0 
0 181.701 189.46 190.906 192.322 197.607 190.436 191.683 209.042 179.93 207.165 193.57 248.041 433.186 586.403 611.539 596.631 637.303 602.912 638.968 622.474 618.027 619.186 624.076 617.704 613.988 619.417 622.305 620.302 622.067 613.049 616.81 655.265 622.833 644.61 617.762 619.397 618.028 438.593 272.644 235.604 185.511 181.064 203.16 196.842 231.893 205.012 207.363 217.147 197.334 193.698 201.527 194.648 200.102 208.732 190.511 188.768 189.008 186.676 188.545 181.823 179.173 174.829 160.463 0 
0 182.526 184.526 183.403 188.815 194.944 206.596 196.203 215.771 190.839 219.93 225.298 420.377 576.975 604.234 625.812 605.538 629.306 606.401 622.503 614.672 618.477 629.048 620.57 625.578 622.153 614.718 621.074 611.403 613.812 610.637 617.9 658.978 637.314 669.083 627.671 638.377 617.038 600.427 399.65 230.408 273.718 205.057 215.4 198.095 221.64 196.578 225.688 222.175 197.206 204.725 210.787 195.245 191.995 187.592 185.45 187.37 185.191 190.812 187.989 173.886 178.479 171.622 180.681 0 
0 187.064 186.43 187.058 188.164 193.575 193.601 179.277 214.508 181.266 210.177 368.054 567.369 602.767 614.279 636.657 597.735 633.294 614.154 611.841 618.95 617.191 612.063 621.768 621.826 619.844 609.672 623.858 612.901 632.724 623.622 632.082 667.209 636.481 677.241 646.251 679.718 634.775 642.919 595.21 306.796 246.535 206.459 229.736 188.395 204.958 198.544 213.576 190.143 193.102 220.889 207.075 204.914 210.606 196.075 200.385 200.472 201.535 193.849 185.592 191.701 185.387 185.306 180.973 0 
0 190.133 194.328 189.185 187.108 195.189 205.324 186.299 219.869 185.486 293.365 526.935 597.703 601.437 612.075 619.146 583.463 612.58 596.842 590.87 581.742 574.758 564.834 541.805 532.159 549.059 573.225 631.42 648.652 641.649 624.718 636.539 680.892 647.942 672.246 637.389 669.585 637.493 637.386 619.706 512.879 272.183 207.666 240.861 214.706 245.482 213.151 232.194 200.58 224.409 218.901 198.583 211.254 209.3 207.655 209.974 210.013 198.929 189.997 195.677 191.052 193.039 188.104 176.502 0 
0 183.466 187.148 189.571 188.635 190.519 214.66 178.348 217.175 219.856 437.34 596.924 603.423 621.97 621.759 633.195 606.943 631.569 617.539 614.59 605.876 521.875 399.712 322.041 273.728 248.355 243.647 316.798 427.559 554.289 586.51 597.555 661.57 634.463 662.005 648.761 659.485 670.623 637.682 647.872 600.884 398.651 199.52 223.266 212.855 214.368 199.026 214.546 190.881 211.27 184.307 194.8 202.757 194.161 188.673 193.715 192.323 181.974 194.142 194.311 193.112 186.417 175.474 171.987 0 
0 184.658 188.261 194.22 192.102 187.141 217.874 186.563 225.081 294.419 548.201 607.423 618.224 621.497 617.46 636.667 599.092 624.521 619.761 580.251 412.487 245.309 183.698 179.769 173.716 174.677 170.383 176.367 180.831 272.681 435.226 554.386 641.149 619.258 646.029 645.822 627.889 631.067 622.165 604.609 596.898 484.431 239.589 219.55 200.711 180.491 225.826 197.038 200.546 196.621 196.246 208.475 184.338 177.47 189.333 186.858 182.965 184.541 180.946 180.365 182.578 172.004 168.203 167.907 0 
0 192.003 186.868 188.173 194.883 186.416 206.366 192.45 210.527 378.782 590.827 606.076 623.133 613.985 615.313 636.963 606.795 633.866 566.066 335.862 192.9 173.371 180.981 179.594 177.198 170.716 171.831 177.278 170.95 154.557 198.611 385.375 656.801 668.205 646.438 641.335 623.978 638.567 659.175 641.009 638.498 555.689 360.106 200.143 198.877 181.973 206.392 162.546 208.847 190.558 208.801 186.914 171.859 189.875 194.662 194.444 191.202 189.556 188.474 182.925 171.105 173.536 179.565 175.692 0 
0 190.965 184.276 186.899 191.439 188.122 211.705 203.328 234.432 471.871 604.782 620.782 627.605 617.106 612.271 638.899 612.34 596.441 351.227 178.551 180.355 176.283 168.592 171.007 172.38 161.276 168.544 167.732 162.692 142.451 120.136 145.779 497.235 778.954 663.874 662.64 656.824 654.38 628.141 638.957 605.819 612.828 445.209 235.583 232.76 196.957 194.738 213.977 210.328 188.193 196.021 184.812 192.467 190.299 181.132 176.618 183.104 180.822 169.478 171.403 181.861 179.831 177.176 170.444 0 
0 187.884 192.397 194.039 196.341 192.323 198.187 207.96 264.888 525.467 605.666 624.007 630.275 621.639 615.213 631.426 610.442 480.041 205.667 180.261 182.268 176.159 173.625 180.126 178.919 164.835 177.097 176.282 174.619 153.061 154.744 157.216 337.376 618.369 674.947 653.615 612.492 632.176 666.386 645.532 629.809 589.531 507.022 261.455 189.577 204.908 199.536 221.032 181.677 196.537 191.276 198.562 211.497 186.752 183.687 187.994 181.618 181.977 180.123 178.418 183.104 178.143 166.606 162.357 0 
0 187.615 182.596 192.896 202.103 197.671 188.781 216.279 301.835 564.184 605.405 621.067 628.989 627.358 621.11 613.166 604.863 336.695 175.813 183.651 181.711 178.778 175.799 176.859 180.485 168.06 184.05 179.475 184.913 160.919 163.584 159.166 267.975 530.916 601.106 653.041 658.248 627.739 622.062 632.168 623.844 619.413 571.768 302.55 204.515 213.748 178.744 187.584 195.91 205.14 192.134 201.771 179.488 183.182 192.372 192.489 186.411 177.012 181.796 190.24 181.926 170.493 174.017 169.779 0 
0 181.58 189.218 193.955 197.964 203.527 190.718 223.565 330.76 581.122 611.914 626.302 625.052 636.147 626.449 595.304 572.929 237.236 184.967 179.73 181.545 179.58 176.707 181.012 180.173 171.179 188.292 181.407 182.982 171.893 183.283 171.522 216.046 508.551 607.912 597.752 630.327 645.965 655.972 624.07 628.19 596.621 581.202 376.286 205.224 189.631 209.827 194.246 207.034 172.902 191.713 183.096 179.94 198.22 197.065 187.532 188.673 194.274 183.857 176.724 176.039 174.051 167.674 170.482 0 
0 191.827 194.244 193.145 194.562 194.14 197.45 221.82 358.382 585.859 607.839 631.041 623.301 624.373 635.717 603.438 533.525 204.544 189.429 178.823 181.619 186.202 179.694 182.035 181.819 174.402 187.296 180.791 178.141 178.525 185.724 186.638 212.241 489.903 597.67 605.696 620.002 620.883 636.075 654.518 630.703 615.113 590.989 360.048 208.942 212.425 211.018 198.481 175.551 199.138 205.577 190.558 202.02 182.833 177.709 187.118 184.597 185.165 182.289 176.928 177.526 178.898 178.123 174.518 0 
0 193.101 189.604 197.107 194.192 196.99 199.796 192.332 373.267 595.143 615.328 624.891 620.622 617.326 636.528 630.146 494.202 217.75 188.908 181.86 183.211 189.102 182.002 180.402 179.686 180.418 187.098 179.042 174.132 173.917 182.237 184.884 211.789 498.421 591.127 616.192 626.539 616.488 612.178 644.903 644.366 608.546 593.205 405.001 209.033 197.725 184.278 201.435 201.868 210.616 183.973 199.608 186.64 178.723 181.565 187.489 192.026 177.638 173.751 186.089 180.721 180.066 180.165 174.927 0 
0 192.447 200.385 201.56 199.242 197.571 209.712 186.324 362.843 584.575 614.767 630.236 624.316 622.648 623.665 647.135 512.613 240.121 190.24 182.011 182.565 181.468 181.473 180.219 178.613 186.014 192.306 181.766 175.93 182.147 187.618 183.082 234.161 523.7 590.38 611.265 616.144 612.761 625.731 621.796 622.275 628.747 584.46 389.05 201.857 214.942 209.777 181.674 200.162 184.978 201.524 182.191 177.577 193.443 196.704 187.958 182.665 187.482 181.74 184.059 185.95 175.866 165.825 168.85 0 
0 194.979 191 190.29 198.079 201.867 206.143 195.66 346.604 569.657 606.073 629.007 631.571 634.709 618.569 628.169 593.957 281.783 188.957 186.277 182.012 184.064 184.619 180.026 179.545 186.923 188.035 189.044 174.817 172.718 186.41 174.303 292.217 567.146 601.555 608.839 613.75 618.226 625.63 629.898 623.88 586.863 580.835 381.694 214.845 212.108 185.426 195.475 176.595 203.962 190.682 187.935 195.983 193.07 180.897 185.684 185.066 188.693 189.64 181.156 169.117 176.209 169.999 164.044 0 
0 0 188.709 198.604 198.902 188.988 200.256 205.278 294.892 570.705 611.05 624.72 636.124 633.068 633.631 619.88 631.794 402.046 198.367 190.018 185.733 182.568 183.051 182.595 181.023 188.726 183.403 191.468 175.966 183.257 192.447 187.187 400.56 600.236 604.2 609.058 609.268 620.258 623.31 625.324 624.635 591.609 554.252 321.346 195.74 200.907 209.33 196.315 211.203 192.674 186.81 193.15 179.188 175.287 185.071 185.925 189.076 175.85 174.774 177.039 173.737 169.742 174.038 0 0 
0 0 194.916 191.419 199.933 210.569 199.22 206.306 247.362 530.616 601.808 623.787 633.903 630.579 627.72 632.797 631.805 573.713 270.863 187.212 189.228 184.257 177.087 183.3 184.524 187.898 186.228 183.501 171.587 189.383 188.081 257.66 534.084 612.583 616.322 607.538 603.667 633.306 641.848 613.37 587.226 594.039 518.303 265.995 212.065 207.714 194.18 204.216 182.005 181.939 196.87 172.012 176.597 186.248 190.763 184.764 186.797 185.549 181.912 183.632 184.564 179.436 174.187 0 0 
0 0 192.132 196.149 198.468 193.589 198.747 208.209 230.371 462.699 605.947 618.66 631.291 623.73 630.497 629.476 620.673 635.85 485.778 254.266 184.61 190.639 188.238 181.219 182.814 184.603 193.009 176.765 182.04 180.827 214.196 446.904 600.221 625.55 622.455 612.257 622.011 632.037 631.835 624.319 612.885 597.758 426.859 198.512 187.566 176.353 205.461 186.83 203.309 199.467 178.091 186.925 199.84 196.757 185.428 182.891 177.928 186.411 194.412 183.259 185.7 179.536 172.931 0 0 
0 0 193.282 198.937 190.925 201.14 201.549 205.554 214.092 352.889 592.18 609.086 625.469 632.955 629.075 630.121 632.294 611.517 644.597 474.738 313.767 191.643 179.528 180.724 185.059 187.771 199.05 181.584 186.676 223.771 427.651 601.74 612.32 631.904 612.085 603.065 615.034 619.505 624.247 604.975 601.409 567.932 342.471 207.875 212.498 203.09 189.109 219.723 194.259 188.125 189.618 194.779 188.779 183.809 186.302 187.153 188.445 184.447 175.999 176.335 167.736 171.725 171.687 0 0 
0 0 0 187.578 193.079 208.371 202.741 208.138 212.167 289.886 529.249 609.723 623.836 632.446 629.479 628.112 632.93 625.508 629.926 637.427 546.973 458.98 312.64 243.532 222.607 206.007 204.933 196.068 308.691 475.965 624.143 620.911 628.233 638.557 611.854 636.489 653.299 649.31 638.042 621.681 608.003 516.759 266.662 199.15 200.641 195.974 195.398 170.989 190.56 202.361 192.789 181.466 190.835 194.381 198.446 194.581 187.975 183.309 179.47 176.301 177.234 175.15 0 0 0 
0 0 0 193.507 194.163 193.488 187.116 197.879 194.174 224.732 375.941 579.034 596.223 610.068 610.565 613.708 601.837 604.001 583.967 602.624 576.143 541.862 551.151 464.51 441.427 434.154 459.596 537.16 650.384 664.063 676.863 641.562 665.613 659.818 634.609 653.134 641.3 638.454 634.454 627.823 600.111 430.564 238.833 231.558 234.241 224.496 215.163 228.056 222.551 199.417 213.087 224.271 222.397 216.44 210.85 206.486 200.423 204.188 204.756 202.122 202.832 201.843 0 0 0 
0 0 0 0 200.4 191.746 192.922 198.441 195.02 209.071 282.216 488.376 604.327 610.63 618.486 622.259 615.316 620.234 609.786 617.21 625.495 586.113 587.835 623.305 610.395 644.333 670.34 659.905 668.905 665.64 667.584 646.622 665.089 644.658 666.278 679.409 663.71 668.78 646.622 636.542 543.919 312.552 223.367 230.163 210.949 215.988 216.855 195.316 194.8 213.48 213.06 209.714 192.885 194.088 195.698 198.8 204.127 201.47 202.231 199.737 192.194 0 0 0 0 
0 0 0 0 191.318 195.789 202.858 198.608 193.203 198.086 213.516 341.755 536.672 606.004 615.546 621.965 623.503 623.918 611.533 618.308 630.335 631.592 611.318 618.502 655.991 655.205 611.086 629.091 661.464 647.245 623.089 646.524 669.479 652.85 664.246 641.224 622.568 622.289 607.424 585.918 393.473 237.963 222.268 217.042 215.556 206.581 200.996 226.661 217.769 208.852 196.512 201.056 211.994 209.76 209.748 205.095 203.506 196.829 190.414 190.328 190.459 0 0 0 0 
0 0 0 0 0 199.737 200.025 210.19 200.002 203.214 191.265 237.86 370.035 565.376 606.563 611.493 630.072 627.848 624.091 622.328 622.671 639.707 626.821 614.388 625.987 648.291 641.939 625.334 632.01 641.795 649.763 653.774 623.882 636.136 652.254 641.895 652.835 629.906 612.366 472.615 260.194 209.348 213.723 196.174 201.718 220.957 202.177 195.155 194.634 197.627 214.258 205.135 209.672 203.209 193.48 198.6 193.262 192.267 192.713 190.25 0 0 0 0 0 
0 0 0 0 0 187.943 195.501 203.232 196.608 206.696 203.589 196.54 249.177 374.309 578.868 603.59 621.952 629.969 631.122 628.959 626.757 636.81 635.086 623.211 628.566 639.335 617.845 650.042 654.38 615.053 631.504 649.009 651.816 665.058 635.384 610.592 617.126 594.717 510.138 295.858 227.434 215.552 224.632 206.539 200.984 184.754 191.209 199.28 217.002 204.263 199.046 195.021 187.161 190.65 194.151 190.49 191.909 191.222 190.141 189.921 0 0 0 0 0 
0 0 0 0 0 0 197.447 198.831 188.877 209.643 208.499 210.593 209.315 233.585 359.476 553.736 604.638 613.482 621.283 626.201 630.569 631.483 633.344 633.797 632.608 642.328 624.55 639.089 658.527 635.593 662.55 616.753 637.109 642.22 624.196 625.397 606.463 502.636 306.428 205.97 219.93 200.471 196.458 194.054 213.892 217.639 213.384 197.837 193.691 191.336 188.157 195.235 188.691 195.053 194.648 193.998 197.092 195.763 197.225 0 0 0 0 0 0 
0 0 0 0 0 0 0 195.897 200.583 207.435 195.22 195.261 210.928 218.257 221.905 301.009 506.581 588.92 609.334 610.008 621.43 627.155 633.232 628.098 636.663 643.53 627.724 653.058 644.855 633.804 651.824 625.51 634.66 600.242 606.189 599.887 484.153 305.433 222.558 208.903 201.271 209.981 205.615 199.147 184.031 193.393 191.791 197.228 205.179 208.764 204.12 204.601 205.394 194.29 192.639 187.232 182.5 184.235 0 0 0 0 0 0 0 
0 0 0 0 0 0 0 0 193.4 211.738 206.747 210.123 203.745 200.811 207.93 209.465 241.696 423.396 543.49 589.257 613.305 613.602 621.065 616.192 636.158 632.999 610.843 644.47 612.059 632.689 609.483 614.666 615.662 598.484 551.456 403.549 268.402 213.032 214.748 205.5 191.015 194.436 193.197 205.54 201.153 211.779 206.715 202.102 196.484 199.553 193.022 188.288 192.248 188.949 190.378 187.115 187.707 0 0 0 0 0 0 0 0 
0 0 0 0 0 0 0 0 198.633 197.053 202.018 195.095 200.503 205.493 204.556 209.625 213.482 207.075 290.198 421.376 498.767 567.464 593.702 598.997 621.865 615.429 606.198 618.94 592.923 616.824 589.112 598.575 544.765 462.144 320.377 217.999 191.626 212.116 197.369 214.245 210.449 213.421 202.923 194.627 185.503 183.863 186.575 185.105 183.441 188.398 194.07 191.551 192.779 194.121 187.083 188.851 188.372 0 0 0 0 0 0 0 0 
0 0 0 0 0 0 0 0 0 187.169 203.037 210.262 202.317 203.487 213.843 206.42 205.01 229.261 195.882 208.066 288.283 326.758 394.564 452.869 543.759 519.556 555.029 550.683 551.25 516.847 463.646 368.746 275.216 208.379 174.709 197.616 180.321 181.005 162.612 184.844 173.744 185.849 192.679 188.934 192.9 193.634 195.552 189.713 188.56 180.701 185.658 179.749 178.842 179.263 180.292 182.059 0 0 0 0 0 0 0 0 0 
0 0 0 0 0 0 0 0 0 0 208.656 210.256 211.491 230.251 222.865 218.759 227.436 238.006 238.998 251.127 238.27 265.441 301.666 269.097 381.839 325.653 358.888 291.546 276.335 208.746 177.907 154.676 170.953 172.644 173.443 181.704 163.575 173.656 158.634 165.009 153.42 158.171 166.233 155.669 163.921 153.716 157.901 157.608 161.442 156.559 160.318 160.997 156.936 157.253 164.319 0 0 0 0 0 0 0 0 0 0 
0 0 0 0 0 0 0 0 0 0 0 199.336 200.199 219.63 207.769 213.277 212.932 218.43 212.112 212.259 215.666 207.841 205.757 238.981 335.265 184.658 190.335 161.921 183.547 189.74 171.075 178.682 152.239 153.915 154.273 162.827 164.703 171.941 179.893 176.613 172.941 166.852 177.805 174.372 176.122 177.024 175.306 175.135 168.411 172.078 166.903 170.259 169.723 162.307 0 0 0 0 0 0 0 0 0 0 0 
0 0 0 0 0 0 0 0 0 0 0 0 0 203.327 206.696 203.69 197.648 207.117 206.569 204.482 208.599 206.413 211.44 202.519 301.415 203.916 223.773 200.067 177.999 170.07 175.72 197.943 194.337 203.663 189.301 179.61 188.119 169.162 179.316 165.137 176.404 169.124 175.21 175.455 172.743 178.058 172.578 181.087 174.88 182.77 173.996 177.906 0 0 0 0 0 0 0 0 0 0 0 0 0 
0 0 0 0 0 0 0 0 0 0 0 0 0 0 191.06 199.775 211.136 202.694 202.667 202.224 204.269 193.681 209.729 220.756 273.48 194.803 196.241 200.273 206.647 184.504 191.827 178.02 187.253 177.217 181.312 192.564 199.105 177.822 197.978 170.586 186.182 182.951 184.34 184.282 168.684 178.891 179.523 179.685 169.113 175.171 181.57 0 0 0 0 0 0 0 0 0 0 0 0 0 0 
0 0 0 0 0 0 0 0 0 0 0 0 0 0 0 199.062 189.772 207.152 203.013 199.486 197.522 199.246 205.205 232.408 272.08 202.031 185.7 187.217 197.161 199.019 185.183 197.573 192.945 182.058 182.338 182.973 187.242 177.593 195.473 177.908 185.273 187.853 184.666 186.683 184.361 177.452 172.521 179.238 185.738 177.703 0 0 0 0 0 0 0 0 0 0 0 0 0 0 0 
0 0 0 0 0 0 0 0 0 0 0 0 0 0 0 0 0 191.689 195.117 196.201 201.452 206.799 195.348 250.756 264.204 192.745 186.47 187.983 193.119 187.927 190.282 192.679 186.41 190.955 189.109 190.982 180.98 180.554 185.011 176.17 178.147 187.439 189.328 188.679 189.379 183.055 189.088 178.664 0 0 0 0 0 0 0 0 0 0 0 0 0 0 0 0 0 
0 0 0 0 0 0 0 0 0 0 0 0 0 0 0 0 0 0 0 179.912 193.231 200.491 194.197 265.499 265.938 193.102 188.843 188.124 188.596 183.78 185.182 186.363 196.116 182.635 185.705 187.212 183.95 186.519 186.628 190.218 175.501 188.763 174.261 184.148 193.236 190.086 0 0 0 0 0 0 0 0 0 0 0 0 0 0 0 0 0 0 0 
0 0 0 0 0 0 0 0 0 0 0 0 0 0 0 0 0 0 0 0 0 195.489 171.424 285.463 251.91 183.955 197.417 199.006 191.067 192.43 180.283 196.496 193.895 185.077 193.804 186.494 188.592 189.782 177.024 189.786 178.524 198.285 192.776 182.67 0 0 0 0 0 0 0 0 0 0 0 0 0 0 0 0 0 0 0 0 0 
0 0 0 0 0 0 0 0 0 0 0 0 0 0 0 0 0 0 0 0 0 0 0 0 0 185.555 184.495 193.151 191.701 185.845 189.335 197.57 183.745 187.584 201.691 189.703 194.377 202.274 188.273 202.082 0 0 0 0 0 0 0 0 0 0 0 0 0 0 0 0 0 0 0 0 0 0 0 0 0 
0 0 0 0 0 0 0 0 0 0 0 0 0 0 0 0 0 0 0 0 0 0 0 0 0 0 0 0 0 0 0 0 0 0 0 0 0 0 0 0 0 0 0 0 0 0 0 0 0 0 0 0 0 0 0 0 0 0 0 0 0 0 0 0 0 
