0 0 0 0 0 0 0 0 0 0 0 0 0 0 0 0 0 0 0 0 0 0 0 0 0 0 0 0 0 0 0 0 0 0 0 0 0 0 0 0 0 0 0 0 0 0 0 0 0 0 0 0 0 0 0 0 0 0 0 0 0 0 0 0 0 
0 0 0 0 0 0 0 0 0 0 0 0 0 0 0 0 0 0 0 0 0 0 0 0 0 154.429 157.038 163.303 155.433 164.674 155.788 162.331 158.292 157.267 169.854 139.368 173.768 135.274 162.575 149.974 0 0 0 0 0 0 0 0 0 0 0 0 0 0 0 0 0 0 0 0 0 0 0 0 0 
0 0 0 0 0 0 0 0 0 0 0 0 0 0 0 0 0 0 0 0 0 161.466 157.944 164.889 163.885 165.516 162.737 168.628 157.716 163.491 158.013 163.875 162.507 163.112 163.492 150.308 171.117 144.228 171.515 146.655 157.36 157.175 142.41 154.996 0 0 0 0 0 0 0 0 0 0 0 0 0 0 0 0 0 0 0 0 0 
0 0 0 0 0 0 0 0 0 0 0 0 0 0 0 0 0 0 0 180.011 160.114 164.407 171.766 164.61 170.388 163.154 160.911 172.969 154.919 163.908 159.71 164.938 167.383 165.591 160.933 158.607 167.759 157.288 166.919 148.35 160.974 157.279 143.48 167.475 151.75 154.502 0 0 0 0 0 0 0 0 0 0 0 0 0 0 0 0 0 0 0 
0 0 0 0 0 0 0 0 0 0 0 0 0 0 0 0 0 163.434 161.445 159.086 195.83 159.319 181.061 165.973 170.764 164.458 171.117 171.437 156.368 165.257 161.155 169.655 167.801 165.17 157.421 172.58 165.618 165.682 160.038 158.021 165.424 158.429 160.862 169.589 148.218 157.883 150.709 143.365 0 0 0 0 0 0 0 0 0 0 0 0 0 0 0 0 0 
0 0 0 0 0 0 0 0 0 0 0 0 0 0 0 157.407 160.473 165.766 167.223 152.815 207.762 209.352 172.78 168.106 167.977 167.01 180.589 167.08 162.676 167.867 170.05 176.264 165.552 171.357 160.374 186.082 159.098 166.108 152.515 160.188 168.224 166.601 171.741 156.529 153.991 158.174 148.019 155.695 160.239 142.51 0 0 0 0 0 0 0 0 0 0 0 0 0 0 0 
0 0 0 0 0 0 0 0 0 0 0 0 0 0 167.921 161.932 162.842 163.49 169.095 157.248 164.454 246.607 193.527 164.971 164.82 168.486 177.37 162.909 168.323 169.957 172.825 170.901 157.522 182.214 159.924 190.445 151.822 168.312 151.486 170.431 176.451 160.706 171.11 153.334 164.916 155.142 155.541 170.413 153.109 148.971 148.248 0 0 0 0 0 0 0 0 0 0 0 0 0 0 
0 0 0 0 0 0 0 0 0 0 0 0 0 166.97 170.065 163.018 175.029 165.431 169.259 155.825 169.266 201.466 238.168 172.375 171.426 175.093 173.249 157.794 174.425 169.492 172.28 168.548 162.956 189.956 159.494 187.792 151.732 174.545 164.842 175.343 170.647 159.757 165.389 157.31 166.811 164.92 164.83 169.807 142.251 157.696 149.38 147.525 0 0 0 0 0 0 0 0 0 0 0 0 0 
0 0 0 0 0 0 0 0 0 0 0 163.454 171.329 168.234 169.341 162.364 174.731 170.104 176.294 158.54 177.818 163.737 245.928 206.003 169.25 166.139 167.696 172.575 183.662 166.99 167.802 175.904 168.83 181.713 167.281 177.695 162.721 181.533 167.821 175.725 164.812 166.994 160.398 171.091 178.295 161.932 160.304 163.791 151.848 163.636 149.524 153.624 157.031 142.624 0 0 0 0 0 0 0 0 0 0 0 
0 0 0 0 0 0 0 0 0 0 158.196 167.008 168.035 170.184 177.329 167.237 174.228 165.354 176.608 176.17 175.833 160.421 227.957 220.292 172.904 164.339 179.405 174.499 175.627 162.64 171.318 183.982 171.702 172.468 163.445 175.86 175.178 165.983 170.246 168.34 155.725 181.422 166.78 181.412 164.172 154.205 169.151 158.995 163.014 159.884 157.864 160.882 151.767 146.321 147.548 0 0 0 0 0 0 0 0 0 0 
0 0 0 0 0 0 0 0 0 157.856 163.971 175.862 178.409 168.32 176.694 174.791 180.794 170.219 171.029 181.617 178.945 175.991 221.098 194.44 178.155 168.499 179.323 164.288 175.782 171.813 170.518 175.275 170.315 171.057 181.114 175.635 167.848 163.583 167.763 168.364 167.278 192.3 164.396 168.209 158.379 157.186 176.199 157.831 169.12 160.354 161.623 158.146 151.617 152.697 149.463 143.993 0 0 0 0 0 0 0 0 0 
0 0 0 0 0 0 0 0 164.85 173.816 169.862 168.47 172.029 170.27 168.354 181.765 174.932 171.609 173.119 186.784 179.642 203.873 225.356 164.804 181.945 182.822 180.414 153.172 189.816 178.733 157.004 167.584 185.749 172.759 184.634 163.286 177.933 167.439 173.433 173.758 179.36 176.83 160.075 164.767 163.267 173.127 170.462 168.605 169.627 161.863 154.756 160.487 156.761 155.385 152.129 147.106 145.829 0 0 0 0 0 0 0 0 
0 0 0 0 0 0 0 0 165.038 166.206 170.656 173.613 172.239 172.685 175.667 185.715 171.003 169.957 180.427 183.501 177.18 239.93 254.513 171.579 179.764 162.056 175.104 183.595 187.635 151.937 165.055 181.796 188.289 151.124 185.569 172.291 187.557 165.174 172.968 170.762 176.351 168.297 173.056 175.808 165.752 181.835 165.355 171.759 160.404 153.66 160.96 161.376 157.046 156.683 151.3 150.537 145.839 0 0 0 0 0 0 0 0 
0 0 0 0 0 0 0 174.126 174.61 172.168 173.721 175.578 174.277 167.31 164.573 182.86 162.973 168.947 190.957 169.419 172.709 186.739 254.815 274.314 247.795 188.36 211.268 179.554 160.966 163.332 181.175 174.61 168.241 163.998 201.239 187.849 168.771 166.554 177.398 168.145 184.454 180.956 182.178 163.41 168.128 181.77 163.004 167.331 156.347 162.086 169.488 162.037 164.875 160.998 153.943 155.414 153.811 149.18 0 0 0 0 0 0 0 
0 0 0 0 0 0 168.952 164.802 176.055 172.414 174.88 179.175 174.201 175.445 169.89 184.105 157.75 174.861 175.119 159.07 186.788 152.233 173.748 217.113 204.076 247.489 266.832 247.436 276.14 223.4 153.415 170.335 190.909 179.67 183.831 157.846 161.637 185.946 182.996 174.759 183.459 170.118 171.89 164.778 174.033 166.931 172.724 169.009 166.042 172.364 172.676 169.096 163.347 158.443 157.22 158.905 155.618 150.292 147.819 0 0 0 0 0 0 
0 0 0 0 0 163.547 175.567 169.277 169.109 170.754 177.952 182.035 171.19 172.961 189.099 181.401 169.604 181.185 165.345 185.936 176.901 170.673 186.938 184.133 191.305 175.48 192.312 198.031 211.997 261.936 237.697 178.777 185.934 173.222 178.282 183.519 183.776 184.46 164.259 166.839 172.154 185.892 184.414 162.425 173.555 165.649 186.117 160.922 168.153 173.39 161.572 163.201 161.295 153.434 160.982 158.179 150.913 148.283 145.381 145.629 0 0 0 0 0 
0 0 0 0 0 171.663 179.683 176.798 169.24 170.245 177.287 187.669 175.653 163.278 192.583 172.382 183.123 175.154 174.846 199.314 168.155 191.641 161.82 200.549 164.643 185.181 206.969 150.352 185.584 195.988 221.195 183.091 197.855 192.393 165.578 171.171 168.381 167.861 156.699 180.473 168.505 187.591 158.72 164.251 184.658 174.457 181.879 162.479 167.218 165.573 163.459 167.441 156.938 156.332 159.302 154.83 153.321 153.328 145.82 143.521 0 0 0 0 0 
0 0 0 0 167.817 172.809 178.893 178.956 176.206 172.875 179.245 184.311 181.43 178.013 189.892 164.242 196.673 155.916 198.339 174.428 194.226 184.251 191.72 178.659 178.078 172.683 192.7 171.249 190.395 171.404 199.534 224.889 160.315 169.375 171.274 177.36 173.905 183.374 174.087 186.089 167.713 175.615 161.295 176.769 152.466 165.074 151.77 148.024 164.115 157.759 173.027 160.077 156.862 170.176 166.802 163.168 155.259 148.386 144.211 145.044 142.072 0 0 0 0 
0 0 0 0 169.374 172.24 176.621 178.647 176.401 172.736 183.736 180.493 170.53 190.145 189.097 185.32 188.029 183.239 187.784 200.717 182.234 203.395 197.215 203.453 189.356 190.446 185.305 168.534 162.829 159.448 181.383 227.414 150.451 170.79 135.111 127.255 151.716 169.231 147.514 156.106 160.263 170.023 156.077 169.218 167.553 181.795 167.826 174.688 174.547 163.33 155.897 146.864 153.951 151.817 146.795 141.352 143.431 144.839 151.362 143.963 138.818 0 0 0 0 
0 0 0 170.613 176.156 174.917 179.056 177.838 183.084 176.282 188.687 192.378 175.435 197.187 177.497 208.641 186.991 195.967 214.778 214.653 210.778 229.524 253.32 270.835 295.567 297.694 324.803 303.221 256.259 246.326 227.666 217.131 155.166 167.578 158.995 172.889 178.798 168.075 161.3 164.559 173.91 157.192 162.87 157.388 150.043 149.485 140.373 152.633 157.785 171.719 161.059 155.255 155.91 154.674 155.788 145.703 136.938 142.296 139.653 132.482 133.933 132.676 0 0 0 
0 0 0 170.455 174.013 174.757 189.125 186.235 179.423 169.643 181.057 181.484 169.841 190.39 172.503 182.983 191.441 188.618 196.313 210.514 255.609 354.036 412.81 476.296 509.956 510.081 557.257 538.704 574.63 545.56 478.778 412.555 292.23 209.797 175.281 165.833 160.533 154.386 176.764 166.276 172.475 167.604 184.077 169.618 183.243 189.959 198.029 179.703 163.842 161.83 152.479 168.721 176.987 181.321 170.494 165.382 169.932 172.102 164.412 161.755 153.772 143.127 0 0 0 
0 0 168.74 178.018 171.488 170.256 174.407 177.55 174.706 185.063 190.477 179.893 179.72 174.126 184.945 186.722 186.6 207.6 299.979 432.431 505.451 574.541 569.98 606.79 589.779 595.996 609.093 590.945 600.645 567.293 587.77 563.89 549.343 488.773 333.578 206.546 213.68 216.121 217.833 203.039 186.037 179.943 202.411 186.273 182.501 173.34 168.909 174.473 190.005 192.997 187.042 176.609 173.209 174.721 163.697 172.223 185.954 176.921 170.892 167.016 158.372 161.625 155.8 0 0 
0 0 171.352 174.877 179.888 174.409 175.361 186.418 179.944 168.521 191.372 170.027 193.827 177.236 185.802 186.85 252.196 402.165 535.369 590.449 586.556 603.1 585.338 630.879 600.412 617.28 616.52 624.685 611.355 624.778 594.239 600.891 599.109 566.913 551.819 462.668 289.299 191.823 190.31 205.762 174.81 205.042 210.364 189.222 182.543 203.66 202.402 185.808 183.835 183.185 178.214 189.385 196.787 179.002 176.957 174.014 169.16 161.369 162.23 162.319 169.743 169.696 155.219 0 0 
0 0 179.786 179.669 181.819 176.708 176.181 188.448 173.01 165.49 199.628 152.864 191.183 183.449 200.905 313.874 491.256 567.601 592.066 588.492 604.567 620.577 616.445 607.969 625.801 617.309 640.999 609.243 621.716 615.69 635.999 603.572 618.69 616.034 583.359 574.732 521.848 346.65 236.846 246.176 168.45 180.503 186.184 178.668 195.959 212.949 189.834 192.517 216.108 198.272 190.696 180.551 174.549 174.843 185.622 192.897 181.618 171.404 164.356 165.869 163.677 155.48 156.672 0 0 
0 0 175.093 175.682 178.351 180.929 179.981 189.379 180.832 169.179 194.438 173.379 169.284 198.187 338.479 518.22 589.479 586.371 617.651 611.299 622.015 599.881 621.12 623.218 619.63 613.795 606.081 609.616 609.152 623.419 626.372 627.768 621.763 625.143 619.598 616.575 600.243 535.33 348.366 198.574 207.614 235.701 223.745 188.538 185.532 196.396 172.272 187.561 185.876 189.167 199.003 203.993 189.692 186.7 185.076 178.985 175.418 179.916 185.963 185.488 177.991 166.296 163.59 0 0 
0 170.036 178.774 179.329 175.83 179.712 170.949 180.536 182.008 171.446 187.734 187.944 195.17 343.529 533.959 583.073 597.588 590.33 629.531 609.614 630.857 594.942 612.111 627.958 611.505 608.485 602.52 607.619 614.63 622.069 619.528 621.532 630.387 632.294 616.771 620.082 609.131 610.024 549.58 359.574 210.566 150.17 218.764 187.439 203.726 197.522 176.496 194.803 198.747 189.174 188.823 189.662 187.015 198 195.65 183.792 179.414 175.503 183.268 178.608 174.161 174.653 169.189 165.396 0 
0 177.418 178.506 175.922 178.286 178.657 178.696 187.795 183.796 172.822 188.108 187.671 305.111 517.922 583.022 598.495 619.714 600.595 636.595 594.459 609.758 613.729 612.828 619.982 600.651 609.318 608.228 616 619.238 624.387 628.904 631.517 626.2 638.289 644.975 649.385 614.686 604.949 593.22 467.351 372.388 176.748 210.266 191.003 214.713 212.202 204.322 212.438 190.733 179.645 198.289 189.719 187.852 187.073 180.793 179.903 189.609 186.227 179.366 166.446 168.78 166.601 168.301 168.428 0 
0 180.823 180.066 180.488 184.915 178.699 174.502 191.328 184.711 180.764 174.487 270.141 494.529 579.804 596.419 613.265 620.825 586.191 620.453 588.361 592.575 594.243 595.541 595.157 595.149 604.537 625.43 631.444 634.705 635.681 632.231 644.047 636.736 633.445 647.606 684.596 659.221 662.606 612.163 620.167 427.611 302.651 209.371 182.238 204.938 198.87 189.794 215.181 192.104 202.6 209.551 193.066 196.412 197.806 177.471 183.987 190.919 193.246 189.191 185.999 183.395 177.605 173.851 169.857 0 
0 178.067 181.887 182.635 179.361 179.652 173.439 184.379 186.113 179.297 202.957 413.378 572.738 579.673 600.141 608.692 616.459 573.982 608.304 578.305 566.384 573.989 545.975 520.482 483.32 456.889 451.974 483.284 568.405 627.987 639.977 645.814 629.726 651.259 601.849 660.415 637.154 656.057 604.35 624.965 543.306 396.997 212.791 229.992 204.35 198.682 213.917 212.938 200.287 222.685 196.298 201.809 217.466 198.626 193.388 192.67 194.895 177.668 175.804 183.32 188.162 187.079 176.198 168.404 0 
0 179.822 179.595 179.695 180.572 183.476 173.712 180.38 200.529 189.405 304.031 543.324 593.006 604.145 616.43 624.168 635.968 598.935 624.714 602.613 612.107 567.802 439.531 326.903 255.456 222.054 199.937 199.962 224.982 334.593 486.717 618.326 567.907 672.524 569.271 678.596 628.864 639.458 647.03 582.982 610.91 469.151 234.656 209.804 200.72 168.165 191.764 174.641 180.844 188.177 175.168 188.964 176.363 177.505 188.271 182.366 168.672 165.787 175.569 172.163 163.115 164.418 164.309 164.929 0 
0 180.328 181.937 188.044 184.533 178.614 183.435 180.495 205.791 216.101 430.185 582.942 599.054 622.664 628.265 624.391 639.817 601.121 617.652 610.069 504.396 306.933 189.392 172.316 171.815 171.995 171.246 170.538 162.898 166.679 223.839 462.09 564.728 637.913 563.829 642.686 589.267 565.387 639.781 580.956 620.006 532.377 385.847 187.021 213.26 182.15 203.8 156.83 197.776 169.106 175.379 191.618 175.911 175.632 177.505 173.97 173.181 178.799 172.023 169.058 166.223 160.592 149.716 148.058 0 
0 182.929 180.79 182.705 183.611 186.936 188.359 173.97 201.897 263.633 528.058 594.945 617.501 627.75 626.862 616.086 638.482 599.782 619.49 493.689 258.402 177.363 174.905 183.956 184.07 172.794 174.493 164.279 161.447 158.51 156.838 211.475 524.135 617.026 585.827 602.141 636.707 609.527 632.625 637.737 555.603 595.268 437.504 210.815 217.236 162.198 205.609 186.848 191.304 172.482 197.487 169.034 174.132 188.382 179.284 166.585 174.441 182.295 171.332 165.071 162.248 164.568 167.846 166.08 0 
0 185.853 176.363 179.941 188.776 189.135 189.846 172.375 206.087 342.186 573.757 602.27 624.407 639.8 628.426 603.135 634.829 614.277 545.836 280.374 186.999 183.004 173.045 180.46 181.148 176.263 182.104 177.279 177.051 169.638 194.229 145.81 290.47 504.288 514.878 541.238 585.996 582.881 590.723 622.042 603.519 603.763 498.917 287.3 165.29 178.865 164.534 189.929 165.578 171.949 173.48 173.303 184.307 169.881 175.441 178.335 169.702 159.271 157.956 168.804 172.473 170.213 159.515 155.447 0 
0 177.748 182.985 189.151 185.917 181.463 182.023 165.611 218.698 408.262 583.369 604.73 627.063 626.646 623.223 606.307 614.474 600.454 390.649 179.231 180.555 170.485 162.602 175.092 170.621 168.529 167.211 162.891 161.047 154.162 163.322 138.159 106.414 440.111 517.885 375.126 562.03 616.797 619.445 568.049 617.865 550.795 589.985 327.399 185.954 206.565 161.407 182.093 167.977 196.87 154.581 173.335 177.142 161.488 161.543 168.647 171.667 170.005 170.235 162.438 167.859 165.877 153.115 151.593 0 
0 179.768 178.976 179.245 181.123 182.408 190.995 174.262 227.203 447.888 583.57 600.271 621.449 634.887 631.371 614.708 592.312 566.839 273.079 168.681 183.42 172.033 168.724 168.651 174.414 172.319 168.013 170.253 170.134 160.691 157.9 151.915 138.255 275.873 542.048 330.65 398.848 593.327 620.03 628.369 591.85 615.888 527.02 406.375 205.187 180.907 173.413 178.339 193.4 172.436 184.369 184.068 159.324 171.502 175.322 162.219 163.237 171.239 164.833 167.095 156.761 153.132 156.74 161.504 0 
0 173.064 171.701 181.668 184.662 191.746 193.607 183.414 224.583 478.713 588.97 600.574 626.026 634.648 625.13 622.482 576.238 523.408 206.794 172.709 179.211 172.971 169.461 170.943 175.964 172.485 165.192 167.762 168.155 161.846 164.759 145.158 152.414 212.704 513.95 342.14 316.883 576.005 593.399 603.652 642.897 570.554 584.692 460.083 179.557 171.298 199.14 176.481 190.678 162.309 181.369 174.49 177.682 181.077 173.554 167.946 165.092 163.656 169.827 168.313 164.726 158.347 142.297 146.67 0 
0 174.539 182.774 183.486 180.094 181.892 181.263 197.617 233.001 497.45 585.032 610.075 622.906 622.202 624.572 631.816 594.337 474.384 183.661 178.403 173.194 182.482 169.34 171.695 174.626 174.524 164.524 163.556 166.727 169.134 168.331 153.061 163.357 204.891 489.85 348.907 291.774 569.715 576.384 601.986 592.206 613.218 574.947 449.704 235.921 192.779 168.663 175.499 150.419 190.585 178.659 183.816 191.067 170.061 166.269 175.019 180.403 170.607 153.831 156.075 165.088 165.139 164.795 162.835 0 
0 184.627 175.934 176.78 176.929 178.198 181.786 203.558 204.047 512.475 589.468 613.166 617.719 626.295 615.212 626.361 628.426 437.587 206.94 178.318 173.678 174.924 168.561 174.786 177.492 174.498 164.311 160.265 168.137 166.772 165.352 161.697 167.926 219.476 504.648 341.341 267.732 557.147 592.78 608.126 609.124 565.566 570.947 504.283 223.707 168.733 180.386 186.63 193.024 177.832 170.784 182.295 164.533 176.585 177.458 175.415 169.157 170.183 166.892 164.728 167.753 166.142 165.821 163.042 0 
0 177.612 181.768 186.36 181.53 187.007 182.082 193.651 213.299 485.81 583.13 610.396 623.731 620.756 617.479 618.935 647.23 489.747 221.616 177.982 177.855 172.384 176.215 178.809 185.637 175.419 167.8 164.47 167.27 168 167.017 167.664 168.869 254.854 503.637 298.433 271.7 549.12 606.068 598.816 579.762 612.628 554.423 439.311 216.033 198.05 196.46 180.669 183.865 162.881 184.784 168.691 162.131 173.825 177.584 175.869 174.138 170.59 171.061 174.221 171.913 157.679 156.289 158.914 0 
0 179.761 181.573 181.708 183.679 181.759 183.978 191.566 227.012 446.746 585.267 601.601 622.324 628.548 632.066 613.913 613.711 603.913 255.877 179.937 180.577 169.116 174.067 178.513 180.433 172.246 171.385 167.548 161.264 166.974 162.364 160.692 166.768 318.625 509.947 247.71 338.884 570.783 590.493 598.186 612.295 565.451 561.846 440.617 208.93 191.529 162.651 174.708 164.22 196.311 169.765 179.611 188.666 176.765 170.511 168.266 169.233 173.591 169.701 167.117 166.788 155.986 153.156 149.252 0 
0 0 179.675 181.732 185.83 180.828 181.455 171.846 228.212 404.929 598.139 599.755 619.957 626.654 621.383 625.107 608.275 635.656 416.257 190.421 184.12 176.93 164.49 182.068 188.923 179.012 167.657 173.006 168.128 178.612 164.654 170.219 196.286 442.371 456.989 232.397 432.81 568.351 579.316 604.489 606.925 586.578 567.436 365.997 178.409 172.631 173.817 173.519 190.782 178.88 185.368 180.736 177.321 163.821 168.045 175.791 172.126 162.285 156.84 159.906 158.283 160.226 159.885 0 0 
0 0 184.317 182.737 180.761 184.957 180.208 183.565 189.28 360.21 567.859 590.226 620.265 633.679 623.012 626.617 619.152 615.906 606.024 300.789 189.413 184.628 172.276 170.158 185.908 190.015 167.9 174.437 174.721 184.686 177.001 167.116 325.652 524.134 322.876 285.515 514.564 581.639 601.227 596.572 585.874 565.67 529.636 334.64 188.462 200.366 167.749 186.11 162.367 170.313 179.1 160.202 160.839 178.809 176.471 165.172 168.903 166.503 166.569 168.172 161.711 159.873 161.129 0 0 
0 0 185.238 184.749 179.61 188.213 190.385 189.726 170.193 324.521 528.167 594.012 609.205 619.333 627.572 623.622 621.582 612.622 633.744 540.224 288.484 190.895 171.482 178.005 183.918 187.181 169.697 171.734 179.296 178.198 165.233 256.145 508.05 436.635 253.868 458.801 579.443 594.225 587.914 605.247 604.088 583.424 510.902 252.536 167.362 170.775 184.771 149.847 179.696 175.962 162.532 185.491 182.755 173.48 178.309 170.112 166.659 176.055 173.979 175.47 166.049 164.048 158.072 0 0 
0 0 173.784 179.777 183.514 183.811 178.238 183.368 176.29 221.657 473.923 585.042 600.984 621.951 629.134 626.608 617.104 622.86 607.837 639.564 535.581 373.236 253.993 177.817 184.94 182.196 162.629 173.904 183.964 185.98 278.183 490.684 505.591 294.939 398.539 569.031 588.483 589.932 596.231 604.411 569.451 557.904 439.592 206.2 197.13 183.838 181.084 191.508 177.453 171.321 180.976 185.736 178.743 167.948 169.32 179.775 176.712 171.622 173.869 170.195 159.649 162.5 160.442 0 0 
0 0 0 182.011 181.46 177.624 178.954 179.788 185.623 165.323 369.959 551.035 583.322 605.67 613.545 616.364 611.094 613.057 603.163 596.049 624.602 544.107 510.851 405.889 320.896 280.569 227.303 235.438 298.103 424.087 553.174 558.36 425.222 455.518 604.88 615.451 639.088 627.227 632.92 614.305 592.389 555.314 345.438 200.977 191.537 188.525 194.984 180.469 184.785 199.917 186.405 168.113 173.387 191.699 184.973 180.782 184.433 169.554 171.438 166.714 172.884 168.349 0 0 0 
0 0 0 176.24 182.567 178.696 189.871 173.326 180.356 176.018 209.495 482.227 571.228 585.685 602.049 600.489 610.565 590.761 585.137 575.986 584.6 569.373 521.639 525.977 533.145 495.323 501.502 559.861 619.589 631.632 616.666 578.917 570.574 644.024 635.917 632.602 657.403 644.355 659.065 623.873 618.364 481.442 256.126 218.029 212.708 218.727 206.094 229.765 210.101 191.862 201.703 209.022 203.131 201.274 208.559 188.45 185.829 194.286 189.718 180.465 185.734 186.354 0 0 0 
0 0 0 0 177.506 183.736 181.225 180.206 181.063 190.113 166.69 322.062 546.372 576.853 595.215 600.38 614.993 610.823 605.615 596.295 607.567 613.291 604.053 568.601 611.822 637.951 594.426 605.002 645.704 606.521 619.697 636.749 639.987 664.417 649.59 661.712 654.169 638.401 622.691 590.642 565.497 344.121 203.03 210.109 194.388 206.524 220.441 186.603 202.195 204.395 211.804 203.934 197.418 187.148 189.366 196.621 186.913 194.58 191.585 189.17 185.552 0 0 0 0 
0 0 0 0 179.538 179.554 172.514 173.321 182.743 182.288 200.823 185.006 400.243 558.888 582.902 600.023 609.659 620.849 620.185 602.122 604.9 610.741 609.564 611.913 609.15 618.997 607.766 618.214 609.516 592.25 649.463 638.014 619.857 624.544 618.737 631.667 630.303 636.453 605.911 595.854 452.272 250.916 207.53 210.197 200.955 183.129 190.085 211.531 202.579 192.935 174.359 183.725 182.319 191.501 186.429 187.542 194.822 183.469 182.361 180.286 177.542 0 0 0 0 
0 0 0 0 0 179.78 181.65 182.459 181.897 170.295 185.746 188.855 204.134 440.13 551.978 593.978 591.875 611.631 615.728 617.568 615.199 628.675 615.395 608.482 618.506 619.681 589.602 631.544 645.246 600.992 633.988 600.816 637.986 633.893 638.848 623.155 613.124 596.248 567.241 504.406 274.384 207.976 206.547 192.36 198.123 212.49 209.789 192.509 184.125 190.925 196.315 194.701 199.168 190.238 186.853 178.591 178.691 170.825 170.5 176.606 0 0 0 0 0 
0 0 0 0 0 179.478 182.454 183.814 173.795 183.55 173.012 188.111 173.677 228.395 436.801 542.62 581.715 600.068 606.761 614.702 615.252 620.068 619.188 620.7 625.888 623.789 592.924 639.489 628.767 617.763 661.88 616.609 628.839 608.413 634.067 613.975 613.235 590.15 535.534 327.518 199.28 199.877 209.285 198.161 205.871 174.278 188.448 196.624 206.964 197.593 201.188 183.067 184.514 181.041 179.841 183.452 177.245 183.121 180.116 172.866 0 0 0 0 0 
0 0 0 0 0 0 187.599 179.841 185.188 191.571 180.562 182.935 183.716 155.465 228.605 404.523 509.562 595.614 590.707 598.74 603.166 615.338 618.26 618.886 621.567 644.925 597.068 649.081 624.482 629.232 633.799 631.273 632.067 618.941 599.693 587.959 589.79 528.706 353.444 212.93 211.455 194.338 184.587 185.748 199.367 205.657 195.247 198.56 185.968 178.16 180.87 188.097 178.736 192.526 183.757 183.615 183.213 177.145 186.072 0 0 0 0 0 0 
0 0 0 0 0 0 0 174.328 184.386 182.039 173.301 180.65 185.296 196.632 167.552 215.986 328.715 461.766 572.284 589.859 582.024 599.15 608.536 604.875 617.506 639.823 598.616 650.672 603.1 633.881 611.567 620.559 602.109 607.163 583.313 569.265 479.666 323.457 206.316 200.158 191.588 211.952 204.781 203.238 180.463 181.02 170.764 181.45 185.076 193.857 185.998 192.947 186.48 179.848 191.501 177.468 178.611 178.019 0 0 0 0 0 0 0 
0 0 0 0 0 0 0 0 183.074 184.459 176.135 188.391 177.497 177.424 177.78 176.132 196.668 260.298 346.68 498.204 563.61 587.187 582.969 592.084 603.803 616.282 587.489 637.419 581.068 617.819 585.775 589.294 574.512 578.089 526.441 416.368 276.193 203.043 194.617 197.543 188.834 179.299 176.843 197.785 196.207 197.508 203.163 186.636 188.21 184.424 179.75 175.484 190.08 177.195 179.192 180.414 167.125 0 0 0 0 0 0 0 0 
0 0 0 0 0 0 0 0 190.283 178.671 179.096 184.617 180.617 187.519 178.865 177.967 168.414 191.724 213.03 236.431 341.431 449.517 509.899 540.066 583.276 596.954 565.018 597.755 560.662 578.087 571.02 554.857 523.869 420.4 295.148 211.112 191.137 193.89 197.716 187.779 192.313 191.375 189.218 182.643 185.436 169.885 183.751 172.261 176.077 177.022 178.303 171.446 175.26 177.44 158.667 170.844 171.734 0 0 0 0 0 0 0 0 
0 0 0 0 0 0 0 0 0 176.732 189.184 193.592 189.241 186.408 184.771 191.352 191.411 198.366 207.021 227.77 210.183 212.509 299.766 332.792 403.393 460.933 463.1 509.872 481.449 442.552 400.533 308.434 237.325 183.164 159.783 168.035 167.239 154.804 166.039 158.003 155.679 152.75 158.883 161.311 170.716 161.203 169.811 168.857 163.674 168.746 169.985 167.655 160.521 164.179 162.03 150.541 0 0 0 0 0 0 0 0 0 
0 0 0 0 0 0 0 0 0 0 188.418 191.562 194.609 190.481 198.929 201.487 194.807 206.902 207.35 212.813 225.425 243.545 220.544 200.176 303.457 342.4 288.694 234.653 215.088 189.711 161.822 137.061 150.586 150.609 136.399 138.142 138.079 137.859 141.249 136.815 149.977 149.288 137.742 143.579 147.657 147.673 143.468 153.781 146.746 153.759 154.253 150.169 148.444 147.236 157.911 0 0 0 0 0 0 0 0 0 0 
0 0 0 0 0 0 0 0 0 0 0 176.344 181.339 190.561 193.658 180.92 184.91 190.496 190.884 186.455 192.837 197.179 193.437 188.236 221.479 234.261 206.186 190.716 184.401 167.756 146.501 145.219 158.117 151.376 162.252 166.401 171.206 166.781 167.64 159.054 165.648 164.649 149.758 160.631 156.512 151.217 154.538 162.488 162.678 150.775 157.997 154.789 151.848 149.324 0 0 0 0 0 0 0 0 0 0 0 
0 0 0 0 0 0 0 0 0 0 0 0 0 181.731 186.685 181.046 187.244 182.34 184.877 186.185 184.547 183.79 189.302 184.75 215.333 240.959 203.045 152.391 167.714 190.007 185.319 175.166 171.329 159.66 162.439 160.107 155.216 163.351 163.485 164.662 170.663 174.581 170.071 169.914 177.896 165.132 167 161.479 166.624 156.824 161.262 162.597 0 0 0 0 0 0 0 0 0 0 0 0 0 
0 0 0 0 0 0 0 0 0 0 0 0 0 0 179.472 184.399 182.401 178.926 183.61 184.662 183.116 181.912 185.884 178.899 207.81 246.173 215.493 170.067 173.489 169.294 171.617 170.975 183.096 177.655 170.2 177.214 164.874 170.502 163.324 168.869 165.447 164.292 166.43 162.353 178.708 169.85 169.866 165.272 165.957 166.99 161.586 0 0 0 0 0 0 0 0 0 0 0 0 0 0 
0 0 0 0 0 0 0 0 0 0 0 0 0 0 0 177.531 177.699 188.212 184.471 181.674 177.774 183.471 183.737 176.978 202.356 247.688 213.018 166.15 181.356 170.695 169.794 166.715 179.8 176.813 178.944 171.083 173.509 177.635 167.091 174.353 170.415 171.473 176.013 163.066 163.987 166.82 159.38 170.588 166.752 169.079 0 0 0 0 0 0 0 0 0 0 0 0 0 0 0 
0 0 0 0 0 0 0 0 0 0 0 0 0 0 0 0 0 180.911 178.356 182.902 181.599 183.513 182.028 178.827 201.733 247.196 211.864 170.464 177.448 175.737 172.707 173.025 174.751 176.636 173.413 173.368 182.173 177.767 171.681 175.756 170.483 166.44 170.162 169.511 162.009 177.348 166.875 163.259 0 0 0 0 0 0 0 0 0 0 0 0 0 0 0 0 0 
0 0 0 0 0 0 0 0 0 0 0 0 0 0 0 0 0 0 0 172.763 177.607 180.168 184.179 176.135 204.85 261.054 203.179 175.386 176.638 172.516 174.405 174.714 173.762 179.804 168.127 170.226 170.47 172.821 176.766 173.871 174.321 163.492 173.482 174.972 167.495 169.908 0 0 0 0 0 0 0 0 0 0 0 0 0 0 0 0 0 0 0 
0 0 0 0 0 0 0 0 0 0 0 0 0 0 0 0 0 0 0 0 0 175.476 172.106 171.772 210.038 268.015 201.869 181.694 174.257 176.884 173.171 176.466 179.397 176.129 175.006 168.034 174.426 168.646 172.107 171.364 178.211 167.241 173.437 172.312 0 0 0 0 0 0 0 0 0 0 0 0 0 0 0 0 0 0 0 0 0 
0 0 0 0 0 0 0 0 0 0 0 0 0 0 0 0 0 0 0 0 0 0 0 0 0 265.685 188.875 172.615 174.745 176.766 168.36 177.002 174.647 176.684 173.109 171.514 179.312 167.609 168.271 175.938 0 0 0 0 0 0 0 0 0 0 0 0 0 0 0 0 0 0 0 0 0 0 0 0 0 
0 0 0 0 0 0 0 0 0 0 0 0 0 0 0 0 0 0 0 0 0 0 0 0 0 0 0 0 0 0 0 0 0 0 0 0 0 0 0 0 0 0 0 0 0 0 0 0 0 0 0 0 0 0 0 0 0 0 0 0 0 0 0 0 0 
