0 0 0 0 0 0 0 0 0 0 0 0 0 0 0 0 0 0 0 0 0 0 0 0 0 0 0 0 0 0 0 0 0 0 0 0 0 0 0 0 0 0 0 0 0 0 0 0 0 0 0 0 0 0 0 0 0 0 0 0 0 0 0 0 0 
0 0 0 0 0 0 0 0 0 0 0 0 0 0 0 0 0 0 0 0 0 0 0 0 0 156.418 165.044 153.954 170.149 163.573 180.443 149.858 169.632 150.25 177.909 153.737 160.998 159.176 147.897 162.432 0 0 0 0 0 0 0 0 0 0 0 0 0 0 0 0 0 0 0 0 0 0 0 0 0 
0 0 0 0 0 0 0 0 0 0 0 0 0 0 0 0 0 0 0 0 0 150.139 164.481 167.354 168.609 172.668 162.106 161.088 174.237 173.396 177.028 155.627 169.968 161.937 174.909 156.972 168.944 159.309 159.691 171.296 159.249 160.266 152.262 157.829 0 0 0 0 0 0 0 0 0 0 0 0 0 0 0 0 0 0 0 0 0 
0 0 0 0 0 0 0 0 0 0 0 0 0 0 0 0 0 0 0 158.759 172.119 162.782 164.486 171.073 174.081 173.984 157.456 167.078 177.214 176.689 175.128 158.396 170.832 168.83 172.847 165.393 169.377 164.985 172.417 171.962 164.66 161.655 157.365 173.492 149.578 161.214 0 0 0 0 0 0 0 0 0 0 0 0 0 0 0 0 0 0 0 
0 0 0 0 0 0 0 0 0 0 0 0 0 0 0 0 0 164.25 166.175 173.688 165.569 170.5 169.61 177.857 176.737 178.014 153.767 175.3 174.206 182.933 161.855 162.728 174.455 176.932 170.576 167.389 172.981 178.342 176.385 172.788 162.532 159.309 166.072 166.991 151.542 165.303 141.063 154.199 0 0 0 0 0 0 0 0 0 0 0 0 0 0 0 0 0 
0 0 0 0 0 0 0 0 0 0 0 0 0 0 0 164.521 171.056 170.508 171.741 177.391 168.411 173.067 175.527 175.778 175.29 180.19 163.812 178.056 166.036 189.08 160.422 189.485 178.855 189.343 171.431 173.922 181.154 164.754 171.165 159.38 159.535 164.868 174.256 163.794 160.554 160.666 155.248 157.823 156.702 147.907 0 0 0 0 0 0 0 0 0 0 0 0 0 0 0 
0 0 0 0 0 0 0 0 0 0 0 0 0 0 165.394 172.807 170.737 173.07 182.687 180.674 168.016 180.859 180.16 177.444 169.905 173.742 159.505 176.985 175.373 208.765 164.293 193.401 152.574 173.985 152.092 168.019 173.439 164.273 170.76 157.929 176.344 173.34 184.927 160.017 170.132 160.451 163.383 165.489 163.024 161.647 158.459 0 0 0 0 0 0 0 0 0 0 0 0 0 0 
0 0 0 0 0 0 0 0 0 0 0 0 0 174.854 175.129 174.952 180.691 176.927 185.206 192.742 186.889 198.833 176.156 171.974 184.198 225.498 226.692 206.567 171.488 203.851 149.836 191.436 165.78 198.274 174.541 190.384 194.581 188.732 184.819 176.128 177.852 177.622 174.68 164.321 172.3 160.807 172.255 168.39 159.885 167.719 143.52 149.562 0 0 0 0 0 0 0 0 0 0 0 0 0 
0 0 0 0 0 0 0 0 0 0 0 160.786 172.468 174.877 169.763 172.311 172.657 172.696 172.552 166.931 176.343 250.147 226.501 231.047 241.742 242.923 221.98 242.292 210.574 215.019 164.593 194.801 180.466 186.41 162.725 175.638 184.637 179.585 178.24 172.296 170.16 177.095 162.12 180.782 174.496 171.658 174.888 169.228 167.632 164.34 149.304 167.564 154.747 146.288 0 0 0 0 0 0 0 0 0 0 0 
0 0 0 0 0 0 0 0 0 0 165.796 175.698 173.552 178.39 169.96 171.068 177.115 183.33 182.709 184.323 176.917 202.543 208.817 201.157 192.676 187.758 165.125 229.369 222.241 189.302 164.434 202.448 178.91 172.452 167.574 190.833 187.359 182.505 178.57 174.904 170.369 183.4 172.036 188.48 160.134 172.287 175.254 159.619 171.529 158.225 159.109 163.71 160.448 163.125 154.132 0 0 0 0 0 0 0 0 0 0 
0 0 0 0 0 0 0 0 0 165.709 168.703 175.352 173.746 188.377 179.025 174.485 185.454 189.416 181.498 165.179 173.333 168.504 176.831 191.417 170.577 175.015 175.976 261.127 215.649 185.99 185.641 189.846 166.253 176.187 182.382 189.3 173.348 183.198 171.184 175.408 182.537 182.191 176.998 178.661 167.364 171.54 168.117 165.013 179.503 156.922 174.433 168.406 156.367 155.158 147.213 150.942 0 0 0 0 0 0 0 0 0 
0 0 0 0 0 0 0 0 167.922 175.755 177.223 182.469 178.889 187.163 182.956 179.708 178.81 167.763 168.45 180.889 186.992 167.366 181.266 196.717 162.119 187.829 178.687 212.717 238.031 215.506 182.009 167.274 183.541 189.17 180.29 177.319 171.624 189.543 185.016 171.585 187.965 172.23 184.977 173.211 169.35 173.809 169.997 184.827 174.166 173.501 174.49 163.188 158.623 165.698 152.22 160.975 146.298 0 0 0 0 0 0 0 0 
0 0 0 0 0 0 0 0 184.421 180.566 179.271 175.943 182.59 185.253 174.354 168.468 183.067 182.858 182.529 189.3 173.988 175.182 195.795 172.196 178.151 191.039 167.783 192.386 243.376 206.086 175.255 182.183 205.875 181.413 165.555 183.56 188.449 196.354 179.764 169.637 186.734 172.741 192.343 169.777 178.461 182.913 171.807 182.81 165.377 164.625 163.481 163.969 167.208 164.517 162.424 163.929 156.616 0 0 0 0 0 0 0 0 
0 0 0 0 0 0 0 173.686 181.106 177.203 181.147 176.617 185.177 177.885 171.777 183.365 193.192 175.404 189.238 185.588 167.469 190.484 178.757 173.691 192.672 179.618 172.238 199.897 228.696 206.612 199.601 174.056 181.391 174.03 186.745 205.159 193.812 175.322 173.184 176.735 192.017 184.792 182.575 170.144 179.925 178.938 184.044 173.658 162.589 170.573 174.264 165.359 170.887 163.785 171.227 153.337 147.652 153.978 0 0 0 0 0 0 0 
0 0 0 0 0 0 171.696 183.257 187.731 181.314 180.664 166.3 184.35 184.124 176.106 190.591 181.622 175.55 198.647 169.656 190.999 182.898 176.201 185.144 163.443 204.744 180.68 163.088 238.82 222.874 193.127 169.082 194.935 181.758 178.349 176.86 180.275 185.012 191.949 199.853 180.747 180.018 170.07 179.616 179.464 172.829 178.356 164.06 180.254 178.668 171.762 178.145 177.182 169.818 164.064 154.284 157.046 159.038 140.53 0 0 0 0 0 0 
0 0 0 0 0 168.981 176.906 175.318 188.526 180.642 187.698 185.123 196.413 185.641 173.486 187.242 171.834 189.198 188.236 176.204 196.057 179.608 199.22 162.975 190.937 191.667 170.62 210.812 193.171 200.61 231.575 190.231 168.689 167.216 182.799 186.455 191.062 183.508 182.211 177.356 161.704 179.731 179.703 192.189 181.559 175.88 173.923 183.449 186.967 176.028 167.812 169.556 160.235 168.073 159.139 160.567 165.832 159.506 157.867 154.246 0 0 0 0 0 
0 0 0 0 0 175.835 178.131 172.075 184.533 180.017 182.834 186.918 193.957 185.254 194.788 191.933 183.29 198.594 176.527 192.149 172.618 205.304 171.536 194.757 188.624 179.096 185.009 185.284 194.519 232.911 202.105 171.29 197.112 195.27 176.567 166.201 178.776 178.782 173.61 181.546 187.599 189.351 189.563 187.889 167.386 179.919 176.065 184.29 174.675 157.432 166.277 172.053 177.878 162.854 153.935 158.168 163.593 155.709 155.702 145.57 0 0 0 0 0 
0 0 0 0 172.883 176.001 179.309 180.367 193.258 183.75 178.923 183.284 191.934 176.408 201.68 177.257 200.987 185.166 211.114 176.685 200.106 184.587 186.949 183.846 200.136 174.116 187.621 181.508 196.343 228.888 191.633 187.108 171.06 160.908 176.608 205.046 195.478 177.27 189.406 190.879 181.174 156.482 167.075 177.181 170.623 177.007 175.123 174.431 156.598 171.438 179.631 176.742 171.871 161.436 170.134 181.109 162.782 158.792 153.062 151.276 143.64 0 0 0 0 
0 0 0 0 183.581 184.89 180.631 177.47 193.377 188.648 179.523 193.102 191.534 186.561 209.819 180.213 208.145 192.293 193.852 188.617 199.005 214.932 188.487 206.352 181.615 187.242 186.605 166.098 216.36 195.105 178.016 193.379 166.452 165.809 166.973 162.79 141.379 146.995 175.348 172.298 159.951 158.822 192.149 178.379 171.106 166.474 176.409 174.53 165.97 177.426 168.466 181.361 161.475 155.128 164.685 154.145 147.695 154.246 148.433 153.841 145.206 0 0 0 0 
0 0 0 173.761 177.496 183.568 186.059 188.353 196.096 188.511 182.933 208.793 186.27 207.616 204.403 212.567 203.29 225.551 223.204 215.478 237.845 233.131 249.151 280.845 274.777 314.403 281.058 268.885 247.76 200.535 166.667 144.519 162.586 180.95 160.992 178.12 184.952 178.326 169.253 166.572 158.824 176.394 178.116 156.987 159.959 154.805 171.647 156.875 162.002 168.975 174.022 157.724 142.425 158.62 165.34 157.288 161.451 146.228 154.729 153.47 140.88 138.918 0 0 0 
0 0 0 186.596 185.356 185.65 182.695 180.014 197.081 196.52 186.645 205.873 174.067 207.291 191.547 198.652 200.97 204.721 207.527 223.736 293.753 348.141 443.366 476.985 518.344 540.805 534.075 549 512.594 469.031 374.994 305.493 220.809 181.21 175.894 198.477 169.439 151.191 177.395 189.75 157.562 167.642 176.755 177.309 183.587 190.772 192.093 170.458 185.398 177.169 184.462 163.144 176.464 188.047 170.654 171.644 162.146 170.47 176.431 157.503 152.807 159.652 0 0 0 
0 0 177.103 182.137 183.799 184.333 183.835 176.386 192.189 188.032 186.159 212.286 183.885 201.157 202.125 191.503 196.322 235.892 330.023 447.533 542.048 560.273 605.475 581.985 604.983 580.757 604.436 583.739 605.555 591.347 581.387 575.02 471.646 383.363 266.503 193.121 194.614 214.336 216.759 210.831 202.828 200.879 200.527 207.479 181.988 186.952 176.354 181.631 183.578 193.553 186.046 174.416 187.67 186.916 184.389 173.805 174.901 186.069 165.021 163.047 173.249 162.273 153.236 0 0 
0 0 183.661 191.951 192 187.941 185.836 185.868 204.844 189.44 190.949 194.755 196.516 198.255 205.096 192.875 291.364 458.982 551.977 601.112 604.494 604.9 607.273 609.583 598.901 622.731 617.089 623.024 606.66 624.647 589.816 603.342 604.449 568.533 500.448 373.248 239.456 206.023 191.596 184.883 211.599 192.114 194.662 204.716 197.405 202.074 206.112 207.521 202.164 210.606 177.999 189.035 196.345 186.999 175.729 171.016 190.628 180.924 172.088 174.988 168.636 163.008 169.255 0 0 
0 0 184.074 181.676 191.557 191.336 192.164 187.062 202.186 189.338 202.282 179.605 207.75 189.858 225.741 363.236 526.303 603.301 583.206 616.643 604.055 639.886 612.185 615.29 614.899 628.794 623.589 625.149 627.019 619.204 623.097 625.959 612.743 605.481 605.817 562.538 417.552 273.352 211.283 217.46 236.005 180.639 202.337 197.85 184.407 198.4 213.528 189.144 199.393 195.541 194.323 201.952 193.555 189.139 183.028 200.537 190.175 175.75 177.61 179.904 174.86 177.308 163.522 0 0 
0 0 181.884 183.351 186.303 191.545 187.351 181.073 211.753 182.823 213.227 192.71 199.24 241.546 408.368 555.532 589.719 616.824 602.765 639.182 609.135 629.623 617.795 618.263 622.451 612.092 613.595 622.042 606.573 621.199 617.727 634.907 655.71 612.327 627.867 623.332 581.128 469.2 263.66 191.491 210.067 197.949 245.956 222.797 190.161 202.909 190.004 181.03 198.376 189.888 188.87 196.787 199.154 187.74 189.714 200.371 183.257 179.329 187.35 181.045 186.112 180.295 178.884 0 0 
0 180.672 191.166 188.345 191.96 192.807 187.273 182.132 211.759 175.633 203.781 196.001 240.003 425.989 582.452 607.046 598.563 631.839 600.401 631.238 622.963 612.443 615.739 624.836 615.79 612.599 613.113 616.073 623.217 623.046 618.729 618.724 660.236 621.804 644.323 614.241 616.895 612.77 447.641 272.787 235.233 177.458 179.362 203.443 199.914 229.356 201.041 206.707 207.565 191.619 194.862 201.767 195.392 196.291 212.287 190.158 179.895 194.591 191.914 186.692 179.131 174.219 171.564 157.495 0 
0 184.627 184.881 183.222 191.312 196.069 198.364 186.794 220.727 187.325 215.727 218.717 410.673 570.044 599.593 613.277 611.25 636.976 609.748 621.464 616.705 610.618 630.479 618.148 623.011 618.303 610.75 633.668 628.567 614.285 613.352 616.935 655.406 628.519 664.799 622.68 635.999 598.357 603.354 398.356 236.364 273.233 193.5 216.771 199.969 218.225 194.38 219.129 207.697 194.606 207.549 210.678 191.736 193.579 184.432 177.665 193.619 184.222 184.994 183.338 176.574 178.011 168.641 171.827 0 
0 183.982 184.918 186.392 189.4 196.253 190.936 174.087 213.73 176.707 206.361 363.909 563.214 599.256 617.364 623.236 602.96 632.065 610.525 616.232 611.942 615.408 612.927 620.646 622.633 614.815 625.497 628.907 616.722 620.438 625.066 634.119 675.281 634.994 673.111 643.715 674.181 630.845 634.223 600.479 313.698 243.148 200.6 228.812 189.614 208.378 196.122 204.364 184.894 192.846 218.981 202.687 204.6 207.98 192.735 202.598 200.861 195.195 196.444 181.556 186.136 184.179 185.309 180.613 0 
0 187.758 191.751 189.604 186.014 195.197 200.142 180.752 219.376 182.646 276.718 510.902 594.292 602.983 615.949 615.642 587.681 611.21 602.148 595.571 580.348 578.2 569.713 543.819 523.82 548.058 581.477 624.003 649.081 626.115 623.13 637.64 689.723 649.181 679.53 654.258 659.302 640.279 624.527 614.184 528.984 268.208 212.127 241.163 212.326 243.415 202.675 218.328 211.315 223.538 214.794 194.601 217.307 208.899 203.295 211.29 209.836 196.592 189.238 194.703 187.429 186.741 185.936 182.615 0 
0 183.479 183.18 186.393 187.297 190.555 206.311 178.28 218.199 211.527 416.626 590.017 604.704 619.734 628.434 632.306 605.796 627.493 615.342 609.142 601.446 534.37 414.893 317.805 263.606 251.369 246.169 303.235 424.593 539.052 585.892 597.932 666.357 636.076 659.045 664.282 667.492 680.074 639.105 639.534 608.995 401.406 204.352 222.957 217.937 213.663 191.67 214.772 195.291 210.744 180.075 199.822 201.826 190.185 196.249 191.211 190.036 184.052 195.256 194.752 190.086 185.717 177.797 168.534 0 
0 182.984 184.769 190.982 190.739 188.123 210.591 186.34 225.814 278.425 532.134 604.249 613.689 628.226 620.006 629.334 599.819 617.554 626.272 584.362 413.342 250.592 185.318 167.451 174.307 175.782 167.49 165.437 176.962 257.576 424.636 553.929 646.494 621.267 640.983 644.159 640.517 634.967 623.536 603.87 585.102 502.574 245.375 215.381 204.969 177.974 219.926 201.322 201.975 186.484 193.415 209.525 180.31 187.679 186.884 183.019 182.768 179.571 177.903 178.547 176.88 175.168 169.631 168.663 0 
0 196.276 186.457 185.687 190.064 183.545 202.089 185.845 208.663 359.353 579.713 602.203 619.827 626.374 610.488 632.773 607.064 630.823 576.356 339.273 192.795 174.039 179.73 169.442 172.504 167.389 162.636 167.019 163.981 140.635 189.027 367.118 639.947 659.561 650.837 640.74 638.171 648.908 664.37 639.683 619.908 564.308 363.292 202.049 195.773 180.483 209.053 159.637 210.466 184.734 201.919 182.004 177.483 190.347 188.363 190.661 189.092 187.414 183.597 180.396 171.666 169.981 173.372 175.38 0 
0 181.684 182.785 188.04 187.762 182.605 206.051 195.868 229.443 458.253 597.668 613.331 625.682 624.883 611.388 638.169 602.146 602.341 366.126 180.153 179.896 176.597 169.809 161.774 169.328 164.685 164.445 162.7 156.143 136.678 122.199 133.23 469.632 759.195 657.629 658.096 666.862 668.687 632.967 633.389 602.52 612.793 445.784 240.56 222.496 198.156 198.609 204.906 204.493 188.536 195.233 186.037 199.178 189.745 179.305 173.718 180.651 179.773 169.65 176.354 175.224 175.084 174.794 172.203 0 
0 187.268 186.554 190.497 196.772 191.254 190.271 202.238 255.937 513.571 599.132 619.545 621.95 625.178 619.282 626.868 599.563 494.346 218.853 176.194 176.274 179.61 175.775 169.861 173.331 167.113 168.131 167.749 161.874 144.724 152.878 145.125 315.802 629.119 684.473 651.265 621.088 644.256 670.943 641.121 637.661 595.555 513.025 266.55 182.674 209.925 196.067 219.207 180.296 197.522 188.04 203.916 205.073 194.124 185.882 187.237 180.02 176.522 179.942 177.949 176.464 177.907 169.12 166.564 0 
0 188.976 183.152 187.98 194.251 192.344 184.728 220.358 288.129 553.489 602.575 618.111 625.654 625.482 620.916 610.381 606.311 350.704 176.94 180.053 178.298 180.321 173.812 173.815 173.483 174.283 175.042 178.574 166.919 152.998 171.235 161.007 254.47 531.32 606.745 657.516 670.47 634.375 620.185 631.097 629.091 625.308 572.214 292.797 210.737 217.358 175.567 176.93 196.28 195.289 194.11 201.876 190.469 185.771 192.042 193.195 187.333 178.717 176.754 189.413 180.605 171.371 173.42 169.687 0 
0 177.575 182.802 188.582 195.897 198.864 182.72 224.913 316.262 572.278 607.45 621.901 627.008 622.277 619.581 606.647 585.053 251.913 182.229 173.903 177.699 185.567 172.941 179.663 171.011 181.455 181.343 184.795 163.413 160.252 175.615 170.198 210.936 501.198 609.868 614.711 643.441 648.076 652.379 622.092 626.878 599.714 573.26 372.605 208.888 193.799 204.086 187.98 200.996 174.241 185.765 183.198 180.033 200.737 195.352 184.435 188.402 187.494 182.375 175.189 172.952 179.649 168.159 169.789 0 
0 194.988 194.568 192.083 188.014 192.635 191.866 215.789 345.383 582.286 604.485 623.046 625.447 620.304 625.258 609.018 558.266 210.461 187.616 177.393 176.317 186.835 177.943 183.235 173.547 179.415 190.385 185.055 167.034 168.888 177.1 184.197 207.697 476.193 609.251 622.259 620.79 614.606 634.251 651.328 629.904 609.113 581.296 359.613 210.553 217.572 203.033 194.416 173.299 197.148 200.387 186.614 206.301 188.648 175.507 181.529 181.999 182.958 183.859 176.443 171.358 171.751 179.477 175.47 0 
0 190.956 190.614 198.108 196.997 202.077 192.96 186.968 361.193 584.444 612.427 628.116 624.784 619.606 627.019 619.43 539.499 225.594 182.488 183.808 179.444 187.853 186.116 180.033 178.586 173.953 194.064 189.842 168.639 175.295 178.362 185.626 207.036 480.747 593.254 618.595 618.604 607.955 609.973 640.211 644.568 596.683 588.912 404.744 206.156 199.111 177.33 197.128 195.974 204.907 187.955 203.063 189.821 174.497 179.411 188.032 191.168 174.453 174.375 179.892 177.538 175.13 173.373 172.802 0 
0 189.143 198.642 195.582 196.131 195.638 210.802 185.711 359.405 572.96 607.623 626.926 633.393 619.141 624.602 626.436 543.501 264.757 179.696 183.948 180.116 179.422 190.659 180.46 185.389 181.429 185.03 191.489 173.977 181.39 184.804 185.653 225.554 514.746 593.129 614.385 607.858 611.253 620.9 622.74 616.447 617.694 587.71 398.865 202.197 203.193 201.947 187.127 196.445 180.02 198.158 184.667 173.492 191.524 192.158 187.58 181.749 183.636 182.447 175.182 184.9 179.297 168.996 159.394 0 
0 195.863 188.916 187.788 197.906 196.363 199.882 185.218 342.443 568.594 605.822 623.613 633.581 628.43 626.742 624.555 581.025 333.119 179.118 185.922 182.292 177.874 186.546 180.986 181.109 189.993 186.189 176.63 171.874 182.845 190.974 179.635 279.784 566.268 599.695 612.238 607.792 618.909 622.202 631.604 604.767 584.03 582.036 384.65 212.739 201.651 187.435 194.148 172.77 193.816 185.264 182.421 199.496 194.902 181.642 185.11 184.185 180.272 185.494 179.716 170.378 173.553 173.273 165.71 0 
0 0 188.338 201.067 196.271 187.934 199.199 197.026 279.904 557.509 604.528 629.225 633.759 623.933 626.678 632.627 616.01 431.55 220.175 182.567 180.908 183.037 180.096 179.598 184.618 187.048 188.924 179.473 164.816 174.678 184.735 185.111 392.371 602.917 612.99 617.336 617.465 615.386 617.676 614.444 617.44 601.383 557.884 325.445 190.471 195.343 205.621 186.416 212.11 192.971 181.647 194.878 186.724 176.8 182.984 184.245 187.986 178.694 174.528 171.56 169.594 167.994 171.101 0 0 
0 0 198.4 190.643 194.272 208.187 199.548 204.662 232.871 529.051 592.715 619.961 627.224 633.392 626.15 628.056 630.925 563.552 322.828 187.909 179.529 188.541 182.435 176.983 189.137 190.806 196.328 180.437 179.793 192.735 178.645 257.124 529.669 609.712 618.863 598.334 609.18 619.247 634.061 607.764 602.546 595.064 513.496 262.379 209.618 209.521 187.641 201.323 179.58 178.147 198.957 178.161 172.701 179.356 188.078 185.249 184.291 183.691 178.437 179.057 181.615 181.904 173.826 0 0 
0 0 186.966 189.117 196.07 196.237 196.076 204.975 219.946 456.063 604.85 613.761 633.703 626.665 624.796 621.699 628.863 626.054 499.861 297.628 172 185.64 186.453 182.304 182.885 180.853 202.457 173.256 186.086 184.983 213.854 447.719 602.468 615.521 615.161 608.363 617.815 622.509 619.852 625.759 614.685 596.317 444.677 199.884 191.071 179.754 194.719 179.927 191.617 206.386 187.356 190.28 196.898 197.366 190.884 179.445 172.723 182.208 185.617 183.383 180.73 179.631 172.683 0 0 
0 0 191.321 196.387 191.254 194.642 197.389 202.879 210.536 341.129 585.029 593.805 628.184 634.853 632.396 622.476 632.13 620.714 614.612 504.039 343.63 196.736 176.758 180.433 185.184 183.158 198.271 174.523 187.575 224.113 427.016 597.929 613.001 623.697 607.218 605.901 618.084 614.607 608.833 611.792 594.459 571.562 366.515 211.189 208.669 199.936 187.668 209.93 202.896 188.781 191.224 194.169 191.3 180.864 182.532 183.293 185.486 183.782 172.558 175.299 176.355 174.426 168.243 0 0 
0 0 0 192.052 189.213 196.958 200.25 204.29 212.951 270.194 513.69 603.473 619.88 626.542 632.566 624.286 630.394 631.51 620.15 614.683 569.908 471.632 318.435 249.164 220.426 211.704 208.006 198.628 311.749 479.981 612.864 619.127 628.503 629.394 615.427 634.04 645.613 642.779 639.549 636.618 612.787 517.569 274.393 195.562 193.89 182.396 194.617 173.906 191.198 203.197 194.608 180.087 182.343 189.952 192.354 191.205 191.551 182.009 181.496 175.342 175.931 175.412 0 0 0 
0 0 0 191.698 189.638 191.74 183.575 192.774 194.416 216.394 356.193 578.965 587.428 609.414 611.586 619.406 598.177 603.17 590.44 588.506 564.283 556.367 551.808 480.407 456.969 452.799 475.108 549.843 654.219 663.983 667.021 647.559 665.655 649.245 640.398 647.86 635.906 638.637 636.26 628.69 597.218 427.612 234.553 220.747 226.04 217.526 209.664 234.281 225.264 207.368 208.166 218.382 221.981 216.57 208.915 203.829 200.067 198.143 198.142 199.86 200.835 194.836 0 0 0 
0 0 0 0 195.446 196.156 193.389 196.964 190.491 204.271 269.819 482.18 594.947 605.362 615.292 626.136 609.931 621.613 606.675 617.277 616.882 597.602 594.026 625.802 605.187 646.598 666.749 655.909 665.901 659.35 661.07 652.871 662.669 644.321 668.903 676.578 665.532 676.394 654.588 636.001 543.951 303.754 217.283 225.011 205.1 219.77 217.93 201.105 190.114 208.149 210.625 208.787 197.596 186.35 189.314 193.029 195.384 197.402 200.124 197.157 194.246 0 0 0 0 
0 0 0 0 191.313 196.797 195.719 193.294 189.692 195.68 210.885 326.209 529.655 601.316 605.684 632.514 621.454 631.896 610.389 617.845 622.724 625.651 611.492 614.553 647.562 653.744 608.292 638.673 662.252 641.362 622.66 646.012 656.611 653.249 656.258 632.708 630.543 622.687 601.053 569.848 395.374 231.892 226.716 212.903 214.992 205.959 199.133 221.252 224.066 201.478 196.035 196.637 205.823 206.493 207.594 203.881 201.048 196.699 196.086 194.099 189.665 0 0 0 0 
0 0 0 0 0 201.535 193.477 209.533 196.799 201.828 192.021 222.727 355.615 561.053 598.245 606.587 625.83 633.867 622.709 622.582 618.45 626.625 626.623 619.447 621.921 649.596 625.291 623.316 629.388 638.395 646.622 642.326 620.839 645.229 647.586 636.534 642.667 618.884 594.843 470.968 263.243 210.645 208.923 189.807 198.289 216.32 215.636 194.763 190.357 194.954 206.02 207.297 201.683 204.164 198.935 194.616 191.937 189.297 188.39 189.227 0 0 0 0 0 
0 0 0 0 0 183.237 191.202 200.753 190.358 207.387 203.15 193.472 236.792 353.116 572.71 597.006 606.441 626.812 630.034 623.894 626.886 632.234 629.481 625.931 629.678 638.835 612.707 650.015 637.86 608.891 629.584 641.974 651.151 653.764 619.452 617.618 617.357 600.71 512.434 297.71 219.222 212.457 211.6 215.019 204.834 189.919 188.278 195.104 209.746 210.411 195.165 192.677 192.588 189.575 191.681 187.21 187.748 191.015 189.52 186.057 0 0 0 0 0 
0 0 0 0 0 0 197.673 197.042 187.671 206.538 196.21 201.904 207.324 223.454 346.746 551.145 591.03 602.894 623.674 625.404 629.705 629.054 630.288 623.857 631.922 641.709 623.726 648.053 655.13 635.89 654.406 617.277 648.185 639.366 622.004 624.836 582.96 494.761 305.179 212.658 209.874 205.014 200.835 201.8 212.926 220.754 205.03 201.771 192.799 192.064 188.662 185.967 190.716 189.449 189.945 193.026 195.21 192.34 194.044 0 0 0 0 0 0 
0 0 0 0 0 0 0 189.735 198.536 202.765 188.777 192.439 204.301 211.244 214.745 295.169 497.496 579.773 604.494 608.104 621.177 620.329 628.683 622.103 637.082 641.585 626.589 646.172 634.904 634.127 646.953 624.826 630.109 598.056 612.52 576.875 444.666 304.178 220.014 213.35 196.997 218.349 213.232 204.5 187.743 189.716 187.425 190.438 202.885 198.875 203.011 207.2 200.256 192.634 191.406 189.454 186.163 185.678 0 0 0 0 0 0 0 
0 0 0 0 0 0 0 0 193.583 203.433 204.525 210.557 203.2 199.398 209.776 214.884 230.574 412.935 538.721 579.436 611.047 610.453 615.416 606.629 638.886 624.779 617.229 641.625 611.657 629.252 605.43 617.347 605.983 597.509 533.26 365.92 254.985 214.582 210.395 213.793 199.13 190.836 190.127 191.183 200.315 209.4 211.805 193.67 193.561 195.322 192.543 189.89 188.62 188.619 193.008 192.308 189.496 0 0 0 0 0 0 0 0 
0 0 0 0 0 0 0 0 198.627 190.254 202.07 193.948 194.856 199.816 199.011 210.177 204.925 199.765 290.244 413.717 488.368 557.616 591.369 591.603 627.793 605.22 611.129 606.938 588.717 598.212 586.695 587.132 531.591 442.45 283.791 212.023 204.103 214.311 196.874 212.553 210.369 207.496 205.372 194.351 184.436 183.409 187.761 185.927 183.019 188.652 186.276 186.969 187.798 188.718 187.496 185.139 185.467 0 0 0 0 0 0 0 0 
0 0 0 0 0 0 0 0 0 185.865 205.406 209.743 200.834 196.604 211.789 207.955 203.046 224.924 198.783 211.342 290.557 319.751 386.848 442.74 542.58 514.399 560.41 552.927 547.172 489.691 428.196 332.796 262.253 188.359 174.915 198.157 169.475 167.135 165.441 178.22 176.135 171.416 185.593 183.484 182.597 187.402 183.812 184.51 177.583 173.638 181.307 179.697 179.805 176.861 178.146 176.05 0 0 0 0 0 0 0 0 0 
0 0 0 0 0 0 0 0 0 0 205.334 203.673 207.488 218.912 223.793 213.046 225.05 227.007 238.044 239.198 231.353 256.079 293.443 255.059 368.729 311.375 355.562 289.562 258.719 193.536 156.283 157.554 169.205 162.792 180.189 171.035 159.094 170.906 153.828 159.313 164.715 154.334 163.803 154.216 153.78 157.898 160.869 158.601 159.64 155.596 154.817 156.745 158.041 163.841 159.491 0 0 0 0 0 0 0 0 0 0 
0 0 0 0 0 0 0 0 0 0 0 197.569 199.531 206.086 212.178 205.045 216.513 207.236 214.054 209.531 208.209 200.856 200.698 234.093 321.975 179.507 195.621 168.663 185.236 194.311 172.771 177.398 146.296 160.204 161.56 156.157 170.037 176.172 176.229 166.546 171.419 164.667 175.414 178.471 173.946 172.688 168.838 168.836 168.867 171.095 166.254 169.547 164.164 159.741 0 0 0 0 0 0 0 0 0 0 0 
0 0 0 0 0 0 0 0 0 0 0 0 0 196.344 212.943 194.993 204.401 196.746 207.785 202.404 202.307 204.586 198.809 199.053 291.769 204.094 217.287 186.07 178.956 170.049 185.716 188.831 202.353 203.346 189.687 176.615 187.035 166.742 169.528 164.283 171.733 171.952 169.19 177.284 171.899 175.033 176.889 180.837 177.774 180.596 178.167 176.542 0 0 0 0 0 0 0 0 0 0 0 0 0 
0 0 0 0 0 0 0 0 0 0 0 0 0 0 194.539 190.998 206.077 193.173 204.937 201.597 198.229 196.78 198.379 215.127 260.606 198.751 196.539 196.077 200.366 181.064 184.294 173.599 184.896 169.886 189.613 189.596 199.19 178.615 193.655 179.131 178.977 188.902 169.124 180.299 173.581 177.452 177.741 176.918 174.692 175.097 179.601 0 0 0 0 0 0 0 0 0 0 0 0 0 0 
0 0 0 0 0 0 0 0 0 0 0 0 0 0 0 194.83 189.882 199.695 204.342 197.184 192.006 198.594 193.774 227.843 261.372 201.252 183.466 183.913 193.993 192.677 181.154 197.911 185.21 180.908 185.123 176.215 181.315 177.637 191.735 183.156 180.638 191.122 182.337 183.439 179.215 176.475 179.186 182.079 183.261 179.521 0 0 0 0 0 0 0 0 0 0 0 0 0 0 0 
0 0 0 0 0 0 0 0 0 0 0 0 0 0 0 0 0 188.583 197.71 191.856 194.593 205.163 189.107 244.367 259.412 198.316 184.039 180.395 192.494 185.686 195.17 184.489 185.822 189.044 185.288 184.171 181.889 180.634 183.042 181.378 182.887 190.843 190.668 182.732 189.994 181.856 179.654 180.785 0 0 0 0 0 0 0 0 0 0 0 0 0 0 0 0 0 
0 0 0 0 0 0 0 0 0 0 0 0 0 0 0 0 0 0 0 175.675 191.181 202.135 182.667 255.75 266.631 192.679 182.988 186.856 187.036 187.808 186.298 188.004 196.49 181.321 185.562 187.689 182.796 189.353 184.878 186.736 174.938 185.671 188.831 181.033 195.279 189.262 0 0 0 0 0 0 0 0 0 0 0 0 0 0 0 0 0 0 0 
0 0 0 0 0 0 0 0 0 0 0 0 0 0 0 0 0 0 0 0 0 193.235 162.611 276.55 257.58 182.797 190.953 198.232 194.351 188.754 181.299 195.018 187.875 186.876 195.732 190.403 181.535 192.577 181.625 188.336 186.293 189.484 198.303 175.064 0 0 0 0 0 0 0 0 0 0 0 0 0 0 0 0 0 0 0 0 0 
0 0 0 0 0 0 0 0 0 0 0 0 0 0 0 0 0 0 0 0 0 0 0 0 0 177.389 185.955 195.809 188.883 183.765 188.018 187.937 185.375 194.348 199.78 192.901 185.836 196.245 187.291 193.88 0 0 0 0 0 0 0 0 0 0 0 0 0 0 0 0 0 0 0 0 0 0 0 0 0 
0 0 0 0 0 0 0 0 0 0 0 0 0 0 0 0 0 0 0 0 0 0 0 0 0 0 0 0 0 0 0 0 0 0 0 0 0 0 0 0 0 0 0 0 0 0 0 0 0 0 0 0 0 0 0 0 0 0 0 0 0 0 0 0 0 
