0 0 0 0 0 0 0 0 0 0 0 0 0 0 0 0 0 0 0 0 0 0 0 0 0 0 0 0 0 0 0 0 0 0 0 0 0 0 0 0 0 0 0 0 0 0 0 0 0 0 0 0 0 0 0 0 0 0 0 0 0 0 0 0 0 
0 0 0 0 0 0 0 0 0 0 0 0 0 0 0 0 0 0 0 0 0 0 0 0 0 139.202 151.551 149.605 156.802 138.558 159.469 139.073 153.802 148.007 154.121 146.031 144.055 141.946 136.182 145.126 0 0 0 0 0 0 0 0 0 0 0 0 0 0 0 0 0 0 0 0 0 0 0 0 0 
0 0 0 0 0 0 0 0 0 0 0 0 0 0 0 0 0 0 0 0 0 147.003 147.007 161.667 147.748 147.754 147.842 150.153 157.503 139.931 155.668 143.457 156.873 154.545 154.023 150.637 147.326 141.801 145.41 146.45 145.144 141.92 146.673 134.061 0 0 0 0 0 0 0 0 0 0 0 0 0 0 0 0 0 0 0 0 0 
0 0 0 0 0 0 0 0 0 0 0 0 0 0 0 0 0 0 0 150.077 155.344 154.468 147.039 157.639 143.382 150.917 149.579 157.237 156.987 146.007 147.579 150.739 159.908 155.338 153.626 152.385 149.346 148.853 149.205 147.243 147.284 149.6 142.626 138.178 147.421 138.467 0 0 0 0 0 0 0 0 0 0 0 0 0 0 0 0 0 0 0 
0 0 0 0 0 0 0 0 0 0 0 0 0 0 0 0 0 150.037 152.656 151.717 149.707 155.668 154.4 162.152 149.084 153.713 158.734 157.829 156.431 149.84 141.366 162.289 159.636 155.407 154.144 151.555 153.368 152.638 147.473 150.629 153.954 149.659 141.685 151.189 146.545 139.813 139.587 145.16 0 0 0 0 0 0 0 0 0 0 0 0 0 0 0 0 0 
0 0 0 0 0 0 0 0 0 0 0 0 0 0 0 149.742 160.361 154.509 147.029 150.422 154.74 162.327 153.637 163.661 149.608 157.886 165.461 157.37 158.411 154.716 147.155 167.122 160.945 158.997 159.254 155.422 161.083 148.97 145.564 156.922 155.341 148.861 151.606 152.909 144.287 141.498 148.905 141.876 135.73 139.104 0 0 0 0 0 0 0 0 0 0 0 0 0 0 0 
0 0 0 0 0 0 0 0 0 0 0 0 0 0 151.741 153.732 159.509 158.649 151.169 155.763 151.078 165.821 158.161 162.361 149.5 162.23 158.223 159.645 158.118 162.747 150.101 162.997 159.365 159.272 159.304 156.147 162.936 148.817 150.821 161.854 150.056 156.836 151.08 152.654 142.174 147.035 147.597 141.741 146.564 139.886 134.782 0 0 0 0 0 0 0 0 0 0 0 0 0 0 
0 0 0 0 0 0 0 0 0 0 0 0 0 161.11 155.172 148.831 157.877 161.413 152.788 156.767 159.453 165.212 156.679 159.052 159.716 166.992 155.522 164.017 156.349 168.763 146.689 163.708 161.494 171.88 155.448 159.403 158.816 150.97 162.115 157.794 154.53 153.212 149.065 155.519 147.821 148.428 153.067 150.298 148.087 138.245 141.233 136.016 0 0 0 0 0 0 0 0 0 0 0 0 0 
0 0 0 0 0 0 0 0 0 0 0 145.013 160.129 152.036 158.029 160.171 158.179 161.716 149.993 161.699 163.428 165.737 156.917 157.68 165.426 164.687 158.28 163.359 160.393 169.026 147.574 166.798 173.841 160.605 148.592 155.851 162.271 161.628 159.198 154.4 160.834 154.539 149.838 159.861 151.008 154.497 156.704 147.654 143.107 142.365 145.83 135.144 137.963 131.081 0 0 0 0 0 0 0 0 0 0 0 
0 0 0 0 0 0 0 0 0 0 154.634 160.773 159.551 157.65 157.654 161.427 156.558 160.576 153.644 169.55 162.449 163.32 161.365 164.8 164.726 158.144 168.914 181.157 151.65 162.467 145.906 170.18 174.874 151.785 154.277 159.561 170.197 160.384 152.052 152.842 158.097 156.906 160.255 158.38 150.732 155.417 151.535 149.207 147.822 154.674 140.942 139.726 145.57 142.175 138.851 0 0 0 0 0 0 0 0 0 0 
0 0 0 0 0 0 0 0 0 149.045 154.324 155.204 157.708 153.504 161.917 168.78 163.087 158.772 147.747 170.173 160.099 160.665 170.791 169.053 164.911 157.257 175.234 167.921 140.059 170.52 154.668 168.44 153.392 153.718 166.728 169.735 162.184 150.006 159.833 160.042 167.883 167.708 162.331 155.451 156.028 156.542 151.657 147.784 148.396 149.441 137.23 150.242 141.163 134.98 134.834 129.366 0 0 0 0 0 0 0 0 0 
0 0 0 0 0 0 0 0 157.06 163.534 161.592 167.011 164.052 164.25 161.907 172.677 171.503 162.847 161.741 179.506 163.649 175.361 183.211 155.544 168.855 180.103 177.419 164.749 157.265 177.349 143.845 166.994 153.885 176.004 168.659 166.843 152.547 157.462 159.193 164.137 164.264 150.431 147.32 148.6 145.784 154.275 151.327 145.809 148.944 147.587 149.808 153.223 144.455 143.678 145.289 140.828 133.181 0 0 0 0 0 0 0 0 
0 0 0 0 0 0 0 0 154.636 151.81 155.562 158.098 152.072 158.819 155.636 162.233 159.3 152.58 162.868 156.763 146.12 215.453 220.338 179.485 208.887 201.08 202.911 231.881 233.563 223.173 169.672 179.94 165.819 173.843 164.26 162.377 168.247 171.293 173.376 175.521 159.516 156.352 162.456 167.743 175.611 180.31 160.844 157.958 168.87 156.802 158.839 156.443 150.942 151.486 152.178 140.626 137.7 0 0 0 0 0 0 0 0 
0 0 0 0 0 0 0 159.023 153.46 156.971 163.701 163.65 164.548 168.9 171.526 175.119 164.979 173.387 187.216 170.258 175.935 195.537 176.72 194.443 208.558 188.206 192.606 181.391 166.731 224.088 238.256 183.004 165.997 172.377 186.648 172.971 170.251 165.793 167.159 162.354 161.621 167.769 168.906 170.304 169.431 155.162 146.855 160.644 153.866 150.328 155.38 147.618 144.703 145.122 140.937 135.134 136.767 133.94 0 0 0 0 0 0 0 
0 0 0 0 0 0 169.754 168.333 166.098 164.56 172.447 167.387 160.704 159.853 165.868 167.199 156.427 163.235 168.066 158.736 172.562 159.526 157.657 162.4 154.525 178.299 159.943 159.591 168.11 178.951 186.212 185.395 179.709 175.324 167.066 148.984 152.367 159.034 163.719 165.27 163.255 157.541 156.845 154.28 150.069 147.257 149.265 153.689 154.245 154.614 153.203 148.366 146.044 156.251 147.675 144.473 143.326 140.511 137.38 0 0 0 0 0 0 
0 0 0 0 0 157.729 158.409 160.544 156.363 156.95 171.805 165.896 161.507 157.112 173.34 159.435 163.687 173.264 154.583 175.016 162.525 167.097 168.566 152.448 203.008 166.011 154.43 192.62 167.565 157.09 186.349 223.842 174.073 135.41 157.508 168.377 166.53 158.904 162.688 161.995 161.351 156.068 152.63 159.609 154.194 150.149 155.869 159.186 158.451 157.56 149.656 146.922 150.622 151.238 137.176 140.641 140.463 135.292 134.959 131.286 0 0 0 0 0 
0 0 0 0 0 165.99 156.45 164.209 159.343 154.445 169.592 163.785 162.471 163.855 180.675 162.282 179.893 167.676 160.902 174.65 152.197 183.226 150.148 177.453 183.5 172.254 169.509 160.164 165.981 158.482 172.496 217.443 177.423 167.277 183.302 161.489 130.409 142.434 152.984 163.122 157.338 148.829 161.257 164.944 164.816 156.182 168.936 152.382 151.817 148.8 146.319 147.447 157.951 144.156 138.373 144.741 141.399 142.187 139.224 131.27 0 0 0 0 0 
0 0 0 0 158.629 161.672 164.892 164.883 167.445 160.818 173.532 170.696 163.792 171.468 180.134 158.824 187.383 157.144 180.493 157.049 194.056 170.965 176.487 157.537 189.551 152.677 166.293 193.346 139.528 157.743 239.011 188.156 132.553 144.154 147.58 158.032 156.132 170.746 172.558 164.032 149.864 145.054 156.664 161.033 148.71 138.889 146.432 152.076 151.819 144.698 146.027 145.319 149.079 129.145 144.828 138.25 134.588 133.83 131.267 124.029 122.605 0 0 0 0 
0 0 0 0 163.494 163.021 170.923 166.104 169.281 166.147 174.558 176.956 168.249 192.645 173.108 186.907 183.41 189.156 178.02 193.942 202.048 218.404 207.802 215.68 223.075 200.898 212.277 201.041 147.574 183.871 179.764 120.221 145.122 168.604 128.313 127.771 126.645 134.384 126.536 131.957 131.99 140.909 142.467 135.748 131.83 136.925 142 139.431 136.457 132.651 140.03 152.371 137.351 138.017 137.469 126.671 135.583 132.505 124.898 121.22 121.566 0 0 0 0 
0 0 0 155.643 156.882 160.744 166.796 166.163 165.316 166.064 175.427 169.481 166.014 190.553 161.087 195.126 170.72 187.484 185.817 191.844 207.228 208.619 253.745 302.149 350.532 391.179 434.881 427.591 433.027 414.663 297.062 234.007 163.161 141.412 151.718 166.074 150.359 147.409 147.566 155.357 152.925 151.872 145.551 146.54 151.102 148.875 152.796 153.001 150.683 153.16 148.661 144.005 132.977 143.772 145.109 148.247 150.598 141.929 133.93 133.518 132.358 128.09 0 0 0 
0 0 0 167.532 162.8 165.101 162.973 167.073 165.476 166.685 173.847 160.435 169.843 178.5 167.613 174.285 186.247 176.693 180.358 222.133 314.114 392.929 479.523 535.551 546.663 570.712 560.131 569.569 584.844 551.289 534.902 522.788 428.467 356.823 258.508 169.998 148.579 186.148 187.287 179.383 184.548 177.714 164.572 175.747 174.894 173.729 170.339 159.759 154.821 159.857 162.685 160.248 162.355 155.81 152.644 156.8 151.315 146.539 149.952 150.116 150.686 146.556 0 0 0 
0 0 157.542 162.842 158.929 171.275 170.977 170.644 161.662 165.327 179.479 150.42 181.024 157.031 174.769 171.136 177.129 223.934 328.006 465.519 545.029 562.297 584.641 570.97 578.119 600.784 573.936 609.225 570.325 580.84 581.711 562.99 571.314 570.128 488.275 367.167 254.827 212.238 190.586 150.294 177.863 173.375 157.303 187.36 191.454 176.311 166.537 182.3 190.288 177.882 164.034 166.67 164.802 177.636 179.423 173.436 155.591 155.083 155.433 158.588 154.167 147.87 139.834 0 0 
0 0 162.157 155.467 158.818 159.724 164.03 165.051 164.86 166.148 184.313 151.478 185.678 162.547 172.009 175.809 275.913 444.315 532.266 580.428 582.076 564.476 597.572 572.573 618.326 603.279 604.927 597.999 602.624 607.599 590.24 619.924 581.934 581.295 607.191 554.521 460.475 304.903 180.735 193.581 249.229 202.48 158.315 182.352 182.901 157.78 170.556 187.203 176.756 173.725 186.829 174.892 179.865 178.734 171.455 161.162 162.747 166.491 167.643 164.637 154.426 145.659 141.273 0 0 
0 0 162.477 163.1 158.163 160.505 170.596 164.697 164.608 164.012 181.361 154.049 179.926 171.381 188.724 323.869 498.857 576.552 555.829 583.875 597.793 593.101 623.918 589.106 610.916 587.465 606.407 602.478 597.664 599.302 611.142 597.501 611.713 624.358 612.669 559.044 570.679 548.641 355.407 191.197 178.092 180.908 174.536 225.01 200.527 172.193 191.172 194.256 179.32 166.945 173.314 171.12 180.57 172.592 168.131 158.181 161.844 166.043 168.075 159.697 156.024 155.222 152.807 0 0 
0 0 168.603 166.092 168.906 165.768 171.562 169.088 161.371 161.095 172.143 172.926 158.491 188.61 343.383 524.573 568.226 591.166 575.377 610.514 599.791 590.761 602.716 595.824 593.522 600.442 587.755 603.804 581.443 586.415 579.876 612.716 602.257 606.956 641.792 611.666 574.571 614.703 495.582 362.66 281.026 183.98 168.542 216.973 175.771 173.667 211.073 189.008 159.236 183.764 188.445 182.907 168.101 168.065 167.076 174.884 182.583 180.165 167.243 155.479 155.542 155.82 158.219 0 0 
0 160.257 161.29 164.479 167.126 163.204 168.955 176.44 162.854 174.413 171.722 180.209 186.16 341.424 518.909 565.415 576.37 598.111 586.144 616.366 588.357 607.691 588.56 587.556 592.775 598.241 600.928 589.721 598.843 604.457 598.779 598.085 608.33 613.741 640.503 615.212 599.751 657.038 586.489 542.276 335.433 237.358 197.868 187.647 157.993 184.566 206.306 173.796 183.536 204.77 196.717 192.48 185.6 180.01 176.625 183.696 182.99 173.831 164.136 166.871 169.617 166.974 166.252 157.694 0 
0 162.799 159.677 161.583 164.884 164.141 165.739 167.108 148.761 169.006 170 187.521 311.301 521.708 573.893 578.897 597.275 611.821 575.544 605.656 565.864 599.656 599.351 578.319 584.453 572.738 592.346 582.786 563.521 579.395 545.106 537.523 524.206 526.984 648.012 661.245 618.464 654.029 587.044 623.172 508.422 300.615 261.066 201.321 214.852 210.957 210.106 173.828 201.329 214.662 192.747 175.958 194.107 198.628 195.73 196.481 179.976 165.023 171.844 174.381 172.215 173.428 164.331 157.159 0 
0 168.784 163.921 162.212 164.435 160.04 160.988 172.619 146.526 171.352 149.508 256.24 482.823 561.217 573.773 592.621 595.773 605.55 565.023 600.797 567.888 586.665 572.084 553.855 560.731 554.943 606.151 656.279 636.371 662.571 640.862 545.442 355.054 242.113 386.162 538.993 605.577 626.928 628.605 615.255 596.423 431.44 272.432 167.458 229.916 194.51 181.021 171.01 211.679 186.644 160.859 186.322 193.064 181.619 176.572 173.919 166.198 170.035 178.736 177.868 175.339 162.581 152.981 153.681 0 
0 169.093 165.549 164.688 162.873 168.025 164.161 181.385 156.721 181.895 184.975 408.623 563.5 578.202 595.917 606.396 593.925 612.341 569.788 598.031 578.887 566.075 571.659 526.42 457.749 395.89 398.664 422.078 370.591 455.273 586.763 553.076 260.771 136.77 200.039 255.992 570.839 539.129 633.897 575.359 596.463 533.159 337.117 160.692 223.092 167.147 188.511 193.849 189.978 150.466 168.623 197.47 183.944 170.592 162.168 161.209 167.381 167.042 171.554 169.666 157.842 153.46 153.271 151.359 0 
0 165.923 162.347 171.474 166.839 169.365 165.713 188.493 174.53 185.674 268.726 520.634 583.367 600.076 605.635 603.748 606.589 625.181 597.274 614.417 607.652 592.965 501.823 329.988 224.949 195.507 198.615 166.878 169.189 169.98 220.09 401.816 389.348 146.438 184.721 148.166 316.838 476.305 608.93 525.499 581.027 534.165 425.92 191.695 179.172 147.65 188.971 174.983 158.871 151.238 190.442 175.086 154.212 160.501 167.142 169.308 165.412 159.588 162.821 153.837 145.225 145.531 143.553 146.306 0 
0 166.083 164.014 171.365 166.411 164.903 165.144 179.575 176.847 196.99 372.586 560.372 588.215 609.543 613.016 612.132 608.145 631.467 590.407 602.653 578.072 394.042 221.274 147.902 155.617 170.848 174.791 162.555 152.034 155.226 155.094 185.358 360.243 326.384 140.981 163.629 138.001 340.513 585.229 587.926 580.683 578.315 509.781 284.207 166.575 176.575 156.832 146.493 152.469 174.268 168.952 136.743 142.273 160.041 161.892 162.862 163.781 158.01 144.268 140.035 146.019 151.208 148.598 146.255 0 
0 166.045 165.501 170.782 170.215 168.067 166.663 174.784 179.211 234.782 487.675 584.159 590.562 616.429 623.162 599.691 595.013 638.223 580.056 602.761 387.841 187.468 166.787 164.726 163.51 178.368 170.929 150.873 153.46 150.773 146.055 152.349 188.94 420.943 215.967 172.453 199.996 199.042 436.085 583.155 545.907 616.085 526.885 403.102 192.94 194.345 144.293 188.974 163.785 179.543 153.341 148.659 170.523 166.438 154.647 151.203 154.247 144.637 138.983 150.273 154.616 150.861 145.89 140.366 0 
0 167.964 168.748 175.343 174.806 172.807 174.594 167.675 185.741 286.159 533.534 579.959 595.231 614.189 616.117 610.809 601.397 621.432 597.481 477.758 200.995 166.653 173.018 160.066 161.488 177.717 163.367 166.103 166.439 160.176 143.318 148.85 144.344 226.25 399.696 124.137 147.554 185.369 341.541 552.277 575.081 563.834 551.472 454.908 184.767 187.805 163.77 184.099 154.347 164.623 150.831 183.28 173.306 154.543 157.26 151.027 149.547 150.818 160.149 161.524 155.137 143.261 136.09 139.01 0 
0 169.174 168.594 173.072 169.829 169.993 168.162 156.125 194.485 335.733 559.483 589.724 613.133 611.791 607.504 618.177 600.778 596.855 581.496 308.128 161.872 168.22 169.129 157.193 158.698 166.756 160.903 167.319 146.286 163.153 138.934 128.185 128.432 130.159 319.259 290.818 125.268 143.076 227.83 501.755 590.991 563.331 602.546 460.69 258.49 178.282 158.423 144.758 169.885 165.44 169.46 175.306 152.285 148.151 158.168 159.023 164.874 152.064 154.228 156.048 152.549 146.61 142.599 141.421 0 
0 166.444 163.413 168.497 167.299 169.693 173.954 160.033 204.822 381.182 572.711 584.675 617.013 619.274 606.857 608.689 606.802 592.692 525.252 212.326 160.033 164.984 159.665 162.542 152.312 164.828 171.497 161.405 157.445 163.067 150.647 138.756 140.287 129.711 233.924 316.582 180.641 159.554 161.587 425.134 568.801 610.726 532.772 561.563 326.515 153.338 192.188 152.561 174.099 149.71 173.706 145.936 148.715 172.671 168.096 159.371 162.275 164.264 156.481 148.736 148.622 146.706 141.003 138.057 0 
0 160.613 165.397 176.625 175.024 179.277 167.34 158.676 202.218 412.31 582.276 585.173 605.181 620.448 612.682 600.061 614.879 579.31 478.48 172.895 167.884 161.149 163.744 166.745 155.043 168.213 171.177 156.75 167.721 154.2 157.74 149.711 151.005 129.841 223.777 321.291 170.584 181.349 155.154 348.357 580.823 571.615 594.672 556.338 327.739 195.926 186.489 171.71 154.45 172.205 152.921 149.247 172.444 162.929 155.063 165.807 165.95 155.856 152.444 150.086 145.505 145.144 148.281 151.392 0 
0 167.299 169.458 169.104 169.27 171.605 168.814 171.763 199.125 437.924 579.868 587.553 609.557 613.172 609.016 612.057 617.95 582.454 449.442 163.373 162.109 157.365 163.558 161.158 157.855 164.915 167.907 157.021 169.526 152.932 158.867 154.701 160.416 139.442 199.081 334.119 172.831 179.157 152.462 331.044 576.414 584.247 567.139 531.918 426.21 186.607 141.048 175.284 161.68 173.281 156.971 181.142 169.77 152.216 158.438 158.09 143.781 142.928 149.153 158.613 162.093 155.45 146.968 143.464 0 
0 172.53 162.294 165.993 164.384 166.092 176.578 185.865 181.291 444.283 570.271 595.041 601.914 612.212 604.548 611.569 612.207 618.461 427.855 183.942 163.504 153.102 167.602 165.319 152.791 160.654 167.567 157.922 167.806 157.549 168.363 154.857 164.101 143.736 210.961 340.986 162.491 163.444 159.56 323.284 581.458 568.873 572.789 575.739 350.643 164.875 204.167 161.296 184.264 151.548 180.168 164.792 142.819 164.573 158.937 156.65 158.34 157.577 153.476 154.858 152.135 148.729 149.002 144.202 0 
0 163.536 160.45 170.621 166.667 172.994 171.14 174.317 165.957 436.861 580.351 593.963 601.531 610.092 614.617 603.634 605.884 631.66 484.455 206.138 156.636 162.403 161.221 169.221 153.021 160.175 170.455 160.408 164.211 158.458 166.832 158.109 167.754 147.168 235.848 318.745 150.025 157.58 166.479 367.908 581.668 592.265 569.731 511.79 387.655 196.879 166.424 170.467 165.034 172.963 160.642 147.887 164.324 162.453 160.978 164.569 163.959 159.102 159.234 158.416 152.449 145.647 140.781 145.248 0 
0 164.967 169.95 171.013 169.23 167.217 161.06 174.551 173.783 381.474 566.945 592.196 614.273 612.921 619.639 601.873 598.805 603.702 598.419 272.269 151.402 168.357 158.689 171.259 151.006 153.24 165.986 157.815 161.217 167.098 161.237 154.664 158.687 145.884 287.984 273.12 152.196 163.203 176.074 447.411 582.637 575.941 564.25 581.701 352.215 151.357 156.469 175.267 173.286 180.736 154.989 172.765 177.892 159.413 161.808 164.115 163.026 163.262 154.527 152.012 149.601 148.496 145.685 144.045 0 
0 0 167.613 165.039 176.278 171.779 176.741 175.433 186.429 307.15 565.573 575.431 606.541 605.122 616.179 614.684 612.518 586.162 621.935 440.346 173.425 166.365 154.721 166.938 147.272 159.087 171.874 156.635 157.419 164.12 155.425 159.804 153.076 196.794 345.169 199.939 169.075 172.12 203.977 500.307 598.761 602.711 558.212 495.892 295.689 193.507 184.546 172.253 167.034 149.643 181.778 173.968 160.141 162.634 169.487 164.689 153.047 147.291 149.932 152.535 148.883 145.653 147.327 0 0 
0 0 168.756 166.2 170.667 173.353 174.006 167.616 185.512 258.641 528.558 580.997 605.074 602.245 607.136 605.957 607.611 608.364 594.942 599.32 331.903 163.792 168.788 166.836 146.193 154.764 167.205 156.184 157.59 164.226 160.145 154.736 163.865 307.386 301.737 149.295 174.203 166.551 328.632 553.952 569.086 587.534 559.369 509.92 257.298 173.564 159.889 168.932 155.584 170.334 153.719 151.09 158.979 168.606 167.94 154.345 154.821 153.693 153.316 155.293 155.493 151.701 148.599 0 0 
0 0 167.928 169.462 167.672 167.059 167.802 169.857 181.271 219.808 444.932 586.056 586.841 616.991 611.247 616.107 600.201 611.575 599.927 604.941 595.534 310.545 193.414 157.605 150.451 163.345 165.514 151.48 161.873 171.087 158.028 145.965 275.816 334.295 190.998 158.374 154.398 207.975 471.747 592.329 597.036 582.534 567.384 401.54 170.956 160.051 173.063 155.534 178.046 160.404 152.824 172.993 162.658 151.431 154.565 156.311 160.921 163.508 162.281 156.271 150.688 147.517 143.743 0 0 
0 0 166.725 165.648 161.55 170.748 169.67 178.613 167.805 188.708 353.777 570.682 584.494 610.192 608.313 606.637 606.002 608.725 606.119 591.872 620.83 583.652 420.516 295.886 174.558 167.57 168.465 150.08 158.289 150.268 163.526 277.887 346.767 208.124 156.39 170.187 173.69 370.623 561.761 574.144 577.083 544.114 532.232 343.734 193.997 187.775 171.086 176.753 150.579 164.208 172.129 156.966 154.925 157.054 157.416 169.301 163.899 161.671 157.165 154.577 148.899 151.694 149.496 0 0 
0 0 0 162.791 160.746 169.057 170.639 171.796 162.621 175.927 260.747 481.466 585.444 585.467 607.492 606.022 606.944 592.296 601.166 592.676 583.9 587.771 567.843 511.724 456.094 358.39 284.427 256.637 261.42 316.352 391.844 355.314 237.642 181.099 187.307 174.97 328.945 566.243 606.907 605.367 592.246 579.665 497.448 245.448 178.759 169.536 171.037 151.511 173.45 172.446 169.138 159.878 166.14 176.487 166.77 161.839 161.802 159.299 162.402 157.587 156.687 152.271 0 0 0 
0 0 0 166.554 166.384 163.531 162.238 162.606 164.352 171.843 176.125 346.731 545.802 572.759 588.826 588.415 600.907 575.431 589.131 572.424 573.332 573.593 563.479 551.505 492.492 555.276 561.685 541.669 589.035 496.619 326.489 201.753 192.382 192.588 202.916 331 550.113 620.296 622.973 618.38 587.919 545.091 378.009 202.758 206.875 192.749 195.284 188.991 177.206 172.054 182.328 195.727 182.298 174.023 175.295 164.992 164.36 168.314 162.203 161.782 164.062 166.219 0 0 0 
0 0 0 0 170.33 162.913 159.694 168.092 165.619 170.149 169.983 253.88 422.83 575.559 584.832 597.635 605.286 599.583 607.525 597.419 597.898 603.586 601.999 633.464 603.903 599.474 625.8 676.035 626.904 321.85 173.666 196.073 208.855 230.134 372.57 534.736 593.045 583.171 587.637 570.253 576.847 484.814 260.781 190.607 197.476 196.681 185.613 158.248 170.705 188.703 182.141 183.631 176.509 167.079 172.384 175.797 170.07 170.559 168.754 165.192 162.328 0 0 0 0 
0 0 0 0 167.18 161.386 166.441 173.13 157.933 165.415 176.383 184.029 284.193 471.612 585.441 584.345 598.124 600.023 602.481 592.124 590.936 599.954 593.206 609.713 597.878 615.934 601.309 589.791 575.12 479.495 338.593 284.593 337.806 480.694 613.638 639.754 638.529 638.166 623.556 589.139 538.571 336.137 186.097 196.58 191.886 171.632 187.085 204.028 186.683 172.82 173.013 174.631 179.933 180.53 177.017 182.174 178.582 168.298 166.41 165.389 163.436 0 0 0 0 
0 0 0 0 0 166.09 173.917 169.734 165.311 170.886 168.005 156.936 184.353 309.178 482.916 573.247 574.682 593.561 608.117 589.742 594.388 593.599 589.822 598.238 568.143 582.713 586.435 545.412 529.42 544.322 543.663 586.438 641.759 639.754 634.199 624.342 617.726 621.063 602.6 573.396 404.632 227.228 201.894 199.313 193.183 201.246 189.791 178.216 172.055 185.665 189.365 185.451 189.746 185.78 177.185 175.357 173.896 168.56 165.858 169.258 0 0 0 0 0 
0 0 0 0 0 170.327 164.627 161.241 158.923 175.894 165.011 161.109 164.849 191.709 305.275 479.956 576.263 568.418 595.572 589.851 596.172 596.117 590.746 617.256 597.351 598.149 607.117 585.176 574.734 598.962 618.406 608.883 621.087 617.674 634.37 621.581 589.576 586.061 566.116 453.011 246.606 198.827 203.81 205.461 184.033 176.157 183.699 199.506 191.761 188.673 183.221 172.25 166.888 171.008 175.83 168.902 171.763 175.928 171.426 165.992 0 0 0 0 0 
0 0 0 0 0 0 164.692 154.346 162.854 169.933 169.515 173.698 181.674 173.246 185.767 263.838 445.48 564.759 573.768 576.099 588.105 601.487 588.106 604.01 598.88 598.849 614.771 601.013 606.552 607.946 616.841 613.952 613.048 613.181 611.322 611.22 581.831 570.622 439.067 256.135 195.619 196.989 170.053 184.787 203.305 196.744 197.534 183.085 188.674 173.495 175.492 178.034 174.568 176.982 176.937 171.216 165.66 165.428 167.766 0 0 0 0 0 0 
0 0 0 0 0 0 0 177.068 171.806 168.477 162.392 153.064 162.689 162.615 164.422 200.011 221.52 384.18 548.185 569.333 576.431 582.746 576.967 594.6 599.384 592.16 619.425 599.252 613.31 606.317 605.361 599.673 604.354 586.826 585.767 578.579 535.77 413.842 237.839 194.933 186.731 191.547 193.107 181.865 179.379 167.776 177.615 176.918 179.225 183.425 178.487 181.802 178.175 171.782 174.837 173.871 168.854 168.461 0 0 0 0 0 0 0 
0 0 0 0 0 0 0 0 164.359 164.97 163.404 167.203 171.422 173.761 164.852 171.166 172.858 187.415 272.387 430.83 509.467 562.454 575.896 577.788 587.1 575.655 597.973 577.885 588.563 589.039 586.481 570.593 576.525 545.755 540.857 490.308 337.926 225.461 187.032 191.591 188.173 175.14 168.565 175.246 186.455 183.033 185.09 185.179 172.464 177.623 171.402 175.13 172.518 164.121 164.082 164.135 162.4 0 0 0 0 0 0 0 0 
0 0 0 0 0 0 0 0 161.218 165.513 162.726 173.169 165.512 168.367 168.271 172.187 170.651 183.128 175.657 194.328 269.776 366.6 417.578 485.197 548.732 541.277 579.974 556.42 566.482 568.009 561.155 561.053 524.221 422.74 322.456 232.085 172.696 170.419 175.284 173.58 177.166 179.331 177.074 171.81 168.604 157.393 149.614 162.27 160.637 159.743 160.351 161.798 162.51 159.915 151.208 154.055 153.613 0 0 0 0 0 0 0 0 
0 0 0 0 0 0 0 0 0 176.563 173.995 175.73 173.82 174.129 180.409 180.469 185.412 186.58 196.387 216.648 186.062 193.42 259.744 282.948 300.547 359.295 445.93 430.915 436.975 417.097 386.987 335.937 242.306 181.593 155.172 145.869 160.194 147.576 140.644 141.631 151.541 147.643 149.461 144.821 152.097 158.194 151.845 150.252 150.069 144.82 149.39 146.3 148.395 146.833 142.133 139.593 0 0 0 0 0 0 0 0 0 
0 0 0 0 0 0 0 0 0 0 178.76 178.179 173.067 182.04 190.995 184.017 192.83 191.425 193.629 203.334 212.504 209.848 202.141 199.956 257.034 268.932 272.134 203.62 199.172 192.535 173.942 134.337 118.844 128.723 108.252 111.521 123.475 125.739 134.053 125.827 138.307 133.965 133.569 137.97 133.571 137.122 139.599 136.183 147.765 136.764 134.425 133.162 137.485 140.25 137.815 0 0 0 0 0 0 0 0 0 0 
0 0 0 0 0 0 0 0 0 0 0 169.832 168.022 172.914 180.145 173.304 169.811 168.948 181.348 180.68 178.223 170.329 181.038 169.656 182.641 187.417 231.567 169.196 152.99 142.071 140.264 143.065 160.307 168.375 159.699 154.102 149.306 150.319 149.273 138.335 143.927 142.336 141.319 146.478 141.303 140.404 150.174 141.522 148.042 146.964 139.503 138.625 133.514 134.724 0 0 0 0 0 0 0 0 0 0 0 
0 0 0 0 0 0 0 0 0 0 0 0 0 169.62 170.325 159.8 169.004 167.453 177.44 171.662 170.163 168.586 175.264 171.296 182.141 187.141 223.587 155.235 167.984 170.407 163.002 151.704 154.56 153.042 139.884 150.077 147.029 159.189 166.112 158.432 158.472 151.143 150.598 156.916 153.504 150.5 158.682 147.224 148.609 152.36 147.66 146.349 0 0 0 0 0 0 0 0 0 0 0 0 0 
0 0 0 0 0 0 0 0 0 0 0 0 0 0 167.866 171.352 165.922 164.736 167.116 163.963 169.385 175.146 163.813 164.408 171.412 214.46 219.022 144.015 164.606 163.965 171.404 165.048 165.79 162.01 156.089 155.746 152.632 146.723 144.323 155.722 161.679 157.965 158.987 164.113 156.866 148.611 157.393 151.625 150.587 150.182 153.553 0 0 0 0 0 0 0 0 0 0 0 0 0 0 
0 0 0 0 0 0 0 0 0 0 0 0 0 0 0 163.221 164.723 165.538 161.495 174.421 159.985 165.016 164.623 169.719 161.332 211.143 211.83 158.215 169.19 154.201 153.774 167.185 164.403 164.829 162.794 157.549 163.345 155.533 152.94 155.808 154.11 149.082 155.402 155.83 156.109 153.526 154.063 156.863 155.054 151.017 0 0 0 0 0 0 0 0 0 0 0 0 0 0 0 
0 0 0 0 0 0 0 0 0 0 0 0 0 0 0 0 0 166.374 169.101 162.861 158.227 164.743 168.597 164.07 159.002 215.763 210.677 160.062 166.155 160.168 156.434 162.782 159.636 169.637 163.652 165.775 166.594 156.446 156.554 157.363 155.008 153.931 149.813 157.262 151.18 152.695 152.84 154.126 0 0 0 0 0 0 0 0 0 0 0 0 0 0 0 0 0 
0 0 0 0 0 0 0 0 0 0 0 0 0 0 0 0 0 0 0 160.448 167.299 157.793 159.234 159.713 161.044 219.016 218.65 160.721 162.833 165.873 165.615 156.084 162.184 163.79 158.428 166.676 162.305 154.055 160.102 158.655 156.093 154.652 155.196 153.857 158.023 150.766 0 0 0 0 0 0 0 0 0 0 0 0 0 0 0 0 0 0 0 
0 0 0 0 0 0 0 0 0 0 0 0 0 0 0 0 0 0 0 0 0 159.225 164.187 163.612 152.266 229.239 212.345 149.692 160.162 163.596 166.134 157.096 163.404 161.486 158.936 159.831 158.531 155.534 160.629 160.757 152.573 156.5 157.171 151.418 0 0 0 0 0 0 0 0 0 0 0 0 0 0 0 0 0 0 0 0 0 
0 0 0 0 0 0 0 0 0 0 0 0 0 0 0 0 0 0 0 0 0 0 0 0 0 246.154 201.119 155.01 163.264 161.795 161.662 153.861 159.523 157.355 158.915 163.279 157.305 154.921 155.455 165.465 0 0 0 0 0 0 0 0 0 0 0 0 0 0 0 0 0 0 0 0 0 0 0 0 0 
0 0 0 0 0 0 0 0 0 0 0 0 0 0 0 0 0 0 0 0 0 0 0 0 0 0 0 0 0 0 0 0 0 0 0 0 0 0 0 0 0 0 0 0 0 0 0 0 0 0 0 0 0 0 0 0 0 0 0 0 0 0 0 0 0 
