0 0 0 0 0 0 0 0 0 0 0 0 0 0 0 0 0 0 0 0 0 0 0 0 0 0 0 0 0 0 0 0 0 0 0 0 0 0 0 0 0 0 0 0 0 0 0 0 0 0 0 0 0 0 0 0 0 0 0 0 0 0 0 0 0 
0 0 0 0 0 0 0 0 0 0 0 0 0 0 0 0 0 0 0 0 0 0 0 0 0 152.781 159.888 166.2 157.854 168.619 158.679 172.531 148.231 173.795 155.096 178.75 141.292 159.4 157.805 156.89 0 0 0 0 0 0 0 0 0 0 0 0 0 0 0 0 0 0 0 0 0 0 0 0 0 
0 0 0 0 0 0 0 0 0 0 0 0 0 0 0 0 0 0 0 0 0 178.745 151.574 163.157 169.326 161.504 166.134 166.418 166.748 169.755 163.485 166.621 157.348 180.871 162.463 166.766 150.183 171.685 161.753 157.979 156.876 163.91 156.955 149.86 0 0 0 0 0 0 0 0 0 0 0 0 0 0 0 0 0 0 0 0 0 
0 0 0 0 0 0 0 0 0 0 0 0 0 0 0 0 0 0 0 169.72 150.424 187.999 163.413 165.362 169.195 165.762 167.586 168.05 175.259 168.544 163.401 163.247 170.285 178.266 163.408 165.094 164.819 173.61 156.888 162.039 162.299 163.81 154.24 156.872 168.848 150.73 0 0 0 0 0 0 0 0 0 0 0 0 0 0 0 0 0 0 0 
0 0 0 0 0 0 0 0 0 0 0 0 0 0 0 0 0 159.892 171.17 167.478 174.699 179.657 179.159 167.709 169.204 170.495 171.348 169.005 175.715 162.404 164.398 168.329 177.656 165.888 169.98 170.28 173.264 166.146 164.191 167.736 164.69 163.435 166.248 168.138 163.791 148.608 156.722 148.2 0 0 0 0 0 0 0 0 0 0 0 0 0 0 0 0 0 
0 0 0 0 0 0 0 0 0 0 0 0 0 0 0 158.895 164.437 170.7 169.361 170.224 175.947 187.065 198.834 164.987 166.454 172.669 178.448 174.59 180.106 158.695 180.014 173.87 179.14 161.362 185.838 170.162 170.504 165.966 168.064 161.033 164.773 174.266 173.254 168.558 150.787 154.413 165.718 153.772 153.882 162.853 0 0 0 0 0 0 0 0 0 0 0 0 0 0 0 
0 0 0 0 0 0 0 0 0 0 0 0 0 0 166.832 167.546 163.147 174.718 170.075 171.303 173.223 193.096 221.038 160.863 165.436 172.665 183.991 176.349 175.154 161.345 195.887 162.149 175.042 167.489 196.372 161.732 177.944 169.067 160.64 166.152 182.185 176.228 169.563 165.66 148.894 174.969 160.029 159.487 169.005 157.456 144.778 0 0 0 0 0 0 0 0 0 0 0 0 0 0 
0 0 0 0 0 0 0 0 0 0 0 0 0 171.755 166.239 164.433 176.48 177.428 167.886 169.504 170.064 185.666 229.759 168.942 166.103 179.941 187.315 168.395 179.857 176.972 186.01 154.232 190.549 165.156 186.768 168.973 179.212 166.159 172.3 181.968 176.715 168.778 168.669 166.62 159.563 177.221 163.966 169.389 171.194 144.655 161.754 154.394 0 0 0 0 0 0 0 0 0 0 0 0 0 
0 0 0 0 0 0 0 0 0 0 0 160.255 176.815 177.431 176.076 165.716 171.735 182.73 173.702 170.37 168.153 181.123 235.929 189.919 180.8 203.758 183.653 171.861 191.675 161.574 181.16 168.144 185.905 165.086 193.592 174.896 171.55 179.995 179.27 176.949 168.911 171.209 172.185 166.405 173.459 177.947 163.694 166.034 159.146 151.753 167.732 153.133 155.222 163.651 0 0 0 0 0 0 0 0 0 0 0 
0 0 0 0 0 0 0 0 0 0 158.976 169.205 177.075 170.364 175.746 177.075 179.246 176.583 165.3 170.624 171.257 170.099 204.721 226.165 196.788 223.583 184.438 182.258 187.688 155.871 203.982 176.83 173.935 176.807 183.019 169.842 186.76 177.001 165.518 170.481 171.753 175.206 180.925 162.845 185.175 171.851 156.398 168.862 158.716 176.567 169.88 157.871 157.648 154.954 140.533 0 0 0 0 0 0 0 0 0 0 
0 0 0 0 0 0 0 0 0 164.257 169.02 173.413 176.613 175.332 174.537 169.065 181.462 181.274 167.751 175.477 179.224 181.414 164.872 224.939 195.349 200.26 186.977 172.307 173.423 177.996 193.841 163.266 176.571 187.694 180.9 184.647 180.587 168.695 174.75 186.925 174.925 178.442 182.925 172.743 178.236 151.159 169.844 179.553 166.331 180.955 155.119 154.271 168.176 156.863 158.227 152.252 0 0 0 0 0 0 0 0 0 
0 0 0 0 0 0 0 0 166.319 172.548 171.267 177.964 177.35 174.603 173.957 179.47 182.044 183.884 168.904 184.816 176.364 177.04 167.534 197.284 224.327 206.207 187.952 152.817 198.877 184.909 166.286 169.46 178.934 199.82 171.876 177.906 174.778 178.341 180.759 175.885 179.863 184.702 173.068 165.913 170.788 177.703 183.126 167.269 176.311 167.431 156.453 166.394 168.966 145.717 167.694 147.362 153.907 0 0 0 0 0 0 0 0 
0 0 0 0 0 0 0 0 175.705 172.479 176.523 177.333 183.471 174.94 173.456 183.556 183.041 182.839 166.527 187.528 177.414 185.673 184.439 163.547 242.89 230.398 165.009 183.652 193.74 168.56 175.286 190.715 179.487 188.732 154.275 186.441 191.928 168.531 173.491 180.456 171.85 182.15 166.363 192.889 179.179 174.492 176.941 162.951 186.795 155.456 161.82 167.256 157.663 169.086 165.781 153.756 155.163 0 0 0 0 0 0 0 0 
0 0 0 0 0 0 0 179.433 181.527 176.579 176.182 177.125 180.915 178.563 176.297 186.218 180.238 175.425 180.435 184.763 174.733 197.045 166.871 174.416 211.56 221.869 232.972 186.788 170.137 187.561 183.268 187.797 164.546 187.277 189.004 194.082 174.666 162.399 182.864 179.741 179.249 184.197 177.173 178.19 165.964 177.156 166.045 173.997 167.803 157.892 173.06 180.524 166.634 176.693 150.683 156.856 157.317 147.735 0 0 0 0 0 0 0 
0 0 0 0 0 0 173.419 180.063 182.077 177.219 178.699 183.256 182.598 177.558 175.679 186.816 177.106 180.891 183.586 171.669 188.905 181.574 170.463 196.771 156.644 201.212 226.33 223.926 202.555 176.956 172.683 188.014 176.773 193.25 174.522 175.421 181.809 182.759 190.637 190.47 176.376 163.264 177.298 176.495 170.623 176.507 163.697 185.75 171.456 178.133 182.92 167.879 165.879 162.568 160.226 162.103 159.967 154.655 157.834 0 0 0 0 0 0 
0 0 0 0 0 168.9 174.889 180.356 182.895 180.451 180.416 189.226 181.437 176.625 191.695 193.688 175.267 185.645 171.252 179.211 189.982 173.2 195.724 169.394 194.344 176.89 177.666 244.917 212.656 197.303 190.234 180.622 159.144 178.056 188.839 183.647 180.303 187.935 181.658 163.552 172.258 172.45 201.175 164.538 167.459 170.3 184.163 187.491 170.788 165.648 165.061 164.46 176.709 162.892 164.406 163.588 153.075 154.234 154.533 152.18 0 0 0 0 0 
0 0 0 0 0 175.9 180.038 181.79 178.376 179.316 173.315 192.538 179.239 173.987 200.893 189.539 182.557 200.414 170.545 195.451 168.603 201.313 163.415 195.642 167.485 191.277 192.113 160.387 206.555 242.931 196.602 175.315 198.933 186.713 166 170.857 168.731 172.968 173.223 180.943 189.955 174.926 186.586 168.416 178.61 169.082 185.188 166.353 159.327 166.855 169.218 179.907 163.172 155.289 157.064 162.852 162.69 170.157 153.531 148.162 0 0 0 0 0 
0 0 0 0 173.778 175.488 187.154 192.318 189.302 182.317 180.545 196.926 187.837 172.962 202.852 177.35 195.434 186.056 195 181.295 211.118 180.741 189.328 183.764 180.992 178.137 202.558 175.588 181.555 190.029 198.139 224.403 173.717 152.75 187.557 195.643 164.691 184.327 181.921 168.363 153.583 166.128 176.45 166.412 169.857 169.744 185.121 164.162 166.011 172.61 174.064 172.354 163.038 173.05 182.029 166.555 164.962 150.568 146.149 152.597 150.885 0 0 0 0 
0 0 0 0 180.727 176.777 175.998 183.776 184.726 185.875 184.603 197.611 180.343 189.476 203.133 183.438 205.438 199.533 186.808 198.358 206.036 195.303 202.48 211.082 187.423 197.91 178.688 159.523 178.371 176.403 167.523 200.195 167.745 154.33 147.99 139.697 128.349 170.33 170.063 162.269 159.473 175.429 183.329 172.228 172.826 176.787 171.48 155.58 167.867 167.996 182.261 163.192 152.891 155.828 149.318 146.799 150.364 145.969 153.28 150.43 141.255 0 0 0 0 
0 0 0 174 181.26 182.249 182.531 195.308 192.156 192.212 186.776 210.948 182.516 209.357 198.552 208.577 203.698 219.604 215.978 229.323 240.511 228.932 271.466 267.83 284.474 292.683 296.458 284.573 214.578 224.62 208.644 162.87 149.656 170.973 166.244 179.821 177.653 173.665 163.542 158.497 165.33 170.54 158.744 141.726 148.935 170.455 151.655 156.268 162.636 161.802 160.04 135.907 151.913 159.817 157.661 164.16 148.182 155.155 156.072 147.137 142.233 135.36 0 0 0 
0 0 0 180.418 187.245 188.231 183.165 193.244 188.513 186.579 182.052 194.185 177.116 208.006 178.989 199.68 195.829 199.078 197.323 221.178 264.053 330.435 418.011 441.638 492.246 500.588 541.607 548.747 544.1 522.47 438.175 360.285 241.652 178.558 182.614 168.46 152.289 156.041 174.98 158.759 169.468 165.3 180.457 180.532 190.565 185.909 176.76 177.71 170.339 193.54 167.043 180.485 184.084 176.401 177.184 163.662 164.424 168.215 164.672 156.839 158.17 150.233 0 0 0 
0 0 174.719 182.733 181.204 186.339 179.706 182.226 185.273 181.03 185.413 189.445 179.854 189.808 180.717 198.453 192.308 218.571 276.187 414.555 497.267 562.102 581.604 579.811 599.829 591.881 605.86 581.921 589.895 562.732 592.24 566.399 512.083 435.821 308.547 202.049 199.879 220.62 215.384 199.937 203.113 185.957 193.957 183.718 193.912 175.281 183.503 187.595 189.527 188.886 174.725 183.056 179.588 186.155 176.457 172.794 185.433 180.624 170.661 170.627 163.146 161.2 154.377 0 0 
0 0 181.511 184.547 184.72 186.139 188.353 190.768 196.774 188.332 191.775 175.009 201.018 180.953 173.598 190.499 263.947 406.776 522.199 596.977 578.359 599.521 597.288 620.032 597.439 621.041 598.263 619.423 612.113 620.101 605.293 607.231 585.748 570.241 542.47 422.826 261.106 199.077 187.23 199.603 199.373 193.762 217.122 209.816 198.838 191.965 209.205 193.013 206.193 191.655 191.123 187.956 189.531 183.223 171.557 180.724 176.977 172.979 173.618 172.073 169.46 175.383 164.827 0 0 
0 0 183.512 182.998 183.448 182.716 181.843 192.978 180.998 178.466 202.155 162.739 218.8 180.419 189.95 306.617 483.371 576.125 586.056 605.206 591.715 628.748 614.883 611.171 619.038 614.514 635.531 621.284 629.569 617.9 630.44 634.466 596.178 609.454 599.091 565.291 487.402 329.736 209.321 251.066 199.429 168.349 196.772 199.278 185.65 216.371 217.809 189.014 204.351 191.788 191.631 189.499 195.726 186.96 187.297 193.674 186.894 184.607 175.861 174.035 178.56 165.326 165.573 0 0 
0 0 181.115 180.966 178.467 182.131 184.126 194.431 190.319 175.999 200.662 173.407 200.189 204.801 345.175 527.368 590.737 589.704 593.979 623.173 623.201 622.194 619.564 605.012 630.653 628.398 607.919 619.87 618.861 631.953 625.704 648.632 624.711 628.315 640.395 605.252 589.615 506.594 304.68 202.548 208.404 223.067 241.187 208.022 175.171 205.851 175.522 196.123 206.436 198.666 193.805 199.735 198.393 190.231 195.136 192.794 185.747 181.827 180.493 191.208 180.415 174.023 172.141 0 0 
0 167.178 180.835 184.923 183.882 182.931 182.744 196.24 204.624 172.628 199.439 187.134 205.246 350.661 536.739 580.678 600.78 613.673 622.722 617.293 620.575 601.04 623.292 626.338 609.014 613.581 615.485 609.299 616.639 614.33 621.891 644.409 640.026 636.789 641.132 614.201 628.673 595.447 511.162 320.101 210.183 162.868 211.826 194.988 213.196 234.256 186.372 206.627 197.856 188.543 195.131 213.876 190.253 199.053 198.264 193.668 192.067 190.576 198.904 187.05 182.466 176.11 174.349 169.99 0 
0 183.404 187.351 186.336 187.366 181.841 170.653 177.802 209.159 184.084 196.962 202.045 324.402 536.392 593.13 591.427 619.863 614.835 619.617 600.678 615.575 601.505 611.158 619.787 621.14 619.091 614.988 611.923 617.273 623.019 630.083 645.477 625.656 646.933 662.561 627.69 637.78 589.957 614.995 423.393 327.206 222.151 211.02 208.12 209.357 210.361 224.313 233.841 200.614 190.129 214.813 197.496 193.756 194.356 188.375 181.539 184.428 189.411 187.82 175.324 177.876 171.993 175.395 173.153 0 
0 177.497 172.488 181.031 188.497 187.671 182.813 179.148 198.026 208.996 193.82 297.449 490.827 582.257 600.182 599.933 628.774 605.145 620.536 600.06 600.747 604.904 613.586 600.989 601.297 620.414 619.293 625.934 629.563 628.209 631.09 649.02 637.673 635.102 674.236 664.303 680.479 649.297 648.027 597.041 392.595 268.756 206.797 210.244 189.369 214.526 192.619 200.955 195.321 213.74 223.035 192.653 201.717 201.927 194.959 199.342 202.323 201.56 186.925 184.426 188.736 191.242 187.412 184.26 0 
0 181.493 186.152 181.804 183.427 175.688 173.296 163.968 182.374 163.987 339.768 496.578 540.11 583.696 607.2 588.201 616.945 585.032 595.294 575.197 563.65 561.479 550.845 522.217 508.945 507.741 533.63 588.225 646.509 644.813 630.444 651.133 660.346 641.902 645.491 652.409 650.399 655.554 616.344 628.348 534.372 349.312 212.778 242.271 224.612 234.48 209.411 223.832 206.253 236.18 218.95 206.917 214.889 211.212 207.475 206.882 208.14 186.022 192.113 196.498 196.031 188.885 184.873 180.595 0 
0 179.893 179.736 178.723 181.249 179.356 173.874 156.024 175.716 138.432 538.325 741.717 607.943 634.202 642.531 625.078 636.979 615.031 621.609 606.226 607.818 560.153 455.077 347.467 280.501 236.615 226.462 246.34 319.721 448.94 562.744 606.407 643.654 629.895 630.973 659.417 643.653 684.637 633.308 637.055 597.717 461.423 206.026 226.424 221.758 187.312 185.426 191.384 197.298 194.318 171.619 198.572 197.175 187.092 188.522 192.167 178.649 185.676 191.285 187.464 176.973 177.395 172.188 168.949 0 
0 177.929 180.216 185.949 190.296 191.595 198.806 186.01 239.464 279.107 522.128 621.655 588.644 626.26 631.238 613.498 621.073 613.68 620.766 609.916 473.588 292.694 194.193 169.035 167.664 167.905 177.71 166.897 153.877 189.273 325.166 494.734 638.916 608.283 622.644 630.814 608.42 611.564 619.591 602.039 615.469 517.64 306.77 227.373 219.084 176.874 240.756 186.235 204.698 187.622 192.153 200.755 181.235 188.082 190.022 183.528 176.926 182.26 188.671 186.227 179.936 169.943 161.491 163.006 0 
0 190.479 186.59 186.828 190.918 203.828 198.376 176.52 212.598 274.47 520.965 599.693 612.297 623.624 633.612 621.676 614.206 612.088 601.692 427.21 213.322 171.506 178.78 177.621 168.727 170.18 169.873 160.114 156.84 153.427 142.177 214.3 616.314 648.066 638.589 617.08 627.134 637.466 655.372 642.756 612.666 559.266 419.182 190.534 205.501 177.071 193.407 184.83 205.081 173.023 207.771 192.271 171.019 191.57 192.091 184.754 186.264 189.382 175.942 168.566 165.465 172.622 176.257 177.182 0 
0 184.441 179.748 182.882 186.656 186.301 198.007 179.623 209.255 357.532 579.705 603.895 634.179 628.728 624.559 626.628 603.874 621.652 466.584 213.97 169.176 172.932 165.472 160.979 158.281 167.841 169.038 155.054 146.847 144.471 117.575 29.9594 376.887 729.983 653.325 658.796 642.766 630.586 626.783 643.079 614.747 615.213 510.006 267.729 220.077 189.793 184.647 202.623 192.432 195.958 180.64 177.633 199.326 188.872 177.999 192.309 191.155 183.413 179.978 181.464 178.349 177.507 174.574 171.048 0 
0 180.021 184.978 187.87 185.299 186.766 203.608 180.995 225.683 427.383 594.205 602.451 632.831 634.096 615.064 634 601.706 579.288 292.802 167.102 171.457 172.561 175.503 171.673 166.217 167.585 169.09 162.816 160.376 161.061 143.981 123.711 173.589 602.341 672.181 611.537 612.369 636.943 667.745 632.291 613.906 576.561 556.333 322.102 202.99 208.238 196.965 220.836 165.965 203.051 190.976 194.805 189.713 179.771 178.083 171.015 165.13 170.663 180.298 178.596 179.374 175.757 165.463 169.131 0 
0 189.979 187.048 187.425 184.867 180.998 198.978 191.312 243.4 481.119 603.697 596.633 626.095 645.162 617.633 639.902 604.097 475.434 200.043 176.814 177.928 174.51 171.461 171.879 174.39 174.142 177.832 180.255 165.061 173.371 158.708 164.137 175.441 427.836 614.457 642.376 614.407 603.143 627.048 651.455 628.191 613.325 579.751 355.233 205.033 196.885 181.168 175.058 208.488 188.668 194.105 210.453 174.56 177.369 189.053 191.073 179.441 180.291 183.954 187.142 174.822 167.877 165.801 163.01 0 
0 182.41 184.942 190.068 191.923 187.732 186.718 200.343 241.384 513.692 611.343 616.139 626.598 636.559 622.129 621.029 607.725 389.57 177.367 174.13 178.451 177.163 179.444 177.415 171.876 169.216 173.031 185.524 173.566 171.677 161.653 167.738 170.195 371.339 577.904 597.227 627.793 635.056 630.03 612.841 632.845 602.457 586.679 442.01 205.198 189.683 204.037 187.592 197.28 180.337 189.37 170.989 187.539 196.1 180.401 178.279 183.299 184.507 180.046 175.201 173.386 174.821 167.914 172.948 0 
0 188.745 186.375 190.339 189.63 190.699 176.555 206.267 253.638 534.713 596.786 622.842 636.583 632.701 626.852 618.093 620.468 326.541 173.284 180.7 177.825 179.614 180.056 180.983 178.45 174.122 166.092 181.368 185.16 175.316 164.977 171.616 166.111 343.44 575.336 593.245 614.728 637.691 627.472 636.213 614.032 606.074 581.912 444.818 212.632 211.707 190.67 192.159 165.5 194.447 201.153 184.56 195.593 187.952 185.164 187.435 181.235 182.914 173.946 166.648 165.506 168.895 174.116 174.129 0 
0 182.544 183.467 184.586 182.718 192.3 184.941 207.608 254.351 537.32 593.663 619.947 627.268 636.494 632.039 607.981 620.743 329.611 181.682 178.733 176.218 173.586 178.023 181.556 172.316 178.42 175.874 183.312 179.795 182.051 168.957 177.306 172.444 360.856 587.957 592.471 613.379 624.042 621.164 634.747 639.88 598.924 573.881 434.849 212.872 190.116 185.795 188.787 206.688 194.062 181.354 195.456 175.015 167.681 187.526 184.716 182.711 180.133 181.07 183.408 180.539 171.234 167.444 168.518 0 
0 188.403 192.391 192.63 187.221 183.709 187.526 183.537 271.474 522.838 605.866 617.757 613.837 632.977 645.317 615.629 613.244 385.111 181.984 187.021 177.427 175.186 179.289 178.784 179.57 175.645 179.524 183.15 180.612 169.65 169.738 184.349 184.367 408.342 593.469 595.945 624.241 613.761 612.475 635.74 625.447 618.938 584.046 401.282 194.756 195.286 203.169 196.278 189.028 176.151 196.899 176.525 185.838 190.175 180.165 177.69 179.432 177.38 179.972 179.806 182.869 174.582 172.791 171.818 0 
0 186.809 189.641 196.079 198.369 191.335 194.015 176.096 262.758 494.163 597.373 624.699 620.801 630.149 635.79 632.774 620.003 497.811 184.623 189.344 181.392 173.491 180.545 182.637 174.771 175.659 182.039 178.653 180.97 169.02 173.196 178.458 202.75 478.089 603.547 611.245 626.244 594.231 618.303 631.834 615.611 586.132 587.066 409.977 212.249 195.061 183.296 189.868 176.619 201.617 185.854 179.145 192.366 192.343 183.643 175.892 185.182 192.584 182.698 167.908 170.043 168.447 169.145 165.285 0 
0 0 181.683 185.317 188.962 197.847 197.101 188.856 243.571 469.846 593.646 613.759 620.818 636.282 633.245 627.336 630.602 580.932 283.75 171.68 185.808 180.314 172.514 186.226 182.542 172.371 179.442 187.007 189.334 163.802 184.048 178.929 286.849 561.766 602.725 604.227 600.029 603.629 618.024 611.617 625.138 610.107 570.667 357.039 190.238 191.86 197.388 179.15 200.265 188.46 189.311 201.828 181.161 172.849 184.796 185.865 182.059 175.595 179.174 175.816 167.23 164.528 170.538 0 0 
0 0 187.151 186.889 182.35 191.768 188.216 192.978 187.915 435.136 583.111 622.817 620.168 641.84 622.476 631.816 627.604 615.503 490.131 211.588 177.368 188.651 174.515 180.855 176.25 180.592 177.019 181.558 183.967 168.27 177.185 191.359 442.249 601.605 601.448 617.445 599.343 623.889 633.945 612.114 589.665 579.592 552.945 325.581 202.054 207.101 177.998 200.233 177.642 188.585 184.663 163.944 175.672 190.371 187.947 189.138 183.832 177.322 175.2 180.599 178.78 179.303 175.304 0 0 
0 0 196.26 183.863 185.011 192.545 188.2 195.212 189.293 350.783 557.585 607.978 610.438 637.304 629.062 634.617 635.916 620.073 601.549 439.394 202.337 186.198 180.919 190.031 175.59 179.315 183.501 187.847 175.251 178.682 193.952 357.423 580.289 601.821 622.909 625.453 609.454 630.905 618.348 623.313 608.085 581.386 478.857 237.193 189.655 185.89 188.482 171.745 203.312 187.973 180.728 189.259 193.485 186.82 180.861 178.037 187.425 188.629 180.961 182.849 175.154 173.554 167.924 0 0 
0 0 178.733 186.447 199.231 190.229 179.646 198.894 207.068 255.944 539.178 598.861 606.921 632.553 623.395 639.711 631.139 629.075 622.061 601.404 479.788 271.509 200.29 184.848 176.872 173.649 182.616 200.875 175.237 198.252 351.565 567.626 610.319 601.607 624.471 596.176 639.779 632.676 605.773 606.632 589.532 566.304 396.478 214.466 204.157 197.548 181.373 212.8 188.595 188.621 191.209 191.566 178.544 173.535 184.98 187.76 188.855 187.018 177.448 172.918 168.582 179.446 176.815 0 0 
0 0 0 192.38 187.242 178.874 189.687 182.642 193.838 199.687 427.761 580.099 593.257 613.117 624.853 626.981 624.726 626.503 622.736 595.704 621.407 551.197 424.177 370.082 291.897 241.744 229.84 243.487 295.597 452.524 593.264 629.098 624.333 634.804 637.992 620.493 676.819 643.175 640.306 624.685 597.533 548.236 317.956 207.172 190.851 198.759 206.803 182.009 189.315 199.766 188.254 183.904 192.746 193.363 194.832 187.214 186.524 180.557 193.107 179.352 179.833 174.928 0 0 0 
0 0 0 185.314 185.753 185.057 190.563 180.034 183.255 181.018 266.213 535.601 573.449 587.542 613.179 599.532 614.672 587.871 599.174 585.512 556.402 573.526 544.164 515.624 516.283 475.831 518.162 578.907 629.239 675.277 672.646 668.143 650.06 660.983 644.01 642.262 662.822 633.969 643.644 626.166 616.201 487.144 249.789 224.538 220.242 227.974 219.783 230.6 222.682 196.472 207.798 220.466 216.857 220.326 209.15 203.284 196.062 191.77 193.759 200.116 203.812 201.281 0 0 0 
0 0 0 0 190.656 185.751 186.713 192.906 185.368 183.975 193.525 394.174 573.636 573.951 616.393 599.092 635.395 599.906 628.073 612.66 608.443 599.313 610.734 612.576 591.852 632.293 662.757 649.99 653.51 655.735 661.055 641.458 651.23 666.814 662.128 693.819 675.112 653.538 639.535 613.51 555.06 337.613 209.236 212.84 200.963 217.139 216.213 185.477 198.36 214.087 217.078 205.878 192.79 196.107 205.356 206.413 206.882 209.134 199.328 193.696 194.296 0 0 0 0 
0 0 0 0 178.182 181.169 189.694 187.221 187.934 185.526 197.451 215.696 472.434 568.594 606.505 604.503 635.541 612.129 626.986 620.394 613.79 617.534 612.794 633.791 644.364 604.912 639.348 657.183 623.219 619.622 646.544 642.678 677.959 630.074 646.058 638.921 622.409 646.298 608.034 601.113 444.76 248.166 212.229 226.227 211.945 190.054 200.709 220.199 206.75 197.467 181.349 187.726 208.422 197.619 201.589 195.482 196.379 195.222 186.751 189.391 185.704 0 0 0 0 
0 0 0 0 0 189.879 192.565 183.963 198.065 185.693 203.569 191.579 254.847 485.215 586.328 593.664 607.447 621.419 614.824 642.495 613.539 640.379 623.557 630.025 621.765 628.21 637.709 612.252 641.811 649.698 636.192 611.351 644.863 636.469 671.071 639.222 629.675 609.31 581.04 496.928 271.662 209.71 214.962 196.65 194.887 226.986 212.852 192.493 190.582 198.566 214.289 208.14 205.885 205.117 191.926 196.701 189.538 179.678 188.54 187.669 0 0 0 0 0 
0 0 0 0 0 191.021 187.837 185.145 186.409 181.378 185.674 195.062 197.465 259.12 494.984 570.818 588.098 618.523 609.231 637.091 617.982 629.924 623.988 634.455 625.635 627.987 656.097 622.727 612.368 643.791 640.706 657.657 636.705 624.457 643.555 608.699 622.116 603.334 537.962 330.219 226.315 200.419 200.8 208.788 199.623 179.304 205.47 212.952 216.431 198.24 199.65 199.206 194.38 194.528 189.133 184.722 191.453 188.038 188.571 186.132 0 0 0 0 0 
0 0 0 0 0 0 186.031 195.268 191.983 189.271 192.429 184.726 189.247 185.5 259.029 469.573 555.066 602.558 597.933 613.894 629.645 614.988 627.109 624.832 639.245 628.126 664.693 640.925 638.419 633.497 626.158 651.872 627.085 651.604 616.238 607.871 594.53 536.08 353.909 215.322 216.513 210.482 205.06 201.332 205.232 208.107 197.315 188.128 184.603 196.136 197.752 202.213 198.579 191.35 201.554 192.447 185.499 195.201 195.842 0 0 0 0 0 0 
0 0 0 0 0 0 0 189.708 194.024 185.556 192.028 191.561 191.256 207.709 181.679 228.766 400.821 512.861 588.983 593.358 611.354 605.68 620.855 621.061 619.695 632.99 646.264 624.042 635.124 643.848 619.067 637.336 626.458 616.721 598.582 595.77 504.203 334.417 207.441 206.231 204.379 221.222 209.112 205.867 184.727 191.733 188.546 199.99 192.62 202.29 202.03 199.502 197.174 191.273 183.218 190.383 187.523 188.254 0 0 0 0 0 0 0 
0 0 0 0 0 0 0 0 182.689 191.561 186.898 196.33 188.672 184.846 195.192 192.296 204.724 316.305 439.79 525.886 599.825 599.085 594.231 613.221 593.982 624.115 631.645 592.543 621.036 608.742 623.322 578.43 609.511 578.689 555.644 445.27 286.298 229.207 211.438 204.406 178.427 182.301 185.341 207.834 207.731 201.997 203.543 206.887 205.903 194.567 188.084 178.29 181.468 183.754 179.482 180.361 185.676 0 0 0 0 0 0 0 0 
0 0 0 0 0 0 0 0 195.074 196.71 189.529 187.909 194.259 191.5 183.11 200.025 198.73 171.281 253.226 309.474 393.282 512.376 549.86 577.138 587.229 605.96 618.088 567.629 605.105 575.813 591.941 577.971 543.883 446.094 333.143 222.3 193.67 194.179 199.054 211.377 200.978 194.179 191.415 177.226 184.355 190.425 195.044 180.575 182.015 178.204 185.453 185.29 183.558 183.984 187.187 184.294 181.043 0 0 0 0 0 0 0 0 
0 0 0 0 0 0 0 0 0 185.334 195.059 204.766 201.794 194.64 197.567 206.58 214.904 191.334 206.327 238.763 245.7 251.993 318.427 390.896 435.688 492.389 501.45 520.101 506.236 492.928 426.077 377.765 259.891 187.208 173.837 167.365 175.346 166.75 179.332 168.714 170.547 163.747 179.217 187.3 179.679 172.01 178.206 184.94 179.908 175.399 171.768 182.379 171.179 169.67 175.249 182.597 0 0 0 0 0 0 0 0 0 
0 0 0 0 0 0 0 0 0 0 201.758 208.068 209.997 211.247 207.281 214.558 223.782 217.057 227.236 228.234 256.402 273.703 262.519 241.166 288.608 382.5 286.749 280.297 234.766 211.553 175.222 151.731 158.527 156.957 152.472 150.247 142.547 135.084 153.257 137.1 161.935 160.278 153.711 141.406 144.954 150.939 137.886 154.682 154.656 159.065 148.36 145.992 158.932 160.767 158.861 0 0 0 0 0 0 0 0 0 0 
0 0 0 0 0 0 0 0 0 0 0 198.287 198.548 204.322 192.082 200.251 213.987 203.904 201.04 208.674 198.041 199.81 217.56 221.187 208.211 261.383 144.109 195.939 189.631 165.912 173.295 145.428 152.677 152.521 163.638 171.864 181.229 179.25 185.082 175.876 168.291 148.691 161.138 171.017 164.504 168.843 165.483 160.767 164.026 161.907 163.931 157.56 163.697 159.265 0 0 0 0 0 0 0 0 0 0 0 
0 0 0 0 0 0 0 0 0 0 0 0 0 191.465 189.995 199.055 195.951 190.987 197.642 202.326 198.623 189.026 197.097 203.507 213.767 278.33 168.276 173.67 179.084 187.075 188.727 204.946 176.673 179.156 178.679 163.322 158.332 153.878 136.727 154.891 172.301 173.493 176.898 186.356 183.016 172.691 178.267 173.392 174.796 166.351 170.2 174.388 0 0 0 0 0 0 0 0 0 0 0 0 0 
0 0 0 0 0 0 0 0 0 0 0 0 0 0 188.439 193.979 191.899 193.65 190.372 189.91 200.318 190.177 176.781 194.733 217.049 258.121 167.338 188.452 172.652 191.081 165.62 170.003 169.563 180.008 177.709 185.129 166.692 186.963 183.826 188.378 174.091 182.345 168.078 172.874 179.283 176.693 178.872 172.653 179.613 184.387 177.845 0 0 0 0 0 0 0 0 0 0 0 0 0 0 
0 0 0 0 0 0 0 0 0 0 0 0 0 0 0 176.689 190.511 202.302 191.13 190.505 193.793 192.765 187.847 188.88 223.186 251.788 171.668 199.167 179.111 183.309 195.819 171.856 179.102 185.635 180.455 186.448 190.64 186.77 178.295 185.45 171.471 176.852 184.268 172.002 174.415 178.602 173.848 178.793 173.931 184.149 0 0 0 0 0 0 0 0 0 0 0 0 0 0 0 
0 0 0 0 0 0 0 0 0 0 0 0 0 0 0 0 0 186.642 184.529 189.61 200.458 187.81 191.667 175.158 235.372 236.696 174.835 194.971 189.787 175.368 182.181 185.221 172.352 190.361 179.197 182.114 188.758 180.586 179.09 188.864 186.356 173.761 179.367 180.805 175.864 184.415 184.114 185.868 0 0 0 0 0 0 0 0 0 0 0 0 0 0 0 0 0 
0 0 0 0 0 0 0 0 0 0 0 0 0 0 0 0 0 0 0 182.192 188.177 187.848 199.172 171.984 252.24 228.099 174.669 184.643 191.715 180.088 180.548 188.677 182.525 178.811 186.596 182.49 180.934 176.398 182.665 173.698 190.81 183.75 188.16 182.034 191.345 185.034 0 0 0 0 0 0 0 0 0 0 0 0 0 0 0 0 0 0 0 
0 0 0 0 0 0 0 0 0 0 0 0 0 0 0 0 0 0 0 0 0 190.057 188.105 165.661 269.18 221.046 184.046 190.158 188.323 193.508 181.198 186.133 190.653 181.777 187.614 181.468 186.222 181.672 194.375 175.306 193.402 189.323 198.737 183.749 0 0 0 0 0 0 0 0 0 0 0 0 0 0 0 0 0 0 0 0 0 
0 0 0 0 0 0 0 0 0 0 0 0 0 0 0 0 0 0 0 0 0 0 0 0 0 192.186 195.295 185.068 179.076 198.7 188.604 182.859 197.85 184.027 188.305 190.046 193.41 185.109 190.144 194.838 0 0 0 0 0 0 0 0 0 0 0 0 0 0 0 0 0 0 0 0 0 0 0 0 0 
0 0 0 0 0 0 0 0 0 0 0 0 0 0 0 0 0 0 0 0 0 0 0 0 0 0 0 0 0 0 0 0 0 0 0 0 0 0 0 0 0 0 0 0 0 0 0 0 0 0 0 0 0 0 0 0 0 0 0 0 0 0 0 0 0 
