0 0 0 0 0 0 0 0 0 0 0 0 0 0 0 0 0 0 0 0 0 0 0 0 0 0 0 0 0 0 0 0 0 0 0 0 0 0 0 0 0 0 0 0 0 0 0 0 0 0 0 0 0 0 0 0 0 0 0 0 0 0 0 0 0 
0 0 0 0 0 0 0 0 0 0 0 0 0 0 0 0 0 0 0 0 0 0 0 0 0 149.661 157.606 164.379 161.342 170.263 148.376 169.616 155.263 174.754 152.539 169.157 148.024 157.552 156.9 154.129 0 0 0 0 0 0 0 0 0 0 0 0 0 0 0 0 0 0 0 0 0 0 0 0 0 
0 0 0 0 0 0 0 0 0 0 0 0 0 0 0 0 0 0 0 0 0 166.887 154.26 169.85 164.8 161.426 163.693 166.347 168.65 166.325 157.786 172.934 161.33 178.824 158.839 164.803 155.666 160.379 164.636 159.954 161.108 155.031 158.526 148.314 0 0 0 0 0 0 0 0 0 0 0 0 0 0 0 0 0 0 0 0 0 
0 0 0 0 0 0 0 0 0 0 0 0 0 0 0 0 0 0 0 164.49 158.085 189.067 159.843 172.07 165.82 161.54 163.864 171.059 171.289 160.376 167.652 167.534 168.398 177.294 159.909 166.062 161.743 167.89 166.673 163.165 158.427 160.91 160.551 154.17 167.861 149.044 0 0 0 0 0 0 0 0 0 0 0 0 0 0 0 0 0 0 0 
0 0 0 0 0 0 0 0 0 0 0 0 0 0 0 0 0 169.793 163.978 164.256 168.534 193.134 180.44 171.403 167.689 164.32 174.325 172.896 171.668 162.707 171.39 165.95 175.515 170.112 164.249 169.393 169.903 171.428 166.859 161.054 161.53 167.641 167.474 162.164 161.629 149.959 156.174 155.37 0 0 0 0 0 0 0 0 0 0 0 0 0 0 0 0 0 
0 0 0 0 0 0 0 0 0 0 0 0 0 0 0 157.213 165.623 171.791 173.269 161.54 170.434 190.651 203.959 167.276 165.297 167.769 183.563 172.902 174.501 166.698 181.417 166.816 179.416 163.628 179.065 174.68 170.845 170 162.085 162.622 170.257 178.487 166.185 164.559 158.21 155.743 160.169 157.883 156.02 163.658 0 0 0 0 0 0 0 0 0 0 0 0 0 0 0 
0 0 0 0 0 0 0 0 0 0 0 0 0 0 163.314 165.205 164.692 170.796 175.015 169.501 162.966 183.843 226.395 171.302 164.027 171.14 182.059 171.306 179.215 166.942 188.588 159.856 179.346 161.801 190.748 167.516 172.815 169.978 157.116 171.935 176.21 175.338 163.437 169.27 154.245 163.661 166.64 161.325 169.033 154.591 144.999 0 0 0 0 0 0 0 0 0 0 0 0 0 0 
0 0 0 0 0 0 0 0 0 0 0 0 0 172.444 168.475 162.542 173.63 169.692 167.406 168.994 180.955 174.39 219.186 189.291 170.102 176.337 179.733 170.118 181.327 169.395 189.531 157.756 187.236 168.42 191.679 165.866 176.793 172.707 172.331 180.651 175.542 171.445 165.915 167.602 161.393 173.41 171.371 161.413 170.467 142.939 163.157 153.831 0 0 0 0 0 0 0 0 0 0 0 0 0 
0 0 0 0 0 0 0 0 0 0 0 164.823 173.432 177.42 178.482 168.235 174.783 177.406 171.126 164.252 184.232 181.619 206.602 210.457 177.597 177.749 181.512 170.424 189.877 162.972 190.375 159.363 188.091 172 183.593 171.967 176.362 179.748 174.364 175.826 172.962 167.634 169.077 170.199 173.267 174.947 163.804 164.022 160.47 153.092 167.169 153.211 149.251 168.4 0 0 0 0 0 0 0 0 0 0 0 
0 0 0 0 0 0 0 0 0 0 158.401 170.964 173.328 169.767 176.461 174.496 179.552 173.008 164.522 172.402 176.879 176.778 190.832 229.487 198.179 202.615 193.861 170.513 186.257 159.433 197.437 169.737 181.87 170.436 176.518 177.532 180.206 175.18 170.628 171.561 172.21 169.719 183.067 167.33 174.867 172.566 154.771 171.605 158.927 170.179 166.47 156.419 159.64 159.564 139.752 0 0 0 0 0 0 0 0 0 0 
0 0 0 0 0 0 0 0 0 163.193 167.598 177.54 177.186 171.677 174.33 172.109 188.155 180.743 168.088 172.336 177.611 172.157 173.945 212.333 209.705 207.722 184.964 165.942 180.587 173.854 194.971 165.006 174.093 185.618 186.106 178.028 173.058 176.615 173.558 177.221 183.045 180.408 180.543 165.59 176.463 163.254 167.733 180.615 162.518 182.173 159.567 150.858 170.933 150.76 155.186 153.86 0 0 0 0 0 0 0 0 0 
0 0 0 0 0 0 0 0 163.728 174.792 169.491 174.232 180.493 176.419 176.2 180.699 180.055 176.336 173.334 187.732 174.772 174.476 174.759 198.871 224.228 193.061 182.263 160.098 198.952 187.029 174.265 167.435 182.746 201.374 171.086 174.311 179.2 175.184 176.152 178.465 179.662 174.723 172.048 165.781 172.632 170.352 179.332 171.878 175.988 169.846 153.178 162.047 174.583 147.916 167.586 146.042 146.085 0 0 0 0 0 0 0 0 
0 0 0 0 0 0 0 0 170.376 172.39 177.149 174.469 181.55 174.6 175.377 183.527 178.61 175.418 178.853 188.075 172.404 193.741 173.707 183.061 261.175 188.592 167.267 180.922 196.858 167.325 177.929 194.092 180.865 184.722 165.017 189.563 194.853 174.533 173.177 177.854 172.024 183.744 169.65 178.585 182.853 168.264 184.886 162.63 184.31 155.46 154.724 172.762 157.767 162.512 159.952 150.874 157.264 0 0 0 0 0 0 0 0 
0 0 0 0 0 0 0 178.247 177.544 175.701 178.676 176.011 180.781 175.992 173.984 187.434 179.926 172.914 186.207 176.056 175.905 199.923 161.782 185.983 234.692 213.676 195.676 176.108 177.495 179.532 191.045 185.408 157.857 186.091 189.234 193.064 178.58 168.113 178.098 186.972 182.622 184.602 174.771 175.496 173.144 173.587 170.052 169.119 169.719 160.546 170.045 182.027 162.835 175.353 153.11 157.395 158.988 147.84 0 0 0 0 0 0 0 
0 0 0 0 0 0 172.334 178.426 177.226 177.219 182.901 182.504 179.425 176.796 175.37 190.783 172.483 181.194 180.309 171.253 194.383 178.885 166.63 195.639 170.713 233.884 246.856 189.597 198.051 177.218 165.027 191.832 172.676 195.922 176.237 170.219 175.154 184.878 187.921 191.542 174.717 169.482 174.494 177.923 165.381 174.819 166.398 186.734 171.986 162.892 181.899 171.196 165.45 161.583 156.294 158.866 159.341 151.749 155.025 0 0 0 0 0 0 
0 0 0 0 0 167.432 178.971 181.328 178.29 179.04 182.677 186.269 179.736 178.777 192.13 187.742 175.164 185.378 164.867 187.414 180.554 177.466 186.078 173.371 191.067 164.029 212.721 255.252 211.004 198.679 191.172 186.561 158.774 183.408 183.357 188.609 185.89 186.139 174.669 158.595 170.613 173.905 195.275 176.716 171.204 179.623 180.876 183.929 165.866 166.953 176.064 161.468 171.977 160.021 161.557 165.338 154.486 157.287 153.837 151.452 0 0 0 0 0 
0 0 0 0 0 173.192 179.919 179.738 174.275 176.121 178.647 193.581 175.761 173.354 192.502 182.288 195.844 192.21 174.386 196.777 166.319 197.129 161.749 193.519 168.329 178.982 207.322 164.373 203.552 243.387 198.519 185.454 188.143 187.345 166.732 169.79 166.411 175.851 175.721 180.05 190.585 175.799 185.699 168.117 175.011 167.471 186.463 172.024 151.924 170.069 165.584 176.574 165.517 159.049 161.093 164.704 160.221 167.559 151.502 145.503 0 0 0 0 0 
0 0 0 0 172.244 175.626 183.947 186.651 187.637 187.107 184.093 194.021 180.467 178.238 194.953 171.696 204.871 175.196 200.423 180.121 208.565 178.565 188.261 185.077 182.498 175.886 205.179 174.772 181.937 193.426 193.906 228.044 164.721 159.878 178.458 190.693 171.402 182.102 180.461 168.702 159.301 161.128 177.938 160.219 176.329 171.785 185.435 155.08 160.411 182.088 174.12 173.006 160.86 165.534 179.541 164.749 163.875 150.582 145.397 152.316 152.971 0 0 0 0 
0 0 0 0 176.154 176.506 177.929 184.088 181.377 182.205 188.551 198.042 177.527 190.102 193.277 195.303 204.635 198.726 181.635 202.52 200.678 198.532 197.522 212.276 185.375 190.538 182.11 168.681 180.122 174.858 165.186 200.227 153.669 157.768 153.862 138.634 138.15 170.543 166.892 157.522 158.264 174.398 187.942 167.559 169.538 174.259 173.916 151.282 179.739 169.207 176.201 159.828 151.066 159.117 155.008 146.357 152.114 145.995 150.919 150.249 136.358 0 0 0 0 
0 0 0 173.112 180.241 183.924 179.643 190.392 189.346 188.796 190.921 207.531 183.694 208.403 192.131 215.007 203.707 216.604 210.756 228.7 238.179 236.987 267.687 260.315 285.003 296.519 299.318 285.787 215.607 216.762 201.101 164.258 149.02 175.219 168.581 176.093 181.462 176.168 167.231 165.886 157.485 167.011 155.916 148.694 150.879 169.824 146.314 151.17 168.811 161.564 163.89 139.737 152.475 162.453 154.88 161.33 144.157 149.417 155.196 144.668 143.208 141.367 0 0 0 
0 0 0 183.649 186.308 185.456 184.719 189.942 184.299 178.144 188.775 191.394 175.859 201.135 189.116 198.023 202.951 198.642 191.632 217.847 261.99 335.226 412.482 446.849 502.386 498.616 540.742 545.041 543.728 518.957 443.36 373.879 246.159 181.13 183.202 171.003 156.333 160.022 174.393 161.607 163.877 170.926 178.284 181.077 184.782 190.905 176.701 188.032 177.769 189.914 163.383 170.216 180.88 176.952 172.973 164.016 167.945 173.902 166.195 156.404 159.131 147.228 0 0 0 
0 0 172.231 177.007 176.054 180.278 183.725 187.272 180.134 174.331 188.322 184.932 184.598 178.667 190.974 190.191 195.969 217.189 275.58 420.002 498.275 558.415 586.394 593.277 590.678 589.806 602.857 580.748 591.237 567.94 594.163 563.033 514.568 441.614 310.345 201.717 204.156 219.304 213.061 198.108 197.507 193.32 200.693 185.288 195.494 174.147 175.975 184.513 179.559 190.493 177.131 190.899 188.231 184.823 173.558 170.036 179.314 176.555 162.165 168.176 163.546 164.072 158.924 0 0 
0 0 180.059 183.536 183.59 179.765 178.044 194.934 197.462 180.086 200.876 176.018 194.287 179.1 185.79 183.548 256.232 405.052 523.273 593.637 574.232 603.916 591.228 621.988 593.677 617.346 600.032 618.455 613.745 619.208 603.698 597.334 588.099 576.615 544.438 427.021 265.192 196.911 192.64 196.081 198.853 195.14 223.8 205.121 195.784 188.714 216.049 200.216 206.858 189.804 180.135 186.768 184.762 182.576 173.047 179.427 184.407 175.17 175.134 173.138 169.073 170.15 162.128 0 0 
0 0 182.451 183.347 184.765 181.561 180.985 193.131 183.378 164.382 202.814 165.57 208.761 190.882 198.223 307.192 481.012 568.872 582.553 610.92 595.979 622.264 605.707 615.238 629.396 616.64 627.163 618.158 633.974 618.874 634.658 627.088 600.509 614.823 605.479 566.19 493.927 323.07 213.924 243.701 201.483 167.757 198.621 193.844 188.155 215.379 212.633 182.883 205.323 192.547 202.838 196.104 194.441 182.851 182.111 191.989 187.24 176.627 174.208 171.213 177.726 167.915 168.286 0 0 
0 0 183.71 182.255 178.589 181.196 179.282 187.534 192.624 171.846 201.09 178.15 183.57 207.717 344.673 527.117 591.959 588.058 592.546 613.749 613.012 619.126 625.366 608.796 622.472 619.7 614.77 622.517 613.697 631.177 628.216 642.007 618.201 624.256 633.923 609.244 593.856 510.89 307.172 199.789 207.302 227.8 237.01 204.071 180.379 211.834 178.839 200.021 202.299 186.443 189.676 196.397 202.403 189.76 196.952 194.36 182.549 186.829 183.623 189.03 181.458 177.295 172.975 0 0 
0 166.446 182.622 184.512 185.616 187.331 182.62 189.671 195.67 169.912 197.617 191.776 205.874 347.403 533.361 581.38 602.21 610.809 627.425 618.837 620.997 603.472 628.245 628.996 606.427 614.438 625.586 612.024 617.362 618.51 619.797 633.016 627.805 637.033 639.428 611.635 624.356 596.5 505.967 326.356 213.946 162.308 203.349 192.852 204.866 234.371 183.382 203.833 196.71 194.135 198.193 212.256 187.907 196.491 202.065 193.609 192.503 189.924 190.657 184.448 181.292 175.051 171.644 167.722 0 
0 184.343 182.081 182.993 184.458 181.04 177.6 180.669 194.546 170.562 199.445 192.79 327.227 539.186 587.844 593.732 617.012 605.173 622.058 596.95 615.113 609.932 614.73 608.99 623.203 616.296 611.292 618.807 618.935 621.954 620.673 637.827 615.398 640.597 652.846 623.504 635.622 591.849 607.577 434.086 335.098 217.432 210.951 206.345 212.419 211.853 216.56 228.63 199.355 187.292 208.69 198.484 188.892 191.572 181.315 179.295 186.652 189.866 188.486 179.814 176.753 172.633 175.947 173.606 0 
0 182.714 184.369 185.485 187.587 189.142 183.626 183.737 193.923 176.982 181.665 287.814 500.402 588.161 593.536 599.639 629.023 606.329 622.162 594.594 601.586 600.797 609.401 599.556 607.335 615.598 628.69 630.453 628.064 618.126 622.238 654.073 641.04 645.3 660.984 669.429 672.422 646.279 638.644 599.522 398.54 264.859 213.575 199.658 196.732 212.98 197.33 197.17 201.896 222.446 220.75 194.061 203.696 210.014 193.071 201.829 195.945 199.181 192.212 186.951 189.423 192.114 186.995 183.757 0 
0 178.52 185.113 188.859 188.508 183.303 179.133 179.41 200.621 178.467 218.793 430.829 573.577 588.148 609.619 592.713 619.229 580.749 605.408 578.636 571.963 559.44 557.207 527.775 501.673 494.518 515.673 559.495 628.12 651.348 636.214 654.937 656.385 650.628 639.049 648.92 647.88 650.845 619.974 635.216 531.703 350.191 217.383 234.179 224.986 224.922 204.513 222.309 204.655 230.56 209.78 206.872 216.763 205.386 206.274 208.702 207.284 184.423 185.799 190.111 197.004 188.126 181.077 181.956 0 
0 179.997 177.669 180.948 191.506 187.661 180.928 175.21 202.186 183.467 328.109 549.877 587.153 607.804 630.084 609.49 634.949 609.354 624.427 600.268 608.257 553.747 452.307 339.72 272.889 236.031 217.741 222.488 299.885 427.534 545.225 612.33 639.61 638.473 629.737 659.636 641.185 678.053 634.849 632.711 599.695 465.578 205.913 225.239 221.059 183.231 190.445 197.617 199.835 197.981 166.711 199.554 202.586 190.231 189.554 184.367 178.961 188.883 195.456 189.218 172.623 169.01 171.417 170.826 0 
0 182.953 182.69 185.462 190.748 193.605 195.723 178.302 215.779 227.095 457.731 591.103 605.456 624.204 641.682 610.715 628.325 608.77 613.856 602.877 475.659 293.056 201.709 174.403 173.665 167.645 167.927 171.103 164.873 171.705 297.486 488.19 630.13 612.657 633.731 643.097 607.034 612.205 625.293 591.976 615.332 525.708 313.217 222.272 213.036 168.952 239.86 181.556 198.27 183.7 192.397 194.904 178.836 188.028 187.995 179.891 180.48 178.852 187.544 183.272 177.472 171.455 160.467 158.578 0 
0 187.001 184.316 183.414 182.169 193.01 193.372 170.201 198.675 274.71 530.434 586.74 614.977 616.5 634.573 615.667 620.624 612.43 604.872 434.234 221.69 176.57 178.52 175.028 168.546 166.95 164.595 164.131 163.019 151.234 135.215 205.939 603.914 629.703 630.328 631.414 634.196 640.475 653.322 642.097 604.001 564.917 431.266 192.901 205.55 175.549 198.688 181.855 206.666 173.658 203.922 186.975 179.067 186.44 188.614 186.533 188.553 188.566 175.446 165.871 166.515 173.496 177.229 180.885 0 
0 180.577 176.265 180.298 185.65 186.235 191.365 173.977 209.636 366.405 571.799 596.512 621.494 632.098 629.131 622.141 596.391 621.664 483.292 224.934 168.817 176.526 168.639 165.616 163.01 160.726 159.009 158.274 149.791 138.961 116.976 18.1071 368.638 725.462 643.539 669.498 645.454 625.247 623.202 654.598 611.34 618.644 518.652 271.952 210.081 192.297 186.925 211.44 189.444 197.068 178.032 171.221 201.283 187.865 178.666 183.046 186.891 182.623 178.433 179.966 177.227 174.757 174.309 170.108 0 
0 175.65 178.967 186.749 185.77 186.674 198.967 175.303 231.134 438.884 586.793 606.278 622.561 628.347 617.921 634.179 598.489 590.844 307.824 169.118 173.565 177.262 176.208 174.567 167.62 168.498 166.95 165.998 162.641 152.169 145.63 131.499 165.896 582.581 661.855 615.004 628.345 639.368 657.32 626.881 611.073 593.179 563.058 329.819 197.94 206.612 193.145 215.78 166.749 203.104 188.828 197.224 191.174 181.303 183.033 173.685 169.968 170.656 178.298 177.995 177.968 174.001 162.354 164.294 0 
0 192.839 189.181 183.083 178.38 176.198 196.523 190.413 239.45 480.762 594.405 609.025 622.745 629.038 622.371 635.387 597.46 500.412 209.348 174.728 171.231 178.226 173.891 175.391 170.839 172.712 169.563 176.398 174.716 162.002 154.737 164.53 173.045 411.025 624.957 648.572 621.15 604.973 632.849 638.004 624.948 620.748 572.281 352.022 209.819 207.054 193.018 179.485 205.964 192.049 189.073 199.428 178.282 177.935 184.441 185.551 176.339 177.795 180.805 183.644 175.916 167.118 165.328 162.801 0 
0 180.273 183.615 192.016 193.357 187.015 186.313 199.151 234.78 510.618 598.167 615.775 627.502 629.885 619.903 618.803 602.024 416.358 182.919 176.489 171.377 182.261 177.429 183.767 175.289 175.972 172.688 178.737 181.956 169.502 159.557 169.431 174.598 360.1 582.41 603.088 637.019 625.584 622.781 596.791 644.808 612.118 580.301 435.838 200.873 191.17 189.596 180.679 198.254 185.14 191.781 174.646 192.992 201.013 182.989 173.726 183.72 188.118 177.161 169.066 166.495 170.637 168.472 171.91 0 
0 189.504 192.786 190.792 189.34 187.076 182.031 209.319 246.828 528.405 587.957 618.59 636.566 629.559 615.118 617.742 625.374 348.24 176.984 176.934 168.441 179.937 181.663 184.213 174.538 180.759 174.209 183.942 180.834 176.548 175.489 176.05 168.473 328.109 565.966 585.965 620.382 631.883 618.34 627.48 615.545 609.065 575.878 444.164 215.396 203.719 201.061 194.38 166.624 190.776 181.616 185.921 197.302 184.412 180.87 187.774 181.494 177.72 174.837 170.403 166.991 169.352 172.005 173.228 0 
0 182.392 178.497 183.993 185.395 194.949 188.217 212.575 249.506 533.713 587.914 617.022 626.882 636.195 625.395 609.478 626.713 342.236 182.261 179.419 174.117 179.915 178.038 181.844 171.241 178.883 173.53 182.119 175.304 169.558 169.722 178.669 170.841 337.913 571.423 592.607 616.395 620.898 607.626 638.412 640.386 586.51 572.222 461.041 214.162 188.765 187.729 193.54 203.745 192.075 180.42 196.558 177.084 171.144 179.869 187.739 183.272 176.955 175.048 175.931 181.587 174.61 167.757 171.986 0 
0 185.921 189.972 192.773 182.593 189.522 184.077 184.562 262.704 521.853 599.788 608.854 621.946 633.439 636.077 624.814 618.308 401.991 186.036 187.825 177.817 174.968 173.08 185.65 180.08 177.629 180.131 182.575 175.109 170.297 172.401 176.282 175.656 375.019 588.523 589.794 614.038 599.196 612.567 638.784 622.835 608.167 582.175 424.037 194.247 196.816 206.863 197.056 196.336 173.05 193.397 180.165 177.485 190.141 182.587 174.8 179.971 183.965 182.661 182.113 176.401 171.409 167.247 168.46 0 
0 186.164 188.454 190.678 199.394 191.956 188.222 177.777 256.021 491.772 597.696 614.87 635.149 624.817 622.809 631.208 622.636 512.304 194.14 190.637 179.368 172.495 174.703 183.23 183.026 177.325 182.575 184.373 178.486 170.475 179.914 175.51 194.293 445.673 601.087 602.126 613.339 590.662 622.344 637.966 610.021 583.35 580.802 423.968 217.624 191.012 179.437 187.642 175.136 202.894 179.995 186.671 195.129 186.943 179.341 180.329 182.07 188.007 182.728 169.403 166.89 169.42 168.404 171.963 0 
0 0 182.394 184.772 190.642 191.549 198.09 191.227 241.348 462.498 591.609 605.21 625.479 631.489 632.333 623.122 619.159 589.516 303.234 175.155 189.112 174.546 171.175 187.713 181.857 184.041 180.13 182.374 177.241 163.155 184.287 170.312 267.615 543.096 610.764 618.09 602.273 610.258 624.202 609.447 623.428 612.053 571.193 356.813 196.125 196.614 188.106 178.032 197.132 188.363 199.053 193.197 182.907 174.168 181.101 185.856 182.621 171.024 167.034 170.93 166.515 165.458 169.145 0 0 
0 0 186.722 187.664 182.151 187.941 191.219 195.912 184.577 425.483 583.994 618.847 621.293 635.318 630.418 634.455 618.375 616.458 502.157 217.028 187.22 185.449 169.134 181.034 173.212 183.88 187.764 188.693 174.784 171.641 184.658 192.387 425.141 593.471 610.219 620.707 591.771 624.783 634.339 603.974 593.681 584.059 550.215 319.434 207.565 209.133 179.498 198.438 171.847 177.649 188.931 172.381 174.064 187.581 188.578 178.205 181.808 181.193 177.78 175.641 178.835 180.032 175.403 0 0 
0 0 193.694 187.371 182.328 192.213 192.369 196.094 185.659 347.958 555.072 602.236 617.183 630.395 636.953 632.962 627.944 621.774 608.15 441.684 217.42 179.637 183.006 188.924 172.375 177.896 182.75 193.836 176.75 187.573 191.863 344.379 566.553 600.793 622.236 616.076 602.208 626.621 615.559 619.645 610.202 580.622 494.407 244.516 181.23 176.798 189.484 171.397 195.91 195.741 170.484 192.824 197.534 186.162 186.3 181.556 183.893 185.37 180.732 180.626 174.934 172.21 174.208 0 0 
0 0 180.565 186.997 194.877 188.137 181.434 193.61 201.458 247.113 529.781 586.8 613.83 627.939 635.984 629.565 628.593 626.194 629.832 607.261 489.687 285.377 212.171 182.764 170.315 179.017 182.491 192.321 171.415 202.941 342.166 555.773 605.511 608.611 632.113 597.544 625.385 623.547 606.114 609.622 589.232 564.957 404.706 215.859 201.38 201.797 184.574 206.736 185.831 186.955 197.212 183.959 177.181 177.185 180.501 188.127 188.577 184.229 178.449 174.78 170.432 172.67 172.758 0 0 
0 0 0 188.925 184.339 182.186 187.204 179.18 191.401 196.139 419.297 569.415 595.777 617.082 625.373 624.209 625.534 614.815 620.372 600.313 613.239 554.536 455.923 373.932 277.779 247.315 236.653 239.604 292.767 452.711 600.552 632.301 619.979 638.517 644.956 624.693 667.735 638.043 635.379 631.188 600.194 554.317 312.05 200.24 196.609 196.682 200.023 179.647 203.464 201.005 192.061 182.059 188.029 198.165 193.514 190.323 192.643 180.718 180.469 176.27 180.653 180.748 0 0 0 
0 0 0 181.73 189.05 188.287 191.019 182.228 190.133 180.802 250.923 528.182 573.554 598.165 606.842 608.439 613.48 591.551 590.994 587.313 558.225 568.876 551.235 515.303 510.137 482.934 519.885 573.059 630.717 668.9 675.402 655.881 655.082 656.684 631.089 646.942 660.314 632.143 649.98 631.684 608.755 489.158 258.495 224.038 223.146 223.414 212.68 231.552 220.38 200.963 203.177 218.449 216.199 207.972 209.203 196.484 192.157 196.5 196.841 195.035 195.971 201.144 0 0 0 
0 0 0 0 193.7 189.02 187.944 188.699 189.252 187.89 185.237 378.749 572.987 577.508 605.626 603.874 617.97 613.06 611.642 615.512 604.216 606.317 616.88 606.419 596.231 641.807 662.057 630.375 649.573 651.355 655.614 625.665 656.797 656.525 665.783 691.886 662.304 660.279 643.607 604.096 560.54 337.322 203.215 211.312 197.187 217.797 220.922 191.616 201.992 216.488 217.299 203.655 197.663 194.063 201.736 205.656 199.58 198.066 198.927 200.29 198.356 0 0 0 0 
0 0 0 0 177.738 181.865 188.406 184.676 183.792 187.639 201.357 204.566 460.721 573.768 598.496 610.264 625.785 625.164 626.455 627.872 610.065 609.886 613.75 640.442 639.663 603.07 643.688 650.983 630.503 627.63 645.912 643.491 675.335 620.194 652.808 632.038 617.819 643.556 605.095 595.888 449.863 251.872 211.599 213.679 203.533 194.166 205.774 218.929 206.884 191.386 188.218 190.036 194.533 202.917 199.931 197.403 197.151 187.328 182.778 184.134 190.105 0 0 0 0 
0 0 0 0 0 187.676 192.531 186.693 193.774 187.294 203.913 193.953 241.153 488.537 578.969 593.095 614.45 617.382 618.169 636.153 618.503 627.699 625.873 620.671 626.887 639.982 632.406 607.727 644.793 645.086 624.78 620.362 644.654 635.124 680.181 637.789 634.873 615.918 581.668 500.194 271.915 208.762 211.039 201.018 199.572 222.689 210.895 193.569 188.922 197.865 208.191 209.546 205.524 200.415 192.808 185.735 186.86 184.396 184.736 185.265 0 0 0 0 0 
0 0 0 0 0 192.353 187.255 186.06 185.977 179.562 180.329 200.077 190.218 260.739 486.188 561.375 597.108 610.288 612.832 630.67 628.954 627.679 626.346 629.95 621.725 638.613 656.043 617.007 621.708 642.801 635.99 670.855 630.74 631.197 630.235 609.139 625.607 598.867 553.182 329.398 204.81 207.871 208.426 206.255 195.634 185.586 198.088 206.316 208.947 206.29 195.59 194.849 192.905 186.97 188.473 185.905 183.793 189.246 192.31 187.105 0 0 0 0 0 
0 0 0 0 0 0 184.636 190.97 195.93 187.064 188.201 188.611 182.877 181.714 254.203 454.649 552.299 595.582 600.536 616.676 622.401 618.328 622.989 633.507 628.639 634.206 653.395 634.324 637.778 632.849 628.449 653.646 627.363 651.561 608.326 601.886 582.101 528.75 360.234 217.828 219.212 206.456 199.441 204.51 205.964 207.848 196.297 193.459 185.297 188.107 194.604 193.572 198.2 194.999 191.734 191.702 192.173 189.005 198.508 0 0 0 0 0 0 
0 0 0 0 0 0 0 189.756 198.081 184.382 187.633 192.414 190.002 210.218 184.126 216.953 397.541 509.092 583.954 602.085 604.783 604.536 615.289 627.015 620.575 633.861 640.165 621.336 638.866 620.673 628.697 618.899 626.276 608.832 594.879 599.954 497.471 335.995 216.013 209.713 207.094 215.154 206.198 203.355 185.372 189.776 190.636 197.049 198.753 193.756 198.292 198.938 195.861 194.417 189.591 185.641 186.785 187.537 0 0 0 0 0 0 0 
0 0 0 0 0 0 0 0 183.086 189.002 191.665 196.423 186.663 184.532 197.569 186.687 199.83 313.586 415.628 523.634 593.749 599.134 594.42 608.438 600.284 624.53 625.349 609.11 625.201 612.077 621.252 580.439 606.667 571.682 559.63 434.889 290.903 220.823 202.465 209.994 181.541 180.782 187.361 204.147 201.404 204.001 205.643 198.755 198.182 196.728 189.275 185.514 179.534 180.27 182.435 182.849 183.388 0 0 0 0 0 0 0 0 
0 0 0 0 0 0 0 0 191.678 192.159 196.588 188.744 189.042 189.198 186.271 201.077 192.284 179.518 240.615 293.036 392.438 500.851 540.351 566.545 584.437 615.028 597.262 584.427 588.474 589.379 586.527 581.664 539.657 438.689 330.844 221.716 195.387 201.31 199.456 208.144 199.788 194.492 184.937 188.449 180.529 178.273 185.677 184.528 185.173 182.126 180.286 182.957 186.472 184.283 181.247 180.004 180.129 0 0 0 0 0 0 0 0 
0 0 0 0 0 0 0 0 0 186.79 196.452 199.623 200.429 193.852 196.142 205.171 208.497 201.299 202.415 234.22 243.76 246.911 309.21 382.03 419.644 499.885 486.116 521.59 497.544 498.327 423.769 370 256.201 186.91 166.268 173.327 170.826 165.006 177.191 166.396 175.393 168.589 175.368 179.445 176.112 177.822 183.152 184.165 180.378 176.092 174.459 169.135 172.181 171.132 176.024 181.419 0 0 0 0 0 0 0 0 0 
0 0 0 0 0 0 0 0 0 0 198.287 204.59 209.09 208.337 207.387 210.538 215.846 225.004 228.379 221.901 252.735 276.128 244.442 241.307 284.198 379.543 285.594 271.989 230.272 212.456 170.281 149.712 158.285 154.628 150.963 141.628 148.377 142.77 148.441 138.964 162.244 145.565 152.054 156.379 156.186 150.533 145.462 149.657 151.044 152.869 153.169 152.832 153.962 160.413 159.208 0 0 0 0 0 0 0 0 0 0 
0 0 0 0 0 0 0 0 0 0 0 191.955 196.97 201.866 200.468 196.917 209.691 203.153 205.837 203.207 194.985 209.758 206.13 214.407 210.222 256.722 152.039 197.959 191.826 168.389 166.989 140.578 156.628 150.758 168.859 167.292 174.632 171.204 178.863 166.915 181.614 166.594 163.978 172.337 170.816 165.169 163.386 158.138 156.963 158.245 160.614 160.56 163.935 162.53 0 0 0 0 0 0 0 0 0 0 0 
0 0 0 0 0 0 0 0 0 0 0 0 0 189.357 192.502 194.755 200.402 188.35 199.313 194.505 193.03 197.893 200.139 197.179 218.361 275.311 158.16 176.818 178.137 182.198 189.421 193.728 178.321 176.633 171.838 174.934 161.544 166.539 164.389 171.411 177.347 180.432 175.176 180.264 177.077 174.433 175.149 174.476 174.236 167.75 163.909 169.066 0 0 0 0 0 0 0 0 0 0 0 0 0 
0 0 0 0 0 0 0 0 0 0 0 0 0 0 187.448 194.682 193.132 192.608 198.19 189.312 195.281 194.62 183.82 191.815 222.511 263.083 164.915 195.094 181.68 185.464 167.527 176.984 181.404 186.48 185.72 189.786 179.657 181.863 167.893 182.395 168.537 180.553 164.424 171.678 168.278 171.42 176.615 174.504 176.412 181.167 185.187 0 0 0 0 0 0 0 0 0 0 0 0 0 0 
0 0 0 0 0 0 0 0 0 0 0 0 0 0 0 183.871 186.642 200.54 193.953 191.07 191.839 190.888 190.74 180.353 223.658 255.483 173.837 199.003 183.134 184.161 187.333 174.073 179.976 183.689 182.031 184.546 190.185 185.443 172.997 177.683 167.632 178.951 174.461 171.465 174.169 172.483 172.787 174.851 178.741 181.182 0 0 0 0 0 0 0 0 0 0 0 0 0 0 0 
0 0 0 0 0 0 0 0 0 0 0 0 0 0 0 0 0 185.984 182.564 188.794 196.762 187.288 194.906 176.144 230.541 236.856 181.446 192.23 184.145 182.004 180.768 184.541 177.064 184.914 176.25 183.909 185.274 178.53 182.741 183.834 176.874 173.733 182.76 175.574 176.082 179.023 186.045 185.781 0 0 0 0 0 0 0 0 0 0 0 0 0 0 0 0 0 
0 0 0 0 0 0 0 0 0 0 0 0 0 0 0 0 0 0 0 186.586 184.638 183.764 198.344 177.194 247.463 234.832 182.865 190.234 186.431 180.6 185.198 181.429 180.507 177.632 176.746 183.086 185.766 176.198 181.234 179.289 189.947 173.988 191.983 181.411 188.189 185.545 0 0 0 0 0 0 0 0 0 0 0 0 0 0 0 0 0 0 0 
0 0 0 0 0 0 0 0 0 0 0 0 0 0 0 0 0 0 0 0 0 184.917 184.758 166.392 263.855 224.777 184.832 195.036 183.006 186.589 188.078 185.295 187.051 183.638 183.756 182.407 186.217 180.146 188.429 175.169 193.9 184.532 199.031 189.86 0 0 0 0 0 0 0 0 0 0 0 0 0 0 0 0 0 0 0 0 0 
0 0 0 0 0 0 0 0 0 0 0 0 0 0 0 0 0 0 0 0 0 0 0 0 0 200.398 189.65 183.715 179.463 191.775 187.059 184.368 189.914 178.031 189.834 190.989 189.623 185.745 194.255 196.198 0 0 0 0 0 0 0 0 0 0 0 0 0 0 0 0 0 0 0 0 0 0 0 0 0 
0 0 0 0 0 0 0 0 0 0 0 0 0 0 0 0 0 0 0 0 0 0 0 0 0 0 0 0 0 0 0 0 0 0 0 0 0 0 0 0 0 0 0 0 0 0 0 0 0 0 0 0 0 0 0 0 0 0 0 0 0 0 0 0 0 
