0 0 0 0 0 0 0 0 0 0 0 0 0 0 0 0 0 0 0 0 0 0 0 0 0 0 0 0 0 0 0 0 0 0 0 0 0 0 0 0 0 0 0 0 0 0 0 0 0 0 0 0 0 0 0 0 0 0 0 0 0 0 0 0 0 
0 0 0 0 0 0 0 0 0 0 0 0 0 0 0 0 0 0 0 0 0 0 0 0 0 158.595 162.075 167.194 161.983 168.765 162.254 173.168 160.138 164.04 163.841 165.901 163.762 154.455 159.78 157.858 0 0 0 0 0 0 0 0 0 0 0 0 0 0 0 0 0 0 0 0 0 0 0 0 0 
0 0 0 0 0 0 0 0 0 0 0 0 0 0 0 0 0 0 0 0 0 155.849 168.913 174.808 166.825 166.451 168.02 164.529 164.793 169.327 166.432 174.674 165.644 168.954 169.87 168.944 161.992 159.357 163.651 160.459 159.873 164.238 151.993 155.233 0 0 0 0 0 0 0 0 0 0 0 0 0 0 0 0 0 0 0 0 0 
0 0 0 0 0 0 0 0 0 0 0 0 0 0 0 0 0 0 0 164.867 169.792 164.505 170.008 170.521 170.102 166.348 167.729 170.111 170.003 167.289 169.355 174.168 170.593 171.172 171.411 168.28 164.153 164.478 169.546 165.731 165.156 161.546 156.571 161.503 152.055 158.087 0 0 0 0 0 0 0 0 0 0 0 0 0 0 0 0 0 0 0 
0 0 0 0 0 0 0 0 0 0 0 0 0 0 0 0 0 167.44 171.695 169.797 166.726 166.008 178.293 169.503 175.114 170.888 171.462 173.536 170.931 164.166 171.186 178.286 174.514 172.874 171.187 166.083 167.83 170.824 169.428 168.726 165.316 162.37 162.313 161.292 161.826 161.569 158.623 161.898 0 0 0 0 0 0 0 0 0 0 0 0 0 0 0 0 0 
0 0 0 0 0 0 0 0 0 0 0 0 0 0 0 162.857 169.584 173.515 169.583 167.447 173.384 172.781 180.151 166.235 173.994 175.74 181.402 177.764 171.573 162.317 179.259 185.625 175.292 178.341 167.794 170.704 173.319 173.807 169.2 167.589 166.815 164.021 165.606 167.283 165.469 162.528 164.718 158.8 149.713 149.678 0 0 0 0 0 0 0 0 0 0 0 0 0 0 0 
0 0 0 0 0 0 0 0 0 0 0 0 0 0 167.248 170.237 165.19 179.235 175.6 170.98 173.014 174.107 182.127 168.211 172.085 177.436 183.886 174.475 174.96 165.853 188.595 189.874 175.354 168.462 167.167 177.652 174.032 173.28 171.391 170.165 172.684 165.237 173.083 165.487 166.727 169.153 164.463 155.967 155.122 155.228 155.609 0 0 0 0 0 0 0 0 0 0 0 0 0 0 
0 0 0 0 0 0 0 0 0 0 0 0 0 176.306 173.058 170.118 173.333 175.033 174.59 170.335 183.659 177.064 174.61 167.538 178.081 182.167 181.478 175.956 171.215 168.612 189.72 189.294 167.425 176.654 174.314 181.351 170.686 175.601 172.399 170.73 174.847 170.795 172.315 167.068 171.748 165.433 166.466 162.612 160.434 162.489 159.831 159.13 0 0 0 0 0 0 0 0 0 0 0 0 0 
0 0 0 0 0 0 0 0 0 0 0 166.754 176.988 176.478 175.094 175.531 178.09 175.282 179.336 173.305 183.125 180.295 180.563 169.835 184.053 182.203 181.829 170.678 182.345 169.073 193.331 187.703 176.404 178.786 170.47 172.726 171.716 175.949 173.889 172.109 176.402 171.29 170.4 171.577 168.952 166.305 174.766 165.981 164.704 163.984 162.9 162.286 150.702 145.746 0 0 0 0 0 0 0 0 0 0 0 
0 0 0 0 0 0 0 0 0 0 161.302 175.289 171.463 172.188 170.748 177.787 179.082 175.155 174.247 175.161 189.196 174.49 177.396 179.033 184.599 177.63 186.93 182.002 184.545 155.562 180.576 191.295 172.66 178.248 168.323 169.717 176.978 182.334 174.678 179.088 175.031 175.7 177.891 167.049 170.057 177.288 169.627 159.117 159.12 164.418 157.528 150.147 148.509 146.995 142.11 0 0 0 0 0 0 0 0 0 0 
0 0 0 0 0 0 0 0 0 169.148 172.608 182.054 182.151 177.226 179.418 183.458 185.551 176.099 181.397 188.392 194.119 177.808 190.728 197.663 190.775 183.227 215.635 215.306 251.143 211.549 206.439 204.019 176.644 185.388 174.657 187.42 175.676 173.184 165.277 172.218 166.286 173.252 168.356 166.007 168.229 169.386 162.815 157.609 166.097 159.697 159.202 163.138 161.135 159.576 156.534 156.188 0 0 0 0 0 0 0 0 0 
0 0 0 0 0 0 0 0 170.458 171.871 168.754 175.612 172.257 171.28 169.864 175.99 174.656 162.722 173.1 174.454 170.154 160.613 168.298 163.271 167.61 228.337 273.68 282.078 353.607 377.409 311.871 198.919 175.298 185.619 189.785 192.295 170.361 183.516 179.305 192.961 195.679 189.642 187.157 189.332 189.323 191.269 185.221 178.497 180.403 181.183 184.761 177.43 169.672 166.01 170.417 168.623 159.372 0 0 0 0 0 0 0 0 
0 0 0 0 0 0 0 0 180.101 174.911 177.296 179.912 181.324 182.449 178.897 189.461 190.215 180.308 197.795 192.815 186.39 193.73 194.854 198.137 234.366 236.495 210.766 190.653 222.965 256.544 329.642 220.431 191.275 198.464 185.839 171.763 178.521 195.055 197.67 204.33 179.037 174.673 174.02 169.25 175.787 176.907 156.836 163.402 169.92 170.944 164.485 159.36 155.282 164.113 162.1 153.442 145.932 0 0 0 0 0 0 0 0 
0 0 0 0 0 0 0 181.985 184.541 185.577 183.622 183.649 184.933 180.743 182.572 188.427 179.78 177.085 195.707 173.973 188.294 203.825 170.826 183.281 196.113 172.47 179.557 188.406 187.837 168.907 323.5 222.43 162.097 166.401 168.809 164.961 183.428 179.955 175.639 162.446 156.469 167.171 174.325 191.239 186.242 177.903 169.724 180.846 179.191 170.757 168.025 161.535 165.827 164.078 156.545 151.112 152.706 145.364 0 0 0 0 0 0 0 
0 0 0 0 0 0 174.591 176.598 175.809 182.292 187.777 185.984 179.584 175.688 187.983 188.794 168.168 184.53 195.197 178.03 205.608 183.325 176.068 207.421 180.711 189.41 193.532 172.11 195.03 194.368 334.394 189.485 181.309 183.597 185.996 167.239 173.278 172.384 172.177 177.767 185.193 185.568 189.558 170.324 160.689 155.323 166.824 171.769 176.045 171.361 167.318 163.875 169.011 163.342 161.376 160.256 157.574 149.72 152.29 0 0 0 0 0 0 
0 0 0 0 0 174.067 177.137 174.008 172.147 175.344 185.456 185.364 185.235 177.551 195.607 193.877 173.24 203.492 176.221 195.314 194.735 179.68 195.345 178.549 204.516 185.237 173.418 199.346 198.772 170.587 330.125 202.689 185.714 158.516 167.292 169.147 184.773 181.128 185.797 187.571 173.712 174.766 169.59 171.12 175.37 166.684 172.357 174.9 170.66 158.848 153.772 169.819 168.811 168.87 163.752 162.419 154.434 157.536 156.673 149.815 0 0 0 0 0 
0 0 0 0 0 179.487 181.78 184.99 181.534 174.957 187.661 184.099 185.681 188.613 197.5 185.462 192.302 188.573 187.849 215.886 188.541 207.858 171.307 204.827 193.595 180.061 205.375 179.208 182.085 212.561 319.663 166.816 167.108 187.996 202.994 175.941 160.132 165.362 167.771 173.136 156.624 168.61 175.27 178.411 166.255 168.203 190.426 181.894 172.981 166.181 167.694 168.997 162.484 156.619 157.372 151.877 156.183 158.015 151.393 147.436 0 0 0 0 0 
0 0 0 0 175.041 180.442 184.14 183.05 183.679 178.946 188.739 192.824 182.96 192.321 208.022 188.624 210.148 178.164 216.793 190.921 218.512 187.75 196.476 200.662 194.364 171.364 192.42 191.985 160.762 214.751 322.003 166.997 165.132 158.881 158.632 144.599 161.747 188.646 186.975 175.966 160.221 176.376 174.419 183.868 159.852 174.865 169.277 161.229 153.44 152.969 173.359 172.35 164.162 158.851 155.88 153.491 152.635 144.829 140.538 138.957 137.726 0 0 0 0 
0 0 0 0 176.184 181.161 186.885 184.313 188.325 183.974 195.712 204.103 188.63 209.337 195.686 209.814 217.847 218.842 216.285 234.014 227.827 236.936 234.105 259.76 243.799 241.062 255.343 216.059 182.873 294.7 295.451 139.045 168.251 172.73 167.667 153.571 152.452 168.1 151.52 144.044 145.49 163.808 163.954 150.318 136.144 154.959 153.603 157.723 147.868 154.384 157.316 154.177 149.519 150.138 151.833 151.624 149.96 145.91 143.229 142.686 137.876 0 0 0 0 
0 0 0 182.998 182.773 183.493 184.774 183.957 185.016 183.43 194.945 198.719 185.671 214.447 182.474 216.035 204.435 220.464 212.559 213.638 222.019 254.614 315.358 390.244 409.793 454.366 491.824 493.54 518.571 572.834 425.87 316.868 253.595 181.148 171.813 163.658 151.679 159.397 160.726 157.097 165.442 176.008 171.833 155.119 162.258 188.287 177.515 162.819 161.64 184.588 176.736 169.894 156.672 159.12 161.016 165.736 162.144 160.678 160.53 155.975 152.756 147.779 0 0 0 
0 0 0 175.98 181.291 181.317 193.402 190.688 183.449 181.304 197.318 190.258 187.721 197.302 191.695 203.578 209.8 187.499 228.16 290.886 401.553 480.883 544.319 585.514 579.33 613.126 592.897 591.787 591.983 589.074 575.966 560.673 516.023 470.142 370.656 239.339 173.673 220.965 229.784 197.342 197.433 207.894 195.695 176.413 198.886 196.927 185.365 177.616 188.358 182.324 177.449 173.226 182.525 185.397 181.629 174.527 167.024 167.583 166.18 168.058 162.951 162.485 0 0 0 
0 0 175.964 178.406 176.013 179.723 181.003 181.754 185.07 181.612 201.507 175.14 203 176.987 204.891 197.43 209.424 287.477 436.487 543.308 594.979 593.907 604.599 605.709 614.146 603.406 595.682 630.473 599.861 631.756 608.343 582.484 596.111 599.678 552.945 488.251 361.896 271.55 197.108 158.187 175.282 216.194 201.497 197.895 219.389 202.428 188.73 189.191 195.646 198.809 193.175 181.724 188.015 191.135 194.323 188.826 180.868 176.581 178.472 171.103 165.298 162.591 159.22 0 0 
0 0 180.256 175.137 176.632 173.967 183.232 182.843 184.084 172.668 203.095 175.509 211.204 183.55 192.163 226.511 376.093 519.655 589.513 604.064 604.646 608.806 629.757 604.204 632.431 614.094 638.393 613.884 628.211 634.808 610.168 637.511 595.216 605.697 623.776 600.117 541.531 436.533 267.57 233.447 225.702 208.588 168.667 190.023 199.995 188.185 195.008 198.863 209.002 199.461 189.925 200.157 200.9 199.135 184.622 178.009 185.525 187.906 180.79 176.085 171.398 168.731 163.957 0 0 
0 0 176.745 182.772 177.689 178.574 185.361 182.913 179.768 175.976 198.096 163.352 192.546 188.751 237.047 433.103 578.631 594.735 596.079 622.698 612.356 620.043 628.904 634.671 638.859 619.95 621.086 618.652 634.522 628.06 641.794 626.453 606.616 648.472 628.023 593.809 593.254 616.929 486.417 271.341 200.625 214.761 206.025 221.509 210.453 197.156 203.123 195.693 199.155 200.027 197.579 192.628 194.342 194.696 190.249 187.773 187.672 183.304 180.814 179.968 178.085 176.276 171.743 0 0 
0 0 182.286 180.861 183.723 179.44 179.724 189.437 182.893 178.323 200.484 182.299 170.53 234.247 431.838 580.346 597.253 610.28 616.817 638.453 616.459 646.717 613.818 637.235 614.687 626.27 608.655 616.126 624.367 625.598 614.481 654.419 603.714 621.578 655.213 634.233 606.036 604.817 576.392 496.366 334.07 168.504 230 225.247 201.611 216.704 210.771 195.754 197.951 192.842 189.094 199.827 196.763 184.076 185.502 193.986 194.79 193.062 181.092 177.553 176.648 177.897 175.728 0 0 
0 175.166 175.926 177.735 183.463 184.094 183.527 199.679 188.86 183.128 198.911 190.595 219.749 413.984 577.307 594.944 606.433 608.252 609.552 639.137 618.53 643.32 603.366 624.055 604.621 609.212 626.986 620.536 635.159 626.775 627.38 629.459 605.558 618.003 632.05 617.75 620.574 626.631 616.865 580.469 507.957 274.015 194.243 196.176 193.68 212.562 201.932 194.531 210.529 202.648 200.893 196.397 192.192 189.942 189.868 188.016 191.464 189.881 186.598 181.16 180.931 177.182 170.769 169.855 0 
0 178.414 180.671 180.536 182.773 181.725 180.208 191.581 185.029 184.092 193.354 206.443 372.493 565.883 596.17 603.511 620.208 627.023 623.974 648.992 589.504 614.437 616.391 607.001 611.271 612.886 612.531 630.668 636.214 609.339 621.932 640.695 606.281 618.752 644.564 645.955 643.402 607.9 612.217 608.48 545.685 473.717 212.764 213.736 207.305 213.045 207.364 214.577 217.869 199.225 210.652 210.964 201.647 196.467 198.106 207.229 189.338 186.365 189.557 193.01 191.737 182.206 177.159 170.623 0 
0 185.578 185.124 180.212 180.772 180.929 183.543 192.867 181.96 189.069 173.973 295.633 528.093 587.201 594.127 604.02 614.306 620.612 590.528 609.885 578.96 595.165 577.556 569.957 561.102 563.255 563.634 587.196 634.525 646.797 653.224 652.394 638.873 636.484 649.163 601.541 690.962 620.73 667.883 621.722 624 591.322 353.889 259.836 211.079 221.356 214.816 226.632 212.03 212.732 210.317 215.458 206.398 202.066 209.88 202.07 195.677 195.298 198.286 190.909 182.121 183.615 180.873 179.37 0 
0 185.638 178.761 187.551 187.656 188.399 182.834 198.535 191.044 206.751 214.215 442.922 590.727 600.594 616.657 627.564 630.89 628.925 595.065 628.228 603.785 590.505 594.765 558.738 480.409 394.296 344.432 321.059 337.28 383.404 528.993 618.59 609.233 562.118 677.091 561.009 685.339 602.29 688.694 591.362 651.518 586.123 504.017 285.559 179.809 227.146 203.251 207.084 197.453 196.298 215.419 200.802 191.223 203.749 195.353 186.241 189.279 196.835 197.587 187.486 178.709 178.051 178.869 174.562 0 
0 187.64 185.58 190.913 185.773 186.767 181.1 201.384 197.437 199.862 308.842 547.499 600.54 616.452 625.718 631.391 626.689 628.172 611.558 629.143 607.276 611.136 499.174 332.615 229.248 188.16 184.143 176.051 174.82 150.087 203.816 347.028 545.631 524.837 553.594 482.516 577.182 591.128 659.027 568.722 651.426 547.188 610.997 340.989 202.863 242.583 183.021 218.715 192.653 209.421 197.456 190.072 200.366 192.032 187.777 196.165 188.722 185.37 181.641 179.767 176.204 173.875 167.843 167.255 0 
0 183.376 181.707 186.206 185.155 186.286 186.443 196.614 209.808 213.192 421.053 596.244 612.311 629.761 632.9 636.564 627.028 648.344 612.823 622.905 611.052 438.043 232.968 178.827 181.786 189.031 186.556 182.003 192.671 181.769 188.307 179.206 348.811 540.294 475.073 234.65 303.411 527.228 625.423 606.5 606.341 577.989 590.993 416.218 250.698 194.701 154.069 201.147 177.783 183.687 173.786 172.053 183.434 187.719 173.189 177.795 191.69 181.056 168.427 166.868 168.172 171.723 168.584 159.891 0 
0 182.643 184.152 190.431 190.098 188.466 197.253 195.572 210.578 259.509 517.417 609.842 617.604 636.125 634.344 628.982 627.086 656.454 601.891 627.678 445.618 221.539 182.601 192.171 184.256 190.807 183.008 186.839 183.854 177.049 181.291 169.717 215.156 445.848 389.321 248.142 181.855 305.987 525.467 596.995 580.448 624.279 547.538 554.013 309.515 181.99 187.912 203.473 173.384 181.99 166.091 185.419 181.043 166.632 173.485 177.186 168.596 164.263 165.672 167.29 167.659 164.669 158.914 160.864 0 
0 183.007 183.206 190.826 192.201 190.634 192.033 189.603 214.52 325.38 564.504 608.985 626.968 641.731 633.546 630.197 624.53 643.182 610.177 539.2 248.514 188.797 184.471 180.768 186.505 188.682 184.043 191.006 184.022 185.145 165.876 166.122 152.51 231.288 372.667 215.386 175.35 230.646 461.238 577.772 580.847 573.626 565.762 580.354 384.059 238.55 203.397 165.61 180.958 177.508 183.882 188.035 175.529 174.047 177.268 168.106 167.589 168.306 176.223 175.839 167.49 157.577 152.46 152.76 0 
0 189.228 180.859 185.237 188.127 187.95 191.135 181.375 223.282 393.62 598.715 611.47 626.397 630.643 642.28 628.578 618.497 639.342 605.565 383.257 182.987 182.774 179.151 176.451 179.165 190.423 181.114 188.253 174.336 182.924 177.225 128.717 131.76 148.768 311.178 299.877 162.44 163.344 345.075 600.534 580.964 592.947 592.413 541.686 479.655 263.833 187.596 157.71 208.599 172.675 193.016 175.655 162.4 178.626 176.184 167.686 177.943 174.968 174.207 167.33 166.697 164.302 160.798 159.277 0 
0 183.027 184.377 188.679 182.093 188.068 196.741 181.397 238.748 445.191 596.95 613.151 632.379 635.913 635.92 625.363 618.448 633.643 576.842 280.532 179.922 181.165 180.93 177.789 183.804 185.82 192.366 187.075 176.037 183.651 167.211 159.081 158.393 158.397 214.992 324.319 194.034 169.137 245.221 549.66 612.009 598.333 588.804 589.317 519.687 256.975 182.774 194.049 180.09 183.69 179.808 165.264 189.481 182.764 174.341 180.686 172.884 175.448 175.867 167.595 164.065 164.484 163.659 160.944 0 
0 180.056 185.368 188.416 186.024 189.53 192.104 185.197 223.539 473.36 601.63 616.804 631.223 637 633.823 622.715 627.727 607.243 556.845 227.105 177.672 181.966 175.554 179.221 182.693 183.062 188.037 193.636 163.922 172.691 160.894 172.719 160.75 174.605 200.101 336.199 191.103 175.959 226.551 498.92 603.232 614.27 608.041 598.919 511.778 306.073 203.765 199.769 158.505 178.759 165.46 182.867 196.887 185.285 173.22 186.161 182.62 161.966 165.162 166.862 166.299 163.104 165.108 164.11 0 
0 186.483 185.22 187.184 186.742 184.835 183.809 198.565 229.813 484.874 599.706 614.457 639.615 637.166 635.435 628.317 630.257 595.958 558.558 201.172 184.641 180.335 182.581 174.616 187.234 178.563 186.942 198.343 161.123 176.632 167.988 174.811 178.938 181.771 188.801 323.761 192.38 181.322 210.573 494.691 594.47 611.53 599.958 585.676 548.52 320.845 171.232 180.175 187.365 182.151 183.517 201.735 168.85 170.013 182.858 173.421 165.219 167.241 171.645 171.115 174.138 167.792 161.333 157.797 0 
0 182.327 176.525 185.313 184.341 189.561 191.016 205.384 205.048 495.904 604.96 618.932 630.699 635.824 637.468 627.136 624.777 624.216 542.065 237.325 183.122 175.977 183.259 172.524 181.91 186.033 179.922 195.971 176.021 173.172 167.164 177.325 189.949 173.091 185.577 312.954 188.653 179.307 195.083 500.25 604.261 610.824 611.37 582.011 530.96 282.885 186.122 189.745 196.75 175.437 196.61 169.982 171.396 177.644 175.679 167.768 172.203 176.024 181.381 174.172 168.295 165.775 166.591 158.599 0 
0 179.396 181.864 183.188 185.946 189.094 186.432 192.777 185.934 493.166 599.706 612.962 635.41 637.82 638.412 622.084 622.365 635.27 550.598 306.108 175.163 178.461 181.252 176.017 174.186 183.005 180.284 185.649 183.165 182.983 178.006 178.183 188.435 160.822 218.422 316.605 188.353 167.808 224.931 538.315 612.672 617.129 591.696 580.836 513.173 281.408 197.679 195.259 171.895 195.772 175.372 169.433 192.699 184.242 171.063 183.11 180.519 172.396 168.204 167.168 167.346 164.744 165.591 163.593 0 
0 184.275 190.274 190.144 184.892 178.327 175.997 196.373 203.181 438.761 596.253 613.798 632.901 641.841 640.977 619.63 621.567 617.278 604.746 396.382 192.314 182.907 174.51 183.166 168.306 176.04 182.77 175.089 178.991 181.252 181.27 182.955 200.865 161.241 277.28 275.245 177.456 169.113 288.116 592.947 603.193 606.901 619.591 587.365 490.769 229.583 178.148 177.214 200.729 183.838 179.175 199.21 178.189 173.877 183.19 178.099 179.539 176.517 171.513 164.926 166.17 159.107 158.463 159.815 0 
0 0 180.542 182.361 190.236 188.017 194.376 195.074 207.501 359.084 602.292 606.331 620.113 635.639 634.008 634.897 635.167 615.072 623.507 506.628 267.935 181.468 175.709 178.21 172 180.335 185.184 159.198 174.048 181.245 170.527 180.76 191.686 178.644 334.133 216.734 182.001 184.477 390.621 609.133 638.634 603.284 578.079 570.156 440.186 214.585 187.397 199.403 185.323 180.678 195.132 184.039 172.908 175.913 185.146 178.107 167.57 166.277 164.011 164.261 169.825 173.587 169.436 0 0 
0 0 182.91 179.35 180.763 191.77 190.259 184.152 208.82 298.661 570.978 604.741 627.138 626.22 638.525 633.07 623.667 627.241 626.069 609.718 423.098 236.712 170.767 175.086 185.254 162.337 188.6 160.505 171.828 173.592 169.606 188.679 181.366 283.958 327.497 171.813 182.83 250.378 528.583 603.235 596.074 607.002 601.334 575.299 375.609 194.659 193.499 186.514 169.084 187.8 172.801 167.629 182.176 178.969 175.888 173.129 171.942 173.237 180.152 179.653 172.868 164.451 160.188 0 0 
0 0 186.529 187.75 186.051 188.642 184.522 189.095 204.538 248.505 478.383 611.101 605.604 626.047 646.881 642.036 623.449 634.07 622.352 625.698 598.833 412.189 257.694 157.055 193.475 168.719 206.969 163.029 180.593 179.717 172.829 182.517 282.598 393.281 230.077 175.557 187.384 395.345 589.91 620.304 642.806 597.633 566.36 516.394 280.988 175.256 186.911 171.306 192.89 163.891 185.532 195.539 180.629 175.968 169.144 174.501 184.711 181.661 171.591 170.945 160.883 161.2 158.923 0 0 
0 0 181.558 185.248 185.469 185.527 183.043 196.974 191.366 219.812 370.952 595.615 600.364 623.286 631.185 634.388 632.837 634.302 623.844 628.395 630.027 602.349 502.215 332.437 234.138 178.937 207.664 170.145 192.676 193.673 186.007 312.837 500.59 335.035 158.948 180.88 297.888 555.116 610.543 590.586 589.853 589.007 578.474 457.606 233.263 194.709 189.162 202.07 172.195 196.712 186.966 167.4 164.441 177.738 184.15 182.187 177.413 173.047 164.504 167.106 169.75 167.374 161.716 0 0 
0 0 0 181.796 181.72 188.766 193.339 185.279 186.626 195.745 287.594 494.744 606.523 613.723 620.719 634.587 632.445 629.161 606.287 618.838 602.682 604.876 596.765 537.365 517.148 387.201 334.445 293.863 294.534 353.379 460.446 629.786 596.394 327.815 248.16 351.988 543.152 640.1 633.815 633.462 633.15 611.211 573.001 383.785 212.216 213.578 197.987 194.222 206.71 192.59 178.567 187.849 197.887 190.986 185.866 181.286 177.984 178.522 186.529 180.276 179.52 178.074 0 0 0 
0 0 0 181.536 185.636 184.683 184.182 186.216 189.327 189.459 205.138 354.288 567.326 593.812 604.076 615.371 622.054 619.983 593.958 595.787 582.405 581.335 574.064 550.847 540.245 561.659 546.995 526.793 584.088 651.164 645.464 645.745 562.196 487.644 527.813 630.837 674.992 678.921 684.791 662.411 647.196 623.792 545.806 309.899 226.297 230.636 230.903 231.147 211.045 207.992 224.605 216.391 205.548 197.75 196.93 202.793 200.008 195.514 197.366 195.201 192.636 191.228 0 0 0 
0 0 0 0 190.892 177.912 179.229 187.479 186.877 192.925 184.119 266.101 444.189 594.27 594.672 610.341 618.505 625.85 627.048 623.814 602.129 613.085 603.238 616.037 602.126 613.661 622.891 643.713 616.672 607.522 596.044 629.415 608.537 629.874 637.186 645.478 632.051 642.223 649.192 620.751 620.876 583.783 382.917 217.731 212.585 225.465 208.577 200.52 216.834 215.456 203.145 199.04 199.388 206.059 198.988 195.286 196.9 195.517 193.065 193.48 189.229 0 0 0 0 
0 0 0 0 180.826 178.979 187.145 183.632 179.613 185.975 186.981 217.407 304.01 490.902 612.858 599.545 615.159 619.532 626.482 633.121 617.245 626.248 607.453 624.587 608.724 632.287 607.973 620.801 622.926 643.81 615.191 604.427 582.92 622.336 640.067 658.827 650.042 643.247 640.955 616.796 589.179 426.521 228.134 204.241 208.299 186.549 208.837 218.267 199.146 189.405 188.813 198.387 193.598 197.154 201.04 193.315 191.825 189.823 179.653 180.542 179.824 0 0 0 0 
0 0 0 0 0 190.935 191.806 187.915 191.325 186.761 183.509 195.171 211.813 328.003 514.561 594.688 600.174 612.322 626.695 628.041 626.881 629.436 621.973 635.57 602.256 644.06 607.968 633.333 607.631 630.08 620.775 634.737 622.939 620.304 624.362 637.06 630.702 630.827 625.048 598.118 489.376 282.831 213.991 209.343 210.095 215.431 188.748 178.19 183.048 202.259 201.356 199.491 201.384 192.451 188.393 184.36 182.904 178.53 182.666 173.946 0 0 0 0 0 
0 0 0 0 0 187.284 183.614 185.381 185.011 190.019 187.177 181.44 177.971 217.335 340.704 518.086 609.633 594.71 607.268 618.017 622.292 620.216 631.03 632.513 614.077 660.157 610.833 643.622 613.186 638.242 628.814 623.118 633.341 632.248 637.735 633.423 610.52 599.635 599.853 518.494 298.013 218.699 227.352 218.326 191.191 194.332 197.122 214.898 208.523 200.441 194.395 185.047 184.929 181.027 182.502 187.829 183.377 184.288 184.159 179.107 0 0 0 0 0 
0 0 0 0 0 0 180.359 172.152 178.704 188.314 189.325 196.061 195.177 194.009 211.909 303.081 491.478 596.205 595.76 598.326 616.664 617.349 632.701 626.963 619.405 656.619 613.177 650.958 616.123 644.079 617.375 631.599 621.196 628.155 626.764 633.165 599.595 595.365 511.35 315.707 196.224 217.292 197.441 203.585 213.511 212.081 202.471 184.669 192.498 186.211 193.383 193.399 193.846 193.49 187.956 187.107 185.428 181.626 180.46 0 0 0 0 0 0 
0 0 0 0 0 0 0 192.704 190.705 193.274 179.727 173.826 185.654 190.128 192.035 224.833 267.826 411.675 561.762 592.318 605.12 589.214 618.913 608.235 618.801 644.884 609.847 645.161 615.342 643.098 608.099 624.769 614.162 614.526 605.668 608.395 581.012 488.854 307.982 212.263 206.78 212.746 216.554 189.222 182.762 179.153 189.782 194.325 198.244 199.812 197.805 201.023 193.916 190.641 187.887 183.365 187.06 181.431 0 0 0 0 0 0 0 
0 0 0 0 0 0 0 0 191.939 188.231 182.196 187.837 194.183 195.399 187.298 187.414 203.158 214.764 307.416 475.94 547.652 575.442 612.803 587.158 612.549 616.392 598.511 628.325 602.289 619.122 592.02 604.424 586.998 592.81 579.757 541.492 413.266 263.929 217.905 208.692 200.863 187.257 193.99 194.773 207.795 203.91 201.692 193.871 189.637 194.331 184.374 187.264 181.743 182.501 182.885 177.675 173.801 0 0 0 0 0 0 0 0 
0 0 0 0 0 0 0 0 186.496 179.051 177.836 187.182 187.802 186.322 183.978 191.563 198.93 206.354 195.323 217.948 311.37 401.098 472.533 517.657 574.117 593.526 576.302 604.397 579.32 597.67 577.902 592.878 563.337 499.06 404.001 293.537 204.728 182.569 208.912 197.877 205.392 197.446 201.971 189.629 179.366 175.343 174.628 180.2 176.388 181.304 179.061 178.529 181.207 176.948 176.543 176.942 171.732 0 0 0 0 0 0 0 0 
0 0 0 0 0 0 0 0 0 190.242 189.916 189.328 195.387 191.857 196.228 208.904 201.041 199.701 214.809 247.191 210.035 207.764 285.056 293.105 319.245 437.755 439.775 465.262 466.597 463.114 433.007 403.467 304.054 221.448 187.134 176.919 174.464 167.494 171.047 168.56 174.54 168.191 174.219 171.272 176.889 178.533 166.769 168.277 164.624 165.523 171.038 163.147 168.438 163.421 161.937 160.294 0 0 0 0 0 0 0 0 0 
0 0 0 0 0 0 0 0 0 0 194.142 196.386 195.324 200.708 201.279 208.968 204.409 208.955 218.338 230.184 230.454 239.375 222.602 216.625 274.417 337.038 278.882 232.857 234.684 225.481 194.686 170.459 134.732 133.936 143.541 133.726 136.444 143.382 151.252 148.232 153.54 153.169 155.191 152.528 149.603 156.728 151.627 152.195 153.863 148.824 154.193 152.752 153.116 156.795 151.908 0 0 0 0 0 0 0 0 0 0 
0 0 0 0 0 0 0 0 0 0 0 190.596 187.686 192.441 190.422 201.883 193.399 197.951 200.42 194.329 201.8 208.023 192.735 208.382 208.731 197.961 216.623 207.519 175.01 159.701 160.384 173.228 158.374 179.646 185.785 171.183 176.835 172.048 169.524 162.882 160.951 156.02 164.396 162.381 159.929 161.666 159.842 158.895 163.918 157.29 153.37 154.961 148.606 152.607 0 0 0 0 0 0 0 0 0 0 0 
0 0 0 0 0 0 0 0 0 0 0 0 0 186.072 183.389 187.553 184.607 186.001 192.439 191.066 195.713 196.956 175.926 204.032 213.781 209.659 202.381 193.074 183.504 197.308 188.381 184.109 164.693 170.183 169.749 160.456 172.104 168.995 184.119 182.093 180.421 177.324 172.86 174.452 167.914 169.265 171.262 163.991 167.685 164.546 166.29 161.895 0 0 0 0 0 0 0 0 0 0 0 0 0 
0 0 0 0 0 0 0 0 0 0 0 0 0 0 186.164 197.227 181.827 183.151 189.275 179.225 187.675 199.232 176.46 197.406 198.095 219.943 205.069 183.093 174.733 187.204 191.989 189.51 174.672 183.962 181.181 177.801 173.654 166.903 167.228 167.725 174.635 177.149 172.72 182.419 179.173 175.57 175.312 169.414 169.561 167.156 165.862 0 0 0 0 0 0 0 0 0 0 0 0 0 0 
0 0 0 0 0 0 0 0 0 0 0 0 0 0 0 181.102 175.534 182.14 187.004 182.711 187.312 189.757 173.584 191.906 203.651 215.365 203.691 185.782 180.761 180.999 176.384 174.856 173.489 188.993 183.884 176.911 174.122 173.803 173.8 175.672 174.877 167.148 168.412 170.28 172.687 174.261 172.413 174.814 171.764 170.63 0 0 0 0 0 0 0 0 0 0 0 0 0 0 0 
0 0 0 0 0 0 0 0 0 0 0 0 0 0 0 0 0 191.545 183.65 177.189 182.495 183.679 179.229 187.12 205.24 213.745 198.994 178.611 182.424 194.821 175.749 176.052 170.855 182.825 185.731 176.629 179.82 178.572 176.227 173.208 175.084 177.788 171.731 173.002 171.657 169.555 166.049 164.135 0 0 0 0 0 0 0 0 0 0 0 0 0 0 0 0 0 
0 0 0 0 0 0 0 0 0 0 0 0 0 0 0 0 0 0 0 177.023 195.473 174.506 178.185 181.679 207.961 218.965 191.554 174.004 191.085 185.93 180.233 181.404 176.49 180.149 180.812 176.884 179.996 178.386 175.763 176.884 176.107 174.55 175.675 170.714 174.426 169.16 0 0 0 0 0 0 0 0 0 0 0 0 0 0 0 0 0 0 0 
0 0 0 0 0 0 0 0 0 0 0 0 0 0 0 0 0 0 0 0 0 167.369 181.433 185.863 208.774 209.871 189.406 172.204 184.24 179.983 178.504 177.823 177.122 180.692 177.984 170.134 176.48 180.826 174.859 176.526 176.594 174.198 175.129 168.901 0 0 0 0 0 0 0 0 0 0 0 0 0 0 0 0 0 0 0 0 0 
0 0 0 0 0 0 0 0 0 0 0 0 0 0 0 0 0 0 0 0 0 0 0 0 0 213.791 186.831 175.681 180.405 183.195 173.766 168.947 175.726 176.695 179.823 172.936 177.127 175.445 167.899 176.838 0 0 0 0 0 0 0 0 0 0 0 0 0 0 0 0 0 0 0 0 0 0 0 0 0 
0 0 0 0 0 0 0 0 0 0 0 0 0 0 0 0 0 0 0 0 0 0 0 0 0 0 0 0 0 0 0 0 0 0 0 0 0 0 0 0 0 0 0 0 0 0 0 0 0 0 0 0 0 0 0 0 0 0 0 0 0 0 0 0 0 
