0 0 0 0 0 0 0 0 0 0 0 0 0 0 0 0 0 0 0 0 0 0 0 0 0 0 0 0 0 0 0 0 0 0 0 0 0 0 0 0 0 0 0 0 0 0 0 0 0 0 0 0 0 0 0 0 0 0 0 0 0 0 0 0 0 
0 0 0 0 0 0 0 0 0 0 0 0 0 0 0 0 0 0 0 0 0 0 0 0 0 156.779 162.157 161.854 164.315 162.337 173.797 155.701 160.932 165.066 158.831 171.024 153.104 161.499 154.349 157.393 0 0 0 0 0 0 0 0 0 0 0 0 0 0 0 0 0 0 0 0 0 0 0 0 0 
0 0 0 0 0 0 0 0 0 0 0 0 0 0 0 0 0 0 0 0 0 150.563 163.414 164.787 168.538 160.722 168.555 167.332 170.589 167.462 171.946 158.682 164.921 169.686 164.04 174.24 154.103 165.161 157.325 167.229 151.778 168.032 147.736 157.575 0 0 0 0 0 0 0 0 0 0 0 0 0 0 0 0 0 0 0 0 0 
0 0 0 0 0 0 0 0 0 0 0 0 0 0 0 0 0 0 0 141.901 179.99 164.441 166.839 170.059 172.241 159.543 166.249 175.333 173.845 171.404 168.169 160.568 172.587 170.189 171.181 167.275 160.126 170.691 166.96 167.271 160.587 167.994 150.498 167.83 155.47 158.858 0 0 0 0 0 0 0 0 0 0 0 0 0 0 0 0 0 0 0 
0 0 0 0 0 0 0 0 0 0 0 0 0 0 0 0 0 155.787 178.49 167.05 165.33 175.052 168.865 175.154 173.907 163.396 168.581 181.905 170.383 170.729 163.398 167.932 175.572 167.506 173.205 162.969 173.75 174.937 170.542 168.45 164.109 164.741 162.61 169.064 155.39 160.183 153.593 148.29 0 0 0 0 0 0 0 0 0 0 0 0 0 0 0 0 0 
0 0 0 0 0 0 0 0 0 0 0 0 0 0 0 161.484 166.028 170.171 172.252 184.19 171.439 185.022 169.27 173.412 170.631 167.033 171.125 189.537 169.735 172.931 170.173 173.104 176.99 170.176 176.168 173.077 181.102 166.351 170.024 160.036 170.325 168.487 174.255 168.344 158.85 158.938 156.2 155.949 165.825 152.707 0 0 0 0 0 0 0 0 0 0 0 0 0 0 0 
0 0 0 0 0 0 0 0 0 0 0 0 0 0 164.591 172.15 165.543 172.676 176.358 177.257 188.149 201.858 169.709 176.473 166.989 171.185 173.083 191.484 167.043 174.925 169.477 171.423 180.763 165.869 183.207 176.308 181.4 167.206 168.604 162.036 185.067 165.134 182.334 161.844 157.571 165.006 160.281 167.083 163.831 149.88 150.501 0 0 0 0 0 0 0 0 0 0 0 0 0 0 
0 0 0 0 0 0 0 0 0 0 0 0 0 173.736 171.665 171.103 171.601 178.61 175.559 171.751 186.189 228.815 176.604 178.424 176.692 187.57 170.504 182.997 172.498 194.084 176.817 181.87 188.433 167.76 188.961 176.228 177.741 172.186 173.292 174.057 174.446 166.693 172.713 158.246 164.735 169.196 166.496 174.999 153.426 152.693 155.864 149.259 0 0 0 0 0 0 0 0 0 0 0 0 0 
0 0 0 0 0 0 0 0 0 0 0 163.544 173.311 173.592 172.422 172.73 169.756 180.483 177.777 170.916 166.001 232.895 205.178 177.038 199.397 231.638 224.391 230.675 189.588 192.315 168.887 178.948 182.542 170.016 180.588 174.802 177.999 180.205 174.618 179.879 172.229 175.288 166.314 171.416 176.079 171.437 171.039 167.469 158.227 161.44 157.404 153.757 163.036 153.231 0 0 0 0 0 0 0 0 0 0 0 
0 0 0 0 0 0 0 0 0 0 163.132 172.975 173.513 174.247 171.038 170.924 171.424 178.459 173.066 167.872 164.15 179.152 222.953 211.09 215.109 193.014 200.709 223.019 161.356 175.936 175.86 199.088 178.005 172.597 178.963 187.685 184.233 182.383 171.597 184.247 168.895 184.474 181.359 178.625 176.155 171.509 175.298 162.855 167.279 167.521 163.899 166.83 163.005 158.188 153.614 0 0 0 0 0 0 0 0 0 0 
0 0 0 0 0 0 0 0 0 163.272 170.715 176.589 178.116 180.377 174.632 173.315 180.105 179.069 176.325 171.482 190.562 176.863 191.253 188.131 168.413 168.745 211.676 242.445 155.03 185.6 182.704 178.78 163.859 181.784 182.04 187.086 169.254 181.001 168.532 183.701 175.849 186.105 175.055 172.674 171.353 162.561 169.266 162.831 171.405 172.047 165.447 170.892 157.348 156.684 150.928 149.037 0 0 0 0 0 0 0 0 0 
0 0 0 0 0 0 0 0 168.529 170.899 173.288 172.736 179.041 179.175 175.044 175.757 182.366 182.672 183.434 183.67 181.865 159.771 180.942 189.601 165.361 182.304 218.248 242.618 190.697 200.612 174.054 174.081 183.097 196.527 176.962 181.503 169.684 187.438 181.872 179.204 181.155 178.851 178.647 172.957 171.561 177.124 172.811 173.455 174.846 169.878 165.357 164.398 159.361 161.412 154.098 148.439 154.214 0 0 0 0 0 0 0 0 
0 0 0 0 0 0 0 0 176.038 176.155 177.806 175.335 183.644 179.07 177.342 178.743 190.481 181.832 179.27 179.771 168.503 174.102 187.787 174.277 175.616 183.602 170.107 228.309 241.228 198.617 165.143 200.504 182.173 186.757 163.321 188.004 190.808 190.768 178.35 171.939 181.203 180.272 176.527 182.097 179.341 188.327 173.484 177.219 178.383 160.974 170.557 161.402 163.606 163.747 155.724 158.679 162.792 0 0 0 0 0 0 0 0 
0 0 0 0 0 0 0 179.493 175.701 177.22 178.075 179.765 186.836 177.169 177.574 183.327 184.253 170.097 191.15 177.194 173.266 190.026 168.565 182.777 194.981 173.014 184.78 194.25 204.026 223.383 187.915 188.735 166.201 183.515 186.38 199.204 184.885 166.957 177.223 174.876 190.995 180.324 179.325 176.348 175.287 177.518 165.98 174.731 164.181 168.156 176.06 169.127 178.09 167.201 161.636 167.893 148.048 153.085 0 0 0 0 0 0 0 
0 0 0 0 0 0 172.089 183.831 187.004 182.524 178.717 182.952 189.463 179.207 170.757 186.737 176.228 181.197 194.997 162.924 194.155 181.982 175.784 188.302 176.999 187.124 183.422 176.22 208.796 222.415 184.493 187.136 184.17 187.07 182.643 174.639 175.429 183.249 195.045 188.712 178.382 171.417 176.545 177.674 181.943 167.226 172.537 180.585 170.532 180.933 166.826 174.887 171.276 156.745 162.515 160.36 158.553 166.142 142.413 0 0 0 0 0 0 
0 0 0 0 0 169.705 176.437 182.859 185.739 186.511 185.308 188.705 190.393 183.217 172.441 189.624 171.24 188.263 178.549 178.232 194.505 177.991 195.712 169.232 203.237 179.508 166.468 209.026 174.996 193.559 230.818 197.481 166.605 171.103 193.839 180.566 188.988 187.04 176.254 168.544 169.954 175.27 189.758 176.943 180.227 165.059 183.33 183.972 182.548 179.2 165.702 176.69 159.899 160.769 169.791 153.755 167.66 151.235 147.747 152.348 0 0 0 0 0 
0 0 0 0 0 173.423 177.284 180.137 181.239 180.357 178.193 193.192 185.1 179.484 192.184 188.622 184.219 198.884 174.102 191.688 173.353 202.367 171.674 198.37 177.236 184.439 190.503 167.901 191.493 202.486 214.612 174.982 199.532 189.748 175.711 160.931 172.341 173.862 174.49 186.34 187.233 183.633 187.133 182.341 167.747 169.235 186.584 170.279 173.028 153.385 170.056 174.433 164.79 168.59 158.893 165.018 163.603 150.264 153.152 148.573 0 0 0 0 0 
0 0 0 0 178.482 181.945 179.138 184.476 189.988 184.965 176.339 188.967 193.22 176.877 194.281 176.977 200.5 179.306 207.491 181.082 207.09 181.722 188.968 184.276 187.913 182.546 201.294 178.28 189.373 188.133 232.764 185.547 173.191 148.924 189.784 193.857 182.342 177.768 189.013 182.313 164.341 161.966 171.219 176.099 158.033 174.874 177.798 168.107 163.058 165.388 183.596 163.523 164.851 168.149 167.701 181.1 155.425 155.997 157.173 150.29 144.745 0 0 0 0 
0 0 0 0 176.993 182.027 179.991 183.289 191.307 183.985 180.408 194.886 186.973 187.548 197.938 187.206 210.596 194.069 193.48 194.429 198.425 206.75 194.08 212.227 183.759 191.986 185.687 155.593 182.198 167.859 214.552 176.69 170.046 154.08 166.394 144.315 147.691 158.466 173.586 159.089 155.804 172.044 187.859 171.953 164.317 174.466 171.793 168.973 157.097 178.199 169.563 161.205 166.634 153.264 163.482 148.441 143.821 154.174 148.876 140.286 151.043 0 0 0 0 
0 0 0 174.777 180.841 183.53 181.915 183.218 195.9 194.041 188.698 207.776 187.976 209.563 190.615 212.922 203.98 228.809 223.771 216.71 240.451 235.476 262.486 273.686 277.072 309.161 294.771 275.622 240.738 208.3 190.289 133.696 165.302 162.558 160.829 167.034 182.674 166.532 168.223 166.661 161.812 168.789 173.144 145.228 155.878 162.352 163.179 154.226 159.798 170.447 153.524 150.627 152.857 158.283 167.803 152.288 158.235 154.224 144.497 151.887 143.57 136.076 0 0 0 
0 0 0 184.82 185.585 182.761 183.281 185.811 193.322 187.347 182.394 203.167 179.386 208.622 181.017 198.478 201.753 208.09 203.45 214.136 286.038 343.155 434.624 464.206 507.715 517.9 541.686 554.283 532.404 478.307 405.509 327.352 241.815 171.066 181.505 187.101 161.102 150.371 177.828 172.953 169.162 170.683 179.816 169.104 188.764 188.547 195.092 171.273 186.221 175.431 169.122 181.371 171.034 190.763 171.215 167.171 170.445 167.907 173.337 165.736 151.874 155.654 0 0 0 
0 0 179.624 183.591 182.711 182.422 178.722 179.87 186.632 181.363 180.068 198.797 182.957 197.996 193.215 192.484 194.835 227.533 301.229 431.848 524.426 553.121 591.878 577.954 595.778 583.817 611.33 583.874 593.699 564.645 593.473 559.736 504.411 407.3 275.656 197.833 198.443 216.164 213.992 208.034 200.638 198.22 197.705 194.063 190.307 184.281 179.724 179.9 190.116 179.355 186.884 180.917 191.337 192.33 172.369 172.99 173.659 173.755 174.335 163.725 168.018 162.228 156.293 0 0 
0 0 177.298 184.446 187.222 187.966 188.07 192.381 199.088 183.716 189.902 182.016 192.641 190.809 196.211 192.649 275.897 429.118 534.618 594.942 591.87 598.255 591.043 610.51 607.609 618.168 600.777 618.386 599.832 613.517 604.014 602.558 595.573 570.967 523.931 403.088 244.475 205.437 184.78 192.441 200.946 194.154 200.483 211.136 194.411 204.455 206.459 205.998 194.713 199.473 193.393 182.558 198.308 170.228 176.78 184.646 178.011 183.662 173.201 171.911 166.65 165.852 169.607 0 0 
0 0 183.031 185.746 186.478 183.933 183.124 187.666 193.403 176.095 207.166 173.296 204.484 189.541 211.354 329.351 504.554 589.459 584.168 611.193 595.864 625.22 609.685 629.553 610.232 611.835 632.431 618.405 626.404 619.585 626.594 634.755 604.555 605.824 607.292 576.021 446.339 301.076 202.224 231.526 221.344 174.113 199.736 197.351 185.708 210.658 207.482 193.06 191.185 201.519 186.742 206.884 194.471 180.37 190.792 188.986 192.669 185.952 174.442 177.811 175.836 172.264 168.456 0 0 
0 0 179.152 185.666 183.572 183.649 184.296 182.767 202.676 171.78 208.7 183.398 191.895 230.693 379.091 534.872 583.24 604.809 603.664 634.499 608.273 623.204 631.321 610.398 611.86 616.968 622.611 620.761 611.089 623.628 617.788 654.895 635.686 608.006 634.409 611.296 579.77 488.54 284.55 191.332 212.726 206.616 245.66 205.357 190.641 204.462 185.341 177.128 203.419 200.745 191.804 200.816 186.967 198.797 197.265 195.456 191.48 177.093 185.647 188.017 181.721 176.792 172.117 0 0 
0 177.825 187.51 186.714 190.899 189.157 186.328 182.786 205.489 172.078 205.02 189.857 218.594 390.455 561.706 588.376 600.624 631.296 611.946 624.359 624.572 624.688 616.046 611.193 614.664 616.417 614.339 612.097 609.849 620.14 621.36 638.982 651.032 620.812 648.618 607.58 618.779 595.56 474.178 299.064 222.946 163.642 191.133 200.287 208.376 228.111 197.682 201.117 214.78 187.532 202.013 196.559 194.238 197.606 194.384 202.288 183.372 186.745 189.387 182.043 178.499 176.344 170.299 175.628 0 
0 184.073 185.566 182.775 190.273 190.339 191.553 177.723 210.841 176.763 208.452 204.11 370.085 555.125 599.785 591.991 616.003 631.137 613.809 612.063 615.682 614.63 610.85 620.229 615.104 616.997 615.912 626.14 617.327 622.007 618.725 634.448 634.32 620.985 669.393 625.707 639.187 585.378 602.347 413.016 280.181 247.462 197.103 215.712 201.517 213.412 190.818 226.423 208.368 195.631 207.485 190.223 196.894 188.791 190.153 183.293 190.508 194.463 185.346 180.28 179.131 169.999 173.376 174.567 0 
0 179.677 180.614 182.779 191.747 190.618 187.143 175.847 202.643 175.391 193.796 326.544 537.148 587.257 613.257 609.598 619.722 631.245 610.988 598.82 610.439 607.122 604.384 609.057 612.301 625.9 632.457 637.008 610.378 620.303 622.803 649.658 661.047 626.207 675.674 644.755 679.561 634.605 633.433 597.287 342.752 251.914 206.553 225.066 187.367 211.525 193.627 219.369 194.617 209.139 211.935 206.808 203.362 204.337 197.076 200.694 200.465 194.384 188.672 188.271 182.86 189.41 184.115 178.224 0 
0 183.332 187.132 183.414 186.609 192.631 191.285 175.593 207.972 181.907 251.267 477.908 582.755 591.017 614.204 605.664 601.903 606.144 593.524 584.397 585.663 555.561 558.137 537.296 522.216 532.032 560.216 610.395 637.792 645.385 639.127 650.897 682.745 644.047 669.119 646.505 656.764 654.822 632.759 623.443 525.36 310.013 220 238.834 223.718 225.588 213.762 224.945 213.948 221.57 210.988 201.156 214.932 221.381 196.302 207.863 209.56 189.708 189.286 190.854 196.337 193.757 181.227 184.898 0 
0 185.645 183.463 179.062 183.044 193.962 197.279 171.455 216.418 198.864 377.594 571.016 594.965 612.514 629.943 623.91 613.093 619.816 611.835 609.906 598.347 537.318 435.092 339.43 275.056 248.394 242.696 285.072 390.427 512.293 585.078 600.373 662.287 633.564 658.04 654.863 649.26 675.087 641.117 629.015 590.27 433.203 208.531 212.002 220.895 201.114 204.962 199.114 197.379 197.79 183.101 196.141 205.231 188.501 196.971 195.341 182.376 188.826 193.864 189.918 184.343 175.834 176.854 171.217 0 
0 182.795 184.704 189.081 183.888 189.325 201.932 180.6 220.591 250.488 498.008 595.346 607.988 626.059 633.155 629.499 610.989 626.706 619.225 599.061 446.28 272.851 198.933 171.036 170.154 177.058 175.576 170.225 166.903 221.265 390.305 522.845 638.439 615.973 643.311 650.149 629.697 628.987 628.806 591.435 593.386 510.69 272.603 212.347 194.166 183.497 230.985 195.365 189.21 188.348 187.59 203.705 186.117 185.209 185.478 181.363 186.805 181.328 180.608 183.309 174.245 171.369 162.598 163.347 0 
0 189.593 184.693 187.857 188.674 186.137 198.964 180.806 208.038 327.39 561.305 595.934 613.409 629.534 618.516 636.021 608.589 623.713 583.999 393.167 199.208 170.555 179.321 173.113 170.926 172.173 172.796 168.33 156.459 149.041 175.76 301.936 639.485 646.123 635.427 638.424 638.465 650.401 659.159 634.343 616.06 568.296 387.808 189.801 199.939 182.852 205.116 168.45 204.829 184.814 200.021 190.434 171.769 194.565 188.074 184.289 190.827 192.35 186.229 168.531 169.712 174.171 175.408 176.476 0 
0 184.223 180.067 184.168 189.276 187.892 204.165 178.467 221.386 420.402 587.545 605.061 622.111 630.488 612.149 637.455 602.564 614.233 414.954 203.527 164.263 177.459 170.452 167.384 164.806 166.173 165.398 154.193 143.58 143.3 125.628 85.2253 442.875 757.207 641.634 661.36 662.177 660.674 619.6 635.152 609.658 614.129 475.613 234.164 233.952 199.033 190.148 202.502 199.138 191.226 195.068 177.733 195.413 181.454 182.324 188.255 180.112 179.733 169.818 176.067 179.038 175.997 174.73 171.927 0 
0 182.416 187.353 188.058 190.915 187.512 199.214 188.49 238.531 481.441 594.779 611.98 623.117 628.268 617.241 635.807 612.167 536.715 245.606 176.035 173.114 174.474 177.932 172.87 174.446 173.923 174.265 165.86 159.911 162.704 158.13 138.895 258.293 607.994 662.803 632.662 623.842 640.442 658.42 637.443 629.516 584.609 531.745 283.804 193.146 218.367 184.237 219.963 174.104 207.959 187.802 200.929 202.583 185.348 179.944 177.322 187.208 177.509 175.857 177.507 179.112 173.951 163.701 162.022 0 
0 186.206 183.342 188.099 190.364 182.551 188.798 210.209 265.682 524.216 594.613 617.469 627.251 626.332 619.194 630.026 612.797 406.43 181.076 183.929 175.029 174.094 175.05 171.788 175.4 176.581 178.556 175.934 166.552 171.466 165.918 155.945 219.094 479.627 599.563 659.794 662.388 616.31 609.208 638.275 625.962 616.21 569.347 327.272 209.565 207.629 181.217 176.95 201.754 200.6 191.302 204.811 176.268 183.225 190.36 188.984 178.522 184.833 182.506 181.077 175.166 171.293 165.642 168.219 0 
0 180.134 181.461 186.791 189.519 193.77 181.954 211.665 281.358 552.041 601.14 617.951 625.339 628.094 623.15 614.255 604.709 306.714 172.289 182.312 175.997 170.351 175.12 177.86 178.696 179.479 178.791 170.447 169.333 178.407 167.248 168.988 191.04 452.928 596.471 613.841 644.09 638.987 634.174 622.436 625.868 591.111 577.881 408.564 211.108 183.068 204.163 190.969 203.544 172.077 188.102 178.812 188.401 199.169 194.144 185.487 185.593 183.974 180.479 178.725 173.585 168.876 168.053 170.587 0 
0 192.097 197.881 192.036 186.005 190.899 181.705 213.19 300.248 559.463 601.683 623.855 625.369 627.864 623.835 602.474 605.071 249.439 182.095 177.948 185.246 171.435 179.114 181.182 180.027 178.192 183.366 167.915 177.553 180.119 171.767 177.07 188.579 435.224 607.337 621.751 609.629 614.674 634.69 649.387 615.814 601.478 581.18 409.303 211.25 206.799 205.196 206.427 174.237 192.38 191.643 187.723 200.284 183.441 175.699 186.405 192.955 184.872 169.45 169.788 173.024 174.817 170.857 174.412 0 
0 189.988 183.167 190.161 193.67 200.248 188.858 197.625 309.812 564.742 597.696 623.644 636.869 621.668 622.815 613.537 586.878 261.417 183.746 176.472 188.788 174.66 180.699 180.272 183.379 179.91 188.4 172.839 177.822 184.326 173.422 185.761 192.642 437.281 602.58 612.425 600.629 605.678 615.955 631.035 626.728 601.861 582.905 433.396 208.928 193.208 191.674 188.735 205.541 195.095 183.516 201.202 182.291 173.859 183.906 185.134 183.926 178.747 176.991 174.806 181.875 177.82 172.371 173.43 0 
0 186.942 191.907 193.527 188.071 187.699 201.074 185.494 320.765 555.449 601.25 617.575 636.873 630.787 627.002 614.689 582.275 315.499 171.671 181.558 178.905 184.081 175.31 178.075 182.002 186.167 185.349 176.759 182.031 184.011 172.867 185.975 200.488 469.26 605.304 599.671 602.573 612.538 616.625 612.577 619.523 622.713 586.743 414.351 200.392 206.093 201.962 192.438 194.182 181.325 197.223 181.983 179.289 190.624 191.223 184.975 181.82 180.625 179.43 182.906 176.767 171.129 170.259 172.888 0 
0 193.048 194.16 190.911 191.04 190.144 199.099 179.943 307.984 545.433 605.488 620.786 623.347 628.128 632.108 625.413 603.452 411.762 178.852 188.365 173.24 185.557 182.002 171.868 178.373 191.162 186.933 172.061 186.352 184.714 175.556 180.453 238.777 540.56 615.746 599.461 609.765 604.868 616.105 621.773 616.89 592.03 586.184 399.8 213.384 205.483 180.744 188.633 169.081 193.491 190.698 186.326 193.508 191.277 179.481 182.54 188.918 186.065 183.602 174.539 174.679 167.686 161.199 167.41 0 
0 0 185.409 194.857 200.136 197.809 197.655 191.538 256.654 521.549 601.866 616.561 632.834 633.996 625.21 633.862 626.156 494.788 249.929 180.046 177.781 175.442 190.275 173.657 175.888 188.584 184.929 169.14 190.449 179.24 183.555 181.626 347.941 598.614 606.437 593.719 606.313 614.377 612.165 615.299 623.052 596.359 565.285 344.336 201.065 194.743 203.602 182.93 202.245 188.94 189.001 197.363 180.173 173.571 185.676 187.935 185.138 175.172 168.006 172.175 172.447 175.474 173.498 0 0 
0 0 186.343 186.495 188.436 196.258 195.024 205.919 211.577 489.823 592.686 610.576 628.299 637.175 629.36 630.759 629.823 588.773 399.62 196.193 176.561 183.592 180.705 181.556 177.385 179.506 181.542 176.047 187.536 180.074 182.08 222.616 495.701 611.806 599 608.529 614.052 620.471 618.885 615.151 606.93 588.344 535.436 299.843 210.613 208.005 182.909 205.297 174.61 190.872 190.513 168.567 175.297 185.833 192.767 186.708 182.998 179.052 182.252 179.521 177.5 176.486 178.803 0 0 
0 0 195.32 188.079 188.421 191.042 197.002 200.624 198.433 401.841 583.949 606.569 629.47 623.414 632.413 629.395 630.391 626.423 549.543 371.048 179.391 186.239 188.085 177.089 187.985 186.442 171.22 171.82 188.03 181.759 202.153 398.585 598.992 614.033 603.08 614.1 610.045 612.979 618.946 634.522 614.903 588.913 473.588 225.575 189.892 179.939 187.032 170.735 203.084 194.863 186.085 187.013 197.892 191.193 180.346 178.782 179.62 182.206 182.247 184.248 176.326 171.066 171.197 0 0 
0 0 183.803 190.304 194.539 191.336 195.074 205.236 210.712 299.312 567.271 597.196 616.783 629 633.441 625.191 623.405 627.022 613.372 568.058 405.339 218.847 185.79 176.253 175.919 200.644 185.177 178.948 176.029 206.571 382.052 569.524 605.042 612.43 602.944 617.884 610.434 610.486 628.073 610.303 582.431 569.128 396.287 211.6 206.02 195.971 187.864 212.535 195.502 188.057 190.107 192.541 179.45 180.496 185.725 183.105 181.684 183.111 177.6 175.025 173.051 170.323 172.233 0 0 
0 0 0 194.76 190.656 190.189 189.174 189.982 211.386 234.903 476.529 597.329 607.952 623.632 634.155 629.746 624.59 631.522 628.605 603.624 603.085 531.712 375.358 301.688 242.856 238.05 207.123 239.162 318.488 472.143 597.843 625.76 630.034 627.298 624.879 645.91 638.723 650.372 649.724 615.657 602.859 535.879 295.193 190.458 193.149 189.304 195.557 180.793 190.526 198.569 181.34 180.332 193.623 192.526 197.332 190.869 184.895 175.996 180.631 174.811 176.888 181.949 0 0 0 
0 0 0 191.028 189.711 191.674 184.889 180.504 186.875 200.321 318.121 558.746 583.553 598.216 612.128 612.339 601.715 587.659 596.056 576.037 553.636 572.479 554.683 492.343 468.025 478.941 467.934 571.008 639.003 673.279 665.286 675.045 660.743 655.962 648.074 649.526 636.726 651.727 639.434 621.534 611.348 469.43 243.171 229.536 222.814 228.456 208.74 234.12 219.265 200.864 210.338 219.878 221.199 216.103 206.303 201.621 197.066 198.93 200.971 200.979 196.525 201.035 0 0 0 
0 0 0 0 193.923 192.11 191.415 194.484 185.614 196.425 234.106 441.626 589.096 591.625 610.222 616.126 619.909 614.162 608.243 607.532 609.198 595.891 598.761 623.387 595.91 660.527 649.382 664.954 651.753 654.729 647.321 656.019 637.586 661.067 662.641 674.378 680.348 673.291 632.888 621.53 546.493 315.872 203.409 220.43 196.9 219.913 212.409 191.018 196.359 213.85 218.02 205.669 195.447 197.365 198.609 197.275 205.129 201.915 202.222 197.462 197.325 0 0 0 0 
0 0 0 0 184.486 190.229 190.551 188.337 184.69 198.138 198.053 277.291 506.749 594.968 601.141 624.125 627.006 634.132 629.304 625.04 617.755 620.613 611.051 629.604 654.911 643.374 604.498 662.951 649.801 625.262 629.88 657.871 643.779 670.08 639.234 637.755 644.447 617.747 606.173 598.228 419.166 236.56 218.897 217.315 214.655 200.126 206.869 213.677 213.554 196.688 191.81 197.21 202.975 196.897 199.978 194.258 192.353 194.067 183.271 184.526 188.052 0 0 0 0 
0 0 0 0 0 194.897 190.316 196.66 195.533 197.331 195.216 203.476 296.711 536.137 579.825 599.031 608.072 617.403 623.477 669.174 646.291 634.578 637.963 621.252 630.072 648.891 628.075 629.594 642.461 649.067 658.395 630.995 624.666 657.939 639.288 659.307 641.379 604.888 596.792 482.304 256.17 204.244 211.762 199.362 206.471 221.649 213.493 193.289 195.742 204.802 207.676 213.232 209.285 200.799 191.758 198.386 189.682 188.808 191.042 189.306 0 0 0 0 0 
0 0 0 0 0 187.812 184.538 191.476 187.479 187.289 198.696 193.038 212.998 309.463 534.052 594.171 601.871 625.925 628.375 648.514 630.853 620.648 622.477 622.627 631.097 624.279 631.885 645.253 621.67 616.054 650.837 646.33 659.598 638.707 620.08 627.052 600.643 604.466 535.435 322.3 218.814 220.856 213.215 209.028 187.213 184.421 194.188 211.838 209.388 211.567 196.357 192.785 191.736 192.677 191.19 183.819 193.958 189.174 188.785 192.188 0 0 0 0 0 
0 0 0 0 0 0 188.59 199.703 192.015 195.121 198.419 192.171 207.255 211.706 298.269 519.166 578.797 598.32 606.667 619.431 617.796 626.446 626.121 617.02 633.702 627.201 643.376 652.038 647.192 641.75 631.84 628.181 647.601 633.425 636.592 610.202 594.414 518.718 314.027 216.082 216.571 206.694 195.65 206.556 208.152 219.411 203.166 199.673 186.437 185.468 197.347 189.088 196.678 194.101 197.889 195.007 192.106 193.593 191.808 0 0 0 0 0 0 
0 0 0 0 0 0 0 193.931 196.885 196.365 193.305 190.232 200.216 215.145 197.129 257.06 454.273 552.039 596.626 607.227 606.493 617.485 622.976 616.376 642.286 618.833 640.162 637.672 619.372 646.398 626.833 631.289 615.771 617.241 610.864 584.694 521.558 322.25 212.501 207.812 208.006 210.144 210.041 201.307 188.83 192.106 195.996 195.473 208.991 197.587 201.001 196.614 191.082 190.266 185.778 194.998 188.128 187.813 0 0 0 0 0 0 0 
0 0 0 0 0 0 0 0 187.654 198.573 195.108 199.347 195.839 190.425 206.164 197.403 204.556 368.994 493.509 562.586 600 601.877 605.356 599.31 631.789 605.541 635.652 616.924 619.624 624.055 611.587 607.472 588.91 598.301 548.694 430.933 293.586 201.478 216.18 203.11 193.507 175.264 188.813 202.583 211.017 208.705 215.382 197.939 194.14 196.103 186.394 193.579 184.311 186.847 186.285 179.229 181.414 0 0 0 0 0 0 0 0 
0 0 0 0 0 0 0 0 195.542 192.047 194.342 191.71 189.697 189.975 196.283 206.793 206.208 188.548 270.761 364.956 444.44 534.415 577.128 581.063 613.168 590.079 624.339 584.831 603.451 580.429 602.197 574.204 569.625 450.928 320.263 226.378 192.617 203.227 212.175 201.351 213.156 205.966 194.439 190.381 173.807 177.615 184.04 190.45 182.208 186.039 185.016 188.336 191.269 185.78 187.273 183.821 186.062 0 0 0 0 0 0 0 0 
0 0 0 0 0 0 0 0 0 184.38 202.275 209.387 201.558 192.872 210.725 209.709 209.338 216.651 199.248 211.45 274.006 283.768 358.034 416.772 494.981 487.714 538.941 526.837 536.935 494.87 450.278 357.12 285.284 194.893 189.072 167.527 169.797 176.78 176.541 174.704 178.641 183.812 180.573 189.801 183.199 184.444 178.55 183.781 178.67 178.914 182.063 175.093 184.811 174.845 173.867 180.184 0 0 0 0 0 0 0 0 0 
0 0 0 0 0 0 0 0 0 0 207.002 207.158 211.259 214.677 219.904 214.191 220.146 229.733 238.329 230.38 248.848 267.646 287.304 244.111 334.432 332.992 336.837 278.04 254.118 218.13 168.674 164.864 149.825 176.675 166.813 159.055 153.624 157.808 147.223 157.933 150.247 158.769 151.317 150.172 156.326 152.449 152.944 151.727 151.547 148.381 152.466 152.383 152.899 164.428 156.988 0 0 0 0 0 0 0 0 0 0 
0 0 0 0 0 0 0 0 0 0 0 198.756 198.626 200.138 205.932 207.975 204.749 206.052 209.935 210.315 204.959 198.392 214.47 228.46 263.95 203.529 176.786 180.43 183.496 179.111 172.493 156.42 148.458 159.368 145.711 176.091 164.693 172.419 166.416 176.294 170.532 172.223 172.696 165.82 171.085 165.764 169.713 167.605 166.927 164.463 163.755 161.745 156.176 160.733 0 0 0 0 0 0 0 0 0 0 0 
0 0 0 0 0 0 0 0 0 0 0 0 0 191.849 200.029 204.716 195.082 195.66 199.679 197.707 203.419 199.762 199.055 203.068 247.799 239.631 189.519 178.296 172.152 168.785 196.726 181.429 200.88 179.627 180.935 177.356 166.545 180.179 167.168 166.967 170.549 163.661 177.896 172.266 176.837 176.101 176.055 178.495 180.83 175.195 174.239 177.694 0 0 0 0 0 0 0 0 0 0 0 0 0 
0 0 0 0 0 0 0 0 0 0 0 0 0 0 191.85 199.684 197.602 199.024 196.497 195.678 198.982 190.384 195.568 208.641 233.531 237.886 181.12 193.911 187.616 188.559 179.297 174.26 175.74 184.98 188.187 184.883 185.218 181.326 180.879 171.441 179.204 166.116 180.977 171.509 170.798 174.281 179.052 175.103 173.039 171.87 184.209 0 0 0 0 0 0 0 0 0 0 0 0 0 0 
0 0 0 0 0 0 0 0 0 0 0 0 0 0 0 190.126 186.181 201.299 190.128 201.796 196.257 187.561 194.46 208.117 238.55 221.141 182.645 186.515 190.967 190.631 185.446 180.135 181.381 188.826 174.587 176.584 187.05 181.921 189.603 180.914 185.826 177.418 181.501 176.805 179.492 180.977 175.153 173.742 184.739 182.283 0 0 0 0 0 0 0 0 0 0 0 0 0 0 0 
0 0 0 0 0 0 0 0 0 0 0 0 0 0 0 0 0 186.69 186.115 195.877 194.59 192.911 195.907 209.16 245.826 206.642 180.652 181.567 197.6 190.078 184.73 178.772 188.879 186.721 185.414 183.214 180.444 177.613 183.875 183.647 184.954 189.657 183.612 185.875 175.25 180.226 187.797 183.764 0 0 0 0 0 0 0 0 0 0 0 0 0 0 0 0 0 
0 0 0 0 0 0 0 0 0 0 0 0 0 0 0 0 0 0 0 186.401 186.241 191.993 194.837 213.857 259.459 202.972 181.357 182.649 187.679 189.848 181.934 187.642 180.521 186.306 183.055 182.388 183.913 185.042 185.352 184.832 174.034 190.32 175.441 195.173 185.773 186.817 0 0 0 0 0 0 0 0 0 0 0 0 0 0 0 0 0 0 0 
0 0 0 0 0 0 0 0 0 0 0 0 0 0 0 0 0 0 0 0 0 191.229 174.411 217.665 265.046 189.784 194.743 197.739 188.83 186.754 189.664 187.105 190.878 192.261 183.555 185.079 181.549 185.026 183.518 183.565 182.392 194.3 188.065 186.854 0 0 0 0 0 0 0 0 0 0 0 0 0 0 0 0 0 0 0 0 0 
0 0 0 0 0 0 0 0 0 0 0 0 0 0 0 0 0 0 0 0 0 0 0 0 0 175.059 192.71 189.201 185.704 190.681 180.064 193.622 187.113 191.25 192.433 191.254 189.683 190.362 197.485 194.513 0 0 0 0 0 0 0 0 0 0 0 0 0 0 0 0 0 0 0 0 0 0 0 0 0 
0 0 0 0 0 0 0 0 0 0 0 0 0 0 0 0 0 0 0 0 0 0 0 0 0 0 0 0 0 0 0 0 0 0 0 0 0 0 0 0 0 0 0 0 0 0 0 0 0 0 0 0 0 0 0 0 0 0 0 0 0 0 0 0 0 
