0 0 0 0 0 0 0 0 0 0 0 0 0 0 0 0 0 0 0 0 0 0 0 0 0 0 0 0 0 0 0 0 0 0 0 0 0 0 0 0 0 0 0 0 0 0 0 0 0 0 0 0 0 0 0 0 0 0 0 0 0 0 0 0 0 
0 0 0 0 0 0 0 0 0 0 0 0 0 0 0 0 0 0 0 0 0 0 0 0 0 184.876 185.846 194.482 192.179 189.879 191 187.864 190.014 193.643 187.954 185.93 179.198 183.958 189.032 187.017 0 0 0 0 0 0 0 0 0 0 0 0 0 0 0 0 0 0 0 0 0 0 0 0 0 
0 0 0 0 0 0 0 0 0 0 0 0 0 0 0 0 0 0 0 0 0 185.427 188.995 195.733 194.133 195.619 196.507 192.087 192.247 191.511 192.273 195.019 196.482 194.64 190.605 183.157 184.725 194.115 195.072 186.109 185.708 184.179 175.979 181.152 0 0 0 0 0 0 0 0 0 0 0 0 0 0 0 0 0 0 0 0 0 
0 0 0 0 0 0 0 0 0 0 0 0 0 0 0 0 0 0 0 187.351 200.622 194.452 189.648 193.408 192.512 202.057 199.692 194.393 194.514 195.366 199.416 198.417 196.982 195.211 187.849 186.003 195.088 198.784 193.333 187.891 189.537 182.558 180.365 190.771 186.591 182.977 0 0 0 0 0 0 0 0 0 0 0 0 0 0 0 0 0 0 0 
0 0 0 0 0 0 0 0 0 0 0 0 0 0 0 0 0 192.335 195.965 193.149 197.741 194.486 193.72 196.706 202.682 203.215 196.851 196.54 190.812 202.696 205.683 197.905 198.673 195.131 188.394 198.457 201.473 195.804 194.058 190.39 187.987 188.439 194.959 195.114 187.57 184.688 183.196 177.543 0 0 0 0 0 0 0 0 0 0 0 0 0 0 0 0 0 
0 0 0 0 0 0 0 0 0 0 0 0 0 0 0 188.935 198.358 196.305 194.782 206.263 197.72 197.064 193.258 198.149 213.284 205.87 200.925 196.847 193.029 206.901 202.819 197.586 199.415 196.015 202.014 201.571 201.13 198.892 197.846 189.999 191.112 197.109 197.885 193.743 190.725 188.38 181.113 180.643 178.092 180.029 0 0 0 0 0 0 0 0 0 0 0 0 0 0 0 
0 0 0 0 0 0 0 0 0 0 0 0 0 0 198.117 198.419 196.012 198.905 198.821 204.664 198.48 200.519 198.695 199.699 211.921 203.044 202.891 198.074 204.638 209.063 205.098 199.035 204.427 202.187 206.113 199.641 196.139 200.014 204.447 200.636 198.923 195.492 197.321 195.893 194.214 184.213 188.395 187.874 186.735 186.067 182.425 0 0 0 0 0 0 0 0 0 0 0 0 0 0 
0 0 0 0 0 0 0 0 0 0 0 0 0 200.199 202.558 197.638 203.223 196.791 200.86 210.766 203.571 198.34 201.519 207.79 206.188 201.473 206.84 202.929 208.272 204.719 198.323 205.039 208.715 204.659 204.946 199.069 196.057 206.803 202.936 201.664 199.1 199.84 199.454 193.247 194.811 192.69 196.628 186.929 192.684 186.261 181.185 179.702 0 0 0 0 0 0 0 0 0 0 0 0 0 
0 0 0 0 0 0 0 0 0 0 0 193.074 199.821 196.285 207.237 199.962 202.71 200.058 208.087 206.278 204.225 199.112 209.8 209.809 200.925 202.044 216.661 203.04 206.615 200.296 203.449 217.865 204.309 207.365 199.158 199.18 210.706 206.649 201.176 206.018 192.857 198.034 206.897 197.264 201.927 197.397 192.883 193.038 192.6 185.614 187.058 182.629 174.477 170.713 0 0 0 0 0 0 0 0 0 0 0 
0 0 0 0 0 0 0 0 0 0 193.143 205.457 195.764 199.848 209.596 201.555 204.833 203.067 214.844 203.494 201.89 203.065 215.281 207.543 194.473 209.045 214.811 200.885 207.999 207.643 215.385 206.875 202.899 204.799 205.516 219.843 207.254 195.677 205.14 201.472 201.512 211.898 204.734 199.151 201.487 199.341 192.704 192.32 190.566 188.337 190.273 182.051 181.724 178.181 181.144 0 0 0 0 0 0 0 0 0 0 
0 0 0 0 0 0 0 0 0 193.767 200.855 206.084 197.748 198.118 210.034 207.009 204.473 207.311 217.822 202.866 206.522 209.641 215.071 206.427 206.191 221.491 208.328 203.17 211.767 217.269 210.966 196.992 208.675 211.304 212.268 214.099 196.968 205.979 205.434 213.567 207.349 205.012 200.058 207.417 199.673 195.495 190.212 199.01 195.929 191.406 195.559 189.156 182.961 185.01 181.972 175.331 0 0 0 0 0 0 0 0 0 
0 0 0 0 0 0 0 0 194.323 206.236 202.436 206.741 205.542 198.31 205.953 203.467 202.533 215.797 212.11 201.256 214.806 208.785 206.061 211.37 220.134 212.157 194.451 224.755 216.874 202.512 198.766 214.293 218.365 206.974 201.36 197.726 208.861 210.806 216.315 207.754 198.116 202.318 203.899 200.303 198.713 196.738 204.684 201.253 194.26 197.198 197.513 187.377 184.507 186.986 180.675 182.585 175.346 0 0 0 0 0 0 0 0 
0 0 0 0 0 0 0 0 203.723 201.434 205.423 205.012 215.782 207.524 207.331 202.646 207.689 215.436 205.781 204.697 221.761 200.73 210.415 223.208 215.932 199.771 218.441 216.925 197.003 216.558 217.258 213.767 199.81 199.435 204.327 215.805 216.8 208.965 203.215 199.705 197.442 207.767 199.927 206.716 209.467 202.076 206.007 197.05 194.802 202.246 193.581 180.677 190.742 188.756 185.491 180.807 170.422 0 0 0 0 0 0 0 0 
0 0 0 0 0 0 0 207.265 209.002 206.103 201.959 203.865 214.708 208.257 211.06 203.127 217.611 214.348 206.888 218.773 211.305 198.482 238.598 202.515 206.534 222.728 205.706 202.908 225.507 225.174 196.669 196.893 217.829 224.705 208.916 205.405 199.088 203.164 206.534 206.577 211.591 210.885 206.772 211.773 204.109 196.472 200.916 196.365 197.163 199.045 184.729 192.672 194.955 185.922 183.114 182.664 175.421 174.314 0 0 0 0 0 0 0 
0 0 0 0 0 0 193.508 199.465 202.141 205.752 211.042 204.895 211.932 209.113 207.05 206.747 222.546 209.989 220.546 233.588 198.804 224.838 212.538 202.149 235.126 201.243 212.23 234.158 221.94 193.193 215.536 228.027 215.664 192.46 188.925 205.562 220.329 217.437 212.725 207.351 204.457 208.006 201.614 202.941 196.04 194.256 198.077 196.909 196.593 200.98 195.504 200.117 189.256 188.585 196.998 184.519 179.556 181.763 175.291 0 0 0 0 0 0 
0 0 0 0 0 200.273 206.638 203.576 212.301 203.345 206.614 205.085 222.714 211.411 193.477 216.788 217.463 202.296 235.972 206.666 225.914 222.52 215.14 235.514 205.725 213.902 216.476 210.714 224.267 223.035 207.752 199.8 204.301 214.226 220.369 221.461 204.96 192.763 198.656 192.955 202.03 204.76 199.426 202.869 200.424 207.018 201.13 203.234 207.997 197.68 193.231 194.386 193.215 193.999 189.527 176.826 178.701 176.803 172.447 171.673 0 0 0 0 0 
0 0 0 0 0 204.689 209.472 204.278 214.496 214.348 210.667 202.96 219.344 220.245 198.12 236.059 210.89 237.939 216.654 222.626 221.641 220.429 230.708 228.154 234.715 207.547 227.345 233.26 189.255 212.111 233.173 218.909 187.937 190.648 188.579 186.326 191.785 203.878 213.226 205.73 208.553 198.689 204.591 201.218 199.458 200.693 199.141 189.911 190.096 191.154 193.044 184.601 183.889 183.753 178.062 180.203 182.622 178.943 171.697 174.556 0 0 0 0 0 
0 0 0 0 199.307 200.687 205.797 204.155 210.895 213.621 208.629 215.883 232.028 208.779 215.974 230.392 213.319 252.547 236.348 257.925 248.549 255.34 258.791 270.202 258.512 286.864 297.05 266.257 250.633 251.787 212.086 190.759 203.952 208.827 184.784 193.487 201.492 195.691 196.792 173.76 173.29 183.212 184.703 180.747 197.329 178.919 178.204 178.644 184.838 190.317 177.737 181.776 184.284 182.888 178.306 180.006 174.66 165.34 169.75 164.62 155.861 0 0 0 0 
0 0 0 0 212.902 209.803 208.46 207.769 214.618 212.837 208.359 210.956 235.065 208.11 231.135 206.092 235.016 216.978 237.597 242.667 253.355 278.294 350.232 415.099 436.534 504.452 519.389 511.69 534.678 524.171 473.529 422.429 346.447 257.839 206 205.067 213.005 192.741 187.028 190.006 197.255 200.519 205.072 205.367 209.282 195.73 199.31 199.664 206.263 201.316 198.049 198.76 196.162 194.124 190.054 189.98 181.924 185.041 186.889 175.753 171.963 0 0 0 0 
0 0 0 199.815 206.773 212.272 213.337 215.982 221.172 214.127 206.155 215.69 230.792 209.499 227.446 220.511 229.22 226.358 243.497 336.495 433.143 534.541 598.523 602.185 621.648 629.09 620.265 621.799 631.325 615.11 626.292 627.513 602.271 540.296 437.862 318.952 227.453 225.171 250.327 263.6 248.526 231.245 210.336 212.73 217.838 212.212 209.16 215.992 223.914 206.517 207.45 204.473 206.635 204.548 198.661 201.462 203.037 207.547 197.666 188.861 188.891 185.722 0 0 0 
0 0 0 211.485 205.55 205.874 202.275 202.961 215.991 220.996 210.935 224.757 219.387 242.084 214.931 231.763 241.719 335.524 467.857 586.475 601.434 631.068 634.09 629.635 640.956 652.342 636.902 651.617 646.641 620.441 653.551 632.292 621.542 627.964 604.59 558.667 440.785 298.28 230.31 217.2 214.952 211.953 225.626 238.47 241.384 224.61 220.796 225.405 226.382 210.676 209.56 212.487 221.614 214.182 214.199 208.25 211.718 200.633 190.778 192.743 191.708 185.979 0 0 0 
0 0 204.333 205.662 204.793 210.165 214.235 214.881 223.182 215.843 203.719 233.748 211.881 239.977 217.455 263.01 424.314 567.497 625.366 641.948 622.056 640.69 655.553 640.719 655.239 651.203 658.665 667.452 636.595 658.264 641.441 643.752 666.943 653.338 610.11 616.691 614.89 502.612 317.629 258.607 269.423 218.957 217.409 229.052 233.042 217.824 221.25 231.643 230.266 218.644 217.378 226.403 221.79 207.605 203.509 209.624 206.15 198.722 195.728 197.195 193.626 194.75 189.871 0 0 
0 0 209.399 211.344 209.159 211.776 212.684 206.543 220.734 215.731 213.116 234.326 226.856 234.143 309.463 485.594 616.5 619.302 633.97 643.153 635.368 649.882 650.858 636.103 676.703 638.307 663.983 646.669 675.53 659.949 648.522 679.324 643.566 656.269 664.649 664.518 646.987 620.324 569.049 387.171 254.484 250.289 251.055 228.943 223.418 208.498 216.686 225.871 217.659 208.54 220.334 227.311 219.879 215.014 219.857 223.737 218.818 216.056 214.26 206.484 204.773 198.46 183.632 0 0 
0 0 214.717 209.241 208.054 211.253 209.385 206.097 225.398 213.068 218.219 228.391 228.224 312.333 503.735 619.26 633.072 634.112 662.394 652.952 641.082 669.871 642.366 665.771 646.218 649.734 612.212 605.641 614.496 632.714 646.837 642.262 663.267 684.481 654.221 636.37 653.718 637.924 629.936 577.415 388.568 210.209 220.175 243.906 245.686 233.176 231.021 228.284 215.055 218.049 228.937 232.471 215.383 216.574 217.195 213.056 208.121 199.698 198.218 200.706 201.146 193.254 190.716 0 0 
0 0 207.3 208.477 212.97 209.264 209.493 209.09 223.681 207.544 231.22 207.405 302.607 513.943 602.304 636.397 632.678 652.275 656.051 666.209 651.429 677.735 621.454 639.516 587.1 615.46 606.377 608.202 607.525 627.071 608.029 625.467 637.642 643.151 680.957 687.547 675.013 640.222 629.635 630.956 535.583 418.932 220.719 213.949 246.286 240.154 232.702 233.037 219.515 218.988 221.994 209.591 205.397 209.695 211.763 211.831 208.539 207.914 207.995 205.265 198.171 194.098 191.971 0 0 
0 203.958 212.733 215.228 219.861 215.371 218.575 211.493 239.553 216.04 246.384 264.054 474.189 627.645 618.393 651.621 630.271 647.979 651.706 640.532 611.802 631.92 602.126 623.044 640.754 629.255 635.973 653.539 656.274 661.426 662.305 630.124 656.379 641.361 625.532 664.558 675.993 662.271 680.15 671.404 635.749 538.35 382.663 184.814 243.568 222.604 208.18 226.98 227.635 231.028 233.826 216.567 217.264 220.45 221.878 213.91 212.27 213.46 215.317 208.001 203.017 202.883 197.166 193.405 0 
0 215.392 211.252 212.951 210.621 210.042 216.682 203.051 228.487 201.231 243.571 392.589 583.969 629.399 627.933 663.98 643.523 654.703 656.763 616.184 605.723 618.202 644.723 627.197 643.299 645.2 644.796 644.393 651.541 655.727 656.684 648.726 656.89 678.712 626.53 654.538 702.541 649.999 668.53 637.602 627.106 602.206 484.309 263.507 260.355 232.17 222.383 254.931 227.303 230.963 228.895 226.858 229.3 232.494 226.964 212.52 220.433 214.895 215.514 206.671 205.869 204.758 200.457 200.319 0 
0 210.541 205.861 215.582 219.257 221.458 218.491 203.592 245.896 207.918 322.093 548.23 614.934 642.657 632.192 656.99 652.019 627.256 597.084 602.669 628.15 609.718 613.342 595.637 595.961 595.66 599.626 604.931 625.612 679.11 700.229 677.29 656.06 693.345 658.427 629.43 686.396 674.126 698.636 686.301 682.471 658.676 577.831 413.726 256.687 244.524 237.183 258.64 228.788 241.874 241.199 234.779 239.57 238.23 224.479 231.268 221.875 225.066 216.993 212.393 210.247 208.085 208.07 203.121 0 
0 211.728 213.487 219.209 219.307 217.52 222.468 204.471 245.012 230.114 443.605 608.391 617.005 661.474 643.099 670.598 649.233 597.874 630.182 628.613 641.091 619.635 630.902 601.571 522.686 432.885 367.218 333.129 340.666 375.342 493.868 629.874 635.671 659.996 658.898 642.852 629.844 681.295 669.326 654.672 675.101 643.985 631.092 524.504 245.431 257.949 238.307 229.558 199.973 234.468 220.477 219.576 225.554 217.226 215.334 219.736 226.637 223.543 214.12 209.938 208.345 207.199 201.628 190.606 0 
0 211.245 210.496 211.684 218.841 221.574 219.423 200.395 238.437 293.749 552.89 626.443 630.695 661.891 645.91 659.067 632.172 614.913 660.171 633.713 652.52 636.742 543.875 377.624 256.879 225.114 210.867 208.871 207.343 197.308 204.622 330.648 527.114 616.368 660.949 629.379 612.952 595.327 628.346 643.293 630.456 632.571 620.292 582.381 340.685 246.926 236.46 215.894 212.537 233.534 205.456 214.74 213.374 204.757 208.109 217.243 209.401 198.24 200.272 202.509 203.321 195.472 183.52 182.788 0 
0 214.519 203.475 213.06 217.909 214.264 221.123 211.293 255.215 386.678 606.908 635.403 652.49 668.927 660.637 650.941 616.106 632.761 647.988 640.344 652.301 496.711 285.341 211.195 212.736 212.819 209.238 209.138 201.123 202.962 209.761 202.035 304.928 484.725 679.726 587.099 637.265 633.712 607.064 682.99 627.087 653.793 605.45 598.078 444.774 237.165 218.794 203.268 236.084 210.024 202.034 216.259 211.009 209.609 211.794 207.191 206.03 205.796 204.019 201.518 195.412 190.645 190.26 188.702 0 
0 216.403 214.614 214.167 211.976 225.793 238.012 214.24 268.948 472.126 625.995 634.368 642.422 652.812 662.109 618.434 625.494 657.593 640.755 652.905 537.418 275.198 212.559 213.157 212.251 208.969 210.934 209.863 199.886 201.787 193.606 185.357 235.228 311.521 554.862 670.161 613.016 609.112 583.663 645.01 673.346 652.659 631.212 626.241 530.068 272.948 232.657 215.95 239.861 192.18 211.271 212.019 201.619 208.652 209.98 198.055 197.982 197.68 200.224 196.896 195.171 191.003 188.457 188.536 0 
0 220.82 216.236 217.388 215.005 214.187 223.317 207.788 295.392 539.798 619.189 633.429 651.314 668.21 661.457 619.168 646.363 667.621 623.991 625.034 348.954 208.645 217.557 209.932 217.024 213.085 215.783 208.608 202.21 208.148 191.18 171.182 193.4 247.699 386.503 596.159 639.812 639.581 626.556 591.263 648.675 626.424 653.332 612.952 575.504 336.557 235.734 203.652 211.517 199.806 236.153 208.792 207.711 213.425 200.901 198.646 204.08 206.283 207.519 196.454 193.897 188.909 185.286 185.53 0 
0 209.665 205.014 215.319 210.143 213.811 232.626 218.958 330.132 576.893 629.241 643.122 653.677 658.485 648.228 604.875 640.164 658.954 623.219 526.617 228.567 210.452 208.969 206.174 208.357 206.932 204.646 203.649 197.515 198.42 195.039 164.754 159.107 200.235 290.304 552.013 592.027 627.76 642.995 631.921 623.083 664.869 620.66 607.704 599.473 401.727 230.896 217.377 208.553 224.682 217.141 202.384 214.966 205.44 203.059 206.947 209.174 202.909 197.522 196.107 195.853 195.56 195.445 189.552 0 
0 209.123 211.451 213.513 211.84 217.877 223.615 228.509 365.327 601.748 626.262 641.378 654.875 659.68 634.145 607.167 636.738 659.742 628.166 423.743 203.509 212.146 205.067 208.425 208.82 211.896 206.977 208.845 200.275 193.123 199.923 185.03 182.59 202.378 217.458 470.135 615.251 609.655 635.43 621.726 644.633 645.1 638.936 636.03 594.619 427.986 217.06 239.579 210.748 231.495 193.526 209.631 216.615 206.386 210.197 214.297 201.212 197.962 199.304 197.785 198.93 194.411 187.92 182.698 0 
0 216.265 211.652 215.799 222.056 217.924 213.315 241.098 372.438 613.138 635.864 648.06 643.026 655.356 626.392 612.032 649.266 648.058 634.419 358.773 202.905 208.064 209.269 210.149 208.799 208.398 206.911 210.841 201.892 201.187 195.013 199.619 196.561 204.315 195.387 388.642 626.934 616.895 612.849 610.553 642.057 640.753 665.44 619.011 608.9 465.272 241.519 219.92 209.237 201.499 206.729 231.638 208.087 205.824 208.333 204.45 201.21 207.464 202.142 200.001 194.439 186.912 186.862 185.419 0 
0 218.066 213.216 216.548 209.359 207.589 207.555 248.341 380.597 625.333 639.971 649.637 649.979 648.241 619.729 613.715 657.076 626.622 662.888 330.483 208.873 208.36 210.844 212.438 209.417 209.687 208.878 203.998 204.637 200.512 190.556 196.191 198.989 199.334 193.234 360.929 618.832 621.917 625.865 595.017 639.468 648.197 626.213 637.96 626.356 473.962 244.836 198.099 224.622 202.735 227.63 198.89 201.652 221.568 212.587 196.857 195.369 199.622 204.549 203.525 197.386 192.161 191.836 188.735 0 
0 207.364 202.057 208.008 208.503 214.599 217.295 240.486 378.037 608.741 632.712 666.041 661.328 641.677 618.875 616.49 650.531 626.845 656.646 369.229 205.327 209.483 204.812 209.002 205.107 209.358 208.202 200.776 205.459 207.147 199.395 198.748 197.411 201.163 200.194 390.807 621.047 632.614 620.733 628.39 629.06 629.315 657.074 632.242 605.794 464.488 240.079 238.589 213.631 229.474 210.136 201.042 218.016 200.447 197.332 202.619 219.324 214.316 204.452 197.771 197.262 194.416 193.103 189.447 0 
0 212.809 213.481 214.692 219.717 223.1 213.932 210.218 377.397 597.871 626.816 648.226 665.01 665.747 612.124 599.6 649.073 635.011 641.114 463.942 197.275 214.378 205.231 209.4 209.113 207.703 208.146 206.814 205.029 204.039 202.215 204.278 203.683 210.423 216.344 455.069 619.282 630.543 627.839 615.698 651.553 646.965 619.935 624.28 619.458 458.82 245.957 233.834 206.089 214.351 197.564 221.671 212.911 208.718 214.315 215.218 209.1 198.775 197.734 198.873 194.556 193.303 194.343 190.503 0 
0 215.45 217.142 218.79 220.123 212.022 218.896 210.686 360.794 569.813 622.069 636.85 658.042 669.727 622.319 573.171 652.118 638.598 627.318 565.5 260.039 207.54 208.102 200.659 210.492 208.573 208.383 207.35 203.808 207.643 207.185 199.76 209.209 209.394 250.468 535.006 620.765 627.383 626.712 621.304 634.922 644.547 647.674 622.219 599.229 416.374 226.279 205.736 226.581 204.496 233.626 218.529 202.316 210.433 215.079 203.771 199.17 198.011 198.411 197.5 200.647 197.022 193.574 185.834 0 
0 0 215.296 212.901 213.478 212.606 224.103 213.092 309.961 551.995 627.029 653.179 643.301 664.971 663.617 547.064 629.95 656.488 646.732 612.39 412.224 198.009 217.243 205.108 206.645 209.229 207.009 208.433 201.821 202.533 208.22 204.772 210.879 208.603 372.077 606.851 619.801 627.76 615.628 614.063 658.969 648.62 627.684 598.447 574.478 366.373 227.882 242.066 207.405 226.802 210.736 200.161 214.89 217.333 202.55 199.342 201.08 203.918 207.102 203.291 195.976 182.887 183.917 0 0 
0 0 205.503 208.896 215.953 230.399 220.228 218.774 226.893 506.003 623.925 642.696 656.847 653.497 676.361 610.821 589.005 651.062 642.123 644.659 564.274 323.078 199.477 216.802 210.064 202.478 207.428 207.93 206.307 202.649 206.558 210.502 205.495 284.58 543.021 618.496 619.146 624.085 625.257 620.483 635.495 642.845 637.754 620.502 560.338 310.495 221.551 220.292 230.228 208.945 200.423 218.648 213.91 204.103 201.405 206.776 205.682 207.087 200.899 192.932 191.407 192.529 187.637 0 0 
0 0 210.988 208.975 212.469 215.917 213.374 229.217 214.782 419.212 594.432 618.592 654.005 650.207 660.738 664.581 607.525 628.323 661.004 639.711 644.286 539.33 331.789 202.794 208.594 208.51 207.811 203.127 207.812 206.87 211.461 206.968 270.868 485.406 625.751 610.631 624.377 604.556 617.246 667.981 657.675 651.148 619.405 603.685 500.872 256.336 203.666 216.99 207.101 204.476 222.843 207.156 198.505 200.99 209.273 214.622 208.363 202.271 201.054 203.911 196.675 195.443 192.799 0 0 
0 0 214.449 216.183 208.736 209.239 208.43 223.086 220.642 293.457 583.65 622.161 641.18 642.477 658.524 644.586 663.125 574.241 645.603 641.798 653.416 630.053 595.691 436.132 277.515 237.219 213.345 207.453 206.581 204.145 217.183 307.443 497.433 622.443 622.989 631.389 631.205 598.943 621.426 640.072 624.017 630.293 616.177 602.213 406.359 230.12 232.655 221.027 233.046 242.916 210.836 206.963 216.811 224.226 220.034 205.838 205.985 204.252 198.045 200.416 201.007 202.194 196.956 0 0 
0 0 0 213.782 212.975 213.269 211.909 223.425 225.584 229.471 468.076 614.265 631.673 646.951 658.027 638.703 671.089 626.173 594.262 633.26 639.599 622.744 605.509 609.005 566.127 456.478 394.308 364.282 343.266 385.917 491.378 617.173 667.571 658.38 649.954 643.382 622.566 639.575 660.226 671.806 662.319 647.029 628.47 561.701 319.033 243.675 224.831 234.646 231.202 205.687 222.03 232.926 225.931 212.711 209.841 211.851 213.393 214.95 216.949 213.511 206.164 204.715 0 0 0 
0 0 0 210.932 212.532 215.026 213.278 204.984 202.254 225.398 290.709 562.511 608.178 627.769 637.943 642.954 627.197 656.145 600.134 580.274 628.061 621.705 602.904 595.881 595.721 614.855 590.424 583.948 649.41 683.12 682.246 673.578 656.167 673.155 673.633 650.484 659.805 687.656 677.824 677.512 673.328 652.093 633.777 463.714 263.418 242.283 250.436 241.277 225.449 246.299 238.993 226.018 223.001 227.89 226.6 230.095 231.999 224.369 221.532 213.932 211.747 206.157 0 0 0 
0 0 0 0 219.091 210.855 215.777 214.631 206.722 226.602 221.021 431.249 616.746 613.816 636.784 654.455 640.226 661.277 677.394 603.318 600.814 631.206 631.657 643.881 634.707 633.834 656.966 666.001 636.647 626.461 658.314 676.249 672.837 659.686 615.083 614.828 652.281 652.833 656.958 660.834 646.88 631.51 545.544 311.979 238.602 253.227 216.877 243.395 254.567 227.169 218.556 218.826 228.255 234.55 230.238 223.441 216.07 214.639 210.315 208.676 208.476 0 0 0 0 
0 0 0 0 219.378 215.392 215.39 218.44 224.047 227.837 218.591 264.697 527.319 612.518 627.664 651.414 639.269 647.047 664.836 668.08 619.597 615.116 608.622 616.939 632.314 638.088 633.927 638.608 655.001 660.737 643.523 629.508 628.248 631.206 655.185 672.827 675.428 659.063 654.925 636.444 624.721 592.623 398.761 252.779 234.799 238.789 242.132 221.06 211.778 227.85 231.391 230.511 225.656 217.843 218.603 213.839 212.152 211.22 207.513 207.69 204.558 0 0 0 0 
0 0 0 0 0 211.026 208.784 220.032 214.431 210.389 213.215 214.533 290.415 546.354 613.685 628.403 629.499 659.533 665.356 667.878 659.119 648.603 638.009 629.614 628.14 615.605 618.126 617.039 617.759 633.983 634.635 621.308 617.597 637.284 666.237 660.015 664.905 657.548 645.795 630.888 608.062 458.781 255.753 222.96 231.352 224.257 202.559 216.795 231.35 230.768 224.468 216.729 209.125 211.535 212.049 212.524 213.041 208.289 207.087 204.404 0 0 0 0 0 
0 0 0 0 0 201.372 208.157 207.065 201.659 212.42 220.583 227.447 209.532 314.682 572.883 618.778 615.684 639.649 646.814 652.21 656.989 654.658 640.899 643.184 651.506 647.085 630.891 623.366 625.85 644.644 658.314 674.795 663.042 664.108 648.889 642.73 648.877 636.856 622.998 607.882 488.017 301.227 248.946 242.363 218.013 235.792 238.952 234.886 213.421 208.55 212.78 219.105 218.55 219.04 218.117 218.881 217.357 212.213 209.4 204.757 0 0 0 0 0 
0 0 0 0 0 0 219.178 212.919 206.261 213.635 216.848 224.163 218.184 225.927 320.261 529.851 598.884 629.493 634.482 639.776 646.104 667.835 654.668 640.85 646.04 642.179 665.097 669.976 669.27 657.119 656.177 660.635 666.898 677.842 672.822 662.05 637.706 620.491 611.821 492.204 293.122 232.643 234.579 242.485 246.665 227.021 215.612 215.761 225.662 232.308 230.953 224.596 221.5 216.555 213.565 208.583 207.415 210.46 206.937 0 0 0 0 0 0 
0 0 0 0 0 0 0 218.661 205.829 211.912 217.248 206.731 195.893 219.84 220.673 287.244 479.343 579.776 622.147 633.366 634.925 648.011 657.452 642.048 646.14 652.844 654.768 651.665 660.538 657.851 660.52 652.727 651.806 643.955 638.532 638.792 633.987 593.708 459.451 290.121 241.615 245.695 234.74 215.253 216.771 230.649 231.817 234.372 226.412 217.752 217.038 217.661 219.735 214.685 210.473 205.84 203.513 200.191 0 0 0 0 0 0 0 
0 0 0 0 0 0 0 0 207.945 212.464 213.738 215.916 211.981 224.686 227.795 212.653 225.596 401.483 526.468 592.928 623.442 626.791 645.569 632.867 636.462 642.635 643.588 653.543 644.69 647.337 650.852 646.718 644.22 633.997 627.126 608.831 547.861 397.82 257.872 226.637 214.122 225.228 246.882 244.342 238.081 226.645 213.464 214.712 220.361 214.6 211.143 209.431 209.673 210.644 211.943 209.374 205.845 0 0 0 0 0 0 0 0 
0 0 0 0 0 0 0 0 203.563 214.707 217.214 208.18 207.243 213.868 208.257 228.657 218.565 218.693 297.28 399.251 484.604 573.942 616.098 621.69 628.869 632.248 630.064 635.885 629.465 627.847 634.958 626.59 627.893 615.537 568.86 449.294 317.078 236.197 237.664 240.145 237.286 211.859 211.365 199.744 213.408 218.679 217.943 211.248 218.931 220.465 220.575 214.859 213.976 211.203 208.579 207.116 204.52 0 0 0 0 0 0 0 0 
0 0 0 0 0 0 0 0 0 215.685 215.237 204.194 216.191 213.598 211.432 226.059 215.303 223.858 209.071 238.529 289.756 302.569 382.712 478.197 518.74 540.132 566.366 586.227 588.69 598.57 582.715 551.094 499.314 398.345 293.977 226.867 215.04 208.885 213.869 210.544 213.287 223.095 226.237 219.476 221.022 217.526 219.226 212.626 213.96 211.067 210.762 205.808 206.996 205.424 199.722 196.876 0 0 0 0 0 0 0 0 0 
0 0 0 0 0 0 0 0 0 0 223.958 224.166 231.07 233.049 230.429 241.492 241.745 251.079 258.884 254.463 258.27 292.888 298.439 297.693 313.037 367.7 388.16 374.202 364.233 356.907 315.207 268.741 221.389 197.678 198.14 197.375 192.589 186.118 184.724 190.206 176.748 175.935 169.477 176.641 175.236 174.301 172.15 168.292 173.307 175.512 177.016 175.303 173.184 177.268 175.718 0 0 0 0 0 0 0 0 0 0 
0 0 0 0 0 0 0 0 0 0 0 215.089 225.088 212.962 213.964 226.645 223.38 225.205 229.38 229.72 227.78 234.744 251.912 269.904 248.482 233.66 218.96 217.846 227.646 209.774 188.92 171.808 163.308 165.214 171.608 176.388 181.232 183.439 193.285 191.787 191.582 196.719 196.577 194.16 191.598 193.833 192.319 185.228 186.551 185.338 184.56 184.462 178.904 177.759 0 0 0 0 0 0 0 0 0 0 0 
0 0 0 0 0 0 0 0 0 0 0 0 0 214.411 214.854 221.748 218.504 220.839 217.78 222.326 225.331 234.281 213.898 219.1 244.801 234.019 223.031 219.87 211.83 199.867 208.273 221.729 222.495 217.871 208.08 201.178 198.458 190.437 192.403 193.687 185.553 188.231 190.73 194.35 196.445 197.458 195.2 189.782 190.93 191.953 192.762 190.778 0 0 0 0 0 0 0 0 0 0 0 0 0 
0 0 0 0 0 0 0 0 0 0 0 0 0 0 212.999 213.4 213.99 210.188 208.955 217.674 228.698 219.206 211.093 224.698 221.171 215.136 223.775 220.32 213.329 211.531 204.847 203.561 207.018 206.951 205.471 214.118 205.325 209.681 205.722 196.419 201.673 201.699 192.452 196.018 196.518 199.764 200.75 198.176 192.627 187.791 185.68 0 0 0 0 0 0 0 0 0 0 0 0 0 0 
0 0 0 0 0 0 0 0 0 0 0 0 0 0 0 215.173 215.003 213.368 211.452 221.789 212.917 211.806 217.651 223.441 212.774 215.32 224.399 221.952 210.654 219.811 213.186 210.975 208.678 202.879 201.745 202.387 203.152 206.955 208.747 204.424 205.434 204.092 195.964 199.722 199.589 201.128 196.014 195.38 197.284 197.007 0 0 0 0 0 0 0 0 0 0 0 0 0 0 0 
0 0 0 0 0 0 0 0 0 0 0 0 0 0 0 0 0 206.884 210.06 215.807 206.162 215.02 219.986 204.945 215.904 217.877 210.214 215.175 218.234 214.896 213.268 216.893 208.075 208.479 208.855 200.307 205.859 205.451 200.873 202.565 203.578 203.575 203.215 200.679 198.725 200.632 201.789 195.012 0 0 0 0 0 0 0 0 0 0 0 0 0 0 0 0 0 
0 0 0 0 0 0 0 0 0 0 0 0 0 0 0 0 0 0 0 215.601 212.39 207.609 213.355 207.907 216.345 208.345 216.028 218.748 212.294 213.021 217.51 214.867 210.655 212.84 210.249 203.965 209.962 204.961 198.768 204.736 196.479 201.64 197.093 203.606 200.432 200.918 0 0 0 0 0 0 0 0 0 0 0 0 0 0 0 0 0 0 0 
0 0 0 0 0 0 0 0 0 0 0 0 0 0 0 0 0 0 0 0 0 211.983 211.374 213.233 206.766 209.419 218.686 210.557 203.719 207.375 208.234 208.951 210.501 205.213 204.059 201.543 207.028 209.775 201.362 202.499 205.039 195.436 198.907 195.895 0 0 0 0 0 0 0 0 0 0 0 0 0 0 0 0 0 0 0 0 0 
0 0 0 0 0 0 0 0 0 0 0 0 0 0 0 0 0 0 0 0 0 0 0 0 0 214.753 213.24 212.92 213.84 203.776 206.373 213.217 213.583 207.064 204.184 201.87 206.838 204.167 201.4 201.909 0 0 0 0 0 0 0 0 0 0 0 0 0 0 0 0 0 0 0 0 0 0 0 0 0 
0 0 0 0 0 0 0 0 0 0 0 0 0 0 0 0 0 0 0 0 0 0 0 0 0 0 0 0 0 0 0 0 0 0 0 0 0 0 0 0 0 0 0 0 0 0 0 0 0 0 0 0 0 0 0 0 0 0 0 0 0 0 0 0 0 
