0 0 0 0 0 0 0 0 0 0 0 0 0 0 0 0 0 0 0 0 0 0 0 0 0 0 0 0 0 0 0 0 0 0 0 0 0 0 0 0 0 0 0 0 0 0 0 0 0 0 0 0 0 0 0 0 0 0 0 0 0 0 0 0 0 
0 0 0 0 0 0 0 0 0 0 0 0 0 0 0 0 0 0 0 0 0 0 0 0 0 219.29 224.682 226.891 231.601 222.049 221.349 223.159 221.231 223.512 219.893 221.909 216.726 218.939 211.822 215.615 0 0 0 0 0 0 0 0 0 0 0 0 0 0 0 0 0 0 0 0 0 0 0 0 0 
0 0 0 0 0 0 0 0 0 0 0 0 0 0 0 0 0 0 0 0 0 216.905 224.797 226.854 223.54 228.453 227.74 229.403 228.349 224.767 224.648 229.142 227.603 230.235 227.391 225.083 225.748 222.26 221.255 222.696 216.599 215.469 202.568 212.453 0 0 0 0 0 0 0 0 0 0 0 0 0 0 0 0 0 0 0 0 0 
0 0 0 0 0 0 0 0 0 0 0 0 0 0 0 0 0 0 0 218.795 228.362 226.02 227.335 228.762 229.424 237.331 233.492 238.232 229.453 231.811 232.601 233.837 233.552 237.613 230.233 231.573 230.831 229.347 228.773 227.358 226.251 215.235 217.6 218.908 214.052 208.314 0 0 0 0 0 0 0 0 0 0 0 0 0 0 0 0 0 0 0 
0 0 0 0 0 0 0 0 0 0 0 0 0 0 0 0 0 223.391 230.551 233.118 229.561 229.881 231.744 230.251 235.577 240.867 238.821 245.833 230.252 238.539 240.305 235.887 241.759 241.009 230.635 237.209 237.526 234.321 230.661 233.252 223.629 218.997 229.271 221.903 218.423 216.324 217.034 204.87 0 0 0 0 0 0 0 0 0 0 0 0 0 0 0 0 0 
0 0 0 0 0 0 0 0 0 0 0 0 0 0 0 222.293 234.724 233.457 234.081 235.744 234.765 232.008 234.496 232.036 241.203 241.655 243.896 241.527 233.09 238.957 245.576 237.522 245.957 237.587 236.919 241.112 243.362 236.57 238.834 234.519 224.446 230.642 231.57 226.908 224.962 226.627 217.744 212.136 211.117 205.406 0 0 0 0 0 0 0 0 0 0 0 0 0 0 0 
0 0 0 0 0 0 0 0 0 0 0 0 0 0 232.551 235.194 230.977 237.35 239.441 243.682 240.286 231.141 232.406 238.587 244.067 240.065 248.193 243.801 241.455 249.969 250.442 246.246 248.667 236.705 245.019 242.689 244.065 236.451 242.654 232.518 237.83 233.525 233.837 234.757 230.427 226.272 222.954 218.838 217.768 212.225 209.448 0 0 0 0 0 0 0 0 0 0 0 0 0 0 
0 0 0 0 0 0 0 0 0 0 0 0 0 235.455 237.89 236.087 233.021 238.191 243.679 245.666 241.704 234.78 233.47 244.075 243.123 241.16 252.137 247.021 253.657 251.992 247.326 251.648 247.558 243.668 247.433 241.545 247.858 244.102 240.745 236.805 243.144 237.256 244.003 235.853 228.528 232.28 227.673 224.714 223.109 220.199 211.09 210.827 0 0 0 0 0 0 0 0 0 0 0 0 0 
0 0 0 0 0 0 0 0 0 0 0 227.627 238.379 238.45 243.383 238.409 234.588 240.573 242.979 243.971 245.361 239.398 239.424 245.774 242.391 244.677 255.611 249.859 260.653 248.87 252.452 255.683 246.113 249.938 246.777 242.515 250.012 240.989 249.306 247.507 241.711 241.01 246.068 233.537 232.812 236.559 231.549 228.387 228.229 223.948 214.891 220.081 208.516 199.224 0 0 0 0 0 0 0 0 0 0 0 
0 0 0 0 0 0 0 0 0 0 230.399 235.621 239.139 240.86 243.306 247.35 232.639 245.862 241.177 237.31 241.684 241.727 248.766 242.845 242.936 248.538 249.917 253.149 261.311 254.418 260.849 253.03 246.748 248.476 249.202 252.936 253.445 245.242 250.381 245.052 244.804 243.466 246.972 236.18 238.129 238.133 234.024 233.286 234.935 222.875 223.506 221.385 211.801 207.154 206.61 0 0 0 0 0 0 0 0 0 0 
0 0 0 0 0 0 0 0 0 231.293 241.621 236.703 244.441 246.684 240.89 243.915 242.143 249.882 246.322 235.843 236.753 241.728 254.296 246.748 248.837 254.877 243.978 253.739 263.18 263.429 263.056 243.55 247.366 255.662 258.71 261.136 245.827 247.198 250.241 247.757 249.144 246.636 243.882 243.756 242.181 242.996 236.886 240.953 231.068 224.212 232.003 223.849 217.82 215.426 212.791 204.051 0 0 0 0 0 0 0 0 0 
0 0 0 0 0 0 0 0 227.164 244.325 238.091 244.367 243.68 247.604 242.758 240.195 248.187 253.02 244.377 232.009 243.532 238.206 237.992 254.097 252.167 249.833 236.5 261.386 265.084 255.825 259.66 264.103 263.775 257.836 248.607 241.933 245.02 255.684 256.296 260.202 243.295 255.844 243.568 248.295 244.643 244.858 238.301 243.018 228.479 233.271 232.684 226.69 219.95 219.945 221.235 208.015 207.394 0 0 0 0 0 0 0 0 
0 0 0 0 0 0 0 0 240.508 242.13 242.741 247.992 251.807 245.319 241.945 241.334 248.469 252.436 235.106 241.542 251.962 222.039 239.413 256.04 250.392 240.107 252.659 259.968 272.156 280.187 260.411 260.832 248.361 254.38 251.846 254.252 267.986 263.738 259.12 250.979 239.61 251.394 246.004 244.011 246.804 240.027 245.034 242.744 231.412 239.357 230.255 225.582 224.832 228.614 220.742 209.321 207.43 0 0 0 0 0 0 0 0 
0 0 0 0 0 0 0 247.139 241.308 242.276 244.876 246.457 258.088 248.026 238.784 245.102 259.524 240.381 238.846 252.435 226.135 237.262 254.374 235.533 244.902 237.275 241.876 267.383 283.443 272.735 263.485 270.946 275.757 264.861 242.452 241.147 250.579 248.147 247.759 243.249 248.935 255.062 252.193 243.913 246.139 240.848 247.613 238.498 234.732 236.734 230.375 233.019 234.007 227.171 207.576 218.981 209.045 203.668 0 0 0 0 0 0 0 
0 0 0 0 0 0 234.224 239.842 245.952 240.578 244.468 243.56 256.263 250.027 242.043 251.761 254.412 232.924 258.007 222.486 226.178 246.759 236.6 261.722 260.336 277.395 295.34 275.701 290.289 282.879 279.744 269.813 265.862 250.78 255.126 261.979 275.703 260.668 262.614 255.123 255.976 254.937 248.538 239.744 237.633 243.401 245.281 232.87 239.963 236.93 236.589 231.972 226.725 218.954 223.978 218.998 210.577 213.373 199.659 0 0 0 0 0 0 
0 0 0 0 0 234.855 241.641 242.563 247.083 243.41 243.634 246.171 258.421 242.391 246.632 268.504 241.336 257.031 226.799 238.471 273.958 299.813 342.094 361.664 374.299 364.999 353.856 312.159 276.004 273.826 268.251 276.017 259.896 253.262 250.129 237.844 243.11 239.404 248.582 239.711 249.503 250.018 241.145 239.98 241.779 249.621 239.838 240.696 248.684 229.268 228.709 233.146 233.629 224.591 223.83 213.394 221.572 210.07 203.671 200.639 0 0 0 0 0 
0 0 0 0 0 251.443 249.535 257.487 259.349 256.76 255.329 269.461 268.709 256.894 277.015 267.934 279.899 272.269 282.65 343.894 382.145 428.922 446.349 479.105 474.798 477.722 483.182 475.715 441.371 426.034 394.999 327.407 271.037 261.519 256.941 249.616 262.114 260.265 254.063 245.296 246.625 239.986 238.004 237.964 234.376 247.567 242.94 233.264 225.498 226.037 236.096 234.597 224.159 224.415 218.763 227.336 223.622 214.288 208.522 200.554 0 0 0 0 0 
0 0 0 0 247.988 250.572 251.243 262.061 258.214 254.025 254.468 276.804 269.901 264.296 296.233 251.084 285.499 301.675 381.329 441.667 495.343 546.744 572.622 598.461 596.139 604.256 613.222 603.176 596.417 616.819 618.332 579.805 527.199 425.076 323.403 267.154 253.654 264.409 259.095 250.718 260.369 267.409 262.037 264.984 271.288 259.549 255.411 250.995 249.119 257.667 257.222 247.369 246.382 238.822 241.51 238.938 226.116 221.134 217.656 214.667 208.29 0 0 0 0 
0 0 0 0 261.242 257.974 256.163 267.689 263.719 260.222 257.01 285.989 262.533 297.334 274.301 286.24 328.753 450.352 541.153 612.556 625.047 638.813 648.594 647.784 631.016 643.54 643.112 628.78 641.409 646.792 634.952 645.496 658.266 629.008 558.025 457.343 346.78 293.171 273.066 263.952 262.893 258.781 253.504 253.82 254.68 254.105 256.339 251.334 251.555 258.876 257.285 254.795 243.954 243.108 246.018 236.582 234.106 229.703 228.808 225.335 215.202 0 0 0 0 
0 0 0 249.719 252.336 259.677 259.438 271.892 272.655 257.463 266.752 284.156 259.966 292.259 281.015 369.717 510.781 606.733 638.42 656.664 650.424 659.804 675.642 660.033 661.968 677.491 665.4 661.137 681.826 660.16 668.965 671.725 654 647.14 651.188 647.309 562.86 389.786 272.523 260.352 285.112 283.542 261.433 261.841 258.432 263.464 259.1 258.171 257.45 258.891 251.772 243.592 235.949 248.009 248.416 240.195 236.197 237.542 234.032 225.091 220.165 214.235 0 0 0 
0 0 0 258.373 250.169 253.634 257.864 261.991 269.682 254.561 281.81 267.278 281.227 280.192 411.063 558.68 628.511 654.023 656.454 670.498 669.741 687.298 696.561 683.562 684.548 689.648 673.477 701.192 700.104 679.035 708.618 684.3 668.027 690.025 672.298 655.443 668.358 618.897 454.936 313.477 262.739 241.406 252.787 278.402 277.337 276.259 268.558 260.734 261.788 254.096 253.681 246.009 255.627 253.083 251.571 244.617 239.813 239.444 232.756 230.398 226.378 220.7 0 0 0 
0 0 249.15 254.494 256.993 255.993 261.104 270.443 274.384 249.065 289.578 247.737 301.664 402.723 583.002 644.244 645.634 666.825 680.806 687.339 683.059 698.634 716.531 689.696 708.967 686.552 695.291 715.822 693.484 721.568 701.23 707.001 718.247 701.21 668.124 678.677 687.953 678.628 625.268 473.092 303.27 289.664 290.863 262.564 261.574 257.113 260.011 263.431 265.728 267.264 260.528 261.39 258.411 261.207 252.028 239.466 247.47 243.436 241.87 234.541 228.891 225.674 218.009 0 0 
0 0 257.446 256.327 263.148 259.811 254.576 268.28 268.934 247.57 288.339 269.304 407.348 592.787 653.13 664.405 664.994 682.601 689.772 703.747 692.149 708.564 707.373 699.509 726.869 679.796 712.322 693.137 721 712.914 701.551 734.879 716.651 722.172 719.685 702.166 689.819 673.968 676.436 655.895 509.398 286.654 268.283 288.685 266.109 253.651 267.337 263.297 258.03 264.864 261.616 263.832 263.429 264.489 253.303 254.493 246.277 250.47 241.124 233.997 231.032 225.504 218.591 0 0 
0 0 263.734 258.852 257.899 259.541 255.577 268.516 265.142 261.702 270.011 369.159 570.146 650.022 656.705 680.874 687.584 696.684 707.112 719.544 693.636 721.901 693.678 717.124 704.712 708.745 687.436 684.855 689.831 704.818 717.325 695.498 730.539 744.468 713.13 690.691 708.218 695.543 676.006 672.004 613.116 480.222 315.886 254.509 264.211 283.249 286.329 260.118 260.695 263.832 265.788 260.218 265.619 257.484 245.519 246.407 251.237 247.946 239.378 238.448 234.622 230.4 223.881 0 0 
0 0 259.017 265.442 260.76 260.98 253.51 270.421 254.635 271.293 305.613 533.945 648.902 658.804 669.024 690.534 690.394 700.863 711.004 727.958 697.175 729.034 693.227 715.771 673.59 700.869 686.21 685.72 678.36 693.318 684.824 700.963 705.949 698.481 726.484 729.028 715.235 675.042 675.923 677.096 656.888 605.1 472.263 304.001 243.981 280.151 279.945 258.056 259.37 267.487 250.602 250.574 256.189 246.002 248.058 252.674 258.359 245.821 246.829 243.75 235.417 229.753 224.394 0 0 
0 250.286 249.708 259.708 261.749 260.271 254.324 279.179 262.974 296.563 444.063 628.874 659.377 676.868 686.673 701.293 700.554 690.513 709.143 705.185 675.372 718.628 687.498 696.178 699.242 670.5 687.223 703.926 696.06 694.563 704.441 682.256 707.025 704.38 694.504 715.935 740.796 717.355 723.892 709.34 668.595 679.81 556.023 403.789 271.951 274.412 268.943 252.775 275.784 279.682 263.414 266.56 262.631 259.147 260.221 266.215 258.778 245.699 243.462 240.889 239.57 235.886 230.405 224.331 0 
0 250.458 253.002 255.191 258.605 261.836 255.407 281.896 247.771 353.076 576.413 659.715 666.701 689.116 700.414 716.431 709.893 702.314 714.855 694.614 680.512 697.054 699.905 695.209 690.282 684.74 682.281 686.727 705.867 704.049 707.546 707.098 689.729 722.154 704.231 707.437 747.053 708.017 726.148 694.499 674.027 674.59 653.46 498.377 353.458 270.267 288.313 265.329 292.117 271.909 265.961 276.789 276.126 262.6 267.627 265.389 254.061 252.686 251.768 258.933 248.856 237.544 236.488 231.7 0 
0 258.662 257.562 257.958 262.369 265.843 252.065 287.462 249.856 474.136 638.298 659.791 668.706 689.556 699.627 707.123 705.368 689.683 689.863 677.063 685.951 672.241 674.71 663.466 647.616 647.733 640.069 657.219 679.539 729.075 744.617 738.457 713.916 747.97 730.184 686.698 743.803 728.035 763.433 731.126 741.844 699.267 669.801 617.577 442.047 263.357 310.836 277.056 291.813 272.34 275.145 291.818 272.18 276.18 279.454 262.42 258.88 259.922 266.542 255.275 244.986 245.914 243.349 234.422 0 
0 255.268 257.254 264.308 261.774 263.819 248.047 288.389 319.25 578.965 660.37 675.974 681.575 704.8 710.343 711.074 719.335 685.001 693.516 688.599 708.342 672.788 693.116 654.337 569.87 469.809 405.91 385.041 385.632 438.091 565.434 698.409 703.676 713.487 736.279 702.098 704.56 722.36 738.829 721.661 738.556 695.545 680.359 655.667 521.783 279.402 306.867 259.338 280.77 254.776 279.047 270.451 260.332 267.834 260.694 256.08 258.107 263.759 257.612 244.02 248.52 243.617 234.414 225.755 0 
0 250.436 250.134 258.844 262.774 263.2 247.299 284.277 401.459 635.294 661.964 681.641 691.805 703.378 708.541 705.992 710.746 687.298 710.914 702.445 714.538 699.345 615.456 435.401 300.125 249.99 251.267 250.859 251.739 244.88 258.135 388.876 591.801 649.708 711.114 688.779 692.855 657.04 670.267 705.796 692.694 686.833 681.63 643.499 589.02 362.482 292.547 249.435 278.199 251.357 277.227 251.018 256.885 260.192 255.45 250.1 258.288 245.894 234.337 238.834 239.457 226.347 222.659 222.702 0 
0 256.036 253.158 254.083 258.921 263.32 246.383 299.774 486.005 657.749 669.473 690.287 708.758 713.625 711.825 711.699 708.548 702.148 702.801 708.222 706.025 550.519 328.262 255.217 242.913 242.398 247.739 248.017 251.784 248.607 250.355 247.551 374.838 543.026 715.067 635.341 691.025 703.626 674.691 737.633 687.678 709.668 667.018 648.654 620.714 432.144 275.527 254.806 263.793 252.888 261.626 237.073 252.805 256.21 239.526 255.546 256.098 236.036 245.611 239.276 232.466 229.572 225.814 216.653 0 
0 255.34 258.735 258.851 259.335 269.973 253.127 331.639 557.924 662.434 678.452 696.328 709.748 711.297 708.868 699.817 707.149 718.391 694.477 720.524 583.927 319.252 255.747 266.85 247.401 243.163 246.152 250.239 247.879 234.999 239.64 240.354 271.717 395.222 614.479 709.389 670.557 675.494 647.175 688.175 729.413 704.679 681.613 677.146 644.88 502.508 302.186 274.638 251.281 263.146 247.332 250.422 270.345 244.093 252.918 254.372 231.538 237.927 236.761 234.969 239.858 227.811 223.262 229.303 0 
0 258.105 258.141 261.597 258.507 268.835 247.968 352.787 598.466 659.516 675.901 699.33 712.35 722.224 712.303 696.27 703.029 732.066 678.853 682.717 387.958 252.436 266.513 257.013 241.49 246.027 249.817 247.948 251.465 243.594 238.413 212.123 216.246 287.359 463.233 626.252 688.974 702.446 680.891 651.462 710.746 667.863 698.952 667.28 643.699 571.932 335.296 274.17 233.861 271.968 245.995 270.845 249.383 245.543 256.545 233.802 240.384 244.305 247.373 238.364 226.064 224.394 231.42 222.009 0 
0 257.496 252.846 255.912 255.573 269.616 259.946 383.491 625.17 665.152 693.095 702.098 708.118 711.433 706.66 697.351 707.035 730.824 683.074 575.734 269.869 255.168 256.881 251.756 240.776 237.862 248.217 245.371 243.299 236.771 230.839 208.81 193.155 235.239 349.731 606.732 647.216 686.188 679.663 693.473 685.355 706.393 671.666 654.062 655.672 598.8 364.351 273.919 254.915 269.427 254.278 267.625 236.607 253.711 245.514 241.732 244.333 249.01 241.683 225.424 235.132 240.015 229.278 221.61 0 
0 254.107 253.417 254.243 255.58 265.677 274.443 419.281 643.055 660.651 685.896 703.254 712.466 715.852 695.778 693.981 708.087 729.339 688.152 456.693 246.05 263.911 257.255 253.13 242.102 233.865 245.843 249.079 245.045 242.458 231.186 229.247 229.253 243.299 253.707 535.641 675.18 666.441 667.197 686.098 707.265 693.922 685.174 685.741 642.053 606.019 397.574 273.362 277.666 243.151 267.688 236.61 253.723 259.891 246.271 253.55 258.47 247.701 230.427 237.339 241.22 227.875 221.914 218.889 0 
0 255.011 257.705 259.412 255.866 261.883 284.374 430.655 646.521 669.268 686.789 700.636 697.639 704.501 698.03 688.885 713.381 721.75 690.682 376.648 252.107 256.695 253.371 250.302 249.746 238.655 242.583 246.274 243.298 242.871 238.419 235.75 232.39 242.862 241.72 474.346 682.318 669.497 654.187 680.051 684.804 689.095 709.774 665.518 649.781 636.959 435.939 264.744 267.652 242.94 261.505 253.063 270.342 248.743 251.993 262.42 245.135 237.488 241.975 237.898 229.919 229.229 227.059 223.533 0 
0 261.942 263.935 264.735 258.163 245.213 281.851 434.869 658.39 675.378 702.87 703.902 704.409 705.29 699.444 689.573 722.672 704.039 720.944 341.926 253.317 255.577 252.562 252.047 247.536 240.448 241.739 244.519 249.07 245.975 239.421 245.565 245.529 248.184 245.251 441.715 670.835 663.083 681.276 665.938 677.691 698.864 680.659 678.476 668.932 633.482 439.573 256.585 253.646 279.365 251.447 268.647 252.796 251.839 259.186 238.554 233.629 244.205 240.731 236.248 241.504 236.202 227.805 224.698 0 
0 256.153 253.458 261.534 259.217 251.085 279.646 436.136 649.863 655.78 690.39 712.961 712.148 701.604 695.885 697.993 723.114 714.443 717.756 386.001 248.757 257.511 256.371 255.944 247.472 246.422 245.393 247.54 247.579 252.302 247.538 252.05 245.915 249.041 244.288 448.103 669.3 669.939 676.548 674.787 676.748 673.256 697.462 677.398 636.172 627.085 431.489 282.809 265.245 264.519 261.256 256.36 239.46 252.496 244.462 239.594 258.522 252.698 239.077 232.673 232.247 231.492 232.51 225.44 0 
0 261.982 259.721 259.491 264.714 262.707 253.486 418.597 634.382 668.597 689.541 700.308 704.333 712.495 707.322 700.982 708.696 716.452 707.004 479.696 234.484 260.678 252.324 256.821 249.855 245.685 244.267 240.802 241.359 243.16 246.183 250.313 242.242 247.473 253.513 510.135 681.724 690.193 674.444 664.103 698.999 692.127 663.174 658.765 654.669 638.029 427.483 268.132 273.497 242.652 263.057 237.271 265.002 256.895 244.894 255.589 254.715 245.044 238.077 236.395 238.918 238.196 227.673 218.527 0 
0 254.313 261.21 267.99 271.409 267.646 246.084 406.402 619.162 658.685 681.931 693.59 706.616 711.365 715.83 700.482 710.161 711.494 707.511 598.926 288.185 253.199 254.63 254.606 255.325 248.186 249.068 247.863 243.671 239.45 244.1 246.956 247.091 247.621 295.367 611.404 679.993 678.096 665.301 669.349 669.14 686.314 689.684 669.374 640.026 613.992 379.106 254.066 255.624 275.862 246.596 271.502 259.456 241.221 258.553 253.455 244.41 239.638 242.777 244.168 233.463 228.347 227.738 225.616 0 
0 0 257.295 255.426 258.228 267.635 253.467 356.371 600.088 669.003 679.856 701.53 709.228 715.867 710.395 688.214 707.686 722.561 719.044 669.058 435.723 237.709 259.219 256 254.406 253.178 257.525 253.148 250.307 250.266 251.987 246.363 254.199 243.938 424.584 665.711 657.565 682.193 659.476 660.415 693.961 690.717 671.862 650.406 628.872 590.44 351.859 273.664 272.505 247.521 267.778 252.893 245.431 267.079 251.779 239.225 245.756 251.321 247.952 236.802 229.513 229.588 225.685 0 0 
0 0 260.157 251.177 260.089 264.85 277.942 283.182 563.067 651.356 677.433 693.244 718.884 720.328 714.78 711.538 697.226 712.713 712.105 717.977 602.726 359.973 233.205 260.965 260.787 252.216 258.684 252.864 254.818 254.368 256.716 255.869 247.722 329.362 601.584 676.222 669.293 683.351 674.248 667.314 675.952 683.833 692.612 664.45 642.403 560.216 309.555 260.097 264.321 261.629 254.619 245.934 262.567 248.108 240.547 251.142 249.043 236.623 234.685 240.82 236.404 232.325 226.822 0 0 
0 0 256.042 258.175 261.946 259.535 276.337 265.675 489.493 637.828 648.09 680.138 702.851 702.069 709.116 719.101 715.903 713.722 723.893 717.777 708.374 587.56 375.046 244.049 260.605 263.18 262.335 261.681 263.035 263.846 266.256 257.484 318.671 548.638 681.326 670.602 676.098 662.631 680.842 703.481 704.984 699.982 674.241 640.011 632.449 490.275 274.432 253.225 251.307 258.707 246.948 264.824 245.609 243.23 254.432 251.618 244.396 244.644 243.003 242.761 236.421 233.881 231.455 0 0 
0 0 256.905 257.538 260.331 259.113 263.206 269.531 366.133 620.12 640.408 676.981 695.088 702.767 714.532 705.467 720.263 702.871 722.233 712.636 722.592 693.947 651.053 486.146 318.296 285.62 269.511 259.288 252.878 251.221 265.196 359.788 552.238 676.864 680.162 691.345 687.112 662.771 686.401 682.809 677.713 678.233 661.327 645.8 621.778 402.379 271.692 270.223 272.999 261.235 275.154 248.761 259.059 267.664 253.709 248.938 251.847 249.963 245.421 241.138 239.858 235.033 229.32 0 0 
0 0 0 264.938 257.341 258.248 261.316 273.02 295.938 532.05 634.766 663.009 685.609 702.904 716.122 708.424 722.347 711.117 709.669 699.131 704.859 680.33 665.027 664.537 616.036 498.395 436.523 412.394 388.779 440.169 552.45 671.948 725.831 709.275 711.624 708.747 701.79 703.401 714.678 720.21 710.884 695.258 672.487 662.054 583.911 343.304 278.399 273.688 275.266 276.481 253.392 268.572 272.164 258.498 258.099 261.749 260.791 259.597 259.548 249.682 245.415 239.3 0 0 0 
0 0 0 258.399 254.034 258.801 256.795 250.876 266.806 394.372 617.082 633.535 673.445 688.003 689.823 708.107 694.888 703.342 699.873 681.916 687.509 675.052 674.965 650.407 651.361 673.646 641.703 633.255 694.143 739.704 742.061 729.841 721.448 734.822 739.773 738.722 741.034 736.567 729.204 734.414 722.315 703.247 683.717 671.342 488.912 307.065 292.977 291.774 282.638 275.227 293.794 271.864 263.952 276.403 277.834 269.149 262.599 257.77 253.571 250.273 251.031 247.802 0 0 0 
0 0 0 0 247.633 253.121 252.336 244.359 255.451 300.44 510.999 641.37 667.171 686.233 691.253 720.123 703.702 714.209 723.643 695.991 701.803 692.643 688.606 697.146 694.044 693.841 718.234 726.022 699.786 686.582 706.277 730.675 735.296 717.906 691.914 698.171 704.599 701.895 703.428 717.974 706.558 689.177 675.267 604.143 369.994 288.961 293.577 276.461 284.398 284.106 261.286 269.892 278.864 269.236 264.674 261.517 261.036 259.402 256.348 254.34 250.414 0 0 0 0 
0 0 0 0 255.46 253.77 249.197 250.749 263.442 262.228 358.902 603.11 661.901 672.738 694.004 706.38 702.718 712.233 720.184 712.683 716.697 714.291 696.816 689.486 695.171 692.857 695.245 699.041 717.932 719.131 703.324 688.558 700.122 715.311 723.267 733.151 729.759 716.333 710.017 699.868 685.899 671.722 646.715 466.057 296.664 287.198 268.991 283.263 271.151 264.023 282.268 271.258 264.227 262.426 260.318 258.258 256.106 256.002 253.799 250.818 244.62 0 0 0 0 
0 0 0 0 0 250.43 247.492 251.555 254.646 241.342 276.708 452.9 638.085 654.615 676.582 694.709 706.612 727.228 727.305 716.021 713.615 720.573 714.944 704.262 705.421 705.918 707.431 691.141 681.742 705.337 713.51 709.8 703.138 710.017 711.688 714.365 722.212 714.037 708.988 697.249 680.94 662.368 550.656 324.714 269.691 276.425 266.399 256.04 276.759 276.47 259.764 259.425 260.88 256.453 255.218 257.549 258.611 253.282 249.496 243.335 0 0 0 0 0 
0 0 0 0 0 252.163 249.679 250.49 246.848 253.407 234.134 312.878 516.74 656.155 671.858 685.252 699.697 712.007 717.473 720.985 718.289 726.262 719.607 717.855 715.872 717.568 709.722 702.271 698.116 714.227 706.591 725.002 722.571 723.806 706.162 709.389 718.454 703.034 689.21 672.866 660.882 616.097 406.978 282.354 283.771 276.563 276.908 279.879 252.479 255.202 262.885 262.704 261.98 266.557 266.643 257.199 249.108 244.189 239.621 239.359 0 0 0 0 0 
0 0 0 0 0 0 259.477 237.603 248.904 250.446 255.407 251.464 343.005 547.158 664.07 663.638 682.427 708.501 717.243 722.331 722.558 737.881 720.12 714.338 715.532 716.868 713.087 716.062 722.407 712.312 721.464 723.317 720.736 731.294 719.152 711.827 699.649 683.892 670.08 665.792 631.231 463.288 300.648 274.91 275.837 281.382 267.198 266.696 273.936 266.976 269.405 268.269 259.083 247.573 246.306 246.649 247.441 246.395 248.501 0 0 0 0 0 0 
0 0 0 0 0 0 0 252.034 252.418 247.687 246.23 237.699 255.785 357.29 525.792 658.487 672.14 688.651 700.224 713.627 715.13 718.076 719.859 718.042 715.956 716.318 714.938 718.492 723.279 711.203 725.375 718.177 717.945 716.665 695.883 700.964 691.578 666.118 655.281 632.962 491.697 315.673 281.866 280.964 259.869 269.899 267.672 269.701 274.66 269.474 261.629 252.948 256.509 256.506 256.424 258.386 249.574 245.567 0 0 0 0 0 0 0 
0 0 0 0 0 0 0 0 238.625 239.496 238.467 234.609 253.346 312.705 384.031 501.916 608.94 667.789 688.811 696.516 692.25 699.516 715.861 701.998 706.977 708.21 709.447 719.109 709.243 717.155 716.043 706.364 710.88 695.703 684.468 677.501 660.205 657.572 636.709 489.776 311.493 267.17 273.922 268.697 276.32 275.303 269.458 254.809 250.335 252.946 256.876 264.349 260.128 260.488 252.767 245.572 248.422 0 0 0 0 0 0 0 0 
0 0 0 0 0 0 0 0 249.684 258.014 244.122 250.833 244.224 263.51 329.887 427 499.351 601.527 636.53 673.305 682.279 679.754 683.424 684.307 691.861 692.608 703.669 700.667 696.988 709.969 700.409 686.899 694.885 674.366 661.449 659.122 644.664 610.33 473.924 313.19 267.628 274.171 267.075 259.973 251.216 251.314 260.602 263.667 268.931 271.451 261.31 253.667 249.965 243.592 245.431 242.432 239.889 0 0 0 0 0 0 0 0 
0 0 0 0 0 0 0 0 0 256.218 245.193 244.687 245.434 239.812 268.342 371.014 452.717 513.35 563.267 614.922 642.851 662.673 670.277 670.015 673.896 673.306 683.261 672.979 682.035 689.47 673.454 669.508 668.688 648.801 652.406 636.219 559.406 427.493 298.199 259.268 265.789 259.226 263.69 262.371 274.98 271.475 271.098 257.847 249.903 248.637 254.213 253.211 255.854 252.874 251.167 249.056 0 0 0 0 0 0 0 0 0 
0 0 0 0 0 0 0 0 0 0 251.936 243.348 252.13 258.838 256.787 281.714 354.554 446.463 506.343 568.445 575.532 560.105 610.322 638.051 628.8 645.395 642.317 642.356 649.328 645.2 644.068 646.104 632.61 619.75 578.196 453.062 312.308 258.36 268.406 271.015 270.324 270.722 264.558 257.319 248.02 237.17 252.385 254.758 255.564 252.992 250.304 243.573 241.026 240.542 231.365 0 0 0 0 0 0 0 0 0 0 
0 0 0 0 0 0 0 0 0 0 0 266.209 272.809 264.032 274.406 283.176 297.009 343.244 398.285 490.596 580.066 629.57 605.237 576.173 585.347 629.273 623.897 619.449 625.244 624.173 617.941 589.997 528.42 443.322 324.144 228.883 218.565 232.43 234.021 236.036 232.387 236.48 240.288 254.736 252.065 241.698 239.883 233.996 233.126 230.38 230.653 231.241 229.557 230.397 0 0 0 0 0 0 0 0 0 0 0 
0 0 0 0 0 0 0 0 0 0 0 0 0 271.134 268.345 276.976 283.074 272.241 282.188 344.519 392.253 463.894 564.299 632.816 633.287 627.176 605.786 620.84 620.366 586.282 533.863 483.624 389.789 278.795 224.579 220.942 230.701 234.368 240.846 244.278 242.315 239.936 238.91 240.314 241.365 243.994 244.906 245.074 241.871 240.534 240.551 235.129 0 0 0 0 0 0 0 0 0 0 0 0 0 
0 0 0 0 0 0 0 0 0 0 0 0 0 0 287.122 287.683 287.864 294.568 287.198 285.26 301.279 317.694 336.098 319.011 453.465 605.811 622.763 615.722 602.456 520.156 407.809 367.215 298.691 238.769 229.367 234.771 229.316 221.104 222.74 218.735 220.744 224.887 225.688 225.818 227.434 225.614 225.059 226.133 225.558 217.84 215.734 0 0 0 0 0 0 0 0 0 0 0 0 0 0 
0 0 0 0 0 0 0 0 0 0 0 0 0 0 0 272.516 282.164 275.463 269.958 280.272 276.593 260.448 252.937 234.177 351.073 468.953 507.371 524.602 445.853 318.512 257.226 242.647 208.903 204.455 206.452 210.475 213.159 218.696 220.602 220.351 223.016 225.463 222.389 223.276 227.737 230.051 227.538 226.388 230.5 227.374 0 0 0 0 0 0 0 0 0 0 0 0 0 0 0 
0 0 0 0 0 0 0 0 0 0 0 0 0 0 0 0 0 276.906 277.667 275.272 269.266 262.552 266.955 307.327 320.405 351.211 355.834 317.088 242.185 218.326 227.085 232.636 227.895 234.724 234.927 233.826 225.587 225.809 225.376 224.036 224.472 223.242 222.399 222.281 221.151 221.52 221.631 217.605 0 0 0 0 0 0 0 0 0 0 0 0 0 0 0 0 0 
0 0 0 0 0 0 0 0 0 0 0 0 0 0 0 0 0 0 0 265.824 260.836 262.069 271.69 280.527 269.448 294.72 277.824 254.689 249.541 257.073 252.743 245.087 240.64 240.532 243.315 240.224 238.371 241.294 237.387 234.108 233.279 234.814 233.79 231.4 232.479 230.314 0 0 0 0 0 0 0 0 0 0 0 0 0 0 0 0 0 0 0 
0 0 0 0 0 0 0 0 0 0 0 0 0 0 0 0 0 0 0 0 0 263.503 282.635 258.699 272.116 266.253 261.385 252.756 251.07 253.784 255.725 249.704 247.96 249.533 242.635 241.925 242.554 236.727 237.29 237.138 236.4 236.216 235.642 235.116 0 0 0 0 0 0 0 0 0 0 0 0 0 0 0 0 0 0 0 0 0 
0 0 0 0 0 0 0 0 0 0 0 0 0 0 0 0 0 0 0 0 0 0 0 0 0 260.145 262.873 259.114 255.555 248.631 262.976 247.019 251.431 259.334 244.702 249.062 246.851 239.08 240.913 236.25 0 0 0 0 0 0 0 0 0 0 0 0 0 0 0 0 0 0 0 0 0 0 0 0 0 
0 0 0 0 0 0 0 0 0 0 0 0 0 0 0 0 0 0 0 0 0 0 0 0 0 0 0 0 0 0 0 0 0 0 0 0 0 0 0 0 0 0 0 0 0 0 0 0 0 0 0 0 0 0 0 0 0 0 0 0 0 0 0 0 0 
