0 0 0 0 0 0 0 0 0 0 0 0 0 0 0 0 0 0 0 0 0 0 0 0 0 0 0 0 0 0 0 0 0 0 0 0 0 0 0 0 0 0 0 0 0 0 0 0 0 0 0 0 0 0 0 0 0 0 0 0 0 0 0 0 0 
0 0 0 0 0 0 0 0 0 0 0 0 0 0 0 0 0 0 0 0 0 0 0 0 0 179.821 181.497 183.807 190.587 182.333 179.045 181.441 182.789 186.019 178.775 181.121 175.196 176.656 177.135 175.831 0 0 0 0 0 0 0 0 0 0 0 0 0 0 0 0 0 0 0 0 0 0 0 0 0 
0 0 0 0 0 0 0 0 0 0 0 0 0 0 0 0 0 0 0 0 0 179.922 180.854 190.837 188.505 189.614 182.697 192.679 191.678 184.265 181.036 189.938 190.344 187.197 182.434 187.641 182.889 183.601 177.773 181.206 173.538 172.919 177.891 168.177 0 0 0 0 0 0 0 0 0 0 0 0 0 0 0 0 0 0 0 0 0 
0 0 0 0 0 0 0 0 0 0 0 0 0 0 0 0 0 0 0 189.592 194.799 186.739 196.003 195.626 192.5 189.302 189.071 199.548 188.545 186.933 190.011 196.349 192.95 186.275 191.634 194.935 188.316 185.093 182.611 187.211 180.433 188.321 177.983 169.923 173.399 162.878 0 0 0 0 0 0 0 0 0 0 0 0 0 0 0 0 0 0 0 
0 0 0 0 0 0 0 0 0 0 0 0 0 0 0 0 0 180.122 193.979 203.011 194.479 187.727 204.17 194.474 195.798 193.857 199.23 195.878 187.718 193.23 199.226 193.288 192.136 191.816 200.787 193.146 185.923 182.061 193.138 191.202 190.719 187.903 175.169 175.716 175.348 176.508 181.097 162.526 0 0 0 0 0 0 0 0 0 0 0 0 0 0 0 0 0 
0 0 0 0 0 0 0 0 0 0 0 0 0 0 0 191.655 193.706 191.417 196.788 204.103 194.602 198.872 205.618 189.409 197.224 200.042 203.082 189.033 196.635 201.034 199.445 194.368 200.988 199.993 202.768 191.246 183.888 191.004 199.201 194.05 194.376 182.719 178.949 184.081 188.672 184.516 172.687 166.963 162.618 162.211 0 0 0 0 0 0 0 0 0 0 0 0 0 0 0 
0 0 0 0 0 0 0 0 0 0 0 0 0 0 198.724 203.425 190.767 197.404 203.02 202.76 197.044 205.452 204.185 191.162 203.278 204.016 197.727 190.907 203.313 197.189 193.639 197.668 206.275 199.263 199.871 195.133 196.412 197.248 199.006 192.964 188.266 189.606 190.993 192.441 186.554 180.423 177.522 172.311 171.172 170.364 168.39 0 0 0 0 0 0 0 0 0 0 0 0 0 0 
0 0 0 0 0 0 0 0 0 0 0 0 0 197.992 203.625 204.225 193.42 202.987 204.06 203.88 199.58 207.714 198.86 201.219 207.648 200.103 194.846 203.59 199.995 196.363 206.245 203.597 202.918 194.707 204.48 203.909 198.564 196.416 201.944 199.077 198.227 194.819 192.654 191.323 184.657 180.888 183.426 181.219 182.04 176.195 166.52 164.148 0 0 0 0 0 0 0 0 0 0 0 0 0 
0 0 0 0 0 0 0 0 0 0 0 192.544 199.249 199.152 202.877 204.729 198.315 208.305 202.286 207.466 208.516 201.597 199.878 211.134 200.992 201.185 206.559 198.299 193.619 206.385 206.566 193.974 201.258 213.194 209.975 196.725 193.502 206.761 207.092 200.877 200.07 192.245 192.325 187.998 191.854 192.607 190.722 181.699 180.735 176.287 172.634 166.696 159.979 157.854 0 0 0 0 0 0 0 0 0 0 0 
0 0 0 0 0 0 0 0 0 0 188.569 200.669 199.053 209.887 205.148 195.587 210.347 204.686 198.589 214.97 206.707 203.508 209.489 198.862 201.052 217.279 194.011 188.5 211.222 210.641 193.186 205.107 221.308 206.749 195.41 196.763 207.454 212.46 204.336 196.191 201.938 190.086 199.772 199.435 197.64 190.997 191.729 182.433 182.46 177.234 175.565 176.09 171.799 171.246 154.567 0 0 0 0 0 0 0 0 0 0 
0 0 0 0 0 0 0 0 0 202.142 197.493 202.241 201.901 211.446 206.736 196.426 215.478 196.952 205.212 214.155 202.286 217.425 201.397 195.232 216.496 197.785 190.529 213.857 208.994 190.347 208.687 222.031 208.777 189.241 207.94 215.687 208.862 189.848 202.766 204.306 207.49 197.927 202.604 196.393 194.079 192.128 188.791 187.889 188.146 183.859 183.841 185.638 176.98 164.213 159.746 158.967 0 0 0 0 0 0 0 0 0 
0 0 0 0 0 0 0 0 185.475 214.09 201.541 197.303 207.385 212.19 207.253 206.141 212.117 195.249 214.998 198.472 214.306 215.612 188.5 218.317 207.905 198.46 208.827 203.124 204.004 210.771 210.689 202.692 203.568 212.578 223.752 196.051 182.911 207.21 215.342 206.681 201.298 196.926 197.157 197.016 197.331 190.157 195.382 192.01 193.409 186.256 189.849 178.27 170.421 167.868 166.308 163.52 152.243 0 0 0 0 0 0 0 0 
0 0 0 0 0 0 0 0 197.482 213.649 204.831 198.237 212.268 205.944 210.437 214.012 203.435 209.426 214.532 200.189 223.01 194.843 211.221 201.31 207.432 212.266 198.898 214.09 212.309 200.278 205.062 213.415 212.381 208.945 203.614 198.808 207.146 218.603 201.405 194.194 197.066 208.051 205.971 205.705 193.931 197.568 199.663 193.545 188.206 184.574 186.51 181.277 176.952 174.869 174.932 172.405 168.997 0 0 0 0 0 0 0 0 
0 0 0 0 0 0 0 202.182 203.487 217.971 203.644 197.874 225.115 200.61 218.283 211.072 203.721 216.417 202.271 221.209 202.122 205.522 199.15 210.54 214.044 193.745 231.975 206.297 189.359 223.067 212.671 190.74 207.252 220.975 213.069 201.989 197.871 199.361 201.497 207.447 214.556 213.563 197.894 194.553 187.001 205.031 201.411 191.571 185.263 193.083 196.465 184.444 182.181 182.749 183.544 172.318 156.215 150.79 0 0 0 0 0 0 0 
0 0 0 0 0 0 200.668 201.414 201.988 218.761 206.296 200.698 217.193 208.151 231.768 198.379 222.457 198.57 214.85 203.463 224.406 195.026 211.192 206.403 203.584 229.611 209.44 202.199 221.462 201.272 194.327 217.201 222.299 195.987 199.395 206.869 212.592 209.425 209.025 203.467 199.173 195.374 196.414 197.827 206.276 213.243 196.836 190.565 192.659 203.663 190.706 179.354 184.586 181.17 175.712 164.948 162.67 162.119 156.622 0 0 0 0 0 0 
0 0 0 0 0 208.119 209.82 209.861 211.245 224.975 205.453 218.725 201.347 209.104 227.05 208.474 226.024 210.01 209.688 218.684 211.728 199.251 208.313 213.644 210.328 217.53 220.498 204.912 214.533 208.044 201.848 200.641 207.941 212.29 221.719 203.401 189.856 201.935 207.305 196.942 204.488 212.701 208.546 202.424 202.739 199.32 188.987 191.313 201.728 197.298 184.1 182.664 181.134 187.453 179.195 169.835 173.007 168.148 162.203 158.144 0 0 0 0 0 
0 0 0 0 0 213 209.495 205.49 211.498 221.993 207.803 228.812 205.741 231.421 212.695 222.77 213.584 215.415 214.204 226.902 201.874 198.853 211.76 200.46 216.244 216.717 209.189 220.062 205.481 202.077 218.782 201.674 195.998 203.472 203.746 199.573 212.406 220.146 196.777 192.947 205.731 206.648 184.777 188.95 191.351 202.645 190.181 195.194 203.136 193.365 179.466 186.666 191.93 186.407 172.413 178.389 174.826 176.122 164.263 147.713 0 0 0 0 0 
0 0 0 0 201.333 214.184 210.269 210.403 222.664 217.758 211.59 223.349 202.49 230.773 233.374 217.966 246.108 219.723 229.664 226.413 205.071 213.754 224.965 198.818 207.456 193.283 193.914 206.693 191.486 206.777 205.851 184.328 212.111 201.082 185.187 188.885 195.914 184.494 181.847 198.284 206.922 196.703 181.18 199.776 204.874 200.732 189.843 191.979 187.583 182.286 179.624 187.633 189.788 181.487 179.612 175.101 171.074 164.971 152.591 150.9 149.554 0 0 0 0 
0 0 0 0 205.141 220.729 213.797 205.055 229.558 223.6 231.543 219.208 233.046 226.437 245.195 240.512 255.675 235.219 248.164 245.884 248.655 280.833 298.867 317.48 311.971 255.138 238.045 188.512 180.745 181.597 169.124 196.9 190.364 182.095 197.139 189.734 196.838 188.109 185.019 192.459 183.472 185.83 188.665 190.225 189.399 175.349 176.184 179.67 185.057 175.182 189.63 190.756 185.206 167.383 166.911 168.496 173.355 160.966 158.631 154.814 145.124 0 0 0 0 
0 0 0 205.985 208.696 220.517 219.863 213.116 231.264 208.486 241.493 210.928 234.439 233.568 233.858 243.507 234.796 219.247 278.467 324.815 380.76 455.862 467.165 530.166 524.771 516.596 500.501 466.737 445.119 350.615 278.68 206.959 203.957 219.809 202.441 192.255 220.741 202.127 178.804 194.638 198.345 204.699 195.345 193.458 191.319 196.022 199.576 206.655 198.207 200.921 195.16 189.733 181 183.915 187.511 191.796 179.107 172.915 171.089 164.861 163.996 156.593 0 0 0 
0 0 0 212.728 210.513 221.823 211.228 208.535 230.636 213.109 229.898 224.958 227.256 235.074 217.479 233.97 289.553 387.247 496.936 553.847 577.915 608.828 595.595 614.251 597.436 618.881 600.008 619.529 606.973 618.145 555.67 452.879 351.32 245.846 217.399 229.642 232.576 208.054 214.589 243.328 233.925 228.246 220.124 220.843 226.903 227.632 219.975 209.181 207.133 201.004 204.176 207.884 200.16 200.031 204.296 198.19 191.867 191.797 184.15 185.401 174.331 157.19 0 0 0 
0 0 208.55 211.635 208.414 219.215 214.517 215.867 226.868 220.119 214.604 226.665 220.849 232.535 292.403 430.204 544.582 591.873 632.963 614.314 631.382 621.654 632.464 630.261 638.607 632.192 649.162 622.142 627.184 614.316 626.079 619.384 572.525 466.848 308.209 222.885 248.038 245.276 238.877 220.253 196.378 220.192 225.264 210.809 229.451 221.429 205.632 213.121 221.602 217.921 218.708 215.695 216.222 217.399 214.699 201.143 192.74 188.077 193.342 186.828 173.67 172.77 166.25 0 0 
0 0 208.905 208.774 205.666 218.081 209.498 225.694 219.619 237.479 235.709 223.469 254.061 370.376 532.558 614.768 628.087 617.27 650.76 621.151 655.756 624.647 658.802 645.702 644.793 658.258 665.376 646.199 630.227 639.121 637.023 621.329 641.838 624.232 534.824 399.021 256.614 215.71 217.655 220.269 242.952 265.824 221.907 211.538 231.206 206.796 209.262 232.93 221.854 218.8 219.284 214.86 207.92 208.611 204.856 198.68 198.586 206.921 197.434 185.85 186.481 179.681 171.068 0 0 
0 0 217.425 212.277 211.143 224.698 200.435 224.218 209.282 223.624 233.121 271.259 456.714 588.118 624.573 629.763 643.096 638.347 664.554 636.857 652.323 641.221 652.504 662.512 656.179 664.469 661.689 654.603 664.624 647.539 650.935 649.469 641.945 653.38 622.088 582.765 414.027 264.212 267.281 230.521 217.738 220.789 204.524 242.172 258.106 227.611 237.366 237.002 204.943 200.994 211.035 207.501 208.263 207.217 201.77 208.892 212.421 204.254 195.634 195.593 193.066 188.394 182.284 0 0 
0 0 211.532 211.178 209.467 230.878 207.805 238.418 226.874 225.191 300.444 460.418 612.286 618.563 638.883 649.099 645.384 639.353 661.098 649.791 641.867 657.006 638.862 636.664 633.774 634.179 655.134 657.672 653.226 661.412 651.41 661.355 666.301 663.199 636.968 652.485 587.017 414.627 270.733 209.804 241.508 267.562 241.212 225.839 209.853 196.53 231.496 226.586 216.235 237.607 231.236 217.554 220.957 219.203 210.803 211.556 208.534 203.365 198.536 193.782 193.099 189.043 176.173 0 0 
0 212.298 216.467 209.713 197.697 229.333 197.246 239.995 229.797 275.781 484.9 605.615 640.47 637.85 641.958 655.828 651.832 668.389 654.096 651.46 636.734 636.174 631.436 621.691 606.856 624.229 632.651 631.431 637.122 650.766 646.677 649.25 684.166 679.186 653.537 662.501 638.627 620.926 408.739 266.69 222.89 211.47 221.781 240.199 244.441 233.111 246.209 209.638 222.286 236.839 214.894 219.551 223.606 219.909 214.9 209.326 205.648 197.112 193.413 193.683 190.824 185.316 177.517 168.416 0 
0 217.294 211.511 219.081 205.019 237.751 206.422 241.261 248.998 434.896 605.93 613.304 648.001 649.592 646.605 661.394 652.155 652.724 628.153 640.658 641.234 635.3 644.55 631.865 640.987 640.908 641.287 665.631 661.391 649.899 641.138 635.71 674.723 691.252 668.136 663.041 633.231 632.878 567.313 383.788 210.773 306.793 235.677 224.09 241.406 233.26 243.655 217.404 232.237 211.768 201.238 219.606 224.048 211.012 212.959 220.539 213.602 206.996 214.332 210.867 194.464 189.273 181.716 176.509 0 
0 215.774 211.554 219.212 206.359 233.836 207.082 233.612 372.267 584.801 640.651 633.898 662.148 659.078 646.518 664.008 631.931 642.899 622.903 647.408 643.994 649.269 645.085 645.129 643.078 630.946 643.238 655.219 655.647 670.029 652.579 617.608 644.485 679.548 684.971 674.821 682.864 646.558 634.442 546.452 266.226 220.316 235.888 243.562 225.229 217.812 234.377 229.417 245.831 223.371 233.66 239.538 216.769 218.848 227.01 224.297 222.164 220.968 211.597 200.833 197.487 200.28 198.763 189.579 0 
0 215.213 213.484 214.183 202.327 235.352 206.664 284.212 515.366 612.077 630.892 630.108 648.766 652.309 626.35 638.119 610.048 634.115 617.216 618.869 594.992 597.942 596.214 605.915 623.671 654.894 666.598 668.502 677.454 673.904 670.598 658.118 677.578 684.007 710.857 665.993 701.685 660.179 671.454 596.801 497.197 217.624 252.124 267.167 251.602 260.025 240.404 233.518 238.005 234.622 252.398 228.732 227.63 235.687 225.267 215.848 218.439 207.272 205.897 209.697 206.061 205.253 201.083 189.213 0 
0 214.35 222.985 217.972 201.241 238.183 226.039 413.623 607.23 628.464 653.763 649.393 657.04 655.6 612.484 635.482 626.039 635.068 616.41 619.269 604.012 551.998 464.243 398.994 355.377 357.701 391.526 474.75 556.612 646.139 690.725 629.327 669.965 648.695 709.045 686.495 687.05 681.376 660.11 655.519 564.821 305.195 244.574 236.307 231.731 266.691 225.9 243.62 228.404 236.905 225.721 212.067 234.387 233.69 217.452 211.899 213.33 211.528 208.56 204.675 201.48 200.058 191.506 179.615 0 
0 214.067 218.712 220.038 194.627 229.053 271.248 530.92 625.314 640.655 652.075 652.376 672.154 644.706 621.901 654.102 643.507 649.524 654.022 584.239 420.42 282.284 227.759 210.843 213.132 211.988 204.818 205.059 255.048 415.798 592.483 622 640.616 651.597 640.106 697.3 669.615 680.69 646.745 630.975 580.062 404.281 222.335 238.271 196.501 225.725 210.331 243.971 210.134 222.909 213.226 224.29 228.95 212.025 206.616 218.963 220.334 206.739 201.728 202.957 196.263 185.164 179.95 174 0 
0 207.453 213.274 224.168 208.153 236.383 367.228 601.864 623.216 646.247 658.777 660.041 651.564 618.486 640.961 641.801 646.212 643.348 523.427 302.683 206.997 200.222 204.526 201.4 212.539 209.379 204.073 188.117 193.123 201.044 331.583 604.506 649.318 714.882 644.97 652.239 668.626 644.837 677.592 644.904 653.881 488.654 287.63 251.598 207.214 226.283 229.04 206.357 211.672 224.685 207.522 209.552 191.522 195.397 209.556 209.221 199.61 201.247 198.409 192.554 187.067 184.222 188.219 182.972 0 
0 214.277 210.883 223.977 210.898 248.965 462.772 619.348 625.933 649.457 655.657 663.34 638.215 633.026 659.684 627.268 654.238 544.254 294.331 200.13 207.632 202.847 199.164 195.294 204.809 197.392 190.661 174.737 182.803 172.902 147.9 332.726 632.795 794.313 692.993 629.951 713.141 692.22 660.236 657.7 620.051 559.886 309.657 233.859 254.91 212.309 236.186 217.555 250.105 218.873 226.363 213.778 211.175 221.922 214.312 203.104 200.301 200.05 195.323 197.609 198.557 194.135 190.953 177.789 0 
0 205.999 208.325 221.422 219.379 277.177 537.274 628.194 636.908 645.843 654.501 664.572 632.113 642.14 661.206 617.553 638.975 361.248 211.476 209.471 207.626 204.277 202.446 203.227 208.113 206.087 199.882 188.876 190.526 188.627 177.25 209.535 594.999 651.024 672.99 673.057 651.972 663.131 665.554 659.465 651.8 609.552 375.151 234.625 228.557 212.262 217.164 226.904 208.344 211.337 226.993 216.384 234.016 219.695 197.853 198.011 206.919 205.216 197.394 199.162 198.605 193.384 187.505 180.172 0 
0 221.423 211.946 215.5 225.954 303.294 567.828 642.51 654.685 644.813 653.226 656.813 616.72 645.395 658.057 637.257 547.786 234.542 212.808 210.195 206.084 204.934 204.357 204.201 208.259 207.874 200.531 198.548 193.342 198.864 200.017 187.074 437.315 674.664 604.195 650.226 651.745 687.035 666.271 649.38 615.227 609.902 455.428 237.487 246.886 243.687 206.552 219.298 196.47 228.46 207.449 211.08 205.972 200.033 212.101 220.133 208.945 199 196.115 199.897 192.383 183.033 180.927 174.42 0 
0 206.453 212.273 210.849 238.27 332.836 594.716 636.406 658.253 661.275 649.075 638.517 611.061 647.498 648.129 652.617 435.527 202.005 213.086 208.141 204.763 203.441 197.889 206.91 208.033 214.269 206.311 205.972 194.274 195.744 206.977 199.82 348.996 651.293 665.178 633.738 605.782 644.765 685.659 672.691 652.402 613.622 464.355 252.516 225.395 224.636 236.4 216.265 237.223 208.177 204.197 213.289 201.699 215.082 217.349 204.987 201.866 203.323 202.372 195.647 186.857 188.185 187.612 188.208 0 
0 217.442 223.544 214.235 245.79 350.335 606.943 632.633 656.813 661.191 655.885 625.41 611.646 654.238 633.006 661.844 359.353 204.455 210.206 209.016 207.032 212.697 208.118 210.406 209.214 215.564 212.601 206.035 205.522 199.032 203.094 206.998 336.827 605.21 654.434 644.508 615.85 627.241 647.338 670.893 638.683 632.778 510.345 244.248 216.363 219.159 231.228 223.656 211.893 210.821 227.173 207.09 222.072 220.729 201.922 196.087 199.92 198.888 189.243 192.014 193.336 196.547 194.461 182.609 0 
0 219.042 208.23 204.273 239.003 372.337 609.088 633.323 656.991 665.545 659.166 617.689 625.028 647.827 633.294 660.886 354.267 203.237 213.645 216.508 209.493 209.527 209.352 209.477 210.922 210.178 216.774 210.29 209.707 208.592 202.87 199.415 334.74 585.894 642.239 656.897 624.109 635.915 646.066 642.171 642.645 612.286 506.545 281.46 230.701 209.407 196.632 219.929 213.639 231.089 207.641 216.837 217.259 192.891 198.482 212.826 218.588 206.617 200.269 197.679 190.381 187.692 180.033 174.523 0 
0 231.805 227.955 222.463 210.268 374.371 593.683 635.548 649.447 670.861 670.93 599.768 636.519 659.519 638.764 645.423 398.981 207.868 211.147 207.426 212.603 206.866 208.872 208.105 212.569 211.726 210.521 214.679 217.006 205.376 207.691 209.317 373.909 593.82 632.998 642.739 629.826 646.602 645.504 637.027 632.438 620.053 496.94 249.72 224.467 233.964 236.928 209.396 226.11 197.576 198.656 201.788 200.535 221.161 220.101 211.373 205.664 199.823 201.713 203.369 193.368 190.305 181.64 176.257 0 
0 229.297 223.228 233.714 218.677 375.901 583.007 616.761 647.816 658.034 686.537 614.286 587.571 661.653 655.143 633.096 478.48 204.894 213.686 205.808 217.63 210.114 209.599 207.028 204.035 208.721 208.153 210.977 216.634 206.422 212.415 217.966 441.924 614.147 628.959 642.699 626.94 642.054 656.5 655.822 626.014 608.633 474.087 243.938 233.941 222.622 210.532 225.869 206.734 226.857 223.645 209.789 215.6 206.945 198.718 197.37 204.924 200.173 196.323 188.515 187.496 192.719 186.799 182.516 0 
0 0 207.928 229.311 216.193 330.346 573.006 628.285 648.379 656.677 671.302 654.833 550.832 654.256 658.928 649.118 556.74 271.314 210.091 209.832 205.321 214.721 209.357 210.706 212.763 208.506 209.508 210.42 209.807 211.53 216.699 264.87 548.788 621.262 626.885 626.95 616.696 661.707 656.507 648.483 636.341 612.246 419.754 213.799 222.232 219.507 234.053 221.833 235.506 214.555 204.914 222.094 203.725 188.929 190.648 204.439 206.001 197.957 201.15 199.306 195.907 197.623 195.428 0 0 
0 0 221.189 219.194 221.648 267.409 533.897 624.884 646.095 653.846 662.969 680.275 582.112 629.046 658.541 646.934 626.948 422.176 206.976 212.573 204.353 203.493 210.496 207.547 212.736 210.016 207.387 206.13 204.806 208.096 205.386 390.215 622.028 612.761 625.455 623.643 628.122 667.271 658.417 645.288 614.862 590.325 376.85 234.391 235.058 218.818 204.19 218.088 202.732 207.068 225.137 197.964 202.471 223.509 221.47 207.356 196.479 196.325 196.329 195.27 200.298 193.808 178.754 0 0 
0 0 222.163 219.623 241.404 240.481 485.676 613.018 638.426 654.919 653.842 659.132 644.061 594.235 665.192 655.473 651.914 576.59 338.832 201.736 215.154 211.952 213.187 213.027 210.1 211.043 210.273 207.06 209.358 208.121 303.637 565.406 633.451 625.149 625.677 613.543 635.427 656.182 652.976 649.836 620.156 559.36 298.245 196.416 217.543 220.662 224.919 208.904 214.947 224.703 213.039 221.702 231.34 209.735 202.178 204.091 204.534 206.941 199.932 189.437 182.048 179.557 178.468 0 0 
0 0 228 214.315 216.048 222.117 399.493 603.933 624.531 650.7 663.412 661.274 672.827 614.282 621.472 662.618 655.325 653.531 570.073 359.893 226.47 204.106 202.244 208.847 210.296 213.932 215.198 216.054 213.35 293.957 516.75 635.741 625.364 634.057 614.682 629.947 658.726 653.706 645.676 627.09 619.207 512.883 278.028 243.981 228.102 226.042 204.634 216.939 211.178 210.293 218.989 211.61 201.512 197.034 203.668 200.017 200.909 199.451 192.547 194.458 197.849 190.252 181.324 0 0 
0 0 0 223.153 215.944 224.619 274.568 569.786 619.542 651.026 651.396 655.815 664.588 680.342 589.558 656.086 655.889 667.936 640.012 633.632 484.191 348.328 271.633 230.715 225.615 226.288 216.499 239.764 343.725 541.372 648.686 648.702 652.508 637.417 610.262 649.782 670.935 664.549 654.915 632.699 607.817 409.387 226.658 218.767 217.013 217.122 221.46 200.476 212.688 221.199 202.459 203.721 219.119 229.762 227.116 212.518 207.088 201.888 205.659 204.474 200.326 196.858 0 0 0 
0 0 0 229.038 216.72 218.807 226.139 430.765 614.26 626.35 640.035 653.174 644.409 672.866 612.692 593.795 622.662 634.144 607.565 597.878 616.487 547.919 495.341 441.884 391.791 384.389 446.932 562.353 660.808 701.859 689.007 677.265 665.783 646.181 646.437 673.867 671.903 673.434 659.211 640.062 576.884 331.935 264.145 255.469 252.209 236.309 229.178 247.697 237.681 223.525 239.96 247.315 234.826 220.625 215.918 221.073 223.507 217.428 217.731 217.75 209.805 201.496 0 0 0 
0 0 0 0 215.549 217.541 215.379 257.712 558.625 610.451 620.265 643.124 634.885 653.872 661.862 606.432 596.842 631.162 624.854 611.932 599.502 616.889 589.268 612.69 644.037 679.707 705.214 707.138 695.523 694.612 689.496 681.706 650.143 651.719 672.613 686.866 688.523 683.736 670.07 649.991 468.549 266.758 256.591 249.94 244.026 252.458 246.051 222.815 236.217 243.629 225.524 210.707 212.755 219.333 222.928 225.107 222.328 218.895 215.78 206.56 203.847 0 0 0 0 
0 0 0 0 229.475 215.619 232.82 226.924 392.132 612.575 618.263 651.11 642.802 653.729 664.372 674.901 614.848 636.726 625.312 640.136 645.885 646.37 667.856 663.166 652.039 681.36 653.636 657.792 689.207 674.572 650.145 624.405 630.33 684.608 680.67 670.874 669.128 646.052 633.789 534.293 311.077 244.628 243.707 228.552 233.736 221.419 233.909 240.27 224.897 215.811 222.189 233.203 238.929 230.643 226.96 217.071 212.061 211.955 213.718 214.818 207.374 0 0 0 0 
0 0 0 0 0 209.976 218.486 223.933 234.332 484.601 607.343 637.2 634.525 657.188 658.787 682.962 654.62 646.805 645.704 621.159 624.249 636.44 643.713 658.095 655.162 642.76 669.386 669.041 635.963 629.862 644.448 656.342 668.457 671.162 648.042 653.808 657.179 641.932 599.067 389.885 247.587 235.079 232.346 223.868 228.282 229.724 221.688 222.175 232.201 240.675 233.126 223.663 212.074 212.106 212.211 214.096 213.979 217.058 212.402 204.281 0 0 0 0 0 
0 0 0 0 0 221.602 225.345 231.668 223.954 272.505 508.867 608.779 628.478 641.331 654.67 667.854 665.404 659.532 668.788 663.96 653.297 653.792 646.605 630.291 634.986 635.08 614.016 611.213 635.393 651.91 653.229 659.166 681.714 689.097 676.269 652.914 630.689 600.505 436.264 262.73 238.382 240.251 248.131 240.913 222.639 233.725 236.248 235.469 223.236 207.916 200.464 204.13 211.841 214.696 215.084 213.838 212.386 206.556 203.888 198.249 0 0 0 0 0 
0 0 0 0 0 0 227.398 221.649 228.966 225.208 301.444 516.275 606.245 626.636 635.058 657.202 656.195 654.917 658.846 640.094 650.255 660.447 646.683 639.694 640.604 647.609 672.961 664.593 667.535 687.034 688.107 680.792 661.036 655.014 641.322 641.307 616.568 468.157 282.443 232.582 227.929 228.835 231.107 236.184 238.604 231.322 223.817 218.322 222.87 231.792 235.651 227.882 222.586 216.027 210.293 206.137 204.594 203.879 199.645 0 0 0 0 0 0 
0 0 0 0 0 0 0 222.323 212.921 224.101 203.389 292.143 514.164 597.519 625.502 636.649 642.616 655.887 656.489 656.317 665.758 657.531 664.092 660.585 668.116 677.604 676.35 677.305 668.569 661.515 659.152 667.613 655.148 650.168 627.553 598.768 463.732 294.616 246.308 251.596 250.031 229.946 228.583 209.943 215.09 224.792 234.181 236.635 231.632 215.232 214.111 218.371 214.6 210.767 211.21 216.548 214.191 208.11 0 0 0 0 0 0 0 
0 0 0 0 0 0 0 0 212.417 219.423 235.152 209.046 304.679 417.946 554.016 632.997 635.054 646.287 647.08 658.393 654.018 657.7 662.052 664.017 657.378 656.398 661.178 669.035 673.234 652.867 644.821 649.52 640.973 633.266 585.227 434.731 270.716 236.647 241.272 240.751 235.286 239.95 252.137 249.438 233.389 221.171 206.54 206.553 210.142 216.917 218.776 218.649 220.192 213.636 215.708 215.017 210.393 0 0 0 0 0 0 0 0 
0 0 0 0 0 0 0 0 240.797 227.224 221.846 231.046 229.199 255.805 326.81 441.572 567.165 614.809 631.595 640.45 629.287 643.912 646.929 649.625 660.781 652.532 647.179 647.722 655.689 649.514 636.364 626.223 605.827 529.168 368.581 252.01 234.161 230.028 225.545 218.899 220.921 211.031 217.799 219.891 222.971 231.73 231.242 226.123 225.506 221.844 215.129 209.422 211.369 220.198 213.76 202.573 200.411 0 0 0 0 0 0 0 0 
0 0 0 0 0 0 0 0 0 227.197 223.672 231.946 242.885 214.82 257.754 266.464 322.489 429.476 517.186 586.974 602.561 617.804 626.876 629.151 624.933 629.063 633.799 630.368 623.071 618.769 605.442 543.966 404.878 278.756 229.77 234.908 228.502 225.034 237.599 231.805 229.768 221.483 222.327 223.261 208.745 211.541 205.941 211.155 212.16 212.368 205.604 205.443 203.568 198.652 200.77 195.719 0 0 0 0 0 0 0 0 0 
0 0 0 0 0 0 0 0 0 0 230.866 230.085 238.588 223.602 223.264 250.586 238.177 267.92 326.066 367.046 413.882 487.071 509.65 545.17 553.803 564.315 553.865 561.287 526.899 452.483 351.83 257.659 208.533 209.106 206.841 210.536 197.368 194.802 194.212 199.126 202.698 199.706 198.226 205.041 203.377 207.155 209.785 206.167 207.108 205.47 207.637 207.35 208.511 201.716 193.587 0 0 0 0 0 0 0 0 0 0 
0 0 0 0 0 0 0 0 0 0 0 253.551 243.55 249.875 253.941 250.849 286.046 329.442 289.601 300.032 322.799 303.245 333.921 347.006 339.47 325.415 293.805 264.809 215.516 180.498 165.304 171.494 183.49 192.056 178.959 186.662 183.513 188.506 176.125 183.618 177.497 179.858 183.827 179.495 176.456 177.134 175.309 174.11 170.769 173.715 180.381 176.951 173.644 171.652 0 0 0 0 0 0 0 0 0 0 0 
0 0 0 0 0 0 0 0 0 0 0 0 0 229.424 234.684 254.667 231.674 247.583 254.601 234.292 222.345 249.33 240.248 206.307 222.906 214.36 190.955 178.513 177.111 196.108 205.432 198.362 175.621 173.434 169.921 172.428 168.927 179.244 182.555 190.525 181.653 193.898 196.119 198.433 198.855 194.034 187.726 189.71 194.602 193.642 188.55 184.25 0 0 0 0 0 0 0 0 0 0 0 0 0 
0 0 0 0 0 0 0 0 0 0 0 0 0 0 234.352 234.191 212.74 224.91 235.889 239.542 221.511 213.709 225.295 239.335 214.486 198.263 206.949 224.243 217.781 203.563 191.269 193.902 205.574 210.918 210.48 209.312 203.918 194.183 193.65 203.289 195.635 196.953 193.718 187.484 193.456 192.117 199.172 197.12 189.168 190.358 193.619 0 0 0 0 0 0 0 0 0 0 0 0 0 0 
0 0 0 0 0 0 0 0 0 0 0 0 0 0 0 220.245 220.565 220.496 220.591 228.504 238.542 218.549 211.607 211.425 223.951 220.971 215.509 191.362 201.37 217.74 227.934 216.26 204.856 196.814 193.078 195.404 213.712 210.352 203.603 201.589 198.976 204.559 204.909 199.734 200.606 203.282 202.98 201.582 197.04 187.526 0 0 0 0 0 0 0 0 0 0 0 0 0 0 0 
0 0 0 0 0 0 0 0 0 0 0 0 0 0 0 0 0 226.225 213.442 216.784 238.265 215.058 217.027 220.509 203.016 203.882 223.204 219.189 210.139 198 196.138 206.12 213.577 222.168 214.233 200.589 197.805 189.965 198.467 198.679 198.163 207.929 208.795 212.523 203.728 206.218 201.9 196.347 0 0 0 0 0 0 0 0 0 0 0 0 0 0 0 0 0 
0 0 0 0 0 0 0 0 0 0 0 0 0 0 0 0 0 0 0 215.709 225.193 213.524 217.996 221.452 209.565 212.393 201.323 207.809 218.006 214.692 205.015 198.915 191.778 199.853 210.607 220.686 215.324 209.531 208.725 202.842 203.138 199.986 205.422 203.549 203.81 201.04 0 0 0 0 0 0 0 0 0 0 0 0 0 0 0 0 0 0 0 
0 0 0 0 0 0 0 0 0 0 0 0 0 0 0 0 0 0 0 0 0 217.427 218.495 214.51 215.695 219.247 207.817 210.003 213.089 215.619 221.479 216.162 211.651 207.005 205.265 205.378 208.253 215.306 217.256 207.498 204.228 203.013 196.461 196.688 0 0 0 0 0 0 0 0 0 0 0 0 0 0 0 0 0 0 0 0 0 
0 0 0 0 0 0 0 0 0 0 0 0 0 0 0 0 0 0 0 0 0 0 0 0 0 208.734 208.45 208.654 209.445 209.315 208.512 211.609 215.991 206.674 209.52 201.541 198.867 200.924 200.943 206.625 0 0 0 0 0 0 0 0 0 0 0 0 0 0 0 0 0 0 0 0 0 0 0 0 0 
0 0 0 0 0 0 0 0 0 0 0 0 0 0 0 0 0 0 0 0 0 0 0 0 0 0 0 0 0 0 0 0 0 0 0 0 0 0 0 0 0 0 0 0 0 0 0 0 0 0 0 0 0 0 0 0 0 0 0 0 0 0 0 0 0 
