0 0 0 0 0 0 0 0 0 0 0 0 0 0 0 0 0 0 0 0 0 0 0 0 0 0 0 0 0 0 0 0 0 0 0 0 0 0 0 0 0 0 0 0 0 0 0 0 0 0 0 0 0 0 0 0 0 0 0 0 0 0 0 0 0 
0 0 0 0 0 0 0 0 0 0 0 0 0 0 0 0 0 0 0 0 0 0 0 0 0 152.81 158.44 159.142 162.668 167.317 157.338 168.078 149.526 173.189 155.867 170.951 146.851 165.474 154.36 158.099 0 0 0 0 0 0 0 0 0 0 0 0 0 0 0 0 0 0 0 0 0 0 0 0 0 
0 0 0 0 0 0 0 0 0 0 0 0 0 0 0 0 0 0 0 0 0 162.69 156.697 166.386 166.534 163.105 164.257 164.333 169.086 167.83 162.645 167.439 158.692 175.868 157.894 172.562 151.956 168.34 157.769 165.966 152.758 162.356 152.159 150.92 0 0 0 0 0 0 0 0 0 0 0 0 0 0 0 0 0 0 0 0 0 
0 0 0 0 0 0 0 0 0 0 0 0 0 0 0 0 0 0 0 166.904 167.834 169.187 168.379 167.746 165.529 162.385 163.93 170.059 172.652 170.256 161.967 164.853 170.383 173.749 169.068 164.125 159.586 172.412 163.874 165.455 157.468 164.961 153.732 158.097 162.167 148.082 0 0 0 0 0 0 0 0 0 0 0 0 0 0 0 0 0 0 0 
0 0 0 0 0 0 0 0 0 0 0 0 0 0 0 0 0 160.37 170.091 164.969 185.305 174.813 177.34 169.277 167.219 165.596 171.571 171.12 173.906 166.661 161.978 172.087 175.41 169.233 170.071 162.495 172.381 170.579 168.639 162.121 161.552 167.594 166.147 168.312 157.067 150.367 165.062 145.089 0 0 0 0 0 0 0 0 0 0 0 0 0 0 0 0 0 
0 0 0 0 0 0 0 0 0 0 0 0 0 0 0 161.681 163.191 169.491 169.72 164.925 181.227 200.438 183.478 165.738 165.152 167.992 179.208 172.828 182.569 160.408 181.712 175.929 176.813 164.991 177.543 170.612 177.825 165.255 166.364 160.94 172.876 174.984 172.935 167.555 155.522 158.205 159.487 151.651 159.278 158.407 0 0 0 0 0 0 0 0 0 0 0 0 0 0 0 
0 0 0 0 0 0 0 0 0 0 0 0 0 0 164.926 172.707 163.969 170.939 171.114 167.485 165.285 219.084 197.053 163.186 162.916 167.797 177.476 178.528 182.618 158.177 189.122 160.657 178.459 162.136 189.003 170.623 185.084 163.818 167.926 162.172 178.722 171.515 172.544 162.708 149.173 173.541 161.545 162.548 164.136 151.983 146.294 0 0 0 0 0 0 0 0 0 0 0 0 0 0 
0 0 0 0 0 0 0 0 0 0 0 0 0 169.556 168.021 170.299 176.648 175.02 171.684 168.386 171.606 210.694 216.595 171.032 169.321 174.557 181.598 177.237 183.447 169.447 192.858 164.791 192.07 161.257 187.929 168.131 177.962 163.502 175.205 168.379 174.086 168.722 167.081 160.215 161.931 178.317 160.519 171.432 163.857 144.822 160.152 150.273 0 0 0 0 0 0 0 0 0 0 0 0 0 
0 0 0 0 0 0 0 0 0 0 0 159.598 172.447 173.253 169.191 169.445 171.65 177.86 173.382 170.131 172.325 197.621 228.089 186.869 195.408 213.609 193.124 180.39 190.893 163.131 188.294 166.49 187.161 166.276 186.951 177.77 180.879 182.845 175.755 176.541 177.346 171.067 167.172 168.166 176.762 173.721 164.443 169.279 159.609 155.421 164.803 146.765 165.84 155.319 0 0 0 0 0 0 0 0 0 0 0 
0 0 0 0 0 0 0 0 0 0 162.015 170.442 176.008 173.154 172.918 172.537 175.115 174.148 164.447 170.879 173.398 167.109 214.263 228.844 210.809 221.56 197.913 175.402 181.809 160.581 197.272 181.047 177.862 166.756 182.294 182.166 181.361 175.347 163.864 178.668 170.449 178.634 180.737 164.04 181.434 164.525 163.974 169.76 158.988 168.345 164.162 164.682 162.913 149.464 141.876 0 0 0 0 0 0 0 0 0 0 
0 0 0 0 0 0 0 0 0 164.707 169.103 173.573 173.888 173.741 175.657 172.475 182.39 180.775 168.085 176.69 188.323 177.661 181.398 206.176 181.341 210.591 189.212 167.109 178.205 172.767 195.805 166.282 170.953 183.684 187.668 180.98 170.91 175.422 169.334 185.122 177.555 182.119 174.981 170.373 180.647 153.023 171.544 171.444 164.345 179.611 158.495 169.814 158.677 147.45 156.287 153.13 0 0 0 0 0 0 0 0 0 
0 0 0 0 0 0 0 0 163.571 172.027 174.058 175.536 177.563 178.433 178.175 179.897 177.794 178.017 173.73 187.71 175.419 173.653 177.27 188.837 191.922 238.593 194.77 148.356 194.78 184.519 174.965 163.863 185.023 195.154 170.653 178.443 173.436 181.958 177.457 182.728 176.93 175.561 172.919 175.562 170.888 171.492 179.22 168.4 177.581 167.331 161.098 166.92 158.753 151.24 170.177 142.655 157.294 0 0 0 0 0 0 0 0 
0 0 0 0 0 0 0 0 175.736 174.579 178.492 180.618 176.251 173.796 175.538 183.011 185.075 177.007 179.557 192.439 170.819 180.764 176.054 177.453 197.71 229.927 217.487 194.726 192.088 169.309 169.361 194.266 178.483 179.363 165.423 187.779 189.197 178.592 172.648 176.265 177.713 184.181 168.97 188.39 168.978 179.503 179.454 165.959 175.394 150.489 171.821 162.675 154.654 169.064 162.497 156.555 163.256 0 0 0 0 0 0 0 0 
0 0 0 0 0 0 0 179.602 176.16 175.427 174.283 181.675 178.386 172.975 176.594 188.094 183.166 169.109 186.343 181.014 173.604 189.231 158.921 178.826 186.758 176.283 225.469 245.05 193.733 181.532 189.896 190.398 157.915 188.382 186.519 190.897 178.527 160.282 177.442 184.119 186.657 177.314 176.963 180.17 168.115 182.084 168.001 176.011 166.892 167.547 176.08 166.207 167.969 176.427 151.329 170.133 149.455 145.381 0 0 0 0 0 0 0 
0 0 0 0 0 0 172.099 179.897 179.821 178.398 177.067 184.537 184.724 178.03 176.937 184.997 174.009 186.137 183.157 168.722 190.05 179.733 173.985 191.213 165.723 186.119 183.349 210.286 257.075 180.328 162.11 193.839 178.103 194.904 177.389 170.831 177.708 184.646 194.923 185.605 170.376 162.891 180.544 174.016 170.931 172.379 165.401 182.033 167.965 184.508 170.317 162.595 171.172 159.23 163.375 162.92 151.372 157.971 153.297 0 0 0 0 0 0 
0 0 0 0 0 165.711 174.679 180.356 179.4 180.899 182.185 189.961 187.595 178.424 189.609 189.512 173.935 190.341 167.518 181.623 181.803 178.869 189.668 171.511 199.404 169.066 175.039 204.7 225.286 222.646 191.522 184.692 164.629 177.399 191.311 179.966 184.909 182.93 174.979 160.406 170.341 173.074 200.273 168.093 177.24 171.935 182.809 179.558 176.555 176.761 156.709 166.904 172.467 157.265 172.111 153.53 156.736 158.979 151.983 152.427 0 0 0 0 0 
0 0 0 0 0 176.57 180.214 179.047 174.759 177.414 177.998 192.666 178.745 170.194 201.302 186.559 188.477 193.983 169.845 194.569 170.548 197.387 160.438 193.23 181.471 179.546 202.741 158.065 182.555 262.632 197.431 167.124 197.905 184.983 171.627 160.155 169.739 173.623 178.376 181.998 189.195 181.079 184.442 164.522 169.484 168.403 187.566 166.327 169.023 156.78 161.439 183.512 164.482 167.076 158.487 159.008 161.925 161.132 149.424 154.055 0 0 0 0 0 
0 0 0 0 173.018 175.597 182.623 193.847 190.971 183.908 177.967 188.951 191.495 175.346 195.617 173.739 203.801 178.981 197.195 182.341 208.697 176.257 186.763 184.067 189.53 178.837 194.744 182.823 165.991 200.367 201.5 209.163 173.617 147.619 183.961 189.898 174.304 179.116 186.169 171.556 157.171 169.064 172.067 169.86 168.253 170.774 174.521 163.842 168.189 165.155 180.363 172.091 163.189 173.578 165.908 168.537 165.512 155.24 155.24 151.246 143.056 0 0 0 0 
0 0 0 0 176.479 181.443 176.257 184.896 184.495 185.499 189.697 196.778 184.648 187.05 194.73 190.894 205.668 201.78 183.374 198.995 199.127 199.881 197.974 213.195 181.073 197.805 170.266 168.119 171.859 166.481 180.618 206.162 166.073 147.465 156.451 141.942 138.019 164.374 175.534 156.141 158.85 178.905 179.393 168.373 161.807 173.557 170.498 172.718 164.202 165.015 176.98 155.674 159.786 154.913 153.573 150.795 147.225 145.077 149.664 139.432 140.594 0 0 0 0 
0 0 0 176.974 181.727 185.675 179.555 189.814 189.143 188.449 195.94 211.074 185.066 208.572 188.641 217.54 199.479 221.233 213.28 226.756 240.345 233.931 268.676 268.358 278.219 306.785 291.004 282.022 228.834 219.456 203.674 149.983 160.94 172.895 163.04 168.884 173.272 167.527 167.29 154.509 162.378 165.526 156.646 142.528 152.93 168.274 156.477 157.237 148.814 162.235 161.088 142.37 155.13 152.737 158.713 158.059 145.734 156.958 147.112 143.147 143.284 139.675 0 0 0 
0 0 0 183.472 185.675 181.04 183.647 190.497 190.961 181.206 182.071 195.451 180.261 203.269 179.048 198.818 198.76 198.058 192.425 216.93 265.777 327.539 414.714 439.691 498.474 505.452 535.049 536.985 540.735 510.48 423.858 348.47 248.652 179.934 181.107 167.74 150.568 159.765 178.316 156.612 171.709 163.248 179.884 176.796 188.354 189.546 191.07 173.757 168.449 188.679 161.172 181.597 173.202 175.671 177.466 163.134 171.042 170.331 164.062 159.872 156.914 146.579 0 0 0 
0 0 178.085 179.164 182.2 181.066 178.39 182.697 183.976 177.533 184.723 191.276 179.278 182.522 185.563 194.009 192.591 212.685 273.386 407.191 499.422 556.241 582.174 578.681 601.457 587.891 605.613 576.746 585.685 563.895 588.226 555.319 511.592 432.602 300.917 201.011 195.495 217.863 205.041 201.077 205.124 186.341 197.842 188.758 190.356 177.687 180.043 167.754 188.017 187.621 184.991 190.879 179.951 189.088 174.796 168.202 179.922 168.065 166.433 170.863 162.782 164.678 159.751 0 0 
0 0 176.841 179.633 184.711 188.498 183.672 194.641 196.257 178.557 193.526 176.961 193.63 179.868 179.757 190.051 257.277 405.896 518.406 594.543 585.043 606.012 592.094 615.253 596.452 616.02 601.856 615.127 600.014 618.409 604.891 596.003 584.754 568.779 537.359 418.552 255.235 199.486 178.863 203.487 197.517 190.946 211.549 203.856 193.861 200.935 204.529 192.364 208.343 192.723 194.584 176.201 187.454 182.413 170.93 190.936 178.125 175.071 177.332 170.988 170.617 172.331 159.193 0 0 
0 0 186.711 184.856 180.187 185.664 180.149 187.799 190.277 174.946 205.499 168.991 204.865 185.967 195.003 300.645 478.872 577.378 582.609 612.462 593.437 624.586 610.642 620.748 616.007 615.829 633.077 618.742 627.625 616.829 636.537 636.202 601.408 606.511 599.975 559.228 475.508 317.355 201.897 249.377 195.984 167.135 197.803 197.038 188.893 217.123 202.532 192.622 201.337 200.666 193.719 188.945 197.7 180.558 188.389 194.777 182.254 182.871 174.5 172.315 183.207 166.634 166.566 0 0 
0 0 183.692 189.83 182.612 181.249 181.15 182.156 193.715 166.912 200.12 177.049 187.548 217.031 353.372 519.569 588.473 587.43 592.452 626.443 621.363 624.974 627.303 601.357 618.597 621.974 611.344 622.031 614.152 623.833 626.883 654.631 625.489 614.175 637.729 613.828 597.914 503.581 298.742 203.06 204.81 218.064 244.645 202.827 190.324 200.913 169.18 197.286 205.193 197.322 180.264 200.443 198.034 191.528 199.852 191.036 188.75 186.504 186.37 195.611 179.986 171.975 170.984 0 0 
0 168.967 181.88 186.666 187.353 187.292 185.95 190.466 199.031 172.72 198.918 185.953 205.435 357.74 539.021 572.967 605.192 616.934 618.518 617.726 625.527 607.842 624.996 617.105 614.422 615.085 615.551 611.357 619.798 612.88 618.134 641.411 643.154 627.47 640.129 603.807 626.398 601.564 511.358 312.376 214.605 159.587 199.937 196.102 220.225 212.936 195.149 208.982 206.354 187.403 194.672 209.297 186.911 202.889 194.12 190.273 188.453 180.267 193.7 182.3 177.971 181.63 170.337 170.044 0 
0 182.829 180.273 180.18 183.174 180.381 176.039 179.142 196.354 167.531 197.588 196.6 337.982 542.503 589.48 583.396 620.378 619.251 623.332 605.613 616.839 606.631 603.645 612.896 621.46 608.914 607.03 617.22 617.452 615.352 621.102 638.265 624.515 630.636 661.42 624.031 638.492 579.573 627.856 427.219 319.533 233.839 205.694 216.826 199.269 201.688 212.426 223.847 202.99 179.659 210.568 191.607 195.708 194.404 183.706 186.644 194.236 193.295 189.429 176.162 179.995 174.876 171.733 177.449 0 
0 181.221 177.516 181.117 190.15 184.843 180.997 180.779 199.46 172.753 183.519 298.109 505.231 582.479 597.11 591.938 625.297 617.819 615.086 598.476 608.966 600.75 604.744 605.428 608.045 618.924 632.335 628.097 621.473 622.215 626.794 649.971 646.305 632.034 667.962 649.859 676.365 644.072 633.871 598.56 378.097 261.707 210.115 214.863 178.109 220.161 194.12 219.682 190.162 213.519 224.994 198.241 212.65 203.452 194.953 200.752 205.286 199.661 188.115 191.461 186.082 192.057 184.708 181.839 0 
0 180.322 186.716 183.815 190.379 185.921 183.119 172.79 203.021 179.342 227.902 444.438 575.111 589.564 614.863 591.732 610.593 589.145 592.265 583.885 566.983 549.349 541.348 521.634 507.743 513.316 531.287 576.371 639.784 641.754 631.465 654.04 662.904 646.014 658.007 652.331 639.904 665.755 620.574 627.896 540.009 333.178 227.891 232.369 219.799 232.911 214.033 223.707 202.283 235.989 209.585 210.713 212.083 208.728 208.23 206.097 213.483 182.459 186.843 194.213 196.634 194.002 183.951 179.86 0 
0 181.428 184.563 181.958 185.757 189.679 187.713 169.866 207.765 188.996 342.06 552.192 593.189 610.384 631.044 615.764 622.609 613.135 613.034 602.892 599.46 552.086 447.215 349.354 276.951 244.952 222.603 252.423 340.167 466.288 570.196 605.936 636.763 624.473 637.034 654.88 640.459 675.608 637.281 628.617 598.39 450.301 213.945 202.285 224.998 191.753 200.21 182.69 200.24 197.568 178.39 197.82 194.503 189.701 190.609 190.415 177.872 183.395 190.019 187.512 175.501 175.609 173.679 170.368 0 
0 179.926 178.013 184.333 186.242 189.785 193.038 177.962 213.816 230.223 469.263 588.65 605.439 618.582 634.613 623.548 621.881 617.974 615.505 608.542 467.504 290.656 198.907 173.872 176.401 173.564 170.532 170.657 161.953 196.023 327.804 501.324 639.615 603.192 629.225 628.236 617.088 608.695 622.926 595.586 602.86 530.224 289.929 218.169 211.239 178.906 232.66 173.748 205.289 181.361 191.267 193.585 181.719 188.273 190.088 176.044 178.288 187.401 181.962 183.31 177.585 169.113 162.492 157.755 0 
0 187.031 182.09 182.025 182.11 193.38 194.884 168.73 205.238 292.666 546.93 586.858 612.377 623.404 631.869 638.693 614.76 610.599 605.311 419.152 212.485 173.371 181.758 174.486 174.252 169.744 168.631 163.645 163.936 148.331 150.322 236.108 642.307 646.014 632.434 614.87 636.582 632.86 650.345 637.805 611.007 578.317 392.693 193.498 206.18 182.646 187.978 180.991 204.622 185.45 201.431 186.376 180.097 194.36 191.233 181.188 191.166 190.11 172.28 171.66 167.012 176.912 178.445 171.89 0 
0 183.429 180.485 183.494 184.938 184.776 199.415 173.757 210.159 380.846 580.189 599.04 622.112 631.681 620.642 633.881 595.395 616.99 462.49 207.219 167.669 171.969 168.511 161.456 167.88 162.863 162.49 156.78 152.224 135.27 126.156 31.6635 404.338 764.22 637.356 660.179 648.654 634.972 619.491 629.448 618.03 619.652 490.102 264.41 224.879 191.319 183.702 207.259 199.715 189.129 178.613 178.141 192.567 187.049 177.403 184.345 185.589 182.368 175.073 178.191 179.234 179.721 173.136 169.399 0 
0 179.87 182.338 187.187 187.195 182.324 201.339 186.53 226.912 446.435 588.828 607.628 621.373 628.519 619.152 637.426 605.218 571.156 275.98 168.774 177.861 171.331 171.59 172.513 174.264 165.972 164.52 167.394 166.186 156.268 148.142 132.42 188.556 613.055 663.344 621.66 614.611 638.133 650.794 624.035 628.337 573.35 553.275 312.109 197.565 196.782 204.177 215.988 167.87 201.972 188.038 201.414 199.274 178.237 182.668 172.617 170.727 175.872 174.93 176.659 179.104 173.724 166.601 164.549 0 
0 188.249 186.699 184.595 186.362 179.389 195.404 193.062 247.043 494.356 590.298 607.785 627.216 629.243 624.236 639.944 608.04 461.985 192.776 180.168 170.061 172.785 176.116 170.941 175.968 175.276 168.597 179.031 171.789 174.938 156.477 159.281 180.506 444.782 613.129 654.434 628.851 599.68 616.927 650.767 623.682 616.778 574.716 358.1 191.982 208.848 184.641 184.37 202.343 188.823 199.421 200.421 169.346 181.414 188.176 183.292 184.039 183.594 179.306 184.975 172.758 167.558 163.615 159.264 0 
0 180.137 180.985 188.972 188.845 189.622 183.773 206.238 249.754 523.365 600.094 614.825 623.007 631.143 621.733 623.511 610.358 367.069 174.48 181.713 175.397 172.315 179.109 180.764 175.238 179.506 166.928 182.463 176.419 176.682 170.094 166.194 180.55 391.572 572.553 604.256 626.868 628.362 631.012 616.149 621.923 600.507 592.053 425.98 199.399 190.035 205.059 174.613 196.849 179.151 187.676 181.359 188.691 197.721 185.636 177.085 183.02 186.239 177.661 171.919 170.285 172.24 166.997 169.664 0 
0 185.816 191.224 190.902 190.375 190.057 176.272 211.104 261.825 539.397 594.309 619.879 629.302 631.494 618.743 614.494 627.129 305.014 174.409 180.904 171.894 172.715 178.022 181.574 175.699 179.171 167.011 176.618 185.202 178.827 167.191 170.799 178.837 361.3 581.828 599.796 606.771 630.277 631.004 636.309 611.19 606.366 589.057 432.196 214.977 217.773 192.647 192.699 167.92 207.209 192.53 180.444 199.707 184.973 178.376 189.516 188.468 179.809 168.989 170.11 170.393 174.447 176.699 173.917 0 
0 188.948 183.414 188.371 189.014 193.247 186.298 206.096 265.003 542.261 588.595 614.415 636.933 635.23 619.882 604.801 619.035 310.495 177.981 185.744 175.419 177.451 175.26 178.406 174.316 179.301 179.621 180.806 177.916 186.031 173.332 179.775 174.852 375.629 597.896 589.112 606.36 613.583 623.79 625.858 640.823 602.507 568.023 447.489 215.798 202.376 175.794 189.743 211.265 189.416 189.459 201.248 171.238 178.89 182.779 180.822 188.369 178.373 178.476 181.013 181.95 177.405 168.111 166.38 0 
0 186.88 190.405 191.693 183.931 191.434 194.406 187.382 282.301 528.488 597.027 613.116 627.802 634.009 637.455 613.174 607.893 371.726 176.457 184.63 180.508 176.868 171.097 178.676 178.978 177.77 179.919 186.818 179.811 174.312 168.912 185.755 189.14 425.875 595.851 584.608 610.632 613.919 617.12 624.114 631.977 619.73 578.392 413.739 210.863 185.92 201.824 198.174 193.636 178.052 191.181 182.253 178.305 189.744 185.612 184.444 179.88 178.425 179.904 178.432 177.914 172.375 166.185 172.233 0 
0 182.826 191.786 193.361 193.552 189.206 192.263 178.056 270.255 508.728 595.994 621.72 629.18 629.217 628.213 628.102 608.326 476.701 185.967 178.569 178.157 177.171 178.354 177.259 177.002 175.667 180.642 178.509 188.04 180.516 170.168 180.377 204.735 491.435 589.999 593.58 613.167 617.39 606.197 633.836 618.063 582.031 578.257 421.977 220.425 191.324 180.158 193.416 171.68 207.678 184.572 180.711 203.619 189.659 171.857 179.724 191.154 186.476 180.036 172.141 171.229 167.525 163.677 164.933 0 
0 0 179.724 182.061 194.389 196.035 194.177 185.598 240.656 481.649 589.714 606.807 630.505 639.492 625.56 627.237 622.782 559.689 276.078 174.368 182.286 174.555 176.672 179.477 174.865 176.681 180.086 178.361 186.477 165.139 179.638 177.09 294.202 575.333 603.477 612.702 615.408 607.762 605.747 623.441 619.516 600.49 572.272 367.999 185.41 195.319 201.315 182.406 205.52 182.329 194.909 198.082 181.827 180.194 182.167 181.488 185.143 173.377 168.297 170.396 171.342 171.695 169.755 0 0 
0 0 184.791 185.633 182.61 189.047 190.185 197.085 194.562 450.33 582.267 606 626.419 640.91 632.527 624.497 623.662 611.156 467.7 211.685 180.295 185.881 174.168 184.97 172.387 174.496 179.733 184.356 184.286 174.985 186.61 208.313 461.99 609.029 598.13 607.484 607.902 602.353 636.91 620.448 582.929 573.718 560.295 310.493 201.283 207.904 187.102 198.783 176.529 187.141 178.886 170.422 177.304 183.152 194.191 185.794 173.213 176.91 179.574 177.429 181.697 176.656 173.71 0 0 
0 0 195.998 189.566 181.912 191.31 193.863 198.703 193.047 367.864 565.842 603.295 620.558 631.726 643.486 622.88 625.936 619.71 591.102 423.347 196.252 183.35 178.052 184.942 179.992 177.245 174.631 189.419 184.19 178.273 194.842 362.613 587.854 600.516 609.365 622.433 605.483 617.426 629.599 619.172 602.461 584.826 495.421 234.431 191.015 181.395 184.249 172.703 194.162 196.628 179.653 188.32 191.696 178.966 183.475 188.966 185.285 181.168 179.007 186.251 177.423 168.371 168.849 0 0 
0 0 182.471 188.754 196.671 188.221 181.985 199.352 203.122 262.37 547.797 592.32 612.482 635.476 640.365 635.365 627.382 628.157 622.649 599.081 466.81 257.199 197.326 184.856 174.502 176.259 184.173 193.862 174.786 197.327 354.657 556.393 612.685 604.872 618.946 618.762 605.979 628.339 610.677 598.025 591.746 569.115 382.66 216.149 202.135 206.776 180.699 208.06 190.406 184.217 200.725 190.137 174.626 176.082 177.743 182.771 191.745 189.023 176.085 174.544 173.593 167.464 171.596 0 0 
0 0 0 186.855 186.54 182.234 188.378 180.693 194.922 212.511 439.893 576.273 593.76 617.154 624.193 626.84 619.924 618.163 619.379 594.058 616.522 541.043 415.624 347.422 283.329 243.214 227.02 245.032 302.421 459.212 598.999 629.302 626.871 627.621 634.325 624.179 640.794 656.753 629.082 622.579 602.718 545.89 299.828 203.284 192.156 193.049 201.775 183.542 203.098 200.928 186.295 181.813 186.977 198.208 200.651 182.701 183.877 181.732 188.98 179.303 176.929 183.836 0 0 0 
0 0 0 184.769 187.166 186.772 190.668 173.441 184.484 186.795 279.014 536.953 574.646 593.575 605.654 608.687 609.809 589.233 589.278 573.961 559.298 566.839 549.936 499.248 504.476 480.312 502.767 574.076 629.175 670.725 665.212 671.268 647.347 652.937 646.972 634.964 666.462 643.895 635.914 628.533 611.488 488.124 264.587 232.042 223.517 224.824 218.086 231.883 218.358 201.94 210.392 221.067 221.998 212.597 207.556 208.417 194.158 196.736 202.093 198.862 193.553 199.895 0 0 0 
0 0 0 0 192.37 188.566 184.756 183.043 184.963 180.752 197.012 403.398 577.124 578.17 608.577 609.739 621.765 616.211 613.141 606.123 605.281 602.824 612.746 619.31 599.178 635.618 667.903 652.007 649.081 653.193 650.346 642.194 643.259 670.41 659.786 674.905 685.848 642.395 641.01 614.393 559.65 347.28 212.668 215.756 200.383 222.429 216.531 191.434 204.271 218.619 214.995 201.993 203.273 199.843 199.594 205.031 206.025 203.763 202.317 194.863 193.295 0 0 0 0 
0 0 0 0 178.978 184.721 186.189 185.999 188.04 190.81 191.704 231.381 482.286 581.116 593.348 611.763 626.009 621.934 630.64 615.279 608.396 610.966 604.635 631.558 645.832 602.332 632.336 664.322 635.523 626.213 645.393 647.014 656.445 648.068 630.759 645.849 633.676 625.285 621.477 594.177 449.228 253.837 215.02 220.48 207.961 200.537 206.927 221.188 209.972 193.738 189.139 194.397 198.175 199.417 204.383 196.373 196.328 193.491 182.841 185.188 193.472 0 0 0 0 
0 0 0 0 0 185.615 189.827 187.619 197.074 187.382 198.261 195.926 259.757 504.047 578.677 596.094 615.175 609.997 625.772 631.667 622.811 626.205 622.551 614.981 623.347 625.982 638.134 616.011 631.412 646.327 644.118 614.992 644.522 643.862 663.615 658.098 628.772 612.645 582.912 487.739 273.484 211.643 212.664 200.77 200.934 219.395 209.941 193.086 191.107 196.651 211.106 214.833 203.862 201.773 198.695 191.898 190.697 189.054 185.148 181.135 0 0 0 0 0 
0 0 0 0 0 189.392 187.318 187.696 186.084 174.631 187.164 194.109 192.751 273.607 504.478 573.895 596.555 606.249 620.48 628.375 631.452 627.867 634.657 626.573 617.556 617.859 664.692 629.274 611.485 640.18 642.094 653.155 646.193 625.432 638.34 612.28 615.457 606.303 533.112 332.657 218.524 205.114 202.947 206.163 196.571 182.473 200.812 207.387 211.406 203.881 199.781 193.219 192.089 191.087 190.593 190.66 190.991 186.759 186.97 190.49 0 0 0 0 0 
0 0 0 0 0 0 184.782 197.349 189.919 184.473 192.478 185.609 186.758 192.93 266.373 473.75 561.694 591.112 601.438 613.489 620.877 624.686 628.785 628.084 632.256 629.91 657.751 639.567 629.567 639.084 617.31 652.33 624.042 649.114 623.178 596.869 593.68 540.448 346.571 228.058 217.148 203.465 199.529 207.373 213.724 213.06 199.892 193.109 186.517 195.005 194.306 195.359 200.393 196.414 195.432 194.281 191.813 184.803 194.24 0 0 0 0 0 0 
0 0 0 0 0 0 0 191.291 193.082 187.025 192.208 188.164 187.922 210.947 187.519 230.266 417.668 520.172 587.888 604.66 602.544 613.557 619.534 623.628 622.813 630.418 651.467 634.065 630.518 642.13 616.827 633.85 609.869 630.926 591.091 604.071 511.458 339.647 214.748 202.737 201.226 219.967 212.548 204.62 181.095 187.528 189.761 200.665 204.028 197.404 196.454 195.968 190.802 191.767 192.588 187.898 182.479 186.169 0 0 0 0 0 0 0 
0 0 0 0 0 0 0 0 185.102 193.492 185.886 191.79 183.638 188.668 198.09 187.345 204.285 326.884 441.591 540.771 594.424 594.82 600.387 606.064 600.807 615.53 636.956 603.298 620.463 612.488 622.07 592.492 600 588.468 553.054 447.689 290.289 216.335 206.686 200.777 190.139 184.228 188.384 203.08 203.829 207.152 212.904 204.734 196.829 189.396 187.777 183.583 183.663 186.347 186.524 181.222 182.085 0 0 0 0 0 0 0 0 
0 0 0 0 0 0 0 0 193.57 197.28 189.772 186.167 186.679 191.936 183.387 202.038 199.678 174.859 247.318 315.245 403.341 513.865 559.169 576.915 573.818 608.481 620.65 569.561 603.034 573.803 596.418 570.966 560.684 441.132 342.98 220.224 198.464 202.547 202.772 200.874 206.064 193.11 187.382 186.037 185.38 186.62 191.402 180.857 179.329 176.204 183.076 186.169 187.623 186.775 178.72 178.073 183.395 0 0 0 0 0 0 0 0 
0 0 0 0 0 0 0 0 0 187.73 199.006 204.252 197.082 192.027 198.645 206.447 208.264 200.751 202.536 228.268 257.705 263.405 329.254 402.376 425.987 501.893 510.345 511.691 521.194 494.107 441.4 373.813 269.789 199.722 174.323 168.946 182.979 162.408 178.039 167.945 170.484 170.95 182.041 190.316 185.885 172.573 173.586 178.861 180.533 180.185 179.618 178.689 175.646 170.364 168.436 175.694 0 0 0 0 0 0 0 0 0 
0 0 0 0 0 0 0 0 0 0 203.74 204.558 210.597 210.196 210.97 217.55 221.321 225.409 231.298 224.569 259.485 278.265 265.164 250.716 290.422 377.571 307.026 275.718 241.044 218.428 172.984 158.719 144.871 166.682 147.309 149.917 138.944 143.619 151.528 145.405 156.205 160.594 150.962 144.462 143.629 144.022 142.294 149.211 148.249 155.564 155.236 154.718 151.735 155.542 158.511 0 0 0 0 0 0 0 0 0 0 
0 0 0 0 0 0 0 0 0 0 0 195.255 205.034 199.793 198.566 205.799 207.489 203.346 204.719 206.293 199.011 204.884 214.064 220.92 213.648 255.429 152.752 200.382 180.781 169.671 170.791 141.932 156.192 148.517 167.663 175.449 173.521 185.246 181.646 172.424 164.386 156.1 153.783 165.937 167.675 166.803 164.01 164.023 166.684 162.687 160.547 151.829 158.915 160.322 0 0 0 0 0 0 0 0 0 0 0 
0 0 0 0 0 0 0 0 0 0 0 0 0 187.056 197.67 199.952 193.049 193.116 202.401 196.815 200.255 196.845 191.019 202.079 217.718 280.229 164.758 182.796 175.324 178.974 194.502 193.281 185.891 179.551 180.139 165.221 162.325 153.622 137.815 154.4 164.642 170.107 173.944 174.196 177.346 174.555 182.021 174.376 176.872 167.255 162.095 169.916 0 0 0 0 0 0 0 0 0 0 0 0 0 
0 0 0 0 0 0 0 0 0 0 0 0 0 0 188.229 194.781 195.401 194.038 193.122 188.3 197.336 189.403 179.369 191.633 212.293 266.214 158.089 189.84 175.857 187.172 166.442 168.27 167.708 182.545 174.551 180.582 172.289 176.975 179.649 179.883 175.29 170.156 175.632 173.216 176.014 176.44 182.54 175.006 167.181 175.512 182.63 0 0 0 0 0 0 0 0 0 0 0 0 0 0 
0 0 0 0 0 0 0 0 0 0 0 0 0 0 0 180.46 187.465 200.61 191.865 192.988 190.767 189.08 190.446 184.361 218.06 248.403 172.714 188.606 180.168 185.389 186.274 169.338 180.779 179.262 181.348 181.496 186.353 190.392 187.477 178.808 176.07 176.455 185.047 180.648 179.81 176.941 167.736 175.003 177.128 180.209 0 0 0 0 0 0 0 0 0 0 0 0 0 0 0 
0 0 0 0 0 0 0 0 0 0 0 0 0 0 0 0 0 184.972 186.383 194.334 194.081 190.257 196.903 179.138 231.057 229.715 174.633 188.218 187.592 182.754 177.707 179.224 178.656 186.692 184.352 181.442 187.558 182.335 184.877 189.637 188.614 183.267 178.925 180.471 171.915 177.559 179.656 186.025 0 0 0 0 0 0 0 0 0 0 0 0 0 0 0 0 0 
0 0 0 0 0 0 0 0 0 0 0 0 0 0 0 0 0 0 0 186.982 185.322 189.341 204.515 181.858 250.908 226.723 174.349 184.998 190.229 180.724 185.006 185.584 184.778 184.501 179.458 187.85 185.467 178.916 185.544 180.873 180.561 184.224 173.017 180.478 181.248 186.448 0 0 0 0 0 0 0 0 0 0 0 0 0 0 0 0 0 0 0 
0 0 0 0 0 0 0 0 0 0 0 0 0 0 0 0 0 0 0 0 0 191.149 185.645 174.092 278.273 214.066 185.362 193.319 187.513 188.576 186.997 187.87 187.098 182.722 187.675 183.285 178.48 178.519 183.494 174.399 181.12 182.659 192.892 188.283 0 0 0 0 0 0 0 0 0 0 0 0 0 0 0 0 0 0 0 0 0 
0 0 0 0 0 0 0 0 0 0 0 0 0 0 0 0 0 0 0 0 0 0 0 0 0 180.738 191.652 181.126 179.417 190.682 183.377 187.545 182.852 185.138 188.81 185.763 187.128 188.779 194.791 196.163 0 0 0 0 0 0 0 0 0 0 0 0 0 0 0 0 0 0 0 0 0 0 0 0 0 
0 0 0 0 0 0 0 0 0 0 0 0 0 0 0 0 0 0 0 0 0 0 0 0 0 0 0 0 0 0 0 0 0 0 0 0 0 0 0 0 0 0 0 0 0 0 0 0 0 0 0 0 0 0 0 0 0 0 0 0 0 0 0 0 0 
