0 0 0 0 0 0 0 0 0 0 0 0 0 0 0 0 0 0 0 0 0 0 0 0 0 0 0 0 0 0 0 0 0 0 0 0 0 0 0 0 0 0 0 0 0 0 0 0 0 0 0 0 0 0 0 0 0 0 0 0 0 0 0 0 0 
0 0 0 0 0 0 0 0 0 0 0 0 0 0 0 0 0 0 0 0 0 0 0 0 0 241.834 254.042 254.406 226.616 237.707 251.245 249.587 248.36 236.935 239.652 241.412 228.66 235.45 215.108 223.679 0 0 0 0 0 0 0 0 0 0 0 0 0 0 0 0 0 0 0 0 0 0 0 0 0 
0 0 0 0 0 0 0 0 0 0 0 0 0 0 0 0 0 0 0 0 0 252.771 253.375 250.072 255.921 265.622 264.13 249.247 240.092 252.079 257.538 255.549 250.262 252.192 257.948 246.076 240.025 244.464 234.867 239.799 219.996 228.828 203.733 206.514 0 0 0 0 0 0 0 0 0 0 0 0 0 0 0 0 0 0 0 0 0 
0 0 0 0 0 0 0 0 0 0 0 0 0 0 0 0 0 0 0 253.09 263.935 267.931 258.521 259.728 271.944 268.817 262.676 255.708 259.823 253.608 258.581 266.466 258.518 259.741 256.412 251.588 250.734 256.742 248.115 242.052 232.531 236.885 217.289 236.443 199.926 211.81 0 0 0 0 0 0 0 0 0 0 0 0 0 0 0 0 0 0 0 
0 0 0 0 0 0 0 0 0 0 0 0 0 0 0 0 0 262.602 260.203 263.646 272.713 271.273 262.169 276.56 278.557 267.253 270.701 265.912 262.428 251.015 272.071 275.507 264.888 263.66 269.289 265.251 262.124 259.441 253.054 248.087 249.166 246.809 235.809 241.178 213.917 225.225 194.119 200.036 0 0 0 0 0 0 0 0 0 0 0 0 0 0 0 0 0 
0 0 0 0 0 0 0 0 0 0 0 0 0 0 0 259.658 272.414 267.733 269.118 274.376 275.154 270.602 273.195 283.058 271.023 281.118 285.521 268.144 261.213 260.687 292.402 273.904 260.374 276.785 286.909 268.042 267.556 256.553 266.704 263.02 263.625 241.601 250.094 237.713 234.308 233.538 212.067 214.527 197.035 194.701 0 0 0 0 0 0 0 0 0 0 0 0 0 0 0 
0 0 0 0 0 0 0 0 0 0 0 0 0 0 263.201 276.603 276.082 266.568 279.53 279.997 270.564 275.515 284.327 271.775 278.292 292.746 273.152 271.232 282.287 271.151 269.316 274.332 286.949 281.794 277.931 260.012 276.953 274.172 279.957 253.531 256.694 241.908 269.589 242.859 259.475 223.315 234.378 219.109 217.788 202.385 185.774 0 0 0 0 0 0 0 0 0 0 0 0 0 0 
0 0 0 0 0 0 0 0 0 0 0 0 0 267.134 279.051 281.237 273.876 277.424 289.721 272.993 282.658 283.595 274.363 286.48 293.323 277.185 273.324 292.52 267.632 268.206 276.146 298.869 288.453 279.867 280.494 275.667 288.448 278.394 271.348 256.308 264.136 259.632 272.499 253.527 251.976 230.673 245.237 222.434 240.681 209.026 207.369 185.63 0 0 0 0 0 0 0 0 0 0 0 0 0 
0 0 0 0 0 0 0 0 0 0 0 272.918 278.109 267.852 289.064 282.349 276.024 286.188 285.963 273.715 293.651 273.66 284.574 296.69 279.234 289.986 291.024 282.258 274.651 276.684 279.739 289.521 290.476 294.793 287.849 276.055 281.526 276.085 273.941 271.895 265.813 267.66 259.065 252.528 249.77 247.107 250.035 246.642 245.564 217.272 222.745 197.904 201.95 168.137 0 0 0 0 0 0 0 0 0 0 0 
0 0 0 0 0 0 0 0 0 0 275.228 280.892 279.724 277.729 290.634 276.545 291.69 285.366 283.831 293.393 280.718 285.147 298.764 278.735 301.794 294.335 283.726 306.206 297.323 246.062 267.043 323.121 299.345 273.972 274.967 282.196 290.656 284.144 264.994 267.833 255.068 274.676 246.547 278.644 248.001 267.651 250.503 260.147 234.455 231.532 222.445 215.132 212.402 184.4 172.67 0 0 0 0 0 0 0 0 0 0 
0 0 0 0 0 0 0 0 0 269.699 288.771 284.25 280.742 294.709 285.419 283.159 295.375 279.833 307.765 282.737 293.257 290.198 290.553 307.248 292.07 286.753 313.092 316.346 300.888 333.997 334.962 319.646 283.311 286.215 298.094 285.489 271.216 266.589 263.532 274.555 266.967 275.307 265.499 272.229 250.932 260.871 240.065 254.798 239.692 245.765 225.707 241.893 215.174 204.671 186.96 163.606 0 0 0 0 0 0 0 0 0 
0 0 0 0 0 0 0 0 270.167 281.703 294.02 275.744 288.387 295.868 283.134 300.894 276.028 297.337 289.883 289.09 292.999 277.162 299.589 285.624 294.186 290.818 282.794 294.527 321.964 525.269 474.761 339.905 300.246 291.905 285.568 281.069 279.803 289.96 286.818 279.135 264.379 269.07 275.375 266.278 265.655 255.979 266.261 264.685 261.631 253.931 250.62 240.562 223.371 223.272 194.438 191.238 160.861 0 0 0 0 0 0 0 0 
0 0 0 0 0 0 0 0 275.665 287.83 297.587 276.849 302.015 284.047 298.382 291.198 288.549 296.9 290.433 294.003 297.259 288.407 291.437 292.007 273.881 291.648 301.111 271.174 369.658 693.119 570.289 326.458 293.782 313.031 290.189 274.347 278.213 278.267 279.96 261.295 289.944 277.766 300.128 266.165 276.602 263.311 279.266 253.849 264.996 240.371 251.584 237.847 242.027 217.958 214.889 210.413 184.113 0 0 0 0 0 0 0 0 
0 0 0 0 0 0 0 286.442 281.788 294.31 287.912 290.302 297.456 287.673 298.982 295.114 295.427 293.659 290.361 302.512 281.077 286.93 282.541 289.274 287.871 289.516 297.126 279.117 492.028 720.365 647.711 379.307 291.201 290.382 271.812 279.017 298.55 283.867 282.399 268.388 293.807 270.483 275.776 264.153 264.459 270.417 268.366 260.746 262.261 255.583 258.736 253.382 245.062 231.985 243.829 215.329 204.805 172.883 0 0 0 0 0 0 0 
0 0 0 0 0 0 299.304 286.002 292.318 299.76 280.983 308.783 286.567 306.576 288.877 303.112 291.421 293.737 296.68 297.409 286.519 295.283 290.149 280.001 273.973 286.832 276.136 331.779 647.24 696.532 674.585 411.442 285.409 273.958 271.801 277.904 282.708 265.05 282.002 286.651 279.842 281.742 275.793 297.286 275.151 293.49 261.428 279.549 260.183 268.197 251.923 259.414 239.267 242.439 226.115 220.087 204.39 179.11 171.006 0 0 0 0 0 0 
0 0 0 0 0 281.688 297.711 286.389 308.963 299.698 299.441 303.252 307.097 300.587 307.475 315.195 307.968 318.149 312.102 322.832 310.683 306.842 301.026 267.141 258.853 264.349 234.181 426.442 687.604 669.215 665.881 370.819 239.999 262.801 278.678 267.177 269.261 275.363 273.545 270.693 254.22 275.792 257.736 279.212 258.153 255.819 253.971 268.613 254.554 258.88 254.125 243.871 233.118 239.929 230.307 228.385 197.93 201.795 185.322 153.974 0 0 0 0 0 
0 0 0 0 0 298.596 295.491 286.692 315.363 291.41 312.752 302.473 310.728 309.562 310.724 324.71 341.297 377.765 420.544 468.97 488.065 512.392 528.116 489.571 440.028 349.47 339.088 611.09 691.894 687.999 629.415 294.567 243.271 281.262 272.574 273.763 289.42 299.695 275.72 288.36 285.159 286.695 283.302 282.21 279.98 265.96 288.893 272.186 272.562 252.292 258.394 248.238 260.317 243.829 247.414 227.931 226.802 221.753 200.85 176.752 0 0 0 0 0 
0 0 0 0 283.15 304.721 292.529 289.933 306.246 295.861 293.751 306.574 296.755 294.589 349.324 456.943 531.825 601.223 643.283 655.573 651.625 668.013 667.85 669.992 682.175 606.7 625.988 729.904 734.328 741.643 520.425 267.701 284.609 275.664 273.003 295.146 285.698 277.391 278.124 305.161 307.148 277.457 293.244 296.005 300.077 286.836 298.772 289.451 273.94 279.938 283.859 276.837 268.023 265.405 257.696 246.791 250.042 224.161 219.472 197.415 162.08 0 0 0 0 
0 0 0 0 283.971 298.961 288.384 306.097 293.253 317.12 301.994 305.928 335.492 447.722 580.419 656.546 669.834 686.469 684.426 686.272 681.008 704.927 687.113 698.154 699.016 698.93 740.08 709.173 754.47 755.995 542.036 376.584 303.921 272.179 275.94 286.694 273.448 291.349 301.402 292.969 288.505 277.517 294.478 299.361 266.872 275.973 270.3 279.113 260.073 281.914 274.397 274.199 262.068 262.131 249.596 250.944 241.149 239.574 221.197 202.35 187.318 0 0 0 0 
0 0 0 296.16 293.32 310.775 284.96 311.999 299.442 303.455 322.383 395.205 541.053 645.367 671.778 687.749 675.476 684.23 701.398 695.584 703.604 719.03 691.896 721.542 708.511 750.25 719.736 700.222 698.707 700.079 707.144 621.884 553.168 472.622 337.723 288.825 300.658 293.937 289.284 299.953 293.989 296.404 296.048 304.053 279.196 297.487 307.349 295.7 290.644 294.175 288.261 268.074 264.577 267.837 262.331 255.118 248.701 238.558 222.244 220.141 203.884 176.881 0 0 0 
0 0 0 283.44 291.427 308.604 290.382 306.408 300.893 351.349 476.788 610.334 669.426 680.153 681.316 702.668 695.193 705.168 722.049 705.475 729.472 711.885 724.315 743.134 739.905 760.896 716.373 720.599 695.911 742.446 731.184 703.436 696.423 664.877 599.63 484.307 331.221 286.88 313.048 318.361 291.581 297.519 298.647 299.192 309.504 291.365 305.206 279.799 288.472 286.803 288.203 277.768 287.444 281.871 279.482 268.13 268.085 251.434 245.95 234.211 219.762 189.169 0 0 0 
0 0 309.028 291.159 297.951 299.551 298.788 298.851 364.512 542.524 658.745 667.164 678.778 688.115 700.254 713.645 707.381 729.412 736.595 716.633 754.258 719.902 758.363 745.715 777.423 754.703 755.113 714.383 740.458 736.083 756.885 741.937 700.469 710.508 693.779 647.634 522.091 361.111 292.624 310.434 319.191 313.852 303.1 295.851 299.372 301.901 300.932 300.81 290.715 302.638 274.474 287.193 291.462 287.248 271.712 266.943 262.147 256.5 249.626 240.94 225.36 199.172 174.888 0 0 
0 0 311.857 301.314 302.649 304.967 312.929 356.457 526.308 654.561 671.394 684.84 688.624 702.092 716.505 723.015 721.097 738.805 752.855 734.42 755.056 744.249 772.815 758.904 766.002 761.607 747.903 743.157 729.891 746.313 769.248 754.787 748.79 714.783 702.156 710.016 687.791 552.088 369.612 312.364 319.968 303.279 300.736 335.813 305.815 295.295 303.848 298.661 305.105 300.852 295.942 303.39 297.037 273.323 262.27 272.896 263.49 262.646 253.951 242.835 223.255 211.477 197.725 0 0 
0 0 301.548 287.638 315.797 289.909 352.691 526.069 658.34 670.655 681.906 695.824 698.805 721.821 731.779 746.891 733.187 748.694 749.45 743.862 761.374 773.346 759.962 765.756 756.482 755.223 757.036 754.654 755.632 750.052 782.572 777.191 755.869 751.315 732.78 716.424 683.216 692.639 573.646 344.523 324.786 320.896 272.777 318.105 311.335 310.215 339.723 297.845 300.586 288.502 286.017 293.946 286.51 273.865 291.383 284.389 272.778 268.289 261.893 241.893 235.047 225.699 205.265 0 0 
0 0 310.486 274.779 320.966 298.231 477.933 646.579 668.375 679.265 700.456 723.119 709.153 728.222 736.282 752.248 741.792 771.596 745.031 766.042 757.324 777.445 742.76 758.217 749.066 732.608 749.903 756.454 744.83 745.769 764.481 778.186 776.968 747.854 754.31 767.872 717.212 695.279 659.993 571.099 368.842 316.325 334.229 324.62 286.203 294.107 305.408 290.328 311.038 308.982 299.795 301.635 278.234 288.788 288.886 279.649 272.078 267.55 264.346 259.628 245.851 234.879 214.847 0 0 
0 303.736 321.291 275.936 313.749 406.693 622.521 678.409 671.134 685.207 707.948 728.934 718.752 741.297 748.258 767.387 737.317 773.568 734.185 780.924 753.597 751.181 757.335 755.727 736.541 744.608 748.673 749.688 735.285 721.893 758.135 778.047 797.727 762.474 763.511 766.281 748.623 746.882 700.554 682.604 512.141 366.1 270.441 323.579 322.862 323.23 308.762 292.65 320.914 297.121 308.744 301.512 307.895 308.057 292.836 276.566 271.827 268.5 265.234 259.524 248.418 240.406 213.014 191.299 0 
0 297.321 317.222 289.265 329.589 559.134 672.898 681.291 685.085 700.027 723.477 724.428 738.968 737.882 749.928 770.125 742.318 763.741 740.757 762.609 770.614 753.729 759.465 749.835 758.761 751.423 741.129 756.184 755.787 748.297 752.639 773.363 788.68 769.389 776.648 765.146 761.314 746.205 716.682 721.04 627.43 518.457 334.682 303.473 334.696 314.22 318.52 309.936 321.253 286.667 302.509 297.076 298.985 302.582 284.74 286.813 301.207 275.818 268.604 267.19 251.192 236.569 219.592 211.668 0 
0 294.031 311.851 291.954 421.122 638.675 669.306 681.188 687.871 711.922 722.135 736.282 749.418 740.955 757.204 767.943 735.866 765.796 736.699 768.97 753.324 753.955 757.62 747.725 759.423 754.005 741.426 742.177 762.68 759.085 742.353 769.791 805.539 775.055 807.125 775.549 805.112 769.529 781.199 721.142 729.551 563.009 422.549 322.062 304.637 309.998 322.155 323.542 305.853 304.848 323.451 303.654 309.591 293.207 289.294 303.66 295.626 283.423 281.483 275.444 260.197 251.829 239.358 223.301 0 
0 289.867 319.508 307.088 528.6 660.34 679.643 685.932 696.559 717.744 720.025 739.583 752.057 736.21 737.498 762.303 726.476 730.649 742.402 734.475 703.485 705.775 679.636 674.973 675.934 690.042 737.656 762.311 772.738 771.688 756.501 775.053 821.047 775.636 828.019 787.921 804.067 777.369 790.195 752.915 752.871 671.392 527.608 348.974 343.783 345.489 324.595 328.368 333.219 343.858 328.137 304.391 319.089 311.611 313.115 302.904 295.004 286.149 282.01 280.721 274.419 263.566 249.281 233.873 0 
0 281.717 316.635 355.194 599.92 672.029 682.787 681.963 704.103 723.4 731.686 749.733 757.906 750.621 743.719 778.625 735.648 760.405 743.914 742.607 723.127 637.39 531.527 454.09 393.679 376.03 405.737 470.534 587.649 695.325 751.695 733.783 817.697 752.473 782.728 770.871 800.321 799.615 776.203 783.921 721.264 727.422 604.186 354.661 356.71 329.229 283.691 334.672 304.871 324.11 286.369 313.541 305.587 298.802 300.268 283.706 273.035 284.296 280.705 269.27 261.555 255.839 243.743 223.328 0 
0 282.903 309.128 435.706 643.43 675.46 683.878 695.751 713.305 736.768 753.405 756.414 762.6 769.841 740.093 784.019 741.696 768.197 765.085 697.361 508.436 354.02 300.694 291.313 285.975 283.385 284.842 268.943 299.949 417.064 615.208 691.927 779.665 751.53 791.816 759.419 772.719 770.098 752.071 739.908 720.178 698.145 643.285 447.07 303.659 323.373 308.474 312.993 291.728 301.595 298.226 310.088 287.972 296.937 286.531 274.31 290.12 278.65 260.045 263.8 262.256 241.992 221.308 210.164 0 
0 291.873 320.857 506.053 666.175 670.519 697.198 713.37 716.701 743.45 745.397 750.516 765.422 773.124 742.691 785.088 754.484 762.663 688.832 402.54 285.622 284.635 299.377 293.768 285.631 284.146 283.627 278.579 283.063 267.041 344.698 555.773 784.31 796.153 784.494 771.201 758.392 777.27 789.039 770.064 768.685 709.559 704.992 532.526 314.098 328.356 307.749 296.111 298.028 299.771 308.858 287.823 276.653 295.13 289.588 293.577 294.545 271.111 265.588 265.325 252.079 239.817 238.101 227.255 0 
0 287.061 348.853 551.104 666.777 669.076 701.309 699.808 727.692 746.581 744.269 763.231 756.563 773.084 753.75 777.869 750.975 723.664 410.037 282.788 292.855 284.662 287.398 288.882 279.071 279.86 277.885 268.906 270.217 260.609 228.698 277.801 646.632 918.537 797.666 784.231 789.194 820.127 753.715 765.679 742.604 733.447 704.849 612.92 392.289 320.58 305.361 309.239 332.678 290.187 296.641 284.405 310.322 288.781 289.064 289.823 269.954 264.98 268.683 265.142 255.214 245.956 240.299 224.273 0 
0 287.13 375.783 600.807 666.662 689.505 700.445 705.955 727.164 743.006 761.867 756.453 760.976 773.876 780.497 751.419 758.796 545.481 280.361 299.472 291.942 287.724 289.603 295.142 285.712 289.268 281.723 283.601 284.249 277.783 266.228 262.361 512.261 760.447 811.034 795.113 742.826 781.412 779.215 774.842 774.446 714.687 690.348 661.982 386.842 308.834 333.53 300.741 300.654 317.517 297.04 305.198 299.689 289.052 297.032 273.3 272.94 279.577 272.255 262.023 258.772 250.975 242.521 223.366 0 
0 302.598 395.477 637.365 669.721 681.295 697.41 718.389 726.478 756.4 764.811 755.112 763.885 769.439 796.903 734.858 739.701 367.871 305.049 287.234 298.403 292.174 295.577 289.813 286.437 296.766 288.803 286.212 288.029 292.473 281.889 269.564 425.142 726.238 724.36 762.814 808.658 785.023 745.53 761.256 749.639 744.631 721.542 670.263 471.677 316.868 289.594 302.54 286.988 317.264 304.089 307.794 270.003 295.187 290.476 289.642 289.503 276.803 263.826 266.933 264.293 252.892 239.029 218.112 0 
0 307.802 411.499 636.135 684.451 687.117 708.362 719.877 731.419 754.81 752.005 769.428 764.938 767.331 786.044 747.003 644.719 302.874 303.186 290.743 287.83 296.263 298.502 302.677 287.025 297.996 294.83 294.493 285.383 292.724 297.411 286.073 356.989 693.153 718.266 738.512 765.596 768.513 793.461 765.108 755.587 718.296 700.201 699.937 511.862 311.215 314.737 311.694 315.944 284.411 297.534 287.62 301.145 297.522 287.401 295.223 285.15 266.857 267.501 265.054 255.298 245.504 240.319 232.72 0 
0 322.578 435.039 650.857 665.854 693.162 714.959 735.903 737.167 734.522 767.097 766.582 772.899 779.538 760.862 787.652 556.22 295.913 284.543 310.13 287.151 298.537 293.465 299.942 296.218 286.652 291.87 297.838 288.198 283.293 283.95 287.903 350.779 650.836 760.19 771.022 746.876 747.583 767.758 786.223 758.924 750.833 718.002 669.262 537.777 333.753 319.923 295.449 301.145 305.406 307.304 299.861 305.043 287.822 291.385 278.281 263.98 266.146 273.154 269.341 258.931 253.256 245.491 234.687 0 
0 327.974 424.072 669.009 667.679 693.866 708.583 734.284 740.433 753.78 765.439 754.303 772.267 780.432 772.843 794.997 544.656 292.161 297.499 298.324 304.737 298.502 301.435 298.427 306.673 293.458 294.524 303.768 296.599 295.344 296.437 297.5 362.814 648.271 740.424 743.934 739.894 751.425 751.105 749.344 765.428 731.904 712.126 699.569 565.835 311.565 296.21 306.633 307.009 315.555 292.389 301.162 277.785 294.475 291.675 274.205 280.609 274.393 267.311 263.38 255.554 257.081 243.49 231.927 0 
0 359.771 429.389 657.737 678.288 682.095 715.972 722.845 735.918 753.385 772.223 769.713 775.437 770.819 792.497 780.877 592.588 290.504 312.028 284.789 309.813 286.76 299.055 296.672 306.761 301.264 292.147 300.008 298.842 290.338 294.699 290.813 381.7 664.061 733.198 753.643 752.777 753.199 754.863 746.779 736.256 754.171 712.669 676.919 564.309 342.903 316.523 300.824 301.989 275.009 296.494 284.422 297.445 306.15 280.824 293.671 289.056 269.196 267.784 267.574 259.2 254.134 233.488 219.998 0 
0 383.617 432.718 622.362 672.464 700.669 709.642 726.14 741.265 739.543 773.115 776.556 768.16 776.212 769.958 787.77 684.517 299.544 297.107 292.025 300.302 301.292 293.113 303.307 296.569 311.93 303.817 295.526 297.512 290.42 298.404 290.656 451.026 712.839 731.275 752.743 751.654 744.969 745.537 757.545 747.347 716.555 702.429 709.489 572.59 326.507 292.289 300.845 306.244 313.513 289.871 297.794 301.941 291.678 294.917 289.079 274.074 265.333 270.275 267.528 251.816 244.95 235.024 231.55 0 
0 0 409.567 620.756 673.193 681.833 703.355 723.61 735.598 750.372 764.615 763.814 761.664 797.351 770.323 773.02 756.532 435.065 273.681 309.506 290.096 310.38 285.932 310.113 298.829 297.194 303.011 303.816 301.861 292.997 297.459 311.49 559.702 735.668 738.454 737.052 742.544 754.233 742.291 746.974 763.639 727.731 691.479 668.769 525.688 329.027 317.353 322.531 308.372 301.066 295.929 299.535 283.481 283.513 286.298 273.475 275.367 277.088 273.185 265.349 252.439 247.515 243.035 0 0 
0 0 373.623 588.054 678.948 684.702 694.566 711.706 746.308 732.343 763.228 767.873 777.702 774.742 780.002 777.057 765.832 661.237 291.915 297.199 295.944 305.529 289.497 300.837 305.932 299.845 297.423 298.186 305.268 309.081 288.633 397.998 692.954 739.094 734.876 730.154 749.492 769.249 763.364 740.244 739.446 718.311 701.82 681.54 507.962 312.558 312.88 292.983 291.272 288.753 298.582 281.391 308.133 292.302 278.962 285.354 282.79 276.124 272.173 264.911 265.407 254.385 240.426 0 0 
0 0 384.929 558.882 663.966 684.348 694.177 720.196 729.514 753.52 744.768 766.553 782.326 754.212 783.107 771.939 771.565 776.002 535.895 301.411 294.892 298.328 306.059 290.988 302.959 296.383 301.136 291.085 298.709 295.165 328.485 614.397 748.501 745.784 745.933 744.693 761.583 762.585 751.827 768.392 747.223 714.526 677.676 648.657 431.119 300.908 304.633 298.206 308 310.087 293.025 317.135 295.109 284.724 293.249 288.025 274.13 270.441 271.534 269.957 261.609 243.697 242.114 0 0 
0 0 398.027 502.652 641.717 672.978 697.238 697.754 739.444 738.2 737.26 771.771 768.502 764.666 779.411 759.818 780.32 766.15 773.478 525.724 365.874 268.023 299.188 288.61 308.194 295.431 304.046 297.635 288.268 327.404 555.147 745.932 747.034 750.398 740.953 743.723 755.469 747.775 752.718 753.88 723.419 711.339 685.651 642.018 390.123 317.052 307.391 299.772 302.614 300.63 305.948 285.59 288.76 296.623 283.894 265.847 272.081 281.626 268.205 255.734 252.331 236.318 233.947 0 0 
0 0 0 390.343 650.898 670.446 684.825 712.039 726.807 741.151 748.106 766.997 760.66 778.943 769.458 767.355 787.336 767.961 785.705 775.607 650.147 506.494 390.049 330.536 330.034 304.847 302.914 299.835 397.286 606.269 746.395 763.124 749.22 759.955 759.428 769.345 782.962 772.266 768.213 748.797 727.433 699.816 666.763 574.533 334.68 293.629 296.794 298.867 285.657 301.51 292.103 304.171 300.429 279.615 284.425 292.729 284.289 274.711 267.14 263.829 258.384 255.868 0 0 0 
0 0 0 409.76 580.769 667.934 673.685 695.34 699.778 722.981 747.479 727.884 741.921 765.81 740.424 742.325 745.411 743.613 741.194 725.296 729.319 666.813 636.861 563.94 523.37 517.859 551.679 654.541 774.835 814.713 802.524 796.8 790.649 790.859 783.365 772.509 762.992 763.431 773.353 750.39 736.422 706.618 700.515 518.381 341.865 327.595 329.248 324.298 321.511 311.401 333.809 312.738 305.033 316.476 310.455 298.146 293.225 289.591 285.972 285.743 273.927 264.408 0 0 0 
0 0 0 0 425.78 665.874 677.562 688.759 695.108 711.415 743.013 735.007 751.881 756.834 748.058 752.377 754.664 746.355 753.471 753.893 727.101 745.178 689.123 748.333 745.829 761.062 796.837 831.72 812.018 811.83 809.612 798.093 786.904 793.249 791.795 794.527 795.398 794.885 794.284 758.394 745.995 717.222 662.678 413.622 332.33 315.074 328.452 315.276 321.87 318.234 294.698 309.077 314.847 301.994 291.981 294.777 298.457 292.769 285.199 278.592 265.423 0 0 0 0 
0 0 0 0 432.998 603.552 674.926 681.922 691.128 717.736 714.605 732.891 762.818 735.864 762.354 760.961 769.314 749.032 754.488 773.546 743.523 782.614 763.411 746.536 778.361 807.186 749.037 770.01 787.479 792.391 776.973 780.219 803.559 805.253 780.874 771.04 757.91 752.085 740.113 725.625 720.315 696.021 565.554 351.17 325.542 318.912 322.783 327.475 313.388 308.083 321.727 314.392 298.909 296.516 304.357 306.636 294.671 285.997 276.385 269.475 264.91 0 0 0 0 
0 0 0 0 0 432.247 682.415 663.743 695.742 704.338 703.777 733.939 749.18 732.513 759.582 756.57 778.445 764.646 769.307 768.093 757.397 763.826 770.903 776.035 743.622 774.638 785.879 780.58 759.429 779.588 798.779 789.769 773.618 762.407 764.063 777.026 778.092 775.665 747.784 724.639 695.913 647.087 426.843 317.778 309.741 310.542 313.682 307.914 317.203 313.011 290.327 292.993 306.415 303.407 298.74 286.829 281.743 281.652 274.412 272.822 0 0 0 0 0 
0 0 0 0 0 456.42 567.554 683.411 676.552 693.944 686.141 725.57 731.273 743.232 758.309 746.868 768.716 763.84 773.829 771.592 775.093 763.082 768.891 786.54 772.016 760.561 755.42 796.98 798.556 784.017 757.958 776.559 793.099 791.505 770.099 756.293 732.97 731.729 712.655 706.452 680.656 545.892 347.954 330.483 311.654 311.41 315.122 314.237 292.808 299.643 314.418 299.707 289.679 289.738 285.073 285.659 284.53 281.3 280.324 268.469 0 0 0 0 0 
0 0 0 0 0 0 456.849 650.62 679.29 666.24 699.885 720.665 700.23 743.52 746.197 736.625 759.435 762.987 775.171 770.301 783.584 761.365 770.122 775.166 775.769 779.331 766.429 784.453 778.329 786.28 779.599 766.99 757.466 760.247 761.693 764.274 733.061 727.651 685.812 690.009 591.274 386.51 314.505 321.803 329.35 316.554 303.148 309.603 322.16 303.718 288.527 284.254 288.133 299.36 293.725 287.526 276.897 267.045 265.752 0 0 0 0 0 0 
0 0 0 0 0 0 0 458.235 685.516 667.374 686.054 695.056 699.863 729.79 722.178 739.429 748.326 753.219 766.587 772.809 783.89 756.685 770.824 763.125 766.094 776.193 775.992 770.883 762.083 767.473 764.753 777.212 768.57 745.701 734.464 730.917 711.484 706.038 695.462 639.4 438.655 311.487 320.463 309.745 312.722 309.649 322.907 297.227 294.701 296.36 301.385 309.117 298.182 287.6 280.094 279.56 276.287 269.954 0 0 0 0 0 0 0 
0 0 0 0 0 0 0 0 476.414 677.948 687.327 685.409 687.637 710.209 703.069 717.167 746.731 742.982 745.176 763.123 774.739 751.949 756.573 752.137 757.054 764.313 782.865 778.338 754.575 765.718 756.717 761.052 749.691 742.728 721.574 700.806 686.049 683.198 645.813 478.64 340.162 321.476 321.241 313.006 314.218 288.371 298.87 308.911 300.923 306.392 292.454 294.214 289.461 283.762 286.58 280.136 276.773 0 0 0 0 0 0 0 0 
0 0 0 0 0 0 0 0 449.249 532.132 676.88 657.259 688.51 692.394 689.635 705.162 726.539 720.039 733.843 751.263 754.198 753.672 746.494 739.565 747.962 759.692 770.992 771.948 743.185 750.029 739.759 738.089 726.801 719.948 710.204 694.355 682.678 638.265 479.339 330.34 329.685 312.704 313.555 306.549 324.021 314.457 299.952 290.99 285.939 291.634 295.216 293.435 295.33 291.558 284.442 279.224 273.777 0 0 0 0 0 0 0 0 
0 0 0 0 0 0 0 0 0 439.485 516.357 664.924 679.018 677.089 683.066 696.187 704.656 715 724.59 734.19 739.236 741.412 740.323 729.54 735.194 741.676 770.627 754.948 731.521 732.401 710.503 728.327 714.245 695.454 690.98 679.669 610.009 448.603 329.411 297.194 313.702 306.866 314.306 301.385 293.735 297.095 290.828 309.871 303.62 299.906 295.313 281.51 287.136 277.973 275.371 276.961 0 0 0 0 0 0 0 0 0 
0 0 0 0 0 0 0 0 0 0 410.683 474.016 627.166 667.18 680.607 677.801 681.259 687.684 706.194 726.289 726.033 734.938 710.812 709.868 720.369 726.256 755.874 708.164 715.894 715.912 694.816 693.718 683.309 677.381 650.415 550.892 393.608 312.817 312.077 308.633 302.843 290.021 304.32 307.477 309.013 311.332 300.336 301.977 295.884 284.673 288.272 283.418 273.189 273.301 270.71 0 0 0 0 0 0 0 0 0 0 
0 0 0 0 0 0 0 0 0 0 0 416.509 398.559 506.306 589.617 665.718 676.829 680.187 686.87 689.368 704.51 721.972 711.482 707.229 699.081 710.183 738.402 666.074 689.394 686.859 680.608 687.318 646.306 575.89 449.892 341.724 307.313 299.766 312.957 304.486 305.158 298.235 286.248 287.643 292.798 296.009 294.965 288.104 290.914 288.627 290.072 289.448 281.035 281.014 0 0 0 0 0 0 0 0 0 0 0 
0 0 0 0 0 0 0 0 0 0 0 0 0 308.26 400.149 447.605 521.561 610.17 639.344 663.692 692.143 701.354 692.298 694.406 683.725 699.035 662.066 617.276 653.846 644.851 632.165 570.008 430.094 328.633 296.419 291.693 296.266 279.09 290.1 289.882 288.492 311.003 298.703 303.938 300.884 293.66 293.688 286.258 296.493 283.544 274.544 278.414 0 0 0 0 0 0 0 0 0 0 0 0 0 
0 0 0 0 0 0 0 0 0 0 0 0 0 0 368.891 357.125 355.115 388.092 431.653 471.89 569.216 660.816 701.947 698.192 684.912 755.901 534.2 444.39 474.305 430.314 366.868 307.243 268.567 266.718 270.062 272.169 273.678 275.089 279.143 277.094 270.612 287.577 264.446 272.485 270.564 259.8 261.736 257.326 259.807 261.148 259.486 0 0 0 0 0 0 0 0 0 0 0 0 0 0 
0 0 0 0 0 0 0 0 0 0 0 0 0 0 0 382.938 336.094 328.013 302.651 302.42 298.361 494.935 680.965 686.994 672.499 709.44 379.679 310.51 280.73 268.604 260.794 265.701 272.482 276.099 274.072 272.753 279.568 275.517 274.484 280.646 270.786 273.895 265.052 272.456 279.529 272.819 268.661 265.025 259.487 265.276 0 0 0 0 0 0 0 0 0 0 0 0 0 0 0 
0 0 0 0 0 0 0 0 0 0 0 0 0 0 0 0 0 347.791 294.856 280.763 258.039 375.362 621.066 683.227 705.341 561.533 315.726 281.979 276.083 287.012 292.968 297.353 287.119 286.526 280.755 268.324 270.466 277.878 275.671 276.017 273.782 286.58 283.072 277.274 282.259 277.303 275.861 282.957 0 0 0 0 0 0 0 0 0 0 0 0 0 0 0 0 0 
0 0 0 0 0 0 0 0 0 0 0 0 0 0 0 0 0 0 0 325.327 291.856 272.003 451.736 672.951 723.805 344.278 291.101 285.478 291.662 285.727 272.38 273.679 279.921 288.853 293.907 293.307 289.843 283.471 285.847 282.112 279.224 269.492 273.098 269.489 280.555 276.276 0 0 0 0 0 0 0 0 0 0 0 0 0 0 0 0 0 0 0 
0 0 0 0 0 0 0 0 0 0 0 0 0 0 0 0 0 0 0 0 0 318.436 343.575 569.971 570.292 306.087 314.492 279.386 274.711 277.876 296.369 297.558 292.366 283.391 277.006 272.88 276.759 276.486 275.484 282.562 290.335 287.956 290.411 270.444 0 0 0 0 0 0 0 0 0 0 0 0 0 0 0 0 0 0 0 0 0 
0 0 0 0 0 0 0 0 0 0 0 0 0 0 0 0 0 0 0 0 0 0 0 0 0 296.617 284.483 275.424 287.964 273.731 272.414 272.78 279.368 292.705 297.539 288.073 283.24 281.652 271.313 275.64 0 0 0 0 0 0 0 0 0 0 0 0 0 0 0 0 0 0 0 0 0 0 0 0 0 
0 0 0 0 0 0 0 0 0 0 0 0 0 0 0 0 0 0 0 0 0 0 0 0 0 0 0 0 0 0 0 0 0 0 0 0 0 0 0 0 0 0 0 0 0 0 0 0 0 0 0 0 0 0 0 0 0 0 0 0 0 0 0 0 0 
