0 0 0 0 0 0 0 0 0 0 0 0 0 0 0 0 0 0 0 0 0 0 0 0 0 0 0 0 0 0 0 0 0 0 0 0 0 0 0 0 0 0 0 0 0 0 0 0 0 0 0 0 0 0 0 0 0 0 0 0 0 0 0 0 0 
0 0 0 0 0 0 0 0 0 0 0 0 0 0 0 0 0 0 0 0 0 0 0 0 0 155.113 155.588 166.245 156.539 169.778 150.46 169.045 159.181 161.093 166.287 151.011 167.691 138.763 167.886 147.265 0 0 0 0 0 0 0 0 0 0 0 0 0 0 0 0 0 0 0 0 0 0 0 0 0 
0 0 0 0 0 0 0 0 0 0 0 0 0 0 0 0 0 0 0 0 0 159.016 166.534 161.49 162.046 164.015 162.312 171.628 163.819 166.713 154.878 170.64 165.056 166.892 163.477 155.522 166.77 148.027 175.341 147.477 175.279 142.679 151.321 158.209 0 0 0 0 0 0 0 0 0 0 0 0 0 0 0 0 0 0 0 0 0 
0 0 0 0 0 0 0 0 0 0 0 0 0 0 0 0 0 0 0 182.526 160.016 165.547 175.366 163.711 164.88 163.797 165.04 173.188 166.884 164.727 157.401 171.862 169.786 170.847 161.199 162.969 165.793 161.264 170.205 156.547 169.316 151.335 151.565 166.065 150.737 167.673 0 0 0 0 0 0 0 0 0 0 0 0 0 0 0 0 0 0 0 
0 0 0 0 0 0 0 0 0 0 0 0 0 0 0 0 0 161.12 161.861 168.826 202.157 163.834 185.418 162.641 170.292 167.704 176.305 172.312 169.092 162.094 161.818 173.728 170.872 170.205 155.778 174.891 166.074 169.996 163.963 163.763 166.743 158.171 166.064 168.081 150.62 165.873 147.03 153.518 0 0 0 0 0 0 0 0 0 0 0 0 0 0 0 0 0 
0 0 0 0 0 0 0 0 0 0 0 0 0 0 0 159.034 163.275 165.317 169.467 153.133 194.266 201.983 191.406 165.442 167.816 170.223 182.427 168.656 174.82 164.651 170.672 176.159 174.327 169.698 165.153 185.296 159.958 171.907 153.765 172.33 168.65 169.327 173.852 156.507 161.735 161.712 148.942 159.094 161.144 145.958 0 0 0 0 0 0 0 0 0 0 0 0 0 0 0 
0 0 0 0 0 0 0 0 0 0 0 0 0 0 168.049 167.244 169.745 167.134 169.372 162.112 162.347 222.39 204.97 169.607 169.465 172.488 183.414 166.119 180.143 168.437 172.584 174.562 168.462 172.591 171.005 183.258 154.792 177.865 149.875 190.286 167.796 170.418 171.642 150.197 175.045 154.379 161.723 170.762 154.93 155.803 154.514 0 0 0 0 0 0 0 0 0 0 0 0 0 0 
0 0 0 0 0 0 0 0 0 0 0 0 0 166.336 170.345 159.321 179.637 170.697 173.48 158.938 169.35 192.736 223.736 183.988 183.684 178.057 180.741 158.331 186.595 168.91 171.345 179.312 173.07 183.374 171.342 180.802 158.898 177.428 169.38 188.909 165.017 167.399 165.195 161.71 176.207 160.989 172.759 173.836 143.394 167.012 148.66 153.238 0 0 0 0 0 0 0 0 0 0 0 0 0 
0 0 0 0 0 0 0 0 0 0 0 159.884 174.626 172.681 179.606 164.983 174.528 166.347 177.914 166.369 178.985 165.465 209.573 224.183 194.306 172.503 175.58 166.482 194.229 162.636 169.612 175.83 174.884 178.982 171.689 174.815 167.937 179.664 178.556 181.161 164.698 171.614 160.247 175.669 178.871 164.166 169.822 163.791 152.532 169.397 148.75 159.536 155.978 149.097 0 0 0 0 0 0 0 0 0 0 0 
0 0 0 0 0 0 0 0 0 0 159.847 172.426 175.87 171.282 179.94 174.878 184.173 166.904 170.695 173.586 188.746 169.986 162.368 260.6 199.447 164.298 185.755 165.596 190.261 154.771 178.462 180.511 178.711 172.457 172.668 175.211 177.758 168.401 185.008 165.67 160.678 184.643 163.448 189.954 164.491 166.373 170.224 154.699 171.03 164.448 159.263 162.315 155.784 149.917 154.376 0 0 0 0 0 0 0 0 0 0 
0 0 0 0 0 0 0 0 0 164.923 166.885 174.491 171.497 166.871 177.677 176.078 181.903 175.862 179.727 176.28 178.649 173.547 168.589 274.95 193.25 160.068 187.6 159.76 191.193 170.282 178.93 170.349 177.849 178.729 187.884 173.536 174.327 167.733 188.812 161.664 177.151 186.394 166.421 184.709 159.089 164.116 172.913 164.899 180.918 158.412 167.819 160.151 153.844 158.941 150.75 147.261 0 0 0 0 0 0 0 0 0 
0 0 0 0 0 0 0 0 157.135 168.662 168.277 179.525 181.844 176.392 168.911 186.32 173.322 166.759 175.235 192.849 182.003 174.023 207.602 230.809 192.803 172.649 184.552 155.195 204.981 177.188 163.383 168.483 193.294 184.25 180.858 165.241 184.811 172.447 186.613 170.065 181.483 175.698 172.036 169.593 164.862 180.607 172.119 175.699 173.711 162.487 162.027 160.023 160.768 159.582 148.613 153.245 149.495 0 0 0 0 0 0 0 0 
0 0 0 0 0 0 0 0 175.885 173.789 171.479 175.733 172.187 173.715 175.362 193.082 181.024 174.459 182.31 178.894 171.871 211.437 241.301 192.155 199.936 173.75 169.729 183.818 207.562 150.485 165.344 191.072 191.261 162.413 181.344 177.17 190.456 174.211 179.276 169.982 182.179 170.2 183.479 172.294 177.824 180.537 168.592 183.153 159.856 161.653 163.786 158.591 165.437 160.429 157.945 156.807 150.308 0 0 0 0 0 0 0 0 
0 0 0 0 0 0 0 172.928 176.202 173.814 176.038 179.972 176.478 174.536 169.565 189.571 170.555 172.918 192.606 173.858 180.761 194.85 210.589 257.409 228.522 181.84 188.316 163.414 181.444 164.706 188.305 178.44 165.901 170.948 197.694 185.826 167.259 176.171 174.592 173.32 183.406 176.779 192.325 163.358 178.807 171.986 168.004 172.442 155.795 168.636 165.372 170.439 174.099 159.073 161.658 157.327 155.485 152.88 0 0 0 0 0 0 0 
0 0 0 0 0 0 178.957 175.741 177.049 175.942 180.187 184.164 178.303 177.264 172.669 189.004 166.449 176.746 175.606 165.984 193.352 172.999 165.549 217.285 210.133 246.128 248.828 207.086 243.521 192.786 154.913 172.008 190.575 189.248 180.293 164.009 166.049 200.527 175.968 187.803 175.296 177.228 175.938 168.578 171.943 161.55 183.503 165.392 173.627 173.12 170.942 178.582 163.286 159.442 160.346 159.984 159.601 155.105 145.684 0 0 0 0 0 0 
0 0 0 0 0 163.559 175.969 175.624 175.295 173.285 179.204 186.907 178.879 176.234 191.186 182.647 173.389 185.599 162.885 185.129 179.772 178.015 180.392 176.198 192.851 182.707 212.519 214.424 224.503 247.867 223.099 175.546 177.136 175.469 173.041 185.896 186.312 196.413 163.186 167.995 161.069 194.037 182.432 176.828 174.678 174.206 195.093 165.281 181.693 166.92 172.911 174.411 159.865 162.747 164.033 163.853 159.678 152.921 152.108 151.083 0 0 0 0 0 
0 0 0 0 0 174.5 180.572 177.711 172.77 173.904 178.99 186.989 178.014 172.061 191.481 174.918 192.194 179.534 180.068 200.746 173.756 196.287 165.491 203.776 164.946 182.227 218.962 161.991 181.617 194.834 219.399 182.439 204.218 194.061 165.572 172.995 173.866 176.075 157.809 184.667 177.854 194.262 161.965 171.178 168.373 180.933 179.776 167.865 165.477 160.505 173.903 169.264 161.018 160.831 163.816 162.653 158.709 154.502 153.063 145.563 0 0 0 0 0 
0 0 0 0 169.323 177.912 184.147 185.415 182.258 175.935 180.75 193.935 182.639 181.137 197.305 170.158 204.811 161.646 203.582 176.703 205.258 182.81 195.836 187.211 177.46 175.132 200.832 179.9 195.32 164.668 195.525 209.418 170.159 174.81 180.778 186.883 188.295 178.725 175.671 175.083 161.835 175.785 169.534 172.625 165.417 184.034 160.416 159.17 157.873 167.198 178.277 153.016 160.013 167.705 170.177 168.287 155.811 154.379 151.466 151.925 151.127 0 0 0 0 
0 0 0 0 173.661 175.483 181.568 186.127 181.969 179.884 182.744 188.433 177.833 196.05 194.368 190.627 202.278 190.417 189.494 204.133 191.93 204.894 198.693 211.621 188.712 192.653 183.725 168.667 176.688 155.052 181.768 210.451 156.695 170.33 145.888 127.072 161.159 154.73 158.803 148.538 174.595 170.072 175.016 164.07 164.876 174.928 168.567 169.191 172.459 178.362 164.535 155.877 159.648 156.693 155.371 144.649 145.756 146.612 147.579 144.071 139.448 0 0 0 0 
0 0 0 174.181 182.33 180.947 182.029 185.344 188.299 186.918 187.177 194.728 183.537 205.782 186.869 213.703 199.359 206.301 218.442 221.907 221.094 240.447 261.626 269.529 297.077 301.178 322.512 304.23 255.73 232.124 209.678 186.262 153.346 168.441 158.263 161.751 194.493 165.492 164.547 150.347 180.165 157.149 167.241 153.086 169.763 154.332 147.816 146.153 153.394 169.508 151.322 153.061 156.976 161.366 161.423 149.353 148.792 152.338 151.515 145.54 140.002 136.625 0 0 0 
0 0 0 177.633 181.934 179.622 192.028 190.322 184.257 177.96 185.912 183.208 172.847 195.868 179.524 192.966 202.781 188.77 196.537 220.427 262.142 354.83 417.997 468.049 513.801 505.638 552.168 535.935 557.525 524.44 462.64 391.016 284.48 194.842 185.336 169.438 160.374 149.964 179.887 168.474 174.581 168.679 179.095 173.644 187.034 186.508 198.584 184.998 184.003 174.068 160.049 173.466 173.632 177.657 166.633 166.886 172.438 173.965 166.121 162.453 152.552 150.157 0 0 0 
0 0 170.857 178.297 177.201 177.581 179.822 183.023 178.871 185.497 194.115 174.82 181.705 177.401 189.128 186.12 195.553 214.672 294.648 427.516 504.657 576.56 575.899 600.346 586.981 587.839 597.26 590.154 589.856 573.805 598.726 560.537 540.487 471.473 329.368 212.466 214.336 215.386 201.481 209.803 194.538 189.534 195.163 190.58 183.491 178.544 172.361 169.749 192.885 190.895 195.148 189.991 190.075 183.46 166.163 172.331 177.014 173.834 171.022 168.148 165.055 167.558 162.778 0 0 
0 0 176.658 180.316 181.308 179.368 179.931 191.917 189.884 177.661 200.879 171.969 198.589 178.008 193.143 183.63 256.828 394.578 534.185 595.673 579.889 606.821 583.5 625.615 597.877 614.315 598.546 625.157 599.934 624.104 607.1 591.536 591.761 572.773 552.377 462.458 280.22 204.195 184.044 208.087 173.039 208.152 220.219 204.471 180.757 204.036 203.341 199.371 191.052 185.503 180.308 185.652 194.221 177.977 183.834 185.533 182.93 173.772 169.147 164.156 168.462 166.118 161.702 0 0 
0 0 185.931 184.447 184.166 180.166 180.427 194.454 178.569 164.212 205.931 162.54 192.677 190.746 203.007 307.194 487.058 559.036 590.464 596.318 603.545 624.281 617.655 615.03 613.789 612.438 633.538 624.795 630.836 618.259 641.835 619.009 609.541 620.533 593.39 574.852 500.845 335.558 235.289 257.095 179.876 169.886 192.805 190.821 203.95 218.734 189.929 196.556 212.427 204.494 196.617 186.973 181.641 176.884 186.724 191.062 184.127 178.247 174.809 180.937 179.916 166.213 166.018 0 0 
0 0 180.446 179.497 179.94 184.926 184.866 196.07 189.739 175.961 206.539 179.585 174.981 202.197 342.623 516.342 588.306 582.717 614.058 605.41 614.35 603.826 642.054 612.552 615.139 624.238 618.766 633.544 608.507 628.02 623.371 639.269 625.131 629.386 631.677 621.497 595.082 515.256 343.196 205.811 208.021 234.217 236.508 183.053 190.017 196.373 182.502 199.317 196.771 183.83 191.073 212.749 198.166 192.389 189.585 184.172 182.148 182.323 189.802 189.954 178.284 173.378 172.225 0 0 
0 173.435 183.769 184.598 180.948 182.325 174.54 186.4 187.457 178.179 191.131 196.657 203.356 341.483 533.004 578.377 598.297 596.523 634.951 608.107 625.96 595.629 616.436 614.438 613.862 614.329 614.451 619.247 596.68 618.168 616.167 624.039 631.427 647.396 623.155 616.958 625.223 601.696 552.978 339.632 213.488 160.623 220.778 199.597 213.559 200.43 190 205.064 206.253 191.75 199.054 199.516 189.364 203.353 201.504 194.494 189.315 184.642 189.68 184.176 178.952 180.639 169.6 170.501 0 
0 181.152 182.786 183.291 185.046 179.286 174.559 186.22 189.743 171.823 190.626 193.446 314.467 514.621 585.422 595.117 625.119 605.978 636.92 590.427 612.071 613.167 602.524 607.873 615.386 613.713 604.818 612.553 601.706 627.506 623.025 627.718 604.614 646.708 641.692 625.062 630.537 602.391 622.052 454.772 367.202 199.488 211.648 211.446 209.103 214.827 212.03 218.229 191.043 191.698 216.215 190.694 188.536 180.461 183.05 188.57 193.533 193.369 184.923 174.473 171.786 168.98 172.505 178.732 0 
0 181.265 182.526 183.023 189.142 182.397 177.18 188.486 186.452 179.303 179.865 274.535 502.928 570.537 592.292 604.466 623.93 593.688 625.117 589.02 600.975 582.343 595.55 594.573 598.274 601.828 615.605 638.183 614.813 626.416 624.307 647.15 623.139 657.257 639.832 655.625 656.364 665.999 640.177 617.754 429.157 284.081 222.969 192.737 197.41 220.309 195.775 210.194 196.316 223.044 208.816 198.228 203.66 204.802 193.013 190.664 197.812 199.917 192.979 192.08 189.168 187.58 179.202 172.715 0 
0 179.314 185.321 184.786 182.176 183.914 183.971 186.402 189.206 188.508 204.941 418.869 573.899 581.341 591.421 604.307 622.805 580.103 612.61 579.468 570.49 554.99 561.494 520.77 488.572 465.474 465.85 518.38 576.269 635.473 636.761 650.952 622.97 668.793 621.262 642.816 622.088 661.809 608.868 643.744 548.407 369.772 228.897 218.486 224.17 214.486 213.593 220.203 214.305 227.918 193.378 203.608 219.805 209.976 203.581 204.557 198.724 174.746 178.933 190.697 194.899 191.808 184.937 182.008 0 
0 180.385 180.707 181.595 182.579 188.218 179.654 180.594 202.425 184.115 308.535 545.077 585.524 605.45 614.722 621.95 639.052 601.89 623.889 601.195 599.931 556.796 453.053 334.074 262.494 222.854 204.845 200.602 233.919 361.229 499.49 620.602 592.48 650.937 609.824 650.643 636.928 662.287 632.016 622.478 609.075 490.22 223.698 213.252 229.371 167.132 200.294 193.043 195.454 192.689 181.092 198.288 191.412 186.952 192.233 191.489 179.827 185.909 187.808 178.11 171.737 169.856 171.412 168.267 0 
0 179.506 179.812 189.408 190.009 185.077 182.828 183.835 217.399 213.579 436.679 583.026 599.644 626.114 626.243 618.049 640.672 601.542 618.315 610.691 488.726 295.725 196.869 173.421 170.503 171.911 170.015 170.019 152.254 162.463 237.448 457.362 589.138 619.486 602.255 622.545 604.87 588.083 619.17 598.316 620.297 552.619 344.686 215.051 204.628 187.078 227.584 167.257 198.306 180.719 190.69 197.242 183.414 177.73 180.802 179.553 179.367 187.486 186.482 182.132 171.546 160.967 157.275 156.536 0 
0 186.02 182.436 184.313 184.684 185.727 187.493 176.052 199.927 268.457 518.774 583.794 605.418 624.154 629.173 605.851 638.244 602.661 618.357 473.594 238.436 168.526 175.793 181.567 172.902 168.703 169.909 163.088 156.221 160.922 137.578 179.665 538.565 619.463 602.779 607.348 641.026 624.235 632.014 632.162 594.721 579.141 444.838 211.971 205.881 182.762 202.512 185.994 198.061 185.269 205.13 174.584 178.992 196.891 186.97 174.353 182.327 185.873 174.36 170.046 172.67 175.443 174.764 168.776 0 
0 181.055 175.752 180.517 188.868 187.109 192.497 167.376 205.194 348.474 567.631 597.017 611.973 629.73 631.777 599.657 622.675 614.469 524.473 255.461 166.501 171.844 167.858 173.79 165.182 161.426 167.745 154.881 146.853 146.883 128.668 37.2908 324.96 638.819 616.955 661.842 623.059 602.946 614.508 644.179 629.513 620.543 518.501 290.217 207.151 191.563 176.182 212.071 187.605 185.941 183.492 182.195 196.897 184.061 184.377 193.093 180.753 170.605 172.025 175.223 176.585 177.226 175.247 171.925 0 
0 184.163 185.382 185.033 183.222 186.764 189.865 170.858 223.01 405.361 585.074 602.608 619.292 618.777 628.666 617.69 611.313 606.592 362.35 176.924 175.235 171.936 169.758 183.433 170.914 167.066 172.806 161.247 161.764 163.052 158.027 126.645 147.369 501.788 608.273 598.45 620.759 618.589 628.962 612.298 620.633 581.741 575.979 347.198 195.465 214.034 194.201 198.08 172.302 204.255 175.832 187.944 196.947 175.72 172.799 176.169 178.962 181.874 177.013 174.565 180.772 173.726 163.127 163.034 0 
0 186.305 186.307 183.386 185.316 188.685 193.819 185.185 228.969 453.452 588.388 608.634 622.141 622.209 622.461 636.529 588.584 559.822 245.725 173.695 175.253 169.621 173.406 180.015 172.962 171.295 180.315 168.774 168.888 165.692 169.906 159.425 158.285 320.943 609.235 624.132 586.572 591.056 621.347 643.901 623.742 611.395 560.096 392.063 210.713 217.738 191.07 177.873 200.546 190.617 200.577 197.029 169.637 184.397 190.485 175.688 170.133 177.882 179.205 176.724 165.241 165.948 169.776 170.883 0 
0 178.87 176.524 188.491 191.604 193.349 196.211 189.992 227.581 492.32 587.387 612.237 621.986 639.045 613.547 625.822 592.872 492.596 195.259 178.739 175.571 171.621 173.693 179.556 179.484 172.668 183.608 163.667 173.486 172.02 176.264 169.586 174.784 259.714 561.436 605.418 602.8 599.372 611.51 617.436 653.359 601.518 581.608 461.356 202.3 180.291 197.023 186.779 202.866 181.109 190.819 178.871 190.5 189.023 179.273 183.079 179.484 179.093 179.806 179.452 175.714 166.431 154.371 161.581 0 
0 177.861 187.984 190.868 181.71 181.089 194.178 207.744 237.152 504.407 581.344 612.251 621.412 632.168 620.219 623.82 620.273 435.573 182.419 175.627 170.7 176.807 172.196 186.433 181.467 175.376 185.664 168.222 177.431 171.65 174.423 172.827 171.635 236.064 534.553 588.194 601.604 618.035 609.408 620.907 616.332 616.722 589.738 464.253 233.135 201.422 188.947 194.119 163.483 194.749 184.206 189.162 204.28 181.609 175.325 183.112 187.462 182.453 163.541 163.327 172.843 174.815 175.215 172.157 0 
0 184.741 181.269 182.709 184.058 188.875 187.207 208.249 219.21 513.565 590.008 608.421 622.693 618.284 630.209 625.805 634.829 417.171 196.316 176.056 176.063 176.816 167.444 184.597 180.178 179.624 182.822 161.037 175.91 168.243 171.668 176.673 162.781 236.101 539.573 573.423 606.124 619.157 609.751 633.213 623.776 581.838 582.218 496.322 235.545 186.591 182.962 192.333 207.078 190.379 175.847 192.582 174.89 177.381 188.366 184.753 179.042 178.605 177.465 173.338 168.685 173.229 177.418 174.211 0 
0 185.031 188.339 188.874 184.202 194.009 182.522 196.47 229.77 492.761 599.586 607.433 626.221 621.28 623.686 624.938 640.915 470.806 204.972 178.068 177.54 172.845 167.388 183.712 180.479 178.167 189.62 160.648 174.537 176.026 173.498 180.402 156.149 287.459 563.881 578.77 607.469 611.275 626.357 618.139 617.294 608.263 573.225 458.069 222.464 199.096 206.227 192.27 192.849 179.217 196.41 177.019 171.736 182.82 184.92 180.617 179.194 178.618 177.256 183.525 181.293 164.649 162.291 174.839 0 
0 187.202 187.456 186.188 188.323 185.127 183.428 191.267 236.539 461.64 585.809 603.715 628.624 627.859 625.639 615.13 624.304 593.477 234.272 183.244 177.026 172.773 170.79 184.654 183.264 178.559 192.87 166.528 171.532 171.378 178.214 180.68 172.513 379.719 592.284 592.039 614.588 608.655 610.68 621.927 615.36 580.233 584.447 443.961 216.17 196.609 183.883 190.465 168.623 198.985 182.393 188.971 196.473 184.973 178.896 175.536 180.563 183.522 174.652 173.044 173.176 172.77 165.103 158.043 0 
0 0 179.67 184.384 193.092 185.931 192.865 182.529 231.895 426.478 590.524 609.501 615.134 635.291 623.559 629.597 611.667 630.641 385.81 182.176 183.616 179.094 166.228 182.769 182.901 184.321 186.292 169.685 182.658 183.912 186.508 179.62 216.863 498.253 594.674 603.862 607.918 594.671 596.777 622.145 623.625 606.667 577.372 375.51 197.508 191.929 183.1 183.112 206.461 184.325 191.408 195.608 182.26 173.996 178.198 184.054 183.029 170.542 166.31 166.827 164.476 169.989 174.349 0 0 
0 0 186.929 189.543 185.655 184.749 185.074 186.9 188.477 380.633 570.84 604.373 619.506 642.679 618.948 625.378 627.517 612.326 594.731 271.113 181.21 186.219 170.189 180.547 180.366 184.519 179.75 173.92 178.063 184.046 194.237 179.57 363.681 573.795 583.473 589.225 581.969 599.413 624.925 616.99 594.677 592.231 546.693 332.175 193.274 211.098 175.96 198.628 172.475 184.428 189.447 166.972 170.788 188.51 185.276 177.918 180.459 175.949 176.95 178.018 172.553 170.52 174.638 0 0 
0 0 190.698 189.271 180.357 194.141 192.048 190.223 181.642 324.968 534.192 596.049 611.804 615.833 634.071 616.743 630.08 612.898 638.01 526.646 259.32 187.823 170.416 183.771 183.05 182.465 173.351 173.581 180.786 180.483 186.531 277.538 533.835 585.534 586.32 616.473 594.192 611.803 617.66 621.05 620.331 589.213 508.281 253.602 178.914 176.642 189.604 163.539 191.179 188.014 175.533 191.36 192.857 186.196 181.831 175.39 176.218 179.271 179.66 181.27 174.202 170.924 165.483 0 0 
0 0 180.285 185.577 189.44 193.749 181.826 189.431 187.27 227.845 498.459 584.137 617.422 615.445 636.451 622.413 617.97 632.434 608.688 646.387 528.156 361.637 235.962 182.307 182.847 185.204 175.308 176.859 176.428 190.349 305.935 501.892 611.972 586.957 599.792 603.214 593.547 610.265 614.928 611.143 594.367 566.513 432.959 216.838 206.421 193.021 189.405 198.946 185.979 186.405 193.677 188.77 182.778 176.927 182.428 188.829 181.978 181.426 181.226 175.254 168.953 172.765 171.646 0 0 
0 0 0 182.566 188.36 183.885 185.529 191.59 187.969 174.425 390.847 560.143 592.645 608.458 618.391 623.275 611.332 623.501 606.808 616.304 621.223 567.979 496.992 400.822 312.429 279.607 239.695 241.436 300.594 443.189 567.601 619.581 628.066 608.748 628.8 627.206 642.049 646.283 643.155 632.972 605.433 558.296 340.065 206.597 196.266 195.487 199.345 184.927 191.806 201.442 188.1 178.027 180.181 192.725 194.917 194.756 189.805 175.552 177.682 176.24 181.203 180.538 0 0 0 
0 0 0 187.31 194.602 182.373 193.884 179.442 182.608 182.479 218.38 505.144 571.413 593.458 601.38 615.202 607.985 599.27 582.533 599.263 576.376 577.335 539.598 531.231 548.561 509.024 508.706 563.338 629.04 672.443 650.785 661.722 646.702 639.714 638.942 637.389 654.236 645.304 649.732 630.602 618.656 498.654 270.604 226.778 224.989 223.892 209.438 231.243 219.339 194.5 206.851 218.276 213.322 208.176 204.611 193.763 198.009 200.22 194.309 190.381 194.499 197.264 0 0 0 
0 0 0 0 183.301 188.79 190.527 187.867 186.317 197.676 173.506 340.69 559.905 583.744 594.128 614.64 616.414 625.277 595.88 611.1 616.124 607.5 621.987 584.477 620.174 667.724 621.507 614.754 654.323 648.152 612.549 642.415 629.734 658.128 646.449 662.689 653.652 637.546 631.614 600.971 574.045 359.56 213.608 215.873 201.883 209.548 223.201 191.639 203.576 211.475 217.001 207.974 198.14 195.038 196.606 193.395 190.511 201.082 199.157 194.167 195.024 0 0 0 0 
0 0 0 0 181.008 183.865 182.957 179.245 188.389 186.192 206.851 186.418 419.19 570.683 584.955 615.014 609.697 631.788 617.079 608.845 617.774 613.922 611.634 626.461 626.293 622.166 629.119 638.812 627.091 612.263 630.375 657.342 624.8 641.79 614.445 643.175 632.556 638.718 621.593 599.935 461.16 262.827 214.944 215.146 206.335 189.479 196.524 215.032 196.718 198.558 178.988 184.678 191.934 196.647 194.067 195.748 195.32 182.587 190.764 191.132 187.036 0 0 0 0 
0 0 0 0 0 186.966 192.389 185.764 194.969 182.004 196.307 194.675 216.065 460.944 563.306 603.567 598.083 622.26 618.217 623.701 622.016 632.799 616.666 614.274 639.934 632.046 595.557 631.181 665.939 623.858 628.355 619.158 639.087 659.716 645.114 651.162 624.993 611.781 584.818 511.984 281.36 210.221 208.562 204.123 205.467 221.156 210.106 195.409 188.098 190.143 204.488 201.545 204.539 195.118 191.107 187.164 183.787 178.64 174.643 184.73 0 0 0 0 0 
0 0 0 0 0 188.988 184.77 188.31 185.46 183.829 172.279 191.86 184.802 236.406 457.304 552.569 588.528 611.984 611.893 619.023 623.143 627.568 618.837 619.09 642.469 648.025 598.314 625.178 645.159 617.585 670.206 633.811 645.943 622.95 634.497 629.466 621.254 603.482 540.527 335.749 204.545 205.778 206.61 206.763 208.769 179.793 198.293 203.651 212.833 199.391 204.235 196.715 189.595 185.822 187.29 185.4 186.89 192.673 189.575 179.857 0 0 0 0 0 
0 0 0 0 0 0 188.258 194.365 197.72 191.263 187.1 187.643 191.417 162.059 247.003 415.752 526.532 600.802 597.487 602.25 614.735 623.65 625.465 614.148 629.802 650.63 618.26 637.055 648.659 621.56 654.524 626.051 655.925 622.54 612.846 592.665 597.093 532.998 352.203 224.068 215.614 203.17 195.334 188.907 203.363 205.731 201.313 197.381 189.48 184.289 187.6 191.891 186.791 194.473 189.626 188.579 189.133 188.576 195.587 0 0 0 0 0 0 
0 0 0 0 0 0 0 186.875 193.763 181.687 183.632 187.998 193.347 200.67 185.244 215.976 354.77 476.121 580.682 597.888 595.551 606.058 621.95 607.45 628.25 644.777 597.489 644.634 611.162 622.251 630.095 620.494 618.383 607.907 595.246 581.125 493.751 322.557 215.906 203.603 203.057 216.434 206.847 204.732 188.688 192.462 176.49 193.164 195.575 200.352 190.093 191.881 193.2 188.759 192.326 185.952 187.179 187.459 0 0 0 0 0 0 0 
0 0 0 0 0 0 0 0 181.605 192.121 186.621 196.266 186.971 179.163 194.646 179.652 205.63 282.256 372.053 509.487 575.284 593.218 601.474 591.048 610.225 634.252 576.98 649.329 588.205 618.541 588.233 597.931 582.353 583.885 531.847 434.466 283.623 209.547 199.673 196.552 188.073 185.884 179.297 203.65 199.665 207.59 208.905 198.42 200.937 189.926 183.733 181.28 187.742 180.437 182.329 185.372 182.531 0 0 0 0 0 0 0 0 
0 0 0 0 0 0 0 0 189.791 191.419 191.142 190.832 189.24 190.209 187.289 188.173 187.965 194.472 228.952 246.423 362.141 467.005 529.367 545.428 592.69 613.473 556.631 616.927 564.798 605.596 569.622 566.975 532.795 428.925 306.394 221.647 190.521 200.601 193.525 199.535 192.515 199.918 190.568 192.708 188.888 174.907 193.409 178.022 182.378 179.421 182.181 180.818 179.882 180.581 172.412 179.594 180.555 0 0 0 0 0 0 0 0 
0 0 0 0 0 0 0 0 0 185.098 197.258 203.175 197.683 195.929 197.473 195.514 204.098 198.544 212.799 237.806 226.925 223.892 309.696 352.972 419.048 477.178 455.662 525.935 479.089 471.8 413.385 315.151 248.282 178.824 167.773 171.996 175.517 165.142 173.28 168.811 164.949 167.297 164.194 168.511 182.667 169.42 181.24 177.873 169.502 179.436 170.45 169.196 166.834 173.443 173.708 169.16 0 0 0 0 0 0 0 0 0 
0 0 0 0 0 0 0 0 0 0 195.093 202.948 202.923 209.511 207.948 207.554 202.344 218.457 218.716 222.779 241.874 251.869 234.585 216.052 303.992 355.615 276.462 252.493 223.894 198.698 174.276 143.201 153.704 156.15 142.29 143.84 145.931 137.942 146.843 138.662 155.141 157.308 154.224 150.294 154.88 147.229 142.593 162.132 149.837 157.102 156.151 154.318 157.546 156.106 164.033 0 0 0 0 0 0 0 0 0 0 
0 0 0 0 0 0 0 0 0 0 0 190.227 187.569 209.266 194.605 195.075 192.956 202.665 196.131 190.502 200.54 203.501 204.241 195.919 230.638 242.302 179.616 196.016 197.483 173.794 155.994 152.257 161.048 156.072 162.004 168.832 176.622 173.752 173.064 164.766 176.739 166.325 162.233 165.873 168.562 160.882 156.288 161.62 165.407 156.446 169.17 158.819 161.951 158.926 0 0 0 0 0 0 0 0 0 0 0 
0 0 0 0 0 0 0 0 0 0 0 0 0 194.916 186.412 197.819 192.822 191.828 193.077 189.893 188.705 192.302 204.87 188.614 234.123 258.55 184.682 166.168 176.498 191.874 184.364 185.748 187.307 166.741 167.523 162.202 170.052 172.99 168.362 175.806 179.216 174.097 175.927 177.212 181.701 176.001 175.393 166.557 176.18 162.76 174.708 175.721 0 0 0 0 0 0 0 0 0 0 0 0 0 
0 0 0 0 0 0 0 0 0 0 0 0 0 0 183.156 197.845 189.77 191.06 194.316 192.267 188.503 192.363 186.426 179.333 227.742 257.669 201.562 181.19 182.925 174.817 176.271 175.3 191.88 185.34 178.526 176.699 177.597 172.197 166.963 174.778 170.47 171.572 171.054 174.735 172.856 174.45 179.872 175.879 181.346 180.56 171.547 0 0 0 0 0 0 0 0 0 0 0 0 0 0 
0 0 0 0 0 0 0 0 0 0 0 0 0 0 0 182.626 182.933 200.997 193.546 184.796 186.797 188.819 183.667 176.662 221.665 259.833 198.315 179.521 190.212 174.956 176.091 175.353 181.484 180.356 187.219 177.873 181.879 184.929 176.605 180.338 178.497 177.642 176.438 171.433 176.374 172.609 171.305 181.049 178.46 187.349 0 0 0 0 0 0 0 0 0 0 0 0 0 0 0 
0 0 0 0 0 0 0 0 0 0 0 0 0 0 0 0 0 186.925 177.983 187.536 198.418 187.248 186.518 183.186 221.915 256.958 198.384 181.871 186.355 181.537 175.428 181.584 184.361 181.045 183.267 180.118 188.473 181.982 175.401 182.304 178.588 173.102 178.764 175.669 180.406 183.577 183.094 178.775 0 0 0 0 0 0 0 0 0 0 0 0 0 0 0 0 0 
0 0 0 0 0 0 0 0 0 0 0 0 0 0 0 0 0 0 0 184.54 185.708 182.852 193.28 185.637 225.341 267.902 197.265 185.042 182.346 180.952 182.781 179.675 178.416 184.331 173.831 178.97 180.039 177.879 179.957 182.173 185.57 176.782 187.834 182.477 186.153 185.583 0 0 0 0 0 0 0 0 0 0 0 0 0 0 0 0 0 0 0 
0 0 0 0 0 0 0 0 0 0 0 0 0 0 0 0 0 0 0 0 0 180.129 179.918 171.873 236.995 274.073 196.126 198.352 181.339 185.982 186.907 184.979 185.776 184.107 182.341 181.724 181.864 187.662 183.785 179.983 192.127 186.212 196.332 187.913 0 0 0 0 0 0 0 0 0 0 0 0 0 0 0 0 0 0 0 0 0 
0 0 0 0 0 0 0 0 0 0 0 0 0 0 0 0 0 0 0 0 0 0 0 0 0 258.565 183.553 187.559 183.538 185.305 183.092 186.783 187.574 184.739 183.822 188.344 189.849 188.887 184.07 188.54 0 0 0 0 0 0 0 0 0 0 0 0 0 0 0 0 0 0 0 0 0 0 0 0 0 
0 0 0 0 0 0 0 0 0 0 0 0 0 0 0 0 0 0 0 0 0 0 0 0 0 0 0 0 0 0 0 0 0 0 0 0 0 0 0 0 0 0 0 0 0 0 0 0 0 0 0 0 0 0 0 0 0 0 0 0 0 0 0 0 0 
