0 0 0 0 0 0 0 0 0 0 0 0 0 0 0 0 0 0 0 0 0 0 0 0 0 0 0 0 0 0 0 0 0 0 0 0 0 0 0 0 0 0 0 0 0 0 0 0 0 0 0 0 0 0 0 0 0 0 0 0 0 0 0 0 0 
0 0 0 0 0 0 0 0 0 0 0 0 0 0 0 0 0 0 0 0 0 0 0 0 0 196.25 201.614 208.889 206.107 204.202 190.398 223.644 196.089 222.691 183.453 204.919 200.354 192.394 206.455 194.245 0 0 0 0 0 0 0 0 0 0 0 0 0 0 0 0 0 0 0 0 0 0 0 0 0 
0 0 0 0 0 0 0 0 0 0 0 0 0 0 0 0 0 0 0 0 0 202.88 210.402 210.563 207.968 207.583 208.923 202.904 202.387 203.296 200.907 221.577 205.119 218.789 193.556 211.276 199.683 199.83 208.522 197.124 202.78 196.051 194.684 182.413 0 0 0 0 0 0 0 0 0 0 0 0 0 0 0 0 0 0 0 0 0 
0 0 0 0 0 0 0 0 0 0 0 0 0 0 0 0 0 0 0 207.012 213.009 209.733 209.694 202.736 206.099 214.064 215.097 205.241 211.873 201.864 212.802 218.296 211.636 213.061 200.318 205.207 201.17 205.549 210.245 202.883 206.568 196.88 197.439 188.827 199.345 191.951 0 0 0 0 0 0 0 0 0 0 0 0 0 0 0 0 0 0 0 
0 0 0 0 0 0 0 0 0 0 0 0 0 0 0 0 0 206.064 216.41 211.061 211.015 211.268 216.378 211.169 212.551 214.837 215.837 206.678 215.971 196.769 221.729 215.92 217.939 214.428 211.503 205.799 205.965 212.643 212.289 206.798 205.756 202.426 198.065 196.125 201.138 197.17 197.532 199.789 0 0 0 0 0 0 0 0 0 0 0 0 0 0 0 0 0 
0 0 0 0 0 0 0 0 0 0 0 0 0 0 0 206.765 214.14 212.907 209.723 216.449 217.062 215.667 215.269 213.204 218.252 218.415 220.31 215.812 216.288 194.257 224.182 216.631 228.652 215.304 210.153 207.117 206.316 220.039 212.249 209.623 205.429 208.024 198.846 204.626 206.11 203.132 203.703 195.616 180.437 189.722 0 0 0 0 0 0 0 0 0 0 0 0 0 0 0 
0 0 0 0 0 0 0 0 0 0 0 0 0 0 208.899 216.915 209.265 220.099 215.194 219.125 218.26 217.013 224.907 214.897 220.117 219.611 224.324 212.451 217.459 195.604 226.154 210.546 236.215 207.83 213.585 213.199 211.516 220.874 209.226 210.045 206.908 214.327 196.39 210.806 205.931 204.575 202.263 188.256 190.69 192.057 189.274 0 0 0 0 0 0 0 0 0 0 0 0 0 0 
0 0 0 0 0 0 0 0 0 0 0 0 0 223.173 207.94 219.341 209.443 221.247 217.227 223.501 221.731 218.173 224.349 216.961 224.595 218.951 228.714 217.62 214.979 188.5 230.525 209.031 243.595 206.295 224.74 211.774 211.288 219.561 213.714 213.809 213.307 207.988 198.495 214.858 210.076 200.282 201.523 192.24 198.099 194.364 194.684 191.069 0 0 0 0 0 0 0 0 0 0 0 0 0 
0 0 0 0 0 0 0 0 0 0 0 207.263 220.311 215.435 215.58 222.745 211.18 224.215 220.556 224.07 224.27 223.037 228.591 220.022 227.28 225.504 234.008 213.41 220.5 184.59 234.922 211.345 247.151 207.323 221.802 208.553 219.237 220.677 209.35 209.708 212.199 202.24 207.335 214.718 204.116 203.939 205.495 198.513 198.724 198.722 205.539 192.671 184.032 179.97 0 0 0 0 0 0 0 0 0 0 0 
0 0 0 0 0 0 0 0 0 0 214.101 221.492 218.2 223.004 221.33 228.526 216.215 222.817 226.747 221.594 227.68 219.456 229.267 224.454 230.368 226.005 236.587 218.947 228.052 177.436 212.767 224.018 243.6 211.473 217.881 211.043 214.964 205.393 207.092 202.744 217.757 205.48 212.719 212.408 207.344 214.241 198.166 199.69 200.104 206.216 198.063 184.228 188.258 186.735 181.861 0 0 0 0 0 0 0 0 0 0 
0 0 0 0 0 0 0 0 0 210.599 220.677 221.178 218.347 228.22 227.185 233.223 227.938 232.539 229.669 224.992 238.149 230.346 230.136 226.508 239.375 233.196 243.074 225.707 252.695 228.997 238.265 229.313 233.607 216.073 218.49 210.677 206.987 211.079 209.814 213.729 222.925 209.056 209.793 209.878 207.785 207.798 193.395 202.958 200.195 197.189 191.919 196.938 191.397 186.651 187.403 183.398 0 0 0 0 0 0 0 0 0 
0 0 0 0 0 0 0 0 214.411 225.709 217.75 223.489 223.908 226.929 231.662 229.841 229.822 237.511 235.493 228.342 243.039 229.324 224.652 225.821 234.972 223.919 218.658 209.38 234.277 316.823 405.468 274.985 237.406 227.031 216.243 204.284 213.186 214.112 216.48 219.317 225.165 201.334 209.601 214.499 219.721 207.58 211.083 204.262 204.509 204.663 206.438 200.627 194.568 193.319 199.264 189.968 186.468 0 0 0 0 0 0 0 0 
0 0 0 0 0 0 0 0 227.994 230.321 230.529 230.122 232.249 231.077 240.096 232.59 240.035 245.842 246.81 242.998 251.294 237.678 233.26 237.081 228.41 215.845 214.929 219.81 207.634 348.2 542.236 343.86 213.471 200.167 198.158 187.836 202.021 207 205.156 219.427 198.621 198.652 203.929 210.013 214.279 201.354 200.529 193.508 205.269 198.972 201.263 193.236 191.581 197.398 194.488 184.341 180.771 0 0 0 0 0 0 0 0 
0 0 0 0 0 0 0 234.119 229.791 236.821 240.79 239.518 245.362 247.066 251.549 241.127 253.728 253.516 260.254 274.777 277.112 266.364 277.947 279.277 279.612 277.411 230.594 191.635 224.037 445.757 562.212 364.271 186.402 198.729 196.473 185.72 194.714 210.368 206.903 213.321 191.829 204.219 208.285 221.424 201.138 191.471 190.514 199.129 201.557 198.431 195.582 191.112 194.009 193.355 182.54 187.093 181.329 178.056 0 0 0 0 0 0 0 
0 0 0 0 0 0 224.309 225.831 228.796 233.707 242.105 238.625 245.693 248.631 256.089 255.788 262.52 252.159 262.271 284.594 295.776 328.751 330.375 346.56 388.046 384.943 372.62 344.134 377.624 515.148 567.863 379.315 173.9 170.286 181.608 193.558 195.597 215.625 198.618 211.991 195.586 200.736 213.905 202.025 192.197 199.42 207.843 214.085 207.106 207.651 205.179 197.905 196.997 196.182 198.965 192.051 186.672 186.652 180.253 0 0 0 0 0 0 
0 0 0 0 0 221.515 229.667 223.689 231.672 230.768 239.156 238.144 244.299 251.887 247.366 264.873 263.509 258.219 295.99 303.624 351.579 351.749 356.925 395.655 419.996 429.578 430.383 427.647 476.545 544.8 574.109 385.213 199.592 216.819 204.072 191.19 184.457 194.446 195.953 208.722 204.392 205.98 216.113 206.69 203.245 203.027 196.494 197.667 206.563 199.047 194.968 194.232 204.757 198.958 197.48 185.9 191.083 188.376 185.278 180.4 0 0 0 0 0 
0 0 0 0 0 229.289 226.687 223.094 231.384 226.393 233.185 227.69 234.079 254.679 240.856 259.312 244.307 282.768 292.109 318.971 338.88 344.713 366.915 372.262 414.065 408.805 439.388 465.227 461.752 534.697 551.699 415.351 307.114 331.823 323.014 263.773 195.258 204.077 222.973 228.624 204.393 195.668 217.495 202.711 203.165 206.446 218.368 209.656 203.227 199.441 201.262 196.018 200.723 199.604 193.388 197.242 198.637 195.157 188.546 179.984 0 0 0 0 0 
0 0 0 0 216.354 222.186 224.713 219.38 221.621 226.075 226.394 229.77 232.316 235.216 238.667 245.77 251.416 282.015 291.693 325.738 332.467 347.105 362.218 385.734 397.909 415.392 447.466 464.042 459.19 559.066 523.649 397.897 378.542 400.575 409.939 375.387 319.921 260.238 224.573 193.054 182.333 208.601 221.561 212.502 210.81 199.946 195.137 199.896 202.597 210.989 209.595 206.229 211.066 204.444 198.221 200.806 194.074 190.05 183.883 183.352 183.221 0 0 0 0 
0 0 0 0 215.005 213.913 218.593 221.202 210.554 220.479 212.224 215.026 227.795 212.547 230.992 223.767 274.168 262.782 295.253 301.739 340.333 383.464 430.865 488.599 502.69 531.533 565.077 549.799 540.334 639.388 572.676 454.344 436.328 428.473 415.794 410.848 420.75 404.536 327.813 240.743 221.487 233.213 214.321 196.977 207.317 209.761 217.635 218.842 208.289 211.401 201.392 214.896 214.064 202.714 205.053 199.397 201.631 197.086 193.87 191.913 185.509 0 0 0 0 
0 0 0 207.069 213.372 211.873 208.975 212.435 205.611 212.827 201.483 200.99 203.35 194.134 227.504 228.138 240.406 270.679 325.373 407.082 482.533 547.996 600.715 630.567 625.862 649.685 658.317 637.756 652.302 670.7 638.207 610.176 585.656 551.199 528.782 467.898 422.109 428.508 448.593 405.223 301.592 256.503 240.42 234.001 235.841 235.002 233.781 229.931 235.995 236.92 228.547 227.359 216.512 220.812 218.428 219.682 215.227 212.086 208.935 202.581 202.437 196.323 0 0 0 
0 0 0 211.315 202.392 210.19 213.87 219.937 219.074 216.608 207.58 199.365 188.274 208.945 221.438 246.062 300.631 407.294 540.564 613.858 650.112 645.674 662.39 660.081 656.27 684.299 657.311 671.642 669.443 649.832 672.258 637.973 617.976 646.78 652.977 578.953 531.576 505.176 479.4 459.786 429.599 301.257 223.335 238.34 253.859 253.861 248.026 237.622 236.139 225.713 230.072 232.725 236.401 232.501 231.206 227.167 223.296 223.827 218.401 218.053 213.601 208.867 0 0 0 
0 0 202.568 204.794 202.842 204.706 206.156 208.809 217.684 219.08 211.563 202.616 176.526 214.244 252.701 343.327 507.497 605.014 654.657 657.61 663.061 660.323 680.868 667.318 693.076 683.848 660.393 689.182 659.554 682.503 684.223 638.182 659.192 662.726 659.696 643.663 656.675 601.626 507.978 459.858 505.288 418.59 292.408 253.899 234.652 242.222 233.037 236.697 239.222 245.838 235.475 235.23 236.428 234.951 233.397 228.018 226.886 220.956 220.901 220.108 214.047 207.006 200.309 0 0 
0 0 204.08 207.75 203.886 206.158 205.596 198.299 201.649 216.118 201.324 202.168 172.82 219.281 377.367 551.972 639.309 654.334 664.897 663.442 665.736 672.023 698.604 667.515 701.292 667.346 696.012 675.497 691.942 689.09 688.242 696.367 665.757 664.502 708.636 670.897 653.155 648.791 618.737 535.413 492.954 485.422 380.914 264.917 254.174 240.902 243.2 247.512 244.383 240.293 237.676 248.453 242.424 232.501 227.89 228.706 227.469 224.828 221.114 217.115 210.008 206.549 206.109 0 0 
0 0 211.62 205.42 208.393 208.967 206.521 205.641 198.97 212.154 189.184 192.829 168.383 302.929 537.173 645.421 656.396 650.176 650.545 673.79 665.82 675.24 677.048 679.246 684.322 668.563 673.719 673.346 678.746 668.628 702.956 672.753 670.277 683.939 683.346 666.232 693.616 699.475 663.052 631.105 555.48 468.461 487.741 363.138 247.328 280.408 261.626 236.677 249.944 248.97 247.448 244.389 244.254 239.032 230.922 232.183 232.377 227 224.034 219.226 217.877 215.007 206.321 0 0 
0 0 213.9 212.217 219.873 214.795 211.712 213.8 213.703 218.724 207.727 186.564 237.646 435.582 614.147 646.03 648.14 656.17 662.895 689.987 667.394 690.962 653.931 678.813 651.388 674.6 652.444 669.456 675.446 679.563 678.222 705.576 666.456 658.655 679.578 663.839 657.79 674.738 657.994 671.026 609.824 568.623 502.639 479.94 290.675 247.551 271.778 246.5 240.076 241.489 244.375 244.379 236.223 226.396 238.379 238.674 233.912 232.34 228.888 224.613 222.059 213.027 213.403 0 0 
0 212.452 216.288 215.249 219.943 225.992 227.791 221.176 231.836 225.743 233.409 234.076 382.36 545.264 632.569 650.002 663.85 666.074 659.486 686.8 662.827 698.069 654.029 667.239 656.586 656.602 676.64 683.742 703.036 698.396 687.239 675.62 682.375 691.763 664.308 650.14 663.141 657.732 661.408 700.789 639.15 612.88 535.895 462.164 443.305 222.555 251.323 236.883 255.701 256.408 240.782 240.269 238.278 241.307 240.464 238.423 238.161 231.541 226.448 221.362 220.464 220.08 215.182 209.591 0 
0 220.362 215.372 221.496 218.192 222.858 228.471 220.61 234.176 221.16 245.03 360.951 543.933 606.131 625.842 656.096 677.287 672.305 673.932 697.343 648.031 671.195 657.177 652.533 660.878 671.771 675.415 697.001 708.549 689.812 692.575 682.553 660.325 695.222 707.132 670.052 698.171 640.177 637.785 659.673 650.745 663.415 580.591 497.922 514.715 324.972 252.518 239.726 256.046 251.786 245.973 250.273 243.525 248.222 245.307 237.265 238.354 231.779 228.647 226.359 227.612 224.434 218.203 216.539 0 
0 223.516 215.785 223.101 221.175 221.589 228.921 224.593 236.909 212.577 314.163 519.558 603.427 612.96 631.09 655.569 662.933 667.335 649.35 670.933 632.502 640.749 628.821 614.931 620.989 626.518 633.641 643.305 689.502 708.522 712.277 718.264 687.415 670.628 736.365 655.445 740.19 665.198 704.413 637.943 684.162 701.342 619.399 581.913 511.613 426.896 290.25 248.827 262.79 254.986 246.449 263.042 253.346 248.843 241.318 242.196 239.38 234.728 238.859 237.13 235.33 226.291 219.742 214.676 0 
0 223.011 219.734 224.038 229.357 226.729 231.378 225.665 240.296 251.708 443.954 609.252 627.867 639.564 657.488 661.848 676.859 674.707 654.556 679.857 653.072 640.737 639.325 607.219 543.988 464.278 399.218 370.83 386.654 442.308 555.083 672.009 696.049 635.894 713.738 660.491 705.176 655.021 717.416 613.293 677.874 659.766 648.619 615.107 499.902 477.533 332.592 218.138 251.9 225.992 256.814 246.761 240.533 239.403 227.515 231.084 231.555 236.362 229.343 224.353 222.486 222.751 217.971 210.297 0 
0 224.231 222.592 226.712 228.013 225.063 232.123 223.715 247.353 324.376 554.907 628.872 641.651 659.21 664.943 676.972 675.423 683.575 659.595 691.107 673.016 659.913 546.391 379.507 286.95 257.875 242.185 237.412 239.474 224.387 262.738 415.814 592.737 602.861 678.199 641.367 663.48 626.099 661.869 603.346 649.116 618.908 665.833 612.23 530.365 498.976 388.138 222.342 253.689 230.489 243.944 233.122 233.71 221.635 232.268 230.027 224.498 225.418 224.07 218.719 213.948 208.949 203.761 204.091 0 
0 222.888 219.555 221.067 222.128 224.435 229.302 230.251 265.863 420.258 610.936 645.951 657.952 669.845 681.599 684.049 668.238 688.485 663.401 680.383 662.188 482.586 266.244 218.708 244.329 246.246 231.05 228.598 237.742 233.223 220.945 224.837 370.453 528.866 649.262 570.319 638.141 684.225 668.586 664.664 644.48 642.059 668.641 603.634 590.442 495.921 414.931 248.913 259.247 213.52 245.433 213.226 228.435 234.557 232.537 224.207 229.169 223.534 216.07 216.725 214.693 210.017 205.255 203.214 0 
0 223.249 222.173 228.515 228.735 227.606 239.308 239.142 297.044 511.681 632.946 654.936 656.936 675.372 677.613 677.027 677.159 697.557 656.836 678.416 495.432 248.287 218.274 237.217 248.834 238.69 230.566 227.352 231.423 220.2 210.641 210.876 238.943 420.004 575.927 567.368 453.815 578.779 632.394 648.679 653.217 666.827 655.992 652.867 624.207 504.111 475.927 326.005 258.17 217.572 228.027 229.731 230.11 225.854 227.369 215.814 218.435 216.7 213.076 208.712 210.771 212.708 210.507 203.748 0 
0 227.632 223.723 228.802 226.956 228.556 232.342 238.886 339.688 571.521 637.849 648.172 667.642 683.484 673.805 686.643 671.232 706.56 661.778 597.716 290.164 220.272 227.153 238.945 255.742 247.1 240.123 241.989 250.116 239.26 220.585 186.349 199.242 297.583 498.242 409.455 238.191 364.825 596.552 607.182 617.613 619.76 643.815 644.207 609.916 549.129 499.273 371.452 222.677 226.211 220.618 225.451 228.019 222.001 211.184 212.554 212.635 212.401 216.862 208.645 204.792 203.223 202.043 197.247 0 
0 229.517 222.5 222.237 223.408 227.446 225.628 240.73 393.787 607.029 644.747 656.446 671.345 668.864 682.436 676.512 672.019 690.023 660.682 453.159 213.984 224.25 220.597 227.188 249.238 243.929 231.832 233.256 230.491 221.372 213.151 193.347 176.577 195.631 369.475 395.198 194.769 220.573 467.179 647.386 613.445 641.101 643.485 621.387 612.345 579.977 487.168 401.543 244.096 234.985 214.123 223.14 215.444 215.286 211.695 215.967 217.659 215.424 214.577 212.859 208.401 203.085 197.799 193.83 0 
0 220.434 223.545 228.545 226.267 226.925 222.652 261.398 439.367 624.759 634.008 659.512 669.874 678.316 683.587 670.29 678.625 671.964 644.928 338.548 217.301 216.419 217.511 223.446 238.033 246.391 235.653 237.977 229.175 228.682 219.958 206.742 216.208 196.028 270.744 359.798 232.937 214.946 346.487 610.407 644.951 632.021 666.808 639.221 626.406 580.789 479.27 429.974 263.721 230.622 207.754 225.046 217.305 217.801 228.387 218.809 211.551 216.424 214.95 209.348 207.548 207.616 199.575 191.285 0 
0 224.839 219.421 228.848 230.102 238.511 223.628 269.42 453.904 623.056 642.044 660.736 669.697 680.892 680.464 672.237 672.242 670.56 617.196 269.005 219.026 215.636 220.127 217.437 229.753 241.981 231.865 242.42 226.07 218.751 223.584 220.927 218.916 215.653 237.48 353.775 232.861 224.514 298.016 576.049 627.705 665.671 672.383 644.536 627.375 601.792 501.649 432.218 276.063 206.18 224.335 213.426 227.687 230.611 221.553 220.365 216.897 212.068 209.529 205.64 203.22 202.54 205.026 203.811 0 
0 223.682 223.59 228.403 225.313 230.711 228.84 271.603 469.846 631.981 639.364 651.94 680.381 675.571 683.824 668.765 669.187 660.644 611.99 248.138 223.042 216.527 219.592 215.115 228.549 236.974 231.159 249.211 225.112 211.2 219.319 221.169 231.306 228.398 222.467 341.163 239.539 222.986 281.996 569.808 628.784 662.068 637.471 667.01 633.946 600.294 494.63 408.965 288.641 229.803 229.311 223.062 219.573 224.232 216.059 212.779 216.758 216.71 214.783 213.061 210.688 203.706 201.412 201.744 0 
0 225.495 216.992 219.648 226.102 229.838 235.618 247.252 462.202 626.986 643.456 665.67 671.405 668.698 685.453 666.408 675.375 658.543 602.098 280.553 218.44 213.688 216.434 214.457 225.31 233.044 237.639 251.945 222.569 217.06 222.685 220.684 232.71 221.605 222.749 343.778 225.076 211.676 281.013 572.132 657.16 638.893 668.316 640.582 619.606 596.204 486.951 430.801 265.455 248.608 214.364 229.612 220.43 216.188 217.406 212.141 220.065 222.023 217.09 214.887 215.002 212.124 203.361 199.656 0 
0 222.673 217.339 223.969 232.89 229.732 231.703 223.59 439.566 615.725 646.18 660.147 678.193 677.574 673.548 673.51 671.279 669.935 614.603 351.028 205.808 218.854 212.837 217.038 220.305 222.923 232.597 252.186 232.889 223.932 222.776 222.361 234.734 217.837 245.756 344.21 222.186 208.787 315.896 607.288 659.155 675.508 625.58 620.246 624.59 598.78 472.579 409.801 270.976 222.667 233.617 224.819 230.342 227.49 221.962 224.22 219.805 213.066 211.591 213.831 213.08 209.483 208.001 203.333 0 
0 224.264 229.413 232.88 227.221 217.765 224.334 226.297 399.502 578.307 636.969 654.606 670.293 682.786 678.593 681.42 658.972 666.194 649.301 455.816 232.222 216.488 215.568 211.599 212.327 213.244 224.101 232.586 234.276 235.243 233.478 228.768 239.838 214.936 306.543 334.68 211.475 198.589 394.307 664.539 643.51 651.659 657.902 651.488 612.278 551.518 436.726 374.052 259.064 235.886 247.005 228.051 226.009 230.913 223.974 218.584 222.502 221.285 216.012 212.683 208.746 202.385 201.211 199.054 0 
0 0 228.156 226.559 227.746 230.868 237.02 226.313 334.782 567.382 640.128 646.135 660.043 671.68 675.799 683.706 668.022 667.033 660.664 558.678 326.694 212.902 221.711 215.396 208.542 211.345 219.388 213.603 213.057 222.637 222.602 239.347 247.384 241.126 394.752 277.015 208.802 254.654 515.512 661.889 669.317 676.504 633.437 621.379 609.178 539.266 422.94 361.29 237.319 248.195 227.283 240.503 229.285 223.985 222.423 215.843 216.045 214.259 209.745 211.104 212.88 206.722 203.619 0 0 
0 0 221.784 214.725 222.806 234.48 231.356 225.357 271.83 544.294 626.821 648.156 668.819 671.863 679.121 665.72 671.213 665.977 669.181 647.23 471.871 285.921 204.919 217.801 215.418 207.902 225.376 211.203 206.427 215.099 207.573 229.856 224.386 347.234 468.752 240.338 219.033 361.484 613.457 654.249 665.179 649.847 649.228 634.648 619.305 506.975 399.025 310.485 231.813 215.25 236.276 226.849 223.396 221.486 216.306 220.375 217.2 219.646 221.588 213.968 212.017 210.045 204.467 0 0 
0 0 221.462 219.391 230.673 226.203 223.643 236.902 253.121 444.091 601.487 653.762 659.259 672.066 687.711 679.641 681.203 670.817 667.135 669.522 636.848 471.538 297.726 208.457 225.37 213.686 232.076 227.182 215.86 241.297 226.734 229.2 309.785 536.462 460.542 242.012 286.507 542.019 670.36 671.287 675.654 656.937 635.183 598.746 575.816 430.813 367.36 293.139 222.102 227.332 231.687 230.497 230.029 223.084 220.849 228.073 225.669 215.271 212.902 213.379 206.446 204.962 206.769 0 0 
0 0 226.413 231.24 223.038 223.348 225.744 241.05 239.547 328.749 587.303 639.242 649.189 672.328 670.747 681.73 673.309 680.78 661.65 667.328 667.4 642.495 547.563 393.763 261.153 230.619 248.865 228.168 210.753 227.755 223.334 340.804 521.147 615.955 479.992 437.653 550.862 663.017 657.01 660.651 667.601 652.469 633.297 629.711 542.001 388.377 372.95 267.311 251.843 237.577 219.586 240.267 232.875 236.499 233.956 222.008 221.288 218.536 217.164 218.054 214.304 210.606 205.81 0 0 
0 0 0 229.016 221.349 226.515 232.981 234.534 234.302 266.908 495.981 617.68 644.227 667.287 665.238 685.587 664.3 675.965 648.723 663.658 643.808 640.947 630.209 598.295 548.656 420.648 376.286 335.193 322.521 389.322 485.534 626.162 657.459 645.835 601.497 638.764 669.166 705.811 708.589 704.279 694.02 669.233 639.335 628.461 493.192 380.272 344.048 277.827 240.426 241.337 253.122 243.155 242.311 238.658 236.06 234.596 232.664 233.839 227.812 225.333 223.239 223.545 0 0 0 
0 0 0 224.786 221.049 230.232 226.571 221.748 226.315 243.212 334.69 572.005 636.852 636.768 656.39 663.574 662.663 665.145 639.894 650.464 625.304 627.289 613.83 601.1 593.04 607.984 615.952 577.794 634.569 702.766 703.126 688.888 670.727 668.552 655.509 690.808 691.313 701.739 713.197 695.627 694.876 667.97 638.606 611.909 458.77 380.462 348.689 266.358 271.742 275.238 259.201 249.235 253.981 251.413 250.09 252.11 246.567 239.851 242.253 229.438 228.15 228.597 0 0 0 
0 0 0 0 233.618 222.666 223.079 224.462 227.976 234.379 257.234 447.354 612.54 627.49 650.861 649.975 665.954 670.651 664.267 671.474 655.443 656.621 645.58 655.254 652.434 644.749 688.602 674.482 671.614 653.863 651.383 679.195 691.646 684.305 655.112 678.355 674.209 668.995 691.82 666.33 676.061 642.018 612.203 503.553 376.897 363.975 310.438 270.388 270.404 245.088 253.291 252.748 254.887 257.878 240.428 238.227 238.743 238.488 233.135 231.201 222.855 0 0 0 0 
0 0 0 0 222.757 220.547 218.576 221.4 227.645 227.047 239.26 310.591 512.851 619.601 652.4 653.591 668.868 664.958 671.908 673.424 669.318 669.883 660.215 661.534 657.211 657.214 675.632 642.206 680.834 691.678 663.51 647.214 649.772 665.328 672.144 698.622 697.356 688.635 697.846 661.344 654.639 606.613 508.398 355.858 321.401 330.844 288.414 240.18 244.614 254.679 244.797 246.185 241.3 242.736 239.865 231.556 232.865 231.447 223.458 225.658 222.604 0 0 0 0 
0 0 0 0 0 226.151 219.32 234.563 232.105 221.627 234.615 250.037 323.512 543.201 613.987 637.564 660.177 656.751 673.325 674.043 674.837 671.827 678.163 675.2 665.585 673.357 689.698 654.391 671.22 671.295 670.713 694.041 683.719 667.466 657.183 681.545 684.657 683.678 682.839 658.653 658.528 549.905 366.077 291.584 307.233 276.264 235.429 237.643 237.564 239.861 234.052 237.587 233.257 238.119 237.099 231.767 229.431 226.468 224.268 220.333 0 0 0 0 0 
0 0 0 0 0 223.484 231.361 231.888 221.974 225.445 233.957 222.972 242.314 335.644 545.161 618.3 642.616 652.034 657.404 666.502 675.164 667.477 677.059 673.993 677.304 685.799 697.875 667.201 685.585 681.801 676.437 684.936 689.873 687.348 678.622 684.249 660.71 664.963 658.009 655.22 597.325 427.113 287.721 270.366 257.327 250.818 248.465 238.485 225.903 227.054 232.076 233.37 226.793 225.548 228.254 232.334 227.207 223.777 221.639 219.43 0 0 0 0 0 
0 0 0 0 0 0 228.665 215.732 213.9 230.617 229.35 230.121 236.113 242.593 319.571 507.821 599.884 640.63 643.499 656.208 670.467 670.244 670.527 668.757 668.936 684.425 691.837 668.331 687.104 676.854 681.697 684.158 687.001 674.483 670.504 686.014 650.684 651.92 631.685 605.802 448.66 292.945 234.093 264.495 244.282 224.905 226.47 228.418 238.154 231.1 232.107 232.06 235.007 227.03 223.897 221.918 216.141 214.068 215.268 0 0 0 0 0 0 
0 0 0 0 0 0 0 233.539 225.431 236.99 226.151 225.13 231.493 235.483 231 297.124 454.56 565.26 630.571 644.43 650.269 652.46 664.475 668.55 664.431 687.479 676.948 669.232 680.147 674.235 680.58 672.438 687.581 663.239 660.321 666.071 644.651 646.936 567.04 426.507 282.818 239.43 217.145 221.164 217.343 227.826 233.241 231.71 231.338 229.199 224.334 221.137 222.724 221.928 214.604 218.012 218.833 214.379 0 0 0 0 0 0 0 
0 0 0 0 0 0 0 0 237.413 227.303 222.386 228.768 233.671 235.305 240.955 230.542 252.085 376.75 491.179 591.201 631.771 645.029 648.901 649.499 658.884 684.006 667.01 663.617 672.743 670.413 665.586 660.676 663.473 649.447 656.27 653.202 609.318 497.821 349.866 261.907 222.92 210.574 218.544 234.619 230.33 217.723 220.61 217.364 220.11 219.992 217.419 216.496 214.914 219.572 216.901 211.753 211.856 0 0 0 0 0 0 0 0 
0 0 0 0 0 0 0 0 230.367 222.108 229.946 235.509 237.408 234.129 232.657 239.327 242.336 237.151 291.189 370.363 459.008 555.363 590.844 623.337 619.503 673.604 631.814 656.779 649.964 651.168 647.807 650.449 640.172 623.554 593.058 507.848 400.663 289.315 244.162 235.092 224.904 200.811 218.088 221.998 220.143 211.125 216.124 217.331 219.222 220.635 219.382 217.461 216.98 213.364 215.679 209.321 206.921 0 0 0 0 0 0 0 0 
0 0 0 0 0 0 0 0 0 224.465 231.605 229.668 230.763 230.001 230.915 241.533 244 242.412 235.624 261.808 284.602 297.487 369.11 437.492 457.55 589.038 507.947 570.808 571.031 578.737 561.474 547.46 482.115 426.438 341.472 262.978 212.836 196.037 198.617 187.272 211.252 215.069 220.075 222.524 231.149 219.045 209.963 211.239 208.743 210.953 211.947 208.76 209.776 206.534 203.71 201.797 0 0 0 0 0 0 0 0 0 
0 0 0 0 0 0 0 0 0 0 231.208 233.901 231.21 238.316 236.763 249.345 250.107 251.195 258.118 255.97 261.517 283.244 276.937 256.242 294.506 487.402 337.183 339.41 324.431 339.237 317.112 290.107 243.079 212.803 198.024 191.201 187.244 191.642 184.138 180.368 191.818 195.525 189.79 199.907 194.58 195.91 191.652 189.349 185.435 183.969 189.202 189.046 188.277 188.759 187.263 0 0 0 0 0 0 0 0 0 0 
0 0 0 0 0 0 0 0 0 0 0 228.442 229.588 227.168 228.643 238.346 234.308 238.47 238.541 234.949 248.081 239.159 241.053 264.586 256.689 330.386 228.142 248.792 235.73 221.833 204.968 195.717 187.199 192.446 197.875 197.794 199.88 207.349 210.425 204.408 209.02 210.435 204.671 211.64 204.708 205.654 200.8 202.526 206.838 195.639 195.61 191.723 191.791 193.274 0 0 0 0 0 0 0 0 0 0 0 
0 0 0 0 0 0 0 0 0 0 0 0 0 229.759 223.538 235.417 226.993 230.194 233.499 230.63 247.635 236.708 238.616 253.201 235.8 291.945 234.592 233.479 225.499 220.295 228.598 233.131 227.376 222.249 215.826 208.882 214.565 207.895 214.253 208.849 211.234 210.502 211.82 213.57 212.55 212.681 205.615 206.115 212.496 204.45 206.483 199.161 0 0 0 0 0 0 0 0 0 0 0 0 0 
0 0 0 0 0 0 0 0 0 0 0 0 0 0 229.066 229.834 221.093 223.295 232.104 230.947 237.614 225.944 239.623 244.628 231.027 278.865 242.678 241.47 233.721 229.029 225.122 220.066 216.339 222.128 219.975 219.843 222.531 213.968 220.21 211.104 211.445 216.724 209.113 216.405 215.039 213.618 212.254 204.982 207.984 204.863 205.737 0 0 0 0 0 0 0 0 0 0 0 0 0 0 
0 0 0 0 0 0 0 0 0 0 0 0 0 0 0 224.531 223.15 225.856 228.573 222.853 231.005 225.615 233.498 227.502 246.497 282.387 238.252 242.131 231.986 228.766 226.823 222.991 223.127 219.9 219.599 218.676 218.428 211.847 218.586 215.098 212.713 219.342 217.335 215.361 213.182 210.862 208.653 208.379 206.278 206.692 0 0 0 0 0 0 0 0 0 0 0 0 0 0 0 
0 0 0 0 0 0 0 0 0 0 0 0 0 0 0 0 0 229.425 220.55 222.483 220.485 226.178 230.453 217.649 260.644 274.416 229.595 230.489 230.141 223.625 229.982 223.973 223.66 220.515 218.943 217.119 219.208 213.873 218.501 218.418 213.496 215.27 216.951 215.734 214.486 210.335 210.048 209.824 0 0 0 0 0 0 0 0 0 0 0 0 0 0 0 0 0 
0 0 0 0 0 0 0 0 0 0 0 0 0 0 0 0 0 0 0 220.879 227.45 223.456 225.649 206.933 269.034 271.421 230.762 229.994 222.603 225.023 227.939 222.976 218.454 222.41 222.903 219.816 218.659 213.4 213.383 214.457 210.05 215.75 213.176 214.115 217.241 207.095 0 0 0 0 0 0 0 0 0 0 0 0 0 0 0 0 0 0 0 
0 0 0 0 0 0 0 0 0 0 0 0 0 0 0 0 0 0 0 0 0 226.859 218.641 206.094 279.106 265.419 224.59 224.775 215.992 221.994 219.331 217.564 215.142 216.917 217.781 215.771 213.21 214.682 210.804 212.338 211.05 213.539 216.135 206.564 0 0 0 0 0 0 0 0 0 0 0 0 0 0 0 0 0 0 0 0 0 
0 0 0 0 0 0 0 0 0 0 0 0 0 0 0 0 0 0 0 0 0 0 0 0 0 245.291 217.624 224.53 221.724 223.848 215.858 218.031 218.937 220.448 217.935 220.41 216.038 213.135 209.121 216.262 0 0 0 0 0 0 0 0 0 0 0 0 0 0 0 0 0 0 0 0 0 0 0 0 0 
0 0 0 0 0 0 0 0 0 0 0 0 0 0 0 0 0 0 0 0 0 0 0 0 0 0 0 0 0 0 0 0 0 0 0 0 0 0 0 0 0 0 0 0 0 0 0 0 0 0 0 0 0 0 0 0 0 0 0 0 0 0 0 0 0 
