0 0 0 0 0 0 0 0 0 0 0 0 0 0 0 0 0 0 0 0 0 0 0 0 0 0 0 0 0 0 0 0 0 0 0 0 0 0 0 0 0 0 0 0 0 0 0 0 0 0 0 0 0 0 0 0 0 0 0 0 0 0 0 0 0 
0 0 0 0 0 0 0 0 0 0 0 0 0 0 0 0 0 0 0 0 0 0 0 0 0 145.666 154.065 151.553 158.261 148.566 156.581 143.278 154.903 150.982 160.903 146.801 151.23 143.768 140.035 139.422 0 0 0 0 0 0 0 0 0 0 0 0 0 0 0 0 0 0 0 0 0 0 0 0 0 
0 0 0 0 0 0 0 0 0 0 0 0 0 0 0 0 0 0 0 0 0 148.926 152.761 165.978 150.053 153.487 153.08 153.326 158.882 151.184 152.882 147.362 158.732 158.307 160.683 152.936 151.486 144.423 145.954 150.491 155.602 143.095 152.634 137.496 0 0 0 0 0 0 0 0 0 0 0 0 0 0 0 0 0 0 0 0 0 
0 0 0 0 0 0 0 0 0 0 0 0 0 0 0 0 0 0 0 152.961 159.196 155.228 153.499 162.897 152.398 152.39 153.532 162.997 156.849 155.199 148.373 151.852 163.876 159.643 162.107 155.394 151.303 151.393 154.774 155.067 150.676 154.996 146.906 141.806 147.262 147.401 0 0 0 0 0 0 0 0 0 0 0 0 0 0 0 0 0 0 0 
0 0 0 0 0 0 0 0 0 0 0 0 0 0 0 0 0 152.397 158.489 159.378 153.987 157.49 161.572 164.102 156.204 158.746 160.258 165.196 156.155 155.819 145.928 160.753 163.134 162.288 160.782 153.744 154.353 157.019 155.828 152.632 158.289 154.43 144.248 153.274 152.613 146.851 141.765 149.638 0 0 0 0 0 0 0 0 0 0 0 0 0 0 0 0 0 
0 0 0 0 0 0 0 0 0 0 0 0 0 0 0 150.952 159.797 158.471 155.24 158.878 159.19 165.255 162.114 162.831 151.733 165.269 165.926 165.236 158.445 154.243 156.696 164.523 163.126 168.143 158.67 162.125 160.756 156.205 152.528 154.554 161.279 151.269 155.951 156.24 149.761 145.708 151.199 145.908 136.913 144.489 0 0 0 0 0 0 0 0 0 0 0 0 0 0 0 
0 0 0 0 0 0 0 0 0 0 0 0 0 0 160.981 159.88 157.307 158.05 155.997 165.017 159.561 169.228 164.869 164.164 148.731 167.694 165.619 162.843 162.658 158.743 160.878 163.908 160.328 165.335 161.037 166.491 159.592 159.73 149.945 167.39 156.705 159.62 157.45 154.194 151.467 150.44 153.729 142.652 148.047 145.151 139.484 0 0 0 0 0 0 0 0 0 0 0 0 0 0 
0 0 0 0 0 0 0 0 0 0 0 0 0 160.511 160.271 155.987 162.461 165.396 157.014 161.889 164.298 171.48 165.87 162.384 157.805 171.365 164.481 164.242 162.809 162.953 156.312 168.293 159.72 176.925 162.231 164.477 160.566 156.627 163.854 164.692 159.566 158.006 154.009 157.415 156.005 147.893 156.876 147.91 155.549 143.636 142.055 143.167 0 0 0 0 0 0 0 0 0 0 0 0 0 
0 0 0 0 0 0 0 0 0 0 0 149.272 165.836 154.561 159.926 161.579 161.309 165.81 157.401 170.366 163.877 164.406 163.26 167.211 168.717 168.921 156.672 169.529 163.565 166.66 152.917 171.51 170.658 169.429 153.63 163.208 165.796 163.31 165.933 158.404 163.873 157.268 153.586 161.983 155.259 152.342 160.637 151.61 150.879 144.803 148.103 144.103 137.03 134.66 0 0 0 0 0 0 0 0 0 0 0 
0 0 0 0 0 0 0 0 0 0 154.588 164.093 168.225 162.994 164.351 169.053 161.508 161.609 154.251 177.047 167.662 166.486 162.604 169.504 169.496 170.834 163.571 186.143 154.091 163.784 146.486 181.668 172.724 163.538 160.433 164.737 171.8 161.864 154.445 154.935 158.546 160.713 163.858 158.992 153.662 160.017 154.947 153.737 150.611 153.958 145.509 141.446 143.663 142.907 139.964 0 0 0 0 0 0 0 0 0 0 
0 0 0 0 0 0 0 0 0 154.499 158.649 158.961 160.352 160.843 165.723 171.465 169.152 161.2 155.261 177.339 167.241 160.243 171.926 177.913 161.997 162.002 178.08 168.488 143.842 171.134 162.888 175.105 151.157 151.515 167.785 166.963 168.05 146.066 162.39 158.289 171.358 173.057 164.154 160.712 160.471 163.108 157.625 155.228 154.304 153.351 151.313 157.436 150.716 148.146 145.602 140.376 0 0 0 0 0 0 0 0 0 
0 0 0 0 0 0 0 0 159.647 164.138 162.91 168.916 167.83 169.455 163.689 173.413 171.123 165.693 171.628 185.795 172.358 171.564 193.239 175.525 169.096 190.805 188.37 176.291 168.85 185.789 152.023 166.652 164.918 178.287 185.238 176.584 166.841 165.858 172.28 176.354 177.626 160.58 155.122 159.992 152.582 156.651 156.369 150.013 150.498 150.265 154.807 148.705 141.613 140.752 145.351 138.911 134.424 0 0 0 0 0 0 0 0 
0 0 0 0 0 0 0 0 161.578 158.536 160.553 164.754 159.962 165.977 159.399 169.828 163.182 153.518 172.329 166.27 151.123 180.481 212.021 206.546 225.342 223.807 214.553 237.41 239.801 248.058 189.188 187.891 179.913 171.89 172.337 159.278 164.198 170.427 170.725 171.195 160.733 155.592 160.841 166.907 171.202 180.971 168.61 162.353 174.191 166.299 163.25 158.526 157.546 161.617 159.161 148.432 144.96 0 0 0 0 0 0 0 0 
0 0 0 0 0 0 0 171.174 168.457 170.493 177.417 174.322 169.005 173.905 174.322 182.982 169.382 175.004 190.52 177.033 182.76 200.387 172.943 195.101 190.328 176.857 179.797 181.162 155.703 196.629 235.024 201.224 169.57 167.863 188.547 170.978 178.433 180.03 174.476 167.464 167.696 169.863 171.276 179.767 168.351 160.289 148.681 157.448 157.5 153.907 153.447 149.949 148.055 147.071 140.398 138.591 139.312 134.212 0 0 0 0 0 0 0 
0 0 0 0 0 0 161.054 166.614 167.689 165.636 171.294 166.853 157.444 159.122 166.728 168.357 153.394 168.572 171.082 161.229 182.494 171.339 162.877 179.938 153.67 185.119 160.142 163.802 174.898 177.057 175.508 196.312 195.337 174.651 169.131 153.567 152.577 162.759 156.643 161.697 167.961 159.075 168.731 165.347 151.292 159.913 157.801 163.069 165.74 158.521 152.198 150.817 152.692 156.833 152.304 149.18 145.262 141.278 143.404 0 0 0 0 0 0 
0 0 0 0 0 158.914 161.335 163.204 160.593 167.883 180.299 173.89 167.991 167.114 182.541 170.777 161.266 178.182 160.631 181.868 175.199 171.207 173.799 162.266 195.619 173.991 148.914 197.301 172.556 154.025 194.668 232.932 179.936 138.159 159.958 178.402 171.84 169.869 172.27 167.441 165.69 158.032 160.07 160.311 150.971 154.928 153.01 163.676 163.926 152.436 153.246 159.584 159.62 159.651 147.067 146.752 143.816 144.433 141.135 135.983 0 0 0 0 0 
0 0 0 0 0 170.962 162.666 163.845 161.85 159.569 172.543 170.933 166.892 168.261 184.311 164.857 181.55 173.715 172.429 183.513 164.238 183.544 148.334 194.18 176.824 180.744 174.754 169.644 161.957 163.254 211.98 200.641 167.543 179.779 181.183 166.529 135.487 150.025 160.744 163.615 155.393 154.681 167.175 167.914 168.477 163.89 174.897 163.88 154.426 146.412 154.173 153.648 157.941 148.786 141.289 144.064 142.485 145.727 139.778 137.508 0 0 0 0 0 
0 0 0 0 162.727 168.166 170.495 168.74 168.662 164.384 176.217 174.041 168.619 176.582 187.073 158.92 195.944 161.731 191.871 160.942 195.09 172.423 178.068 180.802 184.555 162.864 168.661 202.058 150.695 174.904 245.958 162.371 147.557 153.007 153.167 150.224 154.176 172.683 184.094 163.685 152.242 157.804 163.015 168.666 151.119 144.539 148.761 156.589 147.976 148.682 156.046 150.037 155.643 137.711 143.016 138.292 141.425 139.736 136.391 128.052 122.339 0 0 0 0 
0 0 0 0 165.941 168.22 174.175 172.057 169.687 169.14 180.46 181.696 170.114 190.458 181.659 196.886 197.743 190.32 185.621 200.506 204.838 223.243 205.797 235.251 218.765 215.961 221.74 209.055 165.919 205.287 181.089 120.224 160.822 167.133 138.616 133.401 141.733 139.492 139.603 125.628 133.99 149.392 149.082 140.974 130.56 141.973 145.614 144.618 136.944 147.395 143.394 157.004 141.021 135.507 136.069 136.551 144.862 135.776 128.726 121.365 127.11 0 0 0 0 
0 0 0 162.376 163.435 167.387 170.238 171.388 168.353 166.743 183.358 179.634 167.987 190.145 162.144 198.71 188.53 194.289 188.885 190.369 209.404 220.118 259.156 328.311 355.374 406.296 443.92 440.067 453.806 459.759 329.006 253.086 181.356 144.679 153.523 161.116 160.376 144.801 160.074 153.901 156.882 152.963 153.607 149.431 154.253 160.576 159.675 155.321 156.07 160.1 151.696 154.321 137.875 147.663 152.823 158.673 154.703 142.669 133.864 138.028 138.978 134.343 0 0 0 
0 0 0 168.691 166.608 167.738 170.385 171.97 169.155 166.6 180.002 171.066 173.098 183.844 175.547 179.428 191.931 179.672 188.719 234.806 332.131 412.936 492.006 554.995 550.425 584.578 566.7 572.18 589.436 569.881 555.733 526.923 448.659 382.277 278.695 169.339 164.068 194.341 196.957 184.383 193.129 184.885 171.996 173.113 183.372 183.315 175.542 160.454 163.643 160.6 174.815 159.876 156.658 159.644 162.772 165.745 154.163 147.095 155.149 155.539 157.228 149.043 0 0 0 
0 0 161.2 165.07 163.313 171.015 174.597 171.852 166.026 167.631 183.683 160.885 186.41 158.339 187.462 174.256 179.464 226.347 354.525 488.809 563.014 567.346 599.7 584.246 576.405 596.182 581.471 612.13 582.008 590.348 583.648 558.11 578.485 578.735 501.882 387.705 268.254 227.945 194.521 157.902 178.75 185.373 168.765 196.273 199.454 179.331 168.34 188.511 187.495 184.882 172.544 165.916 174.772 186.052 186.205 171.884 152.785 160.418 162.044 167.171 160.733 148.675 143.544 0 0 
0 0 167.707 159.836 163.077 162.153 168.072 168.324 166.091 169.305 188.344 161.104 196.379 168.046 178.04 179.504 286.56 452.8 543.384 581.813 598.732 579.035 612.003 581.173 618.138 595.384 617.245 606.546 621.79 611.785 600.377 616.601 587.241 587.399 602.657 576.373 469.663 330.926 187.38 205.522 251.61 205.625 152.171 188.383 180.676 161.315 177.217 186.203 183.816 187.514 181.342 174.328 184.409 185.299 178.094 161.068 169.861 169.044 169.4 165.64 151.257 150.834 148.929 0 0 
0 0 165.43 170.372 165.504 169.346 177.21 174.159 169.437 169.297 181.743 152.696 191.661 186.105 195.657 331.575 512.757 574.217 569.703 591.339 599.824 600.613 631.145 599.881 610.059 595.363 610.211 608.045 622.644 601.341 623.819 600.356 608.372 631.634 607.029 573.947 577.302 568.791 380.768 199.083 192.232 185.123 180.172 228.886 199.27 173.608 188.834 194.318 185.864 169.545 175.432 182.924 187.689 176.935 161.672 160.869 172.263 176.651 176.241 159.283 161.585 158.867 152.811 0 0 
0 0 173.62 170.379 173.462 170.65 172.695 176.235 170.86 165.085 179.508 170.2 162.978 208.726 370.303 535.049 583.56 601.079 586.075 619.795 603.211 612.361 598.164 613.394 594.645 608.983 592.01 606.517 603.28 603.346 597.129 614.268 593.801 611.245 646.416 618.651 586.576 609 511.909 380.782 297.732 175.534 174.688 221.374 187.068 182.269 215.434 192.335 167.995 179.738 189.863 185.975 175.283 171.733 170.74 182.58 183.821 180.792 164.69 163.8 160.761 158.393 161.997 0 0 
0 162.047 164.047 166.689 171.156 168.095 175.721 184.803 173.416 174.352 178.821 180.118 194.081 373.235 541.099 571.701 591.984 606.084 588.668 635.004 590.349 621.73 585.187 598.83 595.74 602.615 609.401 595.569 603.667 604.918 608.259 593.26 600.985 617.37 643.377 615.209 606.083 652.529 591.52 553.795 366.233 262.226 190.734 193.658 168.818 186.263 211.699 177.826 180.842 206.222 205.202 189.543 182.088 174.9 183.653 185.586 185.482 177.431 167.435 165.156 165.822 171.587 167.789 157.462 0 
0 166.923 165.061 165.725 169.012 167.494 167.584 171.982 157.303 176.251 177.516 186.119 322.197 536.706 580.659 586.796 606.585 619.947 590.365 620.995 574.937 608.564 599.889 597.041 594.899 595.003 595.01 603.724 597.126 597.472 607.873 587.869 555.398 578.888 665.054 648.025 618.672 646.015 589.874 617.38 509.419 335.923 248.016 207.778 201.088 210.506 209.297 170.455 202.275 217.543 188.667 181.973 200.773 204.896 193.949 193.924 187.842 170.839 177.274 181.746 180.957 175.007 166.489 163.814 0 
0 172.779 169 166.842 165.757 164.255 166.508 177.22 152.721 178.709 153.539 263.465 490.887 564.935 571.289 589.124 598.173 601.521 562.412 594.58 564.389 574.701 568.913 552.19 544.008 547.123 550.621 571.538 599.241 621.107 605.119 595.591 528.676 427.709 524.802 632.614 664.688 646.642 665.81 624.391 626.065 470.128 311.919 197.802 242.737 214.726 196.671 193.743 229.854 197.133 184.551 205.982 206.539 193.296 190.423 189.679 173.488 177.072 185.611 183.868 178.522 171.069 165.879 163.244 0 
0 173.674 169.964 171.024 171.372 173.922 169.412 186.204 166.737 192.634 195.333 417.361 571.948 583.572 599.433 617.181 611.594 612.364 584.24 611.933 584.225 578.131 587.004 541.912 475.285 396.467 344.993 325.214 367.71 461.702 563.629 652.972 514.148 192.952 214.384 268.844 602.84 548.485 656.434 569.018 610.661 543.496 368.709 169.85 224.858 170.728 193.51 186.6 184.883 156.98 178.326 196.382 179.231 170.688 175.053 168.158 169.862 172.776 174.979 175.416 164.275 162.593 161.166 153.354 0 
0 171.663 169.241 176.057 171.908 171.943 166.217 187.983 176.946 193.578 287.055 526.058 585.551 599.247 611.839 613.078 601.443 627.745 598.615 618.196 603.646 602.791 497.802 335.461 233.258 192.226 186.024 179.58 169.536 164.849 225.881 418.096 518.816 172.352 193.638 148.638 320.612 484.366 619.026 531.265 593.883 535.637 466.509 210.353 179.933 170.358 186.166 179.193 168.723 157.887 191.367 171.17 158.89 169.955 165.315 163.063 166.867 164.764 163.481 153.818 151.849 150.509 144.679 147.436 0 
0 168.644 168.536 173.972 167.877 171.205 168.344 182.23 182.714 197.812 390.345 569.851 593.521 617.897 618.892 617.721 605.431 640.1 600.512 608.482 586.436 407.857 224.407 169.988 167.462 172.14 171.655 155.544 169.817 177.913 163.75 186.967 377.315 354.923 157.351 168.75 150.251 366.652 595.631 592.006 589.255 567.11 529.051 291.308 186.307 178.594 150.515 166.432 159.108 171.119 166.875 143.062 154.165 165.921 162.264 166.361 167.258 165.456 153.522 150.181 145.812 147.219 150.8 148.786 0 
0 173.26 169.617 175.794 177.738 172.548 171.505 180.377 185.623 237.796 491.836 596.588 607.276 618.024 616.216 610.432 601.782 636.052 594.24 606.582 404.681 193.137 179.79 182.429 169.104 168.782 167.22 165.091 168.051 160.79 166.427 162.561 176.883 412.465 221.549 191.435 194.423 208.788 453.944 593.149 558.968 620.867 529.512 442.215 208.527 179.841 157.946 195.022 154.878 184.145 159.944 155.827 171.881 163.44 160.161 160.873 161.8 147.062 140.023 149.695 158.426 157.411 149.39 144.959 0 
0 167.011 171.563 180.486 177.558 177.175 181.075 172.581 192.125 293.831 541.759 590.553 610.15 620.61 625.43 609.854 603.58 630.155 596.616 510.366 208.072 172.841 181.865 173.473 168.221 167.146 166 165.981 163.248 178.675 156.3 146.984 135.027 228.944 393.492 123.392 165.697 191.907 359.424 565.178 577.632 566.259 554.213 498.27 200.28 205.167 172.352 174.624 161.794 171.312 157.305 186.428 173.887 161.227 163.736 153.782 151.648 155.441 162.274 162.376 155.613 148.842 142.754 141.783 0 
0 174.899 169.913 174.017 173.984 176.781 172.333 162.468 198.516 344.003 572.892 586.257 621.049 621.151 618.895 610.554 593.93 613.143 592.944 338.609 163.431 164.389 177.917 171.121 163.601 166.484 160.209 159.732 168.373 157.85 166.762 141.012 124.805 127.512 336.502 270.706 129.977 154.657 246.253 526.523 590.798 573.285 603.523 469.101 296.728 180.042 162.013 156.412 183.135 159.584 170.419 183.019 157.405 161.534 163.837 156.138 158.799 157.369 164.37 163.712 155.224 146.454 147.115 147.815 0 
0 173.653 169.097 172.504 173.729 174.189 178.56 169.052 215.41 394.207 575.339 594.945 623.709 631.889 612.328 613.085 597.931 596.627 557.255 228.758 163.156 160.973 172.579 173.285 160.71 165.043 164.718 164.14 164.576 158.37 163.427 155.867 138.796 149.877 227.698 333.072 157.614 170.25 175.968 449.395 581.17 614.119 549.318 572.142 348.972 149.071 192.554 163.371 168.525 154.975 184.174 147.97 163.497 176.127 163.465 164.847 169.377 167.045 157.672 155.524 155.656 153.276 145.097 141.536 0 
0 164.861 173.086 182.469 172.993 179.013 175.166 169.324 210.895 426.214 580.689 596.972 604.952 630.876 640.517 618.296 619.787 582.627 503.553 191.618 158.736 164.72 167.398 179.72 162.101 163.609 169.893 164.189 155.513 163.94 157.022 169.32 141.695 157.595 193.753 343.886 178.395 163.423 172.071 385.811 584.162 583.073 596.962 565.657 350.21 206.113 188.581 176.512 155.926 178.258 160.413 158.525 168.982 161.992 167.476 172.438 169.887 163.691 155.564 149.99 148.981 150.542 154.207 151.874 0 
0 171.497 174.302 171.258 173.524 175.309 172.63 178.654 204.048 443.491 585.951 593.516 608.819 618.789 630.538 625.492 632.989 581.727 478.238 172.104 172.638 155.743 173.639 171.215 162.737 160.785 170.038 164.215 162.076 167.782 156.752 171.862 150.923 158.216 189.558 326.121 196.67 171.224 154.228 374.724 582.73 596.544 565.541 545.649 435.022 183.339 148.14 180.404 173.01 180.761 155.238 180.523 169.852 159.822 164.399 163.371 151.314 148.248 156.829 163.275 160.44 152.809 150.562 146.594 0 
0 174.187 164.531 170.961 171.975 171.37 175.428 190.168 184.741 453.461 580.582 599.769 607.907 619.593 613.223 617.856 617.006 613.592 460.65 202.798 170.941 158.267 168.171 169.598 165.415 167.727 168.344 160.978 167.617 160.916 156.519 169.195 155.111 154.805 200.341 328.424 177.912 176.124 152.138 362.926 595.508 575.993 583.099 584.195 360.945 165.903 204.315 168.814 185.689 152.035 181.395 166.555 157.545 169.035 162.845 157.684 161.909 158.087 155.548 158.186 157.539 152.045 149.913 148.517 0 
0 167.035 165.097 175.901 172.881 177.651 175.716 180.835 170.556 441.267 583.332 595.506 613.145 618.328 612.291 614.015 608.298 635.918 496.29 236.081 171.159 156.485 165.432 171.328 163.601 166.704 168.795 167.141 169.99 163.95 164.552 168.412 155.104 149.052 229.459 313.484 163.471 167.881 163.774 399.56 594.202 591.365 580.831 524.445 396.582 208.801 180.173 178.037 157.153 174.063 170.327 159.077 176.723 175.089 163.216 158.954 163.827 164.121 164.287 156.525 154.499 152.456 149.391 144.531 0 
0 170.382 178.637 177.263 173.345 170.077 168.73 188.151 189.861 383.854 564.08 597.622 616.453 626.557 617.796 602.227 603.345 607.514 609.692 298.725 161.376 177.652 156.145 177.614 156.582 162.646 165.078 168.043 164.813 165.654 169.847 164.551 160.282 145.749 290.894 268.178 156.314 167.587 189.812 483.271 584.834 584.712 573.371 579.615 384.012 165.983 155.785 171.774 182.447 184.853 163.772 182.117 173.015 158.04 167.274 171.367 170.194 167.578 158.827 153.112 153.099 152.212 150.759 149.494 0 
0 0 172.07 166.209 178.788 177.43 183.783 182.834 188.906 323.229 574.755 583.811 603.891 617.327 619.187 612.546 614.848 587.325 624.079 476.312 190.654 164.932 168.792 176.535 155.5 158.963 168.163 166.558 167.815 170.514 165.545 166.232 155.42 179.095 340.494 203.404 165.235 171.875 247.559 526.908 604.563 593.483 565.519 521.273 317.474 198.554 193.84 173.348 176.002 159.72 179.174 173.197 163.668 163.932 175.447 171.908 157.775 149.346 150.959 153.482 154.915 152.064 152.431 0 0 
0 0 168.539 169.961 173.12 178.318 178.02 168.023 188.091 276.411 545.086 586.363 613.581 611.97 612.31 615.877 609.017 615.247 591.425 599.614 371.84 182.235 163.892 176.662 165.007 148.267 162.832 161.106 171.57 173.651 173.276 167.948 155.365 285.936 306.186 157.053 173.059 172.818 377.335 576.367 577.558 588.763 560.524 525.674 288.771 186.133 163.943 165.225 156.478 173.638 158.029 155.397 168.114 172.863 160.56 156.97 162.515 161.307 159.528 162.265 161.251 156.098 147.195 0 0 
0 0 172.406 174.084 172.424 175.008 171.607 172.13 180.761 227.32 460.535 592.942 596.35 620.489 618.731 629.045 604.966 616.444 605.813 596.876 604.74 331.89 219.362 162.943 169.562 154.94 164.744 152.962 164.211 174.5 172.439 156.16 262.94 340.714 200.913 162.656 158.333 237.971 508.282 610.391 597.042 586.729 573.28 440.24 196.53 152.985 172.406 161.651 182.974 162.469 162.808 180.409 167.404 159.256 159.487 161.039 166.35 170.836 163.79 158.153 153.239 152.179 147.847 0 0 
0 0 170.76 173.974 171.126 175.787 170.559 184.15 175.323 197.045 362.966 575.932 586.433 608.45 619.39 611.659 609.28 610.778 615.598 599.283 627.257 593.285 424.714 309.488 207.245 164.28 172.179 157.119 155.018 155.054 174.576 281.506 349.391 216.557 162.483 171.976 190.314 413.279 571.381 582.116 586.518 562.894 533.47 360.471 197.025 192.98 189.445 184.935 155.139 174.711 181.642 163.767 153.247 157.617 172.733 175.52 162.546 161.073 158.569 158.533 151.608 154.654 152.01 0 0 
0 0 0 166.197 163.495 173.026 173.736 177.175 169.297 185.252 269.25 483.65 587.37 591.784 617.242 611.49 615.266 604.018 593.224 604.944 581.712 610.692 582.745 508.7 470.015 351.775 301.369 286.752 274.302 337.966 436.737 394.612 245.396 182.177 188.91 191.781 367.125 588.912 605.824 603.491 582.595 581.912 518.061 264.563 184.921 186.165 180.457 164.782 180.11 171.586 164.47 165.579 172.642 174.167 167.25 166.12 165.497 159.278 167.764 164.078 161.569 154.432 0 0 0 
0 0 0 168.27 170.741 166.222 167.871 167.392 167.989 178.957 190.435 349.37 546.503 579.198 592.744 590.136 610.964 590.613 579.24 581.613 572.349 577.205 569.903 552.272 521.817 548.2 547.207 536.081 597.331 651.636 448.694 219.86 194.682 192.393 218.364 382.111 575.626 628.291 627.254 640.082 611.021 582.954 408.72 201.882 205.425 191.367 197.036 194.443 179.311 177.404 191.421 194.397 183.079 179.288 173.715 170.034 170.447 172.004 167.958 168.865 169.864 170.302 0 0 0 
0 0 0 0 175.579 169.714 164.278 171.299 169.426 176.254 173.199 251.424 428.221 579.708 586.036 599.098 611.93 604.566 611.009 600.671 597.02 604.083 601.018 631.109 606.028 586.065 638.772 669.743 673.494 603.229 375.897 239.822 242.867 283.428 440.967 578.945 612.266 610.057 595.009 582.413 575.46 491.034 270.152 188.885 199.9 197.542 188.238 173.977 186.216 201.091 184.744 181.013 181.318 178.933 182.755 178.167 176.542 177.934 175.298 173.955 170.552 0 0 0 0 
0 0 0 0 170.481 163.344 169.619 176.295 160.22 174.59 170.364 190.675 291.761 473.729 586.946 582.738 598.909 597.118 608.341 597.624 588.567 597 579.409 614.301 603.356 577.978 576.209 576.686 577.203 551.225 508.163 436.917 465.637 570.028 654.836 658.164 651.223 655.176 633.161 616.851 576.682 369.619 217.045 212.629 211.29 179.852 201.961 218.542 201.065 189.592 185.68 185.532 188.14 187.582 189.658 188.103 183.841 180.976 173.688 170.69 170.165 0 0 0 0 
0 0 0 0 0 172.462 182.965 175.698 176.182 176.001 168.252 171.907 193.491 316.706 489.404 582.646 581.269 598.712 614.875 608.636 606.416 606.321 590.639 616.027 609.307 593.61 602.957 590.965 582.465 562.816 591.143 613.764 629.372 630.225 623.217 622.026 618.067 623.262 601.006 580.921 436.827 236.539 212.537 203.748 198.738 203.51 191.079 176.243 173.758 184.81 192.177 190.253 194.512 188.914 179.701 177.793 175.253 170.084 171.47 170.453 0 0 0 0 0 
0 0 0 0 0 175.291 172.031 169.077 170.716 173.075 172.945 167.461 171.656 199.962 310.567 496.94 580.563 569.992 595.941 606.014 608.024 604.102 601.258 614.156 621.951 600.404 610.492 602.745 591.093 587.961 616.21 611.923 622.96 617.032 626.011 622.289 585.622 591.271 579.997 474.716 258.246 198.102 209.006 211.252 182.007 179.197 186.436 201.212 194.477 186.331 187.061 176.774 168.165 170.297 171.22 170.315 172.148 173.231 171.044 167.78 0 0 0 0 0 
0 0 0 0 0 0 164.963 161.092 163.677 173.646 178.823 175.071 186.094 179.447 190.968 270.543 461.48 576.067 576.493 583.546 593.427 598.831 594.472 604.06 625.453 603.19 611.871 614.454 604.767 597.608 617.611 617.992 615.577 607.347 610.682 608.292 579.848 586.381 472.601 279.834 197.434 203.933 176.156 196.496 211.755 202.344 198.447 184.11 186.412 176.725 178.628 186.29 181.175 180.218 177.681 173.704 170.394 170.778 167.948 0 0 0 0 0 0 
0 0 0 0 0 0 0 179.265 170.152 175.883 169.049 155.874 170.047 167.354 169.215 198.141 234.753 391.066 540.79 577.754 574.78 586.5 594.642 598.296 617.49 604.523 621.119 613.766 605.625 599.504 609.981 607.771 614.33 586.088 591.928 574.761 545.497 445.144 271.596 203.798 191.288 194.492 203.92 195.138 183.568 168.281 176.788 180.628 187.828 187.977 181.83 185.267 183.894 177.32 180.737 179.053 174.734 172.764 0 0 0 0 0 0 0 
0 0 0 0 0 0 0 0 173.686 174.355 169.493 173.92 181.821 176.868 169.256 176.389 181.778 198.241 273.633 442.44 515.891 564.877 576.523 574.987 601.479 571.375 607.245 600.05 589.837 593.286 585.748 584.212 582.627 560.582 556.697 495.433 361.253 231.983 195.075 197.361 191.772 176.135 171.539 180.647 189.987 183.588 191.131 189.575 179.282 180.517 173.943 173.251 173.957 168.723 169.128 168.943 165.126 0 0 0 0 0 0 0 0 
0 0 0 0 0 0 0 0 168.387 170.392 165.237 176.815 173.029 172.602 171.926 179.712 183.033 190.139 181.44 193.641 266.879 387.857 446.556 492.501 568.495 542.264 582.638 567.923 564.73 569.403 568.601 571.539 544.027 458.411 344.252 238.953 184.59 172.76 188.143 185.141 180.407 184.438 177.203 176.966 179.878 161.384 156.522 163.465 166.409 164.518 161.239 162.376 166.081 165.556 158.205 159.982 156.894 0 0 0 0 0 0 0 0 
0 0 0 0 0 0 0 0 0 179.368 176.468 178.085 178.257 177.577 188.077 188.307 183.846 180.725 200.72 221.452 189.647 207.364 278.202 278.849 322.44 378.991 442.44 453.094 445.681 423.363 400.894 350.74 265.706 195.018 159.532 155.546 160.601 146.975 146.577 151.813 151.016 150.607 151.021 148.926 168.669 159.727 156.569 154.292 150.188 152.763 154.092 151.246 152.244 152.5 147.717 145.058 0 0 0 0 0 0 0 0 0 
0 0 0 0 0 0 0 0 0 0 182.217 185.112 182.13 188.102 193.751 188.309 194.541 192.388 201.554 219.017 217.713 211.501 214.279 199.587 276.159 274.397 268.042 208.849 197.939 201.225 178.492 138.665 123.999 127.168 118.532 120.763 123.44 124.946 134.497 131.102 139.592 140.249 141.603 135.461 140.491 141.507 138.508 140.054 143.937 141.061 138.078 135.883 139.076 142.829 143.8 0 0 0 0 0 0 0 0 0 0 
0 0 0 0 0 0 0 0 0 0 0 176.61 174.71 174.264 181.927 179.516 176.013 179.792 190.128 180.681 178.944 180.079 186.584 169.925 196.492 183.743 238.083 175.124 155.96 148.426 142.412 146.809 158.585 170.555 161.654 162.247 161.483 156.903 158.753 150.451 151.446 147.222 145.7 147.76 147.484 149.643 147.298 144.818 149.255 148.818 149.068 141.357 136.167 135.695 0 0 0 0 0 0 0 0 0 0 0 
0 0 0 0 0 0 0 0 0 0 0 0 0 169.952 179.639 167.668 173.752 179.401 180.348 176.774 177.853 172.924 171.093 176.026 198.405 180.714 219.352 160.574 175.431 173.108 171.233 166.284 152.35 158.628 145.034 157.909 153.019 160.92 167.374 167.059 165.271 157.252 151.285 157.627 152.623 159.518 160.439 154.92 153.495 151.574 152.593 150.251 0 0 0 0 0 0 0 0 0 0 0 0 0 
0 0 0 0 0 0 0 0 0 0 0 0 0 0 176.341 176.586 171.383 169.345 170.635 172.237 173.201 175.319 167.095 174.017 185.689 202.796 220.137 145.892 167.618 170.142 180.293 173.747 167.123 163.973 155.619 166.648 155.411 153.904 151.912 164.056 164.494 159.725 152.675 166.061 160.883 161.906 159.796 155.173 155.494 155.215 155.11 0 0 0 0 0 0 0 0 0 0 0 0 0 0 
0 0 0 0 0 0 0 0 0 0 0 0 0 0 0 162.716 166.716 171.537 167.373 179.637 164.903 166.322 169.443 176.316 169.524 210.432 214.851 159.31 166.663 167.209 161.416 162.92 168.176 167.398 171.264 164.946 163.544 160.791 155.607 163.881 159.127 153.955 158.51 157.976 158.42 159.052 162.444 161.173 154.744 155.057 0 0 0 0 0 0 0 0 0 0 0 0 0 0 0 
0 0 0 0 0 0 0 0 0 0 0 0 0 0 0 0 0 177.811 170.098 166.433 162.627 168.364 176.011 167.313 166.074 217.176 208.027 162.538 166.143 168.566 167.634 163.972 158.158 170.509 169.277 168.945 167.519 159.126 159.293 162.216 161.819 160.919 158.044 161.21 157.045 152.256 158.051 157.007 0 0 0 0 0 0 0 0 0 0 0 0 0 0 0 0 0 
0 0 0 0 0 0 0 0 0 0 0 0 0 0 0 0 0 0 0 164.659 176.956 165.517 166.619 161.538 173.326 215.479 201.376 164.314 167.884 168.863 177.726 163.189 161.772 167.589 160.778 171.911 167.633 158.425 161.607 164.304 165.377 157.383 162.394 156.827 162.263 148.979 0 0 0 0 0 0 0 0 0 0 0 0 0 0 0 0 0 0 0 
0 0 0 0 0 0 0 0 0 0 0 0 0 0 0 0 0 0 0 0 0 160.189 163.997 172.185 164.984 226.074 193.995 155.36 166.863 170.927 168.445 162.027 167.698 161.5 161.852 162.158 162.519 164.529 163.98 162.391 163.571 159.64 158.442 156.665 0 0 0 0 0 0 0 0 0 0 0 0 0 0 0 0 0 0 0 0 0 
0 0 0 0 0 0 0 0 0 0 0 0 0 0 0 0 0 0 0 0 0 0 0 0 0 244.155 178.214 162.021 169.565 169.855 161.291 161.343 164.431 155.026 164.881 164.449 162.806 159.846 159.319 167.366 0 0 0 0 0 0 0 0 0 0 0 0 0 0 0 0 0 0 0 0 0 0 0 0 0 
0 0 0 0 0 0 0 0 0 0 0 0 0 0 0 0 0 0 0 0 0 0 0 0 0 0 0 0 0 0 0 0 0 0 0 0 0 0 0 0 0 0 0 0 0 0 0 0 0 0 0 0 0 0 0 0 0 0 0 0 0 0 0 0 0 
