0 0 0 0 0 0 0 0 0 0 0 0 0 0 0 0 0 0 0 0 0 0 0 0 0 0 0 0 0 0 0 0 0 0 0 0 0 0 0 0 0 0 0 0 0 0 0 0 0 0 0 0 0 0 0 0 0 0 0 0 0 0 0 0 0 
0 0 0 0 0 0 0 0 0 0 0 0 0 0 0 0 0 0 0 0 0 0 0 0 0 173.183 178.743 182.869 183.184 187.277 175.319 180.867 176.209 183.967 177.862 175.98 172.96 172.127 170.215 174.919 0 0 0 0 0 0 0 0 0 0 0 0 0 0 0 0 0 0 0 0 0 0 0 0 0 
0 0 0 0 0 0 0 0 0 0 0 0 0 0 0 0 0 0 0 0 0 181.386 178.185 182.532 188.472 181.583 184.294 183.242 189.978 183.945 181.358 183.511 188.184 186.218 177.637 182.414 179.827 180.573 176.838 175.975 169.099 171.952 173.263 163.886 0 0 0 0 0 0 0 0 0 0 0 0 0 0 0 0 0 0 0 0 0 
0 0 0 0 0 0 0 0 0 0 0 0 0 0 0 0 0 0 0 182.853 188.876 191.188 188.295 192.589 188.352 186.138 188.131 192.597 190.437 183.572 187.563 189.757 195.34 184.676 184.946 187.265 186.619 184.576 178.919 178.19 177.64 182.297 176.695 166.327 167.594 158.321 0 0 0 0 0 0 0 0 0 0 0 0 0 0 0 0 0 0 0 
0 0 0 0 0 0 0 0 0 0 0 0 0 0 0 0 0 181.941 187.618 193.595 192.516 188.796 193.835 198.742 187.141 193.503 193.041 196.419 187.252 189.294 191.885 192.378 193.498 186.192 193.162 193.628 185.772 182.384 183.576 185.177 189.009 186.466 174.535 169.16 172.455 171.273 172.785 163.318 0 0 0 0 0 0 0 0 0 0 0 0 0 0 0 0 0 
0 0 0 0 0 0 0 0 0 0 0 0 0 0 0 188.516 194.213 188.546 195.127 193.757 196.264 194.299 198.762 190.957 189.168 201.111 197.512 194.167 192.017 197.069 196.752 193.35 196.748 195 198.613 190.905 183.728 183.501 190.474 190.154 191.035 185.413 175.431 181.142 182.981 176.762 173.662 165.195 157.233 156.262 0 0 0 0 0 0 0 0 0 0 0 0 0 0 0 
0 0 0 0 0 0 0 0 0 0 0 0 0 0 191.819 197.939 191.769 192.596 200.252 194.288 197.047 197.472 201.289 187.824 198.168 203.453 195.361 195.233 197.207 195.733 191.938 194.131 199.493 197.684 194.614 194.363 191.15 187.429 194.068 188.399 188.862 190.121 184.319 188.329 182.156 179.523 178.435 166.165 164.029 166.927 164.361 0 0 0 0 0 0 0 0 0 0 0 0 0 0 
0 0 0 0 0 0 0 0 0 0 0 0 0 193.816 198.712 200.23 193.395 198.216 199.944 196.004 198.772 201.864 195.952 192.651 207.876 196.156 194.628 205.596 198.515 194.028 201.109 203.475 194.593 193.277 197.923 199.374 190.215 190.417 197.575 194.298 198.283 193.873 184.437 185.831 184.346 178.718 181.996 175.276 178.688 172.702 164.072 160.946 0 0 0 0 0 0 0 0 0 0 0 0 0 
0 0 0 0 0 0 0 0 0 0 0 185.876 193.806 192.004 203.624 202.396 193.83 209 194.848 199.674 207.658 199.45 193.897 206.093 198.773 194.058 210.478 199.369 189.973 201.551 207.284 194.027 192.608 208.635 207.493 189.241 189.081 199.61 207.803 194.889 198.704 187.471 184.795 190.596 190.021 183.854 188.175 180.416 179.039 172.3 169.259 160.588 156.365 155.162 0 0 0 0 0 0 0 0 0 0 0 
0 0 0 0 0 0 0 0 0 0 197.072 196.001 194.559 198.873 202.154 200.04 200.14 210.871 187.523 211.322 200.906 198.529 204.229 200.534 192.332 213.255 200.704 185.86 206.095 213.718 190.086 196.094 209.992 207.391 190.953 193.515 201.855 208.143 199.638 188.77 198.646 188.449 199.328 197.512 190.22 185.202 189.071 179.327 178.757 176.247 173.312 170.229 171.456 164.147 149.535 0 0 0 0 0 0 0 0 0 0 
0 0 0 0 0 0 0 0 0 188.805 207.936 197.071 197.033 206.126 201.836 199.973 205.428 207.23 189.13 218.157 194.51 205.717 212.33 188.158 206.689 203.747 188.883 207.596 212.343 193.533 192.964 215.921 203.524 188.687 201.816 213.332 205.434 187.938 188.639 199.547 207.259 199.895 194.334 190.053 184.818 187.509 189.857 185.907 183.417 179.253 180.842 184.867 170.514 157.239 157.039 150.406 0 0 0 0 0 0 0 0 0 
0 0 0 0 0 0 0 0 185.33 201.884 208.582 195.641 198.345 209.476 202.232 207.95 206.892 199.48 207.296 201.832 203.06 211.395 198.096 209.749 211.354 193.74 203.252 206.813 204.32 200.896 200.689 202.313 200.331 207.3 215.292 198.154 184.646 199.961 209.02 210.15 196.668 186.139 188.889 194.976 193.942 193.279 192.982 184.907 189.549 177.814 186.491 175.645 165.903 164.247 164.534 159.53 149.069 0 0 0 0 0 0 0 0 
0 0 0 0 0 0 0 0 194.347 203.424 209.581 195.69 203.965 206.187 201.85 216.574 199.803 210.17 214.66 192.382 216.287 201.093 205.229 206.904 203.124 204.895 194.98 210.331 207.359 193.835 199.331 211.839 206.514 199.423 202.573 205.199 201.879 211.578 201.741 190.821 187.039 202.373 206.616 205.345 191.911 190.94 190.49 189.169 179.242 184.691 186.987 175.979 173.169 173.443 173.376 168.017 160.95 0 0 0 0 0 0 0 0 
0 0 0 0 0 0 0 201.864 195.693 205.676 209.296 196.309 215.681 200.885 207.325 216.631 195.917 222.961 201.214 213.931 199.141 209.085 197.197 214.578 212.908 190.171 219.617 202.059 183.481 217.187 210.315 187.534 201.359 217.43 212.7 195.174 195.256 200.928 198.036 200.487 211.878 214.838 196.835 184.023 176.391 197.344 198.419 188.484 187.029 191.649 185.944 183.278 180.026 181.645 177.49 166.938 152.079 151.289 0 0 0 0 0 0 0 
0 0 0 0 0 0 197.435 200.637 198.094 208.192 205.626 194.144 215.08 201.866 225.826 202.046 210.473 207.357 208.446 200.9 226.771 198.792 202.959 213.229 198.237 219.904 202.437 196.659 209.196 199.498 197.219 208.392 214.371 194.057 190.936 209.615 215.24 204.609 199.67 198.045 194.996 194.546 190.809 193.19 201.384 209.174 199.058 187.066 189.515 195.746 189.473 174.949 179.142 176.459 171.524 162.761 162.635 163.24 152.625 0 0 0 0 0 0 
0 0 0 0 0 200.713 204.477 205.816 199.624 215.407 206.196 205.107 201.547 195.666 225.122 211.038 221.493 215.01 205.325 207.402 225.413 199.68 214.891 208.287 200.691 209.226 212.559 196.269 205.26 207.371 192.226 193.804 203.173 208.614 211.69 198.934 184.984 193.807 205.188 199.745 204.279 209.287 203.409 199.234 199.226 196.748 178.298 184.223 195.926 193.927 180.38 177.285 178.673 181.79 175.893 166.967 172.388 162.206 155.967 150.669 0 0 0 0 0 
0 0 0 0 0 206.125 205.632 207.62 205.248 213.716 209.232 220.73 203.251 212.466 203.643 222.434 213.247 223.291 206.653 224.703 217.297 206.541 216.291 203.832 205.657 203.347 199.081 207.381 204.292 190.354 199.972 199.083 185.925 197.949 204.294 199.842 213.837 217.015 195.38 183.496 193.926 198.748 186.71 185.128 191 196.688 185.444 193.433 197.938 192.234 179.153 189.528 186.743 183.83 167.501 176.297 173.39 171.116 158.828 146.06 0 0 0 0 0 
0 0 0 0 196.706 207.672 207.807 203.754 212.51 209.241 208.621 218.346 203.633 217.189 214.963 207.582 225.733 220.479 217.192 227.324 215.145 215.809 222.239 204.257 208.963 203.472 197.679 207.06 184.263 193.25 201.439 176.356 199.959 199.401 177.23 180.534 196.648 187.822 180.264 198.037 208.484 203.571 185.446 193.956 202.568 196.867 191.93 192.389 188.595 180.885 173.699 179.541 183.576 173.385 173.51 170.999 166.957 163.932 148.695 145.683 142.982 0 0 0 0 
0 0 0 0 204.003 211.963 217.221 206.721 224.557 215.665 230.012 215.264 233.677 218.997 237.733 224.006 248.523 236.425 243.965 253.773 250.334 258.426 272.1 254.211 262.151 221.189 221.891 188.352 160.778 175.955 160.413 172.692 181.456 171.748 180.936 184.739 188.844 181.752 172.41 182.895 173.892 176.25 177.016 182.274 182.95 175.315 170.446 177.911 179.676 167.725 180.308 182.896 180.843 164.029 168.252 164.159 166.913 153.516 151.871 150.228 141.017 0 0 0 0 
0 0 0 203.43 206.264 210.706 215.258 208.783 227.467 201.886 241.379 202.925 225.413 222.021 223.125 234.839 251.137 230.626 273.477 312.678 356.61 425.236 446.282 480.944 488.49 479.748 478.173 437.332 402.005 298.081 238.313 193.05 177.766 198.103 191.456 181.231 205.666 202.674 177.094 188.701 188.041 196.918 190.396 187.388 181.628 185.013 193.44 201.495 189.616 191.283 191.582 187.636 175.16 181.01 181.211 186.632 174.382 167.473 169.141 163.21 158.122 148.91 0 0 0 
0 0 0 212.349 207.872 213.278 206.568 195.767 223.116 200.624 229.396 214.001 218.58 225.461 204.202 243.243 308.854 379.21 485.98 550.166 566.009 607.452 595.675 626.196 599.427 617.165 595.182 609.078 590.922 579.804 526.034 412.937 319.509 234.69 208.352 223.608 220.063 202.378 203.561 232.894 223.737 225.793 220.1 216.538 221.996 227.019 219.308 203.1 203.714 202.459 203.824 197.889 192.984 192.237 196.273 189.834 181.081 187.394 181.28 176.87 165.01 152.571 0 0 0 
0 0 206.126 207.89 208.686 216.938 212.374 202.463 220.391 205.397 215.039 213.139 206.669 233.932 297.794 445.921 546.041 585.402 619.461 623.826 633.553 628.729 627.261 635.974 644.147 632.135 632.844 624.982 631.603 617.319 605.188 602.842 539.679 423.308 277.376 210.867 234.026 238.731 237.451 218.271 195.689 215.394 213.264 198.227 217.102 215.393 199.112 204.689 220.925 215.408 214.325 211.669 213.49 216.382 212.943 196.242 193.811 188.045 189.851 183.066 171.642 168.326 160.988 0 0 
0 0 207.018 206.529 201.169 218.781 207.284 207.726 213.403 221.925 223.082 215.783 248.852 394.044 526.326 613.029 615.425 610.405 642.493 629.155 649.313 635.586 657.266 636.512 649.297 646.783 655.37 649.21 641.779 641.854 629.348 613.373 621.982 600.078 498.353 359.855 244.28 212.671 220.819 210.126 222.593 249.84 224.44 211.506 233.112 211.442 206.49 229.205 218.959 208.857 212.926 210.372 205.464 206.99 196.508 195.099 195.373 199.668 193.315 184.354 181.243 176.11 171.378 0 0 
0 0 214.732 209.157 202.959 221.237 207.061 209.858 199.106 215.39 217.165 294.249 456.874 597.573 604.58 626.399 643.006 632.992 660.345 630.499 643.897 636.946 650.392 659.366 645.87 653.102 660.799 660.127 656.27 635.642 646.734 649.635 639.231 636.253 605.314 558.019 380.368 250.421 269.813 236.069 217.328 224.646 209.82 226.807 252.206 226.833 231.476 243.738 209.733 204.988 215.786 211.958 206.533 200.819 201.388 207.163 209.101 202.147 189.155 193.18 191.145 186.368 178.049 0 0 
0 0 209.756 207.976 201.624 222.255 205.674 218.914 207.166 214.573 305.813 485.389 594.884 626.913 625.667 633.003 653.312 635.279 663.648 643.732 640.168 643.531 622.044 611.24 604.603 611.5 623.265 639.667 657.677 664.215 647.901 660.357 669.662 652.191 619.425 631.577 556.255 376.175 259.814 215.588 226.209 260.642 240.69 223.238 216.878 191.755 225.77 222.288 205.744 229.957 230.942 214.483 215.577 217.589 209.879 210.142 207.822 194.506 195.418 191.965 190.233 179.655 165.101 0 0 
0 204.414 210.189 209.292 197.655 221.036 199.961 223.904 212.623 291.398 506.141 603.524 619.401 641.7 637.757 643.456 670.147 653.622 656.039 642.489 623.391 627.975 621.869 600.359 592.453 593.626 610.841 610.924 611.357 634.121 638.141 645.881 677.415 670.375 638.599 641.587 615.387 581.235 368.573 266.643 220.964 201.731 217.293 226.159 236.999 223.331 242.209 199.736 213.113 233.685 209.013 209.639 219.804 214.833 210.989 206.187 198.466 196.6 193.705 190.166 187.316 174.215 169.486 167.705 0 
0 212.789 213.953 219.466 203.654 228.321 204.676 221.856 245.689 453.839 598.066 607.372 639.973 650.429 641.77 652.707 659.571 627.269 616.22 620.155 630.722 629.662 631.095 627.712 627.842 628.846 643.943 653.587 639.515 621.162 611.32 615.08 670.145 696.135 662.561 661.2 626.643 616.076 525.639 354.802 206.68 291.255 250.895 213.342 233.402 231.286 239.335 216.653 240.778 211.174 196.509 220.881 219.993 205.666 206.328 212.732 215.084 206.731 209.234 204.075 192.845 187.85 182.956 177.705 0 
0 204.314 211.345 218.152 201.894 225.683 205.994 231.12 386.791 578.226 625.135 628.92 650.281 650.467 645.751 646.447 623.284 615.707 613.53 628.18 636.241 639.387 636.216 633.228 629.225 623.965 627.738 637.959 650.846 661.402 646.302 601.912 625.298 691.646 687.926 674.43 686.903 635.504 622.514 496.454 270.344 200.553 235.533 231.062 225.89 208.076 221.289 229.687 242.682 215.596 236.762 242.045 216.322 213.793 218.639 225.801 218.864 216.202 208.774 196.304 201.479 199.962 192.036 185.466 0 
0 205.174 204.06 212.713 195.709 220.127 203.448 306.355 523.845 595.732 617.952 632.025 648.969 646.723 630.648 608.263 609.674 625.133 610.406 605.155 591.232 588.075 588.955 593.985 613.627 639.814 651.868 653.418 674.381 680.82 682.867 648.133 632.965 649.494 710.966 654.657 710.131 652.081 664.958 551.05 461.779 220.644 256.991 260.647 255.961 255.619 240.701 231.869 226.546 226.501 245.462 219.206 218.027 234.604 222.201 212.116 217.139 199.294 201.063 204.956 203.553 202.703 193.346 181.148 0 
0 207.652 211.207 220.337 195.602 228.201 228.675 434.948 593.168 609.156 636.108 645.352 651.685 646.419 618.133 613.505 634.453 617.476 607.475 613.626 585.167 522.315 444.646 385.949 356.778 357.707 398.497 481.15 582.414 646.973 675.051 629.465 658.739 612.343 692.681 672.026 685.049 675.8 656.244 638.429 509.708 282.474 248.094 225.272 222.999 260.018 231.013 243.614 229.305 234.297 217.946 204.289 233.64 227.453 207.645 206.666 206.687 204.566 205.843 200.126 200.339 193.375 179.329 173.577 0 
0 216.345 205.96 219.978 197.341 224.004 292.559 543.169 616.132 620.272 650.492 659.461 656.076 620.783 638.137 639.213 648.178 636.487 638.37 539.444 384.679 268.359 221.351 209.876 207.752 201.921 198.883 216.038 289.121 429.523 618.05 624.943 632.712 633.498 606.647 681.818 648.011 683.752 644.125 618.393 545.763 359.53 225.352 237.465 185.661 219.294 196.817 230.922 209.272 215.121 200.771 227.923 228.22 206.926 198.226 212.916 223.017 208.688 201.051 197.881 187.382 181.988 178.754 173.65 0 
0 211.675 210.316 219.48 203.824 229.519 387.562 599.912 633.551 632.524 648.872 666.66 630.086 588.25 646.25 628.609 643.025 624.664 468.644 264.818 198.086 194.167 202.306 199.649 197.986 196.633 197.424 197.462 190.49 207.975 354.947 614.352 632.319 703.163 614.119 637.805 653.936 626.867 676.298 636.046 628.191 434.556 272.335 243.352 208.717 216.951 222.973 208.854 212.263 215.859 210.134 212.641 184.317 188.162 207.207 208.381 198.786 195.106 191.812 186.268 185.964 189.904 183.278 176.651 0 
0 217.782 210.734 214.905 207.615 244.203 472.214 604.448 632.352 640.704 636.865 664.043 597.574 610.635 656.566 626.217 643.537 484.9 247.194 198.962 204.467 194.226 196.621 191.1 192.597 189.634 186.926 187.685 176.181 180.06 149.016 356.937 632.644 766.059 680.876 601.074 698.066 679.311 659.832 647.702 608.609 524.914 277.538 226.127 251.16 201.303 232.65 212.479 238.801 216.112 227.549 212.929 208.706 221.376 206.669 193.267 197.472 194.191 193.445 198.547 195.246 191.755 183.732 170.65 0 
0 203.878 203.478 211.035 227.443 287.986 540.428 611.812 637.624 650.604 627.618 653.695 603.324 639.769 659.139 627.888 587.228 301.414 200.072 201.906 202.445 196.898 197.096 200.25 198.384 199.177 194.072 199.33 188.668 190.982 177.209 206.117 604.336 632.919 661.613 650.875 627.35 665.069 662.993 648.836 631.197 591.542 338.251 229.81 211.088 216.354 215.214 218.823 206.741 208.567 208.073 214.397 240.565 221.015 190.942 189.956 203.02 198.321 189.422 187.937 189.582 188.715 176.55 175.213 0 
0 216.188 216.7 205.799 236.41 327.285 567.906 615.98 645.489 667.406 632.87 632.668 606.336 640.577 648.702 633.791 470.295 214.098 206.053 199.156 204.191 204.048 198.812 202.413 200.194 204.284 199.213 199.783 202.243 184.81 202.231 189.481 441.298 684.364 609.953 622.142 621.055 691.351 670.498 644.444 603.5 592.525 408.456 224.625 243.897 231.067 203.351 223.893 199.632 222.329 209.077 216.871 198.268 189.491 206.442 220.982 213.865 198.824 196.204 197.01 186.819 180.09 172.101 170.064 0 
0 204.498 208.532 201.638 243.265 370.376 591.217 617.65 635.86 665.415 644.447 600.319 608.215 642.585 637.325 631.862 365.011 201.928 205.227 203.267 197.551 202.533 198.023 202.352 200.126 200.607 204.66 199.544 201.48 199.213 196.356 203.233 357.392 652.688 649.262 618.377 582.967 643.061 689.755 662.085 638.623 608.109 412.814 233.787 216.01 217.174 237.375 205.974 233.081 208.951 206.693 206.937 195.911 212.305 213.148 199.647 196.41 194.75 192.956 188.599 186.14 189.858 182.166 180.928 0 
0 213.872 223.376 210.25 234.399 391.58 597.92 617.038 637.805 661.505 652.388 577.838 622.138 647.316 624.353 630.876 296.45 204.941 201.153 204.537 198.198 209.026 200.497 204.341 204.389 203.559 200.301 201.969 200.221 206.481 200.366 197.198 331.21 600.39 640.937 643.099 611.029 628.017 640.926 661.314 633.589 626.367 468.75 213.106 213.332 214.153 213.609 222.132 216.025 200.939 215.212 208.529 228.359 216.955 192.384 193.329 200.079 199.189 188.712 185.596 188.573 188.286 186.204 179.488 0 
0 214.84 207.565 211.052 227.387 413.345 604.509 617.332 643.859 654.251 678.808 557.643 622.774 644.512 629.147 616.39 291.795 206.075 204.573 206.254 200.988 206.329 201.26 199.842 200.8 203.084 201.004 205.479 202.571 201.963 205.229 204.335 339.629 590.671 641.335 664.341 623.948 634.151 639.523 646.622 642.846 607.928 466.14 261.404 227.594 204.678 206.282 222.511 208.268 223.567 207.821 216.977 212.529 186.257 192.648 213.778 210.621 198 194.759 196.521 197.203 185.618 172.615 167.924 0 
0 216.493 214.17 220.328 208.518 422.941 595.759 624.325 650.69 637.768 668.774 577.207 609.381 644.733 638.809 608.941 337.393 207.496 209.302 203.466 202.608 205.245 209.186 198.233 202.953 210.189 206.358 204.802 205.363 203.378 209.574 215.984 382.489 596.687 631.965 638.978 617.824 638.864 642.164 635.574 627.353 614.641 459.805 229.077 213.884 232.636 226.198 199.315 225.278 202.63 213.807 203.38 192.438 210.99 210.93 209.251 199.654 197.298 195.998 194.07 192.306 185.014 179.001 175.109 0 
0 230.669 219.51 220.175 200.597 398.505 589.23 623.504 651.538 650.217 653.125 594.021 582.979 655.408 641.939 614.86 404.089 201.148 208.184 201.262 204.887 202.815 208.766 207.636 199.747 206.236 205.657 202.469 203.122 198.73 205.034 215.788 444.305 606.486 627.974 629.717 611.042 643.764 645.541 652.314 627.153 605.167 439.346 238.131 220.598 210.52 209.395 228.933 199.282 219.862 218.485 210.1 218.664 201.848 188.32 194.314 199.742 196.992 191.371 186.916 188.988 185.17 180.994 181.058 0 
0 0 216.454 223.556 216.429 356.328 578.96 615.383 636.159 660.842 650.532 625.884 546.523 650.607 651.973 639.172 478.903 244.943 207.458 206.519 201.882 209.136 203.323 209.164 208.129 201.877 203.243 207.226 201.776 202.366 207.144 264.421 542.501 610.778 622.731 611.046 602.966 656.344 646.244 650.652 629.396 600.837 409.055 212.286 214.548 217.667 225.548 205.688 225.426 212.86 201.325 216.212 199.137 183.269 195.76 204.736 197.025 190.919 193.25 195.708 194.83 189.434 185.593 0 0 
0 0 209.456 213.329 220.744 292.987 576.503 616.2 632.949 653.362 662.118 640.371 564.421 622.978 649.29 650.856 576.186 352.873 208.735 211.1 203.046 203.535 203.343 201.288 205.529 206.568 202.25 204.216 205.338 208.386 212.813 395.977 610.292 604.118 624.268 613.616 619.063 665.63 652.253 630.552 611.854 582.684 360.701 236.303 227.561 206.1 201.031 209.941 197.867 205.36 222.827 199.961 201.141 214.743 218.498 202.659 195.927 192.585 191.061 193.767 190.559 185.445 178.87 0 0 
0 0 221.943 216.963 223.482 246.384 514.866 606.267 627.436 643.813 655.544 662.434 602.307 593.815 653.671 645.335 644.137 502.796 293.815 202.64 214.223 205.673 203.928 206.09 203.655 206.402 210.002 204.004 206.964 201.34 310.67 566.172 632.776 625.184 622.116 600.27 637.015 659.233 648.347 640.816 614.731 551.376 293.158 199.725 216.086 213.129 218.138 201.317 216.637 223.67 209.189 216.85 220.503 203.906 201.088 198.91 197.727 201.98 197.445 192.27 178.319 174.19 174.113 0 0 
0 0 221.4 209.644 224.962 233.394 425.669 600.237 625.871 642.128 648.521 658.187 643.217 570.913 637.929 653.058 648.475 628.034 495.294 305.615 210.398 207.265 204.766 206.763 210.081 201.643 204.485 215.496 210.915 295.746 522.874 630.096 623.564 632.555 602.3 610.431 652.701 649.304 645.699 626.492 611.729 505.549 270.493 231.076 220.923 211.663 196.667 220.816 206.098 199.647 212.228 203.844 191.904 197.022 202.717 200.475 197.854 193.463 187.9 188.531 187.053 185.359 180.734 0 0 
0 0 0 209.492 210.948 224.851 311.685 578.149 611.7 632.754 647.934 655.795 664.854 618.231 596.8 648.793 652.266 646.937 622.892 568.958 404.898 282.872 240.056 216.803 215.696 213.881 201.962 217.755 331.77 532.181 637.926 628.943 639.84 629.049 578.683 633.224 660.966 654.427 643.844 612.981 588.448 401.991 220.634 215.322 219.628 208.417 213.793 200.4 211.018 216.974 199.417 199.038 216.285 221.117 215.26 205.329 199.077 202.812 210.791 201.366 193.368 189.394 0 0 0 
0 0 0 229.685 210.797 214.653 246.81 475.27 601.489 622.51 639.216 645.809 651.034 645.476 594.959 606.07 641.178 630.809 616.274 605.595 603.046 528.186 441.266 386.813 347.765 338.662 394.926 515.771 636.198 678.309 668.505 667.636 655.531 593.18 609.226 659.617 655.709 658.883 650.616 629.876 571.124 321.659 243.835 232.002 230.33 228.603 219.799 233.548 221.699 207.459 218.844 225.041 219.69 210.086 208.171 211.772 215.225 210.058 208.487 201.095 199.966 195.05 0 0 0 
0 0 0 0 214.454 206.212 213.257 322.183 558.439 601.082 616.492 634.903 628.778 653.232 623.158 595.269 592.114 620.167 609.395 602.011 586.555 604.969 586.582 586.457 610.486 636.119 677.966 701.584 693.288 681.098 680.079 675.88 607.285 603.992 674.469 675.717 677.459 673.605 660.37 642.115 471.495 263.777 249.408 243.088 247.243 254.467 243.448 230.608 239.698 241.601 225.144 215.344 216.995 222.881 221.295 219.086 217.226 218.899 210.059 200.616 202.964 0 0 0 0 
0 0 0 0 221.884 208.883 215.177 234.456 425.944 605.45 610.386 642.286 637.916 665.333 643.899 649.402 619.466 610.632 625.634 637.781 641.135 633.069 651.975 663.576 652.241 685.143 667.573 652.881 675.429 667.441 635.43 592.654 599.687 682.75 683.675 669.059 669.518 643.899 629.086 546.335 312.272 229.051 232.843 226.05 238.118 219.669 234.134 237.786 220.972 213.141 223.71 236.312 232.413 219.868 215.171 212.176 211.392 210.622 210.773 211.971 205.657 0 0 0 0 
0 0 0 0 0 210.792 219.826 213.27 282.279 508.367 609.797 617.429 631.111 656.668 653.945 645.233 669.991 639.958 615.188 611.752 617.258 633.584 636.401 656.044 666.92 645.882 657.707 681.329 651.787 611.146 599.746 641.977 675.683 671.489 648.691 643.922 645.126 628.028 594.309 394.965 242.82 236.208 236.35 228.01 235.673 233.897 217.271 215.059 224.847 230.903 218.441 207.42 206.375 204.607 208.333 214.011 217.475 211.871 206.541 201.871 0 0 0 0 0 
0 0 0 0 0 217.226 216.131 206.644 238.37 304.234 541.276 611.045 619.294 644.629 661.478 642.869 655.214 682.829 652.333 647.728 643.921 637.37 627.418 621.368 617.02 636.414 623.664 609.161 618.397 644.376 653.439 655.545 663.021 668.623 663.72 645.516 622.927 593.066 438.867 253.931 223.738 232.712 237.394 228.912 218.456 230.004 228.908 224.232 215.656 212.68 212.083 208.449 212.038 213.563 208.589 209.264 203.887 196.211 197.786 195.155 0 0 0 0 0 
0 0 0 0 0 0 222.888 208.895 220.015 225.165 327.083 550.121 594.114 615.152 639.399 643.104 639.369 653.054 663.132 642.769 652.051 668.547 648.421 641.543 628.263 629.327 644.378 653.605 656.242 667.325 673.896 679.556 668.706 652.268 625.994 613.078 606.278 476.783 288.624 237.816 228.23 227.49 223.351 225.56 225.398 215.891 215.552 217.929 225.238 229.714 227.953 223.298 214.324 210.255 211.158 203.962 198.938 200.135 197.499 0 0 0 0 0 0 
0 0 0 0 0 0 0 211.787 208.576 218.715 211.757 329.02 521.093 592.284 620.775 627.556 633.634 645.762 651.36 667.658 646.714 648.84 655.715 662.813 666.411 671.025 672.32 681.393 683.041 660.688 659.618 665.231 655.66 647.443 626.158 598.163 469.705 294.934 245.022 247.695 244.204 232.487 231.507 205.942 212.905 219.489 226.371 226.905 218.041 207.705 204.81 208.255 210.532 212.517 211.41 210.087 209.656 207.514 0 0 0 0 0 0 0 
0 0 0 0 0 0 0 0 209.277 212.33 226.899 223.792 289.964 445.538 569.493 613.983 614.491 626.785 633.651 647.44 653.748 647.175 649.821 662.171 663.832 658.549 666.857 669.447 666.129 657.839 662.086 641.758 632.46 632.188 580.933 432.915 271.901 223.696 228.144 220.687 216.698 225.418 239.012 234.307 227.582 225.441 215.367 213.443 212.692 212.676 215.606 215.559 220.806 216.275 207.16 202.992 204.177 0 0 0 0 0 0 0 0 
0 0 0 0 0 0 0 0 229.251 214.299 213.409 226.247 201.574 248.671 373.774 483.953 586.521 610.535 613.927 618.168 637.686 640.658 638.046 637.929 658.141 657.957 649.14 638.952 640.44 639.529 638.558 619.198 587.835 518.004 377.212 259.86 236.722 234.23 233.852 219.983 213.534 201.425 211.541 218.061 223.491 228.085 232.524 224.297 221.95 218.632 213.86 210.719 206.916 204.185 202.876 202.503 199.915 0 0 0 0 0 0 0 0 
0 0 0 0 0 0 0 0 0 217.856 210.777 217.637 210.657 197.425 256.71 285.138 352.911 472.167 543.003 583.251 611.808 629.596 624.662 626.363 628.892 626.003 628.844 625.236 612.436 606.997 596.653 547.376 427.664 289.659 227.801 222.671 219.099 219.349 231.311 234.744 233.118 230.566 222.999 212.956 203.361 200.177 200.707 204.325 205.16 205.191 208.042 212.671 206.124 203.15 200.937 195.364 0 0 0 0 0 0 0 0 0 
0 0 0 0 0 0 0 0 0 0 231.635 222.406 214.758 235.023 233.732 234.864 255.449 235.155 303.935 366.473 413.211 487.571 517.738 541.777 545.889 561.309 564.409 570.961 541.494 478.664 380.176 269.747 210.154 202.137 206.324 202.18 191.827 192.088 191.194 202.436 202.78 204.143 210.108 209.117 207.546 205.862 207.21 208.579 206.892 207.009 202.731 197.443 197.496 195.505 196.034 0 0 0 0 0 0 0 0 0 0 
0 0 0 0 0 0 0 0 0 0 0 247.411 237.719 250.467 255.278 240.934 268.494 297.15 261.766 282.077 318.772 307.342 343.904 359.184 355.562 341.365 323.81 286.816 236.053 187.029 163.909 162.354 174.904 184.358 179.228 188.137 180.11 182.94 178.712 184.564 169.066 167.831 178.954 171.979 172.98 170.218 168.322 173.659 175.559 173.682 170.338 169.828 168.466 169.4 0 0 0 0 0 0 0 0 0 0 0 
0 0 0 0 0 0 0 0 0 0 0 0 0 224.426 230.796 235.795 228.378 233.29 256.558 237.592 218.636 250.965 247.846 210.477 214.628 201.645 185.385 164.137 163.736 181.319 192.034 189.362 180.157 169.703 154.588 162.2 167.357 163.265 168.573 188.044 180 189.528 189.645 186.58 190.797 197.12 194.031 190.835 182.81 182.113 182.038 182.239 0 0 0 0 0 0 0 0 0 0 0 0 0 
0 0 0 0 0 0 0 0 0 0 0 0 0 0 231.531 216.763 218.77 222.955 226.856 225.531 224.147 206.459 203.127 228.22 216.854 195.915 189.821 209.368 207.045 203.213 185.793 179.855 188.991 205.729 204.663 202.555 201.026 197.688 194.668 188.756 180.666 187.35 193.034 191.201 188.225 189.228 187.937 189.241 191.875 190.415 186.665 0 0 0 0 0 0 0 0 0 0 0 0 0 0 
0 0 0 0 0 0 0 0 0 0 0 0 0 0 0 221.565 224.851 217.392 211.703 217.501 220.312 219.702 207.356 197.391 211.631 215.687 218.593 188.604 187.615 199.596 213.762 212.68 204.718 192.558 188.603 190.53 196.491 194.802 201.736 205.474 201.465 205.537 207.538 203.048 199.147 194.629 192.165 187.417 186.627 191.23 0 0 0 0 0 0 0 0 0 0 0 0 0 0 0 
0 0 0 0 0 0 0 0 0 0 0 0 0 0 0 0 0 219.19 218.02 211.368 209.776 217.058 210.756 214.506 200.698 195.274 217.113 213.561 209.654 197.807 190.47 195.355 204.854 214.254 209.91 209.057 206.642 196.595 198.189 197.371 196.225 196.965 198.117 198.209 199.061 201.395 206.515 201.991 0 0 0 0 0 0 0 0 0 0 0 0 0 0 0 0 0 
0 0 0 0 0 0 0 0 0 0 0 0 0 0 0 0 0 0 0 211.571 213.543 203.857 215.081 216.819 202.143 212.566 200.5 202.605 208.893 214.521 205.896 200.712 194.647 201.051 200.261 205.474 207.148 205.818 206.439 201.699 194.224 196.236 198.032 191.396 194.748 195.332 0 0 0 0 0 0 0 0 0 0 0 0 0 0 0 0 0 0 0 
0 0 0 0 0 0 0 0 0 0 0 0 0 0 0 0 0 0 0 0 0 204.547 212.798 206.546 208.975 211.959 205.758 208.915 207.437 202.328 211.702 209.312 207.653 202.915 204.446 200.368 197.175 197.457 203.218 206.892 206.583 204.408 203.721 198.544 0 0 0 0 0 0 0 0 0 0 0 0 0 0 0 0 0 0 0 0 0 
0 0 0 0 0 0 0 0 0 0 0 0 0 0 0 0 0 0 0 0 0 0 0 0 0 206.115 205.115 208.014 209.261 202.928 200.392 200.619 211.242 203.586 209.545 203.743 198.066 201.3 198.158 202.416 0 0 0 0 0 0 0 0 0 0 0 0 0 0 0 0 0 0 0 0 0 0 0 0 0 
0 0 0 0 0 0 0 0 0 0 0 0 0 0 0 0 0 0 0 0 0 0 0 0 0 0 0 0 0 0 0 0 0 0 0 0 0 0 0 0 0 0 0 0 0 0 0 0 0 0 0 0 0 0 0 0 0 0 0 0 0 0 0 0 0 
