0 0 0 0 0 0 0 0 0 0 0 0 0 0 0 0 0 0 0 0 0 0 0 0 0 0 0 0 0 0 0 0 0 0 0 0 0 0 0 0 0 0 0 0 0 0 0 0 0 0 0 0 0 0 0 0 0 0 0 0 0 0 0 0 0 
0 0 0 0 0 0 0 0 0 0 0 0 0 0 0 0 0 0 0 0 0 0 0 0 0 147.116 147.919 146.25 153.033 142.852 154.986 134.553 153.441 143.009 141.333 151.994 132.871 149.01 134.461 149.491 0 0 0 0 0 0 0 0 0 0 0 0 0 0 0 0 0 0 0 0 0 0 0 0 0 
0 0 0 0 0 0 0 0 0 0 0 0 0 0 0 0 0 0 0 0 0 142.033 141.523 163.101 141.234 153.074 146.976 145.632 154.178 145.565 153.587 139.838 157.758 145.793 142.892 152.027 138.26 149.975 143.693 146.376 135.947 139.794 136.181 135.941 0 0 0 0 0 0 0 0 0 0 0 0 0 0 0 0 0 0 0 0 0 
0 0 0 0 0 0 0 0 0 0 0 0 0 0 0 0 0 0 0 138.044 155.561 146.806 145.714 157.512 144.901 151.94 149.959 153.324 153.427 148.93 150.935 147.215 158.756 142.222 147.236 150.796 146.436 153.988 146.529 144.971 145.75 140.553 140.114 142.302 144.995 131.811 0 0 0 0 0 0 0 0 0 0 0 0 0 0 0 0 0 0 0 
0 0 0 0 0 0 0 0 0 0 0 0 0 0 0 0 0 136.498 166.454 147.546 148.054 148.226 155.962 157.342 152.205 155.324 159.269 153.972 153.38 149.923 147.798 153.623 154.357 142.244 152.164 152.564 156.768 152.916 144.531 151.019 145.086 143.274 149.384 146.67 140.968 136.835 141.856 133.693 0 0 0 0 0 0 0 0 0 0 0 0 0 0 0 0 0 
0 0 0 0 0 0 0 0 0 0 0 0 0 0 0 160.412 148.611 150.799 147.744 158.09 153.141 153.505 158.978 156.213 154.549 159.281 160.326 156.013 153.327 155.803 153.874 159.94 156.058 142.559 160.249 156.141 159.748 141.896 146.468 149.968 148.112 153.048 149.028 145.301 141.119 143.493 142.52 136.767 138.341 136.58 0 0 0 0 0 0 0 0 0 0 0 0 0 0 0 
0 0 0 0 0 0 0 0 0 0 0 0 0 0 149.153 147.171 165.599 149.713 142.689 168.105 153.804 156.906 161.199 158.828 151.418 158.274 150.846 155.712 154.576 165.561 150.217 157.037 153.063 146.246 169.245 150.961 162.148 137.138 153.663 151.405 154.583 150.27 146.796 149.392 140.148 145.39 145.558 143.28 143.525 136.332 134.594 0 0 0 0 0 0 0 0 0 0 0 0 0 0 
0 0 0 0 0 0 0 0 0 0 0 0 0 160.118 149.625 150.868 162.799 167.253 139.337 180.3 174.744 153.781 155.518 154.703 164.93 168.895 145.882 160.164 157.303 173.025 144.363 161.919 157.362 154.051 169.919 150.954 160.934 143.408 165.301 154.569 154.993 145.819 149.478 148.5 145.011 153.964 150.736 142.387 151.986 132.986 138.175 135.733 0 0 0 0 0 0 0 0 0 0 0 0 0 
0 0 0 0 0 0 0 0 0 0 0 156.972 153.225 154.71 144.247 152.211 162.423 161.947 175.884 211.257 182.044 141.145 156.785 156.339 174.435 161.883 138.87 167.494 162.542 175.279 137.695 171.804 160.107 154.978 162.413 151.483 160.24 158.712 161.367 151.574 152.095 146.318 150.768 152.771 157.141 152.212 145.643 150.097 145.214 134.079 142.858 137.882 137.667 132.353 0 0 0 0 0 0 0 0 0 0 0 
0 0 0 0 0 0 0 0 0 0 144.249 157.123 152.403 157.92 155.176 151.821 160.744 149.598 169.028 228.116 207.874 136.199 151.977 162.37 172.674 157.524 152.014 179.394 154.595 168.089 135.845 176.552 164.695 156.313 149.751 154.305 170.405 155.069 158.006 145.792 151.555 158.72 162.804 155.004 153.978 148.757 151.845 151.072 140.904 141.216 144.011 144.902 143.246 138.027 127.052 0 0 0 0 0 0 0 0 0 0 
0 0 0 0 0 0 0 0 0 148.507 151.906 156.519 155.021 152.513 154.923 156.487 165.801 150.908 152.658 215.725 232.735 144.787 163.757 162.537 156.769 156.452 157.084 163.385 145.256 177.778 139.89 166.753 153.212 166.315 159.97 160.255 162.746 153.42 151.942 150.005 166.937 164.704 159.972 147.327 153.134 149.444 151.892 150.74 140.338 153.53 149.246 144.923 146.258 137.958 133.605 133.689 0 0 0 0 0 0 0 0 0 
0 0 0 0 0 0 0 0 147.059 156.976 154.896 154.675 156.248 156.991 159.864 157.679 165.127 153.818 158.261 181.866 240.856 176.946 164.294 156.471 159.785 165.322 160.704 168.411 151.39 183.758 133.071 160.831 157.556 176.207 150.505 158.142 161.296 156.252 159.888 162.388 170.775 162.973 151.097 143.997 147.649 154.645 155.002 154.158 149.506 146.757 140.303 148.387 141.241 131.905 134.831 133.449 130.039 0 0 0 0 0 0 0 0 
0 0 0 0 0 0 0 0 154.41 150.505 160.37 161.886 161.448 149.873 156.735 159.269 159.335 152.886 170.823 166.123 198.208 285.461 202.785 160.416 181.305 156.325 138.208 177.382 149.661 154.03 144.504 168.928 165.798 159.893 139.78 170.174 158.893 156.191 154.323 151.898 158.538 153.235 136.704 154.356 154.948 163.3 162.553 144.911 144.95 144.541 149.993 155.252 138.6 141.121 139.796 136.489 133.493 0 0 0 0 0 0 0 0 
0 0 0 0 0 0 0 161.252 157.479 154.29 161.716 162.8 163.458 157.227 156.366 163.522 151.668 153.255 166.204 155.413 132.394 222.57 242.32 241.733 225.89 208.89 243.406 250.123 194.873 194.665 168.12 163.885 144.627 172.387 168.254 184.984 158.169 157.869 158.181 164.34 167.601 167.437 151.233 164.338 163.833 169.348 158.045 143.441 151.166 153.101 155.633 151.325 141.89 144.576 142.607 144.26 147.646 138.492 0 0 0 0 0 0 0 
0 0 0 0 0 0 157.448 155.801 158.385 156.924 163.133 162.246 159.575 160.756 160.121 166.303 153.116 173.705 158.46 158.537 162.902 149.697 193.291 197.053 175.097 213.838 201.959 193.072 233.414 288.317 187.413 152.832 176.418 194.373 157.253 159.318 154.636 165.445 165.736 167.074 175.353 169.063 161.865 167.054 163.94 167.708 156.093 149.145 160.329 160.453 166.636 151.008 147.073 147.511 147.238 149.169 142.694 131.067 129.349 0 0 0 0 0 0 
0 0 0 0 0 151.807 158.004 156.144 159.956 156.525 163.464 170.455 158.214 158.271 174.401 164.319 152.117 174.317 150.768 171.427 147.534 149.411 190.293 150.826 175.22 162.628 148.7 172.726 136.957 201.452 247.874 179.051 155.949 154.419 149.922 179.477 179.533 152.87 147.552 156.303 161.094 152.038 145.532 137.809 147.922 155.109 150.538 149.835 161.672 159.517 155.912 141.584 145.042 147.608 149.36 149.942 134.986 132.808 132.826 128.666 0 0 0 0 0 
0 0 0 0 0 161.467 161.491 161.439 161.292 157.269 167.612 166.853 160.652 154.593 169.178 149.822 161.954 160.871 154 180.757 151.331 175.189 158.483 178.748 144.216 174.038 167.229 165.052 167.85 176.799 176.806 212.087 175.402 176.919 162.178 154.276 151.926 126.018 154.496 166.589 176.125 168.774 154.75 171.345 176.113 167.965 152.086 146.128 144.205 146.88 141.972 134.624 139.999 142.974 146.078 133.807 131.48 134.018 130.606 131.384 0 0 0 0 0 
0 0 0 0 156.275 158.288 159.767 158.279 158.548 156.688 168.502 167.183 161.421 170.636 175.882 150.956 176.486 151.363 180.096 155.991 172.901 158.864 172.347 162.904 180.4 162.185 152.331 195.704 153.836 162.838 175.419 218.875 137.242 141.862 163.645 172.734 182.661 155.575 173.412 168.097 165.233 136.732 129.585 150.827 144.056 140.215 135.362 152.122 161.264 155.115 145.781 138.947 148.555 149.426 143.177 133.169 127.431 124.778 130.477 129.548 125.021 0 0 0 0 
0 0 0 0 159.01 160.624 162.967 162.464 158.417 157.052 165.918 164.475 156.549 173.627 170.182 166.053 165.547 170.51 168.403 183.163 172.541 189.555 170.041 174.922 203.499 166.985 149.544 183.97 124.076 139.797 194.995 235.978 173.623 154.215 138.333 129.502 133.165 118.211 126.268 133.982 136.759 134.48 143.433 156.852 156.333 138.936 139.477 147.239 144.56 148.228 132.032 151.892 157.096 154.987 143.394 128.277 133.904 140.498 141.219 129.278 123.118 0 0 0 0 
0 0 0 153.226 154.365 160.784 165.947 168.657 164.499 169.315 180.571 174.524 164.618 183.604 165.543 181.944 163.196 190.719 199.347 187.746 194.725 220.169 230.421 251.045 318.205 309.906 332.543 354.949 304.588 302.862 268.891 188.878 140.797 124.801 126.712 171.044 164.988 145.162 141.934 164.161 155.085 142.458 155.073 140.882 135.891 134.391 146.971 150.791 151.676 140.366 130.744 137.198 126.889 129.85 122.658 123.552 134.193 139.568 133.799 129.769 122.236 118.618 0 0 0 
0 0 0 161.009 153.892 154.405 166.039 161.05 159.057 155.305 169.125 163.281 155.104 172.355 158.119 158.598 169.046 177.682 188.559 200.184 275.595 379.049 429.499 494.217 534.819 534.485 540.488 535.994 564.008 528.285 488.054 436.631 313.77 231.883 178.563 173.608 143.885 144.508 150.627 170.932 147.958 156.976 174.11 172.674 168.734 176.663 186.355 157.278 150.115 152.89 168.333 166.248 165.882 156.601 143.129 153.254 154.075 149.995 140.396 134.941 136.486 138.111 0 0 0 
0 0 150.281 159.665 154.835 160.279 167.775 164.562 163.61 162.007 180.73 167.342 176.005 162.003 171.375 169.808 172.142 206.879 316.194 430.436 529.498 572.402 550.863 575.483 556.139 582.256 575.497 595.949 579.537 565.364 575.829 554.711 558.591 494.941 357.952 261.058 197.925 193.928 204.973 187.214 154.064 169.5 181.876 167.783 149.943 172.214 164.83 162.556 166.838 170.03 173.012 159.709 159.565 152.541 166.978 171.748 176.323 163.629 153.058 148.419 146.598 147.63 140.111 0 0 
0 0 168.015 160.531 166.952 158.003 164.14 166.491 157.042 153.389 174.029 148.801 179.235 156.182 175.264 179.877 247.681 417.41 538.65 556.439 578.785 569.469 567.145 596.539 603.22 610.7 588.003 610.856 591.842 602.406 580.411 603.028 591.875 558.109 540.482 515.424 329.189 174.103 183.647 182.343 171.52 215.075 199.677 162.163 171.954 198.436 164.578 164.135 173.843 178.098 167.284 168.3 164.545 170.426 174.797 167.369 158.912 147.512 143.439 153.259 161.374 154.211 143.213 0 0 
0 0 161.576 160.087 163.044 158.292 168.317 175.527 163.077 156.476 182.75 139.929 178.933 164.61 179.096 302.872 481.048 560.71 577.286 559.591 593.738 588.662 616.16 598.535 615.07 592.479 605.348 601.225 623.449 595.054 612.164 611.788 610.432 597.316 562.325 583.385 535.918 376.268 265.337 207.061 141.92 175.215 178.771 161.17 198.973 198.716 172.866 186.764 206.016 179.743 169.86 166.624 162.26 165.001 164.334 165.211 149.963 149.019 161.173 162.727 155.972 148.043 148.71 0 0 
0 0 163.851 159.758 162.531 167.432 165.686 169.876 164.44 154.395 178.146 165.018 163.161 187.459 338.267 505.653 554.878 570.964 596.651 593.338 625.412 599.256 596.71 584.014 603.992 606.1 599.798 606.61 611.126 601.432 583.226 613.168 631.697 607.926 589.813 624.797 581.037 529.52 401.806 197.152 195.143 237.091 190.327 164.815 194.552 174.912 154.481 181.687 184.678 171.077 167.516 181.103 185.174 181.461 177.14 160.22 156.024 170.828 168.875 161.338 155.922 154.159 144.556 0 0 
0 161.247 163.084 166.002 162.601 162.831 160.471 172.492 162.541 159.415 169.825 168.614 177.201 327.368 523.665 569.915 583.31 597.804 611.171 589.683 610.878 585.697 590.904 597.197 570.887 595.387 605.337 597.868 606.688 596.139 595.466 583.252 635.432 619.719 592.674 624.079 611.857 604.382 566.347 414.655 183.856 160.593 205.47 178.024 195.616 163.028 172.378 203.063 170.322 161.997 191.67 186.545 170.111 174.01 173.606 172.769 182.778 177.476 171.852 165.687 159.382 152.114 154.867 156.912 0 
0 167.527 163.251 164.942 167.722 164.127 165.277 179.177 161.869 163.439 168.687 175.279 285.076 506.769 569.986 585.567 580.907 601.877 604.267 583.356 584.717 600.419 580.879 588.474 591.363 579.58 570.454 590.346 563.543 564.174 601.82 599.332 641.451 660.343 637.648 628.297 605.493 612.605 562.356 521.131 394.118 134.703 216.598 185.508 211.548 200.412 200.322 199.233 173.06 186.642 197.026 178.132 186.803 179.728 171.015 177.731 185.578 184.508 172.777 163.158 155.199 160.327 165.991 157.331 0 
0 165.13 163.146 166.084 169.111 164.678 158.061 177.035 162.167 170.132 154.816 255.842 481.786 574.38 581.064 611.897 596.534 601.266 585.273 582.667 584.852 584.889 573.22 572.002 584.63 577.237 588.58 622.512 634.974 606.539 446.4 330.311 371.277 478.072 593.256 685.388 632.002 676.726 591.471 626.695 493.963 304.41 192.976 171.439 201.593 182.459 190.879 182.448 170.139 207.905 184.171 161.868 164.75 175.338 175.768 173.056 171.27 164.341 157.737 162.465 166.22 173.47 161.809 153.826 0 
0 165.124 162.38 161.83 160.172 162.093 154.661 169.175 158.632 170.745 181.846 391.001 551.698 568.011 588.068 609.44 586.854 572.877 584.46 589.926 568.962 571.158 551.273 532.814 471.766 428.443 419.151 445.451 520.55 568.241 410.218 226.708 177.477 251.65 323.74 547.496 541.864 640.734 565.343 611.049 516.563 453.847 186.215 174.962 201.959 168.104 182.788 185.27 196.03 189.569 164.838 183.57 195.326 175.255 168.141 174.809 176.173 156.57 155.131 163.878 170.918 163.01 156.404 153.959 0 
0 166.747 162.165 166.93 165.393 170.972 163.671 174.409 183.124 184.831 290.575 522.042 578.729 601.702 612.265 611.145 609.603 602.383 612.132 600.808 609.903 566.032 438.524 306.155 222.389 190.861 176.159 173.664 161.3 238.757 392.118 411.107 199.777 220.736 101.371 414.808 508.269 616.291 574.214 560.474 560.988 498.401 249.237 187.17 164.791 123.844 182.965 143.951 159.201 159.625 151.451 160.531 159.134 162.37 161.616 144.725 135.899 149.697 165.541 161.973 138.494 137.214 144.412 142.403 0 
0 165.64 164.719 171.06 167.408 163.762 164.491 170.755 178.516 191.798 399.636 563.23 579.933 600.916 612.302 613.213 614.91 589.299 593.547 603.36 521.662 303.826 182.462 151.016 158.922 160.919 163.295 152.07 167.787 159.033 160.57 340.217 352.442 299.116 118.497 169.017 379.105 545.82 598.238 550.183 614.925 502.27 426.885 184.916 184.939 163.971 173.081 144.712 175.639 147.43 172.524 170.767 145.983 150.311 157.525 159.664 159.927 154.597 148.543 146.511 145.146 142.034 129.003 123.419 0 
0 166.125 165.544 168.399 167.456 166.546 161.635 163.345 180.32 244.313 507.894 582.52 596.14 603.663 615.051 608.6 619.856 580.052 611.48 523.624 277.537 162.496 165.07 162.066 162.936 160.825 160.452 162.263 160.35 154.099 130.552 166.215 342.874 384.009 209.934 124.878 257.948 499.349 588.983 576.011 560.26 543.503 477.285 188.606 226.559 156.079 161.917 166.504 172.664 160.636 174.999 152.263 154.688 164.174 156.081 154.516 167.93 167.88 147.082 136.648 135.409 141.588 150.244 155.513 0 
0 165.284 162.4 169.799 175.805 172.266 171.605 160.612 194.022 309.191 538.538 570.685 601.854 610.901 608.685 601.809 623.891 578.471 581.818 315.902 173.283 163.368 161.774 157.441 162.21 163.357 163.035 168.916 164.51 151.424 144.638 111.847 202.32 326.064 306.974 202.174 111.8 318.253 571.828 599.956 587.005 584.657 482.638 328.476 147.386 157.991 156.255 175.639 144.809 172.918 161.554 147.467 172.7 165.05 161.47 159.517 146.802 142.399 144.116 151.122 151.641 146.524 147.385 144.896 0 
0 165.248 165.505 168.366 166.157 165.379 173.883 154.749 200.555 366.002 563.18 585.468 603.288 615.087 604.366 598.103 625.402 578.679 463.83 186.012 167.472 159.215 153.884 157.03 153.674 156.008 164.599 154.785 161.908 147.29 144.37 124.988 101.947 283.942 328.49 183.542 211.669 210.908 490.313 552.422 598.518 557.146 579.086 382.232 157.803 195.9 152.838 157.437 144.872 156.255 139.991 167.043 161.014 155.29 156.105 155.333 148.883 142.012 149.899 157.588 162.156 152.254 139.772 133.296 0 
0 160.002 160.075 164.377 167.52 171.372 176.572 162.072 210.37 409.518 562.762 581.722 607.302 613.397 611.549 598.976 607.304 575.068 339.191 158.333 161.995 157.359 153.244 151.404 155.485 158.232 168.584 163.695 161.041 153.641 156.253 141.595 133.679 170.81 401.349 199.244 154.77 214.908 437.846 579.611 562.371 581.252 551.342 421.014 244.803 164.953 153.764 157.907 186.603 157.95 162.084 166.165 140.888 147.768 151.716 150.07 155.674 166.983 159.021 153.025 142.203 142.034 147.425 146.209 0 
0 159.74 160.188 170.859 171.745 172.919 167.883 160.529 204.501 449.543 579.822 588.282 605.204 606.9 602.498 603.885 590.272 566.372 259.919 158.92 162.915 163.911 153.495 153.786 160.855 161.726 161.625 169.436 158.675 147.346 173.139 153.899 153.82 150.594 380.481 273.579 139.937 154.739 372.894 592.08 600.755 567.759 541.147 508.018 196.805 150.669 190.36 176.318 165.576 155.653 168.703 136.359 160.708 170.171 152.645 156.321 154.704 152.82 146.662 145.967 143.909 141.888 140.919 143.087 0 
0 168.616 173.305 166.881 160.412 164.351 164.626 172.125 206.544 465.269 580.112 598.022 597.573 601.758 601.603 607.915 583.729 574.259 211.829 163.844 153.469 165.414 152.414 156.617 159.915 162.421 161.742 166.981 159.572 145.506 159.399 156.501 158.576 151.033 353.735 286.936 184.84 144.607 300.888 597.256 578.609 591.81 566.082 466.909 237.213 195.532 154.222 153.311 145.736 180.302 172.303 169.732 166.606 148.468 158.584 157.206 154.629 153.643 148.004 145.565 146.015 145.595 144.059 141.704 0 
0 170.548 158.242 165.017 168.687 168.988 168.578 183.415 179.872 468.103 570.208 592.326 612.688 613.244 593.076 603.008 591.998 564.481 236.098 166.699 154.118 166.274 154.543 158.298 159.501 156.845 161.993 167.444 154.892 152.779 158.394 149.647 155.175 146.696 374.595 286.622 150.986 170.189 306.034 549.66 600.623 577.21 546.41 510.227 260.419 139.47 149.757 167.57 181.349 172.968 153.199 175.717 155.499 153.384 155.333 166.521 155.104 148.72 150.012 152.233 150.858 153.081 152.743 145.103 0 
0 163.558 160.242 171.288 165.623 173.82 173.94 186.254 183.487 443.157 563.27 584.853 609.365 615.222 609.993 600.3 596.43 565.888 321.491 141.588 163.362 159.723 162.988 156.083 162.693 156.107 163.33 175.24 151.851 156.022 163.686 153.913 162.39 171.035 391.496 238.732 150.307 166.408 344.621 563.289 561.986 593.77 575.388 475.703 188.273 196.862 196.028 177.198 153.921 143.392 172.07 142.514 165.046 176.754 158.424 154.468 162.155 159.605 148.849 155.155 154.202 149.413 142.71 142.927 0 
0 161.516 165.338 168.494 166.393 166.964 166.948 177.586 187.249 408.562 571.558 588.727 602.849 604.42 610.656 614.468 601.827 569.234 421.229 169.608 156.557 156.429 165.97 154.798 158.964 151.473 164.6 175.736 145.788 158.73 161.378 156.842 151.838 218.261 400.563 204.798 167.319 157.156 406.165 596.927 584.296 547.258 540.539 479.963 244.34 175.758 139.61 141.704 159.208 178.836 159.02 174.727 169.627 161.412 165.539 155.407 150.796 165.086 162.842 145.338 142.917 149.116 144.958 140.66 0 
0 0 164.031 161.145 171.895 168.573 163.389 159.178 192.066 356.11 568.862 588.847 604.925 611.092 605.811 600.037 612.164 605.271 496.202 267.225 147.421 160.586 162.867 151.793 157.681 149.437 167.515 174.685 144.278 154.746 162.921 161.627 152.797 332.584 353.078 162.944 167.741 190.22 479.453 576.251 608.748 583.352 560.688 390.936 167.448 154.475 184.193 169.864 182.824 168.677 158.246 164.45 164.22 148.299 158.326 172.576 162.604 147.591 149.579 154.892 147.541 140.816 144.267 0 0 
0 0 167.31 170.084 170.33 163.953 167.367 167.12 177.345 299.427 544.187 574.467 597.648 609.792 604.6 606.197 605.897 602.807 587.246 420.909 199.47 154.548 165.391 150.525 154.093 155.986 166.469 171.567 139.574 158.797 170.892 143.718 227.291 411.163 228.497 156.36 164.032 282.773 570.703 582.057 582.286 555.736 521.24 339.045 197.468 203.333 169.895 180.988 142.038 151.928 159.555 149.486 158.019 168.93 158.695 154.052 160.185 148.385 139.254 144.667 155.391 158.358 147.967 0 0 
0 0 176.115 164.089 156.197 167.547 174.44 170.737 166.448 260.771 483.698 580.577 595.497 604.449 607.054 606.991 601.919 598.977 605.147 558.606 405.846 192.788 159.717 156.038 148.111 154.972 176.225 167.606 138.869 169.194 154.187 193.195 387.458 311.514 160.678 167.212 187.271 435.901 582 597.83 600.414 573.074 531.744 275.99 141.731 131.683 157.948 151.305 175.174 159.723 148.483 164.957 166.734 161.491 161.719 154.558 155.261 163.798 161.57 154.745 148.846 151.421 149.085 0 0 
0 0 159.525 160.301 165.301 172.125 161.966 165.911 167.231 201.837 403.953 561.735 584.901 602.778 609.287 604.598 593.812 601.035 605.079 593.139 572.705 476.932 275.04 179.84 155.115 146.729 174.08 156.075 135.734 158.688 232.019 371.388 335.175 173.763 172.733 161.445 333.543 568.235 578.77 574.716 551.335 542.378 426.502 202.575 169.892 177.274 166.139 188.925 165.916 160.157 176.258 173.162 155.504 150.342 157.37 162.002 150.872 150.922 154.618 149.899 140.596 141.333 138.852 0 0 
0 0 0 168.211 167.052 167.946 163.994 170.375 172.744 160.677 313.99 512.972 571.785 590.348 601.909 602.438 595.545 592.984 595.438 582.333 575.777 562.957 564.529 415.366 317.481 268.836 257.362 225.133 256.282 373.319 433.148 323.406 215.516 183.15 198.074 281.943 537.372 615.3 612.628 600.237 571.773 560.417 373.386 190.713 196.952 165.912 176.915 143.925 168.968 177.43 166.297 156.915 157.745 159.304 167.331 164.243 163.249 152.409 157.624 157.582 161.589 152.758 0 0 0 
0 0 0 167.154 166.44 159.328 170.918 170.322 167.851 169.333 195.692 413.27 549.56 578.418 589.8 587.204 593.829 580.654 577.939 576.845 569.034 557.831 548.786 565.746 523.383 479.923 478.244 427.776 410.383 366.04 254.717 182.132 183.48 176.12 302.897 504.204 600.597 598.56 610.47 608.436 580.717 491.246 259.059 171.276 190.904 170.989 170.45 191.321 174.351 171.826 172.638 190.003 191.146 177.959 166.108 167.092 164.123 166.114 159.707 158.757 162.251 161.07 0 0 0 
0 0 0 0 161.693 161.686 161.675 166.943 160.119 176.353 165.709 293.56 489.936 580.296 592.76 601.38 615.978 608.281 608.728 613.453 604.431 618.54 618.753 605.927 644.825 661.548 464.654 234.154 179.992 160.065 136.017 153.553 225.163 358.79 551.468 598.606 597.38 587.146 565.11 548.529 506.194 339.993 183.782 175.364 167.175 179.397 174.301 164.831 159.686 165.563 182.573 172.678 169.131 170.51 162.302 155.099 160.311 160.043 159.033 161.025 158.956 0 0 0 0 
0 0 0 0 169.103 167.481 169.011 164.027 167.732 177.229 176.606 185.345 342.186 514.115 576.108 579.023 595.448 599.276 598.896 596.673 586.184 590.688 598.423 610.683 577.284 565.59 563.721 433.193 363.936 340.861 338.299 391.001 496.474 569.677 605.906 606.486 620.656 623.948 608.912 596.599 452.625 238.362 198.819 182.489 183.472 162.272 175.011 188.767 192.216 172.753 167.606 167.613 162.669 177.595 180.381 172.821 170.343 173.84 167.167 164.581 160.368 0 0 0 0 
0 0 0 0 0 168.485 165.089 163.463 164.405 155.16 150.994 167.511 197.325 368.892 521.118 578.696 581.486 583.374 596.191 595.207 586.738 584.295 572.933 579.224 551.89 558.268 595.551 556.962 564.801 555.938 577.776 639.261 664.45 655.761 657.048 632.144 617.637 596.301 584.745 525.261 304.057 201.176 201.157 182.869 186.356 208.501 197.033 176.272 172.435 178.939 171.271 184.176 182.274 172.031 179.275 177.972 165.667 160.51 170.393 164.116 0 0 0 0 0 
0 0 0 0 0 164.745 166.407 165.774 165.872 164.352 160.489 174.045 156.584 206.689 369.568 506.309 582.362 573.895 597.422 597.622 604.802 593.906 595.513 598.227 578.698 588.254 633.423 584.543 621.849 612.725 610.429 601.118 606.444 616.908 625.575 616.022 606.234 589.071 526.184 344.156 196.025 191.554 188.528 201.278 190.727 172.866 174.557 196.706 193.843 194.667 189.044 176.542 178.288 163.479 161.251 168.311 168.574 164.106 164.879 163.702 0 0 0 0 0 
0 0 0 0 0 0 173.82 164.417 164.597 167.978 171.597 168.596 165.536 161.69 202.812 345.649 486.701 571.286 572.097 576.36 593.394 590.064 592.115 599.898 595.83 593.533 637.25 583.072 624.221 608.137 620.338 623.586 609.913 598.447 603.743 585.919 574.833 524.862 344.842 219.823 183.865 187.413 164.115 175.754 185.364 193.491 191.012 180.984 175.709 168.625 171.643 164.623 170.195 178.898 163.369 169.9 175.914 173.463 161.447 0 0 0 0 0 0 
0 0 0 0 0 0 0 164.262 163.135 164.842 169.964 156.056 175.803 179.892 157.27 187.655 269.74 402.089 544.016 571.936 576.793 577.997 584.116 592.554 592.088 595.332 642.377 585.7 623.343 593.643 604.735 593.762 598.913 575.521 570.485 551.513 482.976 325.851 186.738 197.809 182.455 199.202 193.946 176.155 176.576 158.503 160.079 169.286 170.594 177.329 172.624 171.305 167.928 169.313 174.551 156.767 168.585 172.639 0 0 0 0 0 0 0 
0 0 0 0 0 0 0 0 167.702 170.359 164.985 159.102 171.212 153.984 158.28 157.899 189.836 210.691 301.145 472.498 536.377 556.584 575.796 576.578 573.71 569.187 632.936 562.586 606.579 570.75 584.93 561.852 565.812 564.785 524.561 393.483 263.136 187.667 189.292 183.129 182.833 158.392 171.173 168.274 185.708 184.837 178.46 175.698 173.287 171.741 172.998 169.159 166.129 161.111 166.36 163.526 148.162 0 0 0 0 0 0 0 0 
0 0 0 0 0 0 0 0 168.911 167.922 157.059 160.738 173.462 166.237 170.146 160.379 168.091 174.502 185.323 190.891 302.296 413.819 466.903 519.89 551.105 542.912 609.956 539.962 577.919 551.713 555.499 542.69 484.727 393.929 284.12 198.953 170.694 157.94 174.412 174.395 183.183 178.708 175.697 174.976 169.438 169.335 159.05 164.174 159.645 155.502 157.286 159.738 156.978 156.702 153.795 159.879 152.542 0 0 0 0 0 0 0 0 
0 0 0 0 0 0 0 0 0 165.905 170.578 175.556 180.221 169.919 170.044 171.36 178.449 170.411 187.283 212.903 191.168 186.888 264.053 314.208 344.798 408.078 471.841 447.367 462.138 408.731 365.954 288.084 199.014 169.245 142.104 160.434 161.785 149.082 139.373 143.09 138.544 143.205 136.98 149.078 149.782 152.411 146.533 146.865 150.635 151.629 149.151 151.704 145.83 142.388 144.123 137.725 0 0 0 0 0 0 0 0 0 
0 0 0 0 0 0 0 0 0 0 170.505 173.404 175.035 171.592 175.567 183.297 183.322 181.064 185.561 198.677 199.658 214.249 191.293 188.73 267.949 314.178 266.358 193.158 183.759 173.695 144.405 131.37 137.18 137.034 120.965 123.875 123.937 127.764 126.344 125.546 126.888 139.567 132.943 131.638 138.578 130.901 131.259 131.371 134.034 136.269 135.371 136.391 143.517 136.866 133.61 0 0 0 0 0 0 0 0 0 0 
0 0 0 0 0 0 0 0 0 0 0 169.298 165.337 171.912 170.291 172.711 163.26 166.158 170.258 168.794 176.11 173.724 165.86 175.519 180.792 231.59 221.96 182.278 152.789 150.941 140.523 136.22 147.68 150.35 148.373 158.361 152.341 156.748 152.343 148.446 153.085 145.946 139.652 136.444 150.548 142.675 142.12 140.888 142.512 143.127 142.641 138.042 142.535 139.43 0 0 0 0 0 0 0 0 0 0 0 
0 0 0 0 0 0 0 0 0 0 0 0 0 166.753 168.424 167.509 164.451 167.095 169.62 170.206 172.297 159.928 165.772 180.743 175.741 241.099 215.591 152.613 144.862 172.552 172.054 162.961 154.058 145.404 139.502 150.589 143.176 150.149 152.903 152.149 168.825 156.93 148.692 150.766 149.556 157.752 151.659 150.91 145.836 147.897 149.631 145.646 0 0 0 0 0 0 0 0 0 0 0 0 0 
0 0 0 0 0 0 0 0 0 0 0 0 0 0 164.125 168.822 160.485 159.509 167.866 163.685 163.372 167.822 168.505 163.541 169.585 252.973 227.068 158.009 145.632 158.958 163.117 163.535 166.895 156.495 149.759 159.733 157.371 147.326 152.382 146.67 156.145 151.14 147.39 160.453 147.744 158.508 157.553 153.085 154.6 151.807 149.875 0 0 0 0 0 0 0 0 0 0 0 0 0 0 
0 0 0 0 0 0 0 0 0 0 0 0 0 0 0 163.817 168.339 170.29 160.88 157.054 162.733 170.385 167.297 160.289 168.833 245.473 231.027 153.509 157.878 155.181 150.308 150.259 167.89 157.872 169.753 153.19 158.699 152.76 158.444 149.119 154.302 154.158 151.742 153.94 155.034 149.077 153.381 146.383 153.858 150.406 0 0 0 0 0 0 0 0 0 0 0 0 0 0 0 
0 0 0 0 0 0 0 0 0 0 0 0 0 0 0 0 0 163.19 155.911 161.557 165.973 164.006 160.098 169.248 166.608 239.995 238.848 150.553 157.133 159.526 155.395 157.908 156.875 151.919 164.806 165.111 163.016 162.098 150.522 154.471 153.603 155.787 153.627 157.559 162.967 152.921 158.704 149.008 0 0 0 0 0 0 0 0 0 0 0 0 0 0 0 0 0 
0 0 0 0 0 0 0 0 0 0 0 0 0 0 0 0 0 0 0 156.725 164.288 161.32 163.125 168.481 160.504 247.786 242.515 142.339 163.31 157.407 158.629 160.69 153.035 156.731 157.569 156.14 160.067 164.027 152.255 163.776 153.58 158.15 158.08 153.105 160.511 153.199 0 0 0 0 0 0 0 0 0 0 0 0 0 0 0 0 0 0 0 
0 0 0 0 0 0 0 0 0 0 0 0 0 0 0 0 0 0 0 0 0 160.044 165.645 161.807 162.097 253.293 236.11 143.212 163.2 157.452 166.533 159.451 154.576 164.33 156.321 158.476 156 165.083 151.137 166.677 162.635 155.23 158.12 149.918 0 0 0 0 0 0 0 0 0 0 0 0 0 0 0 0 0 0 0 0 0 
0 0 0 0 0 0 0 0 0 0 0 0 0 0 0 0 0 0 0 0 0 0 0 0 0 250.823 246.749 137.909 159.236 164.683 161.522 156.327 155.46 162.132 155.904 164.161 160.98 157.805 148.248 160.725 0 0 0 0 0 0 0 0 0 0 0 0 0 0 0 0 0 0 0 0 0 0 0 0 0 
0 0 0 0 0 0 0 0 0 0 0 0 0 0 0 0 0 0 0 0 0 0 0 0 0 0 0 0 0 0 0 0 0 0 0 0 0 0 0 0 0 0 0 0 0 0 0 0 0 0 0 0 0 0 0 0 0 0 0 0 0 0 0 0 0 
