0 0 0 0 0 0 0 0 0 0 0 0 0 0 0 0 0 0 0 0 0 0 0 0 0 0 0 0 0 0 0 0 0 0 0 0 0 0 0 0 0 0 0 0 0 0 0 0 0 0 0 0 0 0 0 0 0 0 0 0 0 0 0 0 0 
0 0 0 0 0 0 0 0 0 0 0 0 0 0 0 0 0 0 0 0 0 0 0 0 0 182.157 191.211 191.556 186.786 190.047 188.439 185.463 193.318 185.789 185.316 183.658 181.712 183.589 184.592 186.112 0 0 0 0 0 0 0 0 0 0 0 0 0 0 0 0 0 0 0 0 0 0 0 0 0 
0 0 0 0 0 0 0 0 0 0 0 0 0 0 0 0 0 0 0 0 0 182.766 191.56 193.509 188.454 194.492 194.993 188.129 189.387 189.767 191.245 195.378 191.681 190.189 185.355 183.227 190.265 189.436 191.596 183.998 181.709 178.076 183.814 177.052 0 0 0 0 0 0 0 0 0 0 0 0 0 0 0 0 0 0 0 0 0 
0 0 0 0 0 0 0 0 0 0 0 0 0 0 0 0 0 0 0 188.874 193.258 191.701 191.982 189.629 189.375 201.545 194.749 190.841 192.565 196.489 197.476 198.822 189.353 190.29 185.047 191.078 195.57 194.034 190.825 185.546 184.601 184.498 186.405 184.007 188.374 180.497 0 0 0 0 0 0 0 0 0 0 0 0 0 0 0 0 0 0 0 
0 0 0 0 0 0 0 0 0 0 0 0 0 0 0 0 0 185.427 197.7 194.492 191.079 191.681 195.531 195.635 201.684 198.799 195.297 188.032 195.757 202.797 201.296 195.624 190.652 189.076 193.994 197.845 197.886 194.622 190.071 184.758 187.662 191.601 191.461 192.717 183.863 181.462 182.348 168.28 0 0 0 0 0 0 0 0 0 0 0 0 0 0 0 0 0 
0 0 0 0 0 0 0 0 0 0 0 0 0 0 0 187.457 195.642 188.989 196.285 202.139 193.045 196.916 190.362 196.82 211.795 200.798 198.328 188.565 202.149 202.219 198.089 193.452 192.678 197.294 199.715 197.11 201.372 196.412 194.199 190.749 191.208 195.896 196.284 188.805 187.915 188.542 177.355 178.296 183.753 177.471 0 0 0 0 0 0 0 0 0 0 0 0 0 0 0 
0 0 0 0 0 0 0 0 0 0 0 0 0 0 194.157 197.534 192.06 194.444 205.082 196.293 193.676 202.638 197.445 199.937 209.053 198.374 199.892 199.05 205.633 205.005 196.497 202.027 199.934 203.182 199.804 195.461 198.714 197.618 199.861 200.573 194.553 201.379 187.358 191.491 194.013 184.239 183.817 190.856 186.334 184.079 178.837 0 0 0 0 0 0 0 0 0 0 0 0 0 0 
0 0 0 0 0 0 0 0 0 0 0 0 0 201.081 196.337 196.44 200.64 196.285 207.492 197.98 196.938 201.084 205.746 204.551 200.144 200.884 204.297 206.969 204.714 200.619 198.306 205.535 201.231 199.045 202.417 195.401 203.904 199.837 201.608 198.902 196.587 198.671 193.261 198.885 193.313 188.026 191.755 196.228 183.004 188.076 181.579 175.362 0 0 0 0 0 0 0 0 0 0 0 0 0 
0 0 0 0 0 0 0 0 0 0 0 185.043 199.704 199.629 198.803 201.483 197.519 201.892 212.548 199.712 198.699 202.768 210.347 207.66 196.863 204.912 211.771 203.797 202.661 195.047 209.705 202.914 203.489 202.692 202.255 200.024 206.816 200.751 203.59 196.408 190.171 200.425 205.461 198.588 194.117 192.728 193.411 190.035 184.763 191.176 179.23 178.02 174.64 176.034 0 0 0 0 0 0 0 0 0 0 0 
0 0 0 0 0 0 0 0 0 0 190.469 196.703 190.758 205.122 201.423 200.955 197.896 205.931 212.453 200.471 198.248 208.61 208.919 203.25 196.687 210.904 204.988 200.537 201.562 208.468 206.419 198.77 205.146 202.741 213.51 209.434 199.355 198.888 202.122 195.303 207.861 209.955 197.394 201.47 196.456 188.772 196.116 188.391 190.31 186.367 185.564 185.754 181.955 182.664 176.529 0 0 0 0 0 0 0 0 0 0 
0 0 0 0 0 0 0 0 0 193.2 199.386 201.861 194.676 205.393 201.93 203.085 198.932 211.576 214.205 197.852 205.54 212.824 202.601 201.882 213.353 212.633 199.096 210.151 204.365 212.233 198.624 200.741 211.595 204.07 214.868 201.304 196.379 207.059 204.299 208.316 209.795 197.947 196.476 207.689 184.913 194.521 199.615 191.917 192.27 194.662 191.454 182.982 186.398 181.408 178.89 175.21 0 0 0 0 0 0 0 0 0 
0 0 0 0 0 0 0 0 190.042 204.104 202.767 200.446 199.356 206.074 201.419 204.318 200.66 214.529 205.002 198.8 213.627 209.639 200.858 210.564 216.903 200.461 205.356 223.99 211.115 194.138 199.156 218.426 213.948 199.525 203.973 198.471 207.8 211.45 213.332 202.169 195.364 199.128 197.657 205.298 191.469 204.362 200.165 194.401 197.516 197.083 187.383 188.573 187.049 181.85 181.208 175.674 169.813 0 0 0 0 0 0 0 0 
0 0 0 0 0 0 0 0 199.397 197.42 209.765 205.581 203.556 206.257 204.981 204.794 212.753 216.374 199.705 206.514 212.668 200.098 211.628 216.61 208.473 203.914 228.56 207.756 202.689 209.089 215.334 207.634 198.256 199.248 212.991 212.504 204.151 207.056 201.783 191.896 199.715 204.111 201.076 213.798 194.012 200.951 196.719 198.553 196.364 195.471 188.254 190.156 183.733 181.98 181.352 175.698 171.223 0 0 0 0 0 0 0 0 
0 0 0 0 0 0 0 205.376 198.778 198.2 203.828 206.421 210.119 205.502 206.229 203.498 218.923 215.38 200.171 221.028 201.85 201.59 224.671 200.04 211.985 221.388 202.076 203.125 227.764 212.339 193.927 195.651 220.018 215.062 204.159 199.122 191.261 205.731 204.437 199.636 215.235 204.522 205.286 202.847 188.654 201.525 196.353 191.641 197.818 190.682 186.062 187.107 183.445 187.689 188.957 178.748 174.719 174.769 0 0 0 0 0 0 0 
0 0 0 0 0 0 198.481 205.265 201.466 200.914 204.244 208.415 209.23 207.601 206.049 210.922 215.237 211.476 218.253 221.81 196.572 240.308 198.772 210.702 221.179 195.001 215.818 228.937 205.875 194.109 218.582 222.473 202.781 182.483 192.366 212.35 215.507 216.03 200.833 199.63 203.421 195.747 200.025 192.766 195.063 195.88 192.681 198.241 202.658 192.438 194.465 192.4 192.678 191.583 185.579 178.289 179.821 179.781 165.882 0 0 0 0 0 0 
0 0 0 0 0 194.541 203.218 209.303 211.262 204.839 204.12 213.486 215.277 205.481 202.562 220.671 210.04 210.351 231.203 201.837 233.32 218.922 218.523 229.879 200.256 225.029 209.094 204.125 215.524 211.757 201.917 201.213 199.018 211.355 211.446 210.115 187.616 187.875 184.745 193.326 203.722 196.512 203.25 195.127 205.756 202.064 198.646 199.158 197.449 187.964 191.578 188.715 191.616 190.938 181.3 178.122 179.786 169.235 175.111 176.484 0 0 0 0 0 
0 0 0 0 0 202.647 203.198 208.226 212.346 212.856 208.989 214.812 222.455 208.667 206.867 231.058 206.752 240.875 214.263 233.511 226.641 227.297 229.469 225.244 226.618 209.625 229.975 217.884 181.352 200.908 218.515 197.698 180.832 180.254 179.819 185.218 185.632 209.166 203.426 202.353 199.409 190.279 194.738 192.139 194.881 186.222 189.062 184.992 189.751 191.329 185.515 179.221 182.393 174.96 172.334 178.32 173.934 175.242 179.689 158.909 0 0 0 0 0 
0 0 0 0 206.48 205.357 204.835 213.333 213.666 211.526 209.362 227.026 236.057 205.291 233.154 227.652 223.901 245.686 240.258 256.956 261.465 270.293 278.206 275.444 268.747 291.135 304.138 281.374 276.402 264.694 206.822 185.755 190.046 193.566 169.555 173.651 179.232 190.09 168.309 160.006 167.565 171.824 176.015 181.378 180.627 167.792 179.438 172.787 184.05 174.605 167.173 178.398 181.565 175.558 179.385 175.038 164.9 173.414 164.766 155.598 154.76 0 0 0 0 
0 0 0 0 199.066 207.943 206.968 214.842 216.26 214.145 205.408 215.421 229.63 198.297 234.061 206.251 240.478 219.362 234.98 233.391 242.013 265.689 333.348 371.55 411.736 475.217 486.762 510.918 539.702 514.991 483.759 452.437 374.669 278.421 222.323 213.233 194.621 188.296 178.74 192.291 200.778 201.673 202.059 212.435 203.839 201.341 198.436 200.122 204.104 199.212 201.674 201.779 195.597 190.266 188.401 179.572 189.686 193.116 177.83 173.974 175.376 0 0 0 0 
0 0 0 201.46 199.103 201.221 200.518 206.88 213.193 209.939 204.89 221.226 214.656 205.186 206.481 219.587 222.709 221.338 229.88 301.985 381.117 478.922 558.9 586.289 617.335 620.236 605.37 621.53 627.329 608.78 615.063 619.452 599.423 556.487 481.701 366.444 249.175 233.64 249.666 252.691 229.24 215.163 206.284 214.256 209.925 204.008 203.591 227.901 219.563 203.816 208.121 204.234 206.878 206.853 198.95 206.535 211.183 195.034 190.137 194.928 188.559 182.716 0 0 0 
0 0 0 207.657 204.154 202.883 200.481 204.467 211.018 206.919 200.111 223.82 204.198 229.373 189.912 225.724 228.841 290.393 428.147 556.516 588.801 632.642 617.486 619.782 637.204 642.553 631.391 644.283 638.616 630.921 653.584 627.134 613.894 621.408 605.523 580.05 485.064 330.612 230.434 209.477 210.889 219.949 239.199 240.71 236.307 222.203 226.615 226.478 216.078 204.937 211.289 215.005 215.999 207.43 208.633 212.275 200.886 192.47 198.927 194.471 189.952 190.778 0 0 0 
0 0 199.451 205.707 202.558 204.743 203.945 209.527 217.741 209.168 201.869 227.67 210.327 229.691 216.432 244.13 385.923 520.351 610.474 622.713 613.741 640.652 643.328 635.892 656.452 638.435 662.135 656.806 641.191 676.566 645.177 651.569 665.834 644.393 610.441 621.984 602.04 523.752 386.766 281.642 241.082 206.198 221.374 237.053 229.983 217.291 226.696 228.293 220.618 217.425 221.61 225.972 216.18 205.481 216.238 211.888 208.059 208.579 199.006 196.868 197.057 193.987 182.379 0 0 
0 0 199.857 201.697 206.5 206.974 206.604 209.518 212.976 207.109 207.294 215.098 231.13 208.125 269.123 431.397 599.979 621.485 648.68 632.125 635.239 654.579 645.484 642.112 656.948 641.197 667.691 638.365 669.998 668.711 661.356 671.115 647.656 649.825 660.743 663.306 629.125 608.358 600.368 430.147 260.852 248.136 242.194 214.933 209.359 209.565 218.552 226.377 211.742 217.877 224.098 226.553 213.128 220.304 214.266 212.125 208.681 204.097 202.95 201.867 199.753 189.416 179.906 0 0 
0 0 211.438 205.216 205.473 209.28 200.758 202.686 215.272 199.671 216.655 203.595 232.865 265.346 454.609 586.947 625.308 618.88 655.431 640.738 645.523 664.904 635.903 661.996 638.387 650.866 609.519 621.187 592.814 601.146 640.263 631.199 678.267 667.78 628.521 650.241 656.503 632.148 632.064 601.768 433.595 215.912 242.64 250.477 249.621 234.45 231.019 230.955 221.45 223.462 226.495 219.007 213.561 216.997 216.925 221.175 211.391 206.925 208.654 209.581 199.202 194.7 194.661 0 0 
0 0 204.271 204.484 210.118 211.901 212.468 211.73 226.304 199.058 237.285 196.727 280.914 461.248 600.88 625.647 640.51 648.6 658.307 646.933 659.151 675.904 623.234 643.278 609.827 632.099 605.399 604.33 610.049 617.949 614.004 618.794 612.769 639.854 651.466 681.905 659.934 626.006 636.408 611.163 575.789 459.969 200.527 222.284 253.135 224.183 223.133 218.18 208.115 211.312 218.005 207.24 218.402 213.163 218.454 206.06 206.931 210.696 210.43 201.47 197.874 198.802 193.278 0 0 
0 200.12 205.807 204.587 210.565 204.939 209.345 202.133 224.275 193.844 237.019 231.111 426.085 607.554 618.727 652.318 638.841 652.965 655.755 634.901 619.451 611.894 595.596 620.876 645.796 623.887 630.407 629.299 647.288 665.931 656.199 651.396 634.53 612.111 611.72 659.387 674.779 654.28 689.736 656.732 608.716 592.911 378.223 179.742 260.648 213.64 220.798 241.66 233.757 233.623 222.472 213.834 215.213 224.202 214.883 211.77 215.028 209.744 206.907 204.086 202.893 200.396 194.135 190.305 0 
0 207.693 205.288 208.763 207.449 208.929 209.133 208.973 228.877 193.411 227.559 338.175 565.215 633.52 616.602 657.649 626.644 651.003 650.63 598.729 602.618 610.323 638.919 617.976 628.794 628.239 627.046 640.481 645.448 649.636 650.689 641.277 654.598 666.296 629.451 649.371 663.863 654.844 667.166 632.496 633.408 612.491 552.964 277.203 262.494 218.084 231.787 251.306 226.67 229.257 233.771 234.291 233.579 228.14 219.672 218.663 217.486 217.209 217.173 212.3 206.02 204.613 203.428 204.532 0 
0 210.659 202.547 205.23 204.952 207.518 204.963 198.606 233.622 194.038 267.965 499.907 605.409 641.516 619.437 654.534 620.511 627.645 593.189 574.79 618.348 597.414 603.335 589.02 574.411 567.054 577.456 581.042 617.558 648.091 653.392 692.768 692.247 685.426 649.133 659.187 646.395 659.506 697.304 690.673 678.192 639.952 604.609 458.792 257.496 224.213 253.898 256.106 224.864 244.427 246.373 235.471 235.772 230.093 220.449 226.164 222.638 223.693 213.361 209.547 207.387 212.672 210.338 195.314 0 
0 204.06 207.54 212.266 209.218 211.881 214.352 203.956 244.985 212.216 384.122 592.914 618.177 663.937 631.457 669.036 631.642 609.217 626.573 615.221 644.154 607.764 620.254 594 522.268 438.402 371.336 344.139 380.294 389.133 462.859 581.708 655.782 682.662 636.672 662.328 645.947 656.134 634.532 680.473 665.295 648.901 626.972 559.673 285.06 231.855 241.109 211.253 208.194 244.495 216.446 217.112 219.222 214.167 220.356 226.97 222.191 213.265 205.683 208.648 211.82 203.644 189.795 190.255 0 
0 211.662 210.791 215.95 217.352 215.525 217.606 199.793 236.293 260.624 509.734 625.313 631.746 669.018 635.424 664.439 615.67 602.557 656.25 630.36 659.814 647.189 572.391 402.998 278.433 222.448 195.992 255.922 299.046 235.604 205.923 268.766 444.386 649.478 640.448 629.416 605.385 613.609 577.594 660.816 614.328 651.242 625.061 598.38 391.932 248.53 234.611 200.931 238.15 225.253 200.759 213.262 210.361 208.131 212.751 213.791 207.425 204.166 208.461 207.584 197.228 192.366 192.872 187.584 0 
0 216.235 207.195 207.875 210.582 210.864 214.191 203.05 241.119 337.329 579.712 622.369 638.745 672.107 656.237 654.307 605.049 626.715 669.838 635.136 652.36 539.37 315.37 205.84 196.884 202.877 216.145 237.106 241.132 196.395 193.435 207.629 237.122 433.668 679.048 580.097 627.739 647.839 580.034 641.789 618.684 650.684 597.887 594.059 492.889 263.123 213.964 204.011 234.211 193.802 205.123 222.577 214.155 214.172 211.521 197.347 199.241 198.683 199.06 198.411 198.523 193.395 187.248 182.317 0 
0 204.833 203.227 215.658 212.23 208.875 223.491 206.796 253.303 423.275 621.589 634.873 653.809 671.354 663.498 613.583 612.679 636.477 649.847 640.224 575.873 306.356 202.168 204.597 206.079 219.264 217.697 196.337 201.14 184.287 190.622 200.647 229.207 212.526 539.899 664.074 582.528 608.206 607.421 611.963 667.046 643.206 634.982 604.864 547.243 307.207 242.228 216.009 219.156 176.475 216.63 209.99 201.243 210.581 204.719 195.936 201.787 204.134 207.546 198.226 194.184 189.714 187.528 186.458 0 
0 212.211 211.754 215.527 215.677 219.201 220.091 203.449 271.773 500.322 622.742 632.68 650.822 663.565 653.782 606.84 636.733 654.675 642.261 633.548 392.617 207.8 213.85 208.498 212.687 217.948 203.483 207.405 203.852 191.788 205.701 172.701 190.932 219.193 284.71 609.431 634.616 608.936 612.603 589.574 636.476 626.546 658.627 601.674 575.615 371.66 234.148 190.759 208.644 214.202 228.839 197.501 202.191 203.716 197.245 200.293 205.336 199.284 199.059 190.744 191.009 188.722 191.35 188 0 
0 218.664 208.487 213.292 214.929 216.929 217.511 198.113 293.399 541.964 630.422 649.025 650.789 656.328 643.892 580.939 641.993 660.4 626.302 567.935 261.721 208.922 210.144 205.728 204.937 209.716 196.243 209.646 199.181 196.748 202.303 187.971 156.366 190.021 218.099 470.948 623.97 624.351 612.059 615.536 625.625 644.959 614.74 617.674 597.138 439.879 226.024 210.681 209.898 232.931 205.733 195.743 207.448 203.731 208.27 206.157 203.859 197.162 194.731 192.598 194.74 192.941 187.76 177.513 0 
0 204.131 202.961 208.911 209.081 213.636 219.922 221.148 329.572 578.892 624.352 635.228 646.655 658.363 634.824 577.094 644.261 660.509 624 481.439 211.999 214.814 203.356 206.246 200.365 205.327 194.98 208.579 196.067 193.966 183.554 180.643 178.902 198.893 211.731 377.495 602.25 626.378 635.022 594.271 649.645 634.132 635.244 626.356 579.778 461.583 237.865 243.942 207.336 214.184 182.622 215.26 217.321 204.612 206.135 205.973 195.735 193.322 198.336 199.253 195.828 188.963 186.071 183.233 0 
0 206.779 204.183 209.654 213.419 224.951 218.479 220.427 328.814 587.269 622.404 646.768 654.404 652.713 616.439 583.146 641.059 647.82 635.948 414.18 204.539 214.253 203.282 207.841 202.929 201.471 201.074 208.178 204.026 201.836 191.338 186.591 189.063 198.464 199.895 323.276 588.113 611.818 626.126 610.143 621.5 652.011 648.623 601.712 619.143 492.046 251.884 215.97 211.635 203.006 222.352 225.344 195.703 206.087 207.715 197.359 196.666 199.594 199.666 196.211 192.27 186.656 188.671 185.793 0 
0 214.57 211.85 210.661 210.848 206.444 212.77 232.487 329.674 595.191 634.837 658.492 659.189 647.952 608.943 596.282 644.712 633.811 674.542 383.893 208.024 208.927 204.527 213.022 205.49 200.223 200.754 208.648 196.18 195.6 199.089 195.219 191.012 192.994 196.784 307.568 577.9 614.669 622.218 602.653 635.99 642.711 631.297 642.714 610.807 506.073 251.871 203.335 226.78 202.183 224.979 197.844 205.109 213.104 197.299 196.459 204.476 209.341 206.097 197.789 191.673 188.46 187.186 183.458 0 
0 209.534 202.941 211.184 204.107 204.179 217.669 235.73 315.782 599.131 619.082 645.97 659.53 660.549 603.145 582.937 642.28 630.487 668.076 415.289 213.113 207.023 206.407 206.157 201.912 202.907 197.538 204.293 204.574 192.501 201.022 197.944 199.887 195.136 199.82 329.353 590.684 612.097 624.105 600.854 620.399 650.308 658.451 611.827 601.677 504.13 251.027 249.387 211.734 222.904 190.331 192.048 216.902 209.138 205.858 203.249 208.043 204.107 200.575 199.89 196.35 192.814 189.95 188.015 0 
0 212.042 206.329 210.369 215.072 221.726 209.829 225.556 312.32 570.843 623.101 643.672 651.27 671.694 618.598 580.107 640.108 630.952 646.777 507.408 216.044 213.074 207.656 201.907 204.995 201.098 200.33 204.381 204.504 201.232 206.999 199.993 200.905 209.537 198.071 379.919 615.808 609.571 637.065 582.768 632.679 650.102 609.583 632.366 616.338 482.801 247.862 222.658 202.866 204.642 200.947 224.457 205.218 202.748 206.486 212.72 203.924 194.155 190.496 196.883 196.764 199.167 194.092 188.064 0 
0 206.65 215.601 211.554 216.2 215.557 208.984 218.436 310.311 538.445 624.977 633.501 656.389 659.305 635.125 553.959 636.484 646.172 624.744 599.505 282.401 204.477 212.767 202.309 206.601 198.29 199.568 202.397 193.968 198.967 203.259 200.28 197.141 212.167 224.567 478.136 633.057 616.215 619.291 602.936 619.609 640.514 653.981 622.741 590.949 453.693 224.08 205.341 226.179 203.96 228.092 207.722 204.415 214.173 208.537 197.599 194.523 201.131 204.505 201.538 196.81 189.815 185.181 183.509 0 
0 0 211.572 216.135 217.8 211.263 216.984 204.253 287.907 499.028 620.43 648.346 647.489 651.185 661.457 546.334 610.645 650.855 648.655 632.48 453.337 197.625 216.016 207.527 206.733 200.364 207.317 204.371 199.926 198.588 199.515 202.526 204.271 203.054 310.716 568.175 626.287 633.79 595.788 604.484 654.545 638.285 623.359 603.272 596.309 402.598 221.298 230.035 205.051 232.203 202.509 200.529 218.155 210.159 199.325 196.917 197.944 198.926 197.985 194.191 192.2 188.016 188.784 0 0 
0 0 208.835 204.171 208.69 216.832 226.057 219.282 227.707 446.351 607.13 639.676 651.288 665.935 669.712 602.372 589.934 640.068 644.783 648.175 603.096 350.359 201.649 210.033 210.115 205.861 207.012 202.941 208.006 199.671 201.378 209.243 204.305 244.14 484.03 611.765 622.977 625.753 591.798 600.849 635.29 636.07 640.908 613.23 569.929 351.162 217.961 203.764 214.462 194.784 197.514 211.681 202.663 197.617 202.545 205.089 207.708 207.436 204.554 195.473 194.613 189.255 185.192 0 0 
0 0 210.696 210.625 211.958 211.388 209.505 211.806 213.452 388.392 569.932 617.791 635.028 651.92 651.253 651.401 587.766 630.372 652.796 644.523 643.849 578.917 362.633 213.186 202.849 205.22 208.874 205.67 208.061 204.997 212.432 208.222 237.05 423.125 614.979 613.664 618.264 598.347 575.731 646.409 653.634 642.119 603.31 593.773 520.095 274.919 204.898 211.685 198.477 208.902 230.217 217.218 206.113 207.979 211.27 209.664 202.432 196.725 195.099 190.801 188.772 187.382 190.01 0 0 
0 0 207.527 214.469 210.579 216.885 209.347 217.006 218.698 268.091 536.446 620.305 650.523 647.649 651.061 658.674 632.175 594.064 638.382 642.481 646.554 635.355 616.302 473.011 304.014 255.479 219.054 211.889 208.265 209.275 206.834 269.302 445.154 607.183 619.517 623.557 626.229 563.235 584.512 632.972 621.429 638.036 623.438 606.382 441.112 236.912 245.98 223.058 228.818 225.529 199.816 205.372 211.68 216.731 205.945 199.113 201.743 202.752 200.481 204.363 205.253 200.603 193.629 0 0 
0 0 0 213.502 201.625 204.994 199.896 217.455 210.383 199.148 420.929 581.332 627.407 640.01 656.845 646.591 640.906 604.721 592.011 614.162 625.815 619.565 589.632 610.586 566.412 459.92 406.767 367.253 326.485 346.798 446.975 588.2 659.356 651.917 648.569 653.718 618.574 603.21 658.233 667.248 655.439 648.245 628.658 577.671 349.781 234.169 222.385 233.108 225.711 204.927 223.036 224.153 222.089 217.455 215.322 220.663 221.773 221.66 217.102 215.352 204.264 203.055 0 0 0 
0 0 0 206.535 207.611 214.169 215.452 209.433 199.761 199.449 251.911 520.298 596.376 609.918 638.555 646.472 637.11 640.975 586.339 574.328 590.002 613.198 581.359 572.641 581.378 595.118 562.639 563.972 629.457 673.08 687.062 674.843 670.26 680.333 698.348 635.063 614.121 673.497 676.454 674.91 667.952 656.169 639.039 488.557 265.299 235.746 248.729 228.914 235.217 257.049 241.277 226.077 225.258 224.028 222.471 223.014 224.227 216.363 213.108 208.815 207.489 207.843 0 0 0 
0 0 0 0 215.452 209.706 211.487 206.25 206.793 219.941 207.587 372.895 590.175 601.333 628.333 641.916 629.999 644.166 656.394 620.906 595.806 616.972 621.207 631.169 631.549 625.914 652.287 661.211 638.685 643.072 659.841 678.432 682.287 649.317 610.623 565.366 632.799 660.808 653.027 668.03 648.17 630.792 577.916 353.986 245.921 253.505 230.819 247.047 252.197 228.729 224.594 225.867 228.558 233.261 231.527 223.226 216.383 213.8 214.793 210.093 209.808 0 0 0 0 
0 0 0 0 207.021 205.536 200.435 208.651 207.158 217.27 218.225 212.466 465.334 596.899 620.656 652.006 640.056 643.034 647.514 651.197 623.876 605.908 601.194 587.971 614.019 624.745 628.695 637.882 652.934 646.419 634.434 634.178 628.708 607.346 631.857 656.695 679.987 664.641 656.074 648.833 628.822 606.085 442.436 257.721 234.248 236.807 244.321 216.979 213.823 228.112 234.532 231.272 220.516 213.649 213.114 215.027 213.574 211.413 208.713 205.331 203.078 0 0 0 0 
0 0 0 0 0 213.837 199.547 220.39 218.621 218.159 224.458 216.319 249.6 502.006 596.384 623.403 627.324 646.125 660.669 656.198 656.83 650.444 654.32 626.154 624.133 619.578 622.879 612.876 605.542 616.26 624.391 589.305 595.112 621.867 668.71 664.673 666.68 662.164 646.069 630.163 601.292 474.244 269.843 214.713 229.748 219.582 208.235 221.119 232.278 224.218 216.558 213.017 208.424 212.253 211.316 209.134 210.615 209.751 205.917 208.038 0 0 0 0 0 
0 0 0 0 0 200.99 204.065 207.284 204.24 201.518 204.612 217.213 205.664 259.874 512.426 598.178 610.302 625.195 636.891 639.56 636.601 642.212 652.34 646.514 648.528 656.764 631.775 604.127 611.415 625.927 631.258 645.098 654.344 649.727 651.22 641.563 644.656 642.41 622.58 623.477 528.015 323.233 246.18 238.919 221.365 239.469 241.641 223.809 213.838 218.881 219.486 225.334 226.068 222.334 221.621 222.604 218.593 212.538 210.075 205.895 0 0 0 0 0 
0 0 0 0 0 0 214.182 209.503 208.385 203.317 208.795 215.244 218.698 203.246 294.037 493.588 575.223 609.174 633.851 643.257 639.142 643.108 650.751 644.32 633.233 642.775 654.063 665.368 662.357 667.895 655.482 669.293 668.441 672.273 667.936 649.634 634.68 630.176 606.447 523.022 323.995 230.74 235.153 241.437 234.891 217.038 217.715 215.222 218.841 222.954 224.187 214.107 217.167 215.743 209.253 206.034 205.949 203.744 203.581 0 0 0 0 0 0 
0 0 0 0 0 0 0 220.315 210.134 209.538 221.075 221.36 208.473 210.567 193.955 256.252 432.869 531.785 615.51 616.67 622.291 638.634 642.502 652.66 644.842 640.329 649.725 654.979 653.924 661.883 658.775 659.4 646.233 649.606 643.101 630.738 617.674 605.579 493.141 329.835 244.216 240.843 229.786 220.457 213.777 230.622 236.56 232.48 226.649 217.406 220.994 217.322 212.52 209.457 209.374 205.213 201.104 201.373 0 0 0 0 0 0 0 
0 0 0 0 0 0 0 0 208.276 204.176 207.37 212.205 202.143 204.488 228.729 216.517 233.589 350.05 464.247 568.389 616.336 615.879 627.412 635.363 632.726 643.663 636.219 644.752 651.222 641.015 650.702 654.88 640.277 631.305 621.885 604.526 563.934 440.178 272.431 227.739 219.909 234.785 242.412 244.62 232.243 225.325 215.716 210.828 216.529 210.152 207.579 211.904 210.458 208.217 209.895 211.028 206.304 0 0 0 0 0 0 0 0 
0 0 0 0 0 0 0 0 199.99 202.853 209.7 211.04 211.36 218.32 218.988 211.629 205.354 211.434 278.932 337.239 434.152 545.533 593.071 617.072 628.481 631.531 629.189 624.594 631.391 624.842 620.948 622.728 618.32 616.683 580.097 473.567 340.855 259.71 239.698 235.965 220.157 203.086 208.229 204.731 208.619 214.164 225.238 215.526 219.834 223.214 217.876 217.198 217.367 214.57 207.99 203.568 201.978 0 0 0 0 0 0 0 0 
0 0 0 0 0 0 0 0 0 207.963 222.094 218.631 213.073 211.706 210.421 213.839 221.814 222.271 216.574 244.252 259.053 265.301 356.823 434.571 491.281 511.361 545.992 571.556 577.503 571.055 577.145 544.353 505.411 419.99 318.031 239.597 210.973 201.914 205.591 204.501 218.045 217.573 218.93 218.398 216.114 214.716 215.858 209.425 207.538 208.96 205.102 197.287 201.285 200.217 196.894 194.002 0 0 0 0 0 0 0 0 0 
0 0 0 0 0 0 0 0 0 0 225.543 225.605 218.197 234.084 238.99 243.594 247.16 244.238 250.596 262.115 281.194 291.402 282.031 281.664 326.076 357.919 377.58 372.511 351.339 355.494 335.745 276.082 226.632 194.976 180.312 178.128 176.573 177.169 174.964 172.786 164.857 157.884 161.115 167.841 162.321 169.576 170.391 168.643 167.487 170.266 173.273 172.334 168.829 173.708 171.309 0 0 0 0 0 0 0 0 0 0 
0 0 0 0 0 0 0 0 0 0 0 223.359 215.408 231.478 221.469 220.36 224.931 221.534 234.408 229.975 233.864 240.799 255.377 262.757 237.706 223.253 227.84 228.575 210.264 208.114 169.088 152.211 149.551 159.48 165.632 176.676 179.056 183.069 189.479 189.204 192.036 195.248 193.42 189.562 182.693 182.497 187.676 184.951 183.823 179.594 180.937 180.722 175.829 173.022 0 0 0 0 0 0 0 0 0 0 0 
0 0 0 0 0 0 0 0 0 0 0 0 0 221.767 210.487 211.607 225.162 225.189 222.282 215.18 220.01 228.73 225.026 219.187 224.316 235.237 211.999 195.054 203.815 205.348 207.694 211.84 207.143 204.062 191.266 189.179 191.41 182.283 189.587 187.042 178.833 185.292 198.088 197.626 197.282 186.362 190.677 187.728 196.301 192.707 190.569 187.586 0 0 0 0 0 0 0 0 0 0 0 0 0 
0 0 0 0 0 0 0 0 0 0 0 0 0 0 211.377 213.101 219.491 208.859 206.143 212.634 218.949 213.441 216.918 214.158 221.793 218.593 210.867 210.383 209.768 199.075 197.039 198.602 204.746 207.229 202.828 205.357 199.827 196.899 204.844 193.912 190.83 195.915 191.319 193.22 199.726 197.083 199.881 187.327 180.126 186.774 192.361 0 0 0 0 0 0 0 0 0 0 0 0 0 0 
0 0 0 0 0 0 0 0 0 0 0 0 0 0 0 210.75 214.147 210.661 212.082 213.903 213.039 211.486 209.735 213.65 227.925 207.266 212.455 212.437 210.48 210.644 210.185 205.448 203.288 198.116 194.042 208.415 201.096 202.781 205.347 199.777 196.504 195.927 195.125 193.548 199.92 197.385 193.079 202.449 196.334 187.66 0 0 0 0 0 0 0 0 0 0 0 0 0 0 0 
0 0 0 0 0 0 0 0 0 0 0 0 0 0 0 0 0 210.641 206.625 208.641 203.406 210.779 213.399 213.089 210.312 209.812 216.363 210.158 210.728 210.293 206.949 207.86 209.149 203.558 201.046 200.664 193.932 204.36 208.36 199.015 200.202 197.956 197.296 195.786 196.081 198.908 196.017 191.945 0 0 0 0 0 0 0 0 0 0 0 0 0 0 0 0 0 
0 0 0 0 0 0 0 0 0 0 0 0 0 0 0 0 0 0 0 209.121 209.241 207.834 211.067 209.887 197.261 219.07 209.834 213.331 211.825 209.47 210.57 208.748 207.729 209.52 212.328 201.892 198.198 198.551 199.747 198.875 195.953 199.974 197.514 197.165 198.566 196.885 0 0 0 0 0 0 0 0 0 0 0 0 0 0 0 0 0 0 0 
0 0 0 0 0 0 0 0 0 0 0 0 0 0 0 0 0 0 0 0 0 204.041 218.547 205.374 202.885 212.954 206.024 209.226 203.231 204.868 205.445 204.14 203.97 204.032 206.873 200.198 197.63 203.354 202.526 195.021 201.516 192.213 195.605 194.858 0 0 0 0 0 0 0 0 0 0 0 0 0 0 0 0 0 0 0 0 0 
0 0 0 0 0 0 0 0 0 0 0 0 0 0 0 0 0 0 0 0 0 0 0 0 0 206.151 210.78 211.545 205.762 208.218 204.585 202.914 209.294 203.864 202.663 202.391 202.118 199.325 197.775 199.513 0 0 0 0 0 0 0 0 0 0 0 0 0 0 0 0 0 0 0 0 0 0 0 0 0 
0 0 0 0 0 0 0 0 0 0 0 0 0 0 0 0 0 0 0 0 0 0 0 0 0 0 0 0 0 0 0 0 0 0 0 0 0 0 0 0 0 0 0 0 0 0 0 0 0 0 0 0 0 0 0 0 0 0 0 0 0 0 0 0 0 
