0 0 0 0 0 0 0 0 0 0 0 0 0 0 0 0 0 0 0 0 0 0 0 0 0 0 0 0 0 0 0 0 0 0 0 0 0 0 0 0 0 0 0 0 0 0 0 0 0 0 0 0 0 0 0 0 0 0 0 0 0 0 0 0 0 
0 0 0 0 0 0 0 0 0 0 0 0 0 0 0 0 0 0 0 0 0 0 0 0 0 255.519 259.899 266.928 262.479 257.165 254.478 258.239 260.778 258.523 260.55 252.08 247.633 246.115 245.198 238.982 0 0 0 0 0 0 0 0 0 0 0 0 0 0 0 0 0 0 0 0 0 0 0 0 0 
0 0 0 0 0 0 0 0 0 0 0 0 0 0 0 0 0 0 0 0 0 258.676 261.658 268.691 269.716 268.224 273.02 266.736 266.732 260.204 262.431 269.487 266.9 265.902 269.148 257.464 255.183 255.158 257.179 249.182 253.559 251.659 244.601 230.61 0 0 0 0 0 0 0 0 0 0 0 0 0 0 0 0 0 0 0 0 0 
0 0 0 0 0 0 0 0 0 0 0 0 0 0 0 0 0 0 0 266.178 275.909 271.553 263.873 271.66 279.054 275.367 279.49 275.347 270.275 267.931 271.185 276.363 268.64 275.739 272.341 263.163 257.828 264.473 268.085 262.392 265.931 256.883 253.585 239.638 242.428 233.119 0 0 0 0 0 0 0 0 0 0 0 0 0 0 0 0 0 0 0 
0 0 0 0 0 0 0 0 0 0 0 0 0 0 0 0 0 270.553 273.943 275.044 277.193 279.301 273.029 280.432 283.899 279.872 281.643 282.254 273.862 278.134 283.248 278.312 275.394 280.745 274.153 270.612 272.431 277.649 268.787 271.689 267.433 264.575 255.062 247.25 251.553 246.008 244.743 227.859 0 0 0 0 0 0 0 0 0 0 0 0 0 0 0 0 0 
0 0 0 0 0 0 0 0 0 0 0 0 0 0 0 270.858 272.679 281.534 278.388 281.958 277.515 282.064 280.215 287.633 285.816 283.949 279.029 284.136 283.516 281.252 283.501 277.894 279.302 277.476 277.289 277.97 282.008 278.957 275.89 276.711 264.595 269.131 258.679 261.534 263.701 259.324 249.836 243.037 242.618 223.955 0 0 0 0 0 0 0 0 0 0 0 0 0 0 0 
0 0 0 0 0 0 0 0 0 0 0 0 0 0 267.959 279.059 279.052 288.401 278.309 290.896 281.117 286.815 286.889 290.223 284.595 283.008 285.242 289.615 288.283 282.711 283.061 281.041 285.269 282.997 289.075 290.146 279.586 281.402 276.787 270.825 272.774 279.147 269.18 274.779 263.905 264.606 249.334 255.927 244.746 239.752 233.357 0 0 0 0 0 0 0 0 0 0 0 0 0 0 
0 0 0 0 0 0 0 0 0 0 0 0 0 290.695 268.573 288.717 277.47 295.231 284.914 293.103 283.048 298.102 289.004 289.298 281.937 291.427 297.59 294.586 284.6 282.004 280.415 290.47 295.677 291.135 290.102 287.018 281.095 287.007 275.749 282.541 282.655 284.247 275.871 278.048 261.664 266.823 255.613 266.772 243.544 256.224 238.443 235.03 0 0 0 0 0 0 0 0 0 0 0 0 0 
0 0 0 0 0 0 0 0 0 0 0 282.379 274.936 288.603 277.34 296.695 283.885 293.215 284.315 295.377 292.557 307.003 285.4 288.312 289.212 308.672 301.35 284.482 283.026 288.239 298.59 300.183 286.745 282.909 287.41 286.325 289.335 291.837 284.765 287.064 284.735 277.52 280.134 273.734 267.023 267.2 265.894 263.791 258.36 263.965 247.251 251.619 233.465 230.737 0 0 0 0 0 0 0 0 0 0 0 
0 0 0 0 0 0 0 0 0 0 275.666 292.215 279.096 291.243 281.053 300.765 291.472 292.665 281.814 298.525 301.108 297.082 278.07 300.865 308.092 298.985 282.914 287.277 308.184 300.584 289.86 281.608 283.046 294.524 306.157 299.718 293.123 283.082 278.323 281.178 286.037 278.012 279.498 276.098 280.197 270.095 278.242 267.096 273.557 266.825 254.421 248.334 241.337 236.218 227.066 0 0 0 0 0 0 0 0 0 0 
0 0 0 0 0 0 0 0 0 274.415 287.65 290.82 284.843 291.948 288.946 300.386 296.597 292.562 291.372 313.167 297.739 286.562 298.132 314.866 292.838 288.185 310.184 306.321 289.744 281.443 293.239 295.002 303.562 298.656 293.487 287.624 275.341 276.216 290.449 287.743 297.12 284.511 292.494 280.541 286.278 271.927 279.971 267.15 273.677 254.826 258.639 251.383 251.184 243.156 234.525 224.452 0 0 0 0 0 0 0 0 0 
0 0 0 0 0 0 0 0 278.398 289.016 290.249 292.849 288.088 290.011 299.115 298.448 294.775 293.244 311.347 304.954 286.789 318.689 299.805 287.815 304.047 318.449 292.436 291.29 300.184 304.711 294.295 278.223 281.588 286.804 300.253 294.041 292.98 298.457 294.075 288.131 287.625 272.681 279.013 273.805 274.369 270.96 270.229 268.16 262.427 260.601 262.55 253.894 250.308 243.559 246.283 237.55 227.579 0 0 0 0 0 0 0 0 
0 0 0 0 0 0 0 0 289.946 292.315 302.266 295.99 296.812 292.221 313.502 298.621 296.899 313.954 309.377 294.026 328.702 303.843 296.523 323.058 298.666 297.236 309.822 316.3 295.676 291.159 265.163 282.316 278.819 276.758 268.749 251.365 260.582 264.226 270.088 273.666 268.431 272.628 274.119 280.643 273.578 284.401 262.905 269.136 264.618 271.084 260.06 258.018 256.372 258.198 248.366 233.099 221.417 0 0 0 0 0 0 0 0 
0 0 0 0 0 0 0 291.356 293.244 300.587 308.709 301.585 302.556 305.594 327.882 283.981 331.752 326.232 316.597 359.594 337.504 353.961 381.067 388.499 399.119 381.922 362.595 363.179 453.108 514.823 432.328 334.732 297.9 307.784 302.768 295.61 298.854 299.838 295.451 291.207 280.974 286.909 280.562 287.613 273.084 270.698 266.427 275.767 273.36 270.622 264 264.511 259.702 253.921 240.798 238.757 234.272 226.153 0 0 0 0 0 0 0 
0 0 0 0 0 0 291.157 284.921 290.637 295.657 300.185 292.357 293.975 309.332 303.64 287.529 316.203 288.658 365.616 429.056 508.162 544.642 587.47 604.724 615.268 601.818 603.969 596.579 681.737 712.052 682.178 546.168 413.431 325.304 315.702 304.79 298.81 301.22 299.518 304.309 299.977 306.4 307.688 300.619 293.686 292.476 302.934 293.99 302.207 290.844 289.548 279.574 274.297 271.593 268.594 262.358 253.91 244.753 245.033 0 0 0 0 0 0 
0 0 0 0 0 283.644 292.799 289.812 294.661 307.007 302.712 293.808 303.297 310.004 294.643 315.672 318.222 433.904 563.994 660.304 684.559 674.139 676.898 691.57 692.446 668.233 676.143 686.842 692.98 699.236 711.756 695.224 615.273 451.571 373.441 313.307 298.323 302.691 304.706 307.479 304.089 299.655 298.508 297.818 298.289 298.587 296.04 290.098 299.48 284.384 276.962 281.278 284.25 277.431 268.638 263.926 256.804 258.303 247.856 234.999 0 0 0 0 0 
0 0 0 0 0 296.562 291.466 298.874 295.395 312.005 297.508 287.093 312.251 290.878 314.166 368.401 522.302 631.977 677.582 678.219 679.54 680.42 687.475 690.618 684.257 675.165 685.976 697.095 683.649 696.845 707.932 680.439 658.559 616.757 607.665 491.426 345.459 310.072 316.633 318.556 300.989 298.292 307.528 309.933 299.248 303.633 301.816 302.239 290.582 297.694 291.769 290.279 287.322 279.323 276.282 269.326 269.336 265.703 249.515 245.54 0 0 0 0 0 
0 0 0 0 284.843 299.947 292.868 300.762 296.123 314.446 291.342 309.083 303.379 319.861 437.159 591.995 660.109 680.123 687.123 689.75 691.942 689.322 700.245 715.453 706.165 700.47 715.665 712.806 696.85 711.246 714.869 687.109 687.185 676.34 691.864 671.51 547.384 401.31 324.321 288.899 293.853 312.791 315.262 323.047 313.417 301.586 291.169 292.7 293.755 301.431 290.547 292.28 291.107 286.131 281.25 278.878 280.487 264.655 258.904 249.57 238.885 0 0 0 0 
0 0 0 0 302.587 304.27 299.51 295.466 305.613 310.192 290.931 320.647 316.603 481.322 621.023 676.313 670.557 688.135 693.337 695.504 704.479 712.657 716.557 725.932 709.902 722.084 734.301 717.918 721.98 726.569 705.106 704.213 716.597 695.018 685.57 688.196 677.029 596.366 442.603 322.511 313.273 308.883 306.671 307.005 302.06 294.267 306.11 304.661 314.531 301.643 295.115 298.326 288.209 280.493 275.684 283.059 276.24 269.401 264.107 252.873 248.222 0 0 0 0 
0 0 0 289.361 304.525 297.304 306.958 291.015 316.947 302.097 302.72 331.785 477.26 630.504 672.698 687.236 679.618 694.2 703.965 723.955 721.739 716.548 736.228 744.891 732.56 746 735.924 727.359 745.305 729.548 724.383 749.879 728.082 708.883 718.002 706.488 684.565 665.87 621.295 477.68 346.043 320.898 317.31 299.325 308.224 306.618 307.558 307.676 316.424 299.932 300.44 298.307 294.038 289.385 294.587 289.073 275.406 270.89 264.305 258.793 250.82 242.714 0 0 0 
0 0 0 294.312 300.53 301.079 305.205 296.377 322.889 292.812 347.589 463.989 633.76 664.303 684.292 691.919 688.184 713.883 725.522 730.074 736.727 744.388 758.903 750.37 742.964 761.974 748.74 771.251 761.584 746.599 764.435 758.393 733.87 743.198 737.254 698.47 696.052 703.945 691.264 624.304 467.725 332.841 297.34 325.228 335.635 308.037 304.676 315.026 319.011 294.048 297.213 296.835 300.12 300.899 300.052 287.838 287.936 277.941 274.58 271.403 256.278 253.901 0 0 0 
0 0 295.854 295.79 299.51 306.021 297.311 296.337 322.937 291.78 443.55 627.687 678.729 670.544 691.824 701.962 712.231 725.849 735.296 751.153 741.58 750.871 775.437 752.839 773.041 769.704 773.27 783.823 748.11 779.59 756.18 758.391 780.288 751.354 730.072 727.11 735.149 719.266 686.981 665.361 618.458 455.913 344.119 326.507 310.26 313.661 309.545 310.287 305.746 299.639 301.402 309.1 303.962 294.919 292.521 292.125 280.745 279.86 282.583 269.485 267.689 258.7 243.748 0 0 
0 0 294.266 296.483 298.468 308.249 296.472 307.708 303.156 382.882 586.839 672.037 674.729 690.922 713.284 722.73 727.294 738.147 749.911 763.1 750.929 764.088 773.439 759.464 801.026 760.891 792.747 763.185 778.698 769.112 764.485 782.618 765.921 745.344 772.19 760.267 724.622 714.216 708.071 697.584 683.206 602.563 406.632 322.508 341.521 290.743 309.538 333.408 318.766 290.305 302.601 316.144 305.463 305.613 298.515 292.264 286.067 292.178 279.416 271.274 268.248 254.642 244.879 0 0 
0 0 295.942 298.092 303.787 309.71 295.779 314.345 319.891 531.522 661.937 678.09 687.724 706.681 720.01 735.876 750.105 753.301 761.332 780.386 749.257 773.478 761.95 782.796 786.628 784.663 774.634 772.847 776.314 769.437 792.305 755.05 787.932 790.401 756.605 740.579 752.814 764.226 737.107 710.533 687.646 663.926 561.906 388.645 315.437 348.251 321.193 304.29 315.973 311.543 330.078 311.918 301.421 296.952 299.427 289.069 293.207 281.572 274.417 275.925 268.622 262.235 254.033 0 0 
0 0 302.63 298.674 313.303 312.018 294.546 325.641 422.611 631.38 670.548 682.584 702.907 717.147 720.537 751.155 754.778 747.757 772.44 786.165 755.061 790.859 765.89 792.087 758.017 789.167 771.515 771.68 773.098 772.599 763.669 779.785 777.559 773.233 781.24 786.397 771.723 755.02 725.824 727.16 717.487 698.946 669.622 505.96 375.228 313.151 323.218 336.371 300.249 296.696 317.811 316.352 303.628 302.788 294.152 295.362 301.836 291.529 289.808 280.845 273.571 261.875 258.349 0 0 
0 295.235 303.09 297.413 306.005 321.386 290.926 360.609 544.081 671.042 685.103 695.484 713.721 726.803 745.18 764.472 769.011 754.983 772.798 782.966 739.585 797.315 766.462 774.44 772.073 745.881 764.822 769.945 763.882 761.604 760.658 751.673 772.607 795.148 771.435 770.463 786.56 796.787 773.761 762.161 731.805 709.962 693.655 602.047 443.656 338.523 284.734 323.982 329.932 323.1 317.172 301.666 304.42 319.363 305.652 308.673 298.744 292.092 287.32 283.464 279.041 273.227 269.189 257.519 0 
0 303.387 301.067 303.344 300.347 325.981 280.385 433.713 629.754 671.642 687.902 703.695 723.816 735.439 755.503 762.134 771.776 765.762 777.043 779.238 753.137 770.07 764.621 751.726 756.221 752.342 748.699 757.99 764.211 769.203 763.773 765.438 752.671 786.708 792.289 788.558 795.555 781.861 772.426 757.634 727.462 724.105 697.961 705.33 527.212 403.069 295.322 341.217 322.22 327.882 339.46 307.051 319.768 314.212 315.135 317.723 308.434 295.773 298.416 290.706 286.686 284.051 276.418 259.063 0 
0 310.825 301.896 306.849 302.598 327.697 312.209 533.433 666.26 673.502 694.957 718.259 730.664 740.29 755.278 756.586 764.864 760.358 759.806 757.814 746.451 738.608 731.351 706.413 696.626 691.98 688.247 708.121 732.824 785.694 812.4 800.802 774.381 790.55 789.031 773.736 809.217 796.967 810.816 803.148 779.3 757.343 730.808 733.533 638.399 460.773 322.196 358.961 322.834 328.589 325.69 327.035 338.139 312.034 306.379 309.487 300.501 306.988 306.33 292.122 292.1 285.697 269.915 264.832 0 
0 307.616 305.349 305.246 308.319 330.064 376.657 611.086 673.031 685.691 715.783 732.846 744.07 753.373 767.492 770.518 791.156 770.442 770.198 757.52 764.45 739.356 749.376 703.568 614.81 514.73 445.209 419.151 427.936 477.967 609.93 755.299 758.69 773.546 780.672 756.059 791.192 772 793.147 781.119 780.459 736.533 734.224 713.183 682.197 526.927 323.713 352.477 294.23 327.777 315.545 315.617 318.877 306.672 312.266 294.71 294.738 303.476 291.527 292.15 290.675 275.237 269.452 258.91 0 
0 303.611 306.67 303.974 302.36 335.662 433.293 657.236 676.599 700.345 726.945 737.021 760.893 767.278 769.931 781.406 795.662 781.215 765.937 774.771 780.831 752.394 641.904 457.624 335.756 301.302 295.306 286.257 292.115 300.664 302.371 436.961 650.851 718.482 773.548 736.794 755.395 712.825 744.239 750.148 757.293 728.337 730.285 695.498 687.734 605.538 364.806 326.227 296.167 330.95 301.015 320.799 297.34 301.682 306.109 299.18 306.935 284.845 282.201 284.446 276.775 270.691 259.786 250.906 0 
0 304.363 305.046 305.713 291.941 344.613 497.699 668.49 687.831 717.337 729.278 751.692 776.214 778.22 783.617 794.382 787.534 786.106 762.178 783.607 774.848 588.568 344.3 284.574 297.784 301.107 295.499 301.018 297.3 296.256 318.674 287.889 422.73 592.47 751.584 699.476 756.902 747.642 764.645 766.093 760.592 755.822 710.878 700.107 693.292 633.657 407.475 325.394 293.274 332.317 289.866 305.602 287.968 309.046 284.762 303.644 297.757 287.271 284.106 275.371 271.834 264.988 262.779 264.043 0 
0 309.929 305.918 310.162 291.783 359.98 563.58 678.716 691.516 717.229 739.234 752.836 762.512 776.31 783.278 785.958 785.462 800.619 763.713 791.922 617.712 346.142 292.928 310.517 299.297 299.903 299.536 298.474 301.74 291.753 270.95 283.351 308.78 454.962 659.97 761.964 743.074 703.051 731.072 747.808 789.13 763.002 730.453 734.206 694.424 659.399 488.732 341.097 305.956 307.363 301.108 297.425 300.037 297.561 295.822 292.431 281.853 284.503 283.359 283.856 274.881 270.265 272.297 252.337 0 
0 308.833 313.419 311.928 288.5 374.534 586.061 672.58 687.836 707.976 740.533 751.057 762.15 788.528 779.79 786.478 779.373 809.244 751.497 731.096 408.986 289.031 301.536 306.861 305.404 302.73 297.535 298.713 295.421 295.692 278.334 245.439 269.785 359.584 534.963 681.2 746.868 745.672 732.478 743.837 753.271 730.696 753.863 722.586 689.424 684.275 557.477 332.831 307.131 296.343 317.977 298.173 309.013 292.612 295.465 286.908 286.818 286.659 287.311 275.391 277.236 279.122 254.702 243.922 0 
0 295.632 303.794 316.755 283.381 397.236 608.578 672.404 692.66 723.976 744.364 753.492 768.448 772.982 785.974 785.009 780.465 800.979 748.778 597.16 308.014 293.885 296.139 295.272 294.049 295.376 293.729 295.271 298.055 298.045 281.858 247.404 244.436 269.865 409.564 678.601 694.218 728.512 736.174 774.346 742.004 774.037 726.307 702.643 709.365 691.711 573.143 345.365 322.848 297.737 319.325 299.082 298.69 286.908 294.726 283.809 296.035 288.507 272.096 280.113 280.478 262.784 258.605 259.13 0 
0 299.342 298.513 317.23 293.58 403.882 624.17 676.448 700.688 723.501 737.252 758.264 771.112 780.282 784.804 782.846 780.057 791.839 745.729 468.19 284.192 297.003 298.096 300.337 295.866 289.477 292.438 295.091 291.591 289.619 284.599 268.086 268.346 268.775 277.992 602.017 724.479 714.102 744.141 751.114 795.5 761.284 740.705 739.223 703.455 673.118 607.506 363.845 322.394 308.811 296.567 308.877 289.103 310.464 295.06 297.741 294.707 276.61 286.234 284.374 266.022 267.582 262.474 254.291 0 
0 302.943 307.201 311.8 304.259 407.277 634.494 680.022 698.036 715.638 752.369 763.386 767.068 775.199 782.531 773.997 783.07 779.23 739.925 383.579 290.571 290.294 294.867 301.067 303.349 297.315 296.51 296.59 293.682 290.983 289.708 287.928 283.207 294.323 281.457 443.6 590.416 695.3 706.531 754.094 762.653 752.18 762.898 722.702 702.366 696.071 636.848 370.349 294.331 304.211 293.638 304.085 304.353 298.402 292.764 304.439 279.525 287.047 286.23 269.875 267.679 264.452 263.342 262.043 0 
0 307.1 307.743 309.949 308.415 389.881 629.033 679.841 708.05 738.846 755.364 758.965 773.126 779.728 786.669 780.867 786.476 766.18 757.709 347.752 298.922 290.856 301.243 297.934 297.239 295.653 300.963 299.467 302.833 303.375 301.659 307.908 302.227 305.472 316.103 344.172 410.65 632.558 722.877 729.692 727.856 743.32 730.747 735.145 717.275 682.685 618.56 382.194 292.705 305.194 303.438 284.134 298.778 286.157 297.789 279.177 285.955 280.894 266.039 273.845 274.194 271.308 264.829 254.313 0 
0 302.502 295.433 301.249 317.449 371.545 646.148 670.628 696.079 716.296 755.443 775.669 768.195 772.284 789.254 787.073 785.219 778.069 753.874 397.975 292.68 300.773 301.116 304.249 303.445 298.764 303.303 294.655 293.548 292.791 292.486 296.713 298.341 308.493 317.572 323.859 425.309 675.179 737.494 729.016 724.953 718.417 750.75 738.208 702.195 679.246 621.745 386.964 311.883 299.265 298.373 295.005 279.797 291.841 280.428 283.558 293.93 281.038 278.059 275.831 276.248 268.082 253.611 244.734 0 
0 307.462 299.943 299.681 323.506 369.189 625.531 663.93 699.751 725.875 743.172 763.138 774.085 784.764 794.353 778.888 781.877 784.005 755.258 493.932 271.182 303.156 293.191 300.813 297.467 293.825 295.769 299.46 296.044 294.83 301.53 303.172 299.1 298.034 319.316 357.316 556.669 732.817 742.306 738.598 753.344 745.54 727.307 716.659 719.31 700.453 623.632 365.108 300.688 295.015 294.204 294.848 302.207 301.717 292.428 291.703 281.636 274.267 280.285 283.503 273.176 259.03 259.941 263.387 0 
0 307.624 309.683 306.752 310.873 368.338 584.724 678.675 700.385 718.867 734.636 760.573 766.908 782.693 792.955 787.884 783.117 777.32 777.977 612.418 315.257 297.554 300.177 305.086 302.259 300.797 296.817 302.012 293.85 290.737 296.942 295.118 297.829 290.874 355.63 529.184 685.929 740.447 744.368 758.35 737.149 741.529 756.52 732.412 700.135 674.606 597.313 354.939 298.906 307.491 305.923 300.81 307.997 283.513 301.142 291.938 280.634 288.544 288.767 270.137 267.911 271.263 266.278 252.533 0 
0 0 305.595 301.661 296.077 367.483 558.244 672.626 692.544 713.742 746.012 759.327 763.012 779.158 776.495 785.984 784.086 793.032 785.249 702.67 454.63 275.757 302.655 307.761 296.159 305.454 300.875 302.556 298.049 297.273 297.798 293.398 295.28 286.548 467.577 686.174 723.505 743.285 731.718 755.178 766.806 755.449 737.691 721.076 695.732 682.95 573.086 338.589 309.518 306.371 296.876 312.603 288.434 300.454 289.798 284.144 299.893 285.432 268.204 274.554 277.561 265.535 253.497 0 0 
0 0 303.096 299.571 297.326 342.21 519.211 662.942 676.311 723.485 742.287 754.914 776.799 774.677 775.088 789.202 777.012 787.397 782.97 781.297 624.564 387.914 267.885 308.124 302.464 300.699 302.5 302.107 302.953 303.128 306.199 304.143 292.262 387.098 648.375 711.443 713.246 741.63 744.655 734.569 739.086 756.021 753.287 740.993 708.164 685.553 511.029 310.409 297.755 298.182 309.089 285.355 299.806 291.322 284.357 300.184 283.612 276.03 284.696 283.53 273.474 267.754 257.439 0 0 
0 0 312.336 309.668 311.103 297.503 463.829 635.833 677.765 698.069 719.15 743.024 762.783 765.212 781.734 791.935 791.42 787.709 785.087 787.981 754.865 619.756 402.978 274.707 299.738 302.127 303.09 302.859 304.739 310.567 313.205 294.709 368.571 603.751 714.653 714.609 718.055 732.979 757.048 766.253 770.295 763.075 743.741 709.782 681.4 660.286 448.782 288.439 292.591 301.006 297.379 305.059 286.423 291.085 304.812 281.268 283.783 295.396 285.519 274.84 269.483 268.47 258.566 0 0 
0 0 316.489 307.396 312.279 289.159 402.394 615.143 674.32 693.705 711.862 745.071 748.481 767.931 775.266 774.095 787.538 779.326 776.734 780.614 787.441 759.268 693.149 505.482 339.443 315.226 310.456 303.554 306.611 301.934 305.992 399.275 598.672 726.368 724.004 734.737 734.162 734.612 754.159 742.41 745.912 745.312 737.778 714.986 697.956 640.941 406.144 309.94 306.525 296.51 306.254 292.736 304.124 305.155 286.877 293.682 295.76 283.529 283.999 278.463 268.796 266.198 260.556 0 0 
0 0 0 303.226 304.701 312.042 314.873 576.496 654.99 674.405 706.965 723.872 736.129 761.98 767.876 769.058 777.392 779.855 776.907 756.295 763.072 747.886 738.127 714.794 661.198 524.801 453.187 439.19 426.416 467.097 583.997 715.787 770.667 760.705 753.6 763.743 762.671 772.235 784.289 775.313 781.151 766.522 746.227 717.027 699.481 591.471 357.555 316.38 309.143 314.35 298.591 310.836 312.161 296.101 301.545 303.175 299.405 292.396 287.357 285.619 284.287 281.374 0 0 0 
0 0 0 310.1 302.679 315.715 296.938 465.411 643.175 660.595 683.756 696.75 719.844 743.835 748.546 761.449 753.015 761.67 755.037 747.503 742.991 733 729.257 702.332 698.92 718.944 680.036 669.852 734.165 792.576 800.256 787.278 772.491 779.754 784.276 799.127 797.2 797.124 802.254 802.072 788.842 766.429 746.008 724.781 698.172 536.209 345.677 330.42 332.705 324.109 325.724 315.579 306.699 322.954 318.227 306.742 298.602 299.053 300.79 299.044 288.726 276.727 0 0 0 
0 0 0 0 308.211 301.846 317.239 336.059 596.032 666.518 673.693 693.078 716.104 733.244 742.996 761.2 756.219 777.366 773.162 774.057 769.03 750.01 751.954 757.641 748.032 748.821 770.512 784.664 754.489 742.033 760.054 785.81 790.187 782.218 768.562 773.357 764.489 762.304 767.482 778.746 765.274 745.729 722.913 704.99 651.093 442.924 320.232 323.431 320.901 323.705 314.938 315.093 321.539 311.059 300.253 302.666 307.398 309.038 297.195 283.496 280.399 0 0 0 0 
0 0 0 0 316.802 302.194 310.507 315.162 455.958 663.124 670.09 692.437 705.214 721.461 748.031 750.766 760.812 768.612 756.502 775.279 778.03 774.534 767.885 762.973 757.908 755.82 755.417 761.888 783.091 780.633 759.446 746.106 755.256 779.518 782.763 789.858 777.878 770.004 765.439 762.835 735.31 712.122 697.267 688.752 563.774 367.159 326.21 320.803 322.966 312.931 314.323 317.105 301.36 293.929 306.73 308.087 298.028 285.642 283.991 281.908 283.061 0 0 0 0 
0 0 0 0 0 307.216 301.902 324.611 333.363 558.483 668.262 667.769 692.231 705.428 719.926 733.004 749.311 767.89 766.84 768.909 770.081 767.944 773.858 768.637 762.932 767.317 762.521 758.048 765.069 775.408 778.009 783.942 772.187 760.759 755.933 768.813 767.768 770.714 763.166 757.595 738.175 721.33 700.21 656.132 469.836 331.584 315.781 313.99 305.372 314.87 313.269 298.663 312.027 314.271 301.592 285.734 288.762 293.203 290.605 284.838 0 0 0 0 0 
0 0 0 0 0 314.471 304.846 311.404 312.607 376.242 625.906 666.408 668.735 694.024 719.404 724.172 738.33 747.924 755.09 764.477 770.195 764.816 768.984 772.639 771.624 768.089 762.017 771.405 770.658 776.722 771.111 773.426 775.718 772.823 765.006 761.788 756.438 758.694 739.798 730.82 719.246 698.392 684.723 599.194 391.935 324.492 319.934 319.145 323.977 292.942 305.283 315.668 298.695 288.608 290.692 298.074 292.802 292.956 280.44 279.231 0 0 0 0 0 
0 0 0 0 0 0 319.738 300.709 309.198 328.408 460.945 664.883 670.027 682.649 691.899 698.562 723.178 737.596 744.107 759.268 768.426 775.164 768.31 768.579 772.596 765.185 766.217 767.386 770.644 770.474 768.2 771.45 770.883 772.537 767.439 767.625 741.722 732.92 716.267 714.274 699.15 680.803 668.243 490.698 335.571 319.65 329.259 313.497 314.755 330.294 309.823 296.948 297.218 300.386 302.254 295.314 287.948 274.156 275.24 0 0 0 0 0 0 
0 0 0 0 0 0 0 310.732 311.194 313.048 353.362 501.893 657.2 672.386 679.183 697.643 708.33 723.613 728.659 745.827 761.062 762.735 763.258 766.439 760.445 762.036 759.891 768.259 768.83 770.755 769.13 767.653 769.899 762.757 758.433 759.092 739.582 722.719 703.021 680.457 681.41 682.503 593.228 376.186 325.56 317.045 306.474 325.944 311.864 298.233 301.575 313.761 317.721 303.387 292.195 290.104 285.247 279.747 0 0 0 0 0 0 0 
0 0 0 0 0 0 0 0 308.605 306.541 303.351 359.1 542.237 672.161 669.328 681.043 691.69 706.416 714.908 723.114 735.772 747.528 757.496 762.456 761.623 750.597 749.185 763.281 757.5 771.441 757.798 761.844 758.869 737.69 736.07 731.97 716.407 711.352 703.146 682.743 671.759 622.765 439.738 323.748 317.316 324.458 310.692 300.895 314.063 326.668 319.407 296.075 293.01 293.089 293.103 289.488 288.251 0 0 0 0 0 0 0 0 
0 0 0 0 0 0 0 0 315.094 306.799 302.854 313.036 401.33 562.118 664.559 666.874 680.674 693.298 695.693 708.382 721.098 737.921 731.312 754.66 746.179 738.416 750.537 755.281 754.439 754.472 737.087 749.455 727.958 722.955 723.101 710.669 696.252 686.959 676.332 673.462 645.325 479.59 332.955 311.113 308.394 307.341 321.718 327.258 302.433 292.753 299.585 299.819 297.308 295.685 292.657 287.218 281.84 0 0 0 0 0 0 0 0 
0 0 0 0 0 0 0 0 0 317.077 302.498 296.525 313.03 401.641 541.112 662.811 677.501 673.051 678.152 691.872 697.915 708.438 718.637 732.39 731.303 716.724 730.295 727.927 741.748 729.885 721.006 730.888 706.553 710.055 701.142 697.732 684.818 673.358 668.476 625.958 485.384 348.583 319.224 319.296 320.791 308.558 289.051 298.285 304.794 302.667 303.831 305.341 295.553 291.418 287.772 282.896 0 0 0 0 0 0 0 0 0 
0 0 0 0 0 0 0 0 0 0 308.425 295.401 296.523 312.642 389.033 492.988 626.246 677.712 676.816 673.943 676.246 688.681 704.333 709.587 707.196 705.997 712.41 719.111 724.141 710.581 703.75 700.517 686.942 692.59 676.311 676.558 670.809 657.722 601.342 449.544 335.117 315.319 312.536 306.3 305.993 305.011 308.413 301.346 303.529 295.152 293.939 293.595 289.202 280.906 279.327 0 0 0 0 0 0 0 0 0 0 
0 0 0 0 0 0 0 0 0 0 0 319.546 304.68 296.8 298.818 339.87 438.556 548.684 652.896 670.442 663.519 669.354 681.278 697.881 698.643 687.172 698.583 705.129 691.716 692.552 683.418 679.244 665.122 666.035 660.971 660.549 652.419 565.816 415.308 319.971 307.186 307.056 311.138 318.49 313.187 301.997 304.054 296.631 294.475 290.009 283.915 285.898 287.467 281.493 0 0 0 0 0 0 0 0 0 0 0 
0 0 0 0 0 0 0 0 0 0 0 0 0 302.458 302.49 297.903 312.671 354.055 427.275 554.599 645.024 669.238 668.254 673.874 694.585 682.27 698.402 692.406 666.006 667.272 660.998 659.659 649.055 647.271 635.906 583.343 474.283 362.636 315.398 317.205 308.04 305.375 292.827 299.544 298.771 290.688 294.272 291.318 292.789 290.765 284.34 279.223 0 0 0 0 0 0 0 0 0 0 0 0 0 
0 0 0 0 0 0 0 0 0 0 0 0 0 0 318.942 307.871 310.031 302.912 319.789 357.125 389.667 484.533 568.54 638.346 684.635 662.734 694.993 654.294 643.059 605.081 627.116 626.956 566.749 503.56 415.737 338.435 290.772 277.245 281.838 287.947 287.238 286.682 289.58 295.961 290.336 291.539 294.033 290.036 287.13 281.801 281.344 0 0 0 0 0 0 0 0 0 0 0 0 0 0 
0 0 0 0 0 0 0 0 0 0 0 0 0 0 0 330.436 322.999 322.641 328.667 327.744 334.149 338.388 335.487 369.946 612.346 670.005 696.359 641.801 659.452 507.548 446.029 402.78 330.211 285.438 268.809 271.3 275.021 278.1 280.321 277.584 276.714 275.737 273.137 272.16 267.202 263.842 265.042 264.256 266.448 262.474 0 0 0 0 0 0 0 0 0 0 0 0 0 0 0 
0 0 0 0 0 0 0 0 0 0 0 0 0 0 0 0 0 310.635 303.316 287.704 280.57 269.062 271.796 264.184 510.045 655.775 637.797 624.916 531.334 360.425 302.17 279.085 269.266 268.644 269.809 268.368 272.702 275.049 280.112 281.092 285.624 282.056 279.248 281.387 281.921 277.959 274.993 271.492 0 0 0 0 0 0 0 0 0 0 0 0 0 0 0 0 0 
0 0 0 0 0 0 0 0 0 0 0 0 0 0 0 0 0 0 0 308.288 294.766 281.954 294.291 269.312 421.415 648.62 575.182 418.049 272.611 256.907 259.758 275.656 286.754 287.51 287.734 276.654 272.458 275.543 274.391 272.71 268.795 268.64 270.588 271.912 271.372 270.446 0 0 0 0 0 0 0 0 0 0 0 0 0 0 0 0 0 0 0 
0 0 0 0 0 0 0 0 0 0 0 0 0 0 0 0 0 0 0 0 0 313.879 323.407 293.772 368.551 519.845 380.095 271.743 245.028 278.1 258.319 260.109 265.825 272.842 285.542 282.397 275.428 282.476 278.187 278.074 276.821 272.907 273.057 271.393 0 0 0 0 0 0 0 0 0 0 0 0 0 0 0 0 0 0 0 0 0 
0 0 0 0 0 0 0 0 0 0 0 0 0 0 0 0 0 0 0 0 0 0 0 0 0 406.729 309.283 287.56 277.438 296.986 275.56 279.384 280.502 277.002 282.948 279.063 279.5 283.164 281.69 282.891 0 0 0 0 0 0 0 0 0 0 0 0 0 0 0 0 0 0 0 0 0 0 0 0 0 
0 0 0 0 0 0 0 0 0 0 0 0 0 0 0 0 0 0 0 0 0 0 0 0 0 0 0 0 0 0 0 0 0 0 0 0 0 0 0 0 0 0 0 0 0 0 0 0 0 0 0 0 0 0 0 0 0 0 0 0 0 0 0 0 0 
