0 0 0 0 0 0 0 0 0 0 0 0 0 0 0 0 0 0 0 0 0 0 0 0 0 0 0 0 0 0 0 0 0 0 0 0 0 0 0 0 0 0 0 0 0 0 0 0 0 0 0 0 0 0 0 0 0 0 0 0 0 0 0 0 0 
0 0 0 0 0 0 0 0 0 0 0 0 0 0 0 0 0 0 0 0 0 0 0 0 0 142.97 148.226 136.241 156.893 136.027 150.381 139.086 143.808 141.35 143.569 144.801 138.786 141.036 140.666 136.275 0 0 0 0 0 0 0 0 0 0 0 0 0 0 0 0 0 0 0 0 0 0 0 0 0 
0 0 0 0 0 0 0 0 0 0 0 0 0 0 0 0 0 0 0 0 0 146.581 140.285 160.752 143.036 150.369 144.935 138.477 153.365 138.839 150.477 140.641 148.143 145.732 144.938 147.316 140.897 146.036 142.18 140.094 137.451 136.148 140.761 131.701 0 0 0 0 0 0 0 0 0 0 0 0 0 0 0 0 0 0 0 0 0 
0 0 0 0 0 0 0 0 0 0 0 0 0 0 0 0 0 0 0 144.75 144.978 148.525 143.423 154.16 144.381 148.271 146.981 148.883 151.75 143.071 148.609 143.975 150.569 146.543 147.682 147.735 147.713 150.323 143.894 143.155 138.642 142.354 139.986 137.962 141.681 134.33 0 0 0 0 0 0 0 0 0 0 0 0 0 0 0 0 0 0 0 
0 0 0 0 0 0 0 0 0 0 0 0 0 0 0 0 0 150.838 149.555 149.505 141.866 146.936 152.714 156.618 150.583 152.59 153.819 152.216 151.144 143.776 148.173 149.935 150.039 147.16 147.337 148.191 155.19 148.085 145.904 143.826 140.83 143.354 142.683 145.545 141.499 137.112 133.386 131.359 0 0 0 0 0 0 0 0 0 0 0 0 0 0 0 0 0 
0 0 0 0 0 0 0 0 0 0 0 0 0 0 0 142.509 150.018 150.231 145.62 145.11 150.27 153.582 150.307 153.61 151.658 154.139 162.619 152.9 150.668 151.148 157.03 152.081 150.618 149.41 151.785 157.445 154.352 145.074 145.214 144.835 144.762 148.543 148.447 143.694 140.036 140.928 139.511 135.826 136.456 130.479 0 0 0 0 0 0 0 0 0 0 0 0 0 0 0 
0 0 0 0 0 0 0 0 0 0 0 0 0 0 154.619 149.902 150.742 145.778 151.571 150.453 150.325 156.827 153.599 151.899 152.804 153.465 158.208 155.451 150.931 161.952 153.114 143.109 150.294 153.181 157.157 157.406 152.166 146.099 145.504 153.121 146.85 151.544 147.353 146.128 141.422 145.178 141.047 140.797 137.493 137.172 133.918 0 0 0 0 0 0 0 0 0 0 0 0 0 0 
0 0 0 0 0 0 0 0 0 0 0 0 0 158.158 145.177 153.086 163.013 146.661 153.393 149.058 157.325 155.791 155.076 149.164 165.768 161.65 157.418 158.745 150.535 168.036 149.859 147.953 156.947 158.888 157.314 156.526 156.036 147.709 157.518 154.793 148.485 145.206 146.569 148.819 147.185 151.85 143.628 138.248 139.173 138.774 133.893 133.634 0 0 0 0 0 0 0 0 0 0 0 0 0 
0 0 0 0 0 0 0 0 0 0 0 148.117 151.598 152.693 152.243 148.226 165.654 152.912 152.123 151.555 162.448 152.275 157.597 149.679 175.505 153.975 154.952 163.654 154.395 164.106 145.671 154.696 162.609 151.649 153.361 152.696 156.793 156.991 158.27 149.822 146.029 146.707 147.165 153.439 156.64 146.814 136.157 141.272 140.006 139.491 137.664 138.439 133.572 125.19 0 0 0 0 0 0 0 0 0 0 0 
0 0 0 0 0 0 0 0 0 0 145.206 153.566 149.266 148.77 153.15 155.305 159.45 160.541 155.044 158.416 169.416 155.108 159.111 154.753 170.736 150.089 165.455 178.513 147.216 152.093 145.061 158.936 167.261 146.269 149.088 157.587 160.899 157.746 153.315 144.396 144.034 156.481 157.98 156.208 146.149 140.443 144.563 146.843 147.079 143.912 138.489 139.2 135.199 132.53 132.405 0 0 0 0 0 0 0 0 0 0 
0 0 0 0 0 0 0 0 0 144.059 150.38 151.9 151.053 150.301 156.875 154.503 163.606 153.483 167.126 224.829 189.373 142.754 173.098 158.092 158.157 151.506 174.868 169.615 143.108 159.411 158.636 156.593 156.911 148.241 168.112 161.506 157.925 152.017 143.954 149.171 159.144 167.17 159.132 143.597 146.009 149.288 149.253 143.864 149.148 144.421 143.349 143.619 136.344 140.051 134.094 129.672 0 0 0 0 0 0 0 0 0 
0 0 0 0 0 0 0 0 152.22 155.629 154.749 155.467 154.058 146.568 150.896 154.305 162.91 153.042 147.12 216.929 249.726 154.544 169.098 147.496 157.333 163.286 157.79 163.455 149.04 167.536 147.035 151.159 149.351 156.915 154.898 153.586 152.735 149.203 155.51 167.115 163.173 158.694 147.324 147.423 154.291 157.896 153.009 154.835 152.615 145.873 150.036 149.353 141.857 142.539 136.129 132.625 132.69 0 0 0 0 0 0 0 0 
0 0 0 0 0 0 0 0 156.841 150.139 156.014 159.472 155.582 150.812 158.59 162.497 159.555 156.593 165.754 156.43 203.66 252.266 216.947 166.062 188.386 187.679 183.985 205.92 163.829 152.111 144.915 170.069 170.848 162.662 162.13 175.353 167.725 172.753 171.891 170.188 159.979 154.517 154.446 159.449 160.976 167.303 150.508 149.21 147.957 145.482 152.03 138.998 136.578 138.628 134.321 131.235 130.573 0 0 0 0 0 0 0 0 
0 0 0 0 0 0 0 157.815 153.638 152.137 162.132 157.851 153.267 154.467 156.682 165.463 150.624 158.663 161.828 145.922 141.409 194.584 213.832 220.266 232.686 212.447 245.989 259.073 246.574 258.654 184.892 165.189 154.648 157.737 169.857 163.232 154.662 151.456 141.867 150.6 154.043 156.726 155.764 155.464 157.399 160.943 146.299 154.782 151.158 152.192 152.34 143.646 150.543 143.006 139.105 147.88 135.673 134.599 0 0 0 0 0 0 0 
0 0 0 0 0 0 157.237 155.415 157.497 155.303 165.13 164.478 160.018 157.033 157.07 168.681 146.548 172.014 158.919 153.105 167.218 148.316 187.989 165.842 174.057 192.986 162.929 143.623 168.607 256.789 215.358 156.489 178.93 175.783 158.074 150.327 154.286 165.073 173.812 174.656 174.185 162.18 160.356 152.153 155.113 145.938 145.278 140.624 147.583 151.385 147.057 143.258 142.346 135.144 144.718 138.989 130.694 135.985 129.279 0 0 0 0 0 0 
0 0 0 0 0 148.229 153.748 155.666 154.006 152.69 159.421 164.126 151.505 149.845 160.051 157.152 146.71 172.057 151.277 164.809 155.273 155.177 176.141 137.7 186.338 155.363 156.345 185.732 147.493 160.912 216.188 214.696 162.004 140.248 147.529 160.153 174.015 163.989 145.052 148.01 148.598 144.693 148.185 145.306 155.708 156.864 162.62 158.593 163.785 159.121 149.523 147.248 143.487 145.888 149.282 132.724 133.904 130.357 129.046 122.243 0 0 0 0 0 
0 0 0 0 0 158.23 154.653 157.198 155.075 155.649 165.767 170.758 165.048 157.773 172.76 156.208 160.872 152.804 153.607 167.282 147.049 176.84 148.438 159.688 172.181 164.754 157.077 161.374 160.189 172.754 150.747 220.269 180.117 159.591 167.234 150.683 138.328 132.789 142.746 164.384 166.617 162.592 154.72 157.871 160.582 144.433 145.278 142.212 142.267 141.895 141.706 144.886 144.766 149.909 139.498 133.021 142.802 138.839 134.725 127.442 0 0 0 0 0 
0 0 0 0 152.537 155.368 154.771 158.32 157.604 155.575 164.6 162.278 159.376 162.533 169.236 154.176 178.826 152.675 182.087 137.07 173.591 153.567 167.232 139.033 196.68 163.607 148.605 193.197 145.734 156.182 171.347 240.856 153.33 139.627 151.851 152.455 147.512 165.805 166.307 161.426 153.389 136.98 136.192 154.49 144.388 145.072 142.958 150.29 146.458 138.861 142.999 134.169 142.483 139.48 132.804 134.719 128.24 122.854 127.939 123.064 122.714 0 0 0 0 
0 0 0 0 156.874 160.467 160.95 160.836 159.806 160.457 169.287 165.831 157.588 169.858 161.387 166.322 172.31 176.365 171.833 162.144 175.699 201.821 176.368 170.152 201.099 167.921 162.591 171.1 114.177 163.15 197.725 222.502 143.214 151.717 136.641 126.208 125.636 137.161 126.288 128.816 133.589 142.452 150.503 150.26 137.651 132.596 137.545 147.997 146.552 148.192 142.411 149.605 145.059 140.12 133.571 128.35 129.88 136.398 129.837 122.793 120.079 0 0 0 0 
0 0 0 153.191 152.536 158.819 164.407 159.514 162.521 161.275 181.915 169.558 162.023 184.35 154.572 178.053 169.616 186.534 199.822 177.2 194.548 219.903 239.023 267.508 328.005 325.517 368.933 369.32 340.81 382.092 253.943 189.447 144.222 128.432 148.101 165.79 155.846 143.322 146.987 153.178 144.595 146.087 140.272 128.005 134.954 148.779 150.387 140.781 134.848 138.004 134.563 133.549 133.102 129.626 135.812 135.214 137.382 133.369 125.458 124.046 122.194 120.077 0 0 0 
0 0 0 158.646 153.357 156.016 164.458 157.823 156.953 154.001 163.604 158.837 152.346 175.021 157.468 161.847 171.681 167.231 183.331 198.368 291.619 379.026 438.01 503.579 528.536 540.59 555.078 560.892 566.79 542.58 496.744 477.422 363.532 256.018 212.184 166.16 131.924 145.551 167.852 163.727 160.495 180.574 171.256 168.744 170.887 174.605 173.211 156.6 158.675 160.213 156.583 152.673 154.766 149.137 147.166 150.154 154.481 144.906 140.479 141.067 138.122 139.683 0 0 0 
0 0 155.327 159.507 157.813 159.655 165.55 163.688 156.637 158.23 177.026 155.407 167.82 153.081 170.591 165.029 168.954 209.985 321.087 437.534 537.544 559.544 562.388 583.359 565.439 579.728 566.137 603.649 573.045 569.81 578.171 551.615 563.966 520.309 415.881 299.069 209.95 193.017 196.776 158.963 155.919 181.636 166.23 153.219 173.936 178.226 159.876 155.13 172.739 170.3 168.927 167.354 160.617 164.663 166.203 167.605 158.777 151.697 151.86 149.753 148.565 143.862 133.929 0 0 
0 0 162.685 153.685 161.784 156.576 164.943 166.643 160.904 152.458 173.696 150.859 174.646 155.408 170.525 165.768 257.857 425.321 536.853 555.221 583.889 565.577 588.124 577.831 600.449 597.096 587.015 604.251 588.511 613.339 599.544 604.254 579.861 570.213 575.851 533.759 367.075 236.311 178.662 167.044 195.121 222.898 175.897 156.148 193.277 167.618 151.769 173.293 186.531 170.368 158.564 159.835 168.429 172.97 167.883 158.954 148.122 148.652 149.459 154.386 156.632 146.662 144.512 0 0 
0 0 156.875 159.131 155.544 154.337 164.127 168.146 161.732 160.93 176.585 149.06 176.938 168.982 179.091 302.538 478.112 557.802 576.268 569.671 603.237 568.682 615.988 595.193 617.651 580.81 600.015 593.848 607.114 592.02 640.995 618.914 596.309 599.907 585.471 579.373 527.853 465.144 310.686 168.899 155.765 180.051 153.424 183.925 217.514 186.096 173.246 189.511 187.146 167.899 167.984 164.373 163.061 160.165 163.402 161.623 160.391 162.902 162.667 162.071 146.842 145.912 146.045 0 0 
0 0 159.206 158.279 162.101 164.973 163.148 168.317 162.334 154.673 170.329 162.473 163.537 195.247 336.635 504.344 562.031 577.771 582.767 580.904 607.155 595.717 615.441 582.165 593.249 601.591 593.598 597.647 581.976 579.131 596.887 631.816 600.739 578.963 619.847 632.141 550.484 561.24 471.008 219.598 224.728 229.533 160.767 183.618 188.608 153.376 171.127 203.61 172.175 159.653 179.013 189.916 182.607 172.974 161.5 156.126 163.326 167.484 168.683 157.801 154.017 153.502 145.202 0 0 
0 161.799 161.529 161.393 160.017 161.29 160.663 168.586 158.135 160.227 165.008 162.166 178.526 330.182 519.845 557.671 578.738 591.626 586.006 603.196 599.451 582.394 578.618 589.971 580.58 589.395 592.803 581.71 574.603 573.87 589 606.833 643.155 611.193 612.675 633.839 578.68 610.827 595.18 463.951 206.871 184.61 206.966 192.916 177.526 152.152 195.076 189.037 163.962 190.167 202.644 176.844 167.902 181.349 180.451 181.317 178.627 169.736 163.752 159.094 160.195 155.83 157.209 158.02 0 
0 161.196 159.036 159.707 164.45 161.129 168.031 171.032 152.081 164.066 168.603 173.907 296.836 507.846 568.6 563.872 574.21 600.996 586.047 599.177 565.477 597.556 578.158 574.467 591.848 587.475 569.394 567.028 553.488 536.012 483.138 401.64 444.858 534.572 626.945 673.225 609.252 622.111 579.784 563.953 449.583 149.873 243.189 191.157 205.716 199.656 205.441 177.431 167.192 194.059 193.46 177.78 179.234 171.38 168.593 182.274 181.598 173.467 164.092 161.121 156.279 158.133 160.792 152.446 0 
0 161.794 161.082 161.381 165.371 158.098 155.118 173.52 151.64 165.641 159.411 251.144 477.634 559.365 575.876 594.925 590.94 616.951 579.037 594.144 574.53 591.076 573.701 575.591 587.03 584.418 602.056 619.851 631.173 621.289 378.481 217.027 240.45 235.746 406.146 596.569 597.366 595.494 601.16 572.089 554.943 294.98 208.96 148.277 189.702 180.018 185.405 157.617 176.526 193.162 151.472 148.252 175.997 181.559 166.709 156.076 156.705 154.337 159.105 163.101 162.628 163.504 153.079 145.062 0 
0 165.31 158.041 160.338 153.623 161.412 153.004 173.726 160.555 172.358 178.511 387.261 545.737 565.27 588.695 601.469 573.222 590.122 560.393 596.486 565.322 566.254 545.803 521.291 480.068 437.064 395.619 381.942 448.953 519.248 424.391 228.039 201.88 178.849 179.124 343.026 635.248 571.08 591.606 550.253 556.063 474.187 224.019 147.41 207.218 161.434 177.932 189.798 198.348 170.19 159.67 186.404 175.032 162.775 171.297 169.241 162.47 150.461 159.246 165.309 166.702 156.805 146.026 145.67 0 
0 164.209 159.443 164.597 163.007 165.779 158.66 176.335 171.875 179.668 271.567 522.646 579.472 594.303 608.923 620.28 581.638 608.571 605.938 602.421 604.421 570.034 445.612 320.7 232.989 196.652 171.193 173.125 155.748 181.734 314.344 365.454 265.259 192.555 146.046 210.632 368.515 604.305 623.094 527.122 573.663 506.788 328.293 151.825 175.353 123.169 183.137 147.911 159.952 148.102 158.081 169.761 159.5 155.807 146.614 148.457 157.234 163.813 162.933 151.846 138.496 136.729 139.879 142.067 0 
0 163.122 166.285 172.789 164.824 157.827 160.406 165.732 166.861 189.147 387.423 559.539 575.033 606.46 606.622 607.147 588.818 616.712 594.251 602.614 554.552 324.984 191.668 153.893 151.135 157.959 163.097 145.499 154.607 142.817 149.172 234.81 337.282 329.241 119.747 186.788 175.992 419.553 618.129 569.559 602.275 529.603 477.606 201.048 169.483 149.523 175.744 146.484 156.996 148.842 181.734 157.339 137.495 149.759 161.381 154.599 151.04 150.555 151.836 143.419 133.157 131.916 135.116 136.984 0 
0 162.482 159.361 166.214 168.205 162.1 153.308 156.535 174.745 235.174 493.416 579.712 591.398 606.747 605.908 606.502 600.684 598.085 594.646 562.234 313.063 165.232 166.882 161.557 156.818 167.254 160.248 144.712 145.163 141.814 141.011 159.391 223.993 432.136 206.674 132.354 222.029 305.337 511.118 578.336 544.398 583.608 496.472 293.337 188.396 167.585 153.861 161.334 167.225 167.595 161.448 140.226 153.292 162.744 162.375 158.129 161.028 150.506 130.572 136.825 146.738 151.772 143.764 139.343 0 
0 162.233 158.283 163.955 167.799 170.118 170.763 161.902 187.53 299.439 537.24 580.601 596.142 599.1 604.796 608.406 607.019 578.285 600.595 374.312 171.725 157.609 160.218 150.166 157.902 164.767 151.597 166.133 145.36 148.618 136.187 132.164 154.612 262.865 378.042 164.06 116.781 193.594 463.05 579.692 570.123 576.123 504.806 391.306 157.33 173.177 138.096 186.69 155.833 165.696 139.421 159.043 177.129 159.916 152.534 152.611 147.981 139.202 144.028 151.447 152.279 146.344 147.242 145.38 0 
0 162.235 163.145 163.749 163.618 166.19 169.78 159.468 194.558 355.733 561.397 581.572 599.105 606.65 601.56 595.076 617.259 571.226 528.942 217.052 163.255 155.511 157.962 156.18 155.223 153.612 159.222 153.346 143.718 144.477 138.173 121.336 127.101 175.5 335.849 240.285 199.547 126.791 311.887 558.05 589.48 548.641 587.308 414.882 198.318 177.81 142.357 162.26 141.051 149.019 158.975 178.785 159.319 146.964 147.706 148.429 149.944 149.866 156.445 158.072 151.828 139.942 132.865 130.569 0 
0 156.242 156.817 162.477 163.479 164.467 173.152 157.493 209.255 398.307 558.17 581.119 603.204 606.953 598.816 588.852 617.189 575.406 417.857 172.143 160.244 159.132 157.9 157.988 148.889 158.976 170.954 147.729 158.381 143.796 143.476 139.467 142.054 137.65 323.784 244.667 180.393 189.921 236.919 520.443 563.463 585.131 541.372 474.691 252.118 151.774 169.897 137.905 177.787 155.316 167.634 158.574 126.204 145.153 161.586 152.825 156.001 165.797 157.684 149.58 141.205 136.262 135.698 136.007 0 
0 158.755 158.453 165.53 165.747 168.611 169.568 157.043 197.42 427.768 572.703 592.104 604.762 599.711 596.3 597.921 595.756 581.964 335.554 156.217 156.154 160.428 156.888 154.67 147.115 166.831 168.701 147.721 158.595 149.623 147.431 147.577 142.487 140.786 292.095 318.134 132.425 171.224 225.2 473.157 594.706 564.811 545.045 525.642 234.928 171.32 182.403 176.704 158.368 162.012 154.82 130.905 164.637 167.089 149.641 157.772 156.24 146.86 142.313 145.049 144.157 141.076 140.271 140.66 0 
0 165.766 168.948 168.318 162.948 164.332 160.015 165.762 195.207 449.131 571.958 596.728 607.28 597.562 597.259 608.939 589.352 598.511 297.722 154.819 161.726 163.672 157.477 152.996 150.994 170.991 166.048 152.582 148.365 157.478 154.997 150.096 149.667 149.726 275.036 326.901 157.198 152.023 181.143 481.504 573.3 582.411 574.676 478.523 290.452 183.234 152.53 171.236 145.264 158.216 163.183 173.46 169.243 153.506 153.015 148.697 150.417 147.953 135.467 138.74 144.952 148.497 149.527 147.585 0 
0 165.788 157.699 164.958 167.395 168.858 165.524 175.34 170.725 456.31 568.781 590.848 609.676 605.671 596.191 593.877 585.343 602.014 316.584 170.499 156.401 160.026 155.729 153.748 154.43 171.06 166.343 157.386 147.486 157.426 152.621 151.047 155.876 141.258 296.163 307.237 145.765 157.879 165.862 460.48 587.242 574.535 547.366 552.256 277.617 137.517 175.226 152.084 182.316 161.705 159.267 177.671 141.551 150.742 154.438 156.605 147.107 152.641 158.681 156.876 148.084 147.595 147.991 138.748 0 
0 162.31 159.116 166.637 163.963 167.666 168.239 180.43 176.358 430.144 560.964 583.316 606.625 607.931 606.284 596.632 584.622 589.312 399.403 156.093 163.876 156.014 162.528 153.116 153.497 166.711 159.143 160.412 151.989 159.711 152.892 146.068 160.009 144.516 331.334 275.805 147.031 158.191 193.122 474.877 567.247 613.218 570.856 474.778 256.174 189.267 178.898 165.596 149.878 156.192 168.381 132.611 159.48 164.858 152.247 161.388 167.801 154.397 147.984 158.206 152.962 140.734 135.841 140.345 0 
0 160.616 161.127 163.942 161.72 162.567 162.02 174.989 178.401 390.065 568.089 584.486 607.272 603.333 595.028 607.076 602.466 574.885 510.255 190.499 158.585 154.967 161.235 152.808 149.252 165.92 163.393 155.719 149.3 163.404 157.595 152.149 161.093 168.522 368.497 222.953 147.39 151.347 238.634 531.288 581.586 559.273 553.422 527.184 263.263 148.329 146.36 161.88 150.794 169.687 151.19 164.205 168.409 165.247 166.252 155.462 154.522 162.999 153.636 141.864 141.525 147.207 138.795 129.514 0 
0 0 162.798 160.114 167.874 166.154 168.562 159.895 185.419 332.085 557.914 580.077 607.12 611.415 601.956 596.134 601.465 595.381 560.947 316.192 150.671 156.099 162.232 152.306 144.566 159.886 167.217 159.139 148.759 152.097 152.896 156.045 147.983 258.631 364.388 171.355 163.908 159.652 307.842 551.468 598.083 578.3 571.809 439.857 195.126 174.714 177.49 159.054 174.514 151.353 167.63 172.931 157.623 146.192 159.446 167.066 159.745 151.458 147.012 145.332 136.737 137.12 143.781 0 0 
0 0 166.134 164.05 166.566 168.642 169.774 167.878 178.998 277.337 534.819 571.897 589.868 604.557 604.064 600.137 603.557 598.997 597.151 489.708 233.422 152.035 163.941 155.886 144.371 163.229 162.276 154.671 154.125 154.03 162.416 144.544 189.116 370.353 262.51 157.713 166.501 174.457 438.377 576.539 572.655 543.363 527.546 423.551 216.842 174.088 155.088 162.729 146.126 167.511 150.917 148.395 151.58 154.719 155.149 150.727 150.698 142.128 145.84 147.533 150.59 150.029 144.672 0 0 
0 0 167.595 162.396 159.085 163.724 167.432 169.058 162.481 242.249 469.605 577.734 586.452 610.113 611.11 593.383 599.795 595.875 595.437 590.774 471.628 229.548 162.898 154.684 141.565 167.279 167.003 149.49 152.713 156.799 153.003 174.245 337.715 329.604 166.749 172.624 151.452 270.955 520.786 591.255 597.485 581.609 531.721 292.795 139.049 142.042 162.258 157.777 165.813 154.454 140.767 157.071 166.433 152.828 148.388 149.208 154.242 159.103 157.893 155.762 151.236 148.092 141.954 0 0 
0 0 159.383 162.68 164.108 169.88 159.243 162.296 162.962 197.715 376.264 555.475 579.191 597.724 612.36 603.083 596.403 604.985 593.749 595.581 587.413 527.974 323.128 218.467 147.214 161.504 174.568 147.387 142.093 143.616 206.003 332.92 333.509 185.659 154.504 160.188 200.043 441.358 565.176 565.641 561.715 536.771 454.162 234.875 183.569 188.044 154.946 176.89 156.006 140.975 167.672 161.905 145.015 154.656 153.97 165.19 157.604 154.967 152.505 148.406 146.711 145.792 141.561 0 0 
0 0 0 162.416 162.264 164.22 156.971 166.016 166.995 165.206 285.656 497.882 568.961 586.83 594.036 605.843 582.779 589.917 584.113 583.976 567.691 566.232 578.026 452.2 344.509 307.854 261.808 222.163 257.546 336.241 408.762 327.11 210.784 180.961 180.949 189.396 379.522 585.713 608.303 597.247 586.389 582.741 420.112 190.03 173.682 157.268 174.932 141.945 169.879 179.03 165.581 159.237 155.334 166.961 175.683 160.466 160.249 156.26 154.037 152.79 154.88 152.541 0 0 0 
0 0 0 165.175 161.431 152.011 165.203 165.924 165.419 163.259 188.041 385.434 543.396 576.882 584.024 596.056 587.478 580.473 571.382 579.515 569.224 548.877 540.692 572.833 510.562 514.983 515.206 409.436 410.629 350.572 261.603 181.104 181.036 175.907 202.893 376.597 562.454 610.519 620.976 604.236 574.991 508.227 288.988 175.707 191.156 191.087 178.494 195.191 172.461 173.923 171.515 180.766 185.884 169.068 166.711 170.611 157.086 161.829 161.93 156.023 155.45 157.711 0 0 0 
0 0 0 0 157.013 157.368 159.834 162.751 157.32 170.724 167.306 266.177 463.443 571.104 582.806 600.326 600.597 607.656 592.636 601.414 601.355 603.294 595.005 615.888 617.907 662.067 547.036 254.064 192.964 145.038 149.177 155.122 180.064 228.128 401.413 548.527 585.805 575.628 570.823 548.438 545.65 405.67 203.545 179.126 162.85 187.152 164.323 154.211 156.953 167.753 180.31 174.244 162.209 162.2 149.868 156.942 164.258 149.504 152.715 159.378 152.776 0 0 0 0 
0 0 0 0 166.31 161.469 166.467 163.959 157.45 171.409 172.082 183.433 326.454 490.174 574.255 582.797 593.162 607.929 606.143 597.248 593.639 601.222 585.616 619.371 588.113 614.314 595.423 381.22 288.764 261.593 251.066 241.442 340.873 476.278 590.215 608.48 621.902 617.624 590.317 568.489 486.102 259.217 171.235 168.997 165.072 145.392 153.948 172.008 179.196 163.149 155.579 161.108 159.119 163.289 167.373 161.786 163.406 167.922 152.168 152.642 156.968 0 0 0 0 
0 0 0 0 0 168.341 164.812 157.683 162.272 157.612 146.89 159.54 193.575 340.963 502.653 569.264 573.546 582.276 595.703 592.54 590.114 589.52 569.184 581.722 541.121 556.143 573.461 518.285 481.586 436.72 481.173 557.758 629.994 635.903 635.61 625.212 619.829 601.225 592.377 539.607 349.296 214.535 207.386 197.925 186.459 212.438 200.568 179.886 169.165 177.581 177.616 182.97 190.682 182.383 175.274 178.069 164.42 162.958 172.025 158.059 0 0 0 0 0 
0 0 0 0 0 165.711 160.683 163.506 166.578 166.715 162.427 171.222 162.401 196.004 349.392 492.503 580.48 578.328 588.094 587.733 605.518 595.291 581.85 601.182 560.407 591.207 603.204 571.826 611.016 605.226 617.819 607.056 623.697 620.182 636.914 619.234 606.981 576.942 526.519 363.555 197.99 197.279 197.574 196.939 177.76 173.56 170.519 190.835 191.856 187.864 189.835 176.572 171.009 168.873 167.396 161.395 165.164 162.449 164.186 167.338 0 0 0 0 0 
0 0 0 0 0 0 164.505 166.223 161.555 165.814 167.404 164.739 165.836 158.456 192.539 299.133 461.431 563.279 561.446 575.645 589.683 595.774 590.726 599.066 573.693 606.922 623.332 586.915 619.309 605.966 614.181 603.493 606.356 602.128 596.929 588.786 579.61 535.347 368.515 209.14 176.702 189.316 161.192 170.496 185.34 189.28 190.637 173.784 176.008 165.449 167.981 173.239 171.019 173.615 172.789 169.939 165.134 168.657 161.248 0 0 0 0 0 0 
0 0 0 0 0 0 0 166.74 155.816 163.608 164.017 150.596 160.971 172.545 162.516 182.502 245.329 396.763 537.916 562.677 566.755 572.395 580.889 590.431 576.176 610.894 620.852 587.099 608.653 593.152 602.924 596.646 597.724 575.546 570.334 568.27 501.893 345.173 205.797 190.569 175.663 191.356 194.4 167.829 168.27 159.478 163.216 168.641 168.864 182.83 168.116 170.539 169.113 168.129 168.509 171.443 165.973 162.26 0 0 0 0 0 0 0 
0 0 0 0 0 0 0 0 164.181 168.526 161.941 158.601 163.131 165.086 160.592 154.878 182.295 201.835 276.183 447.015 522.88 559.531 571.161 566.507 558.901 586.593 607.569 577.146 590.172 578.949 572.507 564.408 567.364 546.935 515.229 426.972 277.174 191.779 190.12 177.319 177.505 158.856 174.895 167.727 176.734 181.79 171.275 176.792 169.08 169.953 171.48 163.543 166.848 160.109 158.885 159.745 159.797 0 0 0 0 0 0 0 0 
0 0 0 0 0 0 0 0 162.797 168.456 159.192 161.703 166.265 168.803 160.904 159.254 160.676 175.152 176.857 187.465 283.018 398.163 453.007 501.597 543.917 563.2 581.619 550.874 566.882 559.117 556.778 545.472 495.81 378.982 282.698 201.823 158.629 158.366 170.755 171.307 171.88 167.558 177.824 168.306 159.416 163.148 158.099 155.961 156.64 148.354 156.854 156.174 152.557 157.801 150.686 151.154 150.102 0 0 0 0 0 0 0 0 
0 0 0 0 0 0 0 0 0 171.621 166.206 164.195 171.208 171.296 165.791 171.386 180.604 173.968 187.567 200.361 180.889 195.823 259.005 290.42 320.886 415.496 443.454 441.112 445.65 407.733 367.329 296.986 207.076 161.535 143.925 153.264 158.139 143.779 136.628 144.476 137.947 139.589 145.741 144.72 146.383 149.561 152.955 141.543 150.856 147.663 142.561 148.758 139.411 139.339 140.4 135.673 0 0 0 0 0 0 0 0 0 
0 0 0 0 0 0 0 0 0 0 164.835 169.854 175.536 175.745 177.131 181.256 182.937 172.797 181.496 195.975 196.907 200.833 191.394 192.791 253.418 329.388 255.827 187.761 185.225 180.629 146.467 129.797 131.631 126.249 114.421 118.333 114.832 125.368 126.492 123.209 125.045 134.676 136.962 133.922 133.52 130.544 134.024 130.112 132.324 133.905 132.799 133.458 138.816 127.253 130.452 0 0 0 0 0 0 0 0 0 0 
0 0 0 0 0 0 0 0 0 0 0 166.628 166.123 174.214 170.181 165.456 160.347 163.857 167.042 173.717 163.206 166.606 179.243 167.646 168.046 251.147 208.896 175.967 151.597 140.295 131.972 140.762 144.634 148.938 155.437 154.833 151.387 149.686 151.385 144.774 143.214 142.033 142.782 136.824 142.489 136.224 142.692 137.558 138.472 140.457 142.37 135.879 138.353 135.733 0 0 0 0 0 0 0 0 0 0 0 
0 0 0 0 0 0 0 0 0 0 0 0 0 161.579 163.119 162.062 166.74 169.55 160.387 163.702 165.584 166.105 167.627 176.225 175.426 246.281 197.818 152.997 154.521 163.597 163.534 156.671 156.071 140.688 145.375 136.028 149.424 149.965 156.853 154.028 163.19 152.481 146.388 149.325 152.975 148.731 145.998 147.269 140.413 142.778 143.922 145.598 0 0 0 0 0 0 0 0 0 0 0 0 0 
0 0 0 0 0 0 0 0 0 0 0 0 0 0 161.732 169.036 162.287 162.306 154.94 161.167 169.49 165.524 157.562 167.555 166.347 256.189 216.301 153.688 151.158 153.437 165.608 161.021 159.755 155.992 155.331 152.299 154.554 142.923 151.492 145.33 149.739 152.964 147.573 153.414 150.002 151.078 154.491 151.945 147.754 146.315 142.617 0 0 0 0 0 0 0 0 0 0 0 0 0 0 
0 0 0 0 0 0 0 0 0 0 0 0 0 0 0 156.907 165.297 169.129 154.972 158.108 158.941 160.758 161.82 168.058 158.148 247.058 230.367 151.498 158.043 146.335 157.525 150.456 156.227 166.814 155.774 160.036 150.804 155.437 161.845 150.295 147.92 148.063 147.259 147.492 152.235 148.086 149.812 149.472 152.312 145.784 0 0 0 0 0 0 0 0 0 0 0 0 0 0 0 
0 0 0 0 0 0 0 0 0 0 0 0 0 0 0 0 0 158.431 160.115 159.055 160.39 158.651 158.991 167.864 156.146 248.499 244.744 146.638 155.572 155.491 160.582 147.79 156.099 157.735 159.47 158.479 156.504 155.576 153.087 149.59 149.886 151.27 151.865 151.392 156.819 150.406 145.858 142.797 0 0 0 0 0 0 0 0 0 0 0 0 0 0 0 0 0 
0 0 0 0 0 0 0 0 0 0 0 0 0 0 0 0 0 0 0 152.914 159.491 160.778 162.465 164.857 156.671 249.791 243.541 139.629 155.388 161.412 157.179 154.667 156.547 152.046 154.599 149.44 155.954 160.501 155.241 153.97 156.788 153.255 156.773 148.749 151.236 153.392 0 0 0 0 0 0 0 0 0 0 0 0 0 0 0 0 0 0 0 
0 0 0 0 0 0 0 0 0 0 0 0 0 0 0 0 0 0 0 0 0 159.681 160.525 161.757 159.352 255.717 244.07 140.836 155.961 159.735 155.296 157.607 155.223 162.089 150.495 149.355 153.208 160.391 157.104 155.559 154.921 157.755 153.641 149.198 0 0 0 0 0 0 0 0 0 0 0 0 0 0 0 0 0 0 0 0 0 
0 0 0 0 0 0 0 0 0 0 0 0 0 0 0 0 0 0 0 0 0 0 0 0 0 251.016 251.594 139.223 156.124 160.58 156.755 154.141 155.064 159.688 154.236 152.239 157.136 156.556 149.821 157.101 0 0 0 0 0 0 0 0 0 0 0 0 0 0 0 0 0 0 0 0 0 0 0 0 0 
0 0 0 0 0 0 0 0 0 0 0 0 0 0 0 0 0 0 0 0 0 0 0 0 0 0 0 0 0 0 0 0 0 0 0 0 0 0 0 0 0 0 0 0 0 0 0 0 0 0 0 0 0 0 0 0 0 0 0 0 0 0 0 0 0 
