0 0 0 0 0 0 0 0 0 0 0 0 0 0 0 0 0 0 0 0 0 0 0 0 0 0 0 0 0 0 0 0 0 0 0 0 0 0 0 0 0 0 0 0 0 0 0 0 0 0 0 0 0 0 0 0 0 0 0 0 0 0 0 0 0 
0 0 0 0 0 0 0 0 0 0 0 0 0 0 0 0 0 0 0 0 0 0 0 0 0 150.413 158.199 164.046 159.976 171.06 148.644 171.017 152.98 173.923 155.798 164.903 150.901 154.371 158.945 157.846 0 0 0 0 0 0 0 0 0 0 0 0 0 0 0 0 0 0 0 0 0 0 0 0 0 
0 0 0 0 0 0 0 0 0 0 0 0 0 0 0 0 0 0 0 0 0 163.285 159.454 166.208 163.045 162.843 165.18 167.922 166.212 167.218 157.878 170.891 161.788 178.462 159.202 161.993 161.158 159.04 167.874 160.212 162.736 151.341 161.435 148.939 0 0 0 0 0 0 0 0 0 0 0 0 0 0 0 0 0 0 0 0 0 
0 0 0 0 0 0 0 0 0 0 0 0 0 0 0 0 0 0 0 163.649 157.547 197.098 159.977 168.807 164.432 161.883 164.288 173.034 168.593 162.494 162.764 167.677 170.135 175.824 158.89 166.537 164.014 166.413 168.129 162.978 159.353 159.367 163.237 153.427 163.408 157.723 0 0 0 0 0 0 0 0 0 0 0 0 0 0 0 0 0 0 0 
0 0 0 0 0 0 0 0 0 0 0 0 0 0 0 0 0 158.275 163.283 168.157 158.867 204.246 184.81 167.004 166.239 165.492 175.431 170.792 170.874 160.88 170.463 167.862 174.521 170.638 161.446 170.79 167.612 169.864 167.303 161.059 159.958 167.326 168.832 160.648 159.518 157.963 150.903 163.538 0 0 0 0 0 0 0 0 0 0 0 0 0 0 0 0 0 
0 0 0 0 0 0 0 0 0 0 0 0 0 0 0 155.96 171.629 168.501 165.33 162.859 165.162 190.653 214.43 162.562 163.281 169.776 180.851 169.448 175.006 163.833 183.896 166.964 180.865 166.513 173.166 175.457 168.617 170.661 160.531 161.761 169.367 178.48 167.297 160.887 161.321 157.584 160.211 161.181 153.018 163.997 0 0 0 0 0 0 0 0 0 0 0 0 0 0 0 
0 0 0 0 0 0 0 0 0 0 0 0 0 0 161.842 164.128 165.222 174.489 173.49 164.626 164.551 176.42 239.087 170.207 161.072 172.223 177.236 168.53 178.27 168.959 187.665 159.931 178.662 162.223 184.026 169.104 172.726 170.695 154.998 175.122 172.819 179.858 162.006 162.971 163.219 158.303 169.908 161.873 169.2 155.47 141.053 0 0 0 0 0 0 0 0 0 0 0 0 0 0 
0 0 0 0 0 0 0 0 0 0 0 0 0 172.973 176.07 164.545 174.726 169.699 174.938 167.582 173.625 171.023 218.859 197.812 170.233 179.448 177.673 168.36 184.563 171.208 189.258 159.109 188.704 168.421 185.022 169.323 178.678 167.679 172.302 178.455 171.457 172.666 160.929 166.038 166.783 165.396 177.292 161.092 169.068 146.357 151.152 163.103 0 0 0 0 0 0 0 0 0 0 0 0 0 
0 0 0 0 0 0 0 0 0 0 0 166.302 176.087 169.358 173.894 169.157 182.648 174.626 171.556 169.876 181.786 174.983 191.436 228.952 175.784 179.181 180.234 170.003 192.118 162.667 191.101 156.353 190.88 167.094 182.047 174.827 178.186 175.056 179.389 175.283 173.34 168.517 164.784 172.885 172.989 172.96 168.263 161.729 161.815 154.096 157.355 172.345 143.952 164.684 0 0 0 0 0 0 0 0 0 0 0 
0 0 0 0 0 0 0 0 0 0 155.797 167.59 176.02 172.202 178.504 168.228 180.717 174.663 171.108 171.335 182.42 180.181 166.736 243.765 203.102 183.952 189.841 164.578 184.497 155.137 196.974 165.32 184.861 160.621 179.16 177.353 181.721 168.9 177.534 169.339 176.127 176.788 177.13 174.507 168.257 176.564 156.274 171.189 164.627 158.861 171.768 163.559 155.542 158.86 143.814 0 0 0 0 0 0 0 0 0 0 
0 0 0 0 0 0 0 0 0 162.892 166.662 177.89 177.268 171.822 173.921 169.674 186.357 170.266 168.147 180.091 181.331 181.296 162.424 198.568 242.073 195.01 184.158 162.722 185.87 172.658 196.964 161.418 178.014 179.246 189.856 173.796 174.449 166.887 175.821 170.79 185.105 176.2 175.459 171.438 168.996 165.05 164.94 184.228 162.318 162.711 180.713 150.214 168.371 155.592 152.406 153.968 0 0 0 0 0 0 0 0 0 
0 0 0 0 0 0 0 0 167.918 175.946 168.336 175.122 177.45 174.604 178.146 178.506 178.259 172.72 170.737 185.306 173.235 181.932 183.752 189.347 239.953 187.164 177.341 156.157 202.163 185.127 174.267 162.674 186.809 196.112 174.986 175.159 185.478 174.821 183.66 180.636 181.985 169.857 176.619 163.217 170.14 173.625 176.501 174.839 163.362 171.038 165.896 157.249 172.166 151.119 154.545 155.575 143.112 0 0 0 0 0 0 0 0 
0 0 0 0 0 0 0 0 169.245 173.036 173.357 178.649 183.472 175.149 177.424 186.221 181.071 176.477 178.096 183.712 163.783 184.998 179.58 221.596 243.9 178.267 166.895 181.155 199.492 164.271 173.914 189.834 186.183 173.152 167.757 187.746 194.012 173.373 179.849 181.518 173.347 181.094 175.894 171.991 188.629 169.175 189.99 165.958 161.182 174.466 155.807 169.487 163.323 156.844 161.437 156.423 156.294 0 0 0 0 0 0 0 0 
0 0 0 0 0 0 0 177.242 177.438 175.597 171.728 172.236 177.586 171.895 172.7 186.984 176.967 174.099 187.949 176.641 178.641 197.144 150.637 199.336 255.425 202.333 179.027 177.414 176.83 177.196 188.032 182.341 158.165 178.229 192.197 191.59 173.415 168.882 177.128 189.544 179.868 186.415 181.52 171.138 176.842 169.379 173.991 157.501 165.1 173.409 162.828 182.169 161.616 164.784 167.133 154.041 161.892 149.948 0 0 0 0 0 0 0 
0 0 0 0 0 0 174.195 178.675 180.754 180.307 184.002 182.365 184.716 180.068 178.929 191.777 171.08 183.319 183.105 170.307 193.405 181.22 176.766 193.251 180.744 255.088 233.287 181.936 199.32 176.493 164.191 190.031 174.622 190.757 174.346 168.94 172.639 185.941 183.695 187.19 168.112 173.626 174.05 179.677 165.029 173.556 173.491 166.8 187.425 166.342 176.805 172.829 156.186 161.692 158.923 157.687 164.274 148.625 152.713 0 0 0 0 0 0 
0 0 0 0 0 165.061 177.864 177.848 175.196 177.556 184.377 179.954 180.537 177.015 188.13 187.155 173.208 186.935 164.368 183.846 179.75 175.85 182.491 170.553 181.468 177.547 225.034 249.287 222.206 221.903 199.756 178.924 156.686 178.911 179.05 190.729 182.375 184.412 172.175 156.257 163.97 178.374 183.93 181.11 170.666 188.367 176.044 175.274 184.935 163.47 181.357 161.512 165.58 170.211 157.444 170.813 155.648 154.805 155.538 151.945 0 0 0 0 0 
0 0 0 0 0 170.104 179.11 179.315 174.399 173.76 180.373 188.799 176.796 173.938 192.208 181.514 191.424 187.438 178.247 200.511 164.868 199.482 162.255 199.988 166.517 181.366 217.473 165.68 186.389 235.505 206.035 187.871 190.061 188.845 171.329 171.802 166.015 175.554 175.484 177.625 189.299 183.986 178.71 168.641 172.798 176.06 170.683 178.759 156.143 164.469 163.987 162.116 165.426 157.112 157.5 164.021 152.345 160.994 153.926 143.731 0 0 0 0 0 
0 0 0 0 173.098 174.179 183.921 184.685 184.683 183.576 183.216 191.932 181.167 181.269 195.99 170.918 206.924 172.514 201.563 177.787 208.901 181.428 191.462 189.298 174.369 172.032 206.692 184.245 179.241 185.726 187.161 225.989 167.852 167.455 181.466 193.747 171.875 179.061 183.395 167.135 160.79 158.415 180.749 161.142 182.999 165.493 174.111 173.566 154.744 183.795 169.366 166.118 171.306 161.508 182.052 162.5 158.95 156.737 146.352 152.845 153.274 0 0 0 0 
0 0 0 0 174.678 176.913 180.625 184.928 182.65 179.815 190.662 198.798 177.114 194.525 195.092 196.771 205.607 198.037 184.687 197.391 202.365 202.523 198.885 208.088 182.42 188.06 177.373 177.179 178.657 171.14 169.287 199.977 154.874 163.637 157.741 138.989 138.148 170.703 167.534 153.243 165.82 177.26 188.685 160.613 171.669 154.064 172.621 156.992 177.931 173.105 166.537 166.782 153.167 160.725 157.692 143.713 150.784 143.73 145.35 154.368 137.21 0 0 0 0 
0 0 0 172.461 176.643 179.676 180.362 191.44 188.472 184.337 187.819 205.645 179.993 210.147 191.656 215.109 202.361 211.23 211.41 226.126 238.263 233.753 262.828 258.501 290.887 297.38 303.812 300.25 231.134 223.568 206.161 175.563 143.039 174.646 168.999 170.453 181.704 179.327 165.383 161.68 162.326 165.858 154.333 157.409 154.114 158.498 170.669 145.668 166.304 153.154 159.089 144.882 148.586 166.434 152.204 154.027 149.213 148.049 157.801 145.872 140.685 140.094 0 0 0 
0 0 0 185.712 186.541 184.054 181.799 189.529 183.489 177.102 187.738 189.949 172.119 202.145 188.072 200.252 199.03 188.4 194.435 228.073 261.876 335.823 416.443 456.075 510.033 499.269 544.528 548.611 562.041 525.745 445.787 379.176 255.909 177.563 181.897 169.958 152.906 161.391 173.35 164.899 162.079 173.787 176.77 186.199 167.866 188.578 184.455 182.915 178.819 180.456 171.608 169.749 180.602 174.132 159.838 159.702 165.66 171.423 168.354 154.942 158.372 153.524 0 0 0 
0 0 171.737 176.146 176.496 181.478 184.678 188.791 182.869 178.508 185.367 188.163 184.756 176.591 191.842 189.298 196.126 210.684 282.316 423.61 493.425 563.626 583.781 596.369 592.724 587.616 606.637 580.584 596.449 568.659 589.797 557.302 520.983 455.667 313.236 203.065 213.504 220.864 208.829 202.449 193.491 193.245 199.643 187.145 175.614 194.802 175.354 183.037 172.831 185.024 183.18 188.225 195.614 183.688 175.425 178.296 180.55 177.225 159.919 162.049 163.628 165.53 160.75 0 0 
0 0 178.659 181.051 183.258 177.15 177.739 192.429 194.396 182.133 199.535 177.585 195.122 177.679 188.272 182.56 252.961 403.177 528.534 592.49 570.853 611.017 592.534 619.253 596.159 615.873 599.24 616.612 604.42 624.742 603.6 592.291 587.826 583.345 554.253 429.68 270.465 200.153 190.634 202.19 192.675 196.685 233.951 194.024 189.164 205.504 211.604 203.644 196.208 194.641 179.246 189.543 182.29 171.93 182.349 183.253 186.223 176.651 176.985 178.263 174.028 170.753 163.533 0 0 
0 0 181.721 182.527 185.307 182.427 178.476 188.955 178.849 164.622 201.293 166.835 212.103 185.599 196.188 302.527 481.087 567.188 586.682 607.192 595.484 626.829 615.624 613.319 625.181 611.002 621.904 618.431 633.914 624.42 635.649 624.374 605.795 622.72 601.626 569.814 498.122 317.793 221.465 246.222 202.758 172.583 206.179 175.612 207.445 223.067 208.268 180.897 205.376 198.393 199.091 199.85 187.137 183.637 182.803 187.39 184.277 176.281 174.252 173.413 176.752 171.7 169.766 0 0 
0 0 183.73 183.915 179.547 182.545 176.64 186.445 193.463 172.583 198.631 176.561 184.337 202.503 342.923 523.398 596.193 585.741 594.521 610.973 623.436 622.089 632.434 609.865 622.279 614.007 614.707 629.497 616.744 631.634 630.661 641.361 616.529 627.511 632.909 607.569 608.048 505.579 314.806 202.645 206.443 233.265 231.011 190.754 197.47 202.177 181.266 191.629 205.372 185.576 192.203 198.297 198.912 197.481 194.421 196.958 179.551 180.665 185.496 186.009 180.327 176.704 173.336 0 0 
0 167.175 181.931 182.642 183.962 189.665 181.84 191.292 198.062 169.864 198.6 186.761 205.956 343.99 525.381 577.682 605.649 599.831 626.001 621.239 628.483 600.557 626.919 621.575 604.75 613.38 624.295 612.786 614.405 618.108 620.82 625.179 621.751 638.641 633.631 612.802 624.042 604.404 516.577 331.846 217.594 170.573 192.923 207.638 214.154 229.533 176.872 203.997 203.008 192.875 197.798 201.288 190.921 195.447 203.001 195.905 188.972 190.909 194.267 181.039 177.355 173.254 171.067 169.745 0 
0 182.212 182.471 181.102 183.224 178.965 177.082 178.806 190.459 168.518 198.068 193.212 328.962 534.019 581.49 597.892 622.594 599.58 625.816 596.719 617.655 606.704 611.148 604.125 623.62 619.164 610.728 619.345 617.793 611.169 628.721 641.244 610.907 644.981 648.549 631.869 632.089 588.426 615.821 440.643 343.78 213.647 201.436 223.753 209.027 211.345 208.263 233.617 190.719 190.302 209.077 193.998 195.896 188.649 182.936 178.256 190.797 190.781 187.274 177.336 176.956 177.157 177.882 174.59 0 
0 181.895 184.79 187.477 187.935 184.852 181.314 182.968 194.604 179.102 178.97 282.494 499.004 584.718 591.34 601.451 625.558 598.828 628.021 594.549 605.048 595.06 599.931 595.752 599.311 612.204 629.643 625.378 627.014 622.439 624.98 657.465 631.348 645.541 655.899 670.849 673.736 649.452 636.369 611.993 411.775 253.671 227.953 205.131 202.584 209.475 199.02 202.812 201.392 217.755 208.71 200.216 208.997 213.366 191.528 199.893 200.539 192.869 192.465 188.248 187.013 194.158 190.491 187.72 0 
0 177.684 183.901 188.522 189.608 183.043 177.779 183.905 197.679 179.519 216.519 428.318 574.494 587.008 602.714 596.619 618.179 574.087 610.369 581.35 572.856 558.628 547.912 526.1 495.934 480.399 495.085 548.872 628.156 649.504 625.853 660.145 648.278 652.358 631.631 641.769 636.555 654.386 614.346 634.907 543.073 347.816 234.942 234.206 228.767 207.909 219.292 225.459 208.731 224.415 213.652 199.939 214.508 210.42 203.253 207.127 203.997 179.688 185.489 185.676 192.826 194.788 184.651 183.037 0 
0 178.327 177.402 181.481 186.158 187.263 182.499 176.51 198.18 186.174 322.569 547.449 589.797 607.416 627.008 608.492 631.729 605.703 625.166 600.91 606.151 553.139 443.894 339.882 275.476 233.96 210.331 228.028 289.94 416.979 540.096 623.394 637.409 645.216 634.709 652.226 626.917 667.598 636.119 624.929 583.85 481.505 217.255 218.758 217.053 176.199 195.935 196.592 197.55 194.909 171.638 198.806 204.658 186.615 187.279 187.905 181.749 186.134 190.879 183.759 169.301 168.81 172.403 171.756 0 
0 181.137 181.9 185.423 190.056 190.899 198.661 179.809 213.186 224.334 450.873 587.848 598.804 617.957 637.457 610.576 629.318 608.846 617.81 609.136 476.236 290.541 197.376 174.112 172.475 164.476 168.697 179.1 161.312 171.639 290.862 494.17 631.894 615.323 634.791 641.006 597.719 602.667 628.258 596.69 592.892 547.395 326.166 217.713 201.007 184.714 235.241 177.654 194.107 183.358 194.285 196.979 173.162 190.117 187.682 172.019 181.691 181.583 185.233 183.345 173.707 170.805 160.232 154.928 0 
0 191.049 183.381 181.403 185.16 191.388 188.52 174.065 199.69 268.995 530.627 591.067 611.236 618.365 640.144 616.483 625.226 615.573 613.89 443.222 221.977 170.582 178.078 180.694 170.834 162.764 168.583 167.468 161.334 151.593 139.02 214.314 603.874 633.534 626.511 624.307 628.897 633.87 651.645 624.02 601.561 580.206 427.746 190.239 211.782 176.064 200.19 181.003 203.828 174.917 205.7 187.042 174.036 191.64 187.465 187.981 186.972 179.149 171.666 169.303 167.682 177.141 178.965 180.258 0 
0 179.123 175.854 180.689 187.258 189.201 188.587 174.557 213.731 362.912 568.365 597.766 619.113 625.429 633.69 620.42 601.943 625.257 495.326 228.163 168.18 169.864 169.225 170.556 163.319 157.148 166.668 160.394 149.385 140.074 123.977 33.975 370.433 713.36 635.572 667.632 632.135 611.765 631.345 618.297 633.109 630.429 507.794 267.99 225.235 195.472 178.177 213.436 192.476 189.357 179.498 166.234 196.433 192.958 181.739 179.731 185.447 183.406 171.435 175.958 177.853 180.598 180.624 173.765 0 
0 178.998 183.099 188.256 185.129 185.279 197.102 172.521 224.145 429.787 581.852 606.441 620.54 622.271 617.274 638.555 594.338 602.036 322.125 174.805 177.369 167.683 173.233 177.318 167.311 164.116 169.9 169.377 164.234 154.184 151.732 128.741 162.085 565.164 653.391 612.761 616.723 632.863 653.988 604.773 621.328 590.478 560.415 333.803 201.133 217.237 189.011 211.443 168.38 204.032 182.68 196.27 189.431 181.693 184.695 172.456 173.268 168.044 178.069 182.573 171.985 171.65 168.587 171.247 0 
0 190.646 188.771 183.358 177.34 180.278 197.53 185.506 236.293 473.574 595.375 613.161 616.495 628.906 620.953 639.347 589.817 518.93 212.654 176.229 176.544 167.966 175.039 175.063 167.703 167.916 170.697 178.447 173.913 158.304 161.912 162.653 161.337 401.13 631.894 647.857 596.747 614.82 612.365 646.798 633.165 616.146 569.134 367.714 208.64 201.942 192.039 186.96 203.42 193.5 192.706 197.085 172.193 182.054 180.725 185.026 182.818 178.467 179.713 181.446 175.181 172.185 163.831 160.282 0 
0 180.259 177.811 185.28 190.883 189.912 190.911 197.659 236.325 502.62 590.191 612.394 626.212 633.829 621.763 623.675 604.437 431.354 183.759 176.756 176.98 172.886 175.634 180.018 174.416 177.757 171.247 179.582 174.764 161.684 167.3 172.559 174.804 348.031 583.75 598.421 623.142 628.669 595.751 618.595 654.415 597.347 584.19 447.99 201.529 180.113 195.224 184.129 202.837 174.588 194.525 176.865 189.282 200.933 185.447 175.695 180.191 187.578 182.741 174.272 163.631 170.315 174.113 174.411 0 
0 187.416 192.54 190.659 185.392 184.77 184.231 212.571 240.839 520.896 587.951 616.485 634.853 626.81 613.587 615.524 625.506 362.18 184.457 176.948 174.332 177.639 175.227 181.759 174.565 180.077 169.895 183.698 182.023 169.297 169.283 168.159 169.648 308.346 557.811 579.133 627.132 609.646 613.318 644.398 616.835 598.697 590.598 458.457 219.667 203.013 196.818 193.864 159.932 196.472 180.442 184.504 204.258 187.867 180.073 189.506 184.237 172.047 169.903 166.523 167.288 172.428 173.8 176.348 0 
0 178.301 177.707 185.54 188.674 189.437 187.224 212.002 239.654 530.731 584.204 620.022 624.685 629.431 634.533 604.207 628.511 359.556 188.221 180.637 175.441 178.198 174.379 179.821 175.417 181.443 175.919 181.504 171.033 173.12 175.09 170.881 170.767 310.774 572.178 603.452 608.234 591.401 629.2 645.264 623.903 593.772 581.434 473.111 219.453 192.682 184.988 189.292 200.032 195.404 185.951 184.714 173.442 179.125 178.683 187.47 183.878 176.769 174.668 171.887 181.296 178.474 173.433 169.918 0 
0 185.019 185.544 191.15 184.156 187.528 182.806 186.867 257.615 515.157 600.444 610.007 620.488 628.412 633.824 620.987 622.337 418.966 190.383 190.033 175.274 177.576 173.923 180.123 175.485 177.818 186.7 185.899 168.897 168.3 171.627 183.19 182.856 349.317 586.639 599.439 593.508 604.055 644.469 624.368 611.61 621.499 587.122 429.87 209.438 199.506 213.995 190.045 196.681 175.111 193.79 180.073 175.921 186.973 183.636 177.11 175.043 178.471 187.646 182.664 176.863 173.531 174.78 171.26 0 
0 184.432 191.335 191.141 192.898 194.215 186.961 180.66 254.62 479.098 590.23 612.711 642.184 633.097 617.788 626.225 622.995 528.246 195.884 194.256 177.459 178.831 174.797 180.833 173.41 175.006 188.944 185.232 173.086 171.997 174.892 173.684 187.695 416.882 601.455 608.909 595.178 618.317 622.606 618.11 618.052 591.827 580.698 433.585 218.161 194.97 173.133 195.629 174.091 203.807 175.383 184.193 204.082 185.008 173.734 186.543 183.388 183.071 178.493 167.371 171.47 170.627 170.297 170.178 0 
0 0 184.308 182.995 191.147 191.391 192.631 188.137 239.375 447.621 587.649 604.625 629.923 634.184 628.019 627.24 615.174 601.85 314.41 177.94 184.543 178.182 172.91 185.473 173.018 176.541 182.114 181.366 173.252 172.09 184.525 176.62 252.37 531.543 619.277 609.139 605.619 617.006 600.502 611.363 634.919 610.02 568.867 368.428 193.832 193.93 187.758 180.707 209.116 185.197 194.607 193.96 183.406 179.149 179.738 180.363 181 173.987 168.23 165.635 167.823 169.858 170.202 0 0 
0 0 183.928 186.405 184.767 184.253 191.829 194.293 180.77 411.1 578.051 611.559 623.15 631.169 621.262 630.475 617.038 614.997 526.241 224.225 183.576 186.723 173.167 182.298 171.944 179.337 182.424 184.602 170.157 181.127 189.436 194.504 405.068 596.097 614.71 590.337 603.701 617.147 618.03 619.058 607.936 579.79 550.883 326.538 202.249 207.79 186.269 200.98 174.524 182.182 183.324 178.306 173.879 182.637 195.844 176.232 174.241 182.76 177.027 177.806 178.452 180.622 181.734 0 0 
0 0 190.138 187.691 181.618 196.72 196.545 195.075 185.369 348.818 553.524 601.235 615.847 631.15 638.527 628.049 622.873 616.434 617.523 463.073 225.378 181.559 180.88 184.674 174.137 177.548 178.385 185.099 166.412 181.766 185.539 327.668 555.656 602.057 613.124 601.508 622.939 625.018 623.012 633.84 609.472 582.413 505.616 249.321 179.081 181.548 185.179 171.457 192.253 195.17 177.955 188.342 199.188 185.962 183.48 182.642 178.667 179.96 178.472 184.248 178.025 171.788 168.791 0 0 
0 0 179.486 187.41 195.302 189.886 180.19 187.895 196.555 244.589 519.452 584.73 614.709 628.379 636.236 632.858 620.576 625.869 625.744 619.292 503.509 301.339 222.159 187.323 177.459 182.679 190.255 188.098 170.644 199.862 328.885 542.072 602.081 610.22 611.009 606.271 629.985 619.188 608.753 606.261 579.394 568.656 423.103 221.004 204.782 201.349 186.719 203.453 187.129 183.084 202.442 188.211 169.627 181.884 178.553 184.581 191.238 184.221 174.221 175.851 176.38 175.541 172.179 0 0 
0 0 0 191.029 186.227 181.439 186.095 185.105 191.247 192.098 412.835 566.428 589.658 616.091 623.527 629.888 617.688 619.504 618.203 600.777 617.424 565.178 463.556 378.738 290.181 256.74 244.795 237.674 294.933 447.556 593.904 628.126 624.749 642.667 623.724 640.341 643.082 638.19 643.362 624.24 597.258 561.628 323.16 194.757 197.352 192.429 199.581 174.368 196.227 201.09 186.6 181.6 186.823 189.735 194.536 186.978 190.14 179.485 181.437 174.677 180.837 185.06 0 0 0 
0 0 0 180.977 188.432 186.126 193.566 182.408 189.68 174.537 244.905 525.538 567.322 596.819 603.512 611.547 610.856 594.526 586.776 583.336 552.927 567.858 547.496 505.921 518.115 493.104 526.015 569.848 633.971 673.857 676.139 651.663 667.275 646.033 635.007 657.242 650.432 650.92 653.224 622.965 614.451 487.174 255.139 226.904 224.145 225.985 211.816 232.473 215.806 202.672 202.689 213.572 223.299 208.402 203.603 201.368 188.225 195.368 203.499 199.298 196.988 196.654 0 0 0 
0 0 0 0 186.678 188.004 188.768 188.974 189.145 181.325 178.216 369.139 568.522 578.466 602.72 603.741 617.434 618.869 608.416 612.235 606.125 600.275 621.424 603.61 594.507 646.094 664.636 627.678 659.283 660.312 655.559 633.958 666.83 646.794 686.989 681.542 660.481 664.107 638.632 612.138 574.18 329.595 203.822 218.286 195.112 216.167 217.392 194.775 208.144 214.004 215.289 204.419 194.434 197.254 200.993 202.234 202.047 195.523 201.374 207.107 200.288 0 0 0 0 
0 0 0 0 178.61 179.627 184.031 186.081 183.236 189.549 201.38 199.676 454.774 574.867 599.616 608.118 624.083 631.927 625.383 614.636 609.732 605.199 608.022 636.563 631.712 603.81 643.897 639.569 624.54 627.365 640.809 649.379 663.723 622.422 652.266 624.128 629.84 640.505 612.086 605.675 453.882 250.678 219.969 213.961 205.594 189.399 207.104 218.93 207.565 190.95 185.635 194.029 192.063 199.332 205.011 192.741 193.93 199.618 185.266 184.628 191.988 0 0 0 0 
0 0 0 0 0 187.572 192.302 185.756 188.988 189.496 196.981 190.671 232.774 478.961 578.031 591.908 608.3 621.05 622.901 631.823 625.711 623.998 623.978 618.96 623.15 638.522 623.998 605.418 648.871 645.492 615.103 624.058 626.017 656.331 665.291 641.332 639.791 610.21 586.545 504.868 270.754 214.137 210.579 198.421 201.126 221.82 215.29 198.796 185.845 200.791 206.949 203.272 203.292 197.505 192.297 187.816 183.862 186.163 191.278 184.232 0 0 0 0 0 
0 0 0 0 0 192.63 185.69 181.509 184.174 182.628 177.055 198.966 186.024 257.137 481.419 558.042 591.152 607.684 617.241 627.25 636.421 625.338 629.651 626.269 624.599 643.167 644.374 618.46 634.786 642.902 645.373 667.064 634.004 639.573 622.739 628.473 619.038 601.075 553.992 331.544 205.315 208.076 197.707 207.968 198.709 191.165 198.032 208.971 213.224 207.734 201.011 189.321 190.597 188.896 183.76 187.635 191.114 187.871 189.76 193.459 0 0 0 0 0 
0 0 0 0 0 0 186.536 188.415 200.599 189.369 188.284 194.654 182.376 181.685 254.099 447.5 547.557 598.454 599.868 609.692 630.476 619.592 624.808 631.494 628.318 634.996 649.51 629.155 640.505 624.444 646.602 632.779 648.845 640.014 611.815 604.975 579.686 532.904 355.467 220.161 219.458 200.96 197.019 202.502 205.654 206.472 194.787 193.72 190.235 184.193 188.401 195.329 192.088 193.195 190.425 193.608 196.328 195.627 192.754 0 0 0 0 0 0 
0 0 0 0 0 0 0 187.44 195.647 182.31 187.107 194.908 191.223 205.039 181.222 220.036 382.755 501.2 578.076 598.221 603.559 606.661 620.755 626.985 618.127 636.831 633.48 618.858 638.097 612.104 632.769 609.459 635.868 596.428 603.2 588.406 495.641 326.343 208.472 207.961 209.136 215.16 212.484 200.601 185.183 182.859 192.473 190.04 194.762 192.163 193.69 199.612 193.513 189.836 194.501 188.314 187.505 188.925 0 0 0 0 0 0 0 
0 0 0 0 0 0 0 0 181.862 185.092 188.685 195.81 185.809 186.151 193.99 187.87 201.97 309.743 401.919 518.998 588.833 598.404 595.483 603.082 600.811 635.128 613.354 613.032 615.821 616.179 605.425 589.142 599.813 576.487 550.041 433.756 289.54 216.527 205.067 205.068 183.895 187.958 184.416 203.195 200.812 204.875 203.887 194.863 191.73 196.717 188.079 178.652 180.986 177.967 186.638 186.502 184.236 0 0 0 0 0 0 0 0 
0 0 0 0 0 0 0 0 190.272 192.919 194.125 187.349 190.127 191.394 185.079 198.288 189.734 186.23 238.098 278.743 379.015 492.288 536.298 557.044 584.42 619.602 580.268 593.752 579.266 598.855 576.265 587.004 522.355 451.744 318.091 233.055 186.308 209.227 202.342 206.737 192.662 200.802 178.766 196.892 180.751 180.677 178.211 184.163 180.107 181.798 180.401 183.139 189.207 186.526 177.388 182.946 180.371 0 0 0 0 0 0 0 0 
0 0 0 0 0 0 0 0 0 186.941 194.522 198.968 200.727 195.248 195.144 206.746 206.599 196.033 203.382 241.066 238.897 242.566 309.124 370.539 419.627 499.114 472.606 519.531 494.574 493.086 419.506 361.491 249.018 186.352 166.311 177.272 166.397 166.753 165.513 164.266 172.696 174.641 168.625 170.386 170.465 171.332 179.661 183.415 179.398 173.423 173.953 173.498 177.62 176.81 175.027 171.984 0 0 0 0 0 0 0 0 0 
0 0 0 0 0 0 0 0 0 0 195.57 202.012 206.823 211.55 207.116 206.501 211.269 221.303 220.68 221.923 253.705 269.325 243.88 234.653 283.503 381.952 281.098 265.763 231.577 201.197 175.843 144.292 159.513 148.119 146.296 140.898 152.303 143.732 151.917 141.792 156.393 144.34 155.237 145.351 157.709 143.125 151.357 147.18 152.314 154.627 155.748 158.152 158.207 158.775 164.16 0 0 0 0 0 0 0 0 0 0 
0 0 0 0 0 0 0 0 0 0 0 194.349 194.933 201.304 197.12 189.844 207.05 205.067 204.247 202.679 193.126 207.998 209.357 213.639 208.814 256.78 154.415 198.165 196.259 170.025 164.792 147.513 153.704 158.954 158.443 168.475 170.845 165.097 173.975 161.35 175.44 162.927 169.177 164.162 172.029 162.525 160.572 159.811 160.442 165.386 164.357 163.955 163.075 161.806 0 0 0 0 0 0 0 0 0 0 0 
0 0 0 0 0 0 0 0 0 0 0 0 0 188.836 191.148 190.286 197.793 187.756 195.991 194.013 187.577 192.562 205.505 192.852 214.767 270.106 162.548 177.973 169.243 188.274 183.879 194.627 172.59 172.074 167.119 171.077 156.673 171.36 164.46 171.422 179.726 178.479 178.73 184.278 173.157 178.87 172.937 180.589 175.612 170.684 166.93 171.271 0 0 0 0 0 0 0 0 0 0 0 0 0 
0 0 0 0 0 0 0 0 0 0 0 0 0 0 185.852 193.592 194.725 194.76 195.555 186.785 189.239 194.783 185.22 188.097 219.51 258.157 171.722 193.549 182.629 180.676 170.287 178.949 183.842 183.277 186.777 185.927 179.448 177.644 169.288 184.99 172.77 178.754 162.673 183.442 167.2 179.183 178.49 178.318 180.258 177.867 184.5 0 0 0 0 0 0 0 0 0 0 0 0 0 0 
0 0 0 0 0 0 0 0 0 0 0 0 0 0 0 181.319 187.08 200.407 191.7 186.287 190.474 193.385 187.449 180.291 224.434 254.99 177.503 196.457 187.041 184.552 182.334 175.665 179.007 185.052 181.967 183.94 190.078 181.71 171.886 176.929 170.698 181.767 178.209 180.228 180.425 175.342 177.401 173.023 184.263 177.373 0 0 0 0 0 0 0 0 0 0 0 0 0 0 0 
0 0 0 0 0 0 0 0 0 0 0 0 0 0 0 0 0 184.196 177.915 189.113 198.896 189.777 189.679 180.709 226.91 239.556 180.852 189.728 186.109 182.551 177.811 183.23 179.825 187.812 177.258 183.129 185.579 182.642 183.348 182.97 178.139 180.475 186.663 180.618 188.128 172.158 191.403 178.256 0 0 0 0 0 0 0 0 0 0 0 0 0 0 0 0 0 
0 0 0 0 0 0 0 0 0 0 0 0 0 0 0 0 0 0 0 191.115 185.585 182.13 192.852 181.028 243.666 236.051 187.231 193.532 187.571 180.087 186.171 180.106 182.558 186.719 177.792 181.529 183.308 176.613 184.364 184.45 186.39 175.846 194.481 180.823 192.945 181.146 0 0 0 0 0 0 0 0 0 0 0 0 0 0 0 0 0 0 0 
0 0 0 0 0 0 0 0 0 0 0 0 0 0 0 0 0 0 0 0 0 181.881 185.425 169.375 257.397 229.989 190.975 198.995 183.301 188.231 189.76 183.228 188.292 188.528 182.581 184.039 184.905 179.162 186.352 178.934 192.236 180.513 194.683 188.405 0 0 0 0 0 0 0 0 0 0 0 0 0 0 0 0 0 0 0 0 0 
0 0 0 0 0 0 0 0 0 0 0 0 0 0 0 0 0 0 0 0 0 0 0 0 0 211.001 191.668 183.692 182.521 191.38 186.42 184.031 191.783 175.711 188.708 190.234 189.526 189.721 192.801 192.621 0 0 0 0 0 0 0 0 0 0 0 0 0 0 0 0 0 0 0 0 0 0 0 0 0 
0 0 0 0 0 0 0 0 0 0 0 0 0 0 0 0 0 0 0 0 0 0 0 0 0 0 0 0 0 0 0 0 0 0 0 0 0 0 0 0 0 0 0 0 0 0 0 0 0 0 0 0 0 0 0 0 0 0 0 0 0 0 0 0 0 
