0 0 0 0 0 0 0 0 0 0 0 0 0 0 0 0 0 0 0 0 0 0 0 0 0 0 0 0 0 0 0 0 0 0 0 0 0 0 0 0 0 0 0 0 0 0 0 0 0 0 0 0 0 0 0 0 0 0 0 0 0 0 0 0 0 
0 0 0 0 0 0 0 0 0 0 0 0 0 0 0 0 0 0 0 0 0 0 0 0 0 142.417 142.922 145.68 151.713 139.312 141.908 148.7 140.346 148.933 141.711 145.759 139.333 138.385 136.337 132.836 0 0 0 0 0 0 0 0 0 0 0 0 0 0 0 0 0 0 0 0 0 0 0 0 0 
0 0 0 0 0 0 0 0 0 0 0 0 0 0 0 0 0 0 0 0 0 145.604 139.694 157.617 146.133 146.133 146.194 146.003 150.543 141.029 144.818 146.631 147.309 150.714 143.882 148.409 140.424 144.198 140.526 136.387 146.708 135.93 142.552 129.233 0 0 0 0 0 0 0 0 0 0 0 0 0 0 0 0 0 0 0 0 0 
0 0 0 0 0 0 0 0 0 0 0 0 0 0 0 0 0 0 0 143.248 148.07 152.638 142.837 154.56 149.387 141.901 150.803 152.29 151.927 141.727 145.405 145.216 154.243 149.619 149.301 147.679 145.984 150.19 140.942 143.854 147.109 143.764 139.096 135.668 143.766 134.002 0 0 0 0 0 0 0 0 0 0 0 0 0 0 0 0 0 0 0 
0 0 0 0 0 0 0 0 0 0 0 0 0 0 0 0 0 150.918 148.364 145.342 145.424 151.725 151.331 156.434 155.782 146.467 157.933 154.075 151.301 140.498 149.368 145.887 156.777 147.142 151.155 147.565 152.328 150.54 141.86 145.826 148.42 144.519 141.86 143.241 140.986 135.995 134.783 140.789 0 0 0 0 0 0 0 0 0 0 0 0 0 0 0 0 0 
0 0 0 0 0 0 0 0 0 0 0 0 0 0 0 142.332 151.4 154.016 144.994 143.244 153.985 154.833 150.884 155.614 156.552 151.548 162.148 153.933 152.307 148.498 154.517 148.862 158.664 150.251 156.974 153.672 154.435 152.046 137.675 145.822 150.639 148.904 146.419 143.616 143.624 138.559 139.639 137.858 130.667 135.153 0 0 0 0 0 0 0 0 0 0 0 0 0 0 0 
0 0 0 0 0 0 0 0 0 0 0 0 0 0 153.777 150.608 152.048 154.814 147.923 147.413 155.139 154.641 154.015 154.26 157.246 153.653 156.512 152.287 156.859 158.067 151.369 145.844 155.729 153.983 161.18 151.715 153.56 152.096 136.902 157.221 149.99 149.592 145.469 147.978 143.597 138.754 141.853 138.521 143.704 139.355 136.737 0 0 0 0 0 0 0 0 0 0 0 0 0 0 
0 0 0 0 0 0 0 0 0 0 0 0 0 156.296 146.9 149.283 155.547 161.417 153.873 141.524 160.72 154.356 153.495 151.929 165.028 160.377 155.325 154.573 160.375 156.327 151.933 146.954 161.422 161.155 154.363 153.002 151.668 154.238 148.595 156.829 149.395 148.027 146.877 148.224 145.128 138.467 150.92 148.353 144.469 139.388 134.902 129.866 0 0 0 0 0 0 0 0 0 0 0 0 0 
0 0 0 0 0 0 0 0 0 0 0 146.924 151.01 152.583 151.168 155.151 154.028 158.493 154.558 144.493 169.087 151.234 153.184 156.162 169.288 155.772 156.457 159.413 165.712 151.059 153.036 153.253 166.411 151.781 155.369 152.551 160.096 162.958 149.615 150.841 151.685 148.598 146.035 152.4 151.351 147.838 156.568 146.736 141.537 139.401 138.21 132.293 133.727 123.486 0 0 0 0 0 0 0 0 0 0 0 
0 0 0 0 0 0 0 0 0 0 147.011 152.234 150.917 149.952 155.478 161.895 155.915 159.451 158.245 147.384 166.486 158.998 155.927 159.781 166.875 156.528 170.643 175.31 151.258 144.767 154.621 158.907 162.344 148.795 152.997 154.966 164.097 154.059 146.372 147.155 156.551 157.873 160.768 150.939 151.01 154.065 147.652 138.584 141.958 140.254 134.167 134.443 140.431 135.176 132.787 0 0 0 0 0 0 0 0 0 0 
0 0 0 0 0 0 0 0 0 149.655 159.242 157.552 154.562 153.13 155.363 155.608 160.371 158.752 162.673 160.932 157.294 150.068 170.598 166.376 159.687 151.633 169.245 165.191 141.132 157.027 159.7 157.068 142.599 155.731 175.254 169.634 162.584 145.719 153.233 153.259 160.074 155.258 151.472 142.831 149.352 141.015 141.704 142.148 148.517 141.522 141.423 150.897 138.328 134.887 132.404 131.397 0 0 0 0 0 0 0 0 0 
0 0 0 0 0 0 0 0 143.252 146.302 149.65 159.191 156.99 153.143 157.868 160.952 161.895 153.478 165.52 174.601 210.414 183.438 170.148 139.924 164.525 173.86 163.671 152.986 145.913 162.13 152.075 153.543 138.797 166.43 152.946 145.82 136.657 139.304 153.704 153.13 161.069 153.962 149.568 144.894 147.935 154.31 154.82 154.273 146.386 145.743 148.445 147.258 137.624 139.483 134.223 140.589 128.935 0 0 0 0 0 0 0 0 
0 0 0 0 0 0 0 0 159.222 152.736 154.58 162.657 159.908 153.484 159.466 159.474 155.753 147.419 168.214 152.614 193.013 251.912 222.662 174.563 208.64 200.857 213.372 231.916 207.746 179.477 156.766 169.339 161.224 174.717 169.688 173.8 176.975 179.897 179.239 177.267 166.245 157.622 153.221 161.013 169.348 173.571 154.508 155.284 153.609 153.081 152.524 145.73 144.579 143.433 144.494 138.98 128.195 0 0 0 0 0 0 0 0 
0 0 0 0 0 0 0 156.116 155.675 155.109 157.785 155.608 159.716 162.939 160.787 162.263 149.484 159.442 171.41 150.395 146.148 179.756 191.377 212.26 238.01 209.855 235.868 202.32 206.965 259.618 225.776 166.096 155.792 167.457 178.534 163.643 158.114 157.423 161.568 154.889 155.62 163.098 160.728 170.159 166.524 156.53 152.598 156.264 149.14 154.389 154.268 146.03 145.46 141.714 145.321 137.205 138.886 136.037 0 0 0 0 0 0 0 
0 0 0 0 0 0 152.181 154.664 157.067 155.714 160.449 148.709 155.822 153.889 159.689 162.891 155.386 170.12 157.077 163.969 174.742 160.617 172.497 141.258 166.623 174.561 151.507 137.006 153.067 185.831 202.417 172.575 171.948 168.917 149.943 148.106 155.953 164.591 158.948 161.911 162.84 151.002 149.505 142.557 140.486 138.307 143.556 137.332 149.861 150.803 145.022 141.915 139.185 144.818 144.799 134.973 136.383 131.73 125.275 0 0 0 0 0 0 
0 0 0 0 0 158.15 156.986 159.004 157.681 160.067 169.612 161.14 162.459 160.584 170.7 163.594 158.216 166.984 140.187 173.609 140.637 162.097 170.455 128.028 195.532 155.909 162.787 191.401 154.721 140.671 195.446 221.583 165.317 140.222 155.872 173.762 166.146 150.66 149.533 154.253 154.466 144.209 152.39 156.759 161.975 161.101 157.614 156.594 159.26 150.104 140.02 136.831 142.798 145.602 135.998 136.866 134.857 127.554 129.779 130.228 0 0 0 0 0 
0 0 0 0 0 162.253 159.604 162.126 160.843 160.513 166.479 160.405 162.004 163.779 176.485 152.057 168.427 161.496 152.734 167.558 138.923 179.402 147.762 158.731 181.76 165.899 162.233 161.631 163.249 163.269 149.113 196.644 167.473 174.256 167.517 151.806 135.751 137.379 148.104 161.647 159.241 147.617 160.944 147.316 158.987 145.55 151.166 148.867 145.997 144.613 144.79 150.444 153.77 147.439 134.312 138.187 132.2 132.962 133.887 122.361 0 0 0 0 0 
0 0 0 0 153.151 157.274 159.582 155.884 155.329 158.833 171.911 157.781 149.008 167.488 172.228 150.357 177.158 155.899 178.116 155.757 170.351 159.332 169.246 138.507 195.444 146.21 161.546 189.329 139.192 145.282 197.556 223.848 143.908 137.771 148.305 148.528 152.662 160.764 169.555 158.473 148.797 137.129 142.061 148.019 155.446 132.869 141.419 144.013 143.677 135.108 137.605 136.704 144.921 133.998 141.644 133.41 131.606 137.232 133.728 127.061 123.107 0 0 0 0 
0 0 0 0 158.772 158.068 167.167 164.385 159.459 163.879 178.748 176.704 165 184.679 164.713 176.73 170.272 184.313 169.124 191.582 184.908 212.374 189.959 189.507 221.055 172.817 185.135 175.694 139.847 170.435 186.177 160.7 136.446 137.551 126.752 116.919 122.855 121.325 127.051 123.648 135.424 142.337 147.301 139.049 137.842 124.288 141.89 137.387 145.726 135.393 139.925 150.357 140.079 138.085 128.647 121.388 133.645 130.716 119.672 117.174 120.079 0 0 0 0 
0 0 0 153.966 155.731 156.914 164.153 164.88 161.496 162.012 178.157 164.487 160.801 191.607 165.003 184.492 166.677 193.36 185.047 192.244 211.867 216.105 237.688 284.419 351.458 345.661 392.544 370.309 370.936 399.419 272.487 207.711 147.837 134.985 144.136 158.053 152.465 133.955 146.719 135.518 146.771 136.09 137.478 130.773 146.685 146.935 146.711 138.708 144.788 139.534 137.139 134.118 129.278 130.996 135.424 145.446 143.761 132.834 130.213 131.19 126.153 120.163 0 0 0 
0 0 0 159.986 158.246 159.148 156.283 163.601 159.015 159.725 167.369 159.066 155.981 159.684 165.032 165.082 183.135 171.28 173.073 201.693 287.485 370.211 446.452 490.9 529.176 543.036 547.144 551.208 570.85 548.223 519.933 509.344 394.815 324.291 234.992 151.361 142.664 164.522 183.322 161.402 176.588 170.071 164.771 168.957 177.118 171.963 164.315 160.779 154.009 150.91 155.791 157.474 160.484 148.75 151.133 148.906 141.859 138.907 144.131 140.483 140.123 140.085 0 0 0 
0 0 153.659 158.225 156.536 166.262 161.017 165.087 158.541 159.986 171.86 153.296 174.175 147.251 165.566 164.994 166.326 207.529 307.5 433.418 538.347 548.551 581.916 572.911 577.938 585.137 569.677 592.975 564.662 582.742 577.944 559.268 572.131 550.923 463.078 329.648 237.938 208.144 184.361 145.355 172.555 180.508 155.464 165.195 183.223 165.229 156.697 176.771 184.347 179.511 164.217 165.529 160.376 174.924 177.898 167.925 163.02 160.524 152.443 149.447 148.95 139.983 133.282 0 0 
0 0 157.455 153.442 158.372 160.716 163.69 160.113 162.008 160.011 175.234 145.274 176.807 153.399 164.363 165.772 244.449 412.518 519.08 558.908 589.159 556.452 606.246 576.066 618.033 585.717 596.335 592.554 596.574 615.005 600.218 605.726 576.775 559.617 592.564 546.92 403.057 280.377 174.327 180.107 223.197 210.87 154.351 174.798 187.369 149.856 160.91 181.057 172.025 166.139 171.564 174.677 177.229 170.311 152.515 153.897 156.354 156.939 157.868 160.517 154.379 145.748 144.291 0 0 
0 0 156.489 159.102 152.415 154.548 165.564 157.401 158.987 161.243 176.885 149.261 176.368 161.514 181.161 297.84 471.746 563.359 546.492 576.514 606.91 574.874 605.651 571.621 613.367 597.227 609.815 588.352 584.787 584.92 623.888 602.418 603.806 607.708 600.416 564.103 543.26 519.727 340.015 183.886 176.021 173.83 157.273 213.3 206.332 177.198 183.607 189.098 177.188 160.262 167.242 167.68 170.898 161.231 169.542 164.334 156.648 155.595 158.589 156.386 150.523 154.089 150.127 0 0 
0 0 157.129 154.369 160.706 163.178 169.763 165.791 153.673 153.929 159.819 161.097 157.098 172.595 331.723 514.461 566.327 591.365 575.947 596.813 596.336 588.459 599.293 579.798 581.664 599.515 587.043 584.396 571.158 595.226 598.353 618.938 599.272 596.231 639.226 622.548 563.845 589.55 480.719 303.713 268.915 200.588 162.18 202.15 181.317 159.164 198.056 199.704 155.625 168.722 194.871 188.382 162.395 162.803 169.848 166.74 175.691 175.473 167.055 154.16 151.531 149.477 148.415 0 0 
0 165.91 162.639 160.463 158.906 157.115 159.869 165.652 152.257 165.17 156.611 163.918 175.005 314.531 498.028 562.502 574.5 597.002 581.066 601.945 601.198 589.401 566.659 584.294 589.189 579.744 581.34 570.327 563.209 559.121 586.244 600.164 616.025 612.095 641.098 623.699 588.21 647.933 583.105 518.826 281.257 212.35 210.881 189.455 158.423 173.479 205.671 169.196 172.323 208.45 197.686 170.881 179.002 192.4 174.567 172.708 176.379 175.517 169.828 168.04 165.582 159.206 158.213 153.142 0 
0 157.916 160.15 159.511 159.165 159.847 168.558 171.234 150.466 169.641 164.603 179.097 276.917 504.648 556.436 578.616 588.727 598.762 578.154 596.937 568.235 591.963 586.872 579.025 579.363 583.701 585.027 583.763 577.343 546.323 515.633 419.768 380.604 447.496 616.793 671.018 608.899 637.434 566.668 588.224 478.356 209.414 256.052 185.002 209.508 205.328 194.365 164.226 190.274 207.442 185.963 174.778 191.148 182.105 180.398 189.946 181.472 161.948 159.701 163.907 164.832 168.55 162.12 154.656 0 
0 159.575 160.637 163.502 162.677 151.556 151.177 165.369 145.082 170.097 143.456 236.3 448.128 569.015 571.77 578.406 592.24 614.583 575.394 592.017 574.591 581.579 574.279 555.06 560.24 570.55 589.193 616.43 634.342 672.132 528.05 256.485 227.052 183.115 328.035 522.348 594.771 615.026 627.566 593.475 584.538 355.726 237.723 139.721 215.188 178.861 171.893 157.054 186.747 175.241 141.54 167.149 183.397 174.514 166.221 156.665 158.951 158.491 161.695 161.84 162.133 157.112 152.769 148.596 0 
0 166.392 161.589 160.058 159.539 156.932 153.638 169.065 148.046 174.256 172.232 382.712 546.255 566.642 591.845 586.17 590.371 604.444 546.393 598.455 561.824 565.655 565.959 511.621 470.178 426.118 379.672 361.623 401.885 479.331 499.037 308.371 218.452 156.64 188.395 268.223 579.769 522.355 615.691 562.109 578.44 508.955 272.827 159.485 221.151 149.341 192.147 193.19 192.643 156.156 162.591 186.936 176.486 170.298 167.573 163.355 160.525 156.952 165.863 169.669 159.495 148.358 140.233 143.031 0 
0 161.864 158.728 164.792 164.799 170.885 163.06 178.675 160.501 181.626 269.112 514.497 578.54 589.196 625.002 608.253 587.352 627.981 595.682 614.261 590.671 605.325 493.787 321.63 237.84 200.801 183.485 171.231 142.612 166.512 272.055 369.002 323.317 161.612 164.356 151.465 330.826 511.638 613.683 518.394 567.787 509.917 365.665 176.473 178.964 141.007 178.961 149.334 163.459 150.365 176.388 171.066 152.573 152.535 158.988 158.542 158.621 162.431 163.605 149.639 138.763 141.406 142.634 141.261 0 
0 160.578 161.208 172.282 163.871 159.237 161.864 179.52 167 181.657 359.393 551.382 583.848 602.063 609.808 610.033 579.515 631.078 592.718 594.778 569.496 388.176 209.226 145.44 160.31 167.515 165.44 137.754 157.854 160.899 148.943 191.024 340.802 338.585 130.047 166.153 131.995 359.165 603.126 583.601 582.051 552.193 478.1 232.663 167.924 157.866 165.769 147.933 152.093 162.542 176.282 147.039 137.413 150.384 152.266 152.382 157.178 151.872 136.635 137.019 140.62 143.087 141.804 140.282 0 
0 162.323 162.14 161.998 161.659 162.972 162.901 174.79 175.933 216.508 461.277 580.275 595.538 609.619 605.617 602.996 602.163 622.164 590.338 574.354 360.495 182.729 156.817 155.609 159.285 169.166 147.215 151.696 148.773 147.058 140.215 147.457 183.766 442.181 218.867 154.449 202.736 221.561 453.534 588.281 539.653 601.501 502.925 349.87 183.101 184.346 132.677 172.447 164.209 172.233 158.073 136.458 166.061 175.416 162.06 150.186 148.485 144.828 139.777 145.973 146.853 145.384 144.726 140.083 0 
0 162.308 158.297 164.873 171.167 170.324 168.887 162.268 180.885 278.469 521.431 565.351 593.782 607.353 608.629 608.787 604.878 600.84 593.814 438.499 186.159 171.04 162.615 148.446 161.423 163.04 159.229 158.212 152.589 157.812 134.566 143.261 134.408 229.1 409.014 140.135 123.593 185.65 362.471 555.879 573.627 553.726 530.894 426.886 182.437 178.392 146.78 191.055 147.724 153.08 131.597 173.69 175.899 151.905 153.767 153.687 146.358 141.888 150.678 157.646 156.332 145.611 135.048 133.345 0 
0 160.943 163.613 170.529 163.408 161.767 160.023 150.197 191.918 330.152 565.006 580.558 596.24 602.467 610.444 606.497 601.568 584.846 568.058 267.924 154.894 166.867 157.58 147.224 150.207 165.238 168.878 140.793 154.213 149.911 137.7 119.606 126.405 138.753 339.772 277.196 153.797 122.124 232.191 520.262 590.351 550.987 586.201 440.914 237.562 166.526 164.372 147.877 144.781 164.597 168.806 170.487 146.91 137.921 146.134 154.433 167.716 157.926 152.145 147.425 145.4 140.33 135.225 132.317 0 
0 163.74 164.574 160.12 160.875 164.415 168.913 155.267 202.175 372.757 564.566 582.187 608.441 610.604 596.158 596.474 623.322 576.211 497.275 184.263 156.045 162.237 156.68 145.838 149.43 172.514 162.593 147.514 157.674 153.884 149.975 141.379 144.094 130.222 278.247 271.598 193.151 172.29 156.925 442.25 563.13 598.986 535.545 523.957 278.434 156.127 170.418 130.121 179.915 149.335 166.609 145.146 135.125 165.911 167.748 153.187 146.982 162.489 157.666 147.434 136.908 133.792 138 141.251 0 
0 160.239 158.44 168.873 169.557 171.464 169.489 153.064 190.045 397.691 563.888 586.723 611.626 612.17 590.458 588.671 617.103 584.571 417.341 165.551 149.895 159.237 159.667 145.235 152.798 172.878 155.955 155.095 149.632 155.91 146.473 154.849 147.434 138.166 235.929 330.878 148.393 185.102 169.101 369.019 576.337 561.225 570.052 550.238 276.549 180.605 180.183 171.611 153.034 158.679 149.886 142.542 173.032 162.947 148.992 159.246 155.393 143.818 140.583 147.536 148.193 144.907 139.238 140.281 0 
0 160.825 166.762 172.347 168.074 164.838 161.652 164.602 188.329 416.187 568.206 582.325 609.754 611.956 606.659 603.546 588.715 615.334 375.001 155.743 159.946 150.946 165.955 144.654 152.012 169.895 158.401 157.314 147.24 157.024 147.003 154.2 144.492 151.777 217.434 352.768 156.299 169.529 164.285 365.937 556.416 588.02 563.074 497.008 363.515 183.706 143.575 167.872 146.307 169.839 156.918 174.806 168.659 146.535 147.948 148.133 145.309 145.965 139.768 147.467 155.677 153.36 147.686 140.589 0 
0 162.612 159.943 161.886 163.757 169.791 170.791 179.937 170.27 420.112 562.991 586 595.902 604.195 605.252 615.35 586.801 616.76 378.821 165.377 156.059 151.138 169.206 154.066 146.442 168.806 163.89 152.672 151.024 162.667 150.055 156.191 147.492 155.885 231.132 334.913 155.887 153.343 148.262 359.156 579.465 552.62 562.57 569.802 312.4 142.38 188.124 157.408 185.287 154.574 166.848 167.357 138.01 152.874 153.641 152.064 153.62 159.455 157.376 150.29 143.856 145.23 147.792 141.215 0 
0 161.941 157.62 165.1 165.357 170.524 167.32 169.996 162.757 422.835 565.18 578.46 594.982 605.22 598.702 605.3 611.199 614.756 439.424 180.948 155.398 154.857 162.743 159.36 143.528 163.051 161.844 151.118 154.014 161.763 150.608 152.777 154.218 151.195 271.6 311.386 150.592 150.821 152.635 380.619 578.476 595.371 558.439 494.621 348.082 191.494 165.066 165.835 150.927 163.899 160.229 139.554 161.005 164.226 159.738 160.704 160.862 149.799 148.969 152.595 147.138 138.921 135.494 141.776 0 
0 163.493 164.057 168.04 164.423 160.909 159.446 174.558 170.578 372.967 557.911 585.643 607.772 608.816 603.483 594.261 599.284 596.83 575.13 212.207 159.635 156.161 160.441 159.818 139.017 161.912 161.653 149.021 153.15 163.998 154.265 152.002 156.198 154.263 330.154 258.153 142.052 159.698 164.856 445.744 586.001 570.605 554.941 564.789 309.869 146.537 152.31 166.517 158.464 164.188 152.77 173.142 176.778 160.001 160.966 155.995 156.433 158.075 150.19 143.484 144.387 145.177 136.48 132.533 0 
0 0 165.028 161.483 166.271 165.081 170.491 171.626 177.677 303.847 556.811 575.682 602.252 604.555 613.371 610.577 594.951 574.275 617.097 399.033 143.512 164.621 162.066 154.539 137.43 167.972 162.349 144.826 155.84 158.321 147.948 157.756 148.704 211.776 368.599 196.133 151.132 157.185 209.379 507.256 595.066 593.589 561.959 478.556 242.76 175.932 174.188 154.543 177.763 152.808 169.631 171.076 158.933 154.452 159.244 161.586 155.579 146.234 143.506 143.352 141.926 143.088 145.173 0 0 
0 0 164.813 159.066 163.561 168.783 170.813 160.79 175.955 257.309 528.947 571.502 598.262 597.28 604.314 604.89 602.385 599.026 582.622 579.016 294.547 151.014 164.073 163.623 137.025 161.927 160.533 146.23 156.355 149.885 151.183 152.66 161.889 329.859 296.649 149.819 154.592 159.566 341.996 563.941 553.413 570.6 554.272 485.135 225.175 157.931 151.558 171.923 149.913 172.911 154.38 143.836 146.883 158.656 158.796 151.601 151.374 151.046 151.32 150.636 154.18 151.642 146.538 0 0 
0 0 159.792 163.401 167.373 163.316 166.199 164.051 175.519 213.71 441.438 576.203 580.558 609.7 607.919 606.695 602.353 603.751 594.538 600.489 550.078 279.142 174.776 154.451 134.125 167.468 159.124 140.845 162.037 156.881 147.001 150.455 296.776 331.76 178.963 170.191 155.166 201.702 458.732 597.776 594.85 584.799 548.23 346.843 156.176 165.447 159.331 152.154 159.428 151.895 146.027 162.171 160.124 147.165 149.162 154.028 159.582 163.464 157.446 153.953 147.31 142.952 139.241 0 0 
0 0 162.169 167.297 162.339 167.882 160.57 170.404 167.76 191.8 339.516 558.532 577.054 596.384 603.817 598.397 608.99 599.735 603.792 597.24 620.255 559.196 376.082 276.07 159.133 171.378 158.364 141.609 156.37 136.59 174.997 300.317 353.783 194.673 154.556 170.408 164.658 359.605 559.939 568.222 564.503 539.492 503.546 297.113 181.16 188.184 151.588 167.272 144.018 150.607 175.185 162.232 153.439 155.214 157.789 165.396 156.715 154.123 154.603 151.879 144.77 145.167 144.97 0 0 
0 0 0 159.949 154.42 162.526 164.545 168.084 161.818 171.191 252.404 475.226 577.19 577.92 597.474 594.969 597.386 584.589 587.447 579.53 583 571.13 576.236 473.074 392.53 351.933 262.158 237.18 258.765 300.885 389.062 354.173 223.142 173.219 184.818 172.348 319.335 563.607 604.818 602.021 590.489 582.447 450.398 203.436 165.321 171.537 176.961 147.227 178.054 171.193 162.531 160.305 156.935 169.207 171.198 160.256 158.961 148.928 148.536 153.432 158.156 151.495 0 0 0 
0 0 0 159.14 161.563 159.478 156.14 160.541 162.008 164.396 176.021 344.866 535.356 569.209 582.835 589.485 591.566 578.183 578.568 561.978 579.499 551.283 550.569 579.028 494.514 529.28 541.718 495.959 451.624 388.578 290.113 191.688 181.404 189.824 193.784 317.998 536.054 612.983 616.432 601.577 566.411 530.749 342.725 192.867 198.558 188.197 186.25 185.282 171.11 171.194 169.671 183.734 181.786 167.973 165.37 163.64 159.721 165.078 160.769 152.403 156.375 162.928 0 0 0 
0 0 0 0 163.228 158.223 158.148 165.752 151.804 164.608 169.014 251.691 422.978 578.428 570.91 597.693 594.637 604.814 603.705 588.038 597.893 607.779 585.797 619.365 616.399 644.364 651.603 528.589 234.976 147.372 154.86 171.906 190.356 203.059 330.623 506.708 577.915 573.277 578.23 567.69 562.872 452.126 237.277 181.604 169.534 182.893 175.062 155.619 162.969 178.725 177.078 167.527 164.749 163.956 159.969 163.346 160.175 156.914 159.573 159.017 150.352 0 0 0 0 
0 0 0 0 163.56 159.747 165.456 169.011 152.62 161.109 167.685 179.767 288.485 478.819 576.847 581.835 589.04 607.833 606.677 593.357 592.097 609.052 587.01 618.814 603.438 641.26 604.447 538.148 389.069 284.029 245.889 210.622 279.573 423.597 577.493 618.366 629.952 618.131 590.098 563.982 484.699 269.821 163.973 168.227 166.424 148.577 164.403 179.952 172.67 158.654 159.447 158.438 158.231 164.246 167.903 167.182 165.506 159.403 155.402 156.903 158.189 0 0 0 0 
0 0 0 0 0 164.075 166.866 158.063 160.694 164.195 154.023 145.176 185.669 296.48 476.934 569.494 552.833 581.151 595.486 581.182 581.808 590.164 574.294 581.882 556.241 570.336 550.285 527.531 485.818 440.334 461.232 528.306 613.454 640.438 641.087 623.305 626.093 620.953 599.514 569.628 382.472 217.281 209.438 209.154 195.451 211.212 195.19 176.177 174.517 181.484 189.098 193.725 189.128 184.497 178.24 178.613 173.919 169.463 169.045 165.419 0 0 0 0 0 
0 0 0 0 0 163.618 159.306 159.2 160.376 170.615 158.156 158.968 167.218 181.439 306.169 487.198 573.917 572.935 593.424 587.946 597.669 595.557 595.25 597.357 579.987 589.001 587.194 582.101 586.806 584.952 617.137 616.373 624.485 625.279 630.911 622.259 595.907 587.777 547.75 417.118 222.911 199.805 198.459 211.514 176.229 179.059 178.257 192.186 189.944 185.506 183.136 175.029 168.416 166.111 166.565 162.781 165.491 168.648 166.622 165.242 0 0 0 0 0 
0 0 0 0 0 0 159.529 155.23 157.661 163.439 161.707 167.61 167.08 160.818 182.752 258.831 436.731 555.885 561.118 563.231 574.466 580.464 591.847 590.627 590.508 601.7 605.331 601.774 619.472 603.73 598.48 605.498 617.395 617.588 595.32 594.503 581.133 562.33 408.971 234.38 184.99 196.698 158.933 186 188.356 193.729 194.036 176.202 181.019 175.908 169.779 175.455 176.146 172.734 170.973 168.281 164.052 165.198 162.867 0 0 0 0 0 0 
0 0 0 0 0 0 0 170.28 165.262 162.094 159.528 158.418 153.437 165.543 163.191 181.432 207.816 364.039 533.709 558.895 569.487 570.174 578.564 590.795 584.076 598.338 613.033 592.033 612.117 594.902 601.596 592.086 597.025 585.054 584.878 569.554 525.709 392.192 220.781 196.036 177.967 188.744 185.451 180.571 168.954 162.074 171.355 172.809 169.419 182.055 173.22 175.588 175.79 172.516 169.036 169.94 167.173 163.536 0 0 0 0 0 0 0 
0 0 0 0 0 0 0 0 159.625 161.454 165.624 166.132 160.004 159.141 161.324 162.74 179.439 177.719 257.506 427.53 500.909 544.357 571.258 578.734 563.737 584.783 589.907 577.93 589.259 574.614 581.87 571.867 563.977 533.313 531.888 462.692 326.03 215.002 186.52 183.494 182.069 164.538 164.275 173.951 177.455 174.645 182.181 184.588 167.124 170.048 170.253 162.371 165.896 164.89 161.473 159.119 158.249 0 0 0 0 0 0 0 0 
0 0 0 0 0 0 0 0 159.809 160.202 165.243 154.874 166.014 169.639 164.545 161.009 164.714 175.092 163.435 178.809 263.838 365.474 418.514 479.866 537.516 562.24 560.854 556.27 555.311 562.73 557.661 555.832 515.804 395.022 297.564 206.734 167.073 162.012 169.111 165.068 172.015 165.174 166.418 163.764 165.006 154.817 149.033 156.1 154.128 151.161 157.751 155.371 151.358 155.197 151.094 147.554 151.018 0 0 0 0 0 0 0 0 
0 0 0 0 0 0 0 0 0 170.109 173.663 170.294 170.924 172.526 177.185 170.305 176.283 178.461 191.801 208.15 182.392 196.326 251.176 273.322 290.746 413.214 423.846 418.101 422.996 406.822 375.381 315.367 225.569 172.02 148.47 137.059 152.242 144.088 135.276 142.193 146.299 134.701 142.618 140.482 149.732 150.131 144.339 146.99 144.094 140.184 142.838 146.394 138.834 140.499 141.53 136.076 0 0 0 0 0 0 0 0 0 
0 0 0 0 0 0 0 0 0 0 169.646 175.53 171.478 177.788 182.304 183.379 191.669 181.336 184.312 193.304 208.137 204.464 189.418 207.516 258.658 325.214 238.391 189.343 191.057 185.85 163.213 117.439 112.617 123.966 103.692 105.981 105.675 119.463 118.773 127.382 136.056 131.157 133.952 128.471 128.382 133.191 130.397 135.226 138.43 130.537 130.026 131.671 134.098 128.652 133.662 0 0 0 0 0 0 0 0 0 0 
0 0 0 0 0 0 0 0 0 0 0 167.169 158.144 179.079 173.705 174.799 164.306 164.751 173.912 169.876 178.693 169.614 173.316 167.034 172.085 236.627 193.945 176.371 141.408 137.211 134.687 129.493 153.782 159.513 148.251 155.813 138.441 146.862 136.228 141.603 140.919 137.704 139.125 137.835 134.433 137.056 140.086 136.172 143.094 139.712 136.379 133.615 134.157 128.221 0 0 0 0 0 0 0 0 0 0 0 
0 0 0 0 0 0 0 0 0 0 0 0 0 171.217 163.693 159.299 159.932 169.253 174.047 160.771 166.017 165.386 166.373 169.461 169.176 228.64 190.365 161.392 163.85 168.341 153.722 143.611 155.774 142.781 138.23 145.747 143.336 154.935 151.509 154.456 154.673 149.021 142.109 153.702 147.698 148.332 147.367 142.083 145.063 142.887 142.452 144.039 0 0 0 0 0 0 0 0 0 0 0 0 0 
0 0 0 0 0 0 0 0 0 0 0 0 0 0 156.607 167.83 162.365 163.456 164.092 158.515 166.093 171.65 152.756 156.056 158.796 248.956 200.907 141.714 159.605 160.483 166.373 155.735 163.968 153.709 149.531 152.553 149.443 147.274 145.247 148.341 151.049 154.568 145.653 158.097 149.587 151.136 152.885 146.595 148.173 145.473 143.69 0 0 0 0 0 0 0 0 0 0 0 0 0 0 
0 0 0 0 0 0 0 0 0 0 0 0 0 0 0 157.435 165.522 167.147 158.92 161.499 156.484 166.212 158.731 161.885 155.433 231.438 211.605 147.838 162.667 148.755 151.096 156.635 162.211 160.614 156.144 155.954 151.687 152.915 155.961 153.661 145.134 147.339 146.173 147.665 150.503 152.5 153.912 151.83 149.608 147.093 0 0 0 0 0 0 0 0 0 0 0 0 0 0 0 
0 0 0 0 0 0 0 0 0 0 0 0 0 0 0 0 0 158.241 160.857 159.489 158.375 155.839 156.592 162.368 147.46 233.681 225.56 153.619 160.894 156.643 148.916 153.695 159.899 160.935 157.66 161.525 151.007 153.471 155.62 155.627 150.215 152.869 149.978 149.094 146.502 147.095 151.231 147.643 0 0 0 0 0 0 0 0 0 0 0 0 0 0 0 0 0 
0 0 0 0 0 0 0 0 0 0 0 0 0 0 0 0 0 0 0 159.383 163.402 147.704 159.921 164.401 146.077 222.787 228.221 155.781 155.163 159.282 157.852 158.444 157.076 152.908 159.466 161.663 151.716 155.361 151.869 155.38 154.457 152.037 155.363 145.563 153.186 144.492 0 0 0 0 0 0 0 0 0 0 0 0 0 0 0 0 0 0 0 
0 0 0 0 0 0 0 0 0 0 0 0 0 0 0 0 0 0 0 0 0 149.15 168.444 160.579 143.066 225.593 230.316 149.629 157.268 152.076 158.432 158.14 156.705 152.722 157.396 152.035 152.426 159.159 153.557 154.504 154.232 155.267 157.948 144.377 0 0 0 0 0 0 0 0 0 0 0 0 0 0 0 0 0 0 0 0 0 
0 0 0 0 0 0 0 0 0 0 0 0 0 0 0 0 0 0 0 0 0 0 0 0 0 225.714 230.059 149.14 153.839 154.633 157.891 155.655 152.482 150.621 158.948 149.847 153.075 152.795 155.94 154.886 0 0 0 0 0 0 0 0 0 0 0 0 0 0 0 0 0 0 0 0 0 0 0 0 0 
0 0 0 0 0 0 0 0 0 0 0 0 0 0 0 0 0 0 0 0 0 0 0 0 0 0 0 0 0 0 0 0 0 0 0 0 0 0 0 0 0 0 0 0 0 0 0 0 0 0 0 0 0 0 0 0 0 0 0 0 0 0 0 0 0 
