0 0 0 0 0 0 0 0 0 0 0 0 0 0 0 0 0 0 0 0 0 0 0 0 0 0 0 0 0 0 0 0 0 0 0 0 0 0 0 0 0 0 0 0 0 0 0 0 0 0 0 0 0 0 0 0 0 0 0 0 0 0 0 0 0 
0 0 0 0 0 0 0 0 0 0 0 0 0 0 0 0 0 0 0 0 0 0 0 0 0 180.108 187.356 191.312 181.483 186.506 184.881 182.641 193.324 181.511 186.138 183.366 174.155 182.967 184.174 184.32 0 0 0 0 0 0 0 0 0 0 0 0 0 0 0 0 0 0 0 0 0 0 0 0 0 
0 0 0 0 0 0 0 0 0 0 0 0 0 0 0 0 0 0 0 0 0 177.407 189.389 190.653 184.776 193.925 191.464 189.262 184.103 189.271 188.333 189.481 191.028 185.802 187.15 182.563 182.143 190.698 188.529 181.468 176.656 179.995 178.147 175.529 0 0 0 0 0 0 0 0 0 0 0 0 0 0 0 0 0 0 0 0 0 
0 0 0 0 0 0 0 0 0 0 0 0 0 0 0 0 0 0 0 188.29 191.554 186.515 192.103 189.933 184.903 199.747 193.257 190.278 188.667 196.008 194.342 192.965 189.109 188.497 184.018 189.663 190.845 195.496 187.409 181.949 181.561 185.354 181.771 183.396 184.991 177.646 0 0 0 0 0 0 0 0 0 0 0 0 0 0 0 0 0 0 0 
0 0 0 0 0 0 0 0 0 0 0 0 0 0 0 0 0 182.227 195.83 194.109 188.017 187.787 196.802 194.469 196.571 195.252 196.839 186.156 192.362 199.824 199.44 189.931 192.023 189.655 189.042 196.175 197.802 190.888 186.49 183.102 186.289 189.85 189.623 189.541 181.621 180.951 179.89 168.273 0 0 0 0 0 0 0 0 0 0 0 0 0 0 0 0 0 
0 0 0 0 0 0 0 0 0 0 0 0 0 0 0 184.667 192.88 186.681 193.921 200.917 188.105 193.671 190.717 195.878 206.573 194.816 199.79 184.724 198.515 199.18 197.068 185.98 193.32 195.188 193.963 201.217 199.5 187.768 192.65 185.058 192.393 193.886 193.613 186.62 185.368 185.832 175.097 176.414 180.017 177.106 0 0 0 0 0 0 0 0 0 0 0 0 0 0 0 
0 0 0 0 0 0 0 0 0 0 0 0 0 0 192.403 195.741 191.083 191.626 202.875 196.083 190.299 198.525 196.486 199.121 205.333 194.714 198.646 195.945 201.931 203.631 195.303 196.414 197.429 201.823 193.757 202.613 191.53 194.6 198.391 193.926 196.948 193.964 189.097 188.941 190.558 180.745 182.582 188.146 184.63 183.447 175.69 0 0 0 0 0 0 0 0 0 0 0 0 0 0 
0 0 0 0 0 0 0 0 0 0 0 0 0 198.69 195.502 194.182 197.674 193.751 206.869 195.786 192.879 196.834 203.476 202.165 196.987 199.027 200.782 204.893 202.114 199.67 193.629 205.11 193.85 200.502 199.422 195.604 198.034 197.99 199.307 194.18 197.922 192.594 192.867 192.737 189.576 189.144 193.056 190.668 180.562 186.895 180.041 172.811 0 0 0 0 0 0 0 0 0 0 0 0 0 
0 0 0 0 0 0 0 0 0 0 0 183.538 192.259 196.001 198.514 198.531 196.918 199.35 209.588 194.128 195.893 199.433 206.702 204.051 192.087 205.972 204.078 203.927 202.079 191.65 204.886 206.306 190.884 208.654 195.727 197.855 207 197.166 200.32 193.048 192.538 193.32 206.497 194.222 191.759 195.568 191.111 184.796 185.329 191.73 176.388 175.015 172.019 173.031 0 0 0 0 0 0 0 0 0 0 0 
0 0 0 0 0 0 0 0 0 0 187.23 196.904 191.483 197.588 199.96 199.624 198.548 203.562 211.739 194.175 196.298 206.637 204.747 201.94 193.339 209.938 200.45 198.506 204.078 202.399 207.156 197.934 197.56 204.492 205.71 209.831 199.166 194.929 198.52 192.185 204.435 205.318 201.756 197.054 193.467 189.642 189.735 184.575 191.192 184.586 181.023 181.834 178.541 179.307 176.247 0 0 0 0 0 0 0 0 0 0 
0 0 0 0 0 0 0 0 0 190.798 196.423 198.325 195.133 202.16 200.888 196.263 198.351 209.459 213.777 187.589 204.571 210.28 199.402 197.942 210.357 207.824 197.133 203.162 209.547 206.494 197.652 199.388 205.224 204.544 211.874 195.477 198.225 204.367 199.341 205.851 209.419 197.808 197.726 201.978 183.194 195.094 194.41 190.64 192.236 189.689 186.59 183.229 185.285 183.44 179.973 172.406 0 0 0 0 0 0 0 0 0 
0 0 0 0 0 0 0 0 190.393 202.637 200.143 193.184 201.125 203.101 203.958 197.844 199.225 212.08 205.378 190.714 211.329 210.769 197.797 205.181 215.629 198.705 198.301 219.709 212.871 191.362 196.997 216.59 207.103 201.189 198.324 192.203 211.742 206.715 206.229 202.465 197.924 196.564 197.799 194.639 190.227 201.884 198.759 191.506 194.124 190.654 186.249 189.698 184.556 178.794 180.101 175.993 168.77 0 0 0 0 0 0 0 0 
0 0 0 0 0 0 0 0 196.192 197.041 206.546 200.059 202.492 200.353 204.424 202.272 207.983 213.496 199.325 200.056 211.891 197.254 207.011 212.884 206.475 202.622 217.814 207.781 197.405 209.042 214.336 206.533 194.312 196.316 211.359 207.724 209.616 205.118 194.507 196.747 196.569 199.282 200.901 204.043 197.639 198.42 191.876 194.552 197.968 195.137 186.875 183.496 181.535 183.589 184.051 174.058 163.982 0 0 0 0 0 0 0 0 
0 0 0 0 0 0 0 202.619 196.374 198.427 202.153 200.724 206.277 200.324 204.965 201.265 214.701 212.516 202.141 210.985 202.604 196.221 223.412 196.498 207.127 219.748 199.628 199.672 219.311 216.629 188.673 196.692 212.598 211.342 209.213 192.865 193.329 202.876 196.704 202.896 207.56 202.861 202.683 193.81 190.664 195.831 195.521 195.34 195.071 184.1 184.331 188.498 185.75 186.246 182.046 171.86 176.409 174.249 0 0 0 0 0 0 0 
0 0 0 0 0 0 196.566 203.894 197.157 200.265 206.055 203.612 202.31 198.579 201.958 209.466 213.861 207.164 213.119 209.924 197.91 232.582 197.643 207.146 218.626 189.247 213.739 224.291 199.563 194.097 211.67 220.101 200.752 179.111 194.021 203.06 217.1 215.959 191.511 202.538 196.703 195.559 192.766 191.103 198.485 193.322 189.551 193.932 196.697 191.458 194.339 188.93 186.593 191.412 182.643 178.886 180.847 175.357 163.985 0 0 0 0 0 0 
0 0 0 0 0 189.516 200.731 208.278 205.92 201.847 205.731 212.621 213.424 199.547 195.265 218.384 208.546 211.73 227.44 191.088 225.802 215.842 212.5 225.909 197.261 216.883 206.72 199.743 209.505 209.199 198.153 191.934 197.498 202.119 217.329 208.552 192.263 183.42 174.753 194.777 194.299 197.471 200.386 199.83 196.85 193.915 195.655 199.29 199.02 185.323 186.85 187.184 192.261 187.948 177.309 179.551 175.341 164.999 170.609 172.664 0 0 0 0 0 
0 0 0 0 0 200.425 199.611 206.881 209.166 208.102 207.926 214.565 218.696 202.064 205.308 228.503 195.404 241.91 208.323 226.508 219.781 220.106 224.217 217.319 222.994 203.259 225.61 217.858 175.9 191.191 215.681 191.945 180.388 172.235 183.517 175.038 182.178 200.657 194.499 205.115 200.211 194.52 186.761 195.276 188.46 189.975 191.169 185.754 184.708 182.595 186.696 180.788 181.038 172.146 174.875 176.864 170.75 172.751 178.154 160.232 0 0 0 0 0 
0 0 0 0 198.847 203.265 202.739 209.174 212.871 205.366 208.239 224.884 235.144 199.206 225.756 225.998 216.18 242.601 223.899 246.133 255.611 254.877 263.541 270.881 262.5 290.034 297.568 271.768 270.237 251.927 208.661 181.369 191.728 184.045 173.201 165.4 177.898 191.757 171.55 166.796 163.945 168.809 173.075 185.582 180.056 169.376 174.075 170.02 179.014 174.344 170.539 175.775 175.27 175.238 175.84 169.304 161.1 170.437 162.759 153.003 150.865 0 0 0 0 
0 0 0 0 198.839 203.25 203.681 208.991 211.926 206.594 205.865 218.344 227.849 199.988 226.757 203.982 233.996 215.086 225.105 223.146 234.579 262.286 333.171 377.516 417.173 484.435 482.492 503.284 529.766 510.952 480.223 448.024 372.412 264.286 220.295 208.907 195.682 188.559 169.163 187.32 196.978 198.634 204.777 211.923 199.884 193.902 197.677 200.094 198.858 197.039 199.446 197.084 194.455 188.988 185.629 177.878 187.802 190.698 176.148 172.52 175.83 0 0 0 0 
0 0 0 199.122 200.049 202.213 199.837 207.847 211.587 208.612 197.284 219.515 213.388 202.429 204.742 218.716 221.587 220.437 229.344 307.433 387.558 487.001 561.106 574.249 616.436 612.22 600.635 613.241 618.914 610.763 603.432 611.393 590.258 549.382 479.65 358.979 239.13 231.42 246.612 252.428 226.739 213.128 203.818 210.064 205.031 200.998 204.919 220.155 216.291 207.86 204.106 202.459 203.11 200.812 194.671 200.084 207.334 195.17 188.793 194.54 186.535 182.094 0 0 0 
0 0 0 203.912 201.365 199.66 196.944 201.584 201.466 206.21 195.289 221.778 200.877 222.411 185.721 216.608 227.704 294.182 430.902 557.157 590.421 627.329 612.993 605.558 623.137 633.624 626.205 642.129 634.549 627.135 641.944 621.656 614.571 615.056 603.137 572.981 478.644 334.952 229.076 201.318 202.469 214.686 234.032 240.019 227.637 221.899 227.369 224.035 215.127 200.34 206.355 214.282 213.885 208.295 208.847 213.867 202.603 189.081 196.651 191.167 187.89 191.001 0 0 0 
0 0 199.663 204.039 201.598 205.118 206.221 212.965 215.437 204.493 199.499 223.262 201.225 221.288 207.582 237.037 387.649 518.292 599.071 610.251 603.735 625.894 639.853 637.841 647.96 628.937 649.787 654.156 638.249 667.457 645.779 644.69 664.246 638.634 612.41 618.627 603.851 527.949 384.999 275.321 234.344 210.574 222.682 238.803 229.242 223.1 221.449 227.341 215.922 215.592 225.101 225.84 213.089 201.406 210.885 207.056 201.925 203.686 196.252 192.317 196.976 191.18 181.417 0 0 
0 0 197.395 200.335 204.157 204.479 203.311 207.583 211.966 202.001 208.206 211.636 225.889 208.237 263.917 433.75 602.73 608.197 637.322 627.209 634.595 646.12 636.965 630.832 653.773 633.437 665.482 635.307 676.739 667.717 659.264 670.192 638.996 640.783 664.757 665.676 629.025 606.637 605.359 440.427 257.896 248.194 234.985 209.569 203.924 203.435 209.81 223.62 202.612 217.453 220.634 223.292 210.442 218.018 214.486 211.346 208.914 204.131 200.294 201.372 198.967 186.352 177.172 0 0 
0 0 205.47 200.219 200.85 205.175 196.981 200.45 210.871 191.323 210.535 198.311 224.608 262.7 443.986 573.853 619.007 602.108 646.92 630.462 635.766 656.648 627.05 649.584 640.776 643.51 608.391 595.666 577.221 587.643 627.633 630.98 669.76 661.074 631.985 637.893 642.988 622.57 624.777 594.308 432.09 211.24 232.115 247.929 246.425 229.609 230.641 227.934 223.885 225.648 227.087 220.194 212.308 213.151 212.646 215.827 207.314 200.712 207.399 206.597 197.282 192.184 193.196 0 0 
0 0 202.73 200.981 206.043 204.579 206.373 211.028 222.121 194.535 226.835 192.504 282.711 466.939 594.462 618.364 636.278 644.156 657.237 643.315 656.361 667.118 605.693 623.108 597.436 601.558 581.174 575.846 589.416 613.139 598.643 592.149 592.887 625.877 649.802 684.724 651.239 622.904 632.542 596.472 581.293 461.528 192.918 223.528 247.163 217.004 219.682 213.692 205.017 203.97 213.419 197.974 208.01 205.87 212.71 200.911 203.872 209.636 207.799 197.853 196.745 197.182 191.801 0 0 
0 196.134 201.898 205.199 209.597 204.784 206.607 206.768 225.606 195.929 233.183 228.253 422.009 597.674 604.487 635.484 631.468 647.375 656.623 635.715 614.956 594.531 582.696 612.957 634.761 616.705 634.624 636.893 638.888 641.138 651.401 636.476 626.65 602.68 595.263 646.79 660.539 657.815 689.052 650.229 611.992 597.918 382.259 175.187 251.473 205.499 218.795 241.122 226.101 230.871 222.196 211.735 214.247 221.521 212.771 208.279 214.443 207.457 204.866 202.48 199.646 195.056 189.859 187.636 0 
0 211.133 206.707 204.643 203.979 206.227 201.412 198.832 219.733 187.478 222.216 331.435 554.221 616.82 606.604 651.281 622.824 650.852 643.948 580.788 600.729 601.597 638.341 617.887 625.652 630.879 635.959 643.669 635.998 633.196 650.015 658.172 654.607 656.953 620.649 625.335 640.986 650.444 654.575 624.569 629.694 605.066 565.364 274.647 262.287 214.496 236.099 244.672 221.242 229.337 226.278 227.043 227.764 222.469 215.609 214.047 214.425 213.852 212.605 206.7 202.956 201.579 202.902 202.068 0 
0 206.007 203.403 205.487 202.176 208.06 205.281 193.36 224.785 187.486 262.556 490.7 599.531 633.694 613.285 658.539 617.453 624.382 578.207 568.881 615.396 590.765 600.44 590.147 575.938 568.117 568.284 578.262 591.851 639.065 663.12 687.693 685.717 683.083 648.514 653.611 620.691 652.332 698.851 689.433 675.379 633.857 603.216 459.146 254.437 220.951 253.99 248.184 229.174 244.844 239.679 231.999 237.65 228.301 218.988 222.643 222.001 220.416 210.591 207.556 205.868 208.545 205.293 190.868 0 
0 204.296 204.978 211.467 209.53 206.853 210.621 201.914 234.465 209.195 380.635 582.812 614.151 665.584 622.445 669.201 627.058 604.754 610.557 609.247 632.771 605.396 624.498 599.468 525.012 437.785 370.549 324.582 313.443 348.951 434.013 552.879 657.695 679.644 625.724 670.393 632.939 646.354 616.47 669.974 658.724 649.123 617.343 567.613 289.454 224.076 237.495 205.463 205.701 236.876 216.03 225.459 222.548 211.641 218.814 225.628 219.006 212.311 204.907 204.824 208.075 200.649 188.467 188.469 0 
0 208.042 207.482 209.5 212.927 215.008 212.769 199.56 232.214 255.334 500.583 615.214 622.498 667.174 631.82 671.582 606.599 586.178 651.971 627.175 651.091 642.476 566.155 392.338 269.875 216.391 200.158 203.273 205.272 201.035 200.556 255.237 422.156 640.171 622.69 642.617 591.813 610.456 561.28 647.291 606.669 646.182 612.925 594.932 401.576 244.377 233.095 195.238 230.289 219.556 198.639 205.848 203.418 206.414 210.867 211.786 203.71 200.698 203.886 200.745 191.695 186.683 188.397 183.533 0 
0 211.113 204.236 208.948 210.183 208.565 212.203 203.502 243.307 333.389 565.966 613.678 637.214 678.866 647.236 644.96 586.355 607.924 656.337 626.298 643.596 519.227 293.392 204.817 204.255 198.781 202.156 203.516 199.881 196.625 197.147 207.063 220.217 419.023 641.008 586.261 621.678 648.165 581.299 635.401 614.144 635.8 590.93 591.631 501.545 264.118 214.402 197.912 237.193 194.338 203.777 219.242 208.269 206.986 203.738 192.12 195.273 198.32 198.577 195.832 196.08 192.486 186.19 181.469 0 
0 208.11 205.906 211.491 207.917 211.714 227.775 202.038 244.566 410.307 609.545 630.921 635.414 664.865 650.97 610.987 607.625 634.95 647.503 626.529 561.044 300.112 202.227 210.686 206.846 195.254 200.026 206.551 195.839 188.927 184.054 187.815 219.352 210.314 517.342 647.856 582.685 605.76 606.024 608.211 659.002 635.696 635.266 603.572 548.675 311.379 240.75 213.853 216.501 172.312 217.209 206.829 199.236 210.74 199.698 192.762 198.221 202.227 203.975 192.287 192.397 191.418 190.175 189.737 0 
0 207.763 208.557 217.747 215.989 209.881 209.55 195.097 268.805 486.104 603.742 629.375 644.667 671.747 649.783 597.488 637.019 642.082 631.954 621.75 386.048 213.279 212.44 208.183 204.368 201.474 205.216 210.325 205.405 196.755 198.121 178.132 180.505 198.187 267.345 584.883 637.251 604.633 609.313 578.865 624.742 625.255 654.157 598.481 574.289 372.754 234.918 198.838 209.184 214.149 222.072 190.918 202.405 200.767 193.079 200.192 203.295 196.14 194.222 187.04 189.577 187.975 185.839 182.949 0 
0 215.964 206.813 208.153 208.562 208.882 210.535 196.57 290.155 530.95 618.817 640.295 649.615 653.173 640.944 574.341 638.555 650.48 622.781 556.543 258.791 207.16 201.1 203.517 202.528 196.769 199.761 203.138 199.749 188.164 187.867 171.765 150.673 201.664 216.696 437.221 635.031 623.846 616.44 600.724 616.088 643.161 608.602 615.847 595.497 440.658 228.449 213.584 203.804 233.149 204.217 195.548 204.306 199.315 203.769 203.419 202.184 197.745 197.068 193.484 191.346 188.041 182.818 175.353 0 
0 201.026 198.963 207.227 209.287 218.015 220.065 210.518 314.463 563.44 614.085 637.517 651.181 649.586 622.511 558.374 635.971 657.932 617.152 472.132 212.349 211.569 203.798 200.692 206.272 201.84 200.01 203.948 204.557 193.784 181.543 179.553 180.354 193.863 201.497 339.291 597.58 626.76 628.313 581.93 636.205 628.945 630.816 620.968 580.854 472.158 243.457 241.221 201.319 208.09 179.446 217.279 216.304 203.477 202.783 206.227 195.036 195.472 195.623 191.819 191.66 189.027 185.648 184.213 0 
0 203.54 205.606 211.291 214.645 222.628 212.607 211.449 326.032 581.25 620.231 644.144 648.094 645.436 605.784 563.021 638.751 644.08 626.314 413.371 204.177 212.606 205.484 199.852 202.938 200.901 196.676 198.203 202.112 195.788 190.801 183.375 183.635 185.621 194.633 299.989 578.47 620.173 624.781 605.289 605.88 649.822 652.643 598.201 608.767 502.7 254.693 207.392 207.512 194.17 220.025 219.988 193.867 203.736 203.185 195.839 190.24 195.479 195.41 194.377 193.203 187.108 186.73 184.978 0 
0 213.867 210.531 207.804 208.317 206.854 211.541 227.437 320.237 586.306 628.687 647.735 645.191 643.719 593.444 570.957 645.459 621.605 663.867 390.031 207.587 211.464 207.36 202.945 203.703 207.897 204.382 196.452 200.87 200.44 196.799 192.862 192.96 192.414 202.144 287.131 567.418 604.633 625.798 596.237 619.5 636.362 619.209 643.597 604.228 512.345 254.889 200.653 228.691 202.801 221.765 192.971 204.321 210.267 197.035 197.514 203.601 208.298 200.348 192.955 190.598 187.825 185.174 182.844 0 
0 204.313 197.372 204.577 201.342 207.779 221.841 231.603 299.847 587.585 611.03 651.139 661.416 652.693 582.709 564.238 646.895 621.402 658.185 415.943 213.678 207.972 204.231 204.931 200.45 207.745 203.875 195.901 194.662 199.207 198.682 201.1 201.209 202.071 203.5 298.723 583.395 607.222 620.718 618.143 616.257 636.952 651.932 621.916 590.684 509.048 256.169 240.217 205.972 223.603 191.177 190.787 213.517 199.02 201.092 199.306 209.752 205.136 198.695 194.851 195.294 189.277 187.29 186.064 0 
0 208.059 204.973 208.783 212.32 216.635 204.466 218.126 302.558 563.838 612.423 635.441 651.888 669.065 591.14 561.068 637.042 631.919 639.076 499.768 210.877 209.621 205.582 208.186 201.846 204.081 206.125 202.277 196.203 193.916 196.676 196.046 197.543 208.537 199.896 351.376 603.531 605.81 627.914 601.773 636.66 642.523 617.199 628.798 612.022 488.587 252.394 219.383 203.123 204.522 204.116 225.628 203.559 197.579 203.221 206.132 200.013 193.239 191.503 195.415 196.679 194.889 192.614 185.429 0 
0 206.085 216.238 216.272 215.543 211.954 205.733 217.79 298.861 523.154 612.327 622.25 653.923 667.794 613.171 532.508 635.103 641.529 623.59 594.176 280.217 202.62 208.6 201.744 199.409 197.424 203.272 206.254 201.02 199.932 199.174 195.18 195.382 202.948 207.07 439.096 620.78 611.524 619.741 593.807 608.165 645.595 646.065 614.843 590.504 455.581 224.003 202.699 227.115 199.597 222.371 205.185 205.564 214.114 208.515 196.796 190.882 193.624 195.602 195.084 197.759 190.285 185.19 177.125 0 
0 0 207.363 206.213 209.882 206.417 216.121 204.751 279.302 488.861 615.705 636 641.839 652.207 657.678 509.245 598.372 649.811 638.473 625.209 444.464 199.329 209.909 204.026 199.478 201.909 199.342 196.864 195.99 202.089 199.128 199.41 200.596 199.782 293.543 554.59 622.848 618.57 609.37 591.678 646.71 640.578 616.475 599.538 589.539 415.256 225.723 224.085 199.131 229.654 200.931 197.579 209.526 207.356 195.41 194.135 196.898 197.75 194.346 191.142 189.241 183.764 185.625 0 0 
0 0 205.588 201.437 205.506 213.087 220.827 210.146 226.816 428.285 596.771 631.565 651.983 661.965 670.968 584.011 556.281 641.867 630.761 638.241 591.862 337.516 196.726 210.593 205.652 204.347 203.422 200.368 195.343 195.768 194.132 205.909 202.123 245.566 465.176 605.595 616.609 620.803 591.482 597.801 628.876 636.234 645.844 615.247 569.586 354.956 218.69 200.617 211.902 188.234 193.807 209.831 199.873 196.102 198.763 206.276 206.77 203.398 197.258 193.112 191.594 189.756 185.967 0 0 
0 0 201.712 205.673 212.336 214.477 208.008 209.5 212.536 373.083 558.23 611.5 635.654 645.444 648.419 652.036 578.04 627.341 649.843 635.277 643.038 563.118 344.798 207.991 201.627 205.257 206.323 207.092 205.812 204.425 206.7 205.637 229.626 420.836 597.906 607.634 618.595 604.345 582.91 646.721 644.87 633.856 611.772 591.891 527.554 275.996 203.741 212.199 199.346 210.186 229.035 212.703 205.347 207.837 209.247 207.559 200.547 196.455 195.798 195.987 188.291 186.197 183.725 0 0 
0 0 203.673 213.547 213.413 210.346 205.097 212.369 211.676 261.66 517.769 606.685 636.412 636.543 644.672 650.663 623.947 566.948 631.497 640.529 640.94 629.891 592.095 446.333 280.834 237.901 211.172 209.537 208.449 208.594 202.3 266.974 437.984 601.273 613.907 623.275 612.978 563.957 591.736 626.399 625.352 631.022 625.731 602.76 451.198 236.822 237.159 218.131 226.379 225.344 199.772 203.266 211.113 214.943 207.093 199.716 200.454 198.684 196.948 199.685 197.794 197.145 190.666 0 0 
0 0 0 216.688 198.013 202.256 201.643 215.373 212.231 203.677 412.367 576.291 622.254 631.666 653.362 645.895 644.668 602.929 584.02 624.089 620.273 623.758 595.154 604.897 562.726 446.461 387.498 350.428 316.482 333.809 431.84 576.259 651.513 648.569 639.482 639.149 600.8 597.191 655.871 661.844 659.722 634.601 614.874 579.397 353.621 229.249 217.167 225.752 219.031 200.561 217.902 219.949 214.797 208.504 206.863 208.982 210.29 211.632 213.388 210.76 202.777 199.068 0 0 0 
0 0 0 203.049 202.595 209.417 208.676 203.53 199.021 196.878 245.485 505.564 593.056 605.411 633.63 640.921 633.567 636.21 584.284 578.515 590.343 607.224 585.697 572.448 574.471 588.964 557.196 547.935 606.501 659.825 677.646 665.216 655.779 666.403 675.543 636.488 613.921 671.333 682.484 676.67 672.682 648.811 637.219 506.425 276.473 235.191 249.846 224.576 234.353 255.314 238.117 225.608 223.246 226.051 227.391 227.442 224.867 218.043 215.512 207.98 208.995 204.277 0 0 0 
0 0 0 0 211.816 207.389 209.29 206.19 205.904 212.991 206.064 363.65 576.795 596.563 623.466 632.502 626.073 635.595 659.4 613.321 593.558 614.752 618.322 627.035 621.394 618.915 650.513 659.156 637.501 625.391 652.92 668.401 668.161 647.976 603.443 583.88 628.512 662.153 660.891 663.537 644.679 615.746 580.1 358.763 237.676 241.82 228.859 240.945 244.853 220.194 218.688 221.929 224.801 227.467 225.097 220.137 214.525 214.169 209.705 207.169 206.002 0 0 0 0 
0 0 0 0 206.322 205.174 201.477 207.045 203.217 213.775 214.335 214 451.764 587.494 616.055 642.38 640.087 637.494 655.931 656.979 617.178 612.471 604.793 594.879 621.561 631.317 622.124 638.858 652.906 647.47 642.615 631.418 623.966 607.213 620.422 659.28 668.397 660.965 649.709 631.941 615.063 589.547 436.148 253.128 227.948 228.779 244.318 217.326 210.261 226.782 227.663 226.588 220.923 213.59 209.214 207.7 210.416 212.051 205.212 203.371 199.42 0 0 0 0 
0 0 0 0 0 212.234 201.561 217.912 216.313 217.285 214.616 213.687 243.673 489.183 587.501 620.368 621.201 628.739 655.275 662.733 653.735 639.265 654.71 624.411 625.007 623.106 613.112 617.391 612.377 632.502 635.563 614.54 604.247 619.267 659.102 665.533 652.785 656.25 648.299 628.144 603.07 487.817 275.572 213.363 224.103 215.786 207.754 217.465 231.383 227.516 220.348 209.038 205.53 210.048 209.146 207.448 209.69 206.981 206.377 205.385 0 0 0 0 0 
0 0 0 0 0 202.482 203.274 205.975 205.806 200.731 201.083 216.587 199.08 252.16 489.104 590.444 609.858 618.916 635.735 637.625 645.797 639.754 639.312 642.017 649.894 655.007 627.799 607.405 618.073 636.833 647.806 657.024 658.641 651.119 645.38 643.557 645.085 645.811 624.448 616.122 526.857 319.851 238.802 241.439 223.207 232.948 238.526 220.991 205.347 205.685 213.456 219.024 219.244 218.196 217.961 219.321 213.144 209.111 207.021 202.52 0 0 0 0 0 
0 0 0 0 0 0 208.813 209.786 208.238 200.531 203.04 214.162 207.947 194.087 286.333 481.518 563.014 600.582 627.174 633.105 631.343 645.032 652.169 644.788 633.301 638.499 650.926 665.943 656.087 658.168 655.034 655.477 663.689 662.774 670.598 648.028 626.617 622.711 601.129 508.603 330.136 226.431 220.461 237.292 228.268 211.236 212.761 213.554 222.68 223.868 222.145 218.917 212.583 207.825 209.797 205.751 203.273 203.159 203.281 0 0 0 0 0 0 
0 0 0 0 0 0 0 213.721 204.757 203.851 217.468 220.955 204.398 204.381 191.862 256.224 412.387 527.429 611.492 615.126 615.507 630.89 633.717 644.381 646.113 643.602 645.062 645.243 644.203 658.219 652.752 648.695 645.501 638.713 648.982 629.897 613.734 596.224 487.271 316.693 241.251 240.696 209.387 212.508 208.727 224.502 228.645 225.088 221.378 220.51 216.376 216.045 218.008 210.874 205.703 201.983 197.967 195.576 0 0 0 0 0 0 0 
0 0 0 0 0 0 0 0 207.795 203.418 209.558 213.447 203.396 205.556 222.716 216.112 226.029 337.216 437.414 556.27 604.053 609.646 625.297 630.285 624.654 635.677 638.069 640.753 642.11 639.725 642.856 643.821 630.343 618.734 616.434 597.551 549.318 429.766 279.918 220.028 205.13 230.358 230.252 241.373 227.065 222.212 215.566 209.051 207.07 207.077 203.036 203.023 205.755 208.87 209.337 207.976 205.152 0 0 0 0 0 0 0 0 
0 0 0 0 0 0 0 0 203.548 202.46 212.24 208.07 205.26 214.47 215.32 207.904 196.369 213.375 268.406 321.233 417.689 535.957 584.843 606.4 607.786 615.737 620.113 618.55 618.925 613.763 615.556 617.991 599.915 607.376 567.398 462.453 330.453 240.011 234.44 228.105 219.84 203.846 202.348 201.715 202.879 208.892 215.409 212.116 214.183 217.328 215.292 210.027 211.362 206.268 203.49 202.297 197.45 0 0 0 0 0 0 0 0 
0 0 0 0 0 0 0 0 0 202.944 217.571 209.791 208.062 211.614 208.138 211.64 215.682 217.808 210.18 238.93 251.136 257.615 336.944 416.704 471.792 497.325 526.261 554.428 562.785 547.96 563.674 532.232 481.59 409.562 305.589 227.893 204.62 192.041 202.452 197.804 216.212 215.526 214.137 210.67 212.646 212.532 213.295 204.606 204.047 202.819 205.259 197.522 200.494 200.629 194.854 190.953 0 0 0 0 0 0 0 0 0 
0 0 0 0 0 0 0 0 0 0 221.251 220.687 214.846 230.473 231.677 241.165 241.362 239.294 242.914 256.235 266.983 277.526 258.898 268.79 315.035 343.434 355.039 352.731 341.053 333.325 321.018 268.169 220.228 188.309 173.52 173.527 172.417 171.365 176.92 167.319 165.501 159.29 164.125 167.853 166.92 164.429 171.598 166.22 165.097 167.744 171.019 170.012 166.577 171.567 173.755 0 0 0 0 0 0 0 0 0 0 
0 0 0 0 0 0 0 0 0 0 0 212.615 210.612 229.161 214.372 222.819 222.188 215.357 227.085 225.442 226.43 229.726 240.567 251.412 227.499 210.702 219.606 216.191 209.875 200.726 162.317 146.451 149.275 158.842 162.158 176.239 177.357 180.862 191.677 188.564 188.995 190.341 188.703 182.999 183.204 183.904 185.919 183.379 178.936 178.558 175.662 177.318 171.055 170.949 0 0 0 0 0 0 0 0 0 0 0 
0 0 0 0 0 0 0 0 0 0 0 0 0 222.159 207.597 213.438 219.331 217.585 217.611 212.717 213.839 222.338 222.185 216.769 215.255 227.214 200.162 191.116 202.702 202.237 203.035 206.27 200.324 200.938 190.722 188.269 189.086 184.565 191.231 189.251 181.603 187.335 197.326 192.518 193.836 188.135 190.356 194.013 188.718 192.114 189.466 186.649 0 0 0 0 0 0 0 0 0 0 0 0 0 
0 0 0 0 0 0 0 0 0 0 0 0 0 0 202.373 212.814 218.775 203.658 203.754 210.845 211.521 215.884 211.949 209.292 213.123 216.172 203.448 207.279 202.211 194.671 196.169 198.475 200.057 209.961 204.138 204.889 197.535 192.53 207.228 194.736 190.185 194.547 191.556 186.577 194.339 197.475 195.116 189.13 182.434 184.347 189.586 0 0 0 0 0 0 0 0 0 0 0 0 0 0 
0 0 0 0 0 0 0 0 0 0 0 0 0 0 0 211.22 209.173 205.78 209.956 207.238 211.656 212.362 203.557 212.348 218.327 204.076 208.919 211.452 204.676 205.759 209.679 198.807 198.645 200.643 195.017 205.86 205.34 195.605 204.452 201.23 199.05 195.253 194.53 191.376 195.328 193.482 193.038 197.046 194.795 181.547 0 0 0 0 0 0 0 0 0 0 0 0 0 0 0 
0 0 0 0 0 0 0 0 0 0 0 0 0 0 0 0 0 207.77 201.16 208.486 203.532 207.776 209.457 206.645 204.48 207.723 216.116 204.461 205.519 207.38 206.424 201.508 204.399 205.3 198.745 196.826 197.709 200.865 205.918 199.191 201.365 201.949 193.936 190.754 194.684 196.225 195.237 188.788 0 0 0 0 0 0 0 0 0 0 0 0 0 0 0 0 0 
0 0 0 0 0 0 0 0 0 0 0 0 0 0 0 0 0 0 0 210.839 203.184 204.563 209.188 202.104 196.725 212.579 213.873 205.486 206.998 209.151 207.513 205.995 201.896 209.745 208.125 199.788 199.472 195.574 197.047 198.415 193.029 206.513 199.44 193.203 193.669 192.517 0 0 0 0 0 0 0 0 0 0 0 0 0 0 0 0 0 0 0 
0 0 0 0 0 0 0 0 0 0 0 0 0 0 0 0 0 0 0 0 0 199.449 213.286 199.54 200.981 206.874 210.168 202.935 199.468 203.873 204.677 197.318 199.683 205.099 203.086 196.824 199.307 202.434 198.061 195.747 194.63 192.908 201.657 194.598 0 0 0 0 0 0 0 0 0 0 0 0 0 0 0 0 0 0 0 0 0 
0 0 0 0 0 0 0 0 0 0 0 0 0 0 0 0 0 0 0 0 0 0 0 0 0 203.846 206.661 209.158 202.13 204.625 205.336 195.828 204.514 205.55 198.848 201.528 201.447 197.782 194.355 200.539 0 0 0 0 0 0 0 0 0 0 0 0 0 0 0 0 0 0 0 0 0 0 0 0 0 
0 0 0 0 0 0 0 0 0 0 0 0 0 0 0 0 0 0 0 0 0 0 0 0 0 0 0 0 0 0 0 0 0 0 0 0 0 0 0 0 0 0 0 0 0 0 0 0 0 0 0 0 0 0 0 0 0 0 0 0 0 0 0 0 0 
