0 0 0 0 0 0 0 0 0 0 0 0 0 0 0 0 0 0 0 0 0 0 0 0 0 0 0 0 0 0 0 0 0 0 0 0 0 0 0 0 0 0 0 0 0 0 0 0 0 0 0 0 0 0 0 0 0 0 0 0 0 0 0 0 0 
0 0 0 0 0 0 0 0 0 0 0 0 0 0 0 0 0 0 0 0 0 0 0 0 0 179.279 189.513 188.054 186.444 182.707 188.331 183.067 194.166 181.507 183.313 183.973 179.26 180.322 183.529 186.37 0 0 0 0 0 0 0 0 0 0 0 0 0 0 0 0 0 0 0 0 0 0 0 0 0 
0 0 0 0 0 0 0 0 0 0 0 0 0 0 0 0 0 0 0 0 0 180.921 187.227 191.071 185.528 193.427 193.679 186.38 188.195 185.169 190.187 192.212 188.533 186.028 186.061 184.083 184.807 187.539 189.336 181.709 176.81 180.932 181.103 172.527 0 0 0 0 0 0 0 0 0 0 0 0 0 0 0 0 0 0 0 0 0 
0 0 0 0 0 0 0 0 0 0 0 0 0 0 0 0 0 0 0 186.864 190.006 190.16 191.205 188.947 186.378 201.156 193.505 189.68 190.017 193.849 196.51 194.607 185.504 188.563 184.694 190.098 191.429 193.079 188.47 181.816 181.582 186.299 181.057 179.778 188.344 178.232 0 0 0 0 0 0 0 0 0 0 0 0 0 0 0 0 0 0 0 
0 0 0 0 0 0 0 0 0 0 0 0 0 0 0 0 0 182.926 194.935 193.645 186.258 189.271 196.731 194.139 198.657 196.782 194.628 186.584 191.313 201.548 200.761 191.098 189.506 189.773 190.823 196.379 197.44 191.562 187.677 183.992 187.565 191.445 187.667 189.55 184.414 180.502 183.152 169.471 0 0 0 0 0 0 0 0 0 0 0 0 0 0 0 0 0 
0 0 0 0 0 0 0 0 0 0 0 0 0 0 0 185.731 194.168 187.227 197.618 200.619 187.1 195.167 192.166 198.496 208.91 196.263 198.736 186.179 197.394 203.301 194.582 189.984 191.284 197.101 195.434 199.584 198.411 190.877 191.67 186.314 194.139 194.82 192.005 188.892 186.822 185.316 176.145 177.229 181.093 176.436 0 0 0 0 0 0 0 0 0 0 0 0 0 0 0 
0 0 0 0 0 0 0 0 0 0 0 0 0 0 191.383 195.629 191.151 191.038 206.03 195.407 189.013 199.246 198.232 200.518 207.19 194.673 197.073 195.933 200.008 208.669 191.398 198.566 196.323 204.285 194.476 198.796 192.381 194.397 197.58 194.66 197.475 196.669 186.084 194.516 189.338 179.616 181.452 187.176 182.691 183.192 173.641 0 0 0 0 0 0 0 0 0 0 0 0 0 0 
0 0 0 0 0 0 0 0 0 0 0 0 0 199.235 195.49 192.7 199.251 190.96 207.31 196.478 194.777 197.511 203.688 202.836 199.473 198.319 198.418 204.73 200.914 203.226 190.017 204.697 197.201 199.245 199.185 192.974 200.408 196.108 199.928 193.418 198.738 195.297 193.237 196.084 185.657 187.231 191.053 190.452 184.008 184.842 176.899 176.335 0 0 0 0 0 0 0 0 0 0 0 0 0 
0 0 0 0 0 0 0 0 0 0 0 183.492 192.081 197.92 200.918 197.184 196.776 199.567 211.251 196.297 195.325 201.904 207.82 204.995 195.047 205.85 202.03 203.137 201.697 195.45 202.675 206.544 193.157 205.897 199.038 196.235 207.412 197.064 201.255 193.86 194.693 197.351 203.007 190.611 191.552 194.702 190.313 186.705 187.551 188.945 177.603 177.138 171.28 173.91 0 0 0 0 0 0 0 0 0 0 0 
0 0 0 0 0 0 0 0 0 0 187.63 196.232 190.872 198.027 201.647 198.492 198.589 206.559 210.612 195.394 192.872 209.238 209.068 201.289 194.357 209.8 199.277 197.893 203.504 203.975 205.91 198.906 196.323 203.593 208.443 208.999 198.297 195.663 199.837 192.59 208.157 202.892 195.714 198.895 194.354 185.502 191.741 189.52 189.805 185.403 182.773 182.281 178.996 179.93 174.797 0 0 0 0 0 0 0 0 0 0 
0 0 0 0 0 0 0 0 0 192.46 197.915 197.972 193.585 201.688 202.74 198.872 200.208 210.571 210.624 189.891 203.141 209.892 204.812 198.184 209.578 206.722 196.386 204.837 207.286 206.755 199.173 195.458 206.292 205.036 215.587 194.97 195.006 205.357 200.56 204.121 210.456 193.511 196.888 203.804 181.598 194.816 199.026 191.233 191.191 190.826 188.405 183.882 183.519 179.521 179.256 175.538 0 0 0 0 0 0 0 0 0 
0 0 0 0 0 0 0 0 190.356 200.985 201.47 199.003 197.963 200.852 207.994 199.829 198.361 215.105 203.286 192.572 212.521 208.694 200.348 206.749 215.213 195.265 201.485 221.416 212.089 189.787 197.068 213.874 211.028 201.984 200.872 191.802 207.397 206.183 205.89 201.721 197.708 195.227 198.462 195.795 191.965 204.001 198.583 191.23 195.546 191.588 186.694 186.936 184.856 180.987 183.39 173.458 168.432 0 0 0 0 0 0 0 0 
0 0 0 0 0 0 0 0 196.436 196.438 206.374 202.253 206.23 201.539 204.052 203.247 206.643 213.286 201.174 203.253 211.664 196.039 208.109 213.98 206.061 200.505 220.138 209.758 197.716 205.016 216.02 205.886 197.295 196.812 211.184 204.964 204.577 205.616 197.279 194.701 198.117 198.886 201.403 207.997 197.131 200.204 196.223 197.124 197.557 192.916 185.937 184.596 182.872 183.512 181.516 172.529 167.415 0 0 0 0 0 0 0 0 
0 0 0 0 0 0 0 202.036 197.757 198.735 200.737 202.977 210.218 203.772 205.81 199.616 214.934 212.012 202.085 214.09 201.901 200.381 223.02 196.275 206.531 221.207 199.821 200.452 221.408 212.492 192.465 196.25 210.883 209.045 206.39 193.029 191.043 201.195 199.408 201.263 209.555 203.553 205.89 198.957 188.967 200.266 194.962 190.334 192.881 185.136 184.864 186.23 183.622 186.91 180.982 175.18 175.718 173.987 0 0 0 0 0 0 0 
0 0 0 0 0 0 194.825 202.298 198.699 201.001 204.803 206.459 204.944 200.41 203.439 211.45 212.978 205.703 213.989 211.484 198.007 239.078 196.977 208.576 217.843 191.599 213.202 221.627 206.703 193.054 209.306 217.84 196.313 179.69 194.719 205.011 214.097 216.021 195.562 202.189 200.984 198.067 194.933 192.195 193.009 193.413 186.489 195.129 198.801 192.17 193.969 189.281 187.705 190.032 183.489 179.203 180.121 177.279 166.965 0 0 0 0 0 0 
0 0 0 0 0 193.18 201.4 206.621 205.313 203.211 205.788 214.123 213.784 200.894 196.171 217.143 208.132 210.802 224.787 193.096 226.874 220.797 213.453 227.82 196.497 215.776 208.236 200.405 207.84 205.464 189.821 192.853 195.044 203.934 216.768 211.504 188.632 183.787 177.828 194.995 196.653 193.372 200.14 194.231 198.526 196.707 194.52 203.346 197.78 182.89 186.43 187.651 191.217 189.624 180.825 178.816 175.323 165.982 171.778 171.887 0 0 0 0 0 
0 0 0 0 0 199.973 202.044 208.407 206.701 209.658 207.137 214.789 218.132 202.064 208.86 225.209 194.625 243.867 208.628 225.85 219.994 221.233 225.226 219.513 224.98 203.874 222.287 208.694 169.051 193.628 212.832 195.511 180.761 173.612 182.882 177.496 178.505 202.165 194.766 204.983 197.571 193.32 190.947 191.437 191.923 190.514 189.168 184.489 182.163 184.636 187.596 181.007 180.635 174.835 172.069 175.727 171.558 172.287 174.9 158.907 0 0 0 0 0 
0 0 0 0 198.701 202.043 204.042 212.457 212.219 209.402 208.769 223.916 233.134 197.097 229.701 223.874 219.595 240.467 227.12 249.863 259.17 253.004 267.612 273.537 263.882 282.445 292.163 271.184 277.488 258.264 205.728 178.65 186.915 188.834 171.061 169.466 178.885 192.417 171.014 168.086 163.565 172.742 173.745 184.413 182.158 164.103 174.02 172.011 179.389 177.517 166.741 175.462 178.449 175.884 175.561 171.633 163.116 168.797 162.855 153.723 152.696 0 0 0 0 
0 0 0 0 199.356 203.405 203.77 211.989 214.242 209.963 206.507 218.211 227.808 196.033 227.071 201.757 239.301 216.269 231.764 222.571 241.159 271.827 335.915 371.129 422.504 483.651 486.567 505.579 527.33 511.797 478.908 446.022 371.547 270.365 220.375 208.099 193.027 184.228 170.274 190.156 197.927 200.492 199.714 212.042 198.476 193.13 201.852 198.862 199.072 195.07 197.257 199.222 195.673 188.094 184.092 177.499 185.932 190.869 176.237 171.739 176.835 0 0 0 0 
0 0 0 199.309 201.866 205.156 199.622 207.956 213.676 210.691 199.603 219.467 214.728 204.582 204.227 216.812 218.042 223.705 231.052 311.845 394.617 486.733 561.05 580.363 614.229 610.622 601.981 614.183 614.706 608.628 607.359 610.817 592.617 550.123 478.263 360.29 243.632 229.62 248.551 251.237 224.5 210.361 203.236 212.106 206.079 205.229 205.276 217.094 216.466 203.852 205.188 205.559 206.91 201.083 196.395 203.202 209.024 197.207 189.268 196.688 186.081 180.879 0 0 0 
0 0 0 205.526 201.838 200.829 201.021 204.976 205.381 208.546 200.228 222.421 200.446 225.356 185.976 225.303 229.736 297.66 429.301 555.561 590.329 622.747 610.831 603.529 622.925 633.307 627.537 647.085 640.139 629.694 647.45 624.411 617.987 616.652 603.559 570.225 475.741 328.422 228.245 199.178 203.187 211.476 236.583 242.4 227.543 220.286 223.932 222.894 215.37 203.366 208.491 218.961 212.082 203.684 207.76 210.845 199.422 189.028 197.714 192.031 186.589 193.657 0 0 0 
0 0 197.775 205.689 205.332 205.45 204.225 214.525 216.524 207.051 199.52 223.489 203.015 223.943 208.292 241.522 387.94 513.6 602.973 618.715 606.811 624.948 639.845 629.787 650.711 627.927 655.081 656.072 637.957 666.046 642.104 641.622 662.112 640.412 611.274 619.318 608.043 520.862 386.635 275.2 238.326 208.578 224.423 235.065 227.681 222.054 222.622 228.802 217.584 215.197 224.17 223.46 206.854 202.449 212.055 208.385 203.868 206.506 195.891 192.262 198.342 190.131 179.433 0 0 
0 0 196.747 199.916 203.737 205.006 204.542 205.656 209.717 198.547 209.932 211.911 224.685 206.104 264.845 435.973 596.373 611.506 640.47 630.397 635.121 644.992 638.81 632.902 658.382 633.47 664.304 623.297 661.379 658.084 653.188 670.891 639.505 647.736 663.917 664.564 632.417 605.304 607.491 436.519 261.927 247.897 237.715 212.599 208.792 206.093 213.202 225.486 204.088 214.655 221.588 217.9 210.521 220.727 214.156 211.725 209.257 203.611 198.118 205.004 200.349 186.985 177.786 0 0 
0 0 206.223 200.55 200.846 203.958 196.255 200.592 210.776 188.058 209.652 194.392 223.75 261.462 450.265 576.753 610.906 607.679 655.37 635.202 632.913 654.141 623.838 650.371 634.188 641.11 604.191 600.345 589.554 601.803 634.399 637.987 667.16 662.088 625.521 641.634 649.198 628.342 633.257 598.266 433.555 214.013 239.309 252.326 246.962 231.569 231.284 226.927 220.573 227.911 228.228 221.328 217.908 215.665 216.407 219.07 209.407 203.306 211.54 209.699 196.053 191.236 195.064 0 0 
0 0 203.303 201.61 208.911 208.863 207.677 212.302 227.182 200.114 229.727 187.928 279.094 469.287 599.773 622.021 633.298 650.323 661.019 641.447 654.651 670.465 614.684 631.28 598.71 608.613 592.812 588.407 595.845 621.469 604.976 610.484 610.533 639.264 651.632 679.34 647.151 625.032 634.742 600.377 574.629 459.954 192.495 224.145 248.261 216.372 219.031 214.433 207.812 207.414 211.803 200.673 208.578 208.11 217.973 202.246 202.033 210.996 207.352 196.374 195.685 200.187 192.241 0 0 
0 197.304 203.946 203.894 206.346 203.229 205.092 200.283 218.218 189.127 229.456 228.699 420.604 603.568 604.524 631.384 628.898 656.635 655.684 627.223 616.042 600.399 588.226 609.296 628.8 617.319 635.555 635.518 632.437 641.856 649.146 639.449 629.961 616.107 601.957 661.302 664.419 651.071 681.423 651.953 616.677 600.561 384.28 180.745 255.913 206.381 223.501 243.272 227.82 230.549 223.859 211.212 215.431 225.059 212.273 205.83 214.665 208.932 203.536 204.926 201.519 195.114 189.163 189.087 0 
0 207.712 205.07 207.734 205.701 207.889 204.793 203.401 222.385 193.412 224.673 338.674 563.136 625.001 606.121 652.009 633.851 655.56 643.156 572.246 597.404 608.063 637.506 609.961 629.773 631.879 633.606 645.781 638.275 631.391 654.801 662.868 653.295 662.475 618.639 625.755 644.762 657.407 653.31 622.635 631.556 606.91 559.902 271.261 262.063 211.913 232.684 243.923 222.154 230.681 226.035 227.059 229.838 221.704 215.371 217.73 217.795 216.515 215.084 208.881 204.851 203.352 204.97 205.422 0 
0 206.934 202.423 203.892 204.392 206.301 202.307 197.623 227.606 192.441 263.381 496.944 603.22 630.695 605.801 656.773 628.487 632.977 586.629 558.275 613.4 587.396 591.798 582.419 576.698 568.158 571.164 573.651 597.378 644.297 658.481 683.532 687.536 681.084 641.728 661.358 625.919 656.711 701.318 681.744 674.174 636.168 607.47 460.461 254.149 219.406 255.898 249.737 227.212 241.761 240.172 236.246 239.11 227.672 224.683 224.79 221.886 222.489 208.968 208.462 208.201 210.053 205.918 192.792 0 
0 202.79 202.817 207.717 206.187 208.313 212.426 204.512 236.953 208.204 379.938 588.597 609.419 657.555 620.612 668.111 632.678 604.61 615.081 606.409 640.137 603.784 618.247 597.67 514.884 434.969 368.606 319.576 322.745 346.664 427.984 557.348 661.733 680.346 625.071 678.995 642.827 653.853 626.7 673.954 655.855 646.105 620.798 565.788 288.992 230.682 238.13 203.597 207.558 236.644 216.092 219.644 216.428 209.934 217.835 224.805 217.353 209.156 202.86 205.251 209.147 200.621 186.423 187.404 0 
0 206.702 208.965 212.399 213.844 214.375 212.134 196.493 233.327 256.513 504.258 618.569 620.187 665.384 630.463 673.484 620.493 591.145 654.383 628.112 659.295 642.264 561.698 396.76 268.877 225.742 207.563 214.48 203.264 200.043 213.477 263.558 427.893 644.847 625.653 634.316 591.797 615.179 565.426 648.54 601.078 644.273 614.94 595.264 399.406 245.192 229.826 193.071 230.518 216.79 199.306 207.758 207.198 206.714 209.724 211.152 203.892 202.076 206.313 204.696 195.013 189.255 189.986 184.871 0 
0 210.756 202.238 208.263 208.774 206.469 211.911 204.12 240.493 330.393 574.304 616.051 635.184 675.271 649.934 661.193 604.381 608.335 661.8 626.921 651.017 522.809 297.283 204.478 202.103 204.169 209.437 203.377 191.258 203.914 198.207 200.008 219.152 420.039 646.935 581.87 619.242 648.24 589.709 635.938 613.545 631.522 590.785 588.411 500.489 260.514 210.059 194.769 237.477 192.555 202.305 217.609 208.092 204.822 202.794 193.642 195.36 197.258 195.998 194.064 195.742 191.138 184.553 179.886 0 
0 210.785 206.355 211.054 207.529 208.572 220.223 200.28 242.812 408.952 617.124 630.49 638.135 659.912 648.39 624.567 615.146 627.422 645.674 634.37 564.553 293.508 201.295 207.524 205.587 204.552 200.507 196.437 199.875 192.302 177.693 180.701 220.432 215.122 526.907 654.818 584.209 610.152 615.242 612.892 661.098 626.208 634.533 606.097 553.619 306.019 236.608 210.11 216.266 170.716 219.32 210.285 201.082 209.901 200.903 197.545 199.511 200.714 202.915 192.991 192.33 187.971 185.703 185.958 0 
0 208.249 210.735 217.158 215.687 211.227 212.401 199.035 269.205 488.532 613.149 627.064 643.219 666.675 643.465 595.558 638.226 648.504 630.49 625.214 387.792 206.983 216 203.881 200.709 205.097 204.417 201.827 202.321 196.603 183.873 169.158 193.904 218.6 277.306 595.902 636.267 607.317 619.189 590.081 634.297 613.432 651.467 604.973 583.328 377.158 233.837 197.389 207.957 217.801 220.991 189.1 199.651 202.999 197.589 202.13 204.127 200.047 200.203 190.313 192.007 189.868 188.629 184.517 0 
0 211.495 205.381 209.288 210.508 213.296 214.812 196.033 292.12 535.297 623.172 639.548 645.798 645.935 639.955 581.522 637.458 658.199 623.226 559.603 256.192 202.449 204.11 197.862 201.407 205.781 200.057 192.777 198.698 192.448 181.525 166.432 163.707 204.09 214.016 442.273 633.901 624.467 624.051 612.847 618.062 637.216 609.628 622.247 599.172 442.15 228.592 211.03 204.768 231.801 199.954 196.7 205.18 200.541 202.301 205.508 202.632 194.442 192.033 189.603 192.641 190.437 186.682 177.812 0 
0 205.645 200.826 208.875 210.096 215.416 216.216 209.579 318.007 569.622 622.417 631.971 645.035 651.392 624.621 572.007 641.03 656.992 613.619 480.171 209.615 206.919 203.928 201.142 197.666 204.083 202.844 199.655 199.486 200.204 189.95 180.599 175.885 187.768 194.961 344.004 598.065 628.078 623.277 595.567 639.69 625.767 636.075 624.017 581.238 470.376 242.327 247.268 208.811 205.095 179.843 219.144 216.028 201.537 200.342 206.064 192.359 192.399 197.202 195.2 195.51 188.724 186.163 182.348 0 
0 204.4 204.128 208.122 213.859 223.311 210.777 210.686 326.229 586.564 623.579 640.63 649.952 645.846 605.226 571.119 644.735 642.182 622.05 411.068 201.235 210.115 200.699 205.164 193.824 198.608 198.323 196.2 197.463 195.871 191.829 186.187 183.006 192.076 201.642 307.338 583 621.698 619.842 616.864 597.781 644.634 647.89 607.196 612.102 495.946 260.271 209.029 203.988 197.586 225.383 220.435 193.19 204.092 204.894 196.626 192.483 199.499 199.038 195.282 194.942 187.618 187.994 185.022 0 
0 214.149 211.772 208.858 205.679 201.968 212.502 226.908 319.136 587.263 630.992 648.826 648.245 645.033 590.444 575.809 652.485 623.586 661.745 382.154 205.953 210.291 198.548 201.789 198.383 203.501 205.343 200.571 201.272 191.798 193.722 194.228 196.993 199.07 206.592 293.417 576.511 599.713 626.588 598.029 612.407 635.684 617.792 648.662 598.255 514.414 256.084 197.652 226.186 202.481 219.872 194.739 207.122 210.299 195.446 196.151 199.923 206.904 200.144 193.478 189.866 185.008 183.121 181.512 0 
0 205.192 198.863 207.29 204.081 209.319 219.766 226.499 297.69 593.89 613.06 646.652 651.131 658.47 588.915 569.664 651.51 625.142 659.601 410.907 212.349 212.526 203.458 202.244 199.014 200.029 202.793 201.046 197.858 195.252 198.038 198.476 199.171 202.018 203.153 306.141 586.915 604.06 619.823 596.151 614.536 641.076 653.708 618.7 595.522 514.526 250.109 243.146 204.574 221.297 191.276 188.819 212.541 202.042 206.785 202.56 212.594 207.082 198.215 195.083 192.644 189.073 185.561 182.739 0 
0 205.982 202.105 206.034 212.269 221.648 206.169 217.801 295.782 567.394 620.139 640.323 645.823 669.924 601.646 560.497 643.892 633.455 643.779 501.674 204.934 211.039 207.738 204.839 204.472 199.009 200.995 202.311 201.576 200.967 199.981 196.299 195.684 204.334 199.209 350.647 606.152 605.055 618.71 591.08 638.087 643.249 622.367 623.92 607.856 488.472 250.015 218.381 202.933 201.539 203.62 230.283 206.758 198.031 207.238 211.111 199.719 191.337 189.628 198.148 196.795 196.755 190.427 187.407 0 
0 203.687 215.27 216.004 217.292 210.687 206.33 221.102 298.385 527.087 620.532 629.788 658.425 660.468 613.955 531.653 640.069 642.977 613.524 597.001 278.173 203.93 208.849 200.164 199.896 199.936 199.409 198.317 199.495 199.665 199.682 200.546 198.335 203.698 213.961 444.751 630.445 600.976 611.686 597.687 607.86 647.084 652.875 611.193 588.149 462.14 225.194 198.029 224.401 202.832 225.707 205.52 204.572 211.873 204.655 191.26 190.628 196.738 198.125 198.024 198.136 192.207 184.782 179.699 0 
0 0 211.234 210.774 211.206 206.474 216.498 201.646 276.523 485.909 620.346 639.852 647.198 649.004 662.537 520.265 598.58 660.226 648.096 623.379 443.763 196.114 213.759 206.974 201.466 201.56 201.506 199.043 199.631 196.388 198.99 203.534 204.757 201.023 295.918 549.642 620.502 614.943 605.512 590.854 647.687 643.226 613.664 603.256 587.276 412.41 222.153 228.831 199.02 230.434 199.23 197.131 210.034 210.461 196.788 195.114 198.302 195.707 193.581 190.514 187.698 182.444 186.224 0 0 
0 0 206.58 202.932 205.715 214.718 218.774 210.483 227.905 425.494 601.624 631.857 649.78 658.771 670.574 593.617 569.777 639.677 643.132 637.716 594.765 337.908 191.023 211.506 205.717 202.164 198.121 196.15 200.921 200.099 196.314 201.872 198.717 234.796 460.445 600.116 616.502 618.139 590.827 604.796 635.913 631.298 644.992 612.21 565.5 362.224 221.757 203.188 215.626 190.06 195.984 211.575 199.503 199.252 200.632 208.94 206.432 200.723 202.017 195.884 193.18 186.921 184.26 0 0 
0 0 201.97 203.082 210.656 211.737 207.985 210.414 212.699 370.149 558.646 614.326 634.614 649.91 651.644 658.262 578.61 624.995 654.97 645.703 637.15 564.515 347.881 205.23 198.548 206.175 204.461 201.452 195.408 199.701 208.431 200.662 229.641 417.245 596.233 602.764 611.327 608.759 587.792 647.735 640.832 636.534 606.788 583.997 530.021 280.504 202.028 208.391 194.318 208.125 229.713 212.294 203.41 205.774 207.838 207.761 203.912 198.775 196.27 192.75 191.487 187.46 187.949 0 0 
0 0 206.456 216.153 213.832 212.14 208.287 214.779 215.457 262.982 519.818 615.247 636.828 643.491 646.062 645.697 624.658 575.232 626.479 643.963 647.663 628.401 595.019 447.872 286.53 242.537 211.362 209.31 203.28 209.54 203.207 259.653 432.811 600.215 613.392 626.609 623.331 570.059 578.082 626.728 620.947 632.518 618.352 595.981 455.068 237.351 238.393 219.403 228.7 228.292 200.116 202.46 215.184 214.326 206.726 199.648 198.265 198.96 200.163 200.511 199.159 197.438 194.435 0 0 
0 0 0 215.673 200.818 203.654 200.686 215.53 208.979 198.882 409.868 578.127 622.53 637.973 657.635 639.643 645.675 602.277 582.35 616.734 631.666 632.223 589.309 607.224 560.088 447.116 390.691 357.769 314.497 338.385 434.333 575.604 655.11 652.231 639.666 644.356 591.925 590.123 655.874 670.732 657.205 633.279 610.891 572.045 358.59 230.742 217.705 227.442 220.179 197.308 217.631 222.656 216.676 212.564 209.656 211.234 214.624 214.701 209.903 211.215 201.059 198 0 0 0 
0 0 0 204.162 202.204 209.281 212.349 204.757 196.883 199.402 248.163 504.057 593.835 608.583 637.667 644.383 638.095 637.572 581.142 570.163 583.189 619.652 594.848 571.935 572.99 588.234 557.055 552.33 612.866 665.103 679.15 671.645 662.03 670.315 680.879 631.46 601.298 673.902 678.697 669.154 669.752 646.505 628.078 501.017 278.121 237.699 255.051 227.257 236.795 253.968 236.348 224.068 221.353 222.041 223.491 223.209 222.01 217.748 214.806 208.812 207.408 208.533 0 0 0 
0 0 0 0 212.655 210.227 211.215 206.531 207.768 216.098 205.934 362.356 577.693 597.379 616.585 634.841 630.902 632.366 656.227 606.507 582.828 607.951 624.187 634.993 625.772 621.218 645.656 649.904 631.062 631.807 656.566 675.852 678.868 641.899 602.081 574.124 620.204 657.829 653.593 661.854 644.923 617.074 577.103 360.098 239.831 243.319 225.955 241.832 248.523 222.16 218.857 221.918 229.182 231.409 225.701 221.301 216.396 210.305 210.92 208.458 207.549 0 0 0 0 
0 0 0 0 207.528 205.082 199.856 206.966 204.375 216.293 213.229 215.181 451.99 588.408 613.679 646.167 643.863 637.956 650.711 657.104 618.82 602.174 595.49 593.643 623.655 633.325 627.246 635.934 654.025 646.775 639.744 630.109 629.861 577.964 602.374 654.673 667.06 658.756 643.174 629.347 614.127 588.688 438.156 253.136 224.695 229.046 243.119 214.942 208.194 228.383 227.65 223.827 218.977 213.635 210.057 207.439 209.44 210.324 203.559 199.845 200.218 0 0 0 0 
0 0 0 0 0 209.424 201.476 217.755 217.412 215.406 214.989 213.682 246.196 486.726 587.254 624.422 618.592 638.26 661.129 653.321 652.876 650.325 648.899 622.287 619.881 616.686 617.43 618.139 604.423 616.173 625.696 604.075 599.424 612.643 661.152 659.42 648.2 657.061 644.484 628.191 606.38 491.78 277.495 214.129 227.265 215.83 206.929 217.722 229.722 226.944 220.409 211.01 206.567 208.145 210.617 209.372 209.353 208.331 207.593 206.265 0 0 0 0 0 
0 0 0 0 0 202.687 202.851 203.597 204.714 197.507 203.16 219.199 202.223 255.701 495.324 593.469 602.518 615.887 640.112 638.629 638.079 642.735 641.119 636.805 638.695 652.996 625.244 601.248 604.753 622.036 642.865 654.845 662.024 652.816 646.647 649.987 648.811 649.355 628.578 619.201 527.241 324.6 243.311 242.771 225.399 237.067 240.819 225.836 209.015 208.31 216.681 221.227 221.691 220.115 221.468 220.092 215.745 209.511 207.249 206.517 0 0 0 0 0 
0 0 0 0 0 0 209.785 209.545 208.115 201.017 207.871 213.352 208.058 196.841 290.16 484.991 560.97 600.943 627.197 637.512 637.789 644.138 646.916 638.689 631.637 639.694 641.82 660.79 660.06 662.943 654.696 657.542 668.49 664.403 667.759 647.608 627.637 624.529 608.367 510.899 323.571 227.47 226.753 238.151 229.071 213.865 215.065 218.517 224.591 225.394 224.197 218.775 213.672 208.349 209.287 206.974 205.717 204.507 203.931 0 0 0 0 0 0 
0 0 0 0 0 0 0 212.762 205.435 204.233 215.83 216.932 203.255 203.439 191.04 257.56 418.519 528.565 614.379 611.635 612.892 634.395 636.303 645.508 639.079 640.157 647.537 648.094 655.096 660.953 652.933 653.775 637.539 633.016 646.639 625.107 611.163 597.17 492.264 319.178 240.145 241.812 216.212 215.252 207.943 224.525 228.509 224.966 220.229 219.193 219.214 216.846 217.22 209.215 202.453 202.481 199.146 196.6 0 0 0 0 0 0 0 
0 0 0 0 0 0 0 0 205.816 200.695 205.98 209.003 199.586 201.386 216.146 211.027 223.849 337.236 450.864 563.059 603.519 605.432 627.161 633.719 625.043 638.059 638.01 640.756 642.931 633.664 645.011 644.187 635.306 618.303 615.864 600.645 562.933 438.803 274.583 221.417 204.198 229.73 233.051 242.532 228.161 220.23 215.269 210.966 208.86 205.581 205.884 205.428 208.498 210.023 209.598 207.606 206.228 0 0 0 0 0 0 0 0 
0 0 0 0 0 0 0 0 197.685 200.951 209.432 207.592 206.289 214.052 213.769 210.02 194.796 206.611 270.184 327.802 422.258 537.617 582.033 601.714 613.45 621.818 628.925 624.497 621.774 617.056 618.816 613.661 602.273 608.946 575.184 470.237 333.015 244.62 231.736 230.939 217.833 205.735 203.225 204.197 204.801 210.679 214.486 213.108 216.562 216.739 215.732 211.718 211.082 209.017 204.831 200.729 196.656 0 0 0 0 0 0 0 0 
0 0 0 0 0 0 0 0 0 205.106 218.287 211.368 210.229 210.444 207.258 215.601 214.255 217.389 211.266 235.347 250.614 257.588 345.596 422.313 478.351 501.249 532.022 552.148 561.399 551.94 560.947 529.822 478.561 410.73 311.114 235.366 202.735 193.362 201.503 200.031 213.872 214.897 212.647 211.732 212.676 215.558 213.625 201.036 204.361 204.337 203.863 198.963 199.205 199.671 194.756 192.39 0 0 0 0 0 0 0 0 0 
0 0 0 0 0 0 0 0 0 0 223.84 223.883 217.182 229.06 232.567 245.924 239.813 239.802 244.282 257.362 271.848 278.647 270.07 270.903 318.645 351.64 362.96 361.673 344.493 337.505 317.581 267.836 217.348 187.692 171.236 174.476 169.415 166.045 170.844 166.325 162.169 154.44 160.403 167.079 161.261 161.288 172 164.53 164.097 163.961 167.682 167.698 167.898 170.423 172.417 0 0 0 0 0 0 0 0 0 0 
0 0 0 0 0 0 0 0 0 0 0 212.343 209.657 227.338 216.075 224.317 218.775 216.812 232.118 229.777 228.896 226.182 243.181 252.028 228.916 210.992 219.552 223.218 213.129 205.739 166.988 149.514 151.145 161.86 162.317 175.211 178.569 179.323 189.579 191.046 193.021 189.094 185.709 183.928 185.08 181.62 183.288 179.674 179.748 180.283 177.928 173.942 172.385 169.74 0 0 0 0 0 0 0 0 0 0 0 
0 0 0 0 0 0 0 0 0 0 0 0 0 220.52 207.3 215.812 220.103 218.784 222.586 211.827 214.882 222.433 223.672 214.791 214.566 228.563 203.956 194.047 200.391 202.523 203.774 211.219 205.872 204.424 196.023 185.961 188.007 182.64 190.516 188.729 184.503 188.4 199.212 191.2 195.196 189.441 191.899 190.974 186.167 189.685 189.488 185.132 0 0 0 0 0 0 0 0 0 0 0 0 0 
0 0 0 0 0 0 0 0 0 0 0 0 0 0 203.805 215.891 217.177 204.359 205.312 208.961 215.795 214.911 210.045 210.145 214.527 213.047 206.293 208.826 203.125 196.359 193.213 198.578 203.197 207.95 211.226 208.11 197.293 192.126 205.967 193.993 193.487 194.558 194.549 187.395 192.529 197.091 197.222 189.754 182.893 183.591 190.897 0 0 0 0 0 0 0 0 0 0 0 0 0 0 
0 0 0 0 0 0 0 0 0 0 0 0 0 0 0 211.129 210.223 206.278 210.145 209.846 211.724 210.459 201.238 217.052 219.162 202.82 212.797 209.26 206.214 207.193 208.926 198.751 199.766 199.814 196.414 209.08 203.335 199.331 205.583 197.426 201.49 197.362 196.088 194.729 197.094 190.904 193.167 197.391 194.255 181.402 0 0 0 0 0 0 0 0 0 0 0 0 0 0 0 
0 0 0 0 0 0 0 0 0 0 0 0 0 0 0 0 0 204.255 202.205 208.874 202.5 206.276 211.778 211.162 207.058 206.748 214.779 204.821 206.344 207.035 206.74 201.501 207.57 205.363 198.92 199.713 196.114 200.125 207.732 199.609 202.454 200.763 196.404 195.867 197.186 196.19 194.956 191.035 0 0 0 0 0 0 0 0 0 0 0 0 0 0 0 0 0 
0 0 0 0 0 0 0 0 0 0 0 0 0 0 0 0 0 0 0 210.691 202.558 208.725 210.165 203.579 201.067 211.73 209.561 209.07 206.583 208.741 207.762 205.256 204.299 209.975 208.182 200.038 199.394 194.997 197.745 198.593 195.843 206.117 196.831 196.367 196.684 196.684 0 0 0 0 0 0 0 0 0 0 0 0 0 0 0 0 0 0 0 
0 0 0 0 0 0 0 0 0 0 0 0 0 0 0 0 0 0 0 0 0 204.121 210.366 202.318 202.886 207.094 206.573 205.437 199.073 205.384 202.458 197.669 200.31 205.783 203.608 197.103 197.9 201.506 199.751 196.287 196.692 196.135 198.595 194.482 0 0 0 0 0 0 0 0 0 0 0 0 0 0 0 0 0 0 0 0 0 
0 0 0 0 0 0 0 0 0 0 0 0 0 0 0 0 0 0 0 0 0 0 0 0 0 205.516 207.197 206.363 203.889 205.725 202.93 195.603 204.041 207.135 199.262 200.519 199.856 198.021 193.56 202.537 0 0 0 0 0 0 0 0 0 0 0 0 0 0 0 0 0 0 0 0 0 0 0 0 0 
0 0 0 0 0 0 0 0 0 0 0 0 0 0 0 0 0 0 0 0 0 0 0 0 0 0 0 0 0 0 0 0 0 0 0 0 0 0 0 0 0 0 0 0 0 0 0 0 0 0 0 0 0 0 0 0 0 0 0 0 0 0 0 0 0 
