0 0 0 0 0 0 0 0 0 0 0 0 0 0 0 0 0 0 0 0 0 0 0 0 0 0 0 0 0 0 0 0 0 0 0 0 0 0 0 0 0 0 0 0 0 0 0 0 0 0 0 0 0 0 0 0 0 0 0 0 0 0 0 0 0 
0 0 0 0 0 0 0 0 0 0 0 0 0 0 0 0 0 0 0 0 0 0 0 0 0 175.431 177.569 178.699 183.354 185.773 179.999 171.23 179.099 178.741 180.212 176.079 168.934 169.718 164.606 181.556 0 0 0 0 0 0 0 0 0 0 0 0 0 0 0 0 0 0 0 0 0 0 0 0 0 
0 0 0 0 0 0 0 0 0 0 0 0 0 0 0 0 0 0 0 0 0 179.326 179.158 178.834 190.649 183.075 181.181 182.618 191.243 184.183 178.05 180.086 186.011 187.379 183.161 176.535 176.908 179.01 173.813 177.35 166.097 169.224 169.493 162.325 0 0 0 0 0 0 0 0 0 0 0 0 0 0 0 0 0 0 0 0 0 
0 0 0 0 0 0 0 0 0 0 0 0 0 0 0 0 0 0 0 177.77 190.568 186.998 188.806 187.086 194.735 182.686 183.575 192.071 192.483 182.824 181.189 190.752 187.061 191.598 183.357 185.085 186.953 183.611 174.843 178.672 173.444 176.064 180.857 165.79 162.347 158.625 0 0 0 0 0 0 0 0 0 0 0 0 0 0 0 0 0 0 0 
0 0 0 0 0 0 0 0 0 0 0 0 0 0 0 0 0 187.921 184.217 193.116 192.463 187.729 189.777 198.353 193.681 183.358 194.629 196.068 187.529 183.174 192.308 190.382 188.04 189.726 189.147 193.345 189.131 180.391 179.53 185.604 179.294 186.163 177.76 163.145 169.801 167.837 167.231 168.235 0 0 0 0 0 0 0 0 0 0 0 0 0 0 0 0 0 
0 0 0 0 0 0 0 0 0 0 0 0 0 0 0 188.1 192.363 194.772 186.247 198.389 193.785 196.054 193.138 196.92 189.795 192.387 201.92 196.33 186.525 196.844 197.619 188.441 195.981 194.33 198.641 188.62 188.791 178.658 190.21 190.925 185.122 186.932 171.41 175.904 180.672 173.886 173.078 167.608 153.537 155.024 0 0 0 0 0 0 0 0 0 0 0 0 0 0 0 
0 0 0 0 0 0 0 0 0 0 0 0 0 0 189.293 197.172 195.004 194.573 197.154 194.496 190.882 202.296 197.477 193.318 194.756 202.917 195.171 196.219 191.442 202.409 186.269 193.013 198.037 197.454 194.845 192.848 196.516 181.574 196.061 190.906 183.922 189.339 182.605 187.299 181.587 174.655 175.571 165.812 166.665 164.732 162.188 0 0 0 0 0 0 0 0 0 0 0 0 0 0 
0 0 0 0 0 0 0 0 0 0 0 0 0 185.273 194.831 198.272 199.456 193.948 207.246 190.427 193.769 204.376 195.582 193.562 205.372 198.307 190.444 204.19 200.011 194.02 193.037 206.547 191.193 190.368 196.486 200.838 195.198 184.646 197.193 196.294 187.924 196.211 187.223 186.709 182.491 171.384 181.094 175.809 177.88 169.955 161.052 159.005 0 0 0 0 0 0 0 0 0 0 0 0 0 
0 0 0 0 0 0 0 0 0 0 0 194.642 194.209 183.99 200.41 198.55 199.912 202.345 205.817 189.626 208.583 197.16 194.739 202.277 200.99 191.105 204.391 204.129 187.942 195.629 207.821 198.098 185.348 203.883 211.294 193.035 188.686 193.699 205.321 196.596 190.988 190.429 186.208 187.603 186.619 186.747 187.734 177.812 174.437 171.031 163.783 166.037 153.216 149.416 0 0 0 0 0 0 0 0 0 0 0 
0 0 0 0 0 0 0 0 0 0 191.642 205.007 193.765 189.181 201.5 196.111 204.068 208.555 195.976 201.568 213.318 191.141 204.566 202.091 192.824 209.183 202.618 187.125 201.463 213.541 196.747 187.5 200.565 212.599 194.818 193.12 197.776 204.626 202.461 189.854 189.336 189.827 198.361 196.818 189.014 188.932 183.489 180.011 177.981 166.988 171.484 171.313 167.977 164.777 149.767 0 0 0 0 0 0 0 0 0 0 
0 0 0 0 0 0 0 0 0 186.438 204.708 208.983 199.51 191.773 199.566 193.441 209.429 207.777 191.188 215.974 200.404 201.854 212.55 186.736 206.153 206.349 194.632 200.791 211.312 198.858 192.336 208.318 204.596 194.569 193.653 210.656 206.511 191.439 191.507 196.847 198.143 203.335 196.551 190.312 180.793 189.507 185.137 191.992 181.062 175.025 183.796 175.946 171.671 161.193 155.345 147.038 0 0 0 0 0 0 0 0 0 
0 0 0 0 0 0 0 0 190.645 196.253 202.332 207.272 200.331 209.215 194.702 196.741 211.143 194.716 208.238 210.598 198.781 218.903 195.641 202.854 206.211 198.879 207.277 198.991 203.709 201.851 198.569 202.948 198.949 206.607 206.981 199.539 188.293 199.544 206.747 210.566 194.676 191.501 191.537 189.608 193.622 194.171 195.539 191.519 182.093 180.499 182.855 176.826 166.059 160.496 163.787 156.305 143.81 0 0 0 0 0 0 0 0 
0 0 0 0 0 0 0 0 195.694 203.481 203.676 203.948 199.942 215.152 193.765 213.861 202.17 195.675 213.928 197.958 219.793 202.752 208.265 201.529 193.008 215.382 195.105 200.509 214.658 189.879 199.446 215.093 200.629 194.26 201.308 205.814 199.395 213.558 199.908 190.877 181.59 202.591 205.671 202.531 195.586 186.008 193.806 184.049 176.478 192.384 185.763 177.257 164.381 172.047 170.845 161.882 155.917 0 0 0 0 0 0 0 0 
0 0 0 0 0 0 0 200.258 195.761 204.21 210.362 201.116 202.202 208.608 197.735 226.359 194.751 215.272 193.887 208.313 201.917 215.722 204.672 200.814 218.067 187.08 210.877 210.69 184.907 210.925 215.362 191.696 186.226 222.241 213.762 191.487 195.959 201.071 203.433 200.162 205.529 213.483 202.2 183.348 177.19 188.406 198.892 184.39 197.368 189.386 182.389 178.615 180.684 181.378 172.304 164.306 154.347 151.285 0 0 0 0 0 0 0 
0 0 0 0 0 0 197.134 198.997 195.628 204.921 209.099 204.557 213.786 198.109 207.117 218.023 204.442 213.61 209.594 196.293 210.437 211.854 202.402 214.369 201.749 212.769 200.396 206.733 196.568 203.088 198.753 206.27 208.225 204.045 187.461 200.683 221.448 214.264 201.275 190.921 197.521 196.044 191.118 184.086 200.436 208.124 208.451 186.17 187.848 185.339 190.918 174.596 182.567 174.565 172.189 162.056 158.32 157.252 149.608 0 0 0 0 0 0 
0 0 0 0 0 195.495 202.347 200.343 195.117 206.411 199.467 208.089 208.813 202.499 216.856 210.969 218.591 210.257 209.524 200.685 212.4 204.661 205.89 213.544 204.839 207.858 216.544 192.389 199.471 209.707 196.783 191.983 204.729 211.856 209.981 201.019 190.387 194.663 202.082 196.762 212.444 203.948 202.068 195.716 203.238 200.242 179.006 179.493 188.923 189.533 184.843 180.345 179.854 179.113 174.383 166.582 169.409 161.945 153.041 144.737 0 0 0 0 0 
0 0 0 0 0 197.686 208.125 205.882 200.955 217.232 197.835 222.827 193.59 210.964 199.142 224.04 209.604 233.498 198.953 213.71 207.612 194.879 220.232 212.329 194.601 203.365 202.401 205.037 204.618 186.137 207.627 209.355 184.744 199.511 208.214 194.41 210.601 222.29 202.489 179.923 191.733 199.782 191.11 183.834 186.965 188.795 184.854 194.682 196.371 195.451 181.936 184.05 179.124 183.827 173.471 176.274 168.824 163.873 157.128 145.261 0 0 0 0 0 
0 0 0 0 202.932 205.872 208.932 196.088 200.283 210.642 193.466 233.483 190.594 222.33 209.491 207.76 220.255 232.519 203.988 216.215 220.55 195.403 212.219 213.571 210.178 207.744 193.253 213.462 207.009 184.489 203.887 192.242 194.963 209.731 180.617 170.12 199.932 198.623 182.897 188.934 211.968 208.432 185.121 191.7 201.319 197.118 197.075 196.294 185.803 183.016 172.132 176.297 182.054 177.195 171.62 169.137 165.95 163.095 152.864 145.44 141.208 0 0 0 0 
0 0 0 0 201.004 206.079 221.841 200.896 217.009 210.95 199.043 224.476 214.184 215.035 229.377 214.171 230.497 236.523 233.214 250.252 239.005 231.913 247.633 235.844 252.243 217.767 201.25 186.76 168.144 183.028 163.487 178.496 183.157 176.104 186.095 185.979 192.081 182.204 178.126 185.903 183.444 172.998 172.543 183.512 186.353 180.347 173.167 174.214 172.931 169.539 177.382 179.819 179.734 165.239 166.951 168.594 166.901 156.444 151.254 147.263 140.915 0 0 0 0 
0 0 0 202.209 210.521 213.107 222.731 196.265 223.841 208.981 219.907 207.056 209.734 219.655 223.484 220.665 246.471 230.142 259.63 330.091 362.206 412.423 446.691 457.678 484.454 463.98 458.273 390.089 349.03 257.658 204.437 193.385 172.754 206.14 203.305 168.792 200.063 207.337 193.132 187.99 189.016 185.708 197.852 191.133 176.306 179.868 188.562 192.882 189.332 189.492 185.773 187.952 177.085 176.832 180.637 181.271 175.356 164.658 162.145 156.999 153.238 143.017 0 0 0 
0 0 0 204.561 203.833 213.077 227.684 197.087 224.165 200.9 218.326 219.867 201.356 215.112 206.327 229.524 310.754 400.34 484.419 555.779 570.122 609.642 593.907 620.418 593.671 609.592 595.753 602.83 586.765 549.352 468.224 360.527 267.207 218.003 209.809 213.496 229.363 196.498 195.756 215.757 219.4 212.324 223.928 208.855 213.253 226.864 218.052 208.43 211.686 202.546 201.543 205.101 190.757 192.195 193.582 191.528 187.184 183.333 178.5 172.093 162.977 150.43 0 0 0 
0 0 209.585 214.808 206.161 211.553 228.448 196.989 223.806 216.67 208.166 222.525 196.289 240.478 307.903 439.265 547.305 591.535 612.009 630.02 615.267 634.781 623.47 635.529 629.671 630.506 619.073 629.559 627.296 612.969 596.745 581.214 498.647 363.514 256.021 205.156 227.622 221.604 243.436 230.779 199.736 205.141 218.804 196.37 203.907 218.681 196.002 197.05 210.158 208.877 210.19 208.576 209.496 210.342 206.715 200.345 191.388 189.013 186.578 180.464 169.933 166.815 160.806 0 0 
0 0 207.508 205.703 203.452 208.843 230.92 210.248 207.998 222.77 220.909 235.582 260.135 430.4 538.71 599.551 612.015 605.491 627.342 628.065 639.934 644.531 659.898 623.883 653.838 659.358 647.285 645.743 658.39 643.456 628.221 603.989 623.138 588.144 436.93 299.041 247.569 212.767 215.432 211.401 205.423 236.358 232.516 207.751 230.585 222.251 201.655 221.358 222.404 206.879 212.33 211.039 207.918 202.706 200.587 192.221 192.72 196.37 189.453 180.238 177.114 173.949 168.32 0 0 
0 0 215.247 210.419 202.236 205.647 214.999 223.647 193.601 213.915 211.956 317.974 470.537 612.551 599.678 618.088 643.493 623.228 648.283 621.943 648.203 634.879 655.009 662.378 641.021 658.712 671.773 640.671 646.846 654.926 645.449 637.063 624.064 638.82 600.359 510.543 321.528 230.363 251.505 247.876 214.813 221.987 211.784 209.659 247.535 225.903 224.602 244.62 216.211 206.302 214.432 210.863 198.903 197.851 193.194 197.77 203.471 198.929 187.286 185.237 183.858 181.106 173.84 0 0 
0 0 219.998 214.687 208.57 213.484 213.97 230.587 204.863 213.099 318.927 518.258 595.679 625.736 625.798 632.24 653.364 629.173 652.839 622.502 634.869 634.244 607.152 617.097 604.731 593.854 629.632 640.949 647.452 664.998 656.946 643.16 644.63 657.403 607.839 627.621 512.543 318.574 234.823 228.819 209.869 250.86 248.688 225.803 228.567 190.15 213.009 218.854 196.876 222.171 226.724 211.822 216.343 217.331 209.139 208.703 205.754 198.277 190.808 184.618 184.054 178.128 162.701 0 0 
0 200.896 213.947 219.151 211.954 222.782 207.938 241.812 224.371 297.52 512.152 612.291 607.648 639.705 649.38 640.251 675.216 642.96 659.205 643.87 620.472 605.636 591.527 590.414 600.195 592.536 597.48 600.475 594.748 614.826 634.65 645.014 641.407 673.261 633.335 633.149 606.46 540.611 307.615 256.04 241.888 206.63 210.408 217.132 241.603 224.191 242.678 207.116 205.281 231.221 208.738 203.132 211.438 212.932 207.35 202.95 198.952 197.382 199.842 195.327 186.636 174.439 169.22 165.394 0 
0 206.835 209.051 223.094 206.142 225.384 196.682 228.732 279.045 477.167 600.879 633.791 630.005 651.66 647.786 630.835 651.356 620.086 623.801 624.66 629.199 621.28 616.503 609.116 615.411 640.998 636.177 643.538 614.512 610.904 597.883 633.669 669.019 681.477 656.915 638.623 605.41 602.155 457.201 313.419 208.626 262.665 265.153 216.092 228.064 219.713 236.207 217.992 240.376 220.583 197.335 210.443 217.49 206.052 203.294 205.914 206.329 205.996 207.172 193.24 182.589 180.527 180.323 177.661 0 
0 207.061 207.369 222.657 205.731 224.915 201.953 242.738 436.202 582.685 607.672 644.842 639.786 652.845 665.952 620.962 629.228 618.755 619.748 627.918 638.98 645.64 642.844 629.815 604.517 601.091 623.382 642.065 643.674 653.772 620.166 583.891 647.251 656.363 671.336 668.688 684.668 643.359 604.772 406.21 276.617 172.102 222.825 216.243 227.84 196.671 210.407 211.774 231.166 203.41 228.045 242.267 220.27 212.585 216.192 221.719 217.427 214.684 206.605 194.669 195.976 193.552 191.687 182.042 0 
0 212.834 203.676 218.623 200.458 224.86 212.318 335.292 570.057 602.238 621.629 647.785 642.438 639.515 638.037 591.626 624.241 641.724 628.8 613.844 598.942 604.656 600.945 604.914 609.454 606.974 610.295 646.508 679.331 671.284 695.021 621.069 576.263 651.073 723.042 678.777 707.956 635.996 655.565 497.22 394.18 217.948 261.817 236.243 258.673 252.685 252.392 232.427 227.302 220.917 245.952 221.43 207.814 226.056 225.578 214.059 206.282 191.836 202.238 207.325 201.916 197.851 192.093 180.862 0 
0 206.982 205.369 219.699 202.091 221.612 248.258 470.832 615.785 616.155 635.593 645.521 642.771 628.601 626.226 601.609 634.724 615.793 604.833 604.391 577.511 509.138 431.756 386.138 365.375 390.155 421.451 481.34 583.437 711.725 648.481 601.668 654.055 626.848 654.615 635.815 662.308 644.587 641.305 629.718 449.805 249.657 268.222 216.188 221.05 247.856 231.658 240.639 230.982 229.71 221.708 199.559 224.994 232.896 213.576 201.49 202.577 211.016 213.99 201.642 190.288 181.325 170.226 169.028 0 
0 214.796 208.672 215.49 207.785 218.515 335.4 567.391 621.907 640.48 641.689 658.849 637.374 620.402 652.924 627.001 641.53 640.282 623.21 490.036 338.284 245.319 211.898 196.308 197.02 194.88 200.858 212.949 335.484 823.949 659.721 645.229 623.497 647.202 644.875 717.133 675.852 695.566 648.732 628.907 522.956 316.21 224.776 252.067 193.575 222.243 196.018 227.847 211.203 220.281 200.626 222.303 224.067 198.157 191.356 206.396 219.043 203.179 199.802 198.246 184.476 177.08 178.297 174.204 0 
0 208.389 207.03 213.769 217.453 235.925 441.825 606.593 632.945 660.609 638.184 667.658 602.374 611.06 657.641 625.03 647.193 609.994 408.101 229.67 192.275 195.656 194.809 186.212 190.85 184.444 176.136 178.512 295.824 499.886 483.022 685.471 636.18 708.026 616.652 652.917 686.441 645.932 671.749 643.646 620.627 391.88 255.383 254.411 229.097 239.212 221.462 218.169 209.453 216.707 217.959 229.082 187.224 187.833 214.535 211.51 193.503 192.617 195.343 188.512 184.543 187.38 184.646 181.904 0 
0 206.957 207.858 202.715 217.839 267.866 519.09 605.091 623.837 666.686 630.569 658.785 592.211 617.015 651.114 626.599 626.791 418.492 212.51 199.089 202.321 198.893 193.77 196.185 197.935 191.377 195.33 196.714 241.589 139.082 156.022 419.314 644.665 732.648 695.286 600.047 660.247 667.733 641.89 626.731 603.373 489.294 253.821 218.713 240.693 215.755 235.63 206.087 236.924 216.693 215.136 209.302 208.97 229.071 213.417 189.995 188.04 191.752 196.234 201.372 192.483 185.625 182.39 174.769 0 
0 202.097 201.897 199.8 228.683 324.076 566.54 607.518 629.066 661.928 642.275 631.828 609.008 624.358 648.506 627.165 532.712 254.074 200.145 202.386 205.009 198.919 197.7 195.948 197.541 193.118 192.818 185.826 213.933 155.389 200.482 228.904 647.301 637.81 644.22 660.488 663.882 675.66 674.835 633.826 614.19 549.246 287.067 239.026 204.579 210.347 217.221 214.2 209.212 202.449 212.442 216.79 231.976 215.838 194.941 195.68 204.942 201.571 195.356 192.502 190.141 185.278 173.771 169.598 0 
0 213.738 210.513 194.264 236.578 373.926 590.365 617.405 640.759 659.606 661.435 613.931 621.806 635.557 631.341 628.867 394.016 208.613 206.262 198.861 201.622 199.015 199.307 191.95 198.205 198.469 195.957 195.559 218.575 152.792 234.783 186.83 483.39 694.847 639.351 573.886 612.25 663.623 681.798 669.722 612.87 576.084 352.499 221.949 244.654 225.723 186.042 224.066 191.364 212.113 204.449 216.434 196.526 183.391 201.466 215.688 207.449 197.639 198.965 200.242 185.097 175.885 172.027 172.788 0 
0 202.794 210.987 196.992 245.364 423.41 610.669 628.439 639.719 650.791 668.305 588.064 622.633 643.679 620.098 608.823 289.653 206.874 202.986 200.827 198.174 201.454 200.431 197.683 203.982 204.32 198.737 198.646 210.575 166.956 239.699 180.583 411.441 635.134 651.661 636.645 583.601 629.154 637.944 652.298 653.402 612.885 372.887 227.099 209.173 213.917 239.276 208.728 229.481 207.976 196.409 197.695 188.56 217.567 221.34 194.788 187.656 192.403 196.387 189.028 179.87 181.277 180.932 182.741 0 
0 209.784 220.334 213.948 237.786 446.466 612.289 628.738 647.562 644.833 663.517 564.384 642.37 648.353 612.422 573.679 238.623 205.258 202.669 199.322 200.978 206.868 202.858 201.756 204.624 199.566 198.942 198.467 208.513 179.285 218.344 207.78 347.302 644.893 633.24 643.831 598.436 646.195 631.644 637.803 632.614 618.653 431.948 221.715 233.019 213.148 206.167 217.848 223.471 202.117 224.26 213.033 223.067 210.006 186.157 189.847 199.736 199.89 193.819 190.861 186.625 182.708 180.723 170.36 0 
0 214.812 206.46 207.624 227.763 469.735 610.647 634.774 650.416 647.494 656.731 553.584 633.993 660.539 634.36 525.082 249.015 205.901 205.555 203.203 203.478 206.357 206.705 201.321 202.327 199.281 202.724 203.831 201.334 183.105 202.457 226.657 338.902 621.104 645.906 624.382 616.831 656.458 643.925 635.413 624.149 605.044 414.335 239.881 237.54 210.546 209.837 218.688 199.608 223.509 212.865 218.668 211.893 197.222 200.285 208.998 199.816 192.982 193.397 193.21 188.538 182.545 177.971 170.994 0 
0 216.823 211.865 225.657 212.636 477.298 604.142 623.322 647.133 653.587 648.539 571.451 617.389 644.584 666.939 521.58 269.43 210.847 207.47 204.339 198.425 202.506 203.854 200.959 201.615 200.175 205.271 210.571 200.204 186.441 202.46 223.581 397.194 586.376 636.456 638.319 601.71 646.981 663.533 637.997 614.032 606.761 434.114 210.098 210.592 235.391 225.081 201.354 224.689 198.426 224.157 206.507 191.088 207.081 207.423 202.014 195.955 199.243 201.843 194.69 186.162 178.461 179.875 174.374 0 
0 217.378 212.907 226.179 212.316 447.651 610.102 626 639.768 652.35 644.067 581.835 612.028 631.805 655.94 595.808 286.911 210.109 206.741 209.462 199.933 195.357 205.752 209.817 206.654 204.167 203.514 204.447 202.778 194.143 205.027 224.813 485.782 582.21 621.441 629.209 608.019 633.288 662.59 671.117 619.006 575.19 390.809 245.806 219.479 198.488 202.692 228.609 199.493 221.553 213.321 209.238 226.121 212.578 186.046 184.243 195.749 203.489 198.7 185.324 183.693 182.589 185.838 179.769 0 
0 0 216.847 213.228 214.641 393.107 599.442 628.112 650.432 648.414 653.494 587.575 590.234 641.838 629.799 661.399 371.217 212.718 213.099 205.653 210.083 195.08 198.766 202.935 202.175 203.05 202.596 204.778 200.492 196.305 199.969 281.898 572.991 591.59 612.228 613.592 623.938 665.094 644.057 658.502 631.396 591.738 361.168 194.772 209.809 223.12 221.397 198.454 216.982 213.367 204.202 216.66 201.189 195.677 201.812 206.368 198.934 191.931 189.853 189.915 187.937 188.188 185.606 0 0 
0 0 213.707 223.07 235.484 329.309 597.647 620.129 647.777 640.773 660.316 614.664 581.368 632.394 634.334 656.444 539.733 233.02 213.433 208.838 206.072 202.538 202.283 201.149 202.378 204.77 210.345 206.72 201.003 199.804 209.822 422.582 631.123 600.562 615.763 609.99 635.03 669.023 645.598 627.108 613.867 577.454 323.285 223.525 213.811 213.763 204.784 210.86 200.156 203.525 217.057 194.239 201.396 211.81 217.079 205.055 202.23 202.792 197.698 190.089 181.986 179.175 175.835 0 0 
0 0 222.608 214.917 221.287 276.6 546.519 612.059 642.547 655.683 660.938 633.915 585.351 633.796 638.37 634.269 650.183 406.713 219.702 211.338 209.215 208.279 204.784 204.109 203.692 204.522 209.359 209.228 208.208 211.137 331.58 580.357 635.796 623.232 615.344 583.446 643.99 652.733 640.227 636.059 606.79 533.287 274.571 207.541 203.113 210.245 220.244 200.769 224.576 219.542 204.128 215.454 223.27 199.69 189.321 193.02 204.371 208.015 192.905 186.935 180.321 184.175 176.625 0 0 
0 0 224.797 213.283 222.232 246.892 455.776 615.31 625.757 648.475 656.304 664.166 612.893 609.441 641.086 641.541 642.77 640.553 369.42 241.851 202.559 209.583 216.984 208.532 205.834 209.453 212.945 210.648 202.468 314.74 533.21 640.963 634.022 631.47 582.879 582.531 646.078 650.041 643.627 634.855 612.464 465.433 252.456 238.167 217.665 203.431 196.294 226.309 201.144 196.131 216.494 204.329 188.322 193.769 201.836 204.062 201.83 200.107 194.31 189.812 186.564 185.129 179.199 0 0 
0 0 0 211.71 215.999 238.097 346.921 595.443 614.133 637.288 651.712 656.586 648.747 599.979 627.49 645.114 641.491 660.785 626.149 455.379 326.916 226.044 210.737 206.629 203.994 207.693 194.64 213.829 345.31 542.679 625.949 625.094 635.692 601.891 552.488 624.162 650.429 664.445 646.901 606.62 585.677 359.46 207.33 218.006 215.335 199.261 206.666 194.715 205.855 211.343 197.74 202.06 215.267 215.295 206.055 204.062 202.481 191.533 191.604 193.774 195.579 188.491 0 0 0 
0 0 0 219.759 208.926 221.37 283.122 498.948 613.485 626.652 651.749 636.474 671.658 617.302 613.702 612.624 631.686 615.863 657.978 605.837 566.977 494.389 384.744 339.162 306.884 309.777 370.852 500.898 620.062 657.383 651.088 661.961 644.84 565.84 594.943 669.106 654.889 665.358 649.142 626.579 544.729 297.698 228.407 225.775 228.046 222.013 221.147 224.2 216.019 213.582 218.137 218.687 214.709 200.951 203.388 210.131 211.849 205.837 201.938 192.756 191.843 193.829 0 0 0 
0 0 0 0 218.152 207.418 242.536 358.839 585.805 602.024 642.775 632.059 662.945 632.478 621.094 597.026 610.29 602.588 615.981 623.141 572.279 586.6 587.818 566.224 593.114 631.01 679.024 704.726 688.538 673.155 683.95 663.143 576.623 580.852 665.311 679.016 662.197 657.131 638.468 614.385 426.51 262.366 245.909 233.904 248.167 254.577 238.479 225.767 235.454 235.604 222.503 211.28 211.695 220.539 226.596 226.313 215.755 211.653 207.865 208.218 206.384 0 0 0 0 
0 0 0 0 222.471 219.713 212.722 267.269 471.812 605.103 630.285 633.843 656.822 641.763 645.614 643.17 635.296 610.364 626.393 649.96 649.568 617.752 632.656 667.637 649.296 665.257 664.121 648.242 668.453 669.819 638.655 558.044 580.425 679.66 681.532 677.431 665.191 643.784 625.529 527.081 296.165 231.535 226.942 230.63 226.946 209.372 224.021 233.489 221.937 212.808 221.233 230.675 227.38 221.422 219.701 208.787 204.537 203.486 202.138 205.902 202.964 0 0 0 0 
0 0 0 0 0 219.919 209.5 228.85 315.731 531.135 623.18 611.659 653.251 646.804 648.323 651.452 662.532 626.004 603.305 611.447 623.912 639.936 632.418 648.076 668.617 649.691 643.301 661.005 646.693 591.622 574.884 625.112 682.388 673.454 645.429 643.79 627.285 618.666 572.096 368.896 242.848 251.54 246.735 238.708 238.62 228.478 218.919 215.952 223.531 232.93 217.198 201.967 201.11 204.814 207.248 205.22 206.915 205.281 203.438 201.664 0 0 0 0 0 
0 0 0 0 0 234.369 213.813 227.218 243.2 347.868 577.064 613.074 634.053 652.905 647.976 655.116 661.819 660.661 646.413 635.037 639.691 629.085 615.38 600.294 619.575 641.783 631.947 596.322 579.732 616.229 650.422 646.184 651.36 656.267 660.317 658.689 627.167 592.581 415.778 247.999 223.781 226.033 228.516 220.78 216.919 223.477 224.289 226.017 217.815 212.615 207.351 214.706 224.038 219.655 209.979 205.12 197.554 194.413 198.752 193.389 0 0 0 0 0 
0 0 0 0 0 0 226.348 213.61 215.569 245.31 380.009 576.81 607.59 636.786 633.917 644.664 651.343 650.826 663.953 654.43 660.312 667.6 646.522 618.159 604.933 614.379 625.709 642.865 652.338 656.494 663.45 669.734 682.206 657.055 628.083 616.501 602.227 474.457 288.216 240.826 236.684 232.148 221.476 228.046 227.783 219.026 207.836 211.068 223.087 226.413 227.1 227.695 221.476 211.583 205.174 198.256 198.737 202.416 199.211 0 0 0 0 0 0 
0 0 0 0 0 0 0 217.536 217.62 227.482 243.77 361.313 562.147 622.309 612.211 627.683 653.736 652.637 647.515 652.896 650.72 650.766 656.875 662.575 650.768 664.068 668.777 673.968 686.847 673.249 664.246 652.967 661.256 642.302 634.109 609.625 456.873 283.288 221.744 232.043 239.455 235.135 235.559 220.458 230.163 230.219 234.935 219.2 206.622 204.013 204.859 205.791 203.346 204.626 202.329 201.221 202.57 202.196 0 0 0 0 0 0 0 
0 0 0 0 0 0 0 0 204.712 220.255 236.69 220.833 325.881 523.06 595.948 615.754 635.531 628.017 632.543 644.017 649.85 663.074 647.882 659.707 667.323 650.075 664.016 659.78 659.965 649.335 658.736 636.66 625.089 620.453 579.821 442.631 270.933 238.596 228.683 213.461 208.439 223.463 231.852 235.287 225.583 218.985 210.467 213.864 216.457 223.013 226.205 221.893 212.42 209.311 206.716 208.731 205.514 0 0 0 0 0 0 0 0 
0 0 0 0 0 0 0 0 228.596 224.158 221.588 216.494 213.567 290.743 428.938 519.212 609.673 616.772 613.838 623.793 631.775 645.071 651.857 634.927 650.146 657.893 654.296 651.018 652.593 636.507 635.375 627.68 604.389 525.051 372.682 247.048 223.607 236.639 230.703 225.548 216.775 205.055 202.954 210.105 221.86 223.645 227.09 225.937 221.8 218.133 211.618 207.912 206.704 203.024 202.749 198.108 191.598 0 0 0 0 0 0 0 0 
0 0 0 0 0 0 0 0 0 228.253 220.303 218.113 233.691 218.949 229.554 302.766 408.411 518.509 579.859 604.973 619.512 619.779 628.17 631.532 616.221 621.75 619.5 618.673 615.001 614.126 602.231 548.482 441.176 305.162 237.655 224.477 215.725 221.958 228.566 229.27 228.661 233.464 223.611 210.687 207.736 203.758 204.149 206.294 205.261 200.878 196.184 202.574 200.777 200.931 203.084 204.291 0 0 0 0 0 0 0 0 0 
0 0 0 0 0 0 0 0 0 0 229.889 208.716 217.143 235.765 226.23 215.014 257.8 257.768 336.16 418.352 462.578 518.243 542.841 563.169 573.197 567.82 571.988 573.241 538.675 486.564 403.301 276.518 217.042 203.714 215.61 211.426 198.517 193.095 192.257 192.75 191.937 196.996 202.979 209.08 212.322 218.846 215.783 212.054 204.659 204.625 199.821 191.516 196.681 196.726 191.052 0 0 0 0 0 0 0 0 0 0 
0 0 0 0 0 0 0 0 0 0 0 236.058 238.954 249.428 257.913 233.875 245.352 289.267 269.917 276.757 309.52 322.1 340.537 374.927 370.368 356.285 330.763 294.315 237.216 194.235 176.159 161.772 186.754 179.611 184.818 188.993 190.248 189.378 191.632 187.028 178.702 178.436 182.637 183.164 186.127 180.968 171.741 172.817 169.89 167.447 171.459 172.985 174.36 174.556 0 0 0 0 0 0 0 0 0 0 0 
0 0 0 0 0 0 0 0 0 0 0 0 0 224.178 225.744 239.716 232.093 223.205 247.946 246.625 214.966 231.847 242.45 211.508 206.993 206.08 195.109 172.891 155.109 181.988 185.693 183.897 189.123 172.489 171.313 161.815 168.325 165.826 180.493 179.31 181.217 192.059 187.794 182.363 186.56 191.73 188.08 184.507 183.885 182.816 183.064 184.732 0 0 0 0 0 0 0 0 0 0 0 0 0 
0 0 0 0 0 0 0 0 0 0 0 0 0 0 230.159 221.311 212.733 224.08 214.761 217.077 231.22 210.12 196.031 224.091 231.402 203.801 189.717 217.099 210.647 215.51 183.253 180.893 189.949 187.588 209.26 205.174 209.932 207.908 214.656 203.026 191.7 185.834 187.721 182.508 185.202 183.639 182.874 183.676 185.954 188.595 186.007 0 0 0 0 0 0 0 0 0 0 0 0 0 0 
0 0 0 0 0 0 0 0 0 0 0 0 0 0 0 222.46 216.473 218.392 212.346 215.998 216.198 228.415 218.369 202.709 203.65 209.07 230.499 200.765 193.11 204.593 195.581 216.147 216.89 201.71 196.646 189.307 189.999 191.487 195.104 197.786 200.302 202.593 201.815 192.884 191.706 196.721 197.113 195.52 191.35 190.68 0 0 0 0 0 0 0 0 0 0 0 0 0 0 0 
0 0 0 0 0 0 0 0 0 0 0 0 0 0 0 0 0 217.373 210.221 217.381 210.821 209.083 220.784 221.084 202.864 200.67 206.83 203.371 216.783 211.751 189.635 189.027 194.758 209.014 212.598 208.381 200.037 195.598 196.54 189.874 193.182 189.319 191.121 193.997 192.313 198.294 203.379 200.934 0 0 0 0 0 0 0 0 0 0 0 0 0 0 0 0 0 
0 0 0 0 0 0 0 0 0 0 0 0 0 0 0 0 0 0 0 214.761 212.375 201.75 212.282 217.437 203.177 222.37 202.951 193.055 203.875 205.631 216.94 205.939 189.667 193.311 194.435 198.739 196.508 203.749 204.414 200.339 198.613 201.13 200.622 196.05 195.631 192.663 0 0 0 0 0 0 0 0 0 0 0 0 0 0 0 0 0 0 0 
0 0 0 0 0 0 0 0 0 0 0 0 0 0 0 0 0 0 0 0 0 210.623 206.938 201.295 209.639 215.227 210.274 207.859 210.367 197.032 208 214.361 211.826 204.989 201.597 205.096 194.953 197.544 202.772 206.097 209.9 206.298 207.498 202.372 0 0 0 0 0 0 0 0 0 0 0 0 0 0 0 0 0 0 0 0 0 
0 0 0 0 0 0 0 0 0 0 0 0 0 0 0 0 0 0 0 0 0 0 0 0 0 202.015 213.59 205.664 214.134 201.819 204.292 201.051 204.555 207.926 203.399 205.431 204.88 203.366 196.119 202.615 0 0 0 0 0 0 0 0 0 0 0 0 0 0 0 0 0 0 0 0 0 0 0 0 0 
0 0 0 0 0 0 0 0 0 0 0 0 0 0 0 0 0 0 0 0 0 0 0 0 0 0 0 0 0 0 0 0 0 0 0 0 0 0 0 0 0 0 0 0 0 0 0 0 0 0 0 0 0 0 0 0 0 0 0 0 0 0 0 0 0 
