0 0 0 0 0 0 0 0 0 0 0 0 0 0 0 0 0 0 0 0 0 0 0 0 0 0 0 0 0 0 0 0 0 0 0 0 0 0 0 0 0 0 0 0 0 0 0 0 0 0 0 0 0 0 0 0 0 0 0 0 0 0 0 0 0 
0 0 0 0 0 0 0 0 0 0 0 0 0 0 0 0 0 0 0 0 0 0 0 0 0 208.882 215.25 219.056 216.677 211.231 215.891 216.566 219.028 213.128 210.074 210.08 208.839 205.892 208.017 197.922 0 0 0 0 0 0 0 0 0 0 0 0 0 0 0 0 0 0 0 0 0 0 0 0 0 
0 0 0 0 0 0 0 0 0 0 0 0 0 0 0 0 0 0 0 0 0 212.147 214.127 221.773 222.591 222.721 222.629 222.818 221.565 218.668 220.684 222.857 222.29 217.023 216.786 217.808 215.208 214.173 206.689 205.865 205.006 203.388 199.504 190.931 0 0 0 0 0 0 0 0 0 0 0 0 0 0 0 0 0 0 0 0 0 
0 0 0 0 0 0 0 0 0 0 0 0 0 0 0 0 0 0 0 221.768 225.412 223.159 222.104 225.031 226.554 224.634 224.897 229.728 224.129 225.017 223.607 228.015 226.456 222.204 224.563 224.294 220.277 216.395 210.897 213.768 212.204 210.662 202.368 198.692 202.507 193.368 0 0 0 0 0 0 0 0 0 0 0 0 0 0 0 0 0 0 0 
0 0 0 0 0 0 0 0 0 0 0 0 0 0 0 0 0 221.464 225.14 230.558 229.11 229.663 228.842 228.823 230.22 226.129 226.925 232.82 225.595 228.102 225.688 229.319 228.613 226.957 229.371 225.579 220.953 214.196 221.886 219.312 218.542 213.949 207.632 209.326 204.416 201.706 198.616 182.367 0 0 0 0 0 0 0 0 0 0 0 0 0 0 0 0 0 
0 0 0 0 0 0 0 0 0 0 0 0 0 0 0 224.501 232.012 232.859 233.799 234.435 229.655 233.381 233.563 230.142 231.198 228.501 233.722 233.735 231.039 229.573 231.475 232.032 235.359 232.078 232.704 233.779 217.712 218.037 228.129 226.42 222.563 212.567 213.09 213.036 209.844 210.454 194.615 193.642 196.211 184.542 0 0 0 0 0 0 0 0 0 0 0 0 0 0 0 
0 0 0 0 0 0 0 0 0 0 0 0 0 0 226.422 231.032 233.889 237.986 238.995 234.798 236.18 237.523 235.535 230.395 234.829 233.777 239.214 229.67 231.772 229.601 232.315 236.059 235.372 231.63 234.535 232.547 222.204 230.938 231.618 227.374 219.357 218.43 217.912 221.293 219.867 208.106 203.993 203.47 196.308 192.495 191.157 0 0 0 0 0 0 0 0 0 0 0 0 0 0 
0 0 0 0 0 0 0 0 0 0 0 0 0 235.622 235.104 235.689 235.909 239.007 241.607 240.917 235.817 244.702 234.477 230.329 238.93 242.268 232.058 228.337 238.137 240.884 238.127 234.786 236.973 235.602 236.373 230.419 229.851 236.529 233.253 224.898 225.106 225.05 228.105 225.438 214.342 213.204 207.064 206.112 205.403 202.243 191.764 186.282 0 0 0 0 0 0 0 0 0 0 0 0 0 
0 0 0 0 0 0 0 0 0 0 0 226.513 233.964 237.219 238.133 238.51 241.077 237.992 238.642 242.256 247.067 243.938 230.806 237.209 243.355 240.642 230.964 238.584 246.021 236.132 229.723 233.141 243.866 248.369 235.405 231.175 229.299 238.102 233.17 234.315 230.126 228.256 224.337 216.153 218.716 215.804 214.248 214.987 209.973 202.541 202.591 195.379 187.435 181.535 0 0 0 0 0 0 0 0 0 0 0 
0 0 0 0 0 0 0 0 0 0 224.282 232.036 242.774 240.505 234.924 242.686 246.398 237.547 240.006 245.038 247.798 242.244 239.083 246.426 236.493 241.193 236.308 240.699 234.597 231.045 240.864 248.732 245.906 229.986 229.671 239.975 239.228 238.135 234.212 237.672 228.271 218.222 221.68 228.262 227.663 223.07 223.725 216.3 212.591 213.28 204.948 195.019 196.031 188.342 173.821 0 0 0 0 0 0 0 0 0 0 
0 0 0 0 0 0 0 0 0 229.084 233.652 234.424 243.483 246.001 236.814 244.263 247.065 235.745 248.943 247.941 236.516 248.357 252.456 241.34 242.158 246.843 230.683 234.067 242.655 244.136 242.831 237.076 240.339 237.984 244.946 241.44 228.593 225.702 231.565 237.148 233.169 226.562 233.363 230.769 228.486 223.558 217.218 215.184 217.923 210.768 203.469 205.428 198.11 189.159 185.07 172.852 0 0 0 0 0 0 0 0 0 
0 0 0 0 0 0 0 0 229.374 239.481 231.717 239.327 245.396 242.462 246.776 247.735 242.659 237.505 255.108 236.581 249.52 250.111 234.363 265.798 258.959 226.81 235.935 249.553 240.474 229.884 243.478 255.692 247.585 231.658 238.122 228.909 227.713 247.48 250.998 236.461 230.06 224.865 227.48 229.933 219.409 211.363 220.795 224.223 220.687 216.012 216.101 206.656 203.141 202.018 188.037 184.766 173.348 0 0 0 0 0 0 0 0 
0 0 0 0 0 0 0 0 236.872 241.202 236.287 238.342 248.814 239.558 255.111 247.8 239.775 254.037 238.088 249.561 260.031 231.701 256.856 253.741 249.134 246.536 248.148 229.669 234.579 250.796 245.477 227.372 233.146 248.256 250.42 231.465 235.769 238.408 228.625 220.814 226.112 232.763 240.838 229.594 225.704 232.943 230.355 227.491 223.663 217.775 210.847 209.967 209.266 195.52 193.429 192.292 183.208 0 0 0 0 0 0 0 0 
0 0 0 0 0 0 0 239.422 244.983 236.59 244.529 243.138 246.594 245.805 261.212 237.717 261.183 241.919 248.984 260.66 244.337 250.764 240.796 262.527 251.181 241.722 257.599 235.4 224.097 244.386 243.198 233.009 242.595 236.068 225.116 225.768 243.106 240.518 232.532 235.921 238.688 240.613 225.384 218.016 224.58 228.665 227.725 215.086 208.597 213.278 211.678 209.993 201.759 201.649 208.001 189.724 182.225 173.1 0 0 0 0 0 0 0 
0 0 0 0 0 0 235.735 240.016 248.959 242.217 246.322 247.662 240.926 260.272 253.456 257.076 261.871 249.235 265.464 254.479 256.377 243.582 256.714 248.751 237.944 240.614 234.547 221.042 218.652 224.669 216.02 220.696 231.904 215.036 216.252 212.828 213.351 204.622 214.121 221.3 218.248 215.68 219.339 220.31 228.128 226.364 218.141 209.514 217.9 217.638 216.409 210.555 207.46 209.04 193.576 189.103 186.065 171.167 169.119 0 0 0 0 0 0 
0 0 0 0 0 238.746 249.932 249.177 252.454 254.557 265.596 257.592 255.461 273.213 253.48 288.335 281.181 285.861 299.467 333.609 334.889 348.24 357.079 338.888 293.706 314.326 355.941 346.175 284.457 210.132 205.752 226.1 225.352 231.739 239.861 226.956 236.239 237.493 243.622 227.809 225.786 228.534 227.785 224.92 225.652 216.953 206.646 214.078 227.529 218.252 207.028 196.02 201.473 199.862 196.46 193.319 178.108 181.369 176.563 165.162 0 0 0 0 0 
0 0 0 0 0 240.675 243.133 249.653 243.534 242.569 260.727 234.191 258.869 240.802 257.689 248.723 293.044 333.61 424.823 501.147 524.401 550.344 575.306 561.087 524.119 548.571 591.285 617.396 580.556 431.586 291.204 243.429 257.165 261.105 243.985 227.459 246.782 247.412 232.579 226.55 241.945 245.207 234.843 235.795 240.176 243.342 238.56 243.282 244.277 231.542 218.112 229.025 233.054 221.767 219.132 209.929 214.576 211.141 193.257 185.023 0 0 0 0 0 
0 0 0 0 238.868 240.583 242.151 250.13 238.106 256.048 259.597 242.096 248.899 250.118 266.629 360.208 481.256 565.917 620.745 632.494 618.064 637.33 644.546 620.151 641.55 632.045 645.557 661.245 639.763 627.336 460.36 275.662 272.457 259.61 244.689 255.657 266.22 252.584 251.23 268.677 275.387 251.22 237.215 252.043 256.415 243.399 243.544 240.706 231.388 228.275 228.985 237.822 232.706 229.231 219.621 220.702 215.704 199.643 197.677 192.263 181.056 0 0 0 0 
0 0 0 0 238.193 238.488 240.876 252.703 229.975 265.519 241.768 268.573 232.915 305.275 433.35 571.139 624.197 618.105 639.162 647.038 637.738 662.399 649.073 650.23 666.297 644.017 666.093 649.227 648.532 656.611 601.273 427.441 270.905 237.41 256.816 246.231 247.907 248.137 247.471 248.375 238.81 232.681 244.774 255.616 251.532 235.845 239.725 248.063 241.795 234.326 245.454 247.796 238.144 218.674 220.359 220.341 210.902 211.359 203.045 193.243 190.139 0 0 0 0 
0 0 0 245.056 243.137 245.783 249.26 254.049 236.151 264.065 242.722 263.828 324.027 483.551 592.986 637.835 636.83 633.892 655.818 660.784 649.328 680.575 661.728 684.943 662.67 674.939 665.424 665.448 676.878 645.044 666.94 581.073 443.946 316.023 239.184 237.182 264.931 246.149 232.714 244.961 258.975 256.499 251.705 242.714 232.781 233.044 243.722 249.609 236.21 243.563 240.468 232.275 217.25 224.277 233.374 228.95 224.999 215.271 206.744 206.99 196.203 182.898 0 0 0 
0 0 0 246.96 250.757 243.451 249.226 243.489 244.889 260.589 260.211 333.02 495.059 615.895 638.442 654 654.208 652.843 672.715 659.713 676.49 692.708 678.138 688.324 674.634 701.33 672.348 694.648 674.279 679.638 659.158 635.838 632.504 500.216 331.07 264.85 256.085 234.05 252.969 266.558 256.935 235.403 237.453 249.22 261.947 254.904 255.87 241.821 237.522 235.744 243.002 237.723 230.872 236.191 231.955 227.703 220.569 217.234 217.317 205.408 196.149 185.828 0 0 0 
0 0 238.857 243.299 245.955 241.829 259.958 239.668 260.58 237.66 340.951 509.567 616.687 635.513 649.496 668.333 668.162 660.961 687.645 677.01 700.973 687.164 694.299 686.294 711.294 689.846 703.362 690.269 702.996 681.553 686.516 666.779 645.745 644.749 558.436 385.301 275.276 258.801 261.002 244.792 241.115 258.388 263.413 257.026 253.774 246.176 238.333 245.883 245.169 249.362 245.849 233.257 241.926 247.19 237.842 222.563 221.567 224.852 215.377 206.292 201.174 194.181 182.326 0 0 
0 0 242.367 246.432 245.267 238.926 258.103 232.49 266.405 310.148 500.218 625.379 643.048 644.983 659.344 671.665 675.43 675.209 710.148 679.813 713.638 671.215 707.27 704.494 706.092 699.538 701.384 706.572 705.007 706.453 698.239 679.585 690.916 661.177 638.055 621.178 442.316 260.194 248.324 260.149 272.96 272.814 239.441 249.66 265.056 245.055 254.592 261.544 253.544 256.654 249.99 244.221 241.11 233.64 224.921 229.07 233.756 232.548 225.554 218.043 208.405 203.36 193.762 0 0 
0 0 249.712 246.925 249.971 240.155 263.682 222.966 275.325 452.91 614.767 643.7 665.219 660.791 674.393 688.566 686.645 685.531 711.113 689.358 697.626 684.437 694.778 712.776 694.425 696.42 703.247 694.101 700.273 692.423 702.141 688.955 690.122 707.275 667.145 668.546 622.975 459.23 310.402 245.858 260.443 268.721 252.047 280.694 270.317 254.258 281.396 259.578 242.019 240.889 241.425 244.804 250.566 243.438 240.682 244.216 239.988 231.879 223.309 218.659 214.725 209.881 201.525 0 0 
0 0 241.158 245.961 246.015 240.328 269.847 256.262 387.925 591.444 645.335 644.195 673.21 666.001 687.784 703.48 691.28 686.029 705.848 695.331 684.544 704.993 688.866 685.722 691.139 689.993 691.834 694.722 694.399 703.906 705.364 705.819 712.508 701.579 687.258 699.294 653.927 608.847 411.956 275.908 296.6 273.562 258.061 278.406 254.658 253.461 260.534 241.72 253.634 269.228 255.79 253.997 250.11 247.072 245.588 248.45 244.58 232.19 227.445 226.356 218.493 210.131 200.771 0 0 
0 247.363 243.731 247.298 248.967 235.997 254.659 313.436 525.703 637.818 659.13 672.721 688.91 682.596 693.568 707.838 687.053 714.336 700.031 701.874 687.748 696.544 692.473 680.752 674.056 676.292 684.453 697.889 710.153 720.303 710.455 697.719 717.142 713.515 690.205 696.106 661.465 674.328 572.525 377.719 244.619 281.367 246.829 264.039 259.285 270.506 272.416 251.597 266.152 260.916 252.868 259.301 253.154 244.419 244.19 238.878 227.222 226.213 231.519 226.933 221.801 212.667 205.149 190.132 0 
0 247.89 243.534 250.233 258.595 246.772 256.475 434.52 620.709 644.586 658.234 666.385 693.259 696.919 694.324 704.689 698.825 709.295 676.76 689.66 695.33 691.291 683.447 679.486 672.391 674.542 693.325 722.776 708.6 697.788 690.962 694.06 712.961 723.175 717.187 712.811 678.195 656.498 643.417 532.683 328.476 299.486 271.829 292.037 266.129 261.995 249.616 255.267 268.633 243.542 243.603 251.115 250.886 253.02 249.273 245.533 242.554 242.233 235.299 231.273 222.906 208.84 207.727 202.381 0 
0 244.015 244.569 247.738 254.522 245.81 299.751 554.777 651.046 665.481 681.56 692.496 698.423 699.199 686.122 701.298 683.988 697.218 668.702 688.16 696.77 691.706 680.868 678.946 681.616 688.609 691.977 696.953 693.258 707.442 696.155 690.69 723.881 721.549 734.291 728.036 734.511 692 684.57 646.92 391.142 351.795 216.966 295.748 257.486 258.597 265.921 270.278 257.871 252.535 276.686 267.676 258.046 253.866 250.309 254.942 255.222 250.421 242.136 231.07 224.2 220.035 219.112 208.568 0 
0 248.105 242.44 243.861 248.01 250.856 391.228 616.362 643.756 662.995 677.768 679.316 687.737 690.122 671.047 685.671 660.635 686.286 659.064 659.085 642.509 626.855 634.41 636.457 657.536 686.707 697.986 701.441 721.619 735.079 731.364 700.87 726.647 719.085 744.129 721.094 742.07 714.149 712.419 667.908 582.69 342.502 327.313 296.712 254.193 319.442 269.036 277.505 271.47 274.606 275.535 257.431 265.339 264.44 253.312 252.38 252.288 245.186 239.117 239.904 240.381 228.87 221.826 211.687 0 
0 246.529 246.458 248.307 252.589 276.657 492.577 657.874 656.697 677.568 694.684 688.813 690.975 700.393 670.765 682.634 677.243 685.937 660.648 667.764 653.688 589.988 498.648 420.012 390.795 388.838 410.461 491.608 602.702 684.005 729.656 683.437 720.175 697.763 728.835 718.444 726.217 730.522 702.715 684.73 657.807 418.642 292.561 312.189 262.551 276.707 260.515 286.644 260.481 273.933 254.64 246.596 258.201 258.092 249.392 249.338 242.821 234.411 238.899 238.094 232.23 223.532 214.529 207.752 0 
0 251.208 246.036 243.427 258.028 319.704 569.804 661.799 671.93 688.158 703.442 699.478 695.191 709.102 684.528 703.116 700.741 696.409 700.167 647.508 471.657 319.439 264.809 248.741 260.786 254.958 239.489 243.739 298.812 425.646 638.139 683.228 693.427 694.881 697.851 717.164 700.306 718.182 691.848 666.467 629.833 521.303 281.724 277.539 263.702 251.182 242.934 266.269 252.288 250.495 245.984 262.718 253.418 243.263 241.516 245.95 245.725 239.459 237.296 229.237 222.603 211.078 202.979 202.244 0 
0 247.191 246.34 241.91 272.682 387.682 626.896 665.003 681.254 691.294 702.855 698.726 694.003 694.668 690.158 695.226 700.367 698.96 579.849 354.459 239.966 230.956 239.063 241.777 255.731 245.19 235.669 238.771 230.837 232.411 360.024 642.182 701.833 750.271 701.17 696.994 692.817 691.588 717.212 687.728 674.338 598.472 381.92 274.882 246.249 272.375 276.479 223.043 258.851 250.333 249.894 242.034 226.896 240.55 238.661 229.8 232.759 229.977 226.233 219.674 213.653 210.744 207.529 205.323 0 
0 250.538 253.731 237.826 278.553 443.528 655.439 666.149 680.367 692.067 698.692 693.019 692.695 685.855 703.548 684.754 716.535 600.527 329.945 233.409 238.407 234.086 230.187 235.588 251.242 235.245 222.002 224.24 214.36 217.024 176.357 338.933 670.984 851.805 741.18 705.749 731.166 734.975 704.493 691.941 644.736 632.768 433.474 266.296 299.468 252.262 279.902 272.032 271.223 246.249 261.906 243.813 248.457 252.826 243.286 239.399 237.6 226.463 222.806 224.557 227.213 217.828 205.416 199.163 0 
0 237.338 251.769 238.552 299.391 495.999 661.973 674.798 686.965 689.312 698.435 698.946 689.943 694.637 721.437 678.52 698.975 402.96 234.937 251.805 241.874 237.73 234.586 241.788 251.148 241.594 230.446 238.232 227.482 231.727 224.835 235.358 624.078 690 719.292 720.779 690.612 693.819 710.279 700.877 680.787 653.282 496.363 291.853 244.171 252.433 253.481 273.994 249.096 252.405 248.799 257.099 265.629 245.665 229.972 235.528 239.832 230.602 232.82 229.814 227.037 217.066 205.696 205.208 0 
0 257.795 257.456 242.707 309.954 524.829 656.97 685.294 702.709 700.12 697.588 697.018 684.074 697.721 715.678 692.211 609.297 276.076 238.595 245.726 241.035 236.877 233.961 245.062 250.739 247.972 233.709 240.736 244.686 230.609 245.254 225.678 475.569 723.905 652.415 665.303 715.132 720.525 696.6 681.388 647.961 664.029 567.462 297.875 271.851 276.06 244.684 239.074 248.73 261.179 240.637 248.561 234.696 241.564 247.426 249.617 238.144 233.067 235.623 229.89 220.895 208.371 201.088 200.105 0 
0 244.858 250.102 255.391 321.097 549.322 665.498 688.468 697.192 705.24 702.535 687.702 676.052 697.99 702.62 706.857 491.841 233.203 243.07 245.443 242.402 235.139 238.453 239.605 251.474 257.636 242.178 240.652 245.041 240.651 242.382 242.413 374.695 685.457 676.458 654.164 667.621 700.879 721.549 684.942 673.394 659.856 571.557 317.694 259.306 249.839 267.476 259.509 269.821 242.369 253.894 232.927 228.255 242.344 239.736 236.766 236.104 234.283 231.809 222.673 219.068 214.868 208.189 207.809 0 
0 254.121 263.93 261.81 318.508 560.365 661.329 685.844 694.728 691.304 699.806 698.24 674.571 697.741 693.931 718.888 416.092 231.727 239.42 247.201 243.735 242.625 240.979 241.033 250.034 257.854 248.293 240.227 241.743 241.428 240.781 237.895 350.103 632.224 697.965 692.265 677.817 688.19 678.787 684.783 677.216 692.145 600.619 307.309 253.485 265.225 257.784 255.231 241.426 250.278 258.027 252.295 260.215 243.81 232.453 235.607 228.838 218.912 215.872 222.298 224.873 217.999 214.317 211.349 0 
0 249.45 252.222 262.953 301.231 578.382 664.086 690.622 696.758 698.525 694.757 694.393 684.563 701.871 690.817 716.28 401.266 234.524 242.772 245.628 243.949 243.779 240.23 242.658 241.763 256.736 258.903 246.287 241.66 242.161 247.122 239.85 358.032 619.529 690.025 698.098 684.515 681.008 668.04 663.599 697.92 679.46 599.106 339.662 274.133 247.59 240.814 251.483 255.436 258.384 241.836 254.632 248.94 231.848 240.406 248.673 239.615 235.366 233.211 224.98 218.583 209.394 203.983 196.283 0 
0 260.985 257.646 274.538 280.698 556.601 652.785 690.259 703.56 711.428 698.633 677.63 686.258 710.43 690.765 701.132 449.546 240.971 247.682 243.91 246.026 244.384 242.505 246.434 245.414 249.798 252.805 257.543 254.524 246.533 245.597 243.131 393.859 628.541 674.38 687.366 675.503 670.102 669.147 683.244 687.696 669.121 584.996 317.136 263.96 268.586 274.196 252.558 246.63 230.166 247.589 230.528 240.699 263.557 250.847 244.279 235.528 233.138 232.566 229.092 221.798 206.612 205.591 202.948 0 
0 265.098 250.275 259.526 295.46 540.631 647.173 676.995 701.318 699.58 713.453 689.649 666.226 694.392 707.138 691.838 533.081 237.02 250.611 240.789 242.928 245.593 240.608 239.074 245.383 244.512 247.395 249.781 260.005 256.664 255.499 250.043 464.806 647.682 665.572 669.674 661.667 676.726 693.667 716.725 678.528 641.877 563.947 317.599 270.326 270.422 241.128 253.412 238.622 262.605 249.454 249.448 253.348 239.893 242.272 244.162 238.496 234.821 225.302 217.552 215.86 213.254 213.382 204.519 0 
0 0 246.572 254.014 283.009 481.474 654.477 678.64 696.565 700.111 699.341 697.36 668.847 692.115 694.389 698.735 620.39 310.178 242.194 242.26 233.444 240.609 239.548 244.09 244.53 240.457 240.026 245.325 246.636 242.782 248.035 284.607 563.794 655.18 661.172 665.504 681.853 714.62 711.296 694.219 673.425 652.54 531.522 281.865 250.826 257.686 274.932 252.332 271.631 244.635 245.612 257.442 235.672 229.02 239.971 242.102 229.725 223.495 228.545 230.944 225.985 217 211.368 0 0 
0 0 266.44 246.352 271.745 421.534 636.15 658.587 701.469 698.631 701.744 709.568 678.372 688.869 698.987 695.853 678.85 477.358 236.922 245.268 239.765 237.121 241.919 243.411 245.31 240.23 240.581 243.966 241.663 242.378 237.742 397.572 650.352 658.674 670.139 686.016 708.433 712.784 702.358 675.565 656.605 647.196 499.424 287.995 276.034 261.64 244.037 258.181 238.679 251.696 251.098 231.358 241.641 249.798 247.997 238.128 238.949 234.116 232.516 227.195 217.677 214.875 209.061 0 0 
0 0 259.401 255.151 268.354 372.883 609.259 660.195 687.812 704.845 703.233 699.711 701.005 685.146 696.512 697.562 699.181 635.902 397.349 242.546 248.697 246.903 245.769 247.065 253.059 248.322 246.236 246.125 246.032 238.527 318.749 592.892 683.988 679.004 675.254 684.693 694.519 690.788 677.399 690.217 678.318 635.741 410.145 246.77 245.868 250.366 254.998 241.561 258.665 256.955 248.497 250.816 250.527 240.542 238.923 235.332 240.744 239.32 228.446 219.664 206.789 210.114 209.578 0 0 
0 0 266.235 254.646 247.118 322.783 536.065 657.849 677.377 703.597 707.457 704.87 707.192 692.514 688.896 698.927 697.621 689.643 628.808 420.503 269.976 241.818 241.2 247.987 246.258 251.608 253.112 254.926 243.537 305.868 540.364 678.886 676.446 682.417 653.481 671.009 681.369 681.323 680.442 677.023 653.457 594.763 354.954 269.778 261.668 257.118 245.183 259.053 238.318 240.136 254.557 244.729 230.989 233.764 245.257 237.418 225.538 223.348 225.637 224.669 215.142 214.453 202.991 0 0 
0 0 0 245.362 254.808 273.802 446.114 640.097 671.082 706.15 707.263 707.801 709.504 703.556 683.949 693.335 699.553 702.91 677.504 684.395 538.172 407.016 318.102 275.453 265.315 264.319 255.681 273.224 374.291 577.863 689.418 679.673 686.54 682.487 669.43 701.7 714.416 716.981 705.192 687.596 660.711 515.983 290.759 260.102 252.98 246.055 254.819 233.993 251.148 246.996 226.355 236.69 257.878 254.091 240.442 236.671 237.206 238.259 236.359 228.671 224.249 218.419 0 0 0 
0 0 0 263.692 253.773 239.212 367.752 558.298 648.985 669.826 693.537 698.892 691.085 687.357 678.011 664.45 660.868 669.787 650.766 635.1 654.547 590.822 553.788 501.116 455.324 450.67 500.166 606.573 710.093 748.354 728.815 721.45 713.669 716.206 710.537 723.911 712.779 713.312 703.641 687.69 645.228 429.497 295.677 292.573 283.179 272.861 272.912 280.988 262.902 261.055 278.371 275.45 261.866 258.83 261.611 259.924 257.443 248.181 243.262 232.814 239.624 234.056 0 0 0 
0 0 0 0 245.601 251.625 274.417 475.053 629.692 652.665 682.455 701.438 694.57 696.435 691.508 679.6 665.212 666.924 673.728 655.35 646.418 657.749 637.829 666.085 692.709 716.33 739.919 746.871 730.085 725.213 726.479 723.852 713.363 725.754 721.313 730.337 732.409 730.069 712 693.05 571.835 345.978 286.67 284.902 271.422 278.298 264.667 261.377 272.981 268.184 253.032 249.686 256.644 256.559 251.922 246.192 245.257 243.892 236.188 237.122 235.906 0 0 0 0 
0 0 0 0 270.699 257.228 245.047 373.92 556.174 657.121 666.229 698.552 694.298 700.19 696.195 702.615 680.486 672.093 663.491 673.714 684.011 687.685 708.861 694.815 700.458 729.559 700.611 699.609 725.173 715.612 688.003 692.516 715.25 735.264 724.749 712.479 699.173 686.612 671.493 623.748 417.688 279.895 273.035 274.934 270.476 258.703 276.158 272.72 257.473 253.28 265.91 270.155 260.377 250.882 248.075 246.253 248.727 244.688 236.68 238.639 229.246 0 0 0 0 
0 0 0 0 0 245.442 261.101 267.321 436.106 607.22 658.897 681.657 698.591 706.092 697.462 708.652 695.645 688.68 686.187 659.637 670.55 678.531 683.858 698.197 689.722 683.661 714.966 710.75 683.355 686.158 707.208 721.082 708.504 703.542 693.017 696.918 697.262 691.717 669.427 509.686 306.739 264.926 265.323 256.698 262.576 257.028 249.192 256.696 264.09 264.106 254.413 248.675 251.775 249.486 247.557 244.702 236.337 225.97 232.364 232.894 0 0 0 0 0 
0 0 0 0 0 271.919 261.057 251.328 311.571 487.664 626.122 652.707 683.494 701.891 706.154 705.155 701.638 694.553 710.619 697.567 696.916 694.211 693.012 676.379 687.988 685.077 661.774 673.835 699.467 704.204 689.118 698.407 712.563 725.226 708.592 683.742 659.345 650.864 547.934 346.349 267.943 269.692 273.595 269.03 260.43 261.616 262.564 250.707 246.49 246.556 245.449 242.366 242.113 241.119 238.645 239.954 236.548 231.932 231.378 224.832 0 0 0 0 0 
0 0 0 0 0 0 261.662 256.725 252.769 364.928 546.985 643.329 658.9 679.993 696.65 707.035 702.424 695.423 706.68 699.918 695.945 695.142 695.953 692.676 696.301 703.465 697.497 688.373 700.802 721.497 720.004 721.605 694.332 690.597 685.193 679.306 659.022 567.705 372.129 264.502 262.373 261.139 261.446 272.545 267.783 253.163 254.254 262.924 260.399 261.585 254.948 249.284 243.261 241.879 243.303 232.355 223.93 226.593 222.437 0 0 0 0 0 0 
0 0 0 0 0 0 0 254.682 261.021 260.886 403.207 550.639 653.322 660.796 676.267 708.874 700.947 696.522 702.272 701.003 695.011 700.7 705.371 704.201 712.947 707.019 702.213 713.017 701.766 702.519 705.117 712.983 702.491 692.215 661.786 642.939 554.488 384.016 278.921 275.349 276.583 266.18 249.883 247.501 253.111 260.796 260.225 258.208 257.067 247.255 245.266 246.018 244.969 241.316 239.114 234.732 235.944 230.132 0 0 0 0 0 0 0 
0 0 0 0 0 0 0 0 250.695 263.639 283.752 395.018 514.578 622.785 654.071 680.476 689.01 690.838 690.407 694.934 692.629 699.148 695.469 704.611 703.065 688.521 698.4 705.351 704.819 686.738 685.85 691.685 671.448 675.228 635.69 517.178 344.359 270.313 270.524 278.12 267.2 273.514 266.633 267.095 253.699 251.019 248.579 246.213 249.132 248.501 250.059 249.81 249.749 242.739 233.753 237.878 236.856 0 0 0 0 0 0 0 0 
0 0 0 0 0 0 0 0 273.697 265.135 259.81 259.163 347.575 459.52 590.51 646.72 666.178 687.923 692.116 685.798 686.423 688.693 686.908 690.364 692.564 691.234 697.283 692.09 695.372 688.56 663.273 660.066 644.667 596.567 465.485 324.722 267.926 268.269 253.78 251.128 254.585 256.308 254.042 261.881 261.089 259.546 257.94 250.487 243.5 242.856 238.606 239.243 238.373 231.705 230.57 230.103 224.126 0 0 0 0 0 0 0 0 
0 0 0 0 0 0 0 0 0 267.284 255.262 256.971 260.411 301.859 402.814 536.172 593.614 645.811 670.091 687.107 681.049 674.256 684.587 671.687 673.095 675.889 678.209 667.69 663.755 658.448 649.772 604.193 499.508 370.707 282.895 257.742 258.868 258.505 263.104 255.035 254.169 251.461 250.604 254.025 246.869 247.777 243.196 250.087 245.516 248.739 243.462 234.901 226.125 229.672 233.523 227.777 0 0 0 0 0 0 0 0 0 
0 0 0 0 0 0 0 0 0 0 273.604 265.167 270.173 263.97 288.752 328.209 432.705 524.557 565.509 628.505 642.22 668.663 661.788 654.463 649.287 644.413 632.094 628.565 614.336 554.428 479.732 370.352 279.787 250.654 249.031 253.372 244.594 241.961 248.839 253.511 258.161 248.182 243.724 245.334 243.732 241.55 240.411 238.643 237.498 239.382 234.602 229.417 230.763 230.985 221.681 0 0 0 0 0 0 0 0 0 0 
0 0 0 0 0 0 0 0 0 0 0 282.758 272.402 271.784 267.168 278.376 280.841 377.912 455.446 493.615 551.928 581.676 600.172 597.159 571.028 547.68 503.969 454.15 378.849 306.309 257.052 234.412 237.65 236.596 227.177 236.097 234.63 228.894 227.655 226.3 229.986 227.055 231.922 228.552 221.986 223.276 228.359 229.645 225.514 220.29 219.212 221.125 218.799 213.947 0 0 0 0 0 0 0 0 0 0 0 
0 0 0 0 0 0 0 0 0 0 0 0 0 276.052 288.319 284.569 296.293 341.177 321.08 362.756 402.925 419.566 437.645 429.48 391.01 333.516 283.496 250.655 210.712 209.927 226.59 220.233 219.556 222.766 219.359 215.545 218.457 218.825 222.376 219.64 219.338 219.648 224.06 224.289 224.864 216.893 211.651 213.959 212.344 212.758 215.396 213.377 0 0 0 0 0 0 0 0 0 0 0 0 0 
0 0 0 0 0 0 0 0 0 0 0 0 0 0 281.295 284.494 298.155 291.743 299.232 295.334 296.215 320.851 319.181 278.921 238.166 192.724 191.274 198.948 215.772 222.248 228.529 226.88 225.549 224.952 223.65 221.813 216.234 214.375 224.925 223.796 224.99 224.183 222.062 221.971 224.26 220.44 212.353 207.409 209.132 212.583 216.631 0 0 0 0 0 0 0 0 0 0 0 0 0 0 
0 0 0 0 0 0 0 0 0 0 0 0 0 0 0 286.629 259.956 265.054 279.396 277.193 291.826 265.286 251.046 239.382 226.512 223.152 230.445 227.902 223.724 226.391 226.967 226.948 227.267 231.129 227.218 226.814 232.399 226.057 222.934 226.022 228.812 233.743 233.038 230.447 225.846 219.901 224.235 226.245 220.414 215.013 0 0 0 0 0 0 0 0 0 0 0 0 0 0 0 
0 0 0 0 0 0 0 0 0 0 0 0 0 0 0 0 0 275.673 262.764 260.322 269.988 260.218 250.163 240.061 238.374 244.428 238.493 237.327 235.782 233.047 229.688 228.676 229.543 236.958 240.326 235.019 232.614 232.616 229.686 230.309 226.945 222.215 222.426 226.001 230.517 232.831 229.028 225.874 0 0 0 0 0 0 0 0 0 0 0 0 0 0 0 0 0 
0 0 0 0 0 0 0 0 0 0 0 0 0 0 0 0 0 0 0 253.566 252.487 248.198 254.653 256.087 244.06 245.503 237.419 234.532 232.904 237.049 239.41 236.048 228.758 226.803 229.68 231.018 231.287 223.459 226.353 227.914 229.838 230.13 232.147 231.809 230.9 227.757 0 0 0 0 0 0 0 0 0 0 0 0 0 0 0 0 0 0 0 
0 0 0 0 0 0 0 0 0 0 0 0 0 0 0 0 0 0 0 0 0 251.009 247.489 250.242 245.41 245.404 242.203 239.825 237.909 238.961 236.876 237.122 242.431 237.256 232.841 229.954 229.33 232.659 230.271 235.584 234.385 231.702 232.638 229.619 0 0 0 0 0 0 0 0 0 0 0 0 0 0 0 0 0 0 0 0 0 
0 0 0 0 0 0 0 0 0 0 0 0 0 0 0 0 0 0 0 0 0 0 0 0 0 243.006 244.742 238.95 239.856 241.707 237.133 235.701 239.08 236.965 239.977 241.658 232.751 229.681 233.626 231.963 0 0 0 0 0 0 0 0 0 0 0 0 0 0 0 0 0 0 0 0 0 0 0 0 0 
0 0 0 0 0 0 0 0 0 0 0 0 0 0 0 0 0 0 0 0 0 0 0 0 0 0 0 0 0 0 0 0 0 0 0 0 0 0 0 0 0 0 0 0 0 0 0 0 0 0 0 0 0 0 0 0 0 0 0 0 0 0 0 0 0 
