0 0 0 0 0 0 0 0 0 0 0 0 0 0 0 0 0 0 0 0 0 0 0 0 0 0 0 0 0 0 0 0 0 0 0 0 0 0 0 0 0 0 0 0 0 0 0 0 0 0 0 0 0 0 0 0 0 0 0 0 0 0 0 0 0 
0 0 0 0 0 0 0 0 0 0 0 0 0 0 0 0 0 0 0 0 0 0 0 0 0 155.816 155.139 163.985 160.309 172.511 145.717 172.169 151.731 168.479 157.894 160.945 156.524 149.293 163.657 155.978 0 0 0 0 0 0 0 0 0 0 0 0 0 0 0 0 0 0 0 0 0 0 0 0 0 
0 0 0 0 0 0 0 0 0 0 0 0 0 0 0 0 0 0 0 0 0 155.255 163.441 162.703 163.128 166.308 161.718 167.985 168.909 169.137 154.085 170.774 159.935 174.023 160.835 158.788 163.545 155.401 170.075 157.422 165.9 143.659 164.182 146.759 0 0 0 0 0 0 0 0 0 0 0 0 0 0 0 0 0 0 0 0 0 
0 0 0 0 0 0 0 0 0 0 0 0 0 0 0 0 0 0 0 161.87 162.88 193.061 162.342 167.187 165.822 164.673 162.811 172.816 170.972 164.193 160.283 168.926 167.401 174.339 160.343 165.375 166.009 165.077 170.227 163.263 159.058 154.002 167.002 150.798 156.998 163.373 0 0 0 0 0 0 0 0 0 0 0 0 0 0 0 0 0 0 0 
0 0 0 0 0 0 0 0 0 0 0 0 0 0 0 0 0 158.92 163.237 168.968 153.848 207.575 184.574 163.766 169.603 167.521 172.89 170.927 173.746 160.459 168.154 168.591 172.779 171.076 161.019 171.44 168.997 171.506 168.268 160.828 159.375 166.454 170.286 158.562 155.914 163.6 146.252 166.003 0 0 0 0 0 0 0 0 0 0 0 0 0 0 0 0 0 
0 0 0 0 0 0 0 0 0 0 0 0 0 0 0 159.629 166.548 165.444 169.816 164.354 163.576 191.561 220.834 159.516 167.262 169.383 179.024 169.587 176.616 162.762 180.807 166.112 180.656 167.63 170.816 177.811 166.384 173.288 159.795 163.985 166.33 182.497 168.422 154.306 162.87 160.61 154.618 162.862 151.392 158.477 0 0 0 0 0 0 0 0 0 0 0 0 0 0 0 
0 0 0 0 0 0 0 0 0 0 0 0 0 0 158.743 164.019 172.922 170.277 168.733 167.897 163.19 169.429 242.486 175.451 164.878 174.139 175.951 169.669 176.688 166.898 189.319 163.125 179.5 165.138 181.959 175.438 165.669 173.829 152.748 178.932 169.341 186.781 156.297 154.781 172.065 154.222 172.727 164.066 162.119 157.054 146.057 0 0 0 0 0 0 0 0 0 0 0 0 0 0 
0 0 0 0 0 0 0 0 0 0 0 0 0 172.278 177.786 158.088 174.667 175.141 174.006 166.505 174.9 167.532 213.645 208.589 170.718 178.443 175.582 163.203 182.505 170.894 192.094 158.265 183.47 172.778 183.865 172.622 172.939 169.455 173.509 179.672 173.978 175.597 154.483 165.642 174.846 163.956 182.151 158.672 163.977 154.36 148.035 160.044 0 0 0 0 0 0 0 0 0 0 0 0 0 
0 0 0 0 0 0 0 0 0 0 0 163.417 174.702 167.503 173.498 168.697 180.182 165.385 173.15 173.25 186.044 170.66 175.713 244.018 183.444 174.764 176.596 170.488 198.023 159.723 191.858 154.024 187.335 170.887 177.594 172.971 174.089 175.346 179.704 172.954 175.489 167.517 158.316 177.376 175.878 173.285 169.015 159.771 159.017 158.654 154.52 172.585 145.781 157.903 0 0 0 0 0 0 0 0 0 0 0 
0 0 0 0 0 0 0 0 0 0 160.125 172.649 177.688 173.834 179.91 165.813 185.01 176.488 167.908 170.783 187.985 179.752 155.18 235.203 209.944 169.682 191.624 166.769 189.246 151.545 201.268 162.291 187.478 168.884 177.03 177.992 181.311 171.289 179.489 166.289 177.753 173.851 167.981 182.619 164.79 179.698 155.4 165.646 165.741 160.161 168.995 162.321 152.53 155.551 145.892 0 0 0 0 0 0 0 0 0 0 
0 0 0 0 0 0 0 0 0 163.313 166.697 179.951 178.017 169.897 179.028 172.124 185.056 170.6 173.872 182.47 178.535 177.951 163.424 192.54 249.307 190.28 186.926 161.151 188.503 168.966 194.07 155.826 182.043 180.363 187.097 174.083 174.284 169.728 180.867 171.058 191.404 172.973 169.075 178.985 164.692 168.459 160.063 181.865 167.372 162.567 181.907 150.167 163.05 156.333 150.353 152.034 0 0 0 0 0 0 0 0 0 
0 0 0 0 0 0 0 0 162.816 171.233 167.444 175.971 181.361 178.929 176.58 183.54 177.923 173.184 169.079 187.941 179.3 180.677 179.587 191.87 245.193 197.007 171.477 154.938 198.731 181.823 174.453 158.799 192.148 189.702 173.478 170.307 182.862 171.673 180.889 182.312 187.43 166.96 176.526 167.525 171.431 174.221 172.62 178.998 167.15 172.073 163.941 154.514 168.525 152.328 152.547 158.047 144.242 0 0 0 0 0 0 0 0 
0 0 0 0 0 0 0 0 172.745 171.802 171.063 177.307 172.607 174.118 175.65 188.729 182.308 176.695 184.301 183.573 171.306 198.465 204.75 227.402 201.225 199.701 159.457 179.9 203.783 161.115 172.895 184.352 192.728 170.465 169.022 185.895 191.646 172.209 175.759 182.838 172.14 169.842 182.157 172.451 192.656 163.89 184.173 171.969 160.347 174.088 157.562 166.777 164.618 156.448 161.97 159.381 154.21 0 0 0 0 0 0 0 0 
0 0 0 0 0 0 0 177.441 179.121 174.955 176.483 180.378 179.428 175.007 171.569 189.105 174.437 167.126 186.369 175.955 182.326 198.663 165.52 240.927 234.69 198.016 186.478 172.999 177.333 174.671 190.033 173.852 165.089 174.095 189.654 193.667 169.431 173.55 174.009 193.111 173.321 179.203 186.556 170.575 184.932 167.879 179.337 158.871 163.503 173.035 161.613 177.443 164.753 163.887 169.207 153.129 157.319 148.431 0 0 0 0 0 0 0 
0 0 0 0 0 0 175.813 177.743 179.557 175.055 177.428 182.057 181.561 178.856 172.165 189.053 168.728 184.066 182.94 171.041 193.591 175.548 165.827 196.14 202.883 247.15 242.66 195.528 211.73 178.614 158.761 177.981 181.802 190.094 175.426 172.716 168.296 192.894 181.36 197.481 164.104 174.013 171.337 177.975 163.782 169.853 180.502 162.605 185.85 167.72 174.306 176.466 157.151 162.39 160.014 155.947 161.429 151.679 148.091 0 0 0 0 0 0 
0 0 0 0 0 165.611 178.893 177.693 177.62 176.731 179.396 180.455 179.209 179.298 188.261 184.153 175.795 186.115 164.399 188.726 177.06 172.49 185.188 169.609 182.512 170.02 217.613 236.351 226.025 236.849 204.977 172.244 163.724 176.342 173.446 194.517 180.843 188.376 176.221 165.3 154.18 187.211 182.598 188.168 163.669 184.243 183.046 174.037 187.5 161.147 177.489 163.882 162.737 171.296 157.537 168.027 160.87 151.956 153.683 153.564 0 0 0 0 0 
0 0 0 0 0 168.994 181.152 179.514 175.664 174.897 177.388 185.42 174.791 170.937 195.742 179.585 194.715 188.963 177.085 200.549 174.034 196.219 160.11 196.773 166.918 178.225 210.914 169.059 178.207 226.898 209.045 189.485 195.276 194.276 166.814 176.101 164.697 175.096 180.369 174.589 180.296 191.646 176.315 171.825 165.281 180.045 169.713 175.481 160.027 162.366 167.29 162.313 165.502 159.871 160.947 168.917 156.595 159.585 160.406 145.149 0 0 0 0 0 
0 0 0 0 174.06 175.822 183.868 186.41 186.383 184.361 182.501 188.84 181.654 181.741 194.018 165.39 209.469 170.751 197.285 180.804 204.504 180.037 189.783 187.293 167.865 174.146 193.115 195.807 188.685 184.419 179.114 222.76 167.253 169.191 181.408 194.388 177.252 182.867 190.868 160.881 163.704 164.607 178.622 159.317 180.374 173.601 165.516 171.348 153.106 178.556 173.902 163.484 170.453 158.736 178.308 163.585 154.188 158.642 147.686 150.403 154.405 0 0 0 0 
0 0 0 0 176.082 179.028 180.132 183.067 182.527 179.79 189.515 195.878 180.144 194.84 190.358 195.23 203.727 195.266 186.594 202.901 194.753 205.813 194.504 207.082 182.939 197.681 169.673 172.749 178.002 170.477 166.299 199.241 156.061 170.316 152.041 131.99 147.073 167.915 168.833 143.695 172.428 173.364 185.019 152.238 171.621 156.023 174.788 165.219 174.674 174.929 166.611 168.331 156.893 161.186 159.652 144.393 150.144 147.893 145.233 150.719 136.707 0 0 0 0 
0 0 0 170.805 176.324 180.341 182.192 188.824 187.482 187.401 193.054 200.574 175.329 211.759 193.617 213 198.083 212.903 208.144 224.867 233.931 234.271 265.473 266.254 290.96 300.25 298.236 304.2 243.805 229.926 198.697 187.957 149.16 171.065 163.79 169.505 184.279 177.464 162.407 150.269 172.607 165.652 160.918 160.112 162.265 154.014 166.593 144.142 160.173 157.96 158.071 152.261 148.52 165.838 155.213 153.283 150.428 149.22 155.795 146.361 142.924 140.304 0 0 0 
0 0 0 184.148 183.766 181.753 184.159 189.958 184.286 177.981 188.786 188.186 173.505 203.655 180.288 194.299 203.026 188.212 187.843 224.454 259.9 337.772 423.944 458.364 505.24 503.99 544.381 550.592 563.536 536.223 444.779 385.296 264.991 190.834 181.281 164.917 154.221 167.11 161.526 163.695 167.829 179.58 174.867 187.118 171.258 189.803 194.506 184.249 181.673 175.581 166.649 167.245 176.315 175.619 163.067 165.154 171.928 171.349 167.247 158.426 158.038 149.885 0 0 0 
0 0 170.386 177.438 176.821 180.389 183.588 189.161 182.838 176.983 187.621 188.659 185.217 178.691 190.011 186.032 197.569 208.034 286.147 420.78 495.512 564.222 580.336 596.394 595.828 594.318 602.674 583.157 595.759 576.469 591.795 564.324 524.43 464.338 325.181 202.022 206.266 221.165 200.495 209.428 195.035 191.491 194.341 194.457 172.864 194.182 170.402 175.502 181.65 190.943 192.081 187.478 195.812 183.984 170.687 177.692 174.81 176.186 167.678 166.968 163 164.658 161.494 0 0 
0 0 178.143 182.477 184.712 179.483 180.319 191.683 192.837 181.653 205.545 177.487 191.365 174.777 190.405 188.722 253.105 400.524 526.887 595.319 576.152 607.823 590.992 627.687 604.682 625.396 593.537 618.768 606.342 634.143 602.949 591.972 588.06 582.355 552.332 445.834 288.777 198.822 173.326 209.533 193.705 198.112 228.59 189.02 182.428 211.127 207.129 206.116 193.24 195.405 177.904 189.425 190.28 176.79 188.111 184.854 187.64 179.504 172.923 172.316 168.804 168.457 164.101 0 0 
0 0 181.795 183.664 186.834 181.57 180.237 190.351 184.67 168.873 203.853 169.165 209.615 178.809 200.819 304.809 478.901 565.102 581.462 608.038 598.694 627.376 608.484 615.311 621.196 623.979 627.747 622.645 639.031 627.486 630.696 619.416 596.05 619.034 594.914 561.576 513.351 320.19 224.024 240.593 194.884 172.903 207.783 172.888 207.223 217.453 200.653 186.142 210.258 204.16 195.728 195.001 184.825 183.404 186.041 188.82 185.834 177.922 174.192 179.642 177.174 170.744 166.006 0 0 
0 0 183.364 181.083 179.631 181.317 181.26 189.029 192.722 174.342 197.818 178.024 181.473 199.096 348.631 519.214 593.457 581.603 600.277 612.346 620.84 619.903 634.224 611.95 616.876 620.115 615.486 627.135 605.131 622.549 626.203 641.002 613.894 628.378 627.722 606.312 606.246 499.954 336.026 208.663 205.437 228.235 229.997 193.458 199.2 189.705 181.202 190.19 209.024 182.455 193.691 203.879 196.76 197.717 191.404 192.929 179.828 180.794 187.309 189.507 181.969 174.891 172.392 0 0 
0 173.618 185.286 183.034 182.117 188.977 181.281 192.993 191.607 173.329 198.608 191.665 205.244 343.981 526.469 574.667 601.848 598.716 632.542 614.718 628.099 602.335 622.945 620.423 605.192 617.008 613.174 612.05 612.332 617.197 626.193 627.638 627.458 650.486 628.87 618.371 631.517 580.599 534.007 341.582 218.07 169.053 189.789 203.364 217.183 228.378 182.274 201.882 204.213 188.786 200.856 201.14 190.342 199.293 204.209 194.231 187.478 189.901 192.208 178.934 179.232 175.82 174.864 170.457 0 
0 180.965 185.999 182.064 181.735 180.66 175.907 184.973 190.448 173.853 196.079 191.335 323.749 526.902 578.789 597.752 622.303 604.78 630.539 595.711 622.163 613.48 607.668 605.716 618.215 611.722 598.809 624.162 623.802 603.938 631.323 642.762 610.554 647.197 645.552 637.415 634.753 595.362 612.183 448.697 356.177 210.323 202.467 220.045 197.33 211.276 209.199 236.304 187.597 187.887 209.824 193.248 192.74 186.373 186.73 181.075 191.609 195.417 188.055 176.431 177.176 171.719 175.626 172.22 0 
0 179.773 184.374 191.337 188.534 182.217 177.062 186.023 193.79 181.134 178.546 282.558 496.662 584.569 586.15 604.27 623.791 600.373 626.13 596.717 603.862 595.202 596.739 596.793 601.086 602.458 628.313 632.955 632.009 617.636 634.546 663.908 634.848 652.902 648.848 675.365 649.708 657.924 636.682 601.868 419.576 263.933 226.639 205.963 192.528 205.803 192.444 206.969 204.907 222.059 207.034 199.757 203.13 208.286 193.912 196.15 197.867 195.4 192.165 188.084 191.85 190.781 184.511 180.096 0 
0 179.846 185.141 187.889 192.251 184.406 175.821 181.908 194.716 181.773 215.844 422.716 570.331 587.913 596.014 599.122 616.1 578.48 605.548 583.133 568.436 559.053 548.735 524.821 488.367 475.555 483.695 536.481 613.95 635.521 632.795 665.304 638.458 654.787 631.543 661.199 622.307 660.512 616.42 641.725 537.21 349.17 242.786 232.365 221.759 211.109 214.805 216.359 208.522 226.511 213.654 205.736 212.119 206.173 207.108 211.748 204.038 181.862 186.667 190.397 195.803 192.454 183.707 183.174 0 
0 180.695 180.088 182.984 185.913 189.848 184.142 176.675 200.231 187.546 320.724 542.921 587.088 608.184 622.5 609.769 636.965 603.596 622.076 604.471 603.243 558.947 447.692 335.018 263.817 236.912 206.141 220.724 279.209 388.988 524.355 624.371 620.476 635.709 615.209 652.608 637.522 666.725 634.232 627.308 590.106 478.561 217.778 221.918 222.306 176.357 196.359 191.023 192.237 192.089 176.774 198.425 202.269 183.009 187.798 189.103 178.231 185.907 188.641 179.277 170.29 169.731 173.143 172.654 0 
0 183.343 181.481 185.72 187.387 185.918 195.379 179.69 214.265 222.404 442.775 585.396 598.813 618.297 636.157 603.698 639.827 604.551 622.049 613.181 481.593 298.093 199.858 170.565 167.125 171.625 169.912 176.836 162.211 152.839 265.638 487.463 625.774 612.058 638.358 616.645 612.68 608.579 630.211 594.991 596.875 553.793 323.487 213.463 201.483 195.346 232.277 169.636 196.839 184.272 188.318 198.799 179.883 186.585 189.896 175.284 175.514 178.826 185.607 184.643 177.199 169.522 157.513 154.407 0 
0 187.361 180.3 180.178 186.329 189.622 186.835 175.383 206.552 269.566 525.015 585.351 611.267 616.601 641.59 609.959 632.116 608.969 618.453 453.369 230.77 170.757 180.928 174.338 173.378 168.289 168.539 170.878 162.166 147.607 142.224 198.097 593.587 617.636 625.677 607.04 634.21 647.63 644.779 631.691 598.675 580.257 436.956 197.81 207.232 179.635 207.095 182.624 201.093 182.579 205.139 180.399 177.084 195.203 189.11 189.962 186.281 178.913 174.294 170.902 171.771 177.27 175.107 179.443 0 
0 181.203 177.138 179.992 188.228 189.891 186.369 170.377 213.106 361.985 574.448 589.304 623.356 629.367 628.212 607.421 605.735 619.098 503.181 237.478 171.943 170.419 174.435 166.892 164.18 161.97 163.524 163.734 149.92 132.944 128.29 10.9006 345.005 701.989 626.171 663.922 632.125 633.262 618.721 629.326 633.916 616.698 519.77 288.167 219.415 187.722 177.924 213.818 197.328 186.499 176.019 173.388 195.117 182.643 183.315 188.935 183.997 187.34 179.211 174.503 177.256 176.949 174.922 175.555 0 
0 179.804 183.599 189.693 185.777 188.512 196.498 172.993 223.017 427.928 589.751 597.476 616.534 626.383 619.716 628.436 598.973 602.733 335.176 175.827 180.801 171.529 179.653 174.072 168.49 170.285 170.955 173.411 161.237 152.985 156.76 135.444 142.448 566.962 636.542 597.64 624.143 642.318 638.519 611.446 620.644 568.967 566.387 345.588 198.982 212.12 183.358 203.756 175.989 212.377 180.147 194.992 198.413 176.772 177.747 176.638 176.786 171.477 177.101 183.154 176.227 169.882 163.278 169.822 0 
0 192.178 190.026 185.282 177.713 180.379 199.129 183.16 230.846 463.556 593.187 617.74 616.617 623.426 623.508 632.875 594.305 534.639 221.328 179.649 178.297 171.106 178.503 169.808 169.62 172.704 175.43 181.524 163.364 164.814 157.139 167.976 160.168 388.386 617.243 629.291 618.81 604.841 611.778 652.976 625.368 607.218 569.157 371.437 204.308 206.529 192.897 182.15 201.233 196.436 198.33 198.429 169.269 184.878 190.558 183.564 174.477 181.399 181.088 175.58 175.223 169.666 162.352 164.647 0 
0 178.76 178.166 185.178 192.333 192.402 194.143 190.78 231.969 494.969 589.857 612.205 630.937 628.55 617.359 626.12 600.275 450.07 185.7 181.189 178.783 170.795 177.448 179.362 174.995 179.684 176.147 184.286 168.473 169.865 171.96 168.795 168.262 311.868 563.88 610.461 633.482 607.512 601.018 622.759 639.131 595.104 590.81 451.536 203.219 180.085 200.421 181.219 203.491 174.009 193.679 187.825 193.145 188.526 181.762 182.881 177.945 181.035 180.997 177.437 168.663 167.918 170.937 174.23 0 
0 183.672 191.835 190.894 184.989 183.918 185.551 212.636 239.783 515.787 588.507 610.221 632.25 634.592 612.755 621.409 619.58 389.684 186.031 182.378 177.681 176.971 174.744 184.157 175.976 177.901 177.971 185.808 170.968 172.083 171.423 169.805 174.894 275.667 562.235 601.812 615.306 609.337 618.472 634.11 603.331 607.964 597.801 457.397 216.998 200.932 194.175 193.486 161.365 191.811 180.293 186.92 204.65 186.574 179.475 185.362 187.213 178.83 165.873 166.923 175.031 172.333 171.254 174.986 0 
0 181.245 176.292 185.478 189.979 187.055 183.731 213.565 232.261 529.755 591.323 616.86 615.806 629.809 633.796 614.283 623.404 380.391 187.68 181.827 179.512 180.718 174.153 179.874 178.732 168.92 180.84 184.065 165.305 178.173 177.964 173.878 184.283 273.319 564.061 594.07 598.552 604.875 630.396 628.284 622.582 596.399 583.319 472.732 222.674 193.172 179.672 186.152 205.065 189.234 182.129 194.471 172.282 178.662 187.154 183.812 179.309 180.523 179.739 173.561 172.44 174.191 178.184 167.554 0 
0 187.415 187.983 188.694 180.084 189.494 184.963 190.028 244.31 506.121 598.804 610.906 617.604 627.514 626.582 631.348 625.185 431.544 189.802 184.096 176.822 175.845 174.542 175.516 182.316 172.398 181.518 181.999 164.373 173.057 172.371 177.712 175.73 310.922 580.307 596.449 595.132 610.237 630.239 614.574 616.364 621.412 585.607 442.909 220.066 192.348 210.637 194.823 198.47 180.319 192.985 178.321 174.357 186.144 193.932 182.676 175.752 174.237 181.409 187.613 179.593 162.048 171.424 172.381 0 
0 182.812 189.113 188.699 193.249 196.928 188.483 180.617 247.993 474.463 586.99 606.468 636.224 630.126 619.035 622.406 627.13 547.968 203.863 190.507 180.278 179.502 174.882 178.282 179.399 177.633 191.445 171.904 165.492 176.144 176.258 184.092 175.366 398.747 598.456 602.455 600.999 612.106 616.52 623.684 619.909 592.81 585.59 441.874 217.841 190.642 172.383 197.635 173.379 202.772 183.658 183.333 195.534 187.323 178.668 182.201 186.745 183.267 171.55 167.771 170.825 172.982 171.768 157.697 0 
0 0 181.356 183.121 190.146 188.596 191.784 185.695 238.51 444.433 594.396 605.001 627.937 627.749 631.986 629.563 612.442 614.175 342.159 179.349 186.348 177.171 176.562 185.488 178.23 172.942 194.55 183.461 168.891 169.824 178.404 183.35 226.63 517.371 612.503 589.74 602.922 614.449 602.169 619.863 635.186 607.418 572.111 370.957 195.754 190.69 186.993 180.58 206.061 186.312 194.254 197.689 179.261 174.736 176.53 179.423 182.116 176.342 171.622 165.168 164.404 168.24 174.343 0 0 
0 0 186.911 186.82 184.91 183.394 188.315 195.93 182.718 402.289 579.117 609.684 623.834 630.819 620.527 627.65 621.049 617.173 553.766 242.364 185.106 186.305 178.659 178.172 177.392 177.398 186.646 179.749 173.023 184.693 187.635 190.451 370.53 588.29 604.676 582.891 613.671 618.909 618.992 626.865 607.648 579.366 550.758 327.516 201.609 209.046 181.362 195.865 170.224 187.62 186.435 170.06 176.382 183.734 189.13 181.239 176.783 182.772 181.866 183.338 174.295 177.646 178.834 0 0 
0 0 191.985 191.173 182.774 194.334 191.999 193.195 184.842 339.246 544.468 597.314 614.607 624.961 638.237 619.801 624.575 615.888 619.899 489.048 244.92 184.589 186.09 183.812 183.696 180.671 190.608 177.231 172.146 181.347 193.203 317.793 544.691 610.501 610.705 604.569 622.064 618.548 626.133 632.029 614.808 588.456 506.687 246.223 174.575 182.802 186.727 174.836 193.826 192.535 177.895 189.126 201.501 193.454 182.049 179.034 181.011 180.241 182.172 185.34 176.398 175.393 162.135 0 0 
0 0 179.537 188.472 195.028 190.329 179.647 188.132 196.004 240.055 512.631 587.99 616.04 628.614 634.078 623.567 622.702 629.426 624.726 633.703 514.06 316.641 229.341 179.642 181.875 183.186 198.284 178.679 172.443 197.294 328.02 523.036 605.942 615.695 603.906 606.945 614.151 617.785 618.288 607.097 584.517 572.482 429.563 211.968 206.782 205.754 186.836 202.115 193.662 183.68 195.337 189.779 177.499 179.438 187.011 182.757 183.044 185.225 175.05 172.863 174.429 179.377 170.656 0 0 
0 0 0 190.705 185.545 181.568 188.492 189.753 191.762 186.872 402.225 566.29 591.676 614.52 619.528 625.089 618.649 614.75 611.966 608.552 620.931 559.757 470.381 381.418 299.153 257.623 250.175 235.538 300.618 452.222 592.005 617.411 635.153 637.042 627.326 650.132 638.626 645.627 647.102 625.619 595.747 561.082 328.449 198.458 197.362 189.285 200.656 180.592 194.866 201.138 180.586 181.696 186.656 188.489 197.731 194.151 190.622 176.539 181.697 171.479 181.197 184.834 0 0 0 
0 0 0 182.035 190.173 183.956 193.335 179.463 188.961 175.34 236.071 521.599 571.156 600.078 602.409 615.034 607.33 597.279 584.998 588.266 560.251 570.592 540.819 506.486 526.16 497.985 534.038 563.157 635.089 675.201 673.603 648.651 675.997 643.106 642.231 649.587 639.53 656.004 656.332 631.066 614.669 494.037 259.586 235.478 221.154 226.41 210.761 235.342 214.271 197.543 207.741 214.554 219.249 210.107 199.709 198.833 197.419 198.499 195.206 194.032 197.783 192.681 0 0 0 
0 0 0 0 185.306 190.108 190.581 191.614 189.667 183.681 179.847 357.621 567.562 581.977 599.296 613.087 617.795 618.008 604.196 617.277 610.56 603.853 625.564 592.965 603.599 651.057 658.594 618.874 664.114 658.153 633.151 630.454 660.216 640.974 679.648 664.673 658.848 654.95 638.85 608.786 577.474 345.695 210.512 209.332 197.088 217.184 225.076 194.203 204.64 213.217 222.212 209.74 195.768 200.671 201.259 198.814 202.621 201.815 195.668 200.059 201.566 0 0 0 0 
0 0 0 0 179.963 183.105 183.272 182.81 182.666 189.348 205.71 189.227 445.682 573.366 591.162 613.581 623.525 632.506 620.071 617.115 620.068 603.147 613.78 629.788 626.764 602.379 646.693 635.73 624.613 629.363 631.896 660.977 653.097 625.503 643.861 624.539 637.499 632.304 618.726 604.323 459.377 245.643 223.188 210.158 211.75 191.287 201.359 210.551 202.958 193.661 181.457 190.179 194.06 195.237 202.063 195.218 195.149 191.609 187.816 190.143 184.423 0 0 0 0 
0 0 0 0 0 187.598 195.423 185.178 187.696 186.603 196.498 192.925 227.041 468.751 570.69 595.623 606.392 620.908 617.897 623.537 631.79 624.069 627.422 622.8 634.159 636.789 619.827 614.907 659.039 644.315 611.355 636.649 625.224 664.35 657.671 648.947 638.453 610.712 585.045 500.347 263.506 210.512 205.862 200.212 201.885 223.073 208.871 196.836 186.256 199.624 205.382 203.042 207.132 196.959 190.112 193.109 184.14 176.225 189.758 188.824 0 0 0 0 0 
0 0 0 0 0 192.954 187.763 185.595 184.815 185.5 174.62 197.659 184.149 248.549 467.472 554.149 594.287 609.367 613.199 623.3 630.786 622.681 626.362 622.613 623.674 643.892 624.918 618.219 679.767 638.945 648.733 656.964 635.224 636.587 622.482 631.836 609.764 599.259 537.825 338.494 210.959 219.212 197.036 211.396 195.787 189.233 194.186 211.592 217.106 206.926 202.847 191.102 190.495 190.885 189.142 187.113 190.348 189.817 190.779 184.855 0 0 0 0 0 
0 0 0 0 0 0 183.318 191.455 199.896 189.935 183.931 193.997 184.962 173.283 250.022 432.286 540.788 600.509 598.349 608.847 627.796 621.673 622.862 628.873 628.68 641.364 643.76 627.042 653.182 616.57 657.357 624.981 657.43 625.38 606.458 602.719 585.845 541.089 347.435 225.734 225.465 205.627 201.078 196.178 209.001 203.497 201.642 196.833 193.787 184.371 192.928 196.204 190.708 194.549 193.472 188.519 187.738 197.83 189.832 0 0 0 0 0 0 
0 0 0 0 0 0 0 187.61 195.864 182.072 184.377 194.493 193.16 203.868 188.544 215.922 374.482 491.445 580.554 598.029 602.865 608.752 619.417 621.528 624.601 644.796 620.763 629.723 640.604 607.351 645.635 605.221 635.033 594.337 607.133 584.074 502.813 328.783 218.707 206.795 205.354 205.907 218.514 190.812 193.062 183.416 194.273 189.716 194.991 193.604 191.229 201.793 198.564 192.691 191.817 188.772 189.429 186.229 0 0 0 0 0 0 0 
0 0 0 0 0 0 0 0 186.182 191.052 191.236 198.004 187.318 181.998 193.253 183.277 203.191 298.562 393.099 514.396 583.378 599.954 598.195 600.807 598.975 636.35 594.037 624.536 612.703 618.571 598.708 593.461 597.225 580.238 544.086 430.056 290.553 202.899 202.414 194.119 186.76 188.719 187.493 202.876 199.011 209.089 205.008 199.31 195.675 197.441 186.229 180.842 184.736 177.197 178.155 187.513 186.729 0 0 0 0 0 0 0 0 
0 0 0 0 0 0 0 0 191.962 192.008 198.362 185.547 191.049 189.953 183.33 198.179 192.692 193.108 234.318 263.984 368.924 483.363 537.453 551.57 584.963 622.466 569.584 606.44 570.598 609.992 571.877 578.467 524.591 442.044 303.099 227.155 187.449 204.371 202.107 200.431 194.735 209.14 178.372 208.587 176.689 188.888 179.103 185.848 183.007 183.484 186.47 184.433 185.242 183.425 177.286 182.034 175.682 0 0 0 0 0 0 0 0 
0 0 0 0 0 0 0 0 0 187.76 198.765 199.147 202.674 198.092 194.074 206.859 208.762 200.373 206.845 241.019 232.759 232.939 311.347 364.347 418.135 493.588 461.536 527.401 482.408 494.764 417.956 346.119 249.069 183.147 169.64 181.34 167.655 167.209 168.772 168.229 169.749 176.348 164.486 177.185 176.854 171.818 183.912 175.585 179.189 177.296 176.64 172.136 166.03 175.085 179.542 172.029 0 0 0 0 0 0 0 0 0 
0 0 0 0 0 0 0 0 0 0 196.059 207.045 207.714 206.782 205.302 211.724 210.672 224.109 216.461 224.109 252.965 261.087 238.894 227.481 291.127 376.916 272.414 263.619 226.749 202.679 174.181 143.702 159.299 145.375 144.503 149.203 146.943 141.638 145.772 143.052 150.933 151.295 160.079 143.011 167.028 135.059 160.999 150.251 152.629 152.895 151.875 153.174 161.066 161.693 161.607 0 0 0 0 0 0 0 0 0 0 
0 0 0 0 0 0 0 0 0 0 0 193.27 192.966 205.929 200.534 192.131 202.047 205.296 200.312 201.224 197.547 205.185 209.813 205.431 214.65 256.602 159.722 192.773 203.669 170.322 153.097 151.739 156.269 159.426 154.669 175.591 172.294 172.199 172.604 164.343 175.369 166.873 172.332 161.032 177.667 160.002 159.752 165.74 159.749 159.524 160.794 166.4 164.19 159.299 0 0 0 0 0 0 0 0 0 0 0 
0 0 0 0 0 0 0 0 0 0 0 0 0 192.745 191.191 192.399 196.294 188.156 199.13 194.775 188.148 193.925 209.067 193.254 222.597 268.669 166.926 177.23 176.529 191.384 181.353 195.894 176.904 173.607 170.155 167.768 160.329 177.87 167.476 172.644 181.846 172.545 179.233 185.352 177.733 187.292 167.472 182.327 163.186 170.653 173.105 172.98 0 0 0 0 0 0 0 0 0 0 0 0 0 
0 0 0 0 0 0 0 0 0 0 0 0 0 0 186.419 194.901 192.872 193.886 196.853 190.666 191.632 192.522 184.153 187.485 229.406 257.117 178.556 196.899 182.943 177.21 172.007 178.109 184.757 189.89 187.914 184.867 180.273 174.169 173.31 179.746 175.664 169.713 165.835 185.148 163.242 182.995 170.09 179.306 184.733 179.321 181.219 0 0 0 0 0 0 0 0 0 0 0 0 0 0 
0 0 0 0 0 0 0 0 0 0 0 0 0 0 0 181.114 187.999 203.591 192.528 189.532 186.792 190.313 182.781 183.291 234.906 254.912 180.327 197.836 182.619 182.806 178.926 181.431 175.314 185.469 183.946 185.62 187.858 178.2 178.067 175.985 175.795 177.049 176.183 178.611 174.008 169.213 179.856 171.985 191.606 172.235 0 0 0 0 0 0 0 0 0 0 0 0 0 0 0 
0 0 0 0 0 0 0 0 0 0 0 0 0 0 0 0 0 185.407 177.174 192.811 198.383 188.437 184.928 182.882 230.601 246.397 188.229 192.937 183.964 184.558 176.601 185.55 179.326 182.736 178.452 185.04 190.016 184.293 180.864 178.446 178.579 175.414 177.494 178.734 192.077 172.153 198.905 170.12 0 0 0 0 0 0 0 0 0 0 0 0 0 0 0 0 0 
0 0 0 0 0 0 0 0 0 0 0 0 0 0 0 0 0 0 0 189.67 184.91 183.489 192.958 186.017 236.845 246.113 195.081 187.418 182.316 178.03 185.809 180.949 181.245 183.293 172.073 178.634 184.519 173.757 179.124 182.455 180.283 181.971 189.298 182.963 198.081 178.739 0 0 0 0 0 0 0 0 0 0 0 0 0 0 0 0 0 0 0 
0 0 0 0 0 0 0 0 0 0 0 0 0 0 0 0 0 0 0 0 0 181.004 185.948 172.981 249.842 245.809 196.342 191.223 183.652 183.154 189.192 183.85 186.449 183.622 179.73 184.707 187.198 184.416 189.31 189.097 190.461 184.49 195.138 183.074 0 0 0 0 0 0 0 0 0 0 0 0 0 0 0 0 0 0 0 0 0 
0 0 0 0 0 0 0 0 0 0 0 0 0 0 0 0 0 0 0 0 0 0 0 0 0 230.877 184.815 184.358 187.136 186.308 191.393 185.807 191.764 182.108 191.683 189.995 191.059 190.128 187.924 193.644 0 0 0 0 0 0 0 0 0 0 0 0 0 0 0 0 0 0 0 0 0 0 0 0 0 
0 0 0 0 0 0 0 0 0 0 0 0 0 0 0 0 0 0 0 0 0 0 0 0 0 0 0 0 0 0 0 0 0 0 0 0 0 0 0 0 0 0 0 0 0 0 0 0 0 0 0 0 0 0 0 0 0 0 0 0 0 0 0 0 0 
