0 0 0 0 0 0 0 0 0 0 0 0 0 0 0 0 0 0 0 0 0 0 0 0 0 0 0 0 0 0 0 0 0 0 0 0 0 0 0 0 0 0 0 0 0 0 0 0 0 0 0 0 0 0 0 0 0 0 0 0 0 0 0 0 0 
0 0 0 0 0 0 0 0 0 0 0 0 0 0 0 0 0 0 0 0 0 0 0 0 0 241.814 243.779 253.76 236.867 255.599 221.859 260.731 227.417 270.552 217.736 263.285 215.265 250.084 228.766 233.174 0 0 0 0 0 0 0 0 0 0 0 0 0 0 0 0 0 0 0 0 0 0 0 0 0 
0 0 0 0 0 0 0 0 0 0 0 0 0 0 0 0 0 0 0 0 0 239.342 248.777 249.696 258.696 252.234 254.724 254.314 245.336 252.894 237.89 260.937 242.642 266.864 234.583 265.178 223.514 258.616 235.062 250.489 232.887 242.11 228.079 222.334 0 0 0 0 0 0 0 0 0 0 0 0 0 0 0 0 0 0 0 0 0 
0 0 0 0 0 0 0 0 0 0 0 0 0 0 0 0 0 0 0 249.667 257.081 252.955 249.465 253.154 266.866 259.403 261.108 259.088 259.565 249.734 250.66 255.051 254.878 259.472 251.212 254.198 232.006 256.787 248.701 254.137 241.52 244.605 234.227 230.809 238.634 225.391 0 0 0 0 0 0 0 0 0 0 0 0 0 0 0 0 0 0 0 
0 0 0 0 0 0 0 0 0 0 0 0 0 0 0 0 0 252.24 255.161 259.157 255.046 259.032 258.367 258.353 266.456 257.556 262.598 262.319 270.533 250.537 261.406 250.638 269.799 256.198 267.798 250.172 256.149 260.125 256.638 251.164 245.894 246.854 236.146 239.437 243.156 233.034 233.315 223.737 0 0 0 0 0 0 0 0 0 0 0 0 0 0 0 0 0 
0 0 0 0 0 0 0 0 0 0 0 0 0 0 0 250.393 255.614 258.517 261.639 265.875 258.195 259.229 268.865 264.454 266.315 257.398 269.969 269.516 281.661 247.929 271.132 249.077 279.058 250.105 276.843 250.126 267.898 255.318 264.542 249.989 246.346 248.674 243.942 248.499 249.338 244.326 240.99 233.543 232.119 215.567 0 0 0 0 0 0 0 0 0 0 0 0 0 0 0 
0 0 0 0 0 0 0 0 0 0 0 0 0 0 254.92 255.251 261.083 263.722 265.839 264.637 263.561 268.343 273.951 265.397 263.726 258.978 280.223 267.884 280.01 245.327 281.62 233.332 291.182 252.987 290.774 250.737 277.023 255.163 267.256 237.526 261.95 256.92 248.945 259.978 249.476 254.852 238.343 243.062 234.23 228.746 229.749 0 0 0 0 0 0 0 0 0 0 0 0 0 0 
0 0 0 0 0 0 0 0 0 0 0 0 0 267.629 262.928 264.397 264.629 266.354 266.795 265.722 268.667 278.686 272.27 264.535 259.346 270.776 289.636 271.589 274.768 236.548 287.577 236.817 313.763 248.898 296.329 250.678 265.83 259.232 266.152 254.564 268.657 257.063 250.146 260.882 256.258 250.821 240.392 251.431 230.713 237.505 235.214 225.535 0 0 0 0 0 0 0 0 0 0 0 0 0 
0 0 0 0 0 0 0 0 0 0 0 256.617 261.759 268.898 270.07 265.994 268.649 267.621 267.387 264.368 273.594 285.878 264.71 266.08 273.924 282.171 288.131 253.621 278.316 243.77 300.277 251.853 297.778 249.076 282.144 252.627 268.068 270.786 267.009 262.316 263.724 251.159 257.811 260.711 256.113 247.312 243.674 247.43 241.067 244.668 244.65 235.851 230.595 218.073 0 0 0 0 0 0 0 0 0 0 0 
0 0 0 0 0 0 0 0 0 0 260.251 268.063 263.961 271.847 273.547 266.359 272.064 273.107 266.501 273.868 283.068 270.023 256.87 282.244 293.658 266.662 280.977 262.545 306.717 253.716 266.801 244.868 292.472 274.724 280.395 275.647 265.855 267.274 258.823 256.053 257.879 254.981 260.829 253.43 260.803 253.151 260.094 249.434 252.604 253.355 246.742 234.449 231.277 221.971 226.633 0 0 0 0 0 0 0 0 0 0 
0 0 0 0 0 0 0 0 0 259.582 266.121 268.643 278.448 270.381 277.953 271.902 273.899 276.099 271.544 292.491 285.49 264.736 284.298 290.208 264.185 252.921 321.655 272.247 290.425 231.045 257.31 268.509 291.683 280.848 259.436 265.129 233.713 264.874 250.147 265.594 264.351 264.71 265.348 261.22 266.773 260.973 253.8 247.384 253.824 243.854 237.704 239.367 229.199 231.923 226.217 218.317 0 0 0 0 0 0 0 0 0 
0 0 0 0 0 0 0 0 263.339 272.461 271.637 271.122 276.383 272.202 280.153 275.92 278.74 278.343 287.288 285.218 270.664 298.85 291.488 265.162 285.462 299.546 288.814 270.992 337.188 310.506 336.364 260.982 261.264 277.542 259.7 271.387 256.39 282.186 263.472 268.983 262.692 252.022 254.356 255.991 251.549 258.572 242.811 244.369 246.42 240.86 243.633 235.817 229.325 231.884 228.514 232.097 217.227 0 0 0 0 0 0 0 0 
0 0 0 0 0 0 0 0 269.928 276.65 280.195 273.25 282.649 281.799 289.904 279.495 281.273 292.505 282.338 279.987 305.832 288.049 277.906 303.121 279.438 266.54 275.262 249.292 274.905 438.326 571.01 359.652 273.061 283.002 242.285 248.142 238.564 250.504 246.901 257.839 248.3 257.502 256.321 263.662 262.581 271.236 245.2 253.243 252.901 248.337 255.607 239.876 245.725 243.959 244.679 228.256 216.777 0 0 0 0 0 0 0 0 
0 0 0 0 0 0 0 276.594 276.076 281.827 288.581 280.177 286.422 290.042 300.431 285.579 300.776 296.675 300.036 324.86 306.997 352.358 366.165 389.786 422.646 421.674 388.831 321.223 409.495 609.373 655.719 528.709 333.05 300.284 270.478 276.059 281.399 277.529 287.428 270.875 260.443 266.232 263.452 266.169 261.712 252.895 248.4 257.179 254.308 255.733 252.173 249.479 246.987 240.318 240.714 228.246 228.766 224.083 0 0 0 0 0 0 0 
0 0 0 0 0 0 269.39 268.951 276.382 273.173 275.245 272.12 278.098 280.866 272.017 289.468 269.97 269.892 325.894 373.486 474.042 523.391 577.068 603.057 626.197 622.637 627.957 591.231 669.952 705.473 684.284 671.229 367.541 267.158 265.347 263.673 284.429 264.067 276.795 263.842 270.298 279.985 286.432 274.626 277.4 272.74 282.199 278.065 272.48 276.503 269.238 264.009 248.933 258.147 255.531 246.167 242.693 234.816 232.863 0 0 0 0 0 0 
0 0 0 0 0 265.143 273.294 277.695 281.124 283.642 283.055 275.806 293.391 281.502 276.872 296.395 281.081 411.387 525.343 636.571 655.206 658.907 656.309 672.274 673.777 656.503 671.752 662.367 695.852 694.407 706.812 729.413 483.362 395.088 362.489 271.542 254.235 256.053 269.926 265.459 275.087 284.794 267.83 259.073 266.899 266.241 268.071 257.702 269.187 258.73 258.136 249.751 256.61 263.498 252.919 247.624 244.427 243.851 240.023 229.772 0 0 0 0 0 
0 0 0 0 0 275.87 272.491 283.904 279.291 283.842 279.833 282.778 298.722 274.619 308.32 334.608 501.782 610.856 677.711 663.828 659.27 652.83 655.259 672.825 663.071 642.983 672.731 667.323 649.27 668.128 660.704 670.103 596.474 598.352 605.118 507.239 372.755 305.986 303.619 301.013 275.754 272.023 267.023 286.094 278.091 290.664 286.308 270.356 268.838 264.791 275.646 256.817 267.421 264.519 252.281 251.182 250.911 250.386 242.435 228.741 0 0 0 0 0 
0 0 0 0 270.359 276.217 282.611 288.202 289.282 294.861 279.905 305.435 286.507 303.979 404.969 590.875 659.199 665.444 660.576 657.913 673.443 655.832 654.887 682.411 669.078 654.969 698.345 684.392 653.802 683.422 666.933 675.986 655.945 629.885 650.433 618.797 581.368 481.623 347.023 262.332 273.759 300.215 296.699 299.185 276.912 283.629 269.65 273.006 274.848 285.054 278.249 269.667 274.819 269.34 263.099 262.882 256.146 251.131 238.759 236.776 235.677 0 0 0 0 
0 0 0 0 287.021 283.701 281.877 285.365 295.152 295.029 288.901 311.739 298.774 469.426 606.597 678.909 655.284 664.146 663.14 663.268 663.14 661.602 667.415 695.383 670.488 674.012 715.971 680.692 670.828 698.374 658.169 677.47 681.061 648.136 647.448 635.429 628.975 632.944 537.768 382.364 303.678 267.56 268.989 275.599 286.602 295.165 277.657 274.86 266.812 282.159 265.228 272.935 270.211 266.498 260.849 262.128 261.401 256.364 251.499 247.767 234.339 0 0 0 0 
0 0 0 283.131 285.809 284.456 283.391 283.889 300.327 292.396 302.608 319.905 458.103 625.766 652.512 647.76 654.353 648.054 647.396 656.773 663.896 660.936 675.972 702.312 678.977 710.236 725.01 682.058 690.636 694.056 678.497 700.82 690.558 652.067 676.209 657.457 633.481 627.368 635.732 572.66 422.603 302.309 298.043 266.571 267.207 279.536 283.553 282.145 282.203 287.9 272.867 267.274 266.157 269.539 264.424 265.156 263.91 255.927 252.458 242.623 247.457 240.79 0 0 0 
0 0 0 285.477 284.494 289.256 289.823 288.359 304.838 290.038 326.627 425.267 612.194 632.601 633.518 647.322 630.098 627.9 663.382 674.521 682.6 680.865 706.778 720.99 702.117 727.64 716.126 724.776 709.061 695.428 728.338 702.149 691.113 700.709 708.246 651.398 662.047 665.862 656.727 641.381 585.758 379.63 266.014 297.217 307.063 289.906 275.314 260.107 278.342 278.699 273.046 269.554 285.19 275.065 271.402 266.712 262.185 261.403 253.226 254.736 252.308 234.483 0 0 0 
0 0 276.419 288.282 291.005 287.439 285.869 283.626 303.825 286.334 386.996 551.288 638.474 621.283 629.262 640.143 642.919 656.151 670.896 693.046 703.567 699.969 733.308 713.256 729.578 740.017 727.604 745.065 708.987 730.328 742.325 702.387 743.181 715.877 709.958 684.183 708.262 694.75 654.064 643.36 647.412 561.036 389.818 275.976 274.306 295.072 288.989 278.911 282.311 284.518 271.362 277.829 287.54 277.266 273.57 276.697 277.136 262.589 259.307 264.197 247.678 244.19 237.172 0 0 
0 0 287.716 285.381 291.831 290.385 291.509 298.404 298.335 321.069 495.147 593.874 624.992 641.587 651.946 658.243 675.589 668.409 697.927 715.761 712.988 715.45 738.87 709.549 758.049 725.18 744.924 729.477 746.207 730.01 730.901 740.016 731.03 709.72 746.644 709.587 698.734 690.719 672.05 684.305 663.167 646.431 532.657 364.823 282.023 274.035 300.666 292.095 293.626 297.039 269.702 287.372 290.053 278.091 278.696 274.016 270.107 267.191 273.114 264.806 257.143 249.131 235.572 0 0 
0 0 288.032 283.608 286.216 295.216 288.949 299.33 311.378 425.614 552.601 581.527 638.643 682.399 667.817 669.847 700.378 704.792 712.894 735.19 722.954 734.512 728.515 744.312 758.907 732.406 736.93 737.169 731.812 724.872 757.979 731.28 748.277 765.384 735.918 714.972 739.996 741.512 710.482 700.442 660.056 641.702 663.346 490.129 325.594 314.844 293.37 280.753 293.635 298.517 291.144 305.091 288.403 278.019 277.158 278.028 270.684 266.551 265.308 259.507 257.619 248.535 249.435 0 0 
0 0 281.743 287.191 286.952 291.796 287.201 301.077 358.956 497.19 533.825 589.012 694.017 715.716 672.041 685.187 710.623 697.913 731.71 755.708 719.09 752.616 719.16 752.902 734.751 756.481 724.444 739.207 739.823 755.609 747.875 771.077 742.746 758.928 763.793 756.498 764.737 725.46 704.461 729.1 685.742 680.48 682.851 656.135 393.015 320.585 329.244 264.587 284.226 295.898 283.97 301.372 288.558 278.076 285.695 280.554 275.058 283.609 279.34 267.717 256.189 256.175 257.121 0 0 
0 276.742 279.047 283.003 286.193 283.716 284.26 304.906 404.934 502.012 522.342 636.285 721.826 724.179 713.417 709.935 714.82 717.523 731.174 748.991 707.661 756.299 724.586 749.887 734.467 720.479 744.562 762.138 748.165 751.262 746.612 752.692 745.74 773.6 754.93 716.436 783.889 749.414 739.006 751.412 689.45 696.572 671.32 638.72 583.351 312.271 324.838 282.962 301.759 297.905 288.029 299.74 282.489 295.863 302.33 285.497 284.72 278.261 275.775 262.067 267.532 268.637 255.72 246.826 0 
0 278.804 278.772 278.716 282.495 283.153 271.988 328.823 439.582 481.955 574.343 684.542 709.037 731.082 725.298 717.687 738.977 725.163 737.531 745.283 703.632 732.047 731.342 728.357 726.487 735.004 736.693 751.08 754.074 741.645 729.744 761.178 733.848 756.861 792.214 745.015 797.615 734.005 746.54 742.796 693.629 725.491 684.374 656.724 688.098 453.838 331.941 298.798 326.931 306.27 291.096 305.095 291.99 302.362 292.623 288.181 290.853 283.731 271.899 270.958 275.575 267.167 258.315 254.633 0 
0 285.085 281.775 280.245 280.031 278.634 270.572 377.743 440.328 505.684 639.928 679.751 705.013 715.843 720.381 733.749 723.287 731.665 719.577 721.885 705.107 712.443 699.24 672.695 677.012 682.217 676.056 691.996 734.543 786.208 777.766 759.133 761.336 745.297 770.632 727.994 808.063 758.764 792.286 761.21 741.745 748.427 693.592 699.722 685.819 596.44 370.926 303.111 329.686 306.767 312.859 305.359 298.862 304.057 286.486 282.744 289.009 287.547 285.215 284.243 275.712 265.603 258.709 255.024 0 
0 283.254 279.039 286.332 282.153 286.017 295.895 409.288 449.886 568.128 661.405 685.082 718.615 728.462 753.714 739.668 759.215 748.364 721.135 725.725 721.289 710.99 705.715 666.021 602.729 507.229 435.191 410.716 418.786 473.353 607.783 722.142 736.388 738.751 760.839 726.369 771.457 746.891 782.058 736.999 751.501 716.743 696.742 700.604 663.168 647.843 443.033 288.822 308.238 281.206 320.065 296.104 291.401 291.258 281.402 290.086 284.52 273.517 280.608 283.226 273.577 263.884 255.414 253.928 0 
0 281.382 279.677 283.123 282.93 282.203 323.742 419.359 468.122 622.439 680.73 704.406 724.482 749.557 748.698 751.758 763.928 757.323 722.827 735.883 740.518 714.864 609.081 436.467 342.537 295.078 285.495 285.545 280.746 281.055 300.588 424.788 654.03 668.911 755.148 689.302 735.808 702.1 718.52 713.09 733.388 696.336 710.944 688.797 648.495 664.661 527.387 315.706 299.238 276.079 304.624 280.29 296.352 271.681 270.827 294.014 275.898 268.046 270.927 270.386 259.738 254.728 255.188 252.221 0 
0 277.164 281.885 276.954 280.635 277.494 338.081 418.647 524.165 663.176 687.37 718.225 738.882 737.944 747.235 751.548 743.939 766.474 716.263 742.369 731.748 540.55 316.499 272.759 297.022 287.129 285.082 282.578 278.628 286.708 276.557 274.833 430.883 600.012 714.825 649.913 734.367 739.796 727.883 742.277 732.89 710.443 711.644 674.155 674.346 649.232 581.66 357.527 296.922 263.111 294.759 258.556 288.193 275.376 285.679 271.544 267.454 274.186 273.403 260.458 251.69 256.903 255.069 243.458 0 
0 279.005 279.343 277.53 279.126 281.612 344.539 431.279 589.763 673.831 694.621 725.491 732.785 741.073 750.484 739.616 754.556 772.254 726.964 755.461 566.113 310.565 264.598 288.746 293.458 285.61 284.261 281.211 283.021 271.977 270.381 271.031 297.821 470.939 633.772 712.234 733.05 696.187 697.397 718.982 755.555 731.003 724.885 717.168 689.942 661.183 633.043 429.559 299.339 270.872 275.42 281.666 279.161 274.664 292.378 270.312 263.784 264.47 256.441 259.86 265.499 259.444 249.788 243.996 0 
0 280.299 274.508 278.242 275.49 276.44 345.693 458.757 627.997 674.592 706.632 728.053 739.558 758.365 744.527 756.569 741.063 774.632 714.985 682.623 361.657 274.899 267.151 280.68 289.838 280.455 277.816 270.134 271.753 261.002 255.201 233.14 240.104 323.555 519.952 609.916 686.152 714.997 744.258 707.09 727.265 710.713 733.451 715.266 692.412 675.549 655.535 465.964 302.353 291.251 283.044 297.65 275.126 287.647 273.491 267.552 283.378 264.942 259.616 267.707 265.573 255.529 246.266 237.999 0 
0 278.765 277.796 276.102 274.075 282.459 359.071 498.711 657.304 695.327 719.946 733.986 745.145 744.832 758.286 749.418 744.076 769.014 709.886 527.306 277.747 290.889 272.812 277.418 295.333 286.028 287.223 279.529 282.977 268.801 260.436 245.423 229.724 242.281 397.688 586.274 444.809 475.801 684.345 738.966 692.124 744.359 704.69 694.435 694.491 658.391 638.471 501.465 309.625 298.913 270.791 289.06 265.175 283.593 260.845 275.063 278.953 266.47 269.815 262.912 250.943 248.169 246.518 243.268 0 
0 272.303 276.891 285.706 284.406 288.908 358.684 533.928 687.117 695.699 711.267 738.539 749.619 746.384 756.657 743.784 752.626 748.364 716.594 397.435 264.241 281.259 274.603 281.839 294.428 293.066 283.505 286.219 279.789 277.374 264.504 267.513 270.987 282.673 308.475 520.076 313.914 293.505 545.962 708.937 719.457 719.144 720.135 724.63 676.346 643.667 628.707 538.789 315.405 288.856 274.418 261.568 285.112 267.109 271.783 285.862 254.075 262.673 271.502 263.054 245.233 241.631 243.976 242.55 0 
0 277.981 278.631 283.728 288.23 293.416 360.486 557.735 684.522 692.497 724.844 742.211 737.653 756.622 747.984 748.748 742.479 748.312 695.74 327.788 272.23 274.922 269.978 269.295 297.216 298.79 285.578 292.796 287.306 276.159 268.796 272.548 275.023 279.581 287.655 415.976 280.648 271.228 447.318 678.491 711.152 734.709 760.111 699.851 679.571 667.866 651.628 552.471 313.684 268.928 282.447 269.466 287.342 268.38 283.699 264.749 261.183 270.032 260.445 252.788 253.373 252.73 248.302 240.699 0 
0 290.757 290.223 284.484 285.932 271.981 350.579 566.901 688.991 700.616 721.047 728.246 750.773 753.523 752.673 743.072 747.635 742.039 694.02 299.764 275.287 271.037 272.643 260.295 284.879 299.663 291.933 287.859 285.342 270.186 266.265 275.284 265.025 288.946 295.188 379.692 286.495 273.116 416.641 677.457 697.138 762.576 722.271 720.851 706.495 667.681 641.257 560.848 325.438 280.195 280.182 290.135 259.729 280.314 274.245 255.589 271.092 262.303 250.607 259.175 264.605 261.089 251.813 241.991 0 
0 281.256 282.214 283.857 284.32 292.283 330.802 549.97 693.231 698.62 725.817 733.915 741.956 737.6 758.969 736.881 755.874 741.978 693.968 343.056 269.368 270.639 267.809 263.327 275.092 296.1 297.556 292.743 279.769 274.99 269.934 280.339 277.615 287.41 297.988 377.668 286.835 269.792 399.836 676.783 735.299 726.914 734.204 721.16 678.525 661.294 647.297 577.324 321.531 295.592 270.898 283.38 269.809 273.675 258.523 275.158 270.24 258.392 269.771 269.003 257.236 249.314 247.119 243.492 0 
0 274.594 275.17 286.584 294.186 302.656 295.012 522.719 696.069 699.696 711.398 737.695 747.291 750.542 751.24 746.152 747.617 745.446 702.483 432.79 253.701 283.08 268.402 275.797 265.142 274.595 299.817 297.609 280.425 273.081 284.057 279.097 283.231 284.305 324.049 386.224 281.892 260.481 438.249 704.411 738.157 741.147 725.726 692.093 689.501 672.373 654.737 558.537 310.263 276.17 294.118 261.91 290.664 271.247 278.319 277.737 260.007 261.196 267.163 260.103 251.589 250.842 250.629 246.183 0 
0 281.93 283.726 292.797 295.931 287.524 285.601 477.487 667.928 697.289 709.965 728.657 742.393 752.313 753.427 759.32 730.074 742.52 730.887 542.588 279.017 271.976 267.368 271.266 281.669 266.661 291.709 294.664 293.913 287.847 286.799 278.674 289.974 279.188 386.721 445.428 262.588 267.866 556.24 731.817 710.995 742.665 741.25 711.732 679.085 644.311 632.172 548.184 321.705 281.531 275.434 290.017 270.786 277.565 285.1 258.143 271.331 272.475 263.608 255 254.712 250.743 246.085 239.418 0 
0 0 283.507 287.049 286.337 292.004 292.085 426.19 644.766 705.616 714.506 720.263 733.908 743.887 748.768 760.033 747.39 744.363 741.657 641.073 392.716 248.832 265.174 263.431 273.055 275.874 278.953 268.103 289.797 280.521 292.28 284.559 294.998 290.543 505.956 493.725 311.881 433.358 670.771 732.523 749.6 746.125 711.441 694.796 675.449 656.161 633.703 540.622 307.557 290.292 272.699 288.513 267.656 287.36 269.028 270.332 272.487 265.236 259.283 258.906 256.926 256.408 246.296 0 0 
0 0 287.893 282.439 285.932 289.947 289.243 339.435 615.999 717.968 710.67 723.253 740.478 740.081 750.816 738.608 750.258 735.116 752.022 732.974 552.842 329.137 243.054 267.154 269.443 268.853 280.195 272.04 260.104 260.93 273.315 275.754 271.609 372.149 627.198 569.04 493.3 648.799 739.441 726.65 728.713 736.869 743.764 723.872 695.557 665.017 639.929 496.091 294.222 278.425 292.863 267.032 291.928 264.875 270.709 283.875 269.333 267.692 272.314 270.805 265.987 257.152 249.459 0 0 
0 0 290.149 292.106 298.758 300.536 292.734 301.586 537.708 687.576 698.784 716.145 733.817 747.94 760.498 750.816 757.827 737.061 744.019 752.648 715.501 543.221 340.993 239.519 263 278.855 276.166 289.5 265.917 281.421 274.059 275.071 362.124 556.571 654.552 650.139 648.022 727.551 733.61 745.089 744.112 738.646 731.822 690.621 671.313 643.786 638.016 437.006 281.308 284.671 279.738 293.803 271.791 282.826 282.999 268.067 273.105 277.738 273.667 267.534 260.161 253.37 247.531 0 0 
0 0 289.554 288.703 294.041 295.297 301.231 303.234 422.708 657.12 705.74 716.535 716.346 742.995 734.329 747.139 747.947 747.755 740.962 755.92 741.618 720.806 615.874 454.836 289.09 282.851 277.909 284.254 270.133 282.859 281.517 386.102 576.269 660.342 673.787 684.478 668.506 708.224 701.146 710.527 714.815 725.618 724.392 702.816 684.086 651.561 626.153 402.362 291.786 284.066 283.201 275.69 282.673 286.009 271.847 270.555 279.387 272.369 262.3 258.78 258.981 254.164 248.547 0 0 
0 0 0 294.007 292.916 293.939 304.61 303.755 340.328 581.643 694.812 708.521 717.603 727.488 726.145 753.346 738.878 745.743 728.621 738.836 724.345 719.8 698.808 682.115 612.105 485.537 415.715 395.288 374.272 426.08 539.947 670.192 715.423 694.16 703.091 711.617 706.365 743.207 743.932 754.789 736.233 734.471 726.789 708.081 674.556 666.656 583.088 355.424 286.299 297.536 280.283 287.34 293.188 275.966 285.536 289.049 280.096 272.181 270.637 270.478 267.414 266.357 0 0 0 
0 0 0 289.732 289.222 293.08 293.523 299.948 311.8 450.321 663.613 687.59 709.522 708.231 717.086 730.348 722.091 727.825 720.278 719.349 699.888 691.983 683.51 667.895 662.084 686.853 671.665 637.96 687.543 744.599 753.036 731.144 714.918 711.268 727.038 755.759 750.913 768.343 774.999 775.692 749.869 747.752 733.169 727.712 689.482 683.902 546.911 330.786 315.249 298.769 315.84 302.251 292.535 305.572 299.252 291.317 286.47 286.309 288.359 285.624 275.657 267.504 0 0 0 
0 0 0 0 292.317 291.39 290.346 293.015 307.768 355.479 557.709 685.459 698.065 694.702 713.496 725.168 726.326 740.091 733.513 737.885 734.305 717.267 718.634 722.273 722.844 719.807 761.729 755.809 736.648 698.073 704.832 732.807 738.932 726.628 726.666 742.826 717.913 725.54 745.352 749.739 725.947 720.062 714.962 710.935 681.306 648.1 460.789 302.786 303.272 302.402 298.912 292.491 304.745 297.051 278.947 284.685 289.757 286.627 281.634 273.993 267.311 0 0 0 0 
0 0 0 0 289.624 290.047 287.395 289.416 307.385 329.912 403.73 644.014 695.629 700.243 716.909 715.301 728 737.009 730.545 737.62 739.755 729.399 725.18 712.609 722.089 723.954 740.364 712.062 740.944 730.368 725.646 705.181 697.25 723.609 748.514 759.86 742.792 751.449 748.585 737.851 714.048 695.409 702.558 681.731 676.035 577.063 366.661 297.177 311.323 292.388 294.474 301.162 278.17 281.73 294.21 288.51 284.147 279.289 272.429 266.222 265.389 0 0 0 0 
0 0 0 0 0 294.96 296.442 299.263 304.208 318.322 349.008 471.312 649.591 693.902 700.015 701.486 712.321 726.893 726.654 733.385 736.586 725.287 734.788 726.042 721.284 730.033 747.278 721.993 721.094 715.091 745.117 734.517 726.262 725.089 729.38 736.498 731.664 730.995 728.135 721.833 706.606 686.876 704.127 688.536 657.884 462.698 310.263 298.706 279.53 305.585 289.854 284.625 294.606 294.605 290.175 275.827 269.944 272.184 269.588 268.469 0 0 0 0 0 
0 0 0 0 0 290.583 292.984 296.985 292.35 291.739 332.654 355.261 499.719 663.547 693.251 700.751 707.494 712.65 717.111 729.143 735.71 725.983 726.459 728.088 725.109 731.347 740.342 720.938 726.032 721.308 738.939 715.1 744.65 742.551 741.637 734.324 722.104 712.237 706.03 696.289 674.651 674.692 697.102 687.793 565.463 354.498 297.457 316.089 313.473 290.21 291.335 294.228 285.72 274.869 274.977 280.435 277.394 273.216 267.487 266.578 0 0 0 0 0 
0 0 0 0 0 0 298.298 288.889 290.844 297.23 304.217 335.97 356.104 526.949 650.142 688.314 706.25 705.276 706.133 708.531 725.979 730.754 723.948 721.845 711.115 727.034 738.538 723.528 725.504 720.133 727.301 719.042 744.529 730.933 736.639 736.186 715.751 688.44 666.114 664.671 657.782 676.115 696.554 638.154 412.617 319.86 328.343 309.129 304.139 310.423 308.876 290.404 290.298 286.532 282.779 282.235 278.569 267.319 268.049 0 0 0 0 0 0 
0 0 0 0 0 0 0 299.444 298.858 310.782 297.861 305.31 343.661 364.669 494.007 640.433 690.986 693.359 692.395 694.774 709.126 704.47 708.222 713.442 688.904 717.901 732.268 723.636 712.553 719.156 707.946 719.544 738.326 714.067 711.575 706.724 691.41 674.852 655.843 639.954 642.854 675.83 667.468 504.581 341.968 324.04 294.786 306.553 308.522 288.185 291.727 296.18 298.922 297.415 291.833 286.311 282.88 275.758 0 0 0 0 0 0 0 
0 0 0 0 0 0 0 0 298.867 296.929 300.514 295.559 328.639 363.289 364.72 467.383 587.404 662.616 696.082 681.066 685.944 696.901 696.533 693.244 675.075 706.144 723.263 709.19 695.797 707.457 697.802 711.529 709.536 691.127 692.414 677.031 664.577 646.408 635.211 643.152 662.546 676.002 539.126 326.119 293.735 314.692 310.879 289.493 300.309 300.536 307.923 303.418 291.953 284.081 282.172 276.58 275.792 0 0 0 0 0 0 0 0 
0 0 0 0 0 0 0 0 299.153 293.05 296.81 305.694 312.225 325.616 364.652 378.628 436.592 532.899 594.994 654.45 669.505 667.981 660.119 685.444 658.674 701.55 700.282 679.436 682.46 679.434 685.057 695.863 685.973 672.435 673.787 666.672 658.585 644.293 614.88 626.281 642.105 550.171 371.208 299.1 302.081 299.035 304.96 305.296 302.569 282.337 277.467 278.801 279.388 277.709 277.946 275.593 270.885 0 0 0 0 0 0 0 0 
0 0 0 0 0 0 0 0 0 289.456 290.978 297.562 300.152 290.873 323.742 371.551 382.508 407.942 477.11 526.875 576.321 625.631 642.251 662.374 640.117 708.436 677.36 653.606 669.138 666.976 678.336 681.122 675.034 669.669 655.507 632.169 598.659 592.536 606.975 607.03 516.163 352.746 290.725 280.528 296.107 292.668 285.488 278.131 284.103 284.507 280.543 281.857 280.794 274.968 270.284 266.21 0 0 0 0 0 0 0 0 0 
0 0 0 0 0 0 0 0 0 0 291.011 291.409 289.779 289.17 288.669 305.539 354.776 377.345 401.256 451.384 483.579 518.407 572.349 613.936 609.36 732.824 591.735 622.252 614.347 640.485 647.473 632.681 599.636 569.034 551.051 540.949 545.651 560.397 538.452 431.239 316.748 288.251 280.643 275.869 271.318 278.993 291.306 287.537 285.992 279.308 273.004 270.731 268.818 266.135 258.853 0 0 0 0 0 0 0 0 0 0 
0 0 0 0 0 0 0 0 0 0 0 288.947 275.394 275.099 272.339 269.571 278.235 312.51 348.036 372.712 415.154 470.42 490.887 531.028 582.871 777.939 513.979 527.294 513.29 553.614 521.117 514.694 500.699 500.669 514.418 524.094 513.339 464.478 365.849 290.619 276.109 277.321 277.539 284.826 280.069 281.212 274.343 276.219 278.534 271.941 268.597 260.314 262.972 264.717 0 0 0 0 0 0 0 0 0 0 0 
0 0 0 0 0 0 0 0 0 0 0 0 0 253.356 249.811 254.715 248.625 237.749 239.465 283.354 327.024 381.463 418.088 475.023 547.191 706.411 433.392 463.247 462.178 480.584 473.385 491.886 500.984 505.433 497.411 455.797 374.75 317.936 292.638 292.36 296.848 293.406 290.212 284.321 280.997 286.366 276.474 284.077 283.059 276.938 281.772 268.355 0 0 0 0 0 0 0 0 0 0 0 0 0 
0 0 0 0 0 0 0 0 0 0 0 0 0 0 260.707 254.098 247.351 242.425 238.762 243.061 242.284 292.031 340.797 390.218 503.083 636.345 367.24 378.597 404.537 424.766 450.863 442.689 419.022 386.493 342.804 312.472 289.218 299.152 301.251 299.154 300.024 294.227 286.07 286.37 283.71 284.084 282.969 282.67 280.345 272.798 273.258 0 0 0 0 0 0 0 0 0 0 0 0 0 0 
0 0 0 0 0 0 0 0 0 0 0 0 0 0 0 269.393 263.765 263.294 269.907 269.98 275.229 276.376 293.906 317.614 495.871 591.99 365.997 354.071 337.947 334.917 332.054 308.774 291.225 277.636 275.099 279.438 272.571 273.828 266.773 264.591 272.473 270.083 269.762 268.036 260.213 261.483 263.057 260.944 265.598 257.438 0 0 0 0 0 0 0 0 0 0 0 0 0 0 0 
0 0 0 0 0 0 0 0 0 0 0 0 0 0 0 0 0 255.506 258.719 254.829 269.528 277.68 290.326 309.035 502.039 505.051 315.455 309.904 293.161 292.763 274.436 274.72 271.26 269.977 281.575 279.472 272.165 275.559 278.167 271.227 270.481 270.997 273.746 265.21 263.385 260.479 265.462 260.577 0 0 0 0 0 0 0 0 0 0 0 0 0 0 0 0 0 
0 0 0 0 0 0 0 0 0 0 0 0 0 0 0 0 0 0 0 250.643 262.081 278.554 293.027 303.916 524.21 438.909 272.087 277.568 289.61 287.062 284.322 284.787 279.314 274.495 281.723 279.418 265.05 270.043 272.139 273.603 272.117 264.442 264.087 268.24 266.366 256.604 0 0 0 0 0 0 0 0 0 0 0 0 0 0 0 0 0 0 0 
0 0 0 0 0 0 0 0 0 0 0 0 0 0 0 0 0 0 0 0 0 271.722 285.783 262.756 511.782 370.565 254.733 282.541 278.525 280.362 277.983 271.588 274.588 276.241 279.692 276.88 273.315 269.388 266.843 267.895 269.902 268.015 260.411 264.475 0 0 0 0 0 0 0 0 0 0 0 0 0 0 0 0 0 0 0 0 0 
0 0 0 0 0 0 0 0 0 0 0 0 0 0 0 0 0 0 0 0 0 0 0 0 0 308.236 256.995 256.051 263.032 274.419 271.495 267.788 269.237 273.163 275.193 268.086 269.296 270.641 272.757 265.193 0 0 0 0 0 0 0 0 0 0 0 0 0 0 0 0 0 0 0 0 0 0 0 0 0 
0 0 0 0 0 0 0 0 0 0 0 0 0 0 0 0 0 0 0 0 0 0 0 0 0 0 0 0 0 0 0 0 0 0 0 0 0 0 0 0 0 0 0 0 0 0 0 0 0 0 0 0 0 0 0 0 0 0 0 0 0 0 0 0 0 
