0 0 0 0 0 0 0 0 0 0 0 0 0 0 0 0 0 0 0 0 0 0 0 0 0 0 0 0 0 0 0 0 0 0 0 0 0 0 0 0 0 0 0 0 0 0 0 0 0 0 0 0 0 0 0 0 0 0 0 0 0 0 0 0 0 
0 0 0 0 0 0 0 0 0 0 0 0 0 0 0 0 0 0 0 0 0 0 0 0 0 175.146 181.108 181.869 180.148 189.603 176.604 176.606 175.738 183.374 180.873 174.382 171.379 171.216 170.169 180.467 0 0 0 0 0 0 0 0 0 0 0 0 0 0 0 0 0 0 0 0 0 0 0 0 0 
0 0 0 0 0 0 0 0 0 0 0 0 0 0 0 0 0 0 0 0 0 181.37 177.821 179.593 192.269 183.329 186.045 180.008 190.093 184.525 179.669 180.041 185.934 189.279 179.716 176.621 179.061 180.19 178.448 176.567 165.484 170.59 171.909 164.101 0 0 0 0 0 0 0 0 0 0 0 0 0 0 0 0 0 0 0 0 0 
0 0 0 0 0 0 0 0 0 0 0 0 0 0 0 0 0 0 0 177.119 191.286 190.12 187.023 190.416 193.985 187.096 187.409 191.114 192.751 180.982 186.415 189.957 192.808 189.051 181.293 186.7 188.386 184.121 178.693 177.296 174.067 179.847 179.775 166.073 162.706 161.169 0 0 0 0 0 0 0 0 0 0 0 0 0 0 0 0 0 0 0 
0 0 0 0 0 0 0 0 0 0 0 0 0 0 0 0 0 179.292 191.944 189.125 192.963 189.62 189.906 201.886 189.122 192.275 192.679 197.131 186.575 181.927 193.576 192.633 190.935 188.159 189.906 196.493 188.84 181.347 182.025 186.22 183.55 188.805 178.025 163.441 173.291 171.684 165.417 168.763 0 0 0 0 0 0 0 0 0 0 0 0 0 0 0 0 0 
0 0 0 0 0 0 0 0 0 0 0 0 0 0 0 187.597 195.801 185.63 194.772 193.712 194.97 194.542 196.419 196.7 189.033 199.266 197.995 196.771 186.902 194.637 200.748 191.147 193.85 195.56 198.797 192.788 186.018 180.202 190.218 190.652 187.098 187.024 171.975 179.613 182.307 173.159 174.047 168.763 151.176 156.462 0 0 0 0 0 0 0 0 0 0 0 0 0 0 0 
0 0 0 0 0 0 0 0 0 0 0 0 0 0 190.805 199.095 195.854 190.361 201.601 192.627 192.986 199.942 202.408 191.936 197.159 204.79 195.76 196.017 192.363 197.119 194.848 191.154 199.629 198.259 195.093 196.967 194.374 185.938 195.716 189.286 186.879 188.957 183.965 188.134 183.816 178.108 175.714 163.447 164.849 166.912 161.926 0 0 0 0 0 0 0 0 0 0 0 0 0 0 
0 0 0 0 0 0 0 0 0 0 0 0 0 188.393 197.327 200.334 198.78 195.182 206.308 190.621 195.66 203.69 198.347 195.182 207.593 196.958 192.646 203.865 200.025 191.808 199.934 203.467 194.635 191.994 197.281 203.734 194.619 187.844 195.433 196.481 191.878 197.228 185.821 187.552 185.579 172.51 182.024 174.024 178.61 171.794 165.789 162.002 0 0 0 0 0 0 0 0 0 0 0 0 0 
0 0 0 0 0 0 0 0 0 0 0 194.115 195.95 185.021 203.068 199.661 196.938 206.87 203.594 189.655 210.809 197.544 195.55 207.531 202.598 189.503 208.105 201.688 190.062 194.81 212.35 195.689 189.114 205.709 214.748 194.6 190.016 191.218 207.336 199.407 192.051 192.01 186.186 190.874 183.21 185.211 188.037 179.541 179.9 175.397 165.625 163.952 155.144 147.633 0 0 0 0 0 0 0 0 0 0 0 
0 0 0 0 0 0 0 0 0 0 191.01 198.896 198.102 192.488 202.887 198.648 197.137 212.983 194.103 200.11 211.997 191.483 206.978 202.548 194.728 209.357 202.607 186.664 203.408 209.603 199.897 187.928 207.457 213.256 196.073 194.287 196.047 205.825 207.801 191.786 191.659 189.768 197.891 198.645 189.244 190.683 184.125 184.501 179.912 169.124 171.771 171.877 165.871 164.021 155.123 0 0 0 0 0 0 0 0 0 0 
0 0 0 0 0 0 0 0 0 186.872 207.269 200.781 197.571 199.109 200.869 198.105 205.204 207.773 193.115 215.977 198.803 203.172 215.812 185.913 206.065 208.337 189.597 205.475 209.601 194.294 196.197 211.129 209.298 189.864 196.594 211.656 206.871 191.917 189.744 198.166 199.615 202.627 197.142 192.437 182.911 190.427 190.011 188.975 176.785 178.368 188.131 177.484 169.867 162.088 157.507 150.113 0 0 0 0 0 0 0 0 0 
0 0 0 0 0 0 0 0 187.767 193.037 205.163 202.927 196.674 208.579 200.615 200.476 209.872 194.363 208.247 209.745 200.284 217.197 198.915 205.444 207.566 200.263 205.359 200.942 202.728 203.024 202.999 207.506 202.161 203.977 210.635 204.383 186.51 196.823 206.4 208.347 197.815 191.457 192.412 189.169 192.462 195.266 194.85 188.608 186.866 183.076 180.32 176.6 168.662 164.476 159.816 154.695 144.335 0 0 0 0 0 0 0 0 
0 0 0 0 0 0 0 0 196.195 204.809 205.735 197.821 202.088 208.734 195.932 215.739 204.78 199.205 212.32 196.649 220.077 205.453 204.339 205.192 196.994 214.605 192.973 198.635 217.948 190.705 200.731 218.325 202.838 199.59 201.447 208.295 197.902 212.545 204.06 193.077 184.495 201.864 208.173 206.54 197.461 188.391 193.923 189.929 177.796 187.206 181.394 176.756 171.341 171.156 169 164.133 163.453 0 0 0 0 0 0 0 0 
0 0 0 0 0 0 0 202.028 192.256 201.758 215.819 198.605 204.453 203.354 198.835 218.228 197.262 219.868 195.208 207.496 202.188 213.861 201.136 206.982 218.707 186.897 211.6 208.05 186.798 213.201 216.73 191.162 190.674 221.203 215.568 194.796 192.384 197.704 200.945 198.459 209.897 218.912 204.811 186.614 178.113 191.174 199.605 184.987 190.449 187.481 184.696 185.642 183.894 178.596 175.052 170.854 157.612 149.808 0 0 0 0 0 0 0 
0 0 0 0 0 0 200.266 200.431 197.785 204.643 205.874 201.353 220.246 195.264 212.514 205.717 204.629 213.581 209.359 197.637 215.856 204.042 205.16 214.353 204.399 211.068 210.809 199.233 196.246 209.554 199.091 204.866 215.621 202.673 185.839 203.44 218.846 211.57 203.516 195.975 198.275 197.101 189.319 186.793 199.086 208.448 208.535 188.368 190.189 189.402 194.088 180.669 179 172.228 176.172 165.881 159.25 154.185 149.908 0 0 0 0 0 0 
0 0 0 0 0 194.691 203.793 203.195 194.404 210.904 202.717 200.619 210.867 201.847 223.247 204.363 211.735 212.805 203.599 209.48 220.078 192.904 210.071 214.244 207.39 208.734 220.151 188.232 199.006 216.207 194.966 195.415 206.604 209.781 212.746 200.368 191.407 193.638 205.747 198.331 204.84 203.942 205.976 202.446 209.1 202.056 181.36 181.314 195.5 191.229 188.572 181.6 174.021 179.919 176.554 166.067 164.891 162.263 156.169 150.051 0 0 0 0 0 
0 0 0 0 0 199.914 202.866 208.83 201.401 215.93 203.544 217 197.139 208.841 204.365 226.865 204.789 225.498 198.664 222.646 208.113 193.76 218.885 214.114 198.536 204.006 203.217 205.584 202.829 187.783 208.874 208.615 185.231 197.854 206.863 196.178 214.666 224.279 205.683 184.658 194.658 202.257 190.804 185.084 186.523 191.235 183.76 191.282 195.305 194.961 187.407 179.957 182.373 187.439 176.946 174.582 170.642 169.756 160.609 146.602 0 0 0 0 0 
0 0 0 0 199.153 214.551 208.007 195.949 202.912 212.571 199.221 225.6 193.728 221.462 204.875 211.384 221.095 223.39 204.492 220.155 212.634 209.321 212.456 197.689 214.734 213.467 196.95 215.38 199.457 186.537 203.573 186.637 198.471 212.618 185.335 178.293 199.281 195.419 179.852 187.261 210.209 210.666 186.164 192.563 201.878 203.62 197.995 197.286 187.062 190.134 173.84 179.705 188.725 180.521 172.51 168.303 166.14 164.482 152.412 145.36 144.313 0 0 0 0 
0 0 0 0 198.848 203.647 219.04 208.207 216.753 210.856 208.74 216.42 220.967 218.712 223.278 217.383 229.945 232.542 233.54 242.986 236.843 238.903 255.266 236.33 260.476 228.999 217.079 191.054 163.206 180.317 169.754 183.716 187.358 187.752 190.145 194.22 196.165 190.116 181.259 190.154 187.577 179.614 180.14 189.812 186.047 177.613 168.983 176.76 181.779 174.364 175.141 183.835 181.397 165.417 164.087 167.998 167.13 160.501 152.147 146.849 141.433 0 0 0 0 
0 0 0 200.138 206.693 208.323 212.688 198.743 227.508 208.624 228.481 198.148 214.1 221.771 218.428 225.362 237.791 224.92 269.06 323.822 365.731 433.652 463.568 484.135 494.822 479.908 487.634 419.086 379.615 280.225 227.646 202.204 178.658 213.808 200.487 176.12 202.145 207.333 187.578 190.718 190.914 187.693 194.905 187.475 182.065 185.355 194.303 196.773 193.874 188.946 187.715 191.341 181.211 176.396 182.697 183.824 176.158 168.207 163.203 159.808 154.838 146.935 0 0 0 
0 0 0 208.65 206.081 211.348 217.094 190.424 220.95 200.379 228.662 217.83 208.726 220.691 204.474 241.926 318.815 411.158 497.417 562.637 570.502 616.233 597.957 619.837 593.268 614.979 600.391 611.761 589.314 563.526 487.102 371.477 278.671 220.12 206.405 224.169 230.357 201.298 204.482 225.068 221.589 220.446 227.265 217.956 219.406 226.122 221.574 210.745 209.207 201.062 208.266 202.492 189.536 193.944 198.481 193.76 187.114 181.934 179.105 176.303 166.096 153.419 0 0 0 
0 0 211.136 218.481 212.471 215.049 222.55 196.444 225.196 202.66 209.133 223.002 207.115 243.387 312.17 451.245 554.45 593.213 607.882 622.469 622.249 625.294 620.389 635.935 638.723 630.499 619.786 626.56 624.515 608.575 597.227 590.907 504.779 377.888 257.408 207.871 232.021 223.173 243.007 225.497 199.76 213.061 218.011 198.205 206 219.285 200.948 203.918 210.435 210.408 211.547 205.571 209.681 211.408 207.893 201.295 185.885 186.504 186.634 183.132 173.512 167.261 160.964 0 0 
0 0 208.239 208.827 206.238 217.186 229.859 206.205 221.846 217.94 219.322 225.382 260.521 430.234 541.474 604.284 623.414 614.611 630.695 625.243 651.139 632.853 655.051 634.074 659.771 647.861 649.258 645.883 650.892 642.031 630.038 612.632 622.234 593.149 450.433 310.951 243.669 206.458 219.326 206.243 204.38 240.98 228.556 207.296 227.346 215.217 200.01 216.085 217.436 207.835 207.346 209.962 207.149 206.423 204.722 192.413 195.283 201.202 194.025 185.369 176.008 171.661 166.608 0 0 
0 0 212.627 211.457 207.022 214.168 218.73 212.326 209.604 219.747 223.732 312.489 464.702 602.906 593.657 625.046 649.846 628.354 650.899 637.372 654.448 638.441 651.818 653.951 643.398 652.268 662.647 656.718 654.008 654.547 643.853 641.392 629.78 636.898 596.342 522.076 330.218 226.014 250.324 239.495 215.498 225.388 204.929 210.585 246.387 227.104 223.431 241.468 216.269 202.597 214.727 212.538 200.591 196.194 189.417 197.544 202.83 196.829 188 185.023 182.09 177.347 173.328 0 0 
0 0 216.17 209.974 207.306 220.738 215.662 223.964 206.22 213.212 318.13 512.018 599.478 631.007 622.968 634.509 656.431 635.128 666.205 640.77 643.817 650.406 628.395 613.602 606.552 608.756 633.428 652.851 641.681 651.758 651.412 646.268 644.964 653.186 614.018 644.677 534.645 333.212 242.963 225.255 207.92 249.122 238.432 221.978 223.887 190.805 211.978 216.368 197.791 220.325 224.404 211.945 214.089 214.235 210.752 209.541 209.308 199.3 187.327 184.857 185.767 180.573 168.864 0 0 
0 204.702 213.314 214.801 206.823 225.988 214.325 242.511 213.785 302.594 515.532 608.367 610.628 645.596 646.58 644.426 666.924 641.031 653.978 640.81 630.538 617.709 605.859 589.021 596.663 603.898 619.266 607.114 610.578 621.778 639.841 653.971 646.74 675.866 637.624 643.45 616.429 557.583 327.152 258.072 228.938 202.529 210.113 220.489 239.155 226.292 239.926 207.721 209.759 231.841 211.853 205.603 210.887 217.723 211.368 206.337 201.233 193.345 195.293 192.569 188.884 177.961 169.184 162.055 0 
0 213.011 212.053 217.084 201.714 223.618 202.323 231.648 255.017 474.085 600.001 625.692 635.405 647.618 655.053 642.729 656.584 626.582 622.317 621.272 632.156 630.362 632.257 628.961 635.749 631.879 635.383 644.016 633.535 622.797 611.708 636.963 659.691 681.88 660.722 657.926 619.559 611.455 474.179 322.428 196.95 263.556 256.862 210.138 228.91 221.536 235.12 215.846 234.959 223.656 197.768 206.449 220.695 204.949 206.698 207.602 204.257 202.066 202.77 196.688 190.37 180.919 178.383 177.054 0 
0 206.804 212.333 223.326 203.178 223.801 206.093 252.628 417.62 581.855 623.705 640.66 648.423 646.139 663.692 626.828 628.668 618.029 620.627 641.562 641.694 630.584 641.335 641.018 628.261 615.562 617.389 633.47 651.374 657.355 631.705 591.208 638.608 681.473 678.127 676.532 679.972 641.622 610.84 434.924 276.976 185.454 228.736 226.77 234.082 201.239 219.3 217.352 236.489 215.034 222.733 239.177 224.804 215.197 215.747 219.206 215.834 212.569 209.788 197.88 193.57 191.698 187.833 180.024 0 
0 213.541 205.919 219.752 204.382 224.325 210.521 339.826 559.491 594.882 626.962 649.377 646.765 646.422 637.387 599.095 626.471 635.968 618.266 619.882 598.962 599.859 609.523 603.602 618.162 628.25 639.79 643.047 666.113 664.378 669.968 637.381 629.878 665.252 703.017 671.693 699.185 650.518 678.816 526.668 425.123 226.201 254.085 242.074 248.346 247.395 246.292 228.334 224.894 216.818 241.287 223.051 213.523 223.09 221.126 211.938 211.102 203.339 202.033 196.879 200.378 200.567 192.032 181.355 0 
0 209.567 209.658 221.728 199.681 223.863 241.333 462.953 615.036 610.966 635.224 654.647 647.263 639.714 629.628 609.704 637.808 622.107 616.928 616.74 573.815 506.04 431.765 374.579 364.502 369.653 429.221 504.641 585.746 647.451 683.215 641.342 649.897 630.73 680.139 671.404 683.513 661.823 654.726 631.753 477.473 264.854 262.052 211.914 218.996 249.874 230.81 240.091 226.025 234.783 232.506 202.459 224.045 231.681 213.883 209.485 211.502 206.649 206.563 203.45 198.453 190.112 176.751 172.957 0 
0 210.501 206.907 215.253 202.502 212.782 321.789 559.19 627.094 637.966 644.718 669.891 647.489 617.949 656.252 633.196 646.017 638.831 633.773 509.984 348.906 255.272 222.201 202.527 202.525 194.763 200.647 228.497 315.673 473.649 628.052 630.431 625.051 645.953 618.191 679.324 654.928 684.429 640.049 625.99 536.05 333.357 219.826 238.979 190.399 215.231 192.164 227.734 205.182 217.216 200.354 207.803 216.308 202.574 195.069 204.881 209.687 202.21 200.53 194.191 186.342 179.979 174.929 170.421 0 
0 202.178 201.301 217.097 212.898 232.459 426.6 600.294 628.98 646.494 629.521 664.234 618.995 596.053 653.522 618.938 637.269 621.891 432.684 241.568 191.308 198.058 200.348 201.595 196.89 193.501 194.004 186.285 192.247 224.93 379.532 648.7 634.68 705.063 627.253 647.901 663.382 638.294 657.303 634.469 620.223 413.402 252.932 252.026 213.64 224.89 217.44 214.41 204.664 216.292 211.653 220.21 194.684 193.005 203.696 205.963 195.898 194.532 191 184.368 182.022 183.504 177.689 174.173 0 
0 216.559 206.21 204.325 214.005 265.934 512.787 599.532 627.293 663.668 627.542 661.601 597.585 615.66 662.716 626.006 642.87 449.141 218.411 195.175 200.571 200.295 193.75 191.863 191.447 190.177 184.283 178.464 183.062 177.614 158.879 407.884 660.162 759.051 689.106 611.072 686.362 690.722 660.439 650.298 613.798 512.133 265.781 218.213 240.913 212.702 234.681 210.781 234.615 212.067 223.984 218.761 206.938 218.898 213.14 198.911 192.396 193.469 192.8 195.607 191.542 187.975 183.204 174.705 0 
0 202.735 204.465 198.825 228.658 316.794 565.62 607 632.235 673.286 625.899 651.552 602.129 642.292 662.409 627.5 558.866 267.15 203.169 206.108 202.408 203.3 196.855 198.381 199.429 198.654 191.507 186.618 191.7 193.767 175.897 221.227 648.552 650.364 665.155 661.982 651.183 666.371 671.63 643.217 637.504 579.985 311.984 244.165 216.169 209.948 222.544 211.526 206.89 205.813 215.244 205.726 225.569 221.552 195.285 190.178 200.32 202.557 194.217 192.916 193.208 188.142 173.896 167.988 0 
0 212.1 215.084 196.945 236.079 367.845 593.192 610.506 631.81 668.925 642.306 624.686 614.682 639.941 641.345 632.002 422.728 206.32 210.451 198.053 199.965 207.829 199.255 198.999 201.247 202.245 196.722 199.797 197.106 199.717 203.131 196.958 471.821 692.824 620.22 610.19 643.744 678.867 667.937 652.287 610.499 581.336 371.504 221.377 240.339 235.512 199.945 228.359 197.305 217.086 206.491 214.677 200.65 185.753 199.634 216.804 209.537 200.145 195.29 195.257 183.591 174.468 170.971 173.544 0 
0 201.236 208.959 200.693 239.694 401.955 605.697 625.422 631.484 654.634 660.021 575.485 615.57 639.028 630.498 620.916 318.679 205.606 206.449 203.585 202.366 205.935 201.693 200.045 204.786 203.847 204.294 200.144 191.546 199.686 200.043 206.107 381.043 652.611 659.603 616.348 605.259 645.614 657.303 669.012 640.746 606.046 393.281 224.548 212.811 208.103 232.276 212.771 228.413 207.394 201.824 204.464 194.088 216.031 222.882 202.666 194.778 195.459 189.457 183.867 179.539 186.059 180.823 181.743 0 
0 212.063 212.188 204.263 234.627 428.522 604.477 633.341 650.665 645.359 669.538 555.033 621.037 646.204 626.602 605.15 258.371 210.693 201.528 201.779 196.859 204.853 206.62 201.933 202.367 204.919 199.724 199.507 199.994 199.718 196.778 207.634 362.813 617.266 652.086 632.691 610.646 644.831 642.113 645.607 635.301 618.025 451.074 220.335 221.523 214.358 218.357 211.307 216.403 206.696 223.818 209.389 222.004 214.552 194.029 190.07 197.596 201.187 194.204 191.26 189.844 184.942 179.749 174.983 0 
0 211.063 212.859 212.182 225.14 460.185 605.611 611.235 652.948 655.468 668.884 552.218 626.109 648.962 630.852 587.475 259.061 211.411 209.317 204.561 202.945 206.34 202.96 208.213 202.526 206.758 200.961 206.606 203.144 203.93 204.683 206.194 364.641 604.45 636.01 648.414 614.151 634.745 654.205 634.033 633.449 608.925 442.066 242.366 227.306 208.081 203.545 218.866 207.444 232.056 211.283 212.171 212.446 190.311 191.668 205.668 209.038 201.085 194.846 195.294 196.065 185.755 175.393 172.829 0 
0 215.626 209.003 220.664 212.795 468.793 605.973 619.523 636.412 647.43 659.482 575.225 615.101 645.407 638.059 583.155 299.858 203.325 210.461 205.071 206.28 208.425 199.536 205.773 205.881 209.473 205.288 209.939 205.556 205.139 210.241 211.596 409.969 600.714 624.81 640.978 614.842 641.908 651.679 638.848 613.299 606.651 451.302 211.132 212.487 239.269 233.728 200.019 221.17 201.962 216.783 204.987 188.186 208.049 215.908 208.582 202.715 201.184 195.913 193.066 188.259 180.121 180.301 178.776 0 
0 227.945 218.115 219.601 201.369 429.235 607.686 639.884 643.222 641.291 661.185 585.241 598.559 642.624 634.272 604.102 356.944 197.538 211.07 199.917 200.569 201.875 205.891 205.795 208.614 205.322 205.132 208.002 205.77 201.303 207.904 219.869 480.969 601.959 627.436 628.329 616.229 652.08 653.087 658.268 614.851 590.582 422.734 244.918 220.894 206.649 205.763 225.285 201.236 213.533 210.693 212.024 229.896 214.439 192.779 187.836 198.606 201.215 195.121 185.517 185.124 179.896 178.614 179.866 0 
0 0 216.74 218.037 217.516 388.302 592.164 618.062 645.295 641.141 648.99 604.623 559.898 648.881 638.492 633.701 437.784 230.953 206.004 207.118 206.865 205.141 202.636 202.915 205.298 206.417 202.461 204.794 206.407 207.719 208.657 278.04 574.535 608.803 622.88 615.766 618.808 657.383 647.205 654.099 631.688 596.931 363.362 205.764 215.341 223.38 219.881 201.835 226.94 219.175 207.189 215.653 196.519 193.358 197.336 203.951 200.363 190.465 187.96 189.596 191.151 189.979 189.061 0 0 
0 0 211.324 218.737 228.08 318.688 592.588 614.291 640.344 653.714 652.623 623.809 561.905 629.714 640.559 645.174 545.707 307.42 203.698 208.832 200.918 201.719 202.253 205.058 199.808 205.461 208.716 204.132 203.323 203.139 215.646 424.186 632.038 606.245 622.446 602.641 630.309 661.644 654.822 649.679 613.994 566.201 330.002 230.963 223.485 209.309 205.276 219.035 201.396 202.866 220.599 197.696 198.493 213.594 216.259 208.426 199.661 194.227 193.439 193.225 187.799 179.411 176.31 0 0 
0 0 220.056 214.225 221.701 271.098 542.011 612.823 629.753 645.233 662.721 644.365 584.716 616.725 649.719 645.263 637.709 455.168 267.546 201.344 208.154 206.883 201.411 207.393 202.158 203.696 201.886 208.412 210.84 209.793 333.759 578.125 628.254 613.71 618.42 597.019 649.723 668.912 656.933 640.368 607.496 531.891 273.14 200.903 204.38 216.018 223.76 206.137 219.239 217.403 204.412 214.333 226.621 208.197 197.151 197.049 203.796 207.763 196.985 190.041 177.618 177.263 174.718 0 0 
0 0 225.513 215.007 225.824 234.538 447.652 619.082 627.281 645.895 642.912 658.901 622.404 588.157 642.675 645.632 652.076 617.305 453.786 267.899 202.71 211.551 212.317 208.856 205.181 207.305 207.583 212.071 206.397 321.562 541.858 636.104 632.927 631.24 597.991 615.465 661.944 645.862 629.824 603.178 605.837 472.405 258.137 234.014 218.153 207.287 206.701 225.364 207.635 204.399 215.545 202.552 189.888 189.212 205.02 207.52 196.282 190.804 187.928 187.204 184.191 184.983 184.109 0 0 
0 0 0 213.026 216.118 235.321 335.392 588.288 613.663 642.686 648.169 652.944 657.309 606.245 617.751 639.245 647.014 636.284 624.023 531.243 366.127 254.719 224.685 211.438 212.544 209.035 201.078 230.831 365.708 555.11 636.59 635.588 639.951 601.893 568.484 629.468 642.22 638.706 631.137 603.467 583.502 365.433 206.557 207.818 211.622 197.883 208.045 195.297 205.264 215.59 196.199 200.992 216.278 219.301 214.845 206.962 204.433 197.386 197.247 195.955 194.049 190.45 0 0 0 
0 0 0 222.569 204.869 222.663 264.76 494.709 615.315 626.103 642.968 643.491 663.996 626.215 613.894 600.7 640.979 611.472 620.031 606.712 595.545 511.172 411.766 361.535 333.412 331.179 402.441 524.179 634.26 659.575 659.256 663.094 639.598 583.601 610.383 657.196 653.847 666.206 657.043 636.363 534.586 293.38 241.944 234.767 231.6 222.231 218.5 232.881 222.963 211.945 224.128 232.219 223.325 211.688 209.12 205.921 206.225 209.766 208.796 196.592 194.467 195.962 0 0 0 
0 0 0 0 221.306 207.904 222.409 343.009 571.998 603.47 625.43 631.142 647.479 643.322 633.195 597.019 609.455 619.476 613.579 611.767 588.215 606.13 597.192 585.113 617.3 654.865 686.566 703.641 687.652 679.458 684.655 665.766 602.886 610.139 660.72 674.264 682.58 673.654 647.233 610.977 412.758 260.719 253.714 244.388 249.772 255.152 239.25 223.227 235.417 239.938 226.889 214.288 215.879 222.17 226.017 225.238 216.043 209.59 205.955 205.908 204.204 0 0 0 0 
0 0 0 0 226.482 219.8 216.482 259.058 462.385 614.385 625.942 641.695 646.326 649.021 635.924 655.377 622.008 608.4 629.555 643.134 644.163 630.792 650.489 671.671 646.205 668.059 654.255 638.026 666.443 671.055 636.342 582.037 606.674 677.42 688.043 682.924 666.896 636.413 615.318 508.53 285.503 232.571 231.162 224.125 232.011 212.724 227.804 233.42 216.991 212.928 219.721 230.73 230.851 223.271 219.568 211.044 213.561 214.676 205.879 204.607 206.405 0 0 0 0 
0 0 0 0 0 215.664 215.652 221.622 302.939 521.304 619.925 614.632 646.265 656.19 645.797 656.903 680.025 624.865 604.515 608.509 619.69 633.407 636.029 654.534 666.325 644.643 641.641 667.371 641.929 602.721 597.167 642.144 678.806 668.006 640.284 640.554 633.607 627.314 573.548 365.308 242.385 242.668 246.778 232.716 237.473 234.503 212.844 210.321 220.856 229.886 221.976 212.311 205.903 201.499 202.554 206.49 206.65 202.409 203.885 203.915 0 0 0 0 0 
0 0 0 0 0 228.946 218.725 216.881 243.372 330.289 569.023 610.504 622.09 649.635 646.459 637.581 668.244 677.364 652.376 627.41 626.84 630.286 609.109 609.656 625.326 646.485 616.233 584.078 584.643 637.746 666.354 650.976 655.653 667.508 662.192 653.799 622.729 586.901 411.347 251.047 230.435 224.576 233.627 230.621 214.839 221.867 225.311 227.974 219.717 209.592 207.25 208.621 213.26 212.148 206.629 205.7 200.375 193.668 193.925 194.619 0 0 0 0 0 
0 0 0 0 0 0 229.273 208.606 222.362 237.265 361.162 568.907 599.975 628.533 638.189 630.477 646.849 653.225 658.548 648.949 642.776 666.29 641.639 627.259 621.684 615.817 634.893 656.297 655.437 657.834 671.724 670.996 672.833 654.94 624.802 622.616 605.213 465.444 284.292 238.786 231.457 224.885 214.325 228.006 228.345 218.648 213.217 210.609 218.791 226.981 230.351 225.738 218.674 211.239 210.134 204.153 199.154 199.28 198.598 0 0 0 0 0 0 
0 0 0 0 0 0 0 208.593 216.868 219.758 225.891 356.133 553.054 614.428 626.177 621.446 639.276 652.597 650.083 669.822 657.644 644.682 666.332 661.069 662.243 666.795 673.109 672.006 683.715 672.053 666.386 658.016 660.569 648.191 631.322 601.241 456.281 283.968 234.708 239.316 244.335 236.858 231.41 212.729 224.334 225.026 229.018 228.08 222.899 216.624 210.116 204.576 206.852 207.562 205.35 205.57 203.346 203.645 0 0 0 0 0 0 0 
0 0 0 0 0 0 0 0 216.397 217.991 236.276 233.908 313.159 490.025 586.611 610.119 623.353 630.342 634.336 637.695 654.578 662.841 652.655 661.823 667.207 655.932 658.886 660.834 665.523 653.916 656.714 639.872 626.928 630.923 581.69 430.314 262.429 220.715 213.868 210.327 208.487 219.224 233.004 233.691 227.849 223.717 211.77 209.614 209.531 209.245 212.706 215.388 212.949 211.825 208.294 205.8 207.143 0 0 0 0 0 0 0 0 
0 0 0 0 0 0 0 0 229.948 216.941 221.793 226.669 200.03 266.278 419.459 511.8 598.234 619.901 606.313 621.05 625.099 647.394 641.545 640.604 651.063 653.016 654.422 642.209 640.183 630.465 629.122 628.135 595.65 510.939 355.967 244.184 228.991 236.925 231.285 222.95 213.737 197.74 200.328 206.684 217.7 226.017 228.595 223.241 225.345 223.912 207.849 206.154 206.173 200.597 201.113 199.617 196.107 0 0 0 0 0 0 0 0 
0 0 0 0 0 0 0 0 0 223.977 216.625 211.915 219.782 216.386 244.17 304.324 387.048 506.834 566.168 601.196 606.994 615.911 628.89 628.764 613.945 627.336 623.966 626.098 616.971 601.222 590.999 539.058 419.498 288.824 226.448 219.586 212.298 217.268 225.319 233.464 238.175 234.773 226.341 215.623 210.685 211.56 208.394 202.496 195.158 201.263 204.927 205.008 203.489 198.208 197.723 201.288 0 0 0 0 0 0 0 0 0 
0 0 0 0 0 0 0 0 0 0 234.604 225.048 215.562 230.5 218.353 223.269 249.53 253.852 320.249 402.201 450.335 501.025 528.037 558.068 559.464 564.26 562.275 561.643 523.356 462.37 374.668 255.352 209.799 206.939 213.732 210.996 192.631 191.098 190.761 194.917 195.732 204.543 208.431 211.178 207.235 210.812 210.158 212.151 206.465 199.401 197.356 194.259 191.288 195.399 193.89 0 0 0 0 0 0 0 0 0 0 
0 0 0 0 0 0 0 0 0 0 0 234.561 222.734 248.712 247.877 232.782 239.451 283.708 258.169 271.042 304.068 310.411 322.929 345.625 356.455 333.956 301.185 277.169 218.749 184.766 179.819 171.434 185.857 181.628 184.137 193.997 193.096 187.404 190.409 194.413 182.295 177.982 182.354 181.085 183.346 179.417 175.064 172.067 172.931 176.216 177.913 177.26 178.07 174.933 0 0 0 0 0 0 0 0 0 0 0 
0 0 0 0 0 0 0 0 0 0 0 0 0 226.266 213.42 232.832 219.789 220.704 241.901 233.076 219.516 238.239 240.577 203.566 206.585 212.138 193.422 169.968 164.534 195.791 192.462 193.013 199.317 177.415 167.727 165.081 176.199 170.133 175.14 180.834 184.006 191.454 191.412 185.462 186.745 189.837 192.397 190.048 183.223 178.221 179.552 181.169 0 0 0 0 0 0 0 0 0 0 0 0 0 
0 0 0 0 0 0 0 0 0 0 0 0 0 0 220.758 221.046 219.33 217.594 215.04 224.914 230.144 209.496 199.471 227.92 219.786 200.474 198.534 206.552 205.968 220.366 190.597 182.384 190.696 198.296 213.361 205.733 202.617 207.091 211.927 194.425 191.111 182.427 188.826 187.438 190.996 188.425 185.329 184.166 188.205 190.974 190.085 0 0 0 0 0 0 0 0 0 0 0 0 0 0 
0 0 0 0 0 0 0 0 0 0 0 0 0 0 0 221.974 214.962 220.856 214.417 210.242 217.317 223.178 210.358 203.339 198.195 211.871 225.836 202.39 191.471 198.128 204.496 214.872 212.986 198.879 190.824 189.854 193.107 189.957 194.137 194.315 203.085 209.187 203.412 196.943 197.721 194.551 195.691 196.47 191.922 189.977 0 0 0 0 0 0 0 0 0 0 0 0 0 0 0 
0 0 0 0 0 0 0 0 0 0 0 0 0 0 0 0 0 223.315 207.657 212.642 210.752 205.353 218.401 216.987 200.307 192.041 204.719 211.966 222.026 201.846 185.592 191.843 201.808 210.572 206.309 209.873 204.332 201.436 202.498 190.716 190.654 193.65 195.247 193.601 194.47 202.622 204.975 203.449 0 0 0 0 0 0 0 0 0 0 0 0 0 0 0 0 0 
0 0 0 0 0 0 0 0 0 0 0 0 0 0 0 0 0 0 0 215.48 206.55 199.57 214.641 217.889 207.702 210.347 197.9 197.195 207.528 211.609 210.972 200.707 197.432 199.107 193.626 199.525 205.238 206.679 208.042 207.246 195.54 198.347 198.883 196.399 192.169 192.305 0 0 0 0 0 0 0 0 0 0 0 0 0 0 0 0 0 0 0 
0 0 0 0 0 0 0 0 0 0 0 0 0 0 0 0 0 0 0 0 0 210.118 205.898 207.056 214.127 213.879 201.3 211.586 208.6 200.79 210.361 211.604 209.251 207.89 202.481 198.867 196.708 198.983 198.385 206.128 208.828 210.812 205.944 200.949 0 0 0 0 0 0 0 0 0 0 0 0 0 0 0 0 0 0 0 0 0 
0 0 0 0 0 0 0 0 0 0 0 0 0 0 0 0 0 0 0 0 0 0 0 0 0 205.485 208.911 202.221 214.005 201.983 202.957 202.58 203.005 209.004 207.628 202.8 202.754 203.576 200.047 200.07 0 0 0 0 0 0 0 0 0 0 0 0 0 0 0 0 0 0 0 0 0 0 0 0 0 
0 0 0 0 0 0 0 0 0 0 0 0 0 0 0 0 0 0 0 0 0 0 0 0 0 0 0 0 0 0 0 0 0 0 0 0 0 0 0 0 0 0 0 0 0 0 0 0 0 0 0 0 0 0 0 0 0 0 0 0 0 0 0 0 0 
