0 0 0 0 0 0 0 0 0 0 0 0 0 0 0 0 0 0 0 0 0 0 0 0 0 0 0 0 0 0 0 0 0 0 0 0 0 0 0 0 0 0 0 0 0 0 0 0 0 0 0 0 0 0 0 0 0 0 0 0 0 0 0 0 0 
0 0 0 0 0 0 0 0 0 0 0 0 0 0 0 0 0 0 0 0 0 0 0 0 0 142.652 144.377 143.009 153.215 136.244 148.014 140.105 140.985 150.481 141.213 146.147 139.024 137.806 136.859 132.867 0 0 0 0 0 0 0 0 0 0 0 0 0 0 0 0 0 0 0 0 0 0 0 0 0 
0 0 0 0 0 0 0 0 0 0 0 0 0 0 0 0 0 0 0 0 0 145.996 137.893 159.34 145.214 146.002 146.188 142.598 150.307 138.322 150.284 140.607 147.296 152.599 142.638 149.657 140.031 145.18 141.773 137.332 140.039 133.455 146.972 128.641 0 0 0 0 0 0 0 0 0 0 0 0 0 0 0 0 0 0 0 0 0 
0 0 0 0 0 0 0 0 0 0 0 0 0 0 0 0 0 0 0 144.979 149.097 151.358 139.247 153.694 148.048 144.138 150.807 150.531 150.128 138.523 152.114 141.552 151.596 150.589 145.84 147.08 145.454 151.186 140.868 142.522 138.416 145.29 139.866 133.233 142.016 136.763 0 0 0 0 0 0 0 0 0 0 0 0 0 0 0 0 0 0 0 
0 0 0 0 0 0 0 0 0 0 0 0 0 0 0 0 0 151.072 148.147 145.253 146.486 149.441 145.554 153.741 155.179 146.947 156.286 153.784 149.2 141.757 154.313 142.322 152.602 150.354 149.911 150.01 152.67 148.382 144.874 143.029 145.882 147.321 140.899 145.427 142.031 138.681 129.778 139.073 0 0 0 0 0 0 0 0 0 0 0 0 0 0 0 0 0 
0 0 0 0 0 0 0 0 0 0 0 0 0 0 0 144.83 153.325 152.066 145.909 143.601 154.136 157.304 146.953 153.866 157.624 151.715 162.243 156.811 149.626 152.005 158.305 147.795 153.36 152.744 155.816 155.501 151.958 148.133 141.316 140.234 150.846 149.199 149.74 143.91 141.319 135.612 137.122 137.636 132.282 134.553 0 0 0 0 0 0 0 0 0 0 0 0 0 0 0 
0 0 0 0 0 0 0 0 0 0 0 0 0 0 148.588 148.56 153.162 151.051 149.656 148.228 152.286 159.544 152.602 149.953 156.724 150.178 154.202 154.074 154.687 159.764 151.844 144.622 149.544 156.432 161.07 151.774 149.021 149.685 140.491 157.661 146.523 151.624 146.046 141.564 144.444 138.237 143.02 140.624 139.607 136.677 131.816 0 0 0 0 0 0 0 0 0 0 0 0 0 0 
0 0 0 0 0 0 0 0 0 0 0 0 0 161.009 148.579 150.632 156.292 148.152 149.206 148.2 165.016 156.621 152.138 146.789 163.847 157.15 157.398 156.926 160.056 153.997 152.152 146.339 161.47 160.838 156.927 152.918 149.069 149.48 155.912 152.144 145.52 149.182 143.257 144.591 149.605 142.375 150.84 143.057 138.983 140.136 135.122 134.88 0 0 0 0 0 0 0 0 0 0 0 0 0 
0 0 0 0 0 0 0 0 0 0 0 142.474 149.182 150.783 153.852 152.16 161.003 155.351 150.683 141.787 165.83 154.28 157.455 153.363 167.071 154.303 154.5 158.147 164.086 150.873 154.144 154.146 166.595 144.779 156.981 150.328 155.686 162.383 156.312 144.209 153.926 149.16 145.437 157.57 153.389 141.553 146.074 143.953 142.785 141.523 133.883 135.973 127.454 127.257 0 0 0 0 0 0 0 0 0 0 0 
0 0 0 0 0 0 0 0 0 0 146.557 154.29 153.47 149.415 153.161 157.67 155.09 162.497 160.146 149.406 161.553 151.767 161.484 161.716 166.541 154.321 165.293 173.067 151.378 146.959 152.83 160.21 166.117 142.386 159.177 153.947 159.69 158.558 149.416 144.015 150.277 154.64 158.638 149.847 138.776 147.01 150.15 144.452 142.513 140.292 140.54 138.817 137.891 138.326 131.737 0 0 0 0 0 0 0 0 0 0 
0 0 0 0 0 0 0 0 0 149.778 153.513 154.616 156.666 150.37 154.884 161.587 164.121 151.486 162.144 176.203 171.16 149.33 169.315 154.811 165.782 162.207 171.165 160.661 139.05 164.479 158.142 156.902 149.888 149.449 177.732 156.828 156.024 145.687 150.823 148.693 161.722 162.525 148.845 142.801 150.561 154.126 147.269 141.552 148.457 143.725 148.307 143.072 139.032 135.319 130.701 128.716 0 0 0 0 0 0 0 0 0 
0 0 0 0 0 0 0 0 146.115 154.519 148.402 153.375 154.794 152.947 157.418 158.684 160.839 149.402 157.494 197.943 245.755 182.168 173.054 138.753 165.723 171.402 171.143 155.799 133.832 166.122 143.972 147.804 142.673 156.744 152.297 141.939 144.358 145.313 158.348 159.68 160.583 148.468 146.972 150.251 148.784 154.476 151.978 151.577 146.436 145.424 146.689 142.352 141.597 139.843 132.954 141.659 126.748 0 0 0 0 0 0 0 0 
0 0 0 0 0 0 0 0 159.588 154.248 156.38 154.023 156.88 158.065 153.245 155.3 154.396 151.222 159.623 147.958 197.34 262.156 227.538 172.107 207.81 187.591 203.179 236.435 183.958 155.168 149.742 172.735 168.58 168.335 166.347 174.06 179.251 173.911 175.477 170.571 158.289 156.679 160.401 158.35 166.263 171.892 150.092 147.963 147.859 150.8 146.994 143.56 143.08 137.934 139.717 134.844 123.719 0 0 0 0 0 0 0 0 
0 0 0 0 0 0 0 155.938 153.135 154.261 160.404 155.088 159.368 161.703 158.682 163.515 145.896 163.198 165.279 147.551 139.811 174.947 194.305 209.881 229.928 211.485 252.45 235.351 240.714 277.334 209.057 172.577 155.819 164.384 172.159 165.377 157 145.825 153.732 156.85 158.084 161.132 162.906 160.342 164.961 153.567 147.807 157.058 150.723 156.842 154.836 151.473 146.981 143.52 148.472 138.694 141.297 136.799 0 0 0 0 0 0 0 
0 0 0 0 0 0 155.95 156.426 158.716 158.398 165.747 156.277 152.547 160.441 162.806 163.097 145.501 170.375 153.553 166.488 171.305 155.193 181.042 149.339 178.885 185.809 154.781 144.37 147.93 222.746 218.46 169.367 176.251 178.678 148.479 152.691 153.175 163.952 171.104 169.071 166.336 156.794 151.115 139.005 142.83 141.68 144.793 139.634 152.367 152.623 148.557 143.088 134.731 145.074 145.673 133.643 136.186 134.625 127.66 0 0 0 0 0 0 
0 0 0 0 0 153.337 153.994 158.941 149.193 154.833 165.335 157.859 146.465 157.298 170.564 159.17 153.246 173.84 141.227 175.138 143.467 160.294 173.215 130.186 195.253 154.905 154.351 191.369 143.58 141.026 213.346 229.313 157.109 144.605 144.835 175.434 170.649 152.123 147.415 150.658 152.201 143.578 147.23 157.302 163.582 162.624 156.771 159.186 161.623 151.68 142.837 133.433 142.385 147.601 136.781 136.414 134.345 127.658 128.117 126.526 0 0 0 0 0 
0 0 0 0 0 160.144 152.676 163.666 155.84 159.474 167.795 166.945 160.686 159.96 178.084 158.116 168.136 159.162 148.299 159.872 147.802 174.667 149.334 159.571 175.692 170.493 154.893 166.561 159.324 166.143 144.311 221.432 166.623 162.048 163.98 150.114 129.6 131.507 150.076 167.967 163.543 153.121 158.962 151.185 153.135 143.817 147.191 146.883 143.912 147.574 143.392 150.143 154.926 146.388 134.645 138.58 134.163 134.828 133.359 124.055 0 0 0 0 0 
0 0 0 0 154.007 158.902 158.175 155.074 159.118 160.921 166.66 159.347 148.868 160.301 174.974 152.354 174.443 157.238 177.209 146.709 174.049 155.084 169.319 134.731 194.325 157.233 155.387 194.749 135.17 154.444 179.369 227.418 148.66 133.352 144.771 144.788 159.464 163.103 167.944 150.389 145.64 132.128 139.98 147.536 152.766 138.578 140.407 146.511 142.348 133.916 133.79 136.507 139.83 133.976 139.678 131.28 128.156 133.732 132.638 126.407 123.105 0 0 0 0 
0 0 0 0 161.02 159.989 166.618 161.892 167.322 166.096 177.749 174.599 163.544 174.642 171.095 176.316 167.191 181.419 173.385 180.215 180.811 205.99 186.606 184.24 212.721 169.086 175.303 174.207 117.756 157.94 187.228 191.084 141.814 149.054 128.079 111.336 123.232 120.749 129.061 122.964 138.195 138.588 150.809 138.797 142.511 127.487 143.683 144.124 147.828 139.774 144.02 151.005 137.708 139.674 128.947 123.168 133.487 135.572 121.807 117.055 118.972 0 0 0 0 
0 0 0 153.691 157.631 159.602 160.352 160.747 161.889 162.717 181.428 168.359 172.451 184.381 166.342 182.36 171.634 191.167 196.274 189.939 212.717 214.058 236.233 277.552 330.345 324.246 372.843 372.805 356.579 397.179 274.76 202.899 141.035 137.65 151.218 149.889 158.813 134.41 141.954 131.312 147.808 139.098 138.713 121.315 139.947 140.687 147.501 133.627 138.133 136.309 135.935 130.862 132.852 130.289 134.17 142.932 139.727 131.992 125.441 129.253 123.241 119.313 0 0 0 
0 0 0 156.221 154.777 158.151 157.822 160.437 154.292 155.727 165.38 149.347 159.038 159.13 167.269 161.055 179.837 166.758 167.764 188.326 280.789 360.228 425.112 487.768 521.395 538.783 545.035 562.455 572.41 552.263 516.655 499.151 385.961 296.55 236.681 148.134 142.264 157.095 183.841 158.964 174.366 170.757 165.035 168.069 177.38 174.205 168.494 154.346 157.65 155.46 157.735 157.814 159.542 144.639 150.146 150.382 148.653 140.487 145.299 139.955 137.895 141.453 0 0 0 
0 0 153.981 162.149 154.888 163.277 162.335 161.628 155.172 163.274 177.914 152.932 175.434 143.561 161.757 167.61 168.863 205.984 296.468 424.898 529.504 553.199 574.618 578.323 570.945 587.661 569.076 600.868 565.253 577.751 575.968 550.101 573.272 528.227 453.803 329.081 230.517 204.581 189.328 142.013 171.973 182.231 158.926 160.496 183.869 173.028 155.156 167.802 182.094 176.605 163.883 168.461 158.747 175.794 178.89 172.263 159.185 154.857 149.467 149.44 154.116 144.453 135.05 0 0 
0 0 155.666 152.871 158.157 162.241 167.09 161.016 157.126 158.31 169.8 148.79 170.26 153.186 157.473 163.992 233.149 407.749 521.212 558.676 586.503 560.406 597.877 580.337 608.729 592.007 592.293 595.188 589.784 613.385 603.318 606.619 584.031 557.257 592.79 547.504 386.373 268.638 175.842 174.245 213.741 218.62 159.552 166.984 193.12 154.29 155.172 183.929 178.487 166.799 166.657 167.852 172.953 171.642 158.551 153.403 152.815 156.494 158.315 163.39 154.422 142.993 140.907 0 0 
0 0 159.749 155.126 150.791 155.356 163.062 160.778 159.178 161.353 176.883 154.404 174.687 165.406 169.416 290.214 464.524 555.36 552.799 572.305 602.92 571.023 613.526 586.829 621.599 591.374 594.453 589.591 597.904 595.12 631.527 608.245 607.036 611.823 589.722 575.087 538.493 510.562 327.14 175.132 169.735 180.426 154.587 209.87 213.845 175.114 177.753 188.624 179.204 161.323 171.022 166.616 170.146 165.038 169.904 163.019 156.263 156.233 160.259 157.015 149.09 152.901 154.115 0 0 
0 0 159.675 156.927 159.483 160.767 169.94 164.845 155.09 155.201 161.874 163.452 159.732 183.058 307.856 500.268 562.182 582.539 573.383 582.465 599.515 595.226 611.868 577.816 582.587 598.089 591.578 593.082 578.608 599.935 597.957 618.937 597.425 597.409 628.157 629.921 555.919 590.31 479.112 267.535 252.437 211.052 160.722 193.71 178.999 156.406 192.247 204.348 159.801 165.425 194.375 191.448 173.341 164.276 162.985 163.127 174.316 177.34 169.032 150.876 152.171 154.463 147.846 0 0 
0 159.869 159.547 161.325 161.603 155.581 160.843 167.727 152.854 165.183 157.465 165.1 171.221 308.827 493.658 554.281 581.758 590.235 582.926 600.301 598.173 582.868 570.213 579.969 581.223 581.802 585.017 572.695 548.25 560.725 589.522 595.573 611.985 613.276 639.533 626.2 585.47 638.576 586.654 492.937 250.408 196.316 214.814 190.727 167.578 164.591 202.205 176.837 165.856 207.01 199.593 173.52 173.773 186.529 180.126 176.938 172.752 167.885 163.233 167.789 169.307 157.276 157.23 154.809 0 
0 162.94 154.726 157.407 158.132 160.453 164.472 169.977 151.791 169.057 165.155 177.362 270.041 499.334 566.315 557.859 586.5 591.809 579.805 598.459 569.097 599.89 586.225 567.941 583.119 591.912 581.975 577.799 559.764 540.758 495.217 388.105 386.314 462.255 629.73 670.08 604.707 640.258 574.7 583.128 465.685 180.406 253.991 184.534 211.312 206.282 198.626 163.968 183.767 205.203 188.65 175.136 184.397 180.163 177.027 185.185 178.96 166.038 162.509 158.807 159.121 165.676 164.326 152.644 0 
0 160.986 161.168 160.099 162.381 154.472 153.862 164.028 144.361 170.138 147.443 232.281 444.342 560.239 572.319 571.082 596.847 606.782 572.025 596.944 576.657 586.564 570.991 562.206 572.827 582.699 598.07 627.302 639.158 653.393 445.593 232.976 236.452 192.196 347.489 555.238 591.707 608.104 630.25 585.294 572.218 328.613 222.84 136.481 206.783 176.166 173.135 153.427 186.061 178.381 141.147 161.699 185.409 175.255 165.208 158.34 160.115 159.774 161.946 162.115 163.37 156.696 149.235 147.084 0 
0 163.673 163.181 161.843 156.746 152.998 156.006 172.339 145.409 175.88 172.782 372.337 541.7 556.462 590.089 588.638 576.819 593.687 553.842 603.946 558.306 554.787 546.21 515.567 473.364 427.215 390.396 374.383 418.32 503.938 460.332 273.15 211.743 164.326 181.092 290 612.466 527.441 607.826 560.275 576.071 501.728 261.815 160.358 224.987 151.432 191.012 202.357 195.925 158.16 167.038 190.612 172.843 167.638 170.536 165.151 160.181 155.055 164.197 167.923 163.542 153.384 142.275 141.197 0 
0 158.581 154.253 164.558 166.692 169.342 159.765 179.458 167.856 184.436 254.399 502.947 581.737 590.668 618.742 612.037 580.908 624.656 602.978 612.933 596.935 590.421 478.257 334.891 242.212 200.426 183.136 176.139 145.863 166.866 277.986 362.393 315.21 169.265 155.285 159.025 347.582 553.727 611.864 517.144 569.038 505.592 355.753 160.906 174.932 134.442 192.505 145.308 162.49 153.873 172.375 170.207 156.762 153.829 154.447 159.027 160.249 161.687 163.29 152.224 137.415 140.411 145.302 146.546 0 
0 163.046 160.027 168.34 161.973 162.91 164.155 175.352 162.846 186.222 357.182 558.039 585.76 603.78 609.805 605.571 581.37 626.355 592.661 601.486 567.677 370.207 202.007 149.377 148.569 158.663 168.665 140.527 149.125 150.732 155.594 205.306 351.243 344.979 123.023 171.483 131.029 382.002 616.524 574.597 591.117 551.894 481.958 213.207 165.744 155.995 162.149 144.224 153.428 157.136 179.102 147.958 135.111 147.071 153.126 153.123 156.923 152.208 141.432 135.755 136.715 143.733 139.412 137.666 0 
0 163.543 163.012 160.746 160.949 164.383 159.05 170.017 164.638 220.108 469.997 577.677 594.033 607.378 609.658 612.338 597.129 616.056 592.214 582.806 345.006 177.537 167.484 163.661 154.684 168.912 157.142 146.259 146.419 152.965 158.619 161.006 182.933 445.634 213.394 142.524 206.032 236.628 479.403 583.245 536.633 597.719 495.834 331.956 187.115 176.939 139.987 164.913 158.908 164.881 155.464 139.586 163.11 174.529 165.594 152.57 147.854 140.4 134.997 144.468 145.91 147.504 144.865 140.114 0 
0 161.674 160.415 168.08 169.332 158.524 159.339 168.327 187.34 274.69 522.218 577.903 592.892 604.279 608.394 614.135 591.804 589.214 604.009 428.932 179.979 159.954 167.871 146.484 156.915 163.271 151.826 164.073 146.646 160.02 147.225 129.604 127.249 245.018 415.132 144.958 113.665 183.63 397.717 572.48 578.294 555.805 525.165 416.905 172.703 181.907 146.056 192.456 152.693 162.221 132.136 165.98 176.5 152.451 151.696 159.293 150.928 139.617 146.405 156.424 154.987 147.65 137.588 135.691 0 
0 160.482 161.266 167.111 163.272 167.076 169.131 148.87 187.968 333.834 561.306 581.986 596.256 606.962 606.62 603.766 601.196 578.384 570.015 258.369 156.225 159.232 163.302 153.034 151.49 158.407 164.246 147.233 149.315 152.305 151.171 132.593 125.645 141.692 344.241 269.156 166.294 117.271 250.091 531.046 596.818 555.325 580.929 426.907 223.11 171.292 155.371 151.67 141.355 153.215 171.12 174.855 148.615 142.676 143.225 148.558 164.074 157.106 151.552 148.309 144.267 141.582 133.885 132.095 0 
0 159.795 160.259 160.711 163.967 167.275 167.41 154.601 199.459 366.832 562.539 587.063 605.079 611.427 598.304 593.144 620.28 573.882 477.579 186.985 153.426 156.311 162.283 150.639 140.941 163.033 169.451 141.589 159.533 149.574 150.948 147.17 148.594 138.006 293.141 270.175 188.701 184.372 175.895 461.927 565.581 599.765 538.575 512.848 269.065 152.737 173.793 130.064 178.559 154.302 163.599 150.763 129.848 155.581 169.316 157.651 145.839 158.986 160.149 150.217 134.908 132.536 136.942 140.17 0 
0 160.971 159.903 166.863 167.278 171.439 171.444 155.966 189.069 394.407 564.647 590.481 612.211 603.914 597.244 599.435 606.96 583.505 391.754 166.708 155.269 156.846 162.215 150.329 148.539 166.733 162.971 143.678 155.817 153.621 148.524 155.988 147.205 145.155 247.926 327.304 145.021 184.06 181.099 407.597 575.123 560.334 567.121 549.792 270.819 178.021 171.968 174.453 150.319 160.161 149.763 135.323 178.15 167.908 142.779 159.006 158.57 140.121 135.359 146.622 151.234 148.904 138.922 140.964 0 
0 162.809 168.793 172.555 166.844 164.494 160.069 161.436 187.317 418.541 573.923 582.632 603.254 610.899 608.917 606.935 586.241 603.479 351.303 158.746 167.111 149.4 159.83 150.634 150.074 164.699 158.509 153.314 144.581 155.399 151.009 153.37 144.229 153.112 238.071 341.308 161.622 163.23 164.143 416.273 555.008 588.231 571.582 495.011 340.149 185.453 151.375 165.632 143.757 158.438 163.878 176.14 164.412 151.994 155.231 146.919 143.276 144.377 138.912 142.651 153.603 157.993 153.694 143.65 0 
0 164.851 158.707 160.471 165.424 167.806 170.41 180.82 168.42 415.058 562.813 589.875 600.073 602.026 608.633 607.567 586.671 606.962 359.771 180.262 160.404 148.411 163.126 157.602 149.535 165.738 158.4 155.424 150.327 156.808 147.158 154.117 150.771 148.554 255.895 326.906 149.503 161.441 154.38 393.376 583.795 555.863 558.46 569.819 301.565 139.047 187.255 150.268 185.316 160.172 161.11 172.904 138.695 144.824 153.329 156.798 149.814 156.056 164.495 152.381 141.611 144.329 147.571 141.077 0 
0 162.071 157.186 166.727 163.588 167.154 165.827 170.513 164.625 415.599 565.323 575.762 605.254 608.132 598.351 603.736 607.673 601.73 425.642 176.997 161.8 150.494 158.703 158.212 150.974 159.323 159.149 147.012 150.458 164.527 152.693 148.94 155.283 142.704 288.965 300.41 146.006 157.371 166.119 410.865 579.969 601.58 559.818 490.292 318.736 188.901 164.703 164.777 144.8 166.01 164.4 131.052 163.445 163.644 155.427 166.305 166.398 146.257 146.614 153.714 154.522 138.677 134.809 140.016 0 
0 160.503 160.977 166.692 162.657 161.821 159.436 171.126 170.924 365.556 558.356 585.1 612.398 611.542 595.819 598.764 600.25 590.856 554.957 199.713 161.226 157.614 158.543 155.932 143.988 162.66 167.887 148.768 146.924 157.441 149.956 147.126 160.775 151.57 347.69 257.646 148.297 153.074 186.649 471.907 594.176 569.696 556.37 552.644 280.715 148.983 149.572 166.942 158.407 160.052 151.847 173.838 175.358 167.465 163.972 149.304 153.213 160.371 151.147 139.821 146.07 147.261 135.217 123.376 0 
0 0 166.231 161.862 166.675 165.716 166.523 170.608 177.888 297.551 555.208 578.303 603.159 613.387 604.96 609.569 600.272 584.558 588.895 371.941 150.454 164.379 165.866 158.92 139.203 164.154 168.836 149.063 151.486 155.797 146.313 150.416 151.724 219.665 371.623 192.761 152.519 150.49 234.852 524.245 600.44 589.715 562.397 460.299 223.086 177.311 172.444 154.669 177.081 151.115 166.155 171.478 151.097 148.502 165.316 164.696 150.732 147.069 146.861 141.708 135.812 141.34 148.19 0 0 
0 0 165.354 159.302 166.159 170.025 174.116 164.836 173.717 252.169 527.542 576.26 595.719 603.016 602.901 603.1 607.718 604.606 575.896 553.369 275.868 155.737 166.937 167.903 135.213 159.727 165.528 148.614 161.943 158.523 156.271 148.403 168.513 342.031 285.887 150.328 155.299 157.694 364.689 566.515 561.237 562.635 542.118 467.797 222.438 159.125 150.211 162.377 146.577 174.533 150.817 144.27 151.59 157.464 155.861 153.36 150.333 145.973 149.643 155.168 156.651 152.108 147.33 0 0 
0 0 161.043 160.516 163.919 161.232 164.489 162.317 170.636 213.243 438.48 580.291 580.436 613.388 613.818 599.468 603.014 602.239 589.381 600.987 522.95 269.873 173.559 157.83 136.608 165.142 161.763 138.122 159.54 160.19 152.449 154.355 314.67 345.982 172.048 174.767 159.241 222.246 476.974 599.932 594.307 579.815 540.701 328.784 140.46 156.594 163.963 155.57 161.996 158.577 148.747 157.589 164.463 152.646 143.615 146.263 159.132 164.925 154.506 158.374 152.598 144.927 135.55 0 0 
0 0 158.676 164.546 164.452 169.144 162.322 167.79 168.868 190.172 337.821 550.349 580.984 597.661 614.249 594.873 601.979 601.28 596.307 596.085 607.754 554.724 362.539 263.57 158.646 167.405 172.325 138.447 148.353 141.145 178.025 310.796 359.395 194.875 154.82 174.112 175.051 382.226 556.983 568.218 555.397 540.706 494.266 284.066 182.693 188.075 154.377 172.415 143.439 143.586 177.48 165.169 149.366 157.447 159.216 160.194 155.387 157.114 154.003 150.337 145.517 149.953 145.427 0 0 
0 0 0 163.778 153.499 161.832 163.749 168.018 162.222 170.381 253.49 470.543 573.583 579.041 600.25 599.772 597.278 583.412 587.202 581.042 580.271 565.873 572.361 466.831 384.217 339.509 268.642 230.441 249.655 304.392 389.262 353.848 225.66 177.996 186.017 178.752 331.436 569.488 598.908 598.057 587.194 583.704 436.199 196.066 160.307 165 173.165 146.491 178.935 173.367 157.212 161.956 158.026 167.64 175.425 161.156 158.638 148.843 152.275 152.264 154.914 149.668 0 0 0 
0 0 0 160.472 157.767 154.176 154.998 162.87 163.717 163.569 175.938 349.194 532.068 569.777 579.556 590.135 597.666 574.957 576.251 561.298 583.874 548.171 539.739 571.259 493.44 520.211 542.926 441.432 429.795 381.635 292.302 196.753 179.113 187.164 188.822 325.961 537.67 607.493 611.786 604.141 564.398 517.963 316.156 187.507 191.583 188.838 182.53 187.488 168.987 171.271 169.888 181.675 184.289 164.685 161.478 165.38 155.344 160.771 162.288 153.048 153.741 157.312 0 0 0 
0 0 0 0 162.436 158.346 156.206 163.57 155.79 162.049 168.354 251.417 427.76 574.128 571.397 598.753 598.895 606.903 596.999 585.247 604.237 607.133 586.99 623.226 618.944 657.37 634.699 375.489 204.704 147.399 153.425 168.888 181.508 206.804 338.941 516.902 580.249 573.621 579.115 565.938 555.993 447.709 222.672 181.297 169.563 182.844 170.367 154.65 163.052 176.904 181.227 170.508 163.642 160.983 154.196 161.437 164.476 157.104 155.03 160.448 154.491 0 0 0 0 
0 0 0 0 164.424 158.993 163.224 168.197 150.333 164.224 165.774 180.086 293.494 477.346 574.179 588.061 590.615 613.798 609.415 591.325 596.818 611.218 585.513 621.195 599.221 626.287 600.595 451.516 334.913 268.167 245.411 210.729 280.292 435.97 574.161 614.903 622.111 616.289 586.202 563.07 483.919 281.024 166.542 165.002 165.667 147.228 157.733 177.617 177.565 160.567 159.671 159.806 158.753 166.704 167.26 160.32 165.933 167.658 152.306 154.39 159.941 0 0 0 0 
0 0 0 0 0 164.684 168.29 157.999 159.589 162.637 152.14 144.532 183.597 306.077 476.731 567.127 556.117 578.508 591.413 582.931 579.815 584.393 567.34 586.673 551.072 559.444 561.665 515.033 466.559 420.981 457.777 528.736 620.251 639.101 632.129 623.768 625.716 619.739 599.287 566.179 378.559 221.576 210.035 207.313 195.274 217.217 199.463 176.732 178.462 185.552 188.187 192.494 187.963 182.118 178.32 175.737 171.937 169.703 174.774 160.979 0 0 0 0 0 
0 0 0 0 0 165.956 159.925 156.805 160.052 166.063 162.171 158.825 164.526 183.003 309.947 487.87 570.463 572.018 591.384 591.061 604.95 602 580.215 597.44 569.659 588.966 597.309 575.347 603.389 587.395 618.711 614.569 628.283 625.581 637.432 625.682 603.428 585.838 542.765 405.709 212.651 195.458 201.509 206.602 175.348 177.39 179.818 189.857 189.435 186.759 183.315 171.657 169.763 166.353 166.055 164.078 163.279 165.423 167.963 168.567 0 0 0 0 0 
0 0 0 0 0 0 157.735 160.233 159.774 161.368 159.837 168.76 166.48 159.715 184.277 264.821 437.57 559.862 560.461 569.732 573.586 591.442 588.315 592.14 576.625 599.779 612.729 594.172 622.328 602.408 607.016 600.555 615.029 610.26 598.95 592.776 578.46 552.212 401.247 234.227 184.966 193.391 161.701 182.224 186.812 193.198 194.509 176.065 178.765 172.138 169.165 173.401 175.831 172.034 170.612 169.763 164.588 162.576 160.918 0 0 0 0 0 0 
0 0 0 0 0 0 0 170.335 163.418 162.342 154.388 155.618 154.526 168.144 165.612 180.04 205.063 363.54 529.173 558.816 566.394 573.315 580.584 584.071 585.344 602.657 612.894 585.928 608.474 594.355 606.024 585.581 594.228 578.898 582.56 562.053 522.685 380.368 218.392 199.631 178.997 188.136 190.123 177.705 168.031 166.052 171.885 173.871 167.899 178.707 171.331 175.499 175.155 173.049 170.649 171.862 169.793 162.657 0 0 0 0 0 0 0 
0 0 0 0 0 0 0 0 161.696 162.749 166.375 165.467 160.067 166.13 158.791 158.931 182.792 183.515 247.128 415.648 499.188 542.933 575.227 570.628 561.735 589.896 594.35 578.446 588.024 578.79 574.901 566.542 568.477 530.728 535.994 458.834 315.166 205.969 189.152 185.02 183.431 163.523 171.293 175.648 171.071 175.898 179.109 181.253 166.644 168.439 171.287 160.519 165.791 163.246 159.939 159.789 160.373 0 0 0 0 0 0 0 0 
0 0 0 0 0 0 0 0 160.922 157.181 167.196 156.979 161.41 168.662 169.121 159.798 160.612 172.973 162.383 176.351 268.267 364.991 426.165 475.027 542.114 562.439 561.886 558.099 558.586 567.713 550.497 560.713 513.105 399.479 292.851 201.541 170.893 158.595 166.789 166.585 173.053 162.522 165.763 167.711 159.042 155.721 149.834 151.756 150.787 148.207 154.692 154.99 154.427 156.661 150.994 147.039 149.811 0 0 0 0 0 0 0 0 
0 0 0 0 0 0 0 0 0 172.94 175.121 169.012 172.894 172.169 175.198 165.191 172.146 178.651 194.118 204.443 181.254 194.979 259.332 267.128 298.139 411.222 419.728 424.557 425.81 410.179 378.765 318.696 219.137 172.914 148.508 134.825 152.901 147.624 142.434 144.591 143.302 138.777 145.189 144.131 146.118 147.37 147.183 149.491 146.565 142.329 140.216 145.19 138.435 142.65 145.989 135.444 0 0 0 0 0 0 0 0 0 
0 0 0 0 0 0 0 0 0 0 167.082 176.756 174.863 174.586 179.436 180.871 193.479 190.232 188.463 189.189 209.094 204.594 195.03 207.97 264.193 332.59 241.91 198.363 193.7 189.488 164.237 118.251 118.382 123.668 104.762 112.225 109.698 112.488 119.961 131.06 127.104 128.766 132.776 129.183 126.733 129.048 130.872 133.862 134.984 133.299 134.346 135.208 134.601 128.089 136.415 0 0 0 0 0 0 0 0 0 0 
0 0 0 0 0 0 0 0 0 0 0 163.95 161.704 178.093 175.364 173.614 162.154 166.163 176.417 170.315 171.694 163.986 173.53 172.835 164.808 256.488 205.814 180.533 138.346 134.468 133.174 132.329 152.647 155.556 149.728 155.647 148.58 144.164 129.959 141.893 139.57 136.56 135.53 135.605 140.523 133.951 135.798 137.71 143.172 137.788 137.885 133.076 134.893 129.335 0 0 0 0 0 0 0 0 0 0 0 
0 0 0 0 0 0 0 0 0 0 0 0 0 167.555 165.53 159.456 158.603 165.12 174.692 160.446 161.247 168.429 168.095 174.637 163.228 239.299 189.085 164.462 162.187 168.891 148.609 147.285 153.843 142.025 137.463 143.759 147.397 156.089 152.717 151.759 154.174 152.972 148.295 148.587 147.683 145.767 148.333 145.617 144.653 143.336 144.874 144.171 0 0 0 0 0 0 0 0 0 0 0 0 0 
0 0 0 0 0 0 0 0 0 0 0 0 0 0 160.788 170.643 162.132 162.418 164.178 159.613 162.155 174.803 151.862 164.649 159.413 249.626 201.588 144.894 154.156 160.92 162.355 159.688 158.463 151.091 148.172 148.553 156.786 138.812 151.353 154.604 146.209 150.097 151.771 160.234 155.793 150.281 150.696 146.775 149.338 146.852 142.973 0 0 0 0 0 0 0 0 0 0 0 0 0 0 
0 0 0 0 0 0 0 0 0 0 0 0 0 0 0 158.615 163.655 169.356 157.913 163.343 152.545 160.993 156.563 171.467 152.605 239.176 220.013 155.066 159.964 147.19 151.282 155.172 160.172 156.86 156.185 153.356 156.062 146.865 152.553 156.616 148.536 146.789 147.957 147.723 154.199 154.466 151.466 148.827 150.439 147.301 0 0 0 0 0 0 0 0 0 0 0 0 0 0 0 
0 0 0 0 0 0 0 0 0 0 0 0 0 0 0 0 0 162.343 158.873 159.903 160.577 153.985 158.854 165.388 149.183 234.623 228.027 154.194 155.033 154.556 155.271 150.547 160.394 158.985 159.706 162.93 152.531 156.033 155.322 152.725 155.067 157.19 148.999 146.135 147.5 152.945 152.613 146.312 0 0 0 0 0 0 0 0 0 0 0 0 0 0 0 0 0 
0 0 0 0 0 0 0 0 0 0 0 0 0 0 0 0 0 0 0 156.019 167.815 153.856 165.249 166.435 153.626 230.473 237.927 151.467 152.061 160.747 158.116 156.233 155.853 150.155 157.379 161.191 153.52 158.046 153.677 150.463 151.508 153.683 157.42 147.107 148.386 147.532 0 0 0 0 0 0 0 0 0 0 0 0 0 0 0 0 0 0 0 
0 0 0 0 0 0 0 0 0 0 0 0 0 0 0 0 0 0 0 0 0 153.014 165.134 160.14 148.078 244.095 250.489 143.36 158.41 157.455 158.514 158.382 155.059 153.864 154.013 149.355 154.965 161.133 156.196 155.4 152.164 155.453 157.619 149.082 0 0 0 0 0 0 0 0 0 0 0 0 0 0 0 0 0 0 0 0 0 
0 0 0 0 0 0 0 0 0 0 0 0 0 0 0 0 0 0 0 0 0 0 0 0 0 242.423 251.284 141.077 158.863 158.239 159.029 156.363 151.151 153.915 157.388 150.55 154.462 158.493 152.723 160.007 0 0 0 0 0 0 0 0 0 0 0 0 0 0 0 0 0 0 0 0 0 0 0 0 0 
0 0 0 0 0 0 0 0 0 0 0 0 0 0 0 0 0 0 0 0 0 0 0 0 0 0 0 0 0 0 0 0 0 0 0 0 0 0 0 0 0 0 0 0 0 0 0 0 0 0 0 0 0 0 0 0 0 0 0 0 0 0 0 0 0 
