0 0 0 0 0 0 0 0 0 0 0 0 0 0 0 0 0 0 0 0 0 0 0 0 0 0 0 0 0 0 0 0 0 0 0 0 0 0 0 0 0 0 0 0 0 0 0 0 0 0 0 0 0 0 0 0 0 0 0 0 0 0 0 0 0 
0 0 0 0 0 0 0 0 0 0 0 0 0 0 0 0 0 0 0 0 0 0 0 0 0 152.583 155.683 157.953 163.838 156.152 162.34 148.264 160.665 158.776 159.419 153.421 153.752 148.048 151.38 145.518 0 0 0 0 0 0 0 0 0 0 0 0 0 0 0 0 0 0 0 0 0 0 0 0 0 
0 0 0 0 0 0 0 0 0 0 0 0 0 0 0 0 0 0 0 0 0 153.176 157.863 169.976 158.757 158.531 156.076 158.557 163.779 156.441 161.759 152.778 163.691 164.479 161.853 157.741 153.419 151.443 153.135 154.225 155.68 152.542 155.148 141.291 0 0 0 0 0 0 0 0 0 0 0 0 0 0 0 0 0 0 0 0 0 
0 0 0 0 0 0 0 0 0 0 0 0 0 0 0 0 0 0 0 155.417 164.011 161.001 160.108 164.503 160.744 157.3 156.865 167.865 165.087 159.239 157.623 157.229 166.666 165.163 166.142 157.638 155.143 156.684 160.083 158.172 155.224 159.099 153.641 142.312 151.593 150.515 0 0 0 0 0 0 0 0 0 0 0 0 0 0 0 0 0 0 0 
0 0 0 0 0 0 0 0 0 0 0 0 0 0 0 0 0 160.482 165.668 159.159 158.278 162.028 169.557 165.742 164.882 163.568 161.934 171.745 165.44 158.554 153.624 168.141 166.279 169.109 167.017 151.004 160.495 163.225 161.675 158.671 161.866 157.761 149.29 156.311 159.793 153.383 150.58 149.959 0 0 0 0 0 0 0 0 0 0 0 0 0 0 0 0 0 
0 0 0 0 0 0 0 0 0 0 0 0 0 0 0 157.777 166.329 162.524 165.451 158.804 162.906 168.372 170.43 165.279 161.67 170.305 168.644 172.712 167.271 158.226 161.063 175.277 165.434 174.019 162.694 162.073 164.712 162.017 161.04 161.103 160.053 153.904 162.715 161.583 153.931 155.119 156.131 148.442 141.122 147.044 0 0 0 0 0 0 0 0 0 0 0 0 0 0 0 
0 0 0 0 0 0 0 0 0 0 0 0 0 0 162.4 161.072 164.458 162.304 171.045 165.529 160.785 170.577 172.255 164.785 162.169 173.386 166.41 169.579 169.671 163.603 167.186 175.368 165.397 164.767 163.949 173.39 161.484 165.366 161.375 163.99 158.426 169.787 163.585 159.279 153.53 162.704 151.587 145.687 153.116 150.824 147.375 0 0 0 0 0 0 0 0 0 0 0 0 0 0 
0 0 0 0 0 0 0 0 0 0 0 0 0 165.531 169.905 159.614 173.576 160.887 168.135 165.34 174.745 172.151 167.815 162.397 173.547 177.48 162.925 172.659 169.48 170.626 162.332 175.35 164.033 171.53 173.808 171.101 161.138 165.649 166.663 163.733 167.083 162.512 157.921 162.561 160.574 159.305 153.297 156.487 163.094 149.48 152.376 144.897 0 0 0 0 0 0 0 0 0 0 0 0 0 
0 0 0 0 0 0 0 0 0 0 0 156.474 174.317 162.912 168.743 163.751 177.588 157.426 170.025 164.165 175.862 173.343 169.643 165.83 177.528 174.583 161.312 173.239 170.847 171.824 159.877 180.322 171.515 167.773 169.99 163.181 164.215 169.149 170.773 164.156 169.362 160.306 162.227 166.487 162.282 161.456 159.729 156.019 154.892 148.602 154.627 145.093 146.041 136.895 0 0 0 0 0 0 0 0 0 0 0 
0 0 0 0 0 0 0 0 0 0 157.957 163.377 164.312 165.98 167.513 169.037 178.315 161.612 168.371 168.63 177.919 171.739 167.151 174.735 181.292 173.144 168.018 192.582 167.084 167.927 154.257 191.988 173.28 170.993 169.91 166.975 175.994 174.014 163.933 160.918 161.749 162.526 170.691 158.876 163.141 161.79 154.01 160.881 160.816 162.817 152.55 146.412 147.126 147.048 144.342 0 0 0 0 0 0 0 0 0 0 
0 0 0 0 0 0 0 0 0 159.283 168.944 173.146 169.281 168.292 168.31 173.747 180.245 159.263 171.575 176.616 175.072 167.642 177.513 181.176 177.112 168.391 176.488 175.636 158.16 167.027 166.339 187.177 149.396 158.865 162.52 173.664 161.566 145.989 159.862 156.522 167.246 174.631 170.67 164.226 168.56 159.231 161.114 162.167 158.558 158.614 150.96 159.079 153.548 155.307 147.65 145.559 0 0 0 0 0 0 0 0 0 
0 0 0 0 0 0 0 0 162.164 162.223 162.874 172.826 162.18 170.106 164.368 174.345 179.618 160.857 177.057 179.488 170.152 169.842 185.549 180.392 186.178 210.891 215.073 213.174 212.559 215.707 174.92 176.916 167.481 192.494 194.593 190.912 172.446 180.581 183.335 190.726 186.976 176.81 170.128 173.371 169.67 166.62 174.528 163.499 166.804 165.151 165.482 162.635 153.05 155.121 152.295 151.458 147.08 0 0 0 0 0 0 0 0 
0 0 0 0 0 0 0 0 174.093 165.434 172.134 179.427 169.713 178.376 170.299 181.449 178.745 165.275 185.487 176.712 166.017 183.85 180.764 198.991 235.939 225.475 206.868 227.282 239.21 260.027 224.996 201.008 192.762 186.264 168.435 163.045 169.052 176.73 179.375 178.354 163.189 167.228 165.868 178.098 173.779 176.231 170.807 165.124 176.561 162.368 162.246 156.857 153.805 161.152 155.324 150.107 146.026 0 0 0 0 0 0 0 0 
0 0 0 0 0 0 0 173.891 172.135 170.236 171.792 173.232 166.302 172.172 171.942 182.836 170.767 174.239 192.317 176.086 180.171 199 164.416 184.241 191.689 175.318 177.183 188.073 160.307 174.953 218.308 213.011 169.186 166.534 170.583 174.338 180.696 181.13 169.585 162.091 159.861 165.146 164.807 183.038 162.6 161.852 155.892 166.233 165.771 158.308 161.61 154.259 162.304 157.175 150.298 154.185 143.636 139.65 0 0 0 0 0 0 0 
0 0 0 0 0 0 164.929 172.295 171.702 172.994 179.495 181.404 171.868 170.013 178.299 174.978 161.253 176.657 177.464 173.225 191.495 180.843 172.035 188.899 171.357 197.332 168.289 181.485 186.385 188.84 194.06 204.559 190.394 183.814 165.549 163.985 160.462 165.893 165.059 163.856 175.714 176.622 182.799 178.027 155.795 164.882 164.641 165.446 161.041 159.147 150.879 150.14 157.873 150.145 154.073 147.351 140.461 143.174 150.412 0 0 0 0 0 0 
0 0 0 0 0 168.494 170.054 172.422 170.279 168.81 177.56 177.394 177.588 163.517 187.385 178.187 165.623 194.719 161.142 190.64 179.322 174.996 182.711 167.203 204.844 184.24 154.68 209.479 177.74 146.272 232.363 234.805 177.572 150.307 157.88 176.037 176.917 179.586 182.817 173.158 177.102 160.513 163.236 161.822 145.293 160.748 164.11 174.963 174.375 165.772 157.724 169.238 167.243 163.104 158.309 145.421 147.583 153.877 147.449 139.646 0 0 0 0 0 
0 0 0 0 0 172.685 165.942 172.584 172.23 164.426 176.256 173.706 180.67 173.997 186.171 172.662 191.777 185.563 175.15 203.275 171.946 190.401 159.702 196.318 181.093 179.489 187.235 189.987 171.083 183.035 236.011 170.059 169.786 185.161 189.862 171.707 152.031 154.373 168.392 156.088 159.947 158.311 179.9 180.106 164.444 173.775 176.334 166.646 157.623 147.427 158.59 163.918 161.559 158.439 145.597 144.057 152.066 156.546 142.868 136.711 0 0 0 0 0 
0 0 0 0 166.536 172.967 173.65 170.369 174.998 169.617 179.925 178.154 174.166 186.142 196.754 171.662 200.052 166.251 197.039 181.429 201.729 180.983 188.513 184.788 193.337 166.108 176.534 210.502 161.358 181.847 242.783 154.457 160.239 157.681 150.593 141.222 165.235 183.966 191.736 163.578 160.281 170.601 174.071 171.192 150.476 155.872 157.445 169.494 154.088 143.148 160.579 156.852 152.862 144.591 142.372 147.263 153.743 144.669 134.469 134.8 134.13 0 0 0 0 
0 0 0 0 169.658 172.629 179.327 174.86 176.179 174.228 186.5 188.133 175.395 201.02 192.229 199.696 202.813 202.183 193.708 213.469 205.192 225.705 213.745 232.581 231.827 226.265 237.799 226.673 183.614 226.376 208.059 131.099 167.822 172.211 155.864 137.136 146.15 148.981 146.131 130.8 132.483 156.672 153.816 143.838 138.949 148.258 146.986 151.547 130.599 147.975 153.15 160.914 143.857 137.222 135.87 143.451 147.923 131.66 134.38 133.298 127.67 0 0 0 0 
0 0 0 170.727 171.74 173.952 176.194 174.735 176.408 174.414 188.959 183.506 177.703 203.961 171.413 206.911 195.791 206.932 199.846 203.991 208.058 219.85 272.69 337.006 374.275 426.019 459.622 469.664 480.757 507.129 366.535 274.579 209.627 149.698 162.85 166.624 164.454 159.962 165.822 157.883 159.577 170.735 157.887 152.549 156.727 168.341 174.549 162.689 151.421 166.582 160.168 159.557 147.817 154.214 163.687 167.214 153.217 149.235 144.133 135.61 140.815 142.142 0 0 0 
0 0 0 170.074 170.246 173.669 180.087 179.725 176.417 172.746 189.993 175.41 183.014 194.167 178.363 190.84 200.418 181.678 200.978 262.039 356.354 437.235 517.241 566.086 569.192 597.647 571.126 597.486 597.095 582.833 566.135 542.972 481.892 407.206 306.641 180.216 159.19 197.934 211.414 194.254 195.242 189.087 182.03 183.025 181.717 185.993 185.661 164.212 177.13 179.912 180.407 160.328 163.027 171.181 177.911 169.634 161.933 162.553 151.828 162.107 163.642 152.711 0 0 0 
0 0 170.738 173.946 167.937 174.022 176.413 172.72 173.341 171.961 191.103 165.451 193.962 169.469 191.761 183.469 193.746 236.919 384.195 513.212 578.372 579.771 603.678 586.375 590.544 602.487 584.489 628.013 586.541 613.413 593.822 571.578 589.735 579.437 526.627 413.466 297.066 240.488 197.539 154.371 191.234 188.604 184.808 200.142 200.151 192.035 176.307 186.94 193.817 187.338 180.443 175.486 186.122 190.939 182.629 172.968 166.466 161.01 172.003 175.487 163.677 154.336 150.332 0 0 
0 0 172.702 170.519 171.102 166.376 177.056 174.662 172.732 169.871 196.433 171.554 200.842 181.241 193.014 201.445 310.201 473.235 566.718 580.578 601.306 590.948 617.129 587.232 629.228 602.072 617.34 618.197 625.425 627.317 595.387 623.957 591.913 578.075 608.744 576.036 488.837 361.129 217.325 211.713 258.149 196.974 171.71 185.505 187.191 171.513 177.994 191.49 195.186 190.689 179.431 180.5 193.708 193.799 187.544 172.199 169.312 172.017 173.7 167.972 159.991 160.145 159.75 0 0 
0 0 168.869 174.918 174.816 173.128 182.889 181.651 175.931 169.766 191.714 165.544 190.675 186.652 220.401 381.925 544.166 584.649 578.842 595.513 605.765 601.624 632.3 617.849 618.945 604.394 619.25 613.88 617.982 610.994 629.624 610.741 616.297 634.328 615.193 576.158 582.597 588.097 414.744 213.445 200.768 190.879 193.281 232.078 206.723 176.155 195.093 196.724 186.079 180.883 186.174 193.412 183.785 180.146 173.213 168.355 179.976 182.713 175.473 163.039 163.439 161.243 156.149 0 0 
0 0 177.317 173.334 177.647 175.231 175.685 183.568 174.8 168.075 187.69 177.951 163.116 223.955 411.499 561.503 588.218 602.378 600.767 627.32 611.174 620.137 609.043 617.251 609.321 627.105 594.044 614.414 614.94 614.619 609.787 633.285 605.074 614.225 650.145 626.074 593.39 611.3 531.637 412.004 299.449 183.552 171.012 239.933 189.187 189.511 225.532 188 173.87 190.606 187.261 182.641 184.271 186.826 171.547 179.294 188.169 186.92 175.027 173.042 166.749 163.116 163.387 0 0 
0 168.707 170.561 169.572 173.471 176.447 179.797 195.238 178.917 177.386 187.893 186.693 215.452 398.567 564.12 582.352 589.779 609.088 595.272 639.874 605.985 623.537 596.72 605.943 611.677 598.464 612.282 618.947 615.133 606.836 616.634 607.898 602.786 608.255 637.935 609.651 613.415 641.944 605.267 560.499 396.273 280.407 169.314 205.547 169.722 192.048 212.742 177.826 194.856 207.814 204.478 189.554 184.559 170.696 179.773 188.17 188.522 180.463 175.463 169.706 170.145 174.538 167.906 162.511 0 
0 170.091 170.984 172.939 175.999 172.187 171.158 179.502 169.634 176.908 183.415 198.053 346.708 545.733 585.869 592.436 610.728 625.562 608.889 631.204 576.597 606 606.879 605.771 601.909 598.293 606.899 620.012 609.307 600.535 611.497 617.698 599.044 596.328 667.022 642.82 625.895 629.994 607.448 602.927 524.671 374.686 233.519 210.594 199.432 210.803 204.972 182.981 210.008 207.193 193.171 198.767 205.714 196.981 194.309 200.462 191.331 179.637 175.937 179.787 183.153 178.32 173.429 168.023 0 
0 178.575 174.672 173.397 172.178 168.754 170.199 186.663 170.407 184.241 160.993 274.034 500.557 573.559 582.776 596.844 600.876 611.162 576.959 593.739 574.209 577.635 574.586 554.479 547.486 558.039 546.092 583.339 610.302 636.342 628.709 624.147 598.314 536.055 616.052 683.277 702.816 638.24 688.023 621.314 643.212 510.273 336.668 224.854 240.002 215.865 213.474 208.76 224.652 201.168 204.694 213.897 202.182 200.125 207.953 198.694 185.477 183.199 193.38 192.216 178.551 173.327 171.979 171.525 0 
0 180.004 172.758 175.649 176.788 181.534 172.364 188.456 181.019 200.239 200.446 424.986 581.166 589.003 607.221 619.77 618.844 617.348 587.301 613.466 591.59 577.54 588.967 533.568 469.945 382.796 325.028 314.539 317.395 393.606 517.575 598.717 613.878 485.852 449.817 423.905 705.959 603.445 693.419 598.206 636.941 572.801 433.191 220.782 218.678 209.825 210.974 190.31 199.549 179.069 203.856 200.652 188.757 187.614 190.472 183.013 179.666 182.906 187.675 182.98 175.492 175.201 170.035 162.247 0 
0 178.035 175.363 182.709 179.895 179.085 173.998 193.45 183.56 197.349 296.417 537.317 593.227 602.675 615.176 626.284 614.099 631.404 607.765 623.669 611.161 609.565 502.063 324.959 237.114 187.736 187.334 192.902 182.978 173.809 224.182 382.38 605.618 430.285 263.892 188.732 367.072 532.256 616.952 540.946 609.514 524.837 528.747 220.811 186.587 209.159 177.902 184.999 178.659 171.051 190.132 177.041 172.52 180.205 173.357 168.343 171.75 174.666 168.064 160.093 162.256 160.153 157.767 157.527 0 
0 177.098 175.826 178.198 173.661 179.844 177.429 181.862 193.792 203.994 404.219 584.595 600.753 620.588 619.694 629.616 618.408 645.001 597.297 621.744 600.58 424.366 220.803 169.866 177.595 172.346 178.673 181.809 173.906 167.128 181.561 193.445 394.291 453.48 193.293 155.798 168.476 420.834 617.329 593.17 598.595 565.754 557.953 301.243 207.945 176.245 144.01 185.106 163.81 166.908 170.977 153.193 165.264 171.381 158.485 167.252 177.306 170.929 159.192 158.145 152.686 154.762 154.39 150.198 0 
0 174.611 172.425 182.143 184.289 178.05 179.764 183.923 201.119 244.696 500.64 602.954 609.821 625 620.116 615.805 623.596 645.081 593.342 625.534 420.452 205.363 170.76 186.554 169.795 172.731 177.148 178.443 168.577 172.476 168.857 170.503 200.02 412.675 255.47 214.09 189.521 235.732 493.986 604.173 576.689 630.177 527.439 488.527 213.174 180.131 174.093 198.453 152.672 191.218 161.871 172.473 174.817 155.838 162.809 170.379 161.414 152.531 152.927 156.447 161.711 157.625 149.579 150.481 0 
0 171.089 175.935 184.401 182.316 181.355 187.431 181.306 201.123 302.94 545.937 598.805 615.783 622.304 619.991 616.699 616.787 638.275 600.131 529.497 226.221 177.988 175.12 178.608 172.67 173.968 176.597 180.187 166.908 169.217 174.48 159.633 144.573 229.7 370.642 154.73 180.645 202.44 397.532 576.04 591.537 568.193 557.48 538.217 223.874 218.174 185.737 163.702 170.81 181.509 165.664 186.875 168.946 165.558 170.317 158.84 160.653 162.502 164.481 161.657 159.041 152.212 148.426 145.471 0 
0 181.957 174.524 175.325 177.508 182.88 184.648 170.263 209.12 368.88 579.102 596.946 616.591 625.682 631.745 612.632 603.08 630.227 590.68 367.307 168.18 173.499 168.734 171.403 171.712 166.446 175.937 169.23 158.309 169.43 161.497 157.089 123.184 133.627 337.694 260.694 159.111 158.004 285.364 565.032 601.168 585.873 595.545 500.68 339.402 186.84 167.258 162.66 204.386 162.895 176.099 182.777 158.864 168.802 171.917 163.021 165.274 164.451 167.68 162.119 155.754 155.188 154.158 153.996 0 
0 177.116 174.874 178.41 173.934 177.037 186.255 169.842 221.967 421.118 581.592 595.754 623.395 628.609 621.615 619.311 607.754 620.447 563.85 254.405 172.086 168.369 168.338 171.924 172.303 166.154 182.662 171.573 167.329 162.66 169.902 159.57 150.865 138.1 238.949 315.743 176.532 175.009 204.024 495.865 604.289 608.06 559.227 582.617 392.888 153.137 194.644 176.782 172.931 158.265 186.45 161.766 177.774 180.758 169.422 169.661 164.986 169.337 165.269 160.766 159.302 153.566 151.52 150.972 0 
0 167.515 175.017 185.888 181.066 184.017 178.95 174.373 213.431 450.982 590.485 603.977 620.97 620.861 620.596 631.058 620.674 599.541 533.538 200.51 180.023 164.889 172.109 166.041 177.67 166.338 178.707 173.478 164.73 162.139 162.453 153.771 158.89 153.34 207.399 347.06 172.115 173.283 197.083 448.978 587.22 595.025 597.829 585.476 402.132 213.928 202.774 183.057 150.94 183.486 164.731 174.99 184.054 170.649 165.677 176.534 174.882 166.14 156.686 157.691 158.775 158.774 159.33 155.39 0 
0 180.965 180.809 176.874 179.203 178.177 179.02 189.865 211.402 466.014 594.638 603.216 627.334 630.471 631.1 623.826 631.086 589.459 517 182.725 182.357 166.368 175.69 164.148 175.735 168.61 177.571 175.325 169.293 172.285 169.749 164.326 167.908 162.595 189.559 336.992 183.002 170.041 176.345 438.039 577.337 591.548 576.694 561.882 482.646 212.187 152.222 179.552 187.714 186.891 170.627 184.569 158.437 161.039 174.628 169.525 159.839 159.433 163.27 165.243 166.708 162.898 160.875 152.759 0 
0 181.769 171.298 178.801 177.375 178.965 184.162 200.813 198.541 461.001 586.919 606.046 617.637 627.874 616.589 606.409 621.459 617.701 494.91 215.735 180.397 158.839 175.561 172.267 164.823 174.629 173.673 174.007 171.057 169.555 167.858 171.509 171.02 162.025 186.98 320.485 176.967 170.427 168.752 430.779 592.759 584.429 585.871 587.46 427.225 188.447 198.517 186.529 199.445 157.243 185.574 165.031 162.812 174.248 171.982 162.545 166.981 165.706 168.552 169.671 160.603 155.041 156.436 152.83 0 
0 170.366 171.309 181.488 181.972 186.375 181.994 192.051 193.658 457.578 590.323 597.657 619.869 623.861 621.107 608.103 613.888 635.354 530.604 256.896 169.844 174.461 158.963 183.814 158.991 172.878 175.659 173.931 170.776 168.868 169.082 172.972 167.597 153.302 213.167 310.121 175.268 170.267 182.862 465.744 600.403 596.761 581.692 556.626 423.285 221.217 194.824 189.049 156.918 173.641 173.366 167.99 183.879 182.044 167.775 170.257 170.831 166.663 160.77 159.573 158.549 155.092 151.453 152.675 0 
0 176.766 181.919 180.486 175.914 172.801 176.105 194.226 200.347 417.895 580.258 601.36 624.317 628.348 626.354 610.643 611.531 611.606 611.788 345.446 175.509 179.328 159.91 180.881 166.36 162.471 165.558 174.736 170.603 165.959 171.076 174.576 169.011 154.403 271.587 282.647 172.125 164.939 219.547 534.948 593.75 594.944 587.296 583.299 412.543 176.625 162.313 166.478 185.889 191.233 175.038 191.849 179.957 163.831 172.448 171.965 173.011 170.814 162.542 156.142 157.583 155.892 150.503 148.819 0 
0 0 175.813 172.856 185.774 181.837 184.234 183.976 198.593 350.011 584.358 599.948 612.044 624.984 629.901 620.98 622.432 601.366 621.008 488.264 232.587 173.461 164.181 175.843 168.715 169.567 171.422 161.473 170.218 173.345 171.071 176.908 166.216 180.604 326.62 211.338 170.155 164.887 302.667 567.171 621.61 596.323 572.443 547.219 340.521 189.825 197.426 185.519 186.834 175.483 188.703 173.874 163.517 167.511 176.85 174.838 162.094 155.459 157.141 158.203 158.708 161.719 164.791 0 0 
0 0 175.96 174.447 176.33 182.577 183.344 175.931 190.795 294.224 560.401 595.311 615.716 614.428 627.811 617.849 614.726 613.686 611.77 599.707 398.061 210.177 171.559 177.054 171.18 159.167 180.488 159.87 157.71 162.843 172.155 176.847 152.442 276.218 311.346 157.533 175.373 195.389 448.406 586.489 588.093 604.499 571.726 538.647 305.142 195.02 190.427 171.487 160.827 178.704 159.949 159.252 172.525 177.779 167.018 163.959 164.852 164.029 168.858 172.042 169.13 160.2 152.194 0 0 
0 0 180.07 179.241 173.571 178.823 178.689 181.605 191.164 244.715 469.238 603.727 599.028 621.688 633.501 631.934 613.839 617.468 616.183 604.666 600.435 373.232 224.741 157.454 187.284 160.171 177.737 164.227 166.61 172.739 177.841 164.904 249.542 346.235 203.551 158.235 166.002 308.66 560.41 612.18 605.683 585.005 567.263 482.533 234.397 163.716 178.5 165.503 182.801 160.684 171.207 189.979 177.374 163.807 163.901 169.486 172.871 174.135 166.957 161.866 153.051 154.003 151.61 0 0 
0 0 174.165 177.439 177.722 183.669 174.231 186.534 184.567 212.43 361.788 575.202 599.481 615.439 620.489 625.313 616.127 622.38 613.873 614.844 622.907 605.886 453.58 325.702 204.524 165.324 198 168.241 165.462 159.623 178.815 302.984 381.696 238.016 163.836 175.075 230.67 487.116 583.378 580.358 588.643 589.997 561.218 391.043 197.977 182.731 187.028 195.817 158.813 181.361 185.3 162.795 156.627 166.582 179.416 179.028 165.288 164.067 160.296 161.044 161.485 159.711 154.807 0 0 
0 0 0 172.097 171.534 179.918 179.914 183.592 179.228 193.302 276.993 480.246 598.809 599.768 611.802 623.246 615.385 614.153 597.29 614.228 583.157 617.78 576.596 530.239 495.962 361.782 308.33 278.804 280.373 332.707 473.315 521.496 290.657 183.461 184.913 230.624 438.531 619.994 623.603 624.339 587.895 576.949 534.467 302.535 196.32 194.096 188.133 182.569 191.521 177.292 167.217 174.861 182.934 179.504 172.682 170.741 171.057 165.841 171.628 167.972 166.663 162.699 0 0 0 
0 0 0 174.296 177.912 171.902 172.886 178.296 179.263 181.258 193.352 358.865 554.604 587.118 603.695 601.842 615.136 603.311 588.999 591.489 576.764 588.019 571.048 551.373 536.572 558.657 560.106 542.189 602.536 677.712 701.1 487.355 237.713 217.949 286.166 479.249 609.84 633.648 629.59 634.411 608.649 599.185 450.654 233.747 213.445 202.949 211.943 210.179 187.945 188.622 206.824 202.711 193.605 188.789 182.935 183.016 183.977 182.572 179.595 179.356 177.778 179.001 0 0 0 
0 0 0 0 180.31 173.012 172.054 179.092 174.234 180.347 175.315 260.218 427.7 582.601 591.055 595.62 607.179 606.731 608.998 599.192 588.862 599.884 592.638 619.369 591.865 582.364 619.091 632.76 612.041 588.925 572.921 492.453 438.482 457.436 570.816 651.103 643.438 656.764 646.306 633.071 608.574 550.311 305.451 206.9 215.487 216.72 205.91 195.029 210.426 214.371 199.566 192.379 192.294 193.573 191.687 187.475 188.958 188.717 187.288 184.09 182.364 0 0 0 0 
0 0 0 0 177.768 170.329 180.74 181.033 164.335 178.385 180.109 201.154 293.816 488.049 597.929 595.432 610.399 609.181 621.066 615.915 605.928 613.198 588.622 611.907 611.209 596.557 603.657 597.089 608.364 617.715 585.944 558.004 588.813 614.573 650.527 655.663 635.322 649.529 626.73 613.015 575.526 395.11 219.632 207.122 214.697 180.156 206.734 215.161 200.219 184.309 186.358 191.856 190.611 194.244 196.681 190.624 184.904 183.745 178.66 175.605 173.502 0 0 0 0 
0 0 0 0 0 180.301 188.174 179.036 181.878 181.216 174.649 180.677 204.879 324.81 496.334 588.524 593.156 604.092 617.866 609.976 619.164 618.215 612.637 616.864 614.642 606.997 612.417 614.398 605.374 602.117 589.496 605.155 635.836 618.793 619.615 621.327 616.137 620.97 604.823 596.888 467.984 252.889 217.169 204.843 209.537 207.631 189.023 177.874 181.105 193.418 192.53 194.527 195.574 188.259 183.742 182.471 176.483 172.497 174.772 173.325 0 0 0 0 0 
0 0 0 0 0 181.648 178.715 171.594 174.829 184.358 179.552 170.512 180.859 203.549 322.131 508.61 591.726 586.521 594.338 607.653 614.072 607.146 625.029 610.463 625.75 616.169 623.104 617.936 614.107 610.109 603.941 619.461 638.872 626.81 628.756 616.231 599.133 591.327 582.94 502.572 281.638 210.652 225.028 209.535 186.364 182.583 191.234 209.222 200.297 191.021 189.742 181.123 176.569 174.806 175.271 178.499 181.568 179.135 175.706 173.022 0 0 0 0 0 
0 0 0 0 0 0 171.453 165.318 173.26 182.127 177.862 182.805 191.353 180.249 198.761 288.736 481.024 589.596 589.565 592.464 600.703 607.493 624.218 601.427 623.229 616.425 627.571 626.167 622.095 615.958 608.783 619.08 623.722 617.007 621.428 617.443 593.435 581.483 495.246 301.386 194.553 206.154 185.347 196.845 213.348 206.598 199.444 182.73 186.349 183.299 179.949 187.402 186.489 186.589 181.304 179.144 177.979 177.086 173.756 0 0 0 0 0 0 
0 0 0 0 0 0 0 182.367 177.168 184.211 168.385 166.135 174.61 175.667 177.529 210.194 258.048 396.993 549.01 593.289 584.609 583.417 610.88 593.103 623.289 608.277 622.109 619.987 614.572 608.953 603.735 614.005 621.831 598.995 600.686 591.871 573.16 463.317 288.54 211.169 196.722 199.971 208.606 192.319 182.939 172.748 181.141 186.45 190.678 196.465 190.029 188.945 188.649 182.053 181.211 177.996 177.749 176.071 0 0 0 0 0 0 0 
0 0 0 0 0 0 0 0 183.609 180.964 175.483 181.298 184.915 185.63 181.813 182.965 194.539 205.238 281.193 453.503 527.606 571.959 603.776 573.237 602.515 580.443 624.353 607.31 603.877 585.997 583.676 595.536 588.853 574.732 572.194 515.625 387.835 240.974 202.86 197.718 193.352 179.406 181.92 192.248 195.767 188.148 193.491 193.549 184.61 181.174 179.455 174.887 176.175 174.9 175.846 171.856 166.902 0 0 0 0 0 0 0 0 
0 0 0 0 0 0 0 0 176.328 170.918 175.765 183.017 179.643 178.872 176.567 182.178 188.801 193.965 182.707 198.569 293.131 401.661 466.921 500.495 567.719 561.922 585.038 579.568 579.236 558.586 573.287 574.78 566.868 491.455 381.687 267.042 199.538 176.59 200.952 196.489 191.566 190.554 183.829 183.763 180.748 168.666 161.377 171.862 173.808 171.036 171.922 169.513 170.069 170.954 166.242 167.46 163.994 0 0 0 0 0 0 0 0 
0 0 0 0 0 0 0 0 0 184.931 184.449 179.544 184.493 182.149 184.857 198.245 192.943 188.321 211.131 237.821 192.886 207.035 280.515 286.879 317.869 401.793 452.092 464.911 454.654 431.607 416.785 376.51 302.854 217.709 169.021 172.089 169.687 156.067 154.095 163.595 156.929 155.519 156.741 160.182 174.794 168.097 158.391 159.532 157.436 157.449 160.673 158.498 155.815 155.675 152.757 150.651 0 0 0 0 0 0 0 0 0 
0 0 0 0 0 0 0 0 0 0 184.692 185.579 187.967 194.546 196.588 197.442 198.525 203.049 209.669 220.173 218.351 222.027 221.587 212.119 258.655 312.471 283.818 219.475 213.964 207.96 183.692 149.67 129.161 131.787 126.36 133.567 129.182 126.609 137.126 142.781 142.16 145.371 144.516 146.955 149.255 142.538 140.39 144.249 147.842 143.309 142.123 142.373 144.506 146.152 146.119 0 0 0 0 0 0 0 0 0 0 
0 0 0 0 0 0 0 0 0 0 0 182.997 179.796 181.099 189.051 189.361 186.022 190.004 188.64 188.109 192.287 195.088 191.575 186.12 183.915 196.368 236.971 185.551 163.353 145.458 147.88 153.811 159.269 167.664 173.405 171.212 166.412 161.755 162.253 158.252 154.118 152.92 148.66 152.629 157.446 152.552 151.469 149.523 153.743 154.343 151.542 148.209 143.013 139.165 0 0 0 0 0 0 0 0 0 0 0 
0 0 0 0 0 0 0 0 0 0 0 0 0 178.226 181.641 179.189 179.498 178.314 182.57 186.267 190.85 181.204 167.141 204.934 186.823 187.534 220.522 169.033 179.681 177.099 177.232 170.782 163.62 157.387 152.574 164.391 165.85 163.388 174.321 166.967 169.603 164.765 155.017 163.002 164.662 163.279 160.519 156.302 157.085 158.145 158.179 157.299 0 0 0 0 0 0 0 0 0 0 0 0 0 
0 0 0 0 0 0 0 0 0 0 0 0 0 0 184.13 183.09 170.143 179.998 178.239 178.106 185.836 180.689 169.538 204.934 161.407 202.302 227.749 164.228 165.373 169.49 187.754 180.473 168.987 173.95 168.416 167.014 163.981 161.051 163.01 159.162 166.747 166.984 157.925 172.566 168.482 166.321 165.783 161.502 159.623 156.576 157.853 0 0 0 0 0 0 0 0 0 0 0 0 0 0 
0 0 0 0 0 0 0 0 0 0 0 0 0 0 0 167.069 173.872 179.84 172.3 184.299 178.145 177.318 171.474 193.574 160.073 208.67 219.058 169.359 165.715 170.16 172.358 168.755 170.829 174.182 184.492 167.348 164.429 164.319 169.255 169.193 165.47 159.189 159.087 163.25 167.27 163.392 162.798 165.993 165.414 161.471 0 0 0 0 0 0 0 0 0 0 0 0 0 0 0 
0 0 0 0 0 0 0 0 0 0 0 0 0 0 0 0 0 186.688 173.761 168.543 171.231 181.412 174.331 182.543 163.745 219.182 215.602 161.417 165.629 181.273 175.051 166.857 163.154 174.414 181.134 169.854 170.904 168.137 163.991 168.62 169.136 170.746 160.83 164.691 164.988 162.296 159.933 155.534 0 0 0 0 0 0 0 0 0 0 0 0 0 0 0 0 0 
0 0 0 0 0 0 0 0 0 0 0 0 0 0 0 0 0 0 0 170.464 192.398 170.488 166.52 170.401 176.326 224.894 206.732 159.752 175.778 175.803 179.894 172.082 166.51 176.323 169.695 169.653 170.565 169.285 166.188 169.924 167.446 167.19 166.771 161.701 167.405 160.932 0 0 0 0 0 0 0 0 0 0 0 0 0 0 0 0 0 0 0 
0 0 0 0 0 0 0 0 0 0 0 0 0 0 0 0 0 0 0 0 0 164.382 169.66 175.018 173.365 225.431 200.868 154.531 175.538 172.539 172.279 166.556 170.055 177.922 166.543 164.166 166.774 170.211 169.726 170.357 166.499 168.641 164.876 160.199 0 0 0 0 0 0 0 0 0 0 0 0 0 0 0 0 0 0 0 0 0 
0 0 0 0 0 0 0 0 0 0 0 0 0 0 0 0 0 0 0 0 0 0 0 0 0 228.427 193.806 163.19 174.024 173.896 165.473 164.39 167.942 168.344 168.135 169.274 170.526 161.134 163.811 171.507 0 0 0 0 0 0 0 0 0 0 0 0 0 0 0 0 0 0 0 0 0 0 0 0 0 
0 0 0 0 0 0 0 0 0 0 0 0 0 0 0 0 0 0 0 0 0 0 0 0 0 0 0 0 0 0 0 0 0 0 0 0 0 0 0 0 0 0 0 0 0 0 0 0 0 0 0 0 0 0 0 0 0 0 0 0 0 0 0 0 0 
