0 0 0 0 0 0 0 0 0 0 0 0 0 0 0 0 0 0 0 0 0 0 0 0 0 0 0 0 0 0 0 0 0 0 0 0 0 0 0 0 0 0 0 0 0 0 0 0 0 0 0 0 0 0 0 0 0 0 0 0 0 0 0 0 0 
0 0 0 0 0 0 0 0 0 0 0 0 0 0 0 0 0 0 0 0 0 0 0 0 0 177.616 176.971 180.835 182.537 184.868 180.399 171.439 177.576 179.094 181.102 172.729 171.981 168.672 164.193 177.856 0 0 0 0 0 0 0 0 0 0 0 0 0 0 0 0 0 0 0 0 0 0 0 0 0 
0 0 0 0 0 0 0 0 0 0 0 0 0 0 0 0 0 0 0 0 0 177.251 180.427 178.499 189.341 184.064 180.916 182.564 189.504 185.85 176.486 177.978 184.893 186.979 182.244 176.051 178.963 176.808 175.87 175.311 166.168 166.822 173.132 160.637 0 0 0 0 0 0 0 0 0 0 0 0 0 0 0 0 0 0 0 0 0 
0 0 0 0 0 0 0 0 0 0 0 0 0 0 0 0 0 0 0 177.39 190.917 186.535 189.513 186.455 197.214 181.105 184.624 190.716 190.17 187.615 178.62 188.761 187.378 189.177 182.405 185.726 186.088 182.501 176.214 176.73 171.916 175.713 181.808 163.443 161.262 158.972 0 0 0 0 0 0 0 0 0 0 0 0 0 0 0 0 0 0 0 
0 0 0 0 0 0 0 0 0 0 0 0 0 0 0 0 0 187.566 181.509 192.28 193.022 189.134 190.397 198.972 196.976 178.725 196.661 196.345 188.115 184.335 189.935 191.554 186.965 189.016 190.411 192.974 189.449 179.42 180.405 185.598 179.17 184.807 177.043 162.498 170.747 169.139 163.335 167.502 0 0 0 0 0 0 0 0 0 0 0 0 0 0 0 0 0 
0 0 0 0 0 0 0 0 0 0 0 0 0 0 0 185.843 193.388 193.162 184.606 199.056 193.344 196.362 191.089 200.239 190.074 188.547 203.118 195.822 190.848 194.579 195.856 190.653 192.457 196.572 197.248 190.992 187.326 179.337 189.582 190.502 183.102 188.028 173.701 173.819 180.356 172.274 170.562 170.311 150.705 153.002 0 0 0 0 0 0 0 0 0 0 0 0 0 0 0 
0 0 0 0 0 0 0 0 0 0 0 0 0 0 186.435 196.506 194.971 192.597 196.122 197.499 189.792 201.378 196.305 198.374 190.108 203.948 196.073 192.125 199.594 194.863 189.37 189.366 198.351 198.383 193.311 193.423 195.335 184.84 192.856 188.687 179.515 192.578 183.785 183.46 182.711 171.49 175.619 164.558 162.855 164.902 161.59 0 0 0 0 0 0 0 0 0 0 0 0 0 0 
0 0 0 0 0 0 0 0 0 0 0 0 0 191.721 192.425 203.709 198.711 191.691 205.657 191.344 192.683 205.54 195.732 197.998 199.468 202.982 187.359 206.84 204.603 187.179 197.383 203.386 193.277 189.222 197.079 200.495 199.319 182.853 194.31 194.842 186.447 196.319 184.25 185.509 184.945 169.109 180.907 171.109 176.076 172.757 161.778 156.646 0 0 0 0 0 0 0 0 0 0 0 0 0 
0 0 0 0 0 0 0 0 0 0 0 195.911 195.443 188.099 196.299 205.178 199.845 200.566 206.077 189.08 206.203 198.945 195.965 205.128 199.315 191.51 201.65 210.701 184.723 194.2 210.283 197.708 185.305 202.711 211.815 195.187 191.562 188.578 205.034 196.136 188.409 191.94 186.764 186.943 182.847 185.659 187.192 177.577 174.701 172.146 162.111 161.939 156.854 144.891 0 0 0 0 0 0 0 0 0 0 0 
0 0 0 0 0 0 0 0 0 0 189.862 203.167 198.384 193.71 196.644 197.542 204.447 208.387 199.504 198.307 210.059 188.623 206.041 206.344 192.34 208.957 206.159 187.827 199.913 216.842 196.638 186.085 202.586 213.578 196.243 189.369 198.74 202.813 204.397 185.704 188.023 192.921 198.116 196.611 184.847 188.666 181.908 182.469 178.717 164.785 168.823 171.417 165.593 157.69 148.472 0 0 0 0 0 0 0 0 0 0 
0 0 0 0 0 0 0 0 0 187.265 205.199 206.703 196.733 198.825 197.38 191.773 208.813 209.238 194.856 215.796 199.392 197.133 215.007 189.143 204.691 209.347 200.256 195.233 214.322 199.122 192.029 207.21 207.42 191.513 196.276 207.95 207.636 189.539 190.705 194.205 200.731 203.998 196.959 187.226 180.856 192.17 184.461 188.093 178.619 175.985 182.405 174.005 168.047 161.441 157.753 148.353 0 0 0 0 0 0 0 0 0 
0 0 0 0 0 0 0 0 192.602 192.579 204.114 209.523 195.668 211.247 195.592 192.648 211.123 195.235 212.137 210.731 196.047 215.75 199.146 203.864 208.945 201.524 211.923 195.859 205.459 203.613 200.673 200.447 200.934 203.936 207.694 195.148 192.39 197.281 204.489 206.924 196.243 189.84 188.504 187.329 194.667 194.019 192.295 188.284 181.581 177.739 183.132 179.356 164.916 160.554 164.281 156.259 144.339 0 0 0 0 0 0 0 0 
0 0 0 0 0 0 0 0 200.132 200.809 203.919 204.603 199.014 217.016 191.415 211.348 202.639 194.276 218.327 198.367 217.007 201.937 210.41 201.879 195.247 222.547 194.909 201.925 214.07 191.93 201.12 213.178 203.68 194.314 199.208 202.943 207.386 208.88 197.984 188.128 182.932 200.411 207.26 205.664 194.443 183.505 190.982 187.572 173.109 189.028 188.706 177.908 164.958 172.553 169.199 161.251 154.122 0 0 0 0 0 0 0 0 
0 0 0 0 0 0 0 197.34 199.032 200.431 213.831 202.012 198.535 210.994 192.243 226.118 194.08 211.375 198.088 207.58 203.071 214.691 205.508 202.829 221.545 187.731 212.108 212.248 182.154 213.538 216.162 187.984 191.874 218.013 214.547 192.088 194.72 198.675 201.36 195.814 207.789 214.254 205.254 182.924 176.69 189.478 198.825 189.912 195.313 192.235 182.739 175.005 177.806 180.429 170.618 164.953 153.313 148.932 0 0 0 0 0 0 0 
0 0 0 0 0 0 203.014 195.826 200.197 203.381 208.934 207.812 216.313 198.301 203.86 212.816 204.706 208.929 209.03 194.129 211.32 220.397 200.03 213.735 211.962 209.132 201.453 208.822 197.122 204.001 201.233 204.675 210.083 198.083 189.769 199.131 219.804 210.575 198.382 188.094 201.061 195.407 192.389 181.041 203.388 209.026 213.014 187.889 185.977 188.189 187.493 170.69 182.245 175.733 173.775 162.122 154.977 155.105 148.6 0 0 0 0 0 0 
0 0 0 0 0 195.138 210.297 200.391 194.483 208.286 198.413 207.14 212.834 205.273 223.654 203.977 212.722 213.171 210.772 201.959 218.254 208.782 206.76 213.424 215.346 208.759 216.742 193.398 200.511 210.143 199.894 194.568 202.818 209.83 211.094 194.659 192.137 195.261 203.447 197.026 210.275 201.789 204.99 197.344 206.597 199.962 184.413 176.872 189.754 187.447 181.133 181.59 182.137 178.801 171.657 162.854 167.03 160.851 152.322 146.327 0 0 0 0 0 
0 0 0 0 0 201.456 213.183 208.237 198.239 220.402 197.081 219.576 195.355 207.622 204.681 221.936 200.685 233.685 206.197 213.628 210.954 194.022 221.223 217.299 198.233 208.811 212.217 201.404 200.849 187.796 206.905 209.445 182.864 197.155 209.493 194.998 211.137 220.76 199.711 180.847 194.738 199.442 193.1 189.348 190.644 190.854 186.117 189.823 199.042 194.354 183.703 187.628 178.91 181.995 170.393 173.629 169.144 166.231 157.793 141.31 0 0 0 0 0 
0 0 0 0 198.169 208.611 219.311 199.299 196.002 218.831 196.099 230.156 196.328 220.116 207.776 209.379 217.214 229.45 203.999 219.559 226.674 197.264 214.847 217.313 208.061 215.106 196.447 210.654 206.071 183.336 202.61 196.567 197.12 208.627 185.14 169.923 200.643 199.358 186.147 192.263 213.166 211.69 186.537 190.651 196.504 202.795 192.911 195.248 185.579 180.764 172.945 177.446 181.864 177.629 172.224 169.511 167.175 159.65 148.519 146.322 141.677 0 0 0 0 
0 0 0 0 202.379 204.248 226.404 208.251 207.87 214.553 205.052 228.331 217.971 211.186 229.965 214.314 232.056 240.928 232.672 249.723 253.67 233.096 252.582 237.095 249.086 212.669 193.442 187.852 167.954 183.679 162.373 184.979 190.491 179.016 189.921 185.452 196.915 181.968 176.412 179.639 182.43 173.33 174.63 184.065 185.653 182.693 171.866 175.213 172.468 171.731 180.253 179.495 182.63 163.774 164.903 167.383 167.16 153.7 150.006 149.211 139.366 0 0 0 0 
0 0 0 201.694 207.697 209.821 226.698 206.592 219.103 212.135 222.104 215.346 217.528 220.895 229.632 226.087 249.374 230.877 259.059 319.316 361.823 410.439 446.657 440.74 471.486 463.808 455.13 392.535 345.864 252.118 197.925 193.301 175.1 203.743 204.201 175.715 204.487 209.99 195.744 187.911 191.767 184.372 200.422 189.147 182.297 177.115 188.27 191.257 188.287 189.965 184.82 187.413 173.802 173.704 181.276 180.685 170.435 163.805 161.983 155.04 151.917 140.539 0 0 0 
0 0 0 205.19 203.471 205.761 222.75 202.162 216.836 200.797 225.693 225.098 207.922 222.287 211.976 227.992 312.458 396.863 471.853 542.057 563.868 608.465 593.178 611.399 586.7 611.974 606.295 602.014 580.23 544.92 466.576 354.189 264.103 219.607 211.113 217.463 230.262 199.483 194.63 221.153 221.071 211.446 228.116 213.348 217.141 229.024 221.536 208.382 209.883 203.718 204.921 200.703 188.22 195.294 198.213 188.068 181.09 184.215 175.173 175.272 164.436 144.854 0 0 0 
0 0 213.136 220.041 214.435 210.534 221.993 202.063 215.435 207.364 207.924 227.77 207.288 242.966 314.862 440.428 550.46 593.305 609.484 633.792 611.37 627.492 616.621 642.204 632.409 614.915 616.546 625.786 619.554 616.848 603.309 581.446 498.019 357.228 254.041 212.005 230.311 225.648 240.427 239.758 199.315 209.347 227.017 198.199 204.046 220.621 195.404 196.266 213.597 208.525 209.96 207.676 215.454 213.915 204.39 196.877 192.957 187.664 189.214 182.066 168.556 167.507 159.536 0 0 
0 0 206.52 208.628 212.097 213.927 234.247 218.082 223.316 219.885 221.328 234.069 262.064 430.086 547.098 605.617 622.139 615.204 624.51 633.909 642.282 637.086 648.887 634.421 646.644 645.761 644.231 651.201 655.474 639.544 629.264 600.094 623.262 581.935 423.107 291.321 249.142 215.223 214.641 218.994 200.572 243.192 237.512 207.766 231.717 221.409 200.505 223.49 219.693 208.113 208.036 209.437 206.575 198.336 196.066 195.203 191.585 198.053 189.743 175.042 177.837 173.53 165.741 0 0 
0 0 211.226 213.96 205.716 204.388 214.824 221.636 208.451 218.93 209.777 318.886 469.255 605.02 604.666 620.774 643.364 635.398 654.063 633.991 651.203 639.372 652.738 651.108 642.331 665.239 668.8 649.541 651.491 651.088 643.325 635.821 624.355 640.334 599.17 496.908 308.587 228.802 253.098 251.901 212.512 227.917 212.538 208.887 245.535 222.322 220.385 245.514 214.814 202.329 216.844 213.483 197.433 195.366 198.823 202.363 206.178 196.43 185.154 187.412 187.057 181.03 171.628 0 0 
0 0 215.109 214.902 210.449 213.27 217.324 226.154 216.862 219.873 319.792 531.783 605.539 627.518 629.368 631.102 653.46 635.259 660.684 623.595 628.894 633.505 601.791 600.475 600.624 607.693 623.709 646.884 647.551 668.193 658.164 647.408 646.677 664.578 614.781 626.306 506.904 305.394 234.643 232.824 204.931 248.828 247.829 225.949 226.715 188.007 215.97 220.983 195.642 217.841 227.085 208.627 212.086 220.815 211.633 210.233 203.261 190.14 193.743 188.011 182.968 175.793 160.209 0 0 
0 202.559 212.755 219.174 205.959 214.921 214.688 236.442 231.643 310.24 520.752 615.6 615.223 645.034 658.499 639.472 675.52 646.342 658.79 638.708 620.665 604.82 596.098 587.963 583.741 584.294 586.039 591.6 603.253 618.447 646.894 648.315 641.451 676.312 632.51 631.696 615.72 532.823 299.92 252.233 239.46 204.921 207.543 211.446 238.452 224.531 244.269 205.208 202.218 231.417 205.551 197.656 210.947 211.871 204.732 197.632 195.803 200.295 199.149 195.176 184.03 171.775 169.748 164.894 0 
0 212.444 209.194 226.947 202.572 214.97 205.314 221.225 291.95 488.827 605.436 626.467 641.52 647.939 656.507 636.284 662.057 618.035 612.877 611.412 616.46 617.881 630.971 629.055 619.715 630.265 634.876 638.339 616.711 586.586 592.469 633.88 660.751 677.128 663.419 647.52 612.462 598.393 446.582 302.764 209.643 258.374 269.259 218.115 230.413 224.791 238.102 216.833 245.039 228.399 197.252 217.108 220.123 201.57 200.995 205.802 213.298 201.304 199.925 191.886 178.843 184.917 183.44 174.556 0 
0 211.83 211.692 230.786 208.349 215.354 207.781 246.366 454.362 585.293 617.353 634.972 643.714 648.893 659.191 622.381 623.965 609.38 624.508 634.413 634.631 636.103 643.609 639.044 623.676 616.06 621.382 631.574 643.313 646.653 622.309 569.052 633.834 673.545 682.972 661.494 677.721 632.8 600.803 380.275 290.787 180.471 225.766 218.1 235.04 202.935 210.182 211.435 232.378 204.665 228.338 247.176 218.762 210.269 223.686 228.983 220.37 213.104 203.472 198.248 199.996 195.364 189.286 175.987 0 
0 213.669 206.337 221.048 211.075 221.913 212.283 349.97 583.586 605.373 624.472 648.964 646.55 642.633 631.545 583.967 618.386 626.629 613.642 600.108 589.105 597.965 607.021 601.242 620.85 632.419 633.55 639.219 668.17 672.503 673.923 619.147 602.939 662.294 704.623 655.282 703.47 640.308 671.406 496.381 396.976 232.984 266.412 236.608 260.488 252.083 253.621 234.345 226.033 222.135 241.05 215.751 204.867 229.07 227.757 208.878 205.335 190.673 198.323 205.957 199.464 197.186 190.725 180.336 0 
0 209.912 209.408 221.137 209.282 225.65 254.902 485.902 612.578 626.059 626.574 651.111 639.563 630.725 625.004 605.939 635.032 619.067 610.109 601.952 571.129 507.187 429.726 378.753 364.522 383.93 439.164 527.196 598.999 653.895 670.996 625.157 625.87 603.872 686.47 674.948 690.013 651.778 643.448 636.59 435.974 249.25 269.493 215.203 218.145 243.654 233.573 238.357 232.676 234.5 220.061 199.612 231.251 228.757 206.536 203.53 207.102 211.9 208.477 197.229 193.358 182.343 175.292 169.932 0 
0 216.661 210.56 212.308 213.396 220.914 351.833 575.975 608.813 650.439 630.874 670.474 640.635 609.114 651.702 632.902 642.203 643.625 619.18 492.345 343.976 259.701 220.471 206.312 201.873 196.94 204.348 238.232 321.658 476.034 640.86 635.336 617.246 624.434 580.255 696.275 660.556 679.017 635.835 626.968 510.057 306.488 224.74 254.63 192.09 221.798 193.877 225.227 207.584 217.624 198.975 219.212 220.208 193.869 193.291 207.856 214.748 199.007 196.212 199.66 191.04 176.75 175.704 170.487 0 
0 205.627 213.968 213.579 226.227 242.004 457.647 617.801 615.488 664.199 632.508 675.138 607.191 598.748 653.479 627.922 648.075 604.506 404.445 229.434 195.535 202.363 198.266 199.737 199.962 195.519 195.691 193.806 192.756 234.644 404.655 686.511 626.85 697.542 591.284 632.996 678.566 626.487 647.332 627.628 608.859 375.259 249.548 242.876 223.344 236.196 218.01 215.137 206.969 217.562 218.333 219.714 185.199 185.769 210.47 212.302 193.455 193.344 192.814 183.419 180.705 180.876 183.942 181.522 0 
0 212.818 216.214 209.61 228.852 281.433 531.836 613.159 619.807 666.26 632.946 661.992 601.81 617.747 653.435 632.016 621.537 403.162 217.146 197.316 198.853 200.355 192.8 191.354 191.209 186.425 189.63 186.676 183.319 186.542 177.652 463.959 673.723 721.112 665.836 574.614 686.962 701.179 652.187 642.667 614.352 473.719 244.872 211.68 236.903 211.03 243.441 207.617 232.35 217.087 218.117 203.788 208.33 223.969 210.417 194.377 192.395 194.118 189.315 194.888 193.574 185.941 181.045 170.186 0 
0 210.663 210.944 196.465 234.149 346.361 582.509 616.45 630.372 659.253 638.847 635.633 623.747 634.46 642.168 632.262 509.596 240.997 203.751 200.636 199.219 205.882 197.57 194.042 200.1 197.641 190.974 191.179 184.921 190.428 185.779 234.565 680.682 635.528 646.929 637.513 643.367 659.056 660.084 637.839 626.609 562.813 293.961 245.735 206.941 215.301 218.539 210.055 206.886 204.335 208.765 212.314 236.097 214.4 194.368 197.401 199.228 194.906 188.098 190.354 188.956 180.566 173.314 173.124 0 
0 218.047 228.263 202.497 237.715 396.514 598.193 621.295 639.356 657.518 657.409 609.053 629.258 644.476 619.68 630.66 368.213 199.489 210.421 197.576 202.805 208.7 199.984 199.112 200.633 197.544 193.979 195.464 197.936 190.38 207.303 198.887 487.731 701.737 612.876 597.858 638.468 666.118 666.734 659.799 607.049 562.122 333.016 218.511 250.869 237.078 199.592 236.353 194.074 212.833 204.878 214.367 196.471 181.813 199.686 211.831 203.937 197.962 195.14 198.34 186.398 175.801 173.732 170.345 0 
0 208.72 220.798 209.598 254.512 444.249 606.909 626.933 643.124 645.273 665.4 576.794 624.818 652.879 613.252 595.089 272.845 204.421 209.071 198.906 197.493 208.997 207.807 199.386 201.883 200.716 197.412 199.136 197.558 196.12 200.914 211.823 387.781 656.174 658.741 621.851 589.845 641.133 649.598 663.937 650.815 594.305 358.556 223.505 203.074 214.462 243.719 206.377 232.706 217.509 204.337 200.463 191.969 215.784 220.457 198.273 190.122 194.366 192.295 187.239 178.833 179.601 181.257 183.16 0 
0 211.614 220.186 220.133 249.244 478.167 613.143 627.404 646.588 634.089 662.417 566.741 636.895 646.208 627.369 539.557 231.189 206.668 210.514 205.014 202.129 206.783 210.315 201.931 202.685 203.227 201.342 202.32 199.369 203.463 204.076 209.851 365.641 616.339 656.553 648.157 576.893 651.732 635.833 634.496 629.566 617.272 416.699 213.248 230.769 211.987 203.413 214.246 221.253 207.968 216.877 208.97 220.617 205.345 188.831 191.832 202.051 202.277 189.664 192.921 190.093 183.886 177.683 167.166 0 
0 218.392 216.938 217.556 227.583 493.334 622.676 635.398 651.756 634.551 651.715 559.317 644.266 642.318 653.078 497.543 237.116 206.98 208.334 201.584 201.739 204.859 210.64 202.617 201.353 206.089 209.046 202.513 198.878 203.406 209.651 210.346 373.461 600.998 633.264 644.697 582.158 637.8 647.375 639.692 612.378 598.097 418.365 243.098 233.948 208.681 211.697 216.224 201.112 222.575 206.287 214.026 205.17 189.743 202.609 209.157 202.212 192.391 190.763 196.675 190.317 184.159 178.484 170.445 0 
0 219.488 214.466 237.232 216.776 498.628 608.777 623.889 652.155 656.835 633.569 558.666 630.333 647.816 661.832 506.876 249.921 208.759 205.433 208.484 199.247 201.314 205.747 211.099 205.09 200.821 204.622 204.312 204.157 200.242 201.359 212.552 409.014 599.683 619.717 635.239 598.109 645.558 661.402 632.941 606.602 597.836 430.946 213.558 216.079 240.767 227.25 199.766 219.81 194.184 215.803 210.744 191.793 207.006 209.31 198.917 197.934 196.913 193.463 189.236 181.133 178.402 178.773 178.952 0 
0 218.452 212.937 231.049 219.909 470.762 618.414 628.287 638.56 654.73 644.871 566.66 609.569 642.167 657.925 574.788 262.47 217.331 207.668 211.85 204.105 200.916 205.576 209.155 209.959 202.283 204.718 207.383 205.22 203.986 205.338 223.249 475.167 602.147 616.94 621.02 605.505 651.428 657.174 647.336 613.944 587.566 391.398 244.112 222.193 202.761 205.373 231.182 206.173 219.825 207.335 202.532 221.779 212.191 186.624 181.074 193.558 196.834 196.966 191.172 186.491 184.607 183.35 177.877 0 
0 0 219.146 213.272 220.293 415.49 613.549 621.672 652.299 648.683 645.162 577.584 600.023 640.049 632.955 652.508 344.111 208.521 209.211 203.785 206.14 202.239 200.428 204.932 208.619 209.52 201.922 203.364 204.803 210.811 208.062 283.294 566.961 601.394 622.156 604.823 604.781 650.409 641.947 651.094 621.991 588.67 361.691 199.515 225.546 233.932 221.93 202.08 222.502 206.957 205.111 213.966 192.326 192.246 206.963 214.516 202.928 192.748 190.49 189.874 187.468 189.45 182.695 0 0 
0 0 216.858 228.899 237.554 343.972 607.121 619.271 644.572 645.753 653.883 602.489 587.602 636.746 635.803 652.19 515.04 218.13 212.567 200.762 204.996 205.909 205.545 204.01 199.792 205.182 210.694 207.402 204.94 202.481 214.8 424.041 618.598 600.319 628.864 579.887 601.226 658.09 646.904 639.848 611.865 570.125 325.982 227.787 216.575 214.018 205.285 211.594 196.1 205.558 224.495 200.578 206.77 217.329 212.438 206.418 199.072 196.135 195.387 186.091 178.003 174.421 169.958 0 0 
0 0 228.045 219.652 227.169 296.636 562.516 620.596 637.056 653.623 651.919 628.43 578.675 639.266 640.086 635.033 639.409 375.834 216.508 211.574 206.957 207.475 204.666 201.583 203.933 203.973 206.431 204.643 211.546 206.959 327.986 570.41 622.559 615.538 612.637 563.994 635.974 654.292 642.033 644.044 614.356 528.335 268.73 212.697 206.187 218.764 234.382 208.544 221.532 216.32 197.714 210.642 220.671 201.159 189.089 189.227 194.02 200.901 193.907 188.01 183.587 184.855 175.404 0 0 
0 0 225.766 217.231 228.604 261.569 479.701 624.8 620.523 636.967 650.341 658.401 585.819 617.381 642.468 642.744 645.751 624.373 339.779 229.098 205.361 209.725 210.268 206.732 206.327 203.719 209.619 203.801 207.435 309.072 535.202 637.2 632.487 624.528 569.133 569.588 647.106 649.72 644.174 627.392 612.2 472.31 254.444 228.955 209.171 200.737 197.115 222.656 203.465 195.449 210.29 204.645 192.074 195.373 209.864 209.541 203.462 202.174 196.97 191.296 189.208 186.921 180.657 0 0 
0 0 0 220.6 224.899 242.827 376.799 614.017 630.935 642.755 654 662.676 624.602 603.817 623.194 641.388 637.368 661.254 601.192 420.725 294.958 220.694 206.848 205.467 208.926 207.341 200.662 213.412 341.871 534.306 624.291 626.569 634.817 591.026 540.636 625.986 656.352 656.611 630.962 598.384 591.589 367.618 210.555 220.382 217.998 210.35 211.016 195.378 212.502 219.068 199.833 202.108 215.965 215.562 206.215 198.959 201.178 194.423 191.213 193.123 192.305 184.331 0 0 0 
0 0 0 222.847 217.577 227.241 302.919 518.201 621.537 627.954 652.171 649.66 657.477 608.876 626.042 621.989 637.421 633.893 655.979 608.074 548.921 471.242 363.679 312.757 289.351 286.778 343.417 471.387 604.504 654.765 648.975 663.488 641.247 543.642 585.632 670.432 655.1 666.795 648.065 630.069 553.049 304.734 239.507 235.365 228.093 218.1 220.3 224.132 212.581 210.901 223.305 224.15 209.013 201.717 200.672 202.612 206.761 204.614 200.662 192.028 192.314 191.959 0 0 0 
0 0 0 0 213.19 212.868 246.644 385.39 593.229 609.315 636.175 627.417 655.724 616.126 637.179 596.401 606.135 612.049 612.525 604.301 571.81 568.173 578.365 555.053 571.997 609.9 667.127 705.047 689.718 681.311 683.756 665.847 568.125 567.511 661.807 671.466 668.526 667.743 639.503 609.613 418.592 259.12 248.1 251.732 252.703 253.541 244.13 225.298 231.38 234.61 223.641 213.537 218.348 222.553 226.56 226.952 216.848 208.939 209.772 211.202 206.95 0 0 0 0 
0 0 0 0 222.832 223.154 217.449 292.669 487.417 615.869 624.468 628.951 657.078 630.419 649.095 637.997 617.411 608.833 643.279 647.528 649.292 622.564 628.156 675.068 654.424 675.578 664.35 647.24 663.474 668.55 631.963 555.774 573.341 677.069 682.398 683.545 676.338 655.016 627.501 525.754 300.831 244.527 229.487 226.886 230.383 208.127 223.074 229.975 216.541 211.899 219.658 231.716 230.416 218.053 213.245 209.25 207.171 209.216 204.983 205.052 205.9 0 0 0 0 
0 0 0 0 0 226.679 221.844 233.525 339.64 553.8 619.096 614.092 649.083 641.036 647.239 656.823 656.517 618.66 611.287 617.983 626.8 645.646 628.77 637.066 675.502 658.057 649.056 668.576 659.84 603.615 549.811 599.887 668.647 667.221 643.426 641.725 627.553 621.871 576.548 377.527 243.755 251.945 247.133 241.853 248.321 241.97 224.748 222.431 233.774 230.024 214.897 206.568 201.773 202.438 204.144 201.957 201.689 202.995 200.288 195.767 0 0 0 0 0 
0 0 0 0 0 237.519 217.311 229.89 257.766 378.381 589.793 625.458 642.047 650.19 647.439 659.697 661.584 657.617 646.481 631.868 621.501 639.685 635.708 616.935 611.517 637.679 633.159 600.436 573 606.368 654.825 655.892 658.891 652.07 657.251 658.671 633.363 614.069 435.27 253.759 216.841 226.232 234.021 223.527 213.153 226.079 230.248 228.882 216.703 211.999 212.621 214.053 223.054 225.71 217.73 211.544 204.289 199.344 198.043 192.777 0 0 0 0 0 
0 0 0 0 0 0 221.732 221.574 227.115 254.39 392.913 596.576 620.525 630.526 632.408 655.566 656.244 648.227 660.544 666.437 654.242 661.411 633.873 627.527 610.613 619.798 627.221 646.153 662.791 659.833 669.51 672.271 686.205 660.711 624.976 615.331 593.365 475.635 281.168 233.916 235.321 235.706 224.622 227.625 223.046 211.942 209.859 213.707 221.4 230.751 227.452 219.086 210.17 207.809 207.852 201.8 201.41 202.748 200.7 0 0 0 0 0 0 
0 0 0 0 0 0 0 221.679 226.085 225.108 251.971 381.482 584.629 622.921 605.995 629.857 654.277 646.326 639.711 659.105 656.654 638.909 657.545 660.222 657.311 658.005 666.021 680.525 685.805 676.51 668.098 655.736 650.692 642.91 630.311 623.805 481.952 299.316 230.642 239.897 236.948 232.503 234.071 221.359 233.84 233.484 228.589 221.877 209.851 199.138 200.595 201.378 203.455 201.619 199.525 205.13 205.633 201.358 0 0 0 0 0 0 0 
0 0 0 0 0 0 0 0 209.939 226.02 242.182 234.09 346.09 542.757 595.948 614.867 638.167 630.58 642.512 645.625 661.467 659.685 649.224 660.108 668.802 649.498 654.559 659.007 663.344 657.97 663.558 657.843 626.778 624.105 582.962 457.331 273.048 240.524 229.274 225.867 212.78 223.098 233.946 236.539 221.942 215.606 209.665 214.937 221.826 222.317 224.224 224.032 216.692 210.036 209.358 209.29 206.638 0 0 0 0 0 0 0 0 
0 0 0 0 0 0 0 0 231.331 226.048 228.09 223.385 218.37 302.686 443.744 534.985 621.013 620.292 622.981 628.184 634.837 647.185 644.801 640.849 647.093 662.843 656.073 638.983 639.224 630.676 631.946 631.819 611.085 538.222 375.555 252.813 226.428 239.599 231.921 231.68 224.124 209.295 210.011 214.685 223.572 229.688 226.999 216.867 215.543 216.92 209.275 204.655 203.658 201.153 199.441 195.857 189.812 0 0 0 0 0 0 0 0 
0 0 0 0 0 0 0 0 0 234.875 226.954 228.128 237.311 223.244 224.808 325.165 436.974 529.737 584.001 607.174 628.303 633.972 627.32 632.408 623.87 632.791 626.756 621.721 614.553 611.471 599.936 549.559 444.721 309.393 243.326 229.842 212.728 223.889 232.807 230.728 226.632 229.115 219.357 214.733 207.769 197.78 199.729 200.023 204.008 205.457 201.297 202.154 204.913 204.794 203.471 198.503 0 0 0 0 0 0 0 0 0 
0 0 0 0 0 0 0 0 0 0 229.95 210.187 222.386 247.245 225.338 206.028 262.091 268.455 350.033 431.491 479.271 534.552 555.611 573.266 582.292 582.564 582.035 586.501 551.52 498.377 416.911 290.045 225.138 203.876 213.877 219.392 203.587 196.452 193.135 197.737 202.685 207.222 207.1 214.047 215.599 220.949 213.605 214.11 206.933 203.978 204.539 202.47 201.205 198.704 192.786 0 0 0 0 0 0 0 0 0 0 
0 0 0 0 0 0 0 0 0 0 0 245.421 248.179 253.927 259.043 240.422 251.567 292.302 273.343 287.265 320.451 337.398 364.59 382.171 390.788 379.616 352.412 309.573 253.813 201.979 175.042 163.848 190.37 182.05 182.734 193.312 191.065 200.544 196.003 186.375 181.393 181.936 178.395 176.453 180.922 180.134 176.909 172.639 170.389 170.511 170.786 173.348 172.606 169.45 0 0 0 0 0 0 0 0 0 0 0 
0 0 0 0 0 0 0 0 0 0 0 0 0 224.457 237.555 244.336 243.188 223.692 251.562 261.522 221.826 245.683 259.109 211.504 203.766 202.327 190.831 167.098 155.58 186.752 184.238 183.832 193.743 176.249 174.35 162.637 161.014 165.291 178.126 181.946 173.687 176.86 181.807 181.321 191.557 192.212 187.281 184.752 186.071 187.87 187.79 182.979 0 0 0 0 0 0 0 0 0 0 0 0 0 
0 0 0 0 0 0 0 0 0 0 0 0 0 0 237.338 221.611 225.275 234.686 219.97 215.733 242.672 219.581 193.358 225.551 223.756 202.659 191.099 212.542 213.499 221.041 190.016 180.99 187.719 188.735 208.159 205.758 202.818 203.842 209.929 196.848 195.93 195.527 191.25 179.142 181.393 183.763 186.322 185.88 186.524 187.249 181.835 0 0 0 0 0 0 0 0 0 0 0 0 0 0 
0 0 0 0 0 0 0 0 0 0 0 0 0 0 0 220.713 227.376 222.216 216.063 224.169 219.363 225.463 220.565 209.001 199.283 203.461 227.002 202.844 199.389 202.044 198.432 218.956 211.531 205.148 198.166 190.766 191.859 195.971 203.105 195.786 198.949 205.021 204.912 195.567 193.969 195.437 198.319 198.592 190.041 190.607 0 0 0 0 0 0 0 0 0 0 0 0 0 0 0 
0 0 0 0 0 0 0 0 0 0 0 0 0 0 0 0 0 218.94 219.219 221.379 217.039 211.197 224.393 229.809 211.471 196.583 204.401 200.243 224.39 213.834 194.787 199.494 194.683 205.838 210.353 212.384 204.206 198.344 199.696 191.861 190.205 186.499 191.796 196.284 196.246 199.016 197.946 198.742 0 0 0 0 0 0 0 0 0 0 0 0 0 0 0 0 0 
0 0 0 0 0 0 0 0 0 0 0 0 0 0 0 0 0 0 0 215.871 212.026 204.922 219.275 218.52 214.275 224.502 200.171 199.641 204.402 209.176 214.97 210.331 198.479 196.068 190.323 194.276 196.82 205.352 208.109 207.958 205.681 203.442 197.992 193.303 195.133 198.894 0 0 0 0 0 0 0 0 0 0 0 0 0 0 0 0 0 0 0 
0 0 0 0 0 0 0 0 0 0 0 0 0 0 0 0 0 0 0 0 0 215.212 209.65 202.028 211.525 221.012 204.898 214.554 214.852 200.758 211.01 209.048 215.252 216.625 208.895 202.216 194.342 199.891 201.293 204.35 210.261 208.324 208.535 200.712 0 0 0 0 0 0 0 0 0 0 0 0 0 0 0 0 0 0 0 0 0 
0 0 0 0 0 0 0 0 0 0 0 0 0 0 0 0 0 0 0 0 0 0 0 0 0 204.107 210.766 208.336 214.179 201.711 210.32 199.004 199.598 209.888 212.787 205.62 196.79 199.977 199.927 199.779 0 0 0 0 0 0 0 0 0 0 0 0 0 0 0 0 0 0 0 0 0 0 0 0 0 
0 0 0 0 0 0 0 0 0 0 0 0 0 0 0 0 0 0 0 0 0 0 0 0 0 0 0 0 0 0 0 0 0 0 0 0 0 0 0 0 0 0 0 0 0 0 0 0 0 0 0 0 0 0 0 0 0 0 0 0 0 0 0 0 0 
