0 0 0 0 0 0 0 0 0 0 0 0 0 0 0 0 0 0 0 0 0 0 0 0 0 0 0 0 0 0 0 0 0 0 0 0 0 0 0 0 0 0 0 0 0 0 0 0 0 0 0 0 0 0 0 0 0 0 0 0 0 0 0 0 0 
0 0 0 0 0 0 0 0 0 0 0 0 0 0 0 0 0 0 0 0 0 0 0 0 0 257.975 266.078 273.146 262.121 263.956 250.361 264.274 256.08 267.094 260.795 260.876 247.639 254.249 247.964 240.245 0 0 0 0 0 0 0 0 0 0 0 0 0 0 0 0 0 0 0 0 0 0 0 0 0 
0 0 0 0 0 0 0 0 0 0 0 0 0 0 0 0 0 0 0 0 0 261.91 273.122 270.369 273.185 270.662 278.912 271.381 266.948 266.67 259.789 271.834 267.735 275.132 270.179 267.882 257.859 264.02 257.874 254.255 252.582 254.915 244.435 233.505 0 0 0 0 0 0 0 0 0 0 0 0 0 0 0 0 0 0 0 0 0 
0 0 0 0 0 0 0 0 0 0 0 0 0 0 0 0 0 0 0 272.307 276.3 275.945 273.126 271.359 282.989 281.74 284.645 278.608 275.438 267.763 269.246 275.886 275.242 277.474 276.878 269.472 259.93 270.243 269.728 268.222 265.571 262.11 252.046 245.118 253.165 238.339 0 0 0 0 0 0 0 0 0 0 0 0 0 0 0 0 0 0 0 
0 0 0 0 0 0 0 0 0 0 0 0 0 0 0 0 0 274.28 283.774 280.374 275.892 284.091 279.386 281.877 289.668 286.732 287.096 285.21 280.456 274.466 285.516 279.803 283.874 286.396 282.485 272.996 277.504 281.882 276.675 274.662 269.056 265.877 258.492 260.189 258.736 245.143 246.49 227.411 0 0 0 0 0 0 0 0 0 0 0 0 0 0 0 0 0 
0 0 0 0 0 0 0 0 0 0 0 0 0 0 0 273.469 282.073 283.778 288.017 284.59 281.801 286.611 286.248 291.383 293.686 288.48 288.01 289.268 289.95 285.706 288.827 282.648 291.041 281.799 283.047 282.277 286.515 285.333 283.699 274.275 269.737 273.426 267.175 266.527 263.468 260.011 256.255 245.543 248.051 221.167 0 0 0 0 0 0 0 0 0 0 0 0 0 0 0 
0 0 0 0 0 0 0 0 0 0 0 0 0 0 282.739 280.095 286.602 289.483 291.073 290.063 283.611 294.286 299.85 294.998 292.68 288.345 288.966 291.965 297.366 288.92 293.183 277.24 289.922 285.823 302.115 289.403 288.892 292.07 283.954 268.242 282.374 280.643 270.78 280.958 266.397 273.793 256.797 261.724 246.268 243.297 241.785 0 0 0 0 0 0 0 0 0 0 0 0 0 0 
0 0 0 0 0 0 0 0 0 0 0 0 0 296.095 283.306 285.446 294.066 298.096 290.704 290.544 288.548 300.468 301.969 296.843 289.316 290.613 303.029 301.167 295.607 280.391 290.482 284.382 304.945 299.393 305.906 284.152 287.161 292.572 282.519 284.469 289.24 284.351 279.524 288.021 272.366 273.713 259.079 273.231 243.863 263.04 238.497 239.544 0 0 0 0 0 0 0 0 0 0 0 0 0 
0 0 0 0 0 0 0 0 0 0 0 289.424 291.457 294.082 292.579 293.382 300.727 298.313 293.659 292.611 297.454 311.222 291.484 292.155 301.648 307.867 312.58 285.072 291.501 283.164 308.236 301.845 299.78 293.759 291.7 283.955 297.629 297.942 285.387 295.488 292.022 281.338 288.729 279.805 274.84 267.721 267.75 268.838 259.769 266.423 247.167 264.061 236.492 225.968 0 0 0 0 0 0 0 0 0 0 0 
0 0 0 0 0 0 0 0 0 0 284.503 296.088 290.864 298.72 293.043 298.172 309.18 299.56 294.856 298.429 313.787 305.218 282.463 296.933 322.823 310.107 301.808 281.687 312.601 301.215 296.615 287.234 289.763 301.841 303.131 305.527 302.773 293.573 290.624 285.519 285.745 281.675 281.503 276.568 281.936 273.692 287.227 268.151 278.462 268.937 264.752 256.329 244.065 238.635 231.792 0 0 0 0 0 0 0 0 0 0 
0 0 0 0 0 0 0 0 0 277.13 297.589 296.679 299.064 295.302 297.682 306.879 306.219 298.928 300.819 320.248 313.646 291.133 299.772 318.435 298.241 285.607 324.724 305.958 298.139 273.084 290.744 298.906 306.383 316.045 299.771 292.971 277.09 286.383 282.318 290.247 292.562 288.484 294.012 288.696 289.131 286.439 284.396 273.07 284.988 256.56 269.911 255.03 251.246 245.671 237.473 231.117 0 0 0 0 0 0 0 0 0 
0 0 0 0 0 0 0 0 292.191 292.492 305.253 297.521 303.403 296.689 305.707 309.102 307.705 297.614 321.422 316.61 297.066 320.806 322.232 296.167 308.646 326.836 309.594 291.843 323.418 299.532 287.641 278.158 272.064 291.77 295.699 284.974 290.623 303.746 298.697 298.525 295.469 283.855 287.46 282.983 272.52 286.875 269.652 273.385 262.332 261.878 265.034 254.331 250.497 247.593 241.944 240.358 223.315 0 0 0 0 0 0 0 0 
0 0 0 0 0 0 0 0 298.855 292.168 313.79 306.641 309.938 301.44 322.993 313.649 305.386 321.918 328.025 300.83 342.959 321.191 307.796 333.95 308.238 300.962 310.103 304.791 328.588 402.376 388.665 304.362 278.283 309.563 287.128 262.862 271.274 275.336 274.289 274.937 268.937 276.977 275.329 279.481 270.086 291.461 260.821 275.188 263.654 275.833 260.967 263.871 263.015 258.263 251.668 241.128 227.501 0 0 0 0 0 0 0 0 
0 0 0 0 0 0 0 304.922 303.26 305.167 313.265 312.314 309.587 314.869 334.974 301.741 329.123 337.46 316.061 353.979 350.42 377.804 418.716 436.341 466.214 462.974 435.175 366.003 448.607 641.498 638.053 475.517 361.766 334.164 313.282 304.946 307.453 310.632 311.018 304.463 296.909 302.541 299.056 294.747 290.813 281.608 285.637 285.801 281.323 277.085 273.202 278.472 268.821 258.534 254.183 246.981 245.96 230.136 0 0 0 0 0 0 0 
0 0 0 0 0 0 296.041 297.354 294.55 305.608 310.816 308.998 294.268 325.483 308.447 300.048 324.193 300.924 371.498 434.332 529.958 582.367 622.999 638.933 655.074 642.24 650.948 619.164 677.797 717.314 697.251 664.291 529.035 340.032 316.306 303.971 316.424 316.548 311.512 312.967 308.408 315.214 314.831 297.428 308.206 303.217 324.692 300.704 309.78 296.366 301.19 294.75 277.264 278.945 275.672 271.761 260.481 244.493 254.03 0 0 0 0 0 0 
0 0 0 0 0 295.743 299.789 306.505 304.01 315.235 316.842 309.278 312.497 336.296 297.746 342.252 333.008 462.895 587.011 664.648 690.907 677.543 677.492 690.039 702.21 682.292 691.729 698.938 703.514 717.053 732.86 740.913 625.591 425.788 394.61 316.49 282.691 293.897 293.747 294.247 296.639 310.88 298.034 289.459 294.383 292.245 292.515 287.81 294.673 279.983 285.853 283.453 280.145 281.503 276.262 276.468 255.47 264.677 252.191 239.671 0 0 0 0 0 
0 0 0 0 0 304.605 298.913 306.784 303.822 314.899 319.91 294.799 334.111 311.971 335.599 412.727 548.276 646.943 676.351 674.329 685.223 679.449 700.308 699.36 685.342 666.977 691.292 695.047 681.172 681.698 703.536 688.186 654.097 616.741 639.567 561.161 412.188 340.916 325.679 325.651 310.068 305.376 293.483 304.134 296.731 327.35 316.862 308.954 288.529 292.678 301.117 288.59 287.259 279.492 281.125 271.395 269.79 271.073 249.123 251.145 0 0 0 0 0 
0 0 0 0 296.344 308.173 305.653 304.355 304.342 319.375 308.017 313.285 323.138 342.323 483.991 625.12 664.786 679.054 684.624 694.845 712.024 690.363 703.014 710.156 701.795 697.159 726.951 719.664 703.835 709.619 713.257 702.646 698.113 672.13 679.812 660.028 620.23 511.927 371.447 286.093 301.305 326.765 321.426 330.553 312.491 304.331 294.467 296.85 294.459 308.929 312.11 301.046 293.7 293.008 295.954 277.384 282.453 258.317 261.718 247.242 239.312 0 0 0 0 
0 0 0 0 311.16 311.298 310.021 306.288 308.049 324.051 296.408 329.431 346.291 535.199 646.817 681.825 674.795 701.819 704.923 703.133 709.719 709.065 726.718 733.828 714.581 712.219 736.283 717.042 719.908 726.815 708.11 716.071 723.649 690.632 682.647 665.311 686.378 666.937 562.202 420.949 342.979 312.421 308.102 302.401 321.153 321.099 330.273 307.789 299.772 306.476 303.994 300.902 290.586 297.997 284.68 284.652 280.641 276.344 275.054 252.583 252.581 0 0 0 0 
0 0 0 295.495 306.782 305.557 310.363 305.383 315.281 323.388 299.986 358.024 527.556 659.471 679.502 693.77 694.896 701.89 707.778 731.071 736.189 718.793 738.897 746.697 733.528 740.512 748.307 728.943 755.079 735.053 728.88 753.09 734.601 708.388 721.176 699.461 695.879 674.149 668.293 618.307 461.646 340.616 332.797 300.073 315.38 308.208 317.229 317.136 324.501 325.657 314.285 297.212 293.36 300.679 292.063 292.725 276.389 289.245 262.094 262.817 259.884 252.326 0 0 0 
0 0 0 302.941 304.168 308.034 310.036 304.375 322.827 309.927 352.735 501.589 667.081 679.659 694.43 702.899 701.227 717.529 736.901 737.725 747.767 745.328 767.196 757.198 751.048 776.27 763.96 769.51 770.586 747.704 767.632 753.413 733.632 747.617 752.321 694.472 713.249 715.47 693.007 675.168 620.437 422.301 301.388 335.621 331.879 326.223 318.535 304.98 304.088 300.659 310.801 298.14 311.885 302.061 308.024 279.795 294.249 282.86 274.454 275.285 262.386 259.036 0 0 0 
0 0 299.79 301.272 307.403 310.823 304.064 298.297 334.124 299.903 469.662 653 689.718 684.524 699.382 707.115 728.786 736.416 743.958 758.158 760.289 755.112 783.836 755.166 780.533 780.651 775.189 780.381 747.446 777.364 764.405 756.918 774.778 752.765 738.145 720.226 751.636 734.008 691.981 675.957 686.215 610.003 419.648 319.082 314.518 324.135 313.099 311.286 316.179 313.35 302.556 298.533 311.488 318.36 294.664 296.885 298.551 279.388 281.322 271.323 274.104 257.207 247.595 0 0 
0 0 304.59 298.05 305.082 317.349 307.24 305.96 323.786 406.979 614.046 678.873 679.985 700.532 718.917 734.797 742.94 735.746 762.434 772.774 756.865 762.023 792.706 769.289 802.527 759.541 785.425 761.029 778.851 774.702 770.792 802.768 771.596 755.884 789.463 749.664 745.51 733.542 718.571 726.158 705.87 686.084 563.211 394.135 313.308 295.272 341.414 333.223 308.273 324.938 312.151 309.607 312.1 305.4 290.328 302.925 292.706 301.63 286.847 288.761 277.066 257.245 254.431 0 0 
0 0 301.531 303.928 308.1 322.367 302.61 314.951 348.996 561.764 677.856 678.828 686.406 717.796 728.095 742.188 765.08 758.644 763.251 792.956 765.027 782.148 783.528 797.915 787.613 772.472 776.245 787.715 790.146 780.14 796.44 772.497 794.064 793.455 780.109 742.182 777.784 775.063 731.69 727.121 707.147 673.15 694.979 519.97 349.09 338.234 315.03 326.323 324.319 325.696 320.825 316.095 327.072 296.84 298.498 293.591 300.432 280.11 283.92 286.58 270.426 272.397 261.5 0 0 
0 0 305.349 307.617 312.879 320.409 304.169 331.243 455.893 654.42 673.765 687.371 712.997 725.377 734.399 768.377 762.295 749.453 778.405 796.899 767.92 808.651 774.67 792.599 754.568 784.626 771.306 787.382 766.677 778.613 770.141 796.768 795.416 770.678 802.479 782.292 787.125 768.271 732.173 740.853 739.374 710.916 702.835 689.263 413.291 333.245 361.806 307.736 296.704 335.084 317.779 311.957 307.56 297.253 306.392 311.576 297.553 289.656 300.943 278.953 277.856 271.562 267.41 0 0 
0 303.643 304.939 303.794 308.92 331.084 300.173 375.46 571.779 682.569 685.329 705.142 726.336 731.927 762.209 769.892 768.267 765.432 774.967 795.179 758.399 817.908 768.16 768.42 759.437 755.314 770.393 783.8 772.281 779.059 787.713 758.724 798.95 792.69 789.51 760.538 799.526 806.313 772.784 774.804 738.275 734.542 702.549 677.445 604.219 317.773 352.771 328.843 315 331.419 303.587 329.574 310.486 307.789 314.351 316.007 294.733 307.466 293.641 284.927 284.178 279.264 273.708 259.6 0 
0 309.612 304.116 304.159 306.27 335.117 286.233 457.727 643.303 682.397 699.562 715.634 737.468 755.081 770.242 771.018 781.559 774.713 786.175 794.352 761.612 785.778 757.563 750.386 756.174 762.688 760.656 784.229 802.961 778.233 789.618 788.785 776.751 805.788 811.824 792.265 794.191 782.997 764.272 771.207 738.301 739.622 721.198 692.132 709.27 468.883 335.741 340.469 332.836 342.859 309.562 317.552 321.91 316.283 333.924 304.534 316.103 309.316 300.115 299.054 294.629 287.564 275.184 263.863 0 
0 313.464 304.039 309.831 303.184 330.094 317.751 570.554 678.774 686.243 710.18 733.585 752.209 758.581 764.977 771.344 764.253 771.707 751.517 766.486 749.697 738.746 730.143 726.54 709.15 699.182 715.843 725.794 767.174 815.407 806.994 824.002 783.569 807.706 809.438 801.191 822.332 802.032 802.985 800.332 785.975 766.106 738.981 736.841 699.993 621.548 350.222 352.018 335.64 345.739 325.474 344.889 310.834 330.339 318.722 310.511 316.523 314.441 308.059 299.887 300.812 287.665 274.676 270.923 0 
0 310.847 313.584 307.312 298.44 335.073 382.649 635.873 685.946 705.442 734.492 763.392 764.502 765.701 780.909 770.089 793.846 777.76 761.534 781.164 783.868 743.186 743.993 711.629 620.316 526.18 469.726 445.484 431.679 511.688 624.038 757.228 768.244 756.277 804.017 764.48 824.729 788.925 785.55 788.27 784.169 751.419 740.435 722.011 687.473 677.801 407.447 330.196 310.396 327.077 320.567 332.252 313.389 320.031 298.955 311.161 310.801 301.952 294.56 303.279 293.318 277.957 276.167 269.668 0 
0 306.748 303.664 308.393 300.944 342.739 463.629 670.624 696.698 734.939 748.313 751.564 764.554 773.703 782.826 794.808 801.402 795.535 774.484 799.2 787.206 751.174 653.785 465.719 338.906 316.587 320.114 313.828 315.588 293.575 324.868 454.586 665.443 715.315 772.94 715.385 783.004 745.617 727.811 769.71 747.741 743.709 744.19 708.072 686.708 693.761 497.391 330.275 317.381 304.429 329.68 310.456 314.976 310.641 296.6 311.925 306.141 284.894 295.912 288.153 271.665 275.165 269.537 257.737 0 
0 310.241 309.674 307.986 294.648 358.929 538.507 689.016 720.894 746.077 739.141 760.36 780.934 782.8 796.057 800.001 796.507 798.906 767.231 803.407 773.024 579.367 355.312 293.658 300.95 301.475 312.297 306.028 312.654 319.217 311.791 285.718 442.076 623.773 768.19 674.612 769.319 781.046 755.59 792.638 742.887 774.153 725.265 710.438 701.382 673.086 557.337 344.657 317.481 297.376 321.838 291.347 311.43 304.101 302.905 311.725 287.86 297.323 296.496 277.389 277.13 275.802 267.283 263.568 0 
0 312.476 315.738 322.518 299.849 399.801 610.501 708.481 726.677 733.862 745.332 769.041 766.077 787.982 789.141 791.522 797.21 802.878 769.593 804.168 608.719 334.862 295.901 310.88 313.297 314.719 307.684 308.984 296.185 283.614 292.618 306.462 320.111 469.736 671.995 760.455 743.443 722.055 744.896 756.566 777.507 778.564 736.468 748.695 704.541 678.844 614.101 401.294 322.081 287.569 317.71 288.244 321.289 288.514 314.836 290.687 287.13 287.114 276.313 283.484 285.766 277.721 271.834 254.388 0 
0 318.344 321.939 328.147 293.189 420.916 632.355 694.885 707.6 725.063 745.173 762.38 778.036 798.751 789.899 795.473 786.845 817.594 758.815 729.562 393.166 292.326 310.841 311.164 311.508 314.006 315.192 309.471 312.446 311.041 290.486 275.406 280.231 345.001 543.356 681.279 735.559 753.355 767.768 718.878 766.671 730.174 764.787 730.228 702.235 687.921 658.623 426.27 319.516 297.224 311.635 319.02 296.067 307.632 301.734 288.111 301.322 288.179 288.383 280.307 282.313 277.173 259.551 252.659 0 
0 311.016 316.926 323.747 292.32 445.961 642.337 687.403 709.271 737.739 751.957 766.692 782.018 783.997 795.224 784.855 789.001 802.138 759.133 584.281 302.416 297.286 301.782 307.476 305.278 303.89 302.383 305.332 297.729 288.664 277.469 257.605 249.166 244.866 391.176 659.673 670.157 755.101 765.052 766.477 759.906 772.837 751.422 716.01 720.989 696.426 661.552 476.81 319.141 328.973 299.378 322.107 293.257 306.85 292.642 303.17 301.148 297.891 292.511 287.49 276.23 266.71 269.783 271.11 0 
0 308.497 311.799 326.995 303.809 455.049 654.706 687.734 718.205 730.334 739.971 771.877 782.018 779.338 791.603 783.575 789.773 790.753 754.385 453.273 287.206 295.896 298.171 306.689 296.793 306.492 310.946 301.264 299.746 296.058 283.106 273.804 277.072 284.854 296.025 551.063 557.597 638.641 724.469 750.535 767.857 770.771 749.629 745.429 713.74 679.334 664.419 510.121 328.964 319.616 305.387 301.172 309.554 311.389 297.237 311.614 292.85 284.556 295.397 288.101 270.621 270.116 267.878 259.53 0 
0 307.129 303.515 323.313 319.512 456.968 673.797 688.207 704.415 722.903 752.205 771.611 775.674 791.021 792.891 779.88 782.929 790.802 745.043 386.107 299.151 291.183 308.909 316.935 309.358 308.253 308.47 312.341 318.936 312.651 303.035 303.423 295.258 319.481 318.259 448.104 366.785 423.101 657.574 716.268 738.559 751.716 749.551 719.201 710.987 692.021 672.895 510.531 305.776 290.904 312.939 297.966 315.673 291.555 305.177 292.963 280.942 296.999 279.22 267.334 277.975 277.06 264.015 255.795 0 
0 314.823 314.133 316.635 321.005 428.177 675.695 685.084 706.952 736.862 753.786 761.507 782.08 792.11 797.65 778.172 790.485 776.514 755.696 344.855 310.262 290.127 310.624 311.423 301.142 308.072 313.576 310.359 298.617 295.034 294.016 305.958 311.373 311.582 317.041 392.761 323.025 339.834 635.309 724.983 747.962 742.304 735.855 734.934 728.252 686.878 665.271 529.699 321.758 306.343 303.314 307.348 293.042 294.999 300.669 281.792 297.483 287.264 278.424 286.569 283.094 274.187 268.316 258.171 0 
0 308.262 303.754 309.66 323.176 398.808 689.697 673.994 704.11 727.368 754.86 771.225 784.788 777.577 798.042 787.725 788.782 784.136 752.079 384.393 299.62 298.977 303.544 313.629 303.485 298.53 304.707 306.15 308.732 314.177 312.497 312.874 301.139 308.916 355.481 392.297 306.952 330.846 614.117 773.06 738.916 733.312 754.158 739.785 706.979 679.303 668.03 536.062 317.58 321.146 293.625 302.221 288.851 298.363 278.646 302.09 294.218 283.118 290.939 288.635 275.612 267.525 262.674 259.675 0 
0 306.354 301.954 308.879 327.803 387.892 667.971 669.053 700.697 733.357 745.903 766.104 787.004 788.707 795.402 792.663 782.575 795.164 756.222 481.042 277.473 312.159 302.608 309.997 310.928 305.783 313.14 312.658 314.444 308.215 310.616 310.786 312.181 316.576 366.097 481.191 329.395 384.86 688.241 739.526 758.054 757.795 735.173 722.867 716.887 696.251 672.198 510.91 316.321 304.101 308.624 287.923 310.138 296.163 308.266 292.244 286.157 287.851 282.855 280.424 277.781 272.098 267.337 266.629 0 
0 314.701 316.6 308.636 315.804 370.508 616.096 688.083 700.926 722.014 739.514 762.32 778.234 785.849 802.149 792.995 779.692 784.451 779.254 593.034 318.084 301.913 306.114 296.57 303.66 299.046 305.636 297.456 300.974 294.996 306.98 300.411 303.965 292.335 380.71 596.084 516.515 628.002 753.476 774.88 763.039 763.935 780.572 756.35 715.239 679.37 668.827 512.831 329.696 320.5 314.009 322.962 306.362 306.382 311.834 291.956 295.233 299.593 291.175 278.109 277.518 281.96 274.53 259.756 0 
0 0 314.366 308.16 304.304 371.529 580.736 695.132 692.556 710.856 746.813 760.791 761.439 788.346 791.319 796.713 792.784 792.097 788.683 696.616 444.864 282.951 321.266 299.983 294.422 298.033 306.932 306.662 304.046 292.272 306.484 293.071 292.519 288.411 490.264 681.826 674.414 763.14 754.639 774.36 785.127 776.803 755.742 723.714 711.664 687.633 679.956 499.85 324.244 325.632 305.65 321.04 304.11 313.625 295.993 302.319 301.786 286.295 283.066 288.162 284.67 273.271 263.366 0 0 
0 0 312.83 300.257 300.413 346.713 542.034 692.711 686.073 724.035 744.581 758.596 774.603 779.203 782.595 785.825 786.019 789.31 789.129 787.304 608.01 380.479 288.162 314.599 299.843 293.076 296.827 303.14 304.007 299.2 312.507 304.434 291.914 397.873 657.882 712.573 707.932 747.722 749.364 749.406 750.376 768.573 757.073 740.183 715.035 692.311 656.028 455.693 311.227 308.559 319.069 290.123 307.973 296.704 298.023 306.242 291.747 288.085 296.795 295.217 284.279 271.888 264.736 0 0 
0 0 313.732 306.824 316.034 296.024 486.243 674.502 699.464 702.897 727.89 753.088 774.716 776.565 798.877 791.76 800.022 797.64 785.275 794.006 759.787 605.281 387.635 282.461 301.176 302.754 294.088 299.558 299.85 308.154 316.353 297.252 377.183 607.805 721.021 727.261 708.84 728.753 760.707 780.857 781.227 760.896 736.827 712.984 685.38 667.026 632.386 400.848 306.916 317.365 308.54 323.545 297.864 305.274 310.035 290.91 300.902 307.885 295.03 281.526 279.46 277.292 270.907 0 0 
0 0 316.795 305.699 310.4 288.603 405.513 636.699 698.801 701.099 719.776 753.478 755.608 771.115 782.481 783.725 793.216 798.652 789.446 790.335 785.634 776.249 669.362 493.931 328.044 320.549 316.457 301.147 292.568 297.336 307.031 401.692 600.565 723.852 720.138 741.278 719.068 729.336 751.912 748.069 748.459 740.037 738.446 721.823 706.598 678.948 616.414 379.368 324.083 314.944 319.786 304.396 318.069 308.473 295.83 306.704 304.695 291.615 285.104 282.414 281.794 277.671 267.88 0 0 
0 0 0 310.241 308.374 306.172 309.911 589.137 683.913 688.726 716.301 734.898 747.595 763.323 763.557 784.482 779.63 792.493 783.04 777.7 767.885 766.761 756.14 718.19 647.946 521.425 452.673 436.263 419.676 474.67 580.903 713.266 779.53 762.423 751.328 774.709 764.977 781.778 785.454 777.688 776.945 761.193 750.657 724.033 702.049 688.332 539.568 338.452 324.819 329.755 308.271 322.782 316.559 307.032 314.679 311.684 298.726 294.382 301.17 297.461 287.739 285.177 0 0 0 
0 0 0 316.814 305.145 307.76 290.577 467.164 659.856 681.931 698.304 706.716 742.284 748.651 749.639 767.124 758.983 774.683 764.842 764.84 750.824 742.022 738.103 710.365 691.74 714.097 689.293 676.997 740.911 811.074 812.606 803.4 792.327 786.867 785.477 806.532 794.812 794.701 798.603 803.686 791.402 777.096 751.604 738.946 716.418 694.433 485.984 345.667 344.75 339.289 349.391 325.291 321.367 336.701 325.38 314.055 317.835 316.233 312.373 312.15 296.451 286.143 0 0 0 
0 0 0 0 304.649 303.878 316.001 325.677 600.277 683.049 685.392 705.074 728.899 737.128 753.161 762.665 761.845 783.264 770.052 784.27 782.213 761.613 764.277 768.372 754.372 758.537 778.229 788.999 763.857 758.36 761.535 801.307 794.047 783.369 773.373 779.595 760.325 765.704 768.273 780.733 771.102 754.081 736.69 719.097 697.509 637.222 414.733 337.203 330.484 336.035 330.64 332.837 333.355 319.057 312.874 315.437 316.535 314.952 301.35 288.142 291.77 0 0 0 0 
0 0 0 0 315.764 298.216 310.232 311.494 458.523 675.896 675.003 709.602 716.14 728.955 766.742 751.694 762.472 781.019 763.992 778.142 787.141 786.038 776.793 772.573 758.085 769.88 768.856 767.463 794.561 798.01 768.89 762.932 750.074 775.351 787.186 809.479 793.165 791.217 781.067 771.029 751.053 737.002 709.276 688.446 683.712 539.126 350.717 331.015 326.381 321.277 329.045 330.697 309.142 312.976 322.352 317.678 304.371 295.472 295.232 289.239 287.026 0 0 0 0 
0 0 0 0 0 309.766 300.127 324.883 338.865 566.43 672.939 679.872 703.026 711.992 732.101 735.337 752.696 771.976 768.516 780.34 785.188 785.123 792.371 788.63 768.793 774.683 772.477 775.773 784.295 784.426 788.193 801.108 784.106 774.195 761.694 786.269 772.537 776.687 765.149 761.611 750.806 729.249 710.552 693.89 646.919 429.769 326.897 330.588 317.563 333.479 315.317 313.765 331.777 328.928 309.357 295.023 298.493 299.209 298.297 293.491 0 0 0 0 0 
0 0 0 0 0 311.756 306.057 313.064 315.586 376.236 638.18 676.313 686.885 705.577 724.662 732.943 749.207 751.321 759.161 776.402 787.458 778.983 777.166 786.083 779.654 794.221 780.2 782.692 790.813 791.008 791.038 783.098 788.164 781.032 778.514 783.016 760.52 759.802 748.087 734.799 722.315 709.63 696.443 681.157 533.021 348.056 327.957 331.578 327.615 303.54 319.797 323.073 302.595 293.571 300.303 307.201 305.806 304.792 291.12 288.126 0 0 0 0 0 
0 0 0 0 0 0 320.956 306.857 312.659 329.558 458.451 673.921 679.382 689.942 699.768 705.934 736.951 744.356 749.408 758.449 771.99 782.273 780.896 782.723 764.984 793.063 786.393 790.221 789.364 781.421 797.006 780.301 783.053 774.484 785.359 783.885 752.625 743.244 726.922 717.967 711.417 696.306 688.773 617.926 406.915 317.793 335.403 314.96 322.889 333.727 316.076 304.185 314.378 315.491 313.306 304.26 295.404 281.564 281.536 0 0 0 0 0 0 
0 0 0 0 0 0 0 314.08 314.424 326.289 342.116 494.057 670.861 669.108 678.924 711.287 713.04 722.388 739.997 748.192 770.846 765.696 780.245 787.104 772.458 785.541 766.787 785.583 775.597 778.479 785.052 775.145 783.003 774.584 767.183 766.447 747.306 741.35 728.291 701.399 690.565 676.149 664.096 491.216 345.893 327.654 319.229 339.661 321.716 306.715 312.664 319.819 322.94 310.503 299.775 299.389 293.297 290.895 0 0 0 0 0 0 0 
0 0 0 0 0 0 0 0 312.124 310.285 311.571 363.787 539.544 681.549 668.017 680.299 699.473 710.452 722.552 734.651 751.747 762.287 772.582 775.583 772.792 777.913 763.317 781.925 770.615 790.805 766.13 767.301 769.061 752.549 752.197 747.146 727.713 718.055 710.485 691.738 675.552 667.23 554.991 365.878 328.382 335.368 318.185 303.755 318.654 332.59 326.487 306.638 298.337 298.09 297.964 295.067 295.905 0 0 0 0 0 0 0 0 
0 0 0 0 0 0 0 0 326.58 308.673 304.36 318.496 392.682 558.272 671.523 669.084 680.696 696.795 703.898 720.399 746.391 763.055 764.043 772.325 749.061 760.72 749.95 761.15 773.998 775.117 739.317 754.763 744.382 726.775 727.819 723.195 704.232 690.537 682.476 676.034 667.174 578.537 398.755 318.617 320.836 311.731 332.568 335.621 311.05 295.062 302.31 304.667 307.063 306.891 300.595 297.294 293.38 0 0 0 0 0 0 0 0 
0 0 0 0 0 0 0 0 0 323.547 309.364 306.99 315.859 403.344 540.727 662.839 683.421 677.021 699.627 719.344 729.665 738.439 753.711 757.982 731.444 743.386 737.594 731.173 765.011 735.828 722.012 735.021 713.557 709.637 712.321 699.269 684.418 681.615 675.179 658.636 562.436 400.091 320.496 325.204 328.776 318.352 294.495 301.119 311.288 313.727 318.713 314.977 307.12 300.98 293.651 286.475 0 0 0 0 0 0 0 0 0 
0 0 0 0 0 0 0 0 0 0 319.511 309.892 301.922 319.407 387.265 494.156 646.64 690.152 691.008 699.509 713.011 722.042 727.147 737.414 703.565 734.709 719.911 735.106 747.949 698.474 712.108 711.689 686.524 691.96 697.18 678.814 671.819 667.179 639.308 517.854 372.509 321.273 313.988 311.912 304.922 314.725 320.591 314.466 312.132 296.138 295.087 295.827 293.576 289.138 287.966 0 0 0 0 0 0 0 0 0 0 
0 0 0 0 0 0 0 0 0 0 0 328.71 312.83 314.958 316.155 349.357 443.107 563.372 671.581 698.184 689.205 698.698 701.242 723.284 676.623 715.302 689.165 734.076 704.454 679.966 687.796 684.623 677.77 668.152 664.795 665.09 653.428 589.862 458.683 338.902 307.059 310.082 314.566 319.908 316.12 303.915 300.569 298.99 300.811 297.489 290.588 292.161 291.499 287.886 0 0 0 0 0 0 0 0 0 0 0 
0 0 0 0 0 0 0 0 0 0 0 0 0 318.593 312.232 318.107 332.33 364.116 439.674 568.198 652.466 678.198 665.476 690.128 663.389 701.542 694.783 730.489 659.422 668.825 662.499 660.45 657.481 657.306 643.756 595.103 483.072 369.613 311.244 316.737 310.988 306.108 300.398 296.063 306.679 299.226 304.343 302.942 303.891 302.565 296.304 288.516 0 0 0 0 0 0 0 0 0 0 0 0 0 
0 0 0 0 0 0 0 0 0 0 0 0 0 0 332.642 322.952 323.285 324.872 345.24 375.868 390.466 475.297 544.511 638.432 644.98 665.498 701.728 666.521 606.1 602.96 630.881 624.557 590.411 538.619 449.643 352.704 296.986 290.496 299.656 298.366 296.323 305.072 303.761 305.185 305.409 292.572 298.077 294.539 290.267 286.666 287.432 0 0 0 0 0 0 0 0 0 0 0 0 0 0 
0 0 0 0 0 0 0 0 0 0 0 0 0 0 0 342.393 335.253 343.329 346.152 357.019 360.32 349.331 321.956 385.98 595.216 684.288 746.026 665.817 594.728 459.865 442.144 409.906 352.468 299.584 279.216 279.732 279.18 278.022 277.797 282.887 271.759 270.245 272.001 272.62 270.479 269.584 268.088 270.003 268.6 266.516 0 0 0 0 0 0 0 0 0 0 0 0 0 0 0 
0 0 0 0 0 0 0 0 0 0 0 0 0 0 0 0 0 332.158 313.458 315.166 307.963 297.623 278.663 339.57 561.234 694.424 689.988 655.08 455.483 317.994 298.539 280.094 276.904 272.282 281.126 279.934 276.711 283.702 284.417 286.886 289.942 291.06 287.786 285.336 284.418 285.572 278.543 280.847 0 0 0 0 0 0 0 0 0 0 0 0 0 0 0 0 0 
0 0 0 0 0 0 0 0 0 0 0 0 0 0 0 0 0 0 0 314.907 294.201 286.081 281.943 327.341 576.95 763.271 640.215 442.248 297.927 287.822 289.504 296.613 304.148 295.592 303.524 298.586 283.36 286.286 288.455 290.434 285.782 280.367 281.452 282.413 279.697 282.709 0 0 0 0 0 0 0 0 0 0 0 0 0 0 0 0 0 0 0 
0 0 0 0 0 0 0 0 0 0 0 0 0 0 0 0 0 0 0 0 0 298.397 295.955 297.315 558.495 698.419 469.447 281.988 295.915 292.527 277.455 277.781 280.134 287.9 299.408 299.528 292.691 290.535 286.265 284.389 288.279 280.814 283.109 282.314 0 0 0 0 0 0 0 0 0 0 0 0 0 0 0 0 0 0 0 0 0 
0 0 0 0 0 0 0 0 0 0 0 0 0 0 0 0 0 0 0 0 0 0 0 0 0 558.684 304.737 280.503 283.279 288.835 277.866 285.116 280.685 279.377 290.44 285.848 283.682 293.908 288.036 289.4 0 0 0 0 0 0 0 0 0 0 0 0 0 0 0 0 0 0 0 0 0 0 0 0 0 
0 0 0 0 0 0 0 0 0 0 0 0 0 0 0 0 0 0 0 0 0 0 0 0 0 0 0 0 0 0 0 0 0 0 0 0 0 0 0 0 0 0 0 0 0 0 0 0 0 0 0 0 0 0 0 0 0 0 0 0 0 0 0 0 0 
