0 0 0 0 0 0 0 0 0 0 0 0 0 0 0 0 0 0 0 0 0 0 0 0 0 0 0 0 0 0 0 0 0 0 0 0 0 0 0 0 0 0 0 0 0 0 0 0 0 0 0 0 0 0 0 0 0 0 0 0 0 0 0 0 0 
0 0 0 0 0 0 0 0 0 0 0 0 0 0 0 0 0 0 0 0 0 0 0 0 0 192.112 193.422 196.56 202.912 191.629 194.112 198.365 197.531 193.035 192.407 193.543 187.91 184.813 187.354 182.738 0 0 0 0 0 0 0 0 0 0 0 0 0 0 0 0 0 0 0 0 0 0 0 0 0 
0 0 0 0 0 0 0 0 0 0 0 0 0 0 0 0 0 0 0 0 0 190.298 194.117 194.778 200.576 202.21 197.476 201.814 202.123 196.803 199.215 201.162 200.645 195.963 198.771 198.478 190.269 196.177 186.513 189.164 188.904 184.197 185.33 173.686 0 0 0 0 0 0 0 0 0 0 0 0 0 0 0 0 0 0 0 0 0 
0 0 0 0 0 0 0 0 0 0 0 0 0 0 0 0 0 0 0 194.004 206.457 199.45 206.29 199.58 205.574 202.288 200.675 207.615 199.188 203.804 202.734 206.137 200.58 199.398 204.212 199.36 199.724 194.418 189.936 198.823 190.989 190.893 186.786 179.669 184.907 174.835 0 0 0 0 0 0 0 0 0 0 0 0 0 0 0 0 0 0 0 
0 0 0 0 0 0 0 0 0 0 0 0 0 0 0 0 0 189.114 200.257 207.381 207.778 199.935 208.991 204.029 211.078 205.832 206.846 205.177 202.409 209.751 206.035 203.785 202.221 206.009 206.224 205.649 201.529 190.797 199.725 200.165 198.463 192.829 188.525 189.577 184.888 186.557 188.175 170.556 0 0 0 0 0 0 0 0 0 0 0 0 0 0 0 0 0 
0 0 0 0 0 0 0 0 0 0 0 0 0 0 0 202.43 205.802 200.635 201.092 211.594 209.733 208.239 207.23 205.187 213.228 207.66 210.211 204.747 208.823 213.15 212.075 205.38 211.022 210.921 210.719 210.354 197.424 198.983 205.02 200.98 202.811 195.174 196.048 190.133 191.422 193.714 182.294 176.266 174.368 171.503 0 0 0 0 0 0 0 0 0 0 0 0 0 0 0 
0 0 0 0 0 0 0 0 0 0 0 0 0 0 206.302 213.441 206.155 204.439 207.666 211.939 211.065 213.437 207.335 211.419 213.104 212.215 212.771 206.972 210.333 215.074 207.265 206.403 219.907 210.719 213.878 204.853 199.419 205.504 205.685 206.32 205.467 199.608 195.029 197.815 198.071 188.045 188.295 184.97 183.617 180.289 176.149 0 0 0 0 0 0 0 0 0 0 0 0 0 0 
0 0 0 0 0 0 0 0 0 0 0 0 0 209.168 213.217 214.995 207.917 208.399 211.903 215.328 207.882 216.34 208.594 215.813 210.91 217.956 210.068 210.518 213.075 219.604 208.854 214.99 219.799 212.45 211.676 204.261 206.591 213.476 215.996 207.926 205.173 201.812 197.267 204.847 197.791 195.074 195.996 187.862 187.567 186.436 177.232 172.345 0 0 0 0 0 0 0 0 0 0 0 0 0 
0 0 0 0 0 0 0 0 0 0 0 205.957 213.196 208.726 213.624 216.871 210.23 212.749 214.383 219.205 210.229 215.52 212.722 217.913 211.862 222.278 209.883 211.438 215.548 216.365 209.152 215.102 216.877 220.443 207.02 212.135 209.408 217.577 209.538 206.041 205.822 205.553 204.543 203.725 199.673 199.82 197.411 190.395 189.378 184.079 180.751 180.622 174.188 167.014 0 0 0 0 0 0 0 0 0 0 0 
0 0 0 0 0 0 0 0 0 0 198.947 212.276 213.866 221.943 216.687 209.024 219.762 215.079 211.314 222.713 215.952 218.432 212.611 212.32 221.495 221.663 203.433 212.503 220.147 218.383 213.61 217.157 223.056 211.553 212.983 218.552 211.471 210.683 210.213 212.413 214.294 202.464 206.932 205.935 204.78 196.008 200.058 194.604 194.004 189.01 186.046 184.735 181.026 174.582 164.145 0 0 0 0 0 0 0 0 0 0 
0 0 0 0 0 0 0 0 0 211.893 207.661 210.799 215.176 223.046 219.846 210.948 225.155 214.43 213.433 219.796 223.982 217.905 213.529 216.307 222.072 207.837 211.16 222.859 218.201 212.435 219.375 223.035 223.527 208.792 217.547 212.978 213.072 210.626 220.987 217.171 214.993 199.538 210.528 202.174 202.991 204.733 202.857 198.66 199.349 194.084 193.812 191.035 181.756 173.433 170.524 162.078 0 0 0 0 0 0 0 0 0 
0 0 0 0 0 0 0 0 200.565 224.401 209.813 208.177 218.471 224.191 216.399 215.207 230.501 213.547 219.394 218.736 218.988 218.266 219.425 219.921 220.057 215.287 212.401 217.038 218.472 220.373 220.662 220.014 215.815 214.298 227.235 212.925 206.484 222.331 218.06 207.246 207.144 208.116 208.156 212.338 207.514 200.728 206.861 203.94 199.142 193.497 198.425 185.671 181.506 180.224 173.523 173.955 165.192 0 0 0 0 0 0 0 0 
0 0 0 0 0 0 0 0 208.082 227.053 213.465 207.645 222.01 223.199 214.331 220.731 224.576 218.67 233.18 215.323 217.958 222.321 214.989 230.133 218.946 202.952 221.532 219.798 207.603 222.948 223.92 211.798 215.962 229.121 219.235 203.132 208.409 222.71 209.542 211.643 213.593 216.841 216.615 213.204 200.202 206.078 204.805 200.758 199.833 196.014 195.653 190.242 190.17 180.325 181.663 179.898 170.211 0 0 0 0 0 0 0 0 
0 0 0 0 0 0 0 212.264 213.288 228.743 217.73 208.037 232.225 221.066 219.89 230.648 214.333 226.711 224.359 222.766 231.573 207.45 232.866 236.881 214.506 212.848 214.209 203.519 221.305 233.881 210.507 203.054 222.595 224.498 206.477 210.421 221.125 218.414 206.168 209.849 213.522 218.163 206.557 202.684 199.279 214.707 210.61 200.323 188.921 198.894 200.577 192.749 187.298 186.399 191.77 175.121 166.814 164.898 0 0 0 0 0 0 0 
0 0 0 0 0 0 211.18 211.138 213.156 228.623 217.155 208.674 231.615 215.427 235.44 225.364 230.4 224.838 215.921 230.292 231.564 235.52 224.755 225.126 204.029 220.763 216.108 203.991 220.442 225.433 211.735 211.485 223.361 211.365 215.728 214.933 214.467 205.366 211.269 213.351 211.389 208.713 204.211 203.185 210.974 217.203 200.402 188.58 195.982 207.497 199.571 187.415 188.496 190.583 182.014 175.305 175.181 167.688 161.933 0 0 0 0 0 0 
0 0 0 0 0 214.718 218.235 215.252 220.665 233.657 213.985 219.837 225.782 217.921 241.792 222.499 248.246 224.12 244.624 244.507 252.941 239.38 246.563 254.983 235.887 229.039 204.457 197.44 204.016 201.519 203.838 207.798 203.656 194.653 207.145 194.492 194.515 205.55 210.15 197.57 197.473 207.775 201.143 200.195 204.518 203.33 188.709 197.414 209.903 204.495 189.213 182.889 184.046 187.587 184.999 177.773 170.637 167.391 164.692 160.384 0 0 0 0 0 
0 0 0 0 0 222.43 221.6 216.519 224.121 236.984 218.823 231.584 212.116 235.08 225.031 243.033 235.289 244.249 253.265 285.633 287.322 315.494 357.04 382.505 362.555 328.356 288.592 266.986 211.861 186.896 210.206 190.071 205.458 220.684 213.198 197.152 214.677 216.657 199.967 195.087 210.309 215.64 195.375 193.397 201.705 206.946 195.866 200.621 204.745 194.97 180.535 190.412 196.135 193.627 183.811 179.753 179.749 182.036 170.077 151.564 0 0 0 0 0 
0 0 0 0 210.232 222.811 220.828 220.653 229.271 230.457 215.528 238.245 209.762 236.923 223.772 221.841 246.965 263.84 347.527 405.562 439.65 489.829 526.047 523.079 542.555 514.589 501.989 479.849 378.234 275.92 227.585 211.403 236.333 222.678 212.345 217.563 227.26 211.882 212.319 220.093 229.743 217.278 201.168 221.208 227.185 214.887 211.288 208.779 207.6 204.325 200.951 209.705 207.7 201.739 195.285 190.87 189.693 181.518 169.145 166.088 166.296 0 0 0 0 
0 0 0 0 214.309 224.383 217.216 215.095 231.333 225.489 225.602 220.176 234.408 221.24 229.504 253.291 335.498 418.428 515.812 562.765 583.968 617.326 615.409 604.954 629.113 623.454 640.276 609.581 554.951 424.612 274.367 241.657 236.836 225.235 238.319 226.981 228.232 223.937 224.251 223.672 223.072 221.685 221.004 225.935 222.331 211.413 209.543 217.923 223.1 208.626 223.484 221.987 216.685 198.399 196.817 197.845 201.718 187.173 185.184 182.218 173.499 0 0 0 0 
0 0 0 214.47 215.262 226.769 221.172 216.577 239.59 212.294 241.439 208.823 238.138 230.849 278.659 406.765 519.115 573.064 630.133 635.31 632.29 652.815 625.968 641.855 630.94 651.021 652.638 650.956 639.503 562.696 470.111 308.209 235.628 235.661 219.135 213.968 240.302 228.614 210.179 215.979 223.377 229.469 221.364 220.627 213.17 218.489 222.017 228.325 214.819 217.352 215.206 209.736 202.954 200.844 208.814 212.275 196.293 191.591 191.556 182.341 180.824 173.921 0 0 0 
0 0 0 222.998 216.463 228.78 222.315 212.221 238.615 214.821 232.595 224.467 238.249 318.158 455.608 582.059 624.258 623.806 634.801 637.76 636.813 654.926 641.003 659.131 651.28 671.546 637.685 651.523 618.432 614.343 578.001 518.777 428.422 282.119 217.757 237.041 242.719 217.847 220.826 238.666 225.584 222.238 215.372 217.824 227.635 234.123 229.892 217.224 216.512 212.441 212.474 219.446 207.945 208.422 216.646 206.889 198.769 199.534 190.376 191.105 181.514 165.923 0 0 0 
0 0 216.782 218.847 217.116 229.561 229.793 222.023 233.686 224.006 217.322 239.777 343.453 483.08 594.16 638.669 629.265 620.92 654.536 632.89 658.295 648.879 663.128 658.422 679.031 651.112 655.485 655.723 672.514 634.877 622.428 611.985 594.622 527.296 348.485 230.545 234.004 244.472 234.353 227.14 222.068 241.022 237.655 219.994 235.297 222.224 204.976 215.868 223.802 221.46 226.633 221.88 222.739 228.527 220.602 206.99 202.438 197.847 199.993 192.906 180.458 178.709 171.92 0 0 
0 0 220.159 217.293 219.754 228.985 220.159 234.003 227.226 246.81 250.639 334.938 496.439 582.646 624.26 636.309 638.335 639.087 666.348 636.048 674.49 652.001 678.59 667.27 659.672 656.858 659.899 681.194 677.969 671.3 652.269 625.227 636.312 625.168 568.944 441.881 270.497 222.762 230.645 233.446 240.904 254.288 218.412 215.925 243.124 226.355 232.37 252.297 234.939 226.941 225.778 217.726 213.177 215.515 210.421 206.088 206.149 214.501 206.685 194.249 190.67 186.323 177.722 0 0 
0 0 229.608 218.899 220.759 235.21 209.233 242.117 216.966 237.961 329.179 476.241 601.418 620.621 637.36 638.66 651.013 648.675 666.213 646.786 667.137 657.913 663.462 667.506 659.123 662.143 670.19 671.313 678.433 664.33 662.08 651.102 653.473 655.619 626.487 613.386 466.985 301.834 275.707 235.091 225.261 243.68 229.777 252.93 260.687 226.912 241.129 237.884 218.59 221.788 228.385 225.036 224.874 223.891 213.799 212.669 218.149 213.123 203.437 201.555 198.294 194.274 191.575 0 0 
0 0 223.561 226.909 213.867 244.756 211.321 254.141 233.039 293.374 471.145 568.227 630.11 630.52 652.625 658.793 658.055 648.7 662.796 661.56 657.154 664.045 644.208 639.772 643.731 642.887 662.496 671.358 676.63 683.421 664.2 665.726 668.499 660.409 633.771 646.461 596.809 467.239 296.426 225.863 262.669 261.828 236.963 238.492 236.251 220.297 245.637 231.437 221.039 238.512 235.01 227.691 232.817 231.16 226.688 228.428 223.791 212.941 206.015 201.794 199.24 195.809 185.341 0 0 
0 223.71 220.447 227.981 209.884 241.789 202.644 244.362 251.884 407.669 587.283 623.211 654.02 651.03 658.027 673.902 659.732 667.299 662.104 672.866 652.515 646.737 647.342 640.011 626.396 625.501 650.733 659.25 656.453 662.296 657.228 654.04 677.443 682.32 652.238 655.272 624.37 627.099 442.171 289.156 220.311 232.359 247.262 237.251 242.414 238.542 253.479 226.568 240.305 248.35 223.707 222.011 227.587 225.121 220.232 214.968 210.518 205.976 204.447 208.257 203.448 194.905 187.113 177.901 0 
0 232.018 226.542 232.269 220.361 250.949 214.559 241.66 337.16 539.039 623.502 620.555 662.528 656.163 660.74 678.829 653.796 658.147 644.383 656.462 649.239 646.856 653.504 653.798 640.673 646.219 661.905 667.173 666.008 663.323 660.517 652.911 687.95 700.198 680.583 676.006 636.699 631.573 579.974 406.511 240.337 310.736 231.212 248.106 265.166 236.598 239.965 224.121 240.834 223.857 217.336 236.503 236.324 220.495 222.684 227.137 220.412 218.546 220.251 215.107 203.55 195.35 191.621 187.758 0 
0 226.673 224.57 228.617 218.844 249.485 217.853 270.29 466.113 613.297 643.275 642.503 673.881 672.736 656.183 669.913 626.643 655.555 635.892 652.259 652.995 659.768 657.323 652.306 646.929 653.214 644.662 662.624 672.153 686.209 679.733 641.585 676.703 690.004 702.777 691.178 699.358 655.953 638.013 563.667 269.845 248.61 257.847 237.497 225.606 237.561 251.937 238.128 248.299 226.717 242.99 246.092 230.518 231.719 243.056 235.301 230.056 229.409 222.488 210.802 206.952 203.307 203.965 196.81 0 
0 222.281 227.706 227.466 212.66 243.175 223.512 342.705 557.991 620.934 642.399 637.927 661.052 663.091 636.674 649.856 614.389 649.548 634.431 625.57 602.647 608.867 609.831 611.706 636.005 652.252 669.152 677.77 694.554 698.959 697.534 656.1 680.7 685.721 717.167 679.158 713.669 676.797 677.109 602.331 507.316 217.983 277.9 296.063 254.624 262.917 246.922 250.885 250.756 243.525 259.316 230.081 232.265 241.401 235.231 232.545 227.643 220.276 217.614 214.864 213.649 210.632 208.37 198.816 0 
0 222.83 235.927 237.447 219.641 252.615 251.706 457.559 616.305 636.466 663.828 653.889 661.657 663.54 633.788 644.647 630.572 648.748 635.084 632.427 617.464 562.55 475.504 397.798 367.716 350.686 400.421 482.921 576.774 656.562 699.497 653.126 689.552 666.216 703.172 680.365 698.461 691.674 666.672 654.527 585.894 310.225 252.748 244.943 257.709 281.202 225.602 250.39 242.5 248.593 236.982 223.12 238.287 239.231 224.16 218.297 216.648 221.129 220.747 215.917 214.274 207.424 197.8 186.155 0 
0 221.434 230.558 238.7 224.532 254.103 301.799 549.234 632.549 647.977 668.558 665.459 674.96 659.867 645.331 660.499 655.821 671.46 667.904 598.699 430.397 300.252 236.282 221.564 220.779 220.894 218.3 222.604 269.176 405.998 622.129 652.949 653.622 673.777 665.773 682.336 670.588 686.979 658.155 637.193 585.33 415.867 226.417 244.574 204.113 241.043 232.924 241.665 208.8 228.574 220.454 233.421 239.04 223.256 216.027 230.608 222.491 207.106 208.389 210.502 206.24 193.86 185.752 184.203 0 
0 216.719 223.196 242.122 225.694 257.498 393.952 608.029 636.033 652.944 671.366 672.142 663.648 629.881 652.555 648.668 656.181 662.624 542.005 309.893 208.93 212.298 204.4 215.072 211.141 213.09 213.497 208.297 197.556 208.241 335.501 601.47 642.857 733.727 687.072 660.604 660.896 657.9 689.028 653.423 655.062 506.73 296.757 247.908 216.531 234.413 244.95 225.867 229.615 227.821 215.167 226.153 202.513 205.343 225.124 218.566 205.303 208.301 209.501 199.621 188.161 186.935 190.652 190.429 0 
0 223.604 219.023 240.737 223.584 265.108 480.299 620.661 637.881 657.68 670.957 665.81 649.94 643.853 675.322 636.164 667.262 568.798 312.761 201.852 213.47 209.354 202.743 209.104 206.192 205.309 202.742 199.683 188.844 187.042 147.195 340.047 622.18 789.705 737.161 662.759 701.861 700.855 675.648 664.73 621.863 576.487 322.794 240.328 255.757 227.276 242.376 222.742 262.735 229.726 236.325 221.424 213.01 232.552 229.992 217.507 215.034 208.173 204.553 202.788 203.381 196.873 193.617 187.627 0 
0 219.809 217.952 234.533 235.647 293.582 552.833 636.967 648.637 655.437 666.311 674.667 641.03 650.944 680.873 627.066 650.47 384.524 213.977 211.133 211.825 206.83 207.777 212.956 214.878 213.972 213.962 208.447 198.139 201.815 189.091 205.333 592.641 672.935 710.58 687.582 658.263 669.674 682.037 675.195 663.188 622.534 387.272 242.461 232.115 215.474 230.774 235.476 221.075 234.415 245.151 230.589 240.287 231.588 208.567 208.704 214.348 210.861 211.327 207.305 206.293 198.744 190.59 187.543 0 
0 235.107 229.98 232.993 246.973 318.459 577.5 647.594 663.139 661.514 666.261 668.669 631.196 656.339 678.472 646.838 563.089 254.295 218.015 212.533 211.362 211.799 212.609 214.691 214.327 219.288 217.328 211.032 211.708 207.156 218.205 198.081 452.688 705.072 624.757 634.035 669.787 691.885 670.783 658.567 624.772 627.59 460.879 240.253 253.417 254.982 209.894 229.462 206.611 233.23 222.269 230.548 223.592 217.275 220.87 228.003 216.814 207.388 210.902 211.411 203.574 189.108 183.466 181.709 0 
0 221.613 227.508 229.531 258.873 350.861 607.647 641.257 660.013 667.993 666.472 657.29 618.723 662.211 666.503 664.054 455.577 213.149 221.269 211.91 206.22 213.781 217.609 212.081 215.09 221.751 221.087 215.529 212.924 211.368 210.054 210.874 355.224 663.007 650.076 628.199 625.92 665.774 688.798 676.993 660.847 622.91 458.321 256.932 229.822 234.321 246.184 219.791 251.464 219.605 215.277 225.386 210.803 220.98 223.054 217.467 208.703 208.801 209.974 202.425 196.854 193.416 195.012 198.265 0 
0 230.873 233.309 226 263.236 366.71 615.398 637.444 663.165 664.662 666.911 654.207 623.406 666.726 648.722 679.446 379.381 212.778 220.229 214.428 205.575 215.1 221.589 211.153 213.784 217.659 221.932 223.693 219.662 218.91 214.521 210.918 330.971 610.222 656.349 664.945 639.188 652.198 657.138 678.19 658.378 642.529 512.07 240.457 232.075 232.932 241.687 235.174 219.819 220.576 242.027 216.297 232.804 234.552 217.752 210.515 207.402 205.684 199.369 200.657 202.087 200.548 202.357 195.903 0 
0 227.209 224.914 215.289 247.009 387.208 622.601 642.358 659.853 677.072 662.112 635.552 633.173 671.905 642.263 682.861 364.452 216.562 225.3 221.197 212.669 215.01 222.294 217.104 210.838 218.297 221.246 222.622 221.741 220.098 217.052 215.185 349.787 603.674 649.993 674.867 646.124 652.37 655.869 654.798 655.711 633.664 506.985 281.007 246.41 227.72 212.548 232.885 221.094 240.295 222.041 223.019 224.523 205.087 213.515 230.269 222.624 213.193 209.744 205.843 200.244 192.209 188.292 183.503 0 
0 241.315 236.474 235.869 219.175 384.486 607.759 646.481 661.947 681.751 669.659 621.768 634.769 672.987 648.577 671.419 410.568 212.792 220.433 217.456 219.673 211.792 220.303 222.883 213.801 217.712 223.56 219.729 224.758 227.308 222.559 222.36 386.139 610.418 642.246 655.862 653.975 657.017 658.662 649.354 641.215 638.923 497.69 261.443 242.431 245.428 249.625 219.105 235.644 202.526 208.024 214.942 211.504 228.033 229.724 221.251 207.553 209.792 214.56 213.401 201.295 190.018 190.316 184.736 0 
0 235.868 230.956 245.838 225.595 385.675 596.549 631.251 655.296 660.77 687.378 635.837 606.223 664.026 663.467 649.906 506.856 210.154 223.869 213.691 223.811 213.704 216.384 218.961 219.813 218.667 215.614 222.224 221.541 218.155 225.784 231.19 456.481 625.934 639.361 650.38 650.548 662.67 668.464 662.326 638.353 614.894 486.747 265.88 249.957 231.554 216.375 232.955 211.682 237.748 231.204 211.373 225.976 222 211.344 209.448 213.867 215.431 206.332 195.936 193.498 197.755 198.41 190.924 0 
0 0 216.029 236.788 227.284 341.282 593.359 642.612 654.481 660.097 663.72 661.241 583.221 664.197 665.555 658.448 583.992 287.642 216.939 219.448 217.579 221.233 212.316 216.856 223 225.952 216.632 220.807 219.392 216.493 217.927 267.049 552.733 630.032 642.489 647.675 647.854 671.099 663.152 661.378 640.951 623.17 446.622 232.285 231.563 229.6 244.3 229.016 242.697 228.825 214.904 231.584 212.832 201.801 204.921 205.848 208.786 206.858 212.171 211.268 201.051 199.147 201.828 0 0 
0 0 234.787 231.313 234.91 283.544 552.516 636.075 660.776 665.47 673.265 686.629 598.168 644.67 669.048 663.297 643.461 448.132 212.462 224.853 222.301 221.883 222.925 213.666 215.432 221.241 225.856 223.283 220.64 219.857 217.015 395.64 629.472 627.819 638.614 640.9 657.635 674.782 671.608 652.768 625.946 606.591 396.598 250.844 248.601 231.011 213.962 227.103 218.783 219.917 234.633 209.952 207.769 228.279 231.882 214.177 212.492 206.54 207.38 205.198 203.004 203.476 188.523 0 0 
0 0 231.125 229.217 253.319 256.759 504.71 624.362 649.283 661.535 662.819 668.022 657.338 622.098 669.666 667.622 665.729 602.571 359.481 208.707 227.602 224.77 223.269 220.286 212.124 213.534 218.365 221.603 231.89 222.221 307.859 579.483 648.68 640.985 640.328 643.543 663.038 672.208 661.746 660.749 642.702 585.078 324.176 213.762 227.482 227.497 231.923 217.689 227.128 232.335 223.052 231.245 244.02 223.212 205.942 205.907 215.077 217.23 211.25 197.54 185.679 190.025 190.311 0 0 
0 0 241.558 224.956 225.536 230.54 411.76 612.016 632.608 659.637 670.107 671.967 679.081 635.064 635.826 672.769 661.618 656.589 598.29 374.393 235.784 217.933 214.938 221.724 218.922 217.865 219.545 219.112 215.153 290.615 527.293 653.674 648.354 653.759 628.938 643.359 657.375 656.195 651.772 640.356 631.499 536.507 294.06 244.716 235.513 232.068 214.043 236.278 224.028 220.967 232.814 222.735 213.922 212.791 211.537 213.2 209.361 208.772 201.142 199.392 202.848 200.641 189.932 0 0 
0 0 0 226.592 228.857 235.95 292.466 590.631 630.673 662.07 657.732 670.995 678.789 679.032 611.263 664.98 672.039 677.68 651.953 656.374 502.48 368.848 292.884 250.831 238.12 232.311 222.643 242.294 347.577 544.583 660.612 651.038 657.009 649.156 629.84 664.548 678.797 675.073 668.289 648.269 627.042 436.55 240.437 228.475 231.294 228.93 235.92 210.769 215.952 226.056 205.214 210.079 225.701 231.12 227.014 220.67 212.505 211.335 208.821 203.268 205.803 204.396 0 0 0 
0 0 0 244.024 229.476 226.609 236.459 447.006 628.266 629.579 650.44 662.18 654.531 666.232 622.88 610.363 630.782 640.292 616.164 613.307 634.651 559.357 513.422 466.027 420.752 411.929 468.034 574.172 673.822 712.317 700.664 688.345 680.002 662.635 659.968 682.188 677.857 678.562 673.183 661.743 601.748 352.219 269.877 261.033 258.144 250.348 241.634 255.159 250.459 235.903 252.084 260.149 246.579 229.517 233.164 231.72 232.301 229.516 225.184 222.254 220.84 213.379 0 0 0 
0 0 0 0 224.373 234.491 229.277 278.773 581.822 615.219 635.685 660.475 655.967 663.935 669.273 624.585 612.663 647.084 642.595 630.431 622.389 629.448 596.066 621.497 653.355 686.678 711.399 722.16 713.862 710.44 706.534 699.041 662.067 668.838 683.54 701.072 707.296 700.683 682.022 658.78 483.664 279.689 261.807 253.359 253.109 260.53 247.914 234.489 242.838 252.591 238.78 225.019 219.803 227.634 233.298 233.631 232.03 222.763 215.775 213.355 211.669 0 0 0 0 
0 0 0 0 240.957 226.64 241.99 235.719 403.369 621.257 626.079 659.293 649.368 657.344 671.136 674.094 631.415 642.653 627.267 646.253 657.571 657.426 682.361 668.862 655.415 683.171 663.016 664.241 693.591 685.426 661.08 657.818 664.456 707.009 698.857 684.801 673.698 651.566 639.66 549.177 323.588 256.255 255.837 249.052 251.377 231.135 252.451 256.251 236.512 226.936 232.593 241.515 245.314 243.395 234.166 226.543 222.248 217.194 217.599 222.619 215.564 0 0 0 0 
0 0 0 0 0 215.152 233.182 237.889 248.375 495.729 619.51 647.4 650.064 664.395 666.061 687.861 664.343 660.567 653.661 622.221 634.185 648.503 650.025 661.71 663.247 648.014 676.05 681.676 644.182 636.522 646.938 668.243 669.248 670.392 653.64 663.085 664.042 654.901 609.305 398.679 257.039 251.502 249.528 233.895 241.81 239.585 226.357 225.512 239.822 250.571 239.758 226.004 219.219 217.645 219.711 220.241 217.637 216.431 216.561 211.639 0 0 0 0 0 
0 0 0 0 0 234.809 238.391 242.066 238.087 273.479 508.257 623.232 636.977 655.882 665.013 677 671.71 665.998 677.291 670.867 666.776 668.257 663.078 643.283 645.552 642.176 617.791 629.904 653.392 656.213 654.077 665.168 683.686 692.963 676.078 653.775 634.174 609.714 441.332 273.554 252.355 250.545 254.855 243.775 231.026 241.28 242.207 240.964 230.808 215.798 206.101 214.266 223.179 224.024 222.976 219.155 214.717 211.638 213.061 205.601 0 0 0 0 0 
0 0 0 0 0 0 235.036 227.683 235.743 231.464 307.975 543.591 616.373 638.756 647.563 664.089 664.031 666.233 672.932 659.577 670.285 668.374 655.423 650.544 651.729 662.667 677.881 668.895 678.868 695.422 700.886 693.057 667.135 666.321 653.812 652.056 629.284 483.525 294.677 242.989 238.031 238.908 241.762 248.375 246.774 238.329 232.592 230.394 233.249 238.061 243.33 237.491 227.295 225.638 215.951 209.186 206.29 208.662 209.085 0 0 0 0 0 0 
0 0 0 0 0 0 0 231.673 226.373 235.314 217.531 313.902 531.24 606.368 636.982 653.108 656.247 665.872 667.056 665.94 669.535 672.396 677.121 674.602 691.146 690.277 693.061 684.316 678.506 667.225 672.124 685.253 678.685 665.734 645.035 613.793 466.321 297.974 247.962 252.359 252.594 239.693 237.612 216.633 223.291 239.062 248.873 243.799 235.855 226.506 223.179 227.833 227.591 221.359 216.545 220.369 223.437 218.574 0 0 0 0 0 0 0 
0 0 0 0 0 0 0 0 224.672 232.022 254.072 224.807 308.749 418.08 562.26 643.146 646.171 647.907 662.968 671.622 664.044 670.237 668.929 676.119 670.922 667.196 676.165 677.814 686.343 655.526 658.751 657.253 652.754 650.194 591.296 432.797 273.265 247.715 252.084 247.142 241.821 245.96 259.745 256.752 240.746 229.536 216.036 215.73 220.915 226.139 228.41 229.029 228.195 217.772 216.044 220.226 216.242 0 0 0 0 0 0 0 0 
0 0 0 0 0 0 0 0 246.689 237.488 233.434 240.865 230.463 258.313 333.343 440.631 577.083 623.93 646.142 646.339 640.406 655.72 656.147 651.738 665.753 665.41 653.202 650.099 663.907 656.93 642.662 632.899 614.342 532.842 379.719 268.532 247.069 245.113 242.399 231.89 235.298 224.625 227.577 231.355 227.091 236.427 241.805 241.173 232.638 225.916 221.328 218.05 217.786 221.228 218.142 213.802 208.458 0 0 0 0 0 0 0 0 
0 0 0 0 0 0 0 0 0 233.725 234.577 246.255 250.884 222.236 279.118 265.872 321.43 438.471 526.772 597.817 612.039 632.289 643.245 638.631 641.141 633.997 642.738 637.404 629.927 632.933 621.685 560.256 423.132 288.311 240.265 246.524 240.681 238.658 248.722 245.034 241.187 234.404 234.434 234.413 220.214 224.356 216.917 219.246 219.508 219.278 212.626 209.12 205.39 206.656 211.253 206.034 0 0 0 0 0 0 0 0 0 
0 0 0 0 0 0 0 0 0 0 244.19 241.277 248.675 233.859 237.262 260.602 247.521 277.104 343.788 379.985 412.458 482.588 510.478 554.955 562.82 574.692 580.705 580.827 540.74 464.424 369.627 273.864 217.268 218.509 221.07 218.523 206.203 208.695 203.738 211.034 212.168 205.072 205.997 215.158 218.007 221.382 223.996 216.266 217.134 211.738 211.812 212.488 212.954 207.155 201.555 0 0 0 0 0 0 0 0 0 0 
0 0 0 0 0 0 0 0 0 0 0 261.389 255.261 264.875 264.537 263.054 298.953 348.374 305.082 302.409 321.064 294.583 328.495 351.27 349.019 343.571 314.181 279.311 226.671 188.031 173.796 181.433 192.317 199.074 191.755 193.152 189.99 196.748 186.487 188.1 183.981 189.722 196.099 187.827 180.157 179.021 182.906 182.938 179.36 180.017 179.878 180.51 180.076 178.904 0 0 0 0 0 0 0 0 0 0 0 
0 0 0 0 0 0 0 0 0 0 0 0 0 236.446 248.9 259.417 238.788 264.561 260.994 232.013 229.447 258.399 251.976 219.376 239.273 226.612 208.665 183.559 181.731 200.349 214.856 202.907 185.293 180.803 179.937 175.175 178.524 190.078 198.337 205.214 194.779 201.029 206.108 205.472 207.47 202.073 192.026 198.046 196.633 199.841 198.991 191.487 0 0 0 0 0 0 0 0 0 0 0 0 0 
0 0 0 0 0 0 0 0 0 0 0 0 0 0 250.849 242.091 227.357 237.446 249.264 249.537 235.903 222.954 236.518 245.938 230.885 211.254 225.42 236.635 230.058 211.392 195.617 202.526 216.857 223.921 227.925 215.649 212.364 204.601 206.485 210.42 205.921 204.415 199.959 193.63 195.923 199.307 200.315 196.58 196.701 199.431 204.241 0 0 0 0 0 0 0 0 0 0 0 0 0 0 
0 0 0 0 0 0 0 0 0 0 0 0 0 0 0 234.168 228.294 228.053 235.568 235.05 246.768 230.099 223.373 223.738 235.477 237.762 223.509 203.782 213.151 227.854 239.362 225.543 213.434 204.165 207.721 201.208 214.655 215.619 215.457 211.755 208.355 211.346 214.182 207.389 200.924 201.584 208.9 208.903 206.213 197.132 0 0 0 0 0 0 0 0 0 0 0 0 0 0 0 
0 0 0 0 0 0 0 0 0 0 0 0 0 0 0 0 0 232.025 224.725 225.132 248.773 227.948 225.007 231.34 215.612 218.191 235.984 232.274 221.024 204.954 206.501 216.127 224.236 229.228 224.9 210.909 203.267 196.273 206.745 203.369 202.717 210.411 211.032 218.945 214.54 214.056 213.652 205.082 0 0 0 0 0 0 0 0 0 0 0 0 0 0 0 0 0 
0 0 0 0 0 0 0 0 0 0 0 0 0 0 0 0 0 0 0 224.709 235.759 226.539 225.012 231.813 220.098 220.28 214.005 215.66 222.943 225.154 216.264 205.99 200.604 209.835 215.262 223.813 221.267 211.217 209.681 206.612 204.026 208.46 212.077 211.165 212.941 211.501 0 0 0 0 0 0 0 0 0 0 0 0 0 0 0 0 0 0 0 
0 0 0 0 0 0 0 0 0 0 0 0 0 0 0 0 0 0 0 0 0 227.714 222.747 223.055 225.223 225.985 216.937 217.365 212.687 223.005 228.332 219.135 216.827 216.726 209.939 210.203 213.802 223.49 223.978 221.444 212.642 213.697 211.855 211.096 0 0 0 0 0 0 0 0 0 0 0 0 0 0 0 0 0 0 0 0 0 
0 0 0 0 0 0 0 0 0 0 0 0 0 0 0 0 0 0 0 0 0 0 0 0 0 219.501 216.874 216.271 216.005 217.928 216.188 219.291 223.151 220.24 220.529 215.413 205.902 212.259 214.954 219.847 0 0 0 0 0 0 0 0 0 0 0 0 0 0 0 0 0 0 0 0 0 0 0 0 0 
0 0 0 0 0 0 0 0 0 0 0 0 0 0 0 0 0 0 0 0 0 0 0 0 0 0 0 0 0 0 0 0 0 0 0 0 0 0 0 0 0 0 0 0 0 0 0 0 0 0 0 0 0 0 0 0 0 0 0 0 0 0 0 0 0 
