0 0 0 0 0 0 0 0 0 0 0 0 0 0 0 0 0 0 0 0 0 0 0 0 0 0 0 0 0 0 0 0 0 0 0 0 0 0 0 0 0 0 0 0 0 0 0 0 0 0 0 0 0 0 0 0 0 0 0 0 0 0 0 0 0 
0 0 0 0 0 0 0 0 0 0 0 0 0 0 0 0 0 0 0 0 0 0 0 0 0 144.704 149.426 142.456 156.924 138.634 151.836 135.94 147.392 144.298 140.396 149.239 133.726 145.719 136.688 140.334 0 0 0 0 0 0 0 0 0 0 0 0 0 0 0 0 0 0 0 0 0 0 0 0 0 
0 0 0 0 0 0 0 0 0 0 0 0 0 0 0 0 0 0 0 0 0 143.602 142.202 157.495 142.326 150.536 147.715 145.378 159.592 141.186 150.998 139.999 153.056 148.068 143.36 151.287 139.586 150.54 142.951 141.25 141.694 133.493 143.935 129.682 0 0 0 0 0 0 0 0 0 0 0 0 0 0 0 0 0 0 0 0 0 
0 0 0 0 0 0 0 0 0 0 0 0 0 0 0 0 0 0 0 145.135 149.526 150.355 145.993 154.728 146.664 150.336 149.381 154.072 157.835 146.389 148.413 143.138 157.259 146.667 148.77 150.558 144.397 152.66 143.764 141.75 146.247 139.352 141.754 135.402 143.523 136.923 0 0 0 0 0 0 0 0 0 0 0 0 0 0 0 0 0 0 0 
0 0 0 0 0 0 0 0 0 0 0 0 0 0 0 0 0 154.133 149.599 149.787 147.412 149.437 152.738 154.519 150.846 153.241 153.678 154.411 155.081 148.067 146.636 147.928 155.686 143.926 150.292 148.278 152.548 151.461 141.602 147.952 145.913 143.458 144.037 143.929 143.338 138.837 136.122 132.904 0 0 0 0 0 0 0 0 0 0 0 0 0 0 0 0 0 
0 0 0 0 0 0 0 0 0 0 0 0 0 0 0 161.231 151.015 147.323 153.101 151.623 153.075 153.989 154.445 152.961 150.122 159.247 156.124 157.969 156.401 156.013 155.262 150.909 156.413 144.701 157.578 155.323 157.236 145.253 141.662 154.622 144.357 151.975 147.11 145.491 143.612 142.063 139.59 136.53 135.722 133.368 0 0 0 0 0 0 0 0 0 0 0 0 0 0 0 
0 0 0 0 0 0 0 0 0 0 0 0 0 0 151.301 140.122 173.215 146.246 154.033 158.113 151.223 159.075 157.634 155.138 148.212 163.519 149.695 157.252 154.238 165.164 153.153 145.946 155.269 147.988 164.778 153.091 155.031 141.556 148.53 159.79 145.929 158.084 144.378 148.096 144.771 143.338 144.404 143.248 140.203 136.58 133.424 0 0 0 0 0 0 0 0 0 0 0 0 0 0 
0 0 0 0 0 0 0 0 0 0 0 0 0 157.32 154.909 146.189 163.284 163.677 145.904 154.395 166.435 157.148 156.442 152.112 159.299 166.64 148.71 157.568 154.148 171.583 146.672 150.625 160.336 153.814 166.272 151.919 154.368 146.476 161.782 156.371 148.563 153.763 140.821 148.162 144.774 148.194 151.568 141.137 139.616 136.622 137.141 132.123 0 0 0 0 0 0 0 0 0 0 0 0 0 
0 0 0 0 0 0 0 0 0 0 0 152.229 148.241 150.18 155.577 154.261 166.134 155.213 170.122 169.65 173.228 155.628 159.77 152.289 169.185 158.932 145.449 165.776 157.815 175.642 142.199 161.661 164.796 152.04 159.924 153.897 154.097 162.52 161.759 153.215 151.774 151.971 140.917 154.804 156.874 153.54 145.736 142.152 141.939 141.075 138.103 133.51 139.545 131.856 0 0 0 0 0 0 0 0 0 0 0 
0 0 0 0 0 0 0 0 0 0 143.099 160.691 155.386 153.236 154.364 147.754 162.876 147.619 187.061 236.115 169.29 146.883 159.32 167.872 169.254 155.007 158.382 183.365 149.46 166.489 138.357 168.678 170.962 150.5 150.472 157.939 161.089 160.75 156.201 144.765 151.685 158.279 152.17 160.071 152.973 147.272 150.631 144.756 143.578 141.461 140.084 145.418 143.583 136.788 126.621 0 0 0 0 0 0 0 0 0 0 
0 0 0 0 0 0 0 0 0 150.008 152.645 157.646 158.596 147.954 153.978 151.289 161.796 149.394 151.172 242.465 201.723 136.91 160.514 166.218 163.371 151.937 160.355 167.797 141.696 169.925 148.967 163.109 160.426 154.337 161.691 160.401 155.22 154.712 150.97 146.509 167.805 162.211 154.506 152.315 147.688 148.946 149.298 141.713 147.467 152.592 149.224 146.956 144.571 135.855 135.682 135.943 0 0 0 0 0 0 0 0 0 
0 0 0 0 0 0 0 0 147.409 152.312 155.746 159.806 158.317 149.951 156.879 161.387 165.716 155.461 147.784 187.014 231.201 158.034 168.574 147.562 159.159 169.259 158.315 167.089 148.583 173.157 137.226 155.806 155.585 165.423 152.921 159.717 155.132 155.466 164.529 156.317 176.576 161.024 147.374 148.4 146.099 157.132 153.702 154.453 158.328 144.855 141.274 147.407 137.213 130.481 136.177 127.842 126.76 0 0 0 0 0 0 0 0 
0 0 0 0 0 0 0 0 156.563 151.511 159.766 155.401 158.013 146.959 155.989 158.501 159.924 155.47 169.776 165.605 207.671 256.794 206.318 161.219 179.254 167.505 152.242 191.982 145.54 145.208 142.537 173.069 170.354 165.607 145.864 176.073 157.981 162.813 162.282 154.607 166.866 142.113 137.87 155.082 154.126 167.042 156.493 148.112 144.54 139.661 151.676 152.648 134.704 143.368 139.831 134.342 134.41 0 0 0 0 0 0 0 0 
0 0 0 0 0 0 0 159.242 157.751 156.955 164.582 158.144 161.337 157.108 156.701 164.1 145.929 151.421 162.219 149.179 142.14 216.47 216.376 232.069 243.512 216.111 236.014 265.026 221.789 203.237 160.2 171.393 149.959 171.444 164.093 178.975 150.23 155.821 154.803 155.347 160.718 154.704 159.531 164.002 164.567 168.716 149.968 149.882 147.013 153.64 156.105 148.178 141.292 147.275 139.804 145.271 143.372 136.202 0 0 0 0 0 0 0 
0 0 0 0 0 0 150.95 152.708 159.106 157.19 160.902 165.29 160.811 158.909 161.83 173.856 153.308 175.318 158.643 159.718 159.27 164.04 178.336 188.591 184.276 210.456 181.925 166.242 207.167 262.416 164.33 155.181 182.743 189.965 160.068 160.046 152.298 170.643 167.219 172.939 184.1 168.795 170.251 160.185 160.499 160.278 150.6 146.856 152.135 157.412 160.656 145.248 146.582 141.725 143.645 146.262 139.106 129.508 129.574 0 0 0 0 0 0 
0 0 0 0 0 153.895 159.448 157.005 158.193 155.917 163.533 170.62 157.237 155.247 161.748 163.777 151.031 176.269 142.256 170.963 141.756 159.82 180.567 144.68 176.186 162.869 152.008 181.723 147.809 186.849 229.719 183.31 164.974 147.555 145.369 168.021 161.977 156.111 147.426 158.465 155.835 140.51 146.163 136.404 151.272 154.655 155.908 151.854 167.25 164.76 156.519 143.895 146.949 148.315 153.177 147.213 131.63 132.711 132.308 127.431 0 0 0 0 0 
0 0 0 0 0 156.281 160.81 161.066 154.589 153.024 162.631 166.505 161.467 154.294 166.772 150.676 159.807 167.611 154.198 178.711 141.164 184.883 156.352 168.83 153.763 175.532 164.141 159.812 161.301 170.946 175.205 212.822 182.032 171.076 153.937 159.813 146.056 138.701 149.046 165.524 163.549 160.902 154.591 165.094 169.078 154.63 148.417 142.803 145.544 143.498 138.252 140.411 142.118 147.862 146.386 132.227 135.786 138.676 132.834 131.083 0 0 0 0 0 
0 0 0 0 155.407 155.961 159.074 155.423 155.642 155.144 166.929 165.947 158.006 170.752 175.554 154.483 174.517 153.319 179.161 153.542 166.379 157.72 176.214 158.209 183.111 162.806 150.697 192.766 146.898 158.256 166.72 234.688 137.254 140.631 161.961 178.274 158.273 152.115 169.584 169.053 157.783 139.383 134.72 156.074 147.224 145.293 142.028 157.018 157.359 146.636 142.178 134.423 143.666 143.848 135.173 128.834 128.411 123.594 128.759 127.203 123.949 0 0 0 0 
0 0 0 0 155.793 159.636 162.133 166.13 158.712 154.7 167.852 164.724 155.441 171.007 161.252 166.305 169.861 170.211 164.048 179.567 169.171 193.032 177.678 172.668 199.315 162.415 155.77 182.614 116.852 148.692 186.02 232.592 162.929 151.837 126.442 131.73 136.129 130.805 129.004 129.884 132.287 140.058 150.143 156.266 147.059 135.246 136.732 146.78 142.303 145.51 135.017 151.568 155.528 150.551 136.954 131.532 132.59 137.362 135.56 125.31 116.741 0 0 0 0 
0 0 0 152.613 155.275 163.538 162.836 166.108 164.484 169.197 181.392 172.226 161.718 186.987 159.837 181.503 167.597 193.648 198.099 183.25 196.424 223.093 238.016 264.177 319.567 314.67 339.304 363.261 308.492 319.424 255.242 181.148 142.023 138.713 127.541 167.858 166.292 140.401 148.098 163.527 150.575 141.849 151.942 138.129 131.345 140.028 146.546 146.834 142.451 137.769 133.244 136.961 130.3 128.143 128.404 127.722 133.446 137.877 133.228 126.816 123.866 121.124 0 0 0 
0 0 0 156.249 154.97 156.908 164.325 157.886 157.079 152.69 167.816 165.555 154.896 172.586 153.502 160.12 169.507 174.716 188.582 196.866 278.667 379.181 438.7 503.65 524.63 535.407 541.625 549.261 568.799 522.929 482.95 454.838 320.989 237.962 190.189 169.058 143.038 136.941 158.77 166.56 151.443 169.992 178.742 167.814 162.783 179.686 187.454 162.364 151.508 161.197 164.279 162.312 159.67 152.424 144.959 151.76 157.126 152.644 141.047 134.735 137.081 137.055 0 0 0 
0 0 152.625 161.321 157.735 160.046 166.907 164.067 162.535 160.385 176.786 159.816 174.091 160.487 176.167 165.822 171.739 208.093 314.828 428.69 532.043 566.439 565.845 589.28 556.854 583.018 573.441 599.193 577.21 566.035 576.688 565.455 556.039 496.043 384.161 267.365 198.793 186.877 204.644 176.025 147.437 177.558 181.418 161.028 154.897 175.325 162.056 148.676 164.11 172.524 174.503 163.53 156.766 159.258 165.598 170.478 171.023 157.243 150.675 150.899 150.551 147.893 138.42 0 0 
0 0 167.172 163.956 166.713 157.901 168.688 166.573 160.799 153.637 174.727 147.464 175.128 151.372 177.84 171.475 263.183 420.387 540.087 559.385 583.718 566.435 568.84 588.947 605.701 605.53 592.491 615.999 588.111 606.661 584.9 613.131 585.766 551.526 557.242 520.422 342.09 187.127 184.693 176.016 173.245 225.805 192.927 152.038 181.872 192.722 158.578 157.012 185.699 174.282 163.382 157.911 167.229 174.567 172.901 166.031 151.802 146.077 144.802 150.306 154.105 147.491 144.687 0 0 
0 0 158.727 157.792 160.199 156.989 168.174 175.517 166.215 158.996 182.477 143.066 176.67 166.708 185.688 304.306 489.43 562.776 584.26 565.709 589.811 573.983 612.434 602.04 612.016 585.115 609.967 610.951 620.151 585.962 614.779 622.393 609.245 591.246 565.511 588.816 536.934 398.22 285.157 195.743 141.106 179.999 165.757 159.289 210.852 197.061 168.408 191.354 205.991 176.918 167.877 163.925 161.649 156.693 164.419 163.497 156.603 157.41 162.23 163.4 154.689 149.45 146.382 0 0 
0 0 164.005 158.857 162.763 165.074 159.367 169.196 161.971 155.558 179.293 167.741 161.937 194.16 350.705 508.633 556.701 563.355 588.337 594.73 622.134 595.209 605.312 581.61 593.124 605.675 583.018 599.402 613.403 597.883 587.609 619.039 625.616 592.461 583.061 641.843 574.484 532.49 427.209 203.663 194.814 235.983 179.978 169.956 197.1 165.402 155.869 196.126 182.581 168.351 167.273 186.697 184.329 181.141 172.264 156.945 156.89 168.238 170.51 162.341 156.041 152.085 141.997 0 0 
0 160.475 162.43 166.304 160.226 161.687 160.973 171.69 159.943 157.54 168.255 164.574 178.581 333.785 529.684 562.565 574.547 601.446 612.374 600.467 601.388 585.579 593.127 600.169 583.943 589.926 598.297 587.92 587.837 580.518 604.645 606.632 644.033 615.436 581.019 629.656 596.085 600.383 582.974 430.552 186.959 167.065 203.692 184.214 190.103 153.956 174.884 199.42 168.338 166.145 196.584 184.743 166.507 173.155 175.013 178.596 182.443 173.18 165.358 160.46 159.654 153.964 156.129 158.489 0 
0 166.119 161.922 163.172 165.388 162.815 168.12 175.96 163.417 165.441 173.276 170.393 292.367 505.771 567.929 580.505 575.083 605.19 601.256 589.627 577.254 596.038 575.64 593.914 591.309 581.27 572.898 583.661 556.522 542.248 538.239 517.078 587.051 632.592 630.622 647.809 624.094 608.169 581.588 541.193 413.944 138.76 225.581 191.244 211.992 199.418 209.53 198.713 164.827 185.606 202.327 182.57 184.813 176.793 171.073 178.97 185.992 181.903 172.078 162.466 153.549 156.26 163.44 156.023 0 
0 162.564 164.707 163.14 169.855 164.519 157.89 176.915 162.828 171.482 158.799 248.127 482.184 576.556 584.536 612.028 590.79 612.962 587.539 589.64 587.908 583.875 584.656 583.307 583.48 585.925 599.275 629.169 635.707 602.463 399.791 257.389 294.955 386.912 537.708 636.089 628.679 635.273 578.979 602.364 504.568 292.55 190.968 158.505 191.093 177.575 187.599 170.205 167.867 200.718 169.465 149.93 164.462 177.631 171.838 168.087 162.749 154.365 154.799 162.349 166.242 169.223 156.271 146.154 0 
0 166.023 160.915 160.841 159.553 162.838 154.659 169.535 156.503 167.795 183.254 391.783 552.825 572.598 585.5 604.603 576.006 582.252 575.754 595.701 565.861 559.122 556.088 521.729 464.093 414.802 398.109 415.388 492.1 541.68 403.463 204.816 171.556 205.615 252.699 476.612 560.241 634.127 580.043 584.012 529.585 453.873 195.605 165.679 202.614 168.572 176.784 182.156 195.106 183.262 161.139 179.509 185.571 167.581 167.961 170.697 169.596 153.729 155.67 160.343 164.349 159.557 153.192 151.591 0 
0 167.799 161.048 166.602 162.838 167.891 156.966 172.128 177.018 182.334 288.061 521.243 577.138 601.297 609.654 609.529 594.981 603.538 603.53 600.461 600.304 562.896 435.278 301.61 220.579 184.265 174.508 176.432 159.505 206.338 370.22 399.949 207.222 216.362 110.812 355.297 443.403 593.859 611.596 559.765 573.671 496.139 276.873 171.535 171.4 124.903 179.973 148.166 162.826 155.217 147.11 169.348 163.071 157.067 152.667 143.924 144.314 155.253 164.238 160.367 140.72 136.932 144.857 141.336 0 
0 163.3 167.047 171.465 161.759 158.742 160.015 165.809 175.109 192.381 397.012 563.194 583.435 603.692 605.484 608.407 608.973 602.534 588.144 605.044 528.54 303.729 179.114 153.623 156.25 156.85 166.317 155.246 161.434 141.496 160.462 318.48 340.634 301.118 126.365 169.153 323.61 498.952 583.49 552.754 621.075 518.145 448.831 189.937 180.583 151.773 175.383 146.444 170.607 143.389 177.758 169.378 141.524 152.18 158.606 154.816 156.2 153.589 151.841 150.441 144.519 140.708 127.789 121.931 0 
0 161.788 160.675 167.714 170.496 164.86 160.964 160.333 178.149 243.228 507.02 579.584 597.195 604.558 608.464 605.071 619.467 584.02 603.811 534.914 282.801 161.013 158.598 164.925 161.825 162.379 160.93 157.774 150.223 144.127 137.52 162.79 318.675 394.879 218.373 125.553 237.367 457.663 567.321 567.658 538.827 558.306 491.074 229.501 217.718 159.121 162.533 161.817 168.138 163.468 170.541 150.401 154.291 157.129 157.686 160.48 169.315 162.331 143.447 137.168 135.535 142.26 148.836 152.593 0 
0 164.518 161.049 169.559 176.869 172.946 171.27 158.24 191.71 309.726 541.636 568.88 602.073 609.701 604.122 602.326 623.628 576.078 585.886 331.415 168.919 161.341 154.196 160.118 160.285 163.496 158.764 176.615 153.167 147.943 147.665 122.803 190.141 304.798 319.366 194.298 98.6912 270.346 551.31 599.214 580.099 583.853 478.875 354.982 138.458 176.562 150.06 178.754 150.235 170.857 155.896 148.708 171.68 164.52 157.366 157.139 153.945 145.662 138.471 145.401 150.559 150.23 149.852 143.732 0 
0 166.465 167.541 168.029 166.06 168.277 171.445 155.534 199.839 365.882 562.169 582.581 605.957 612.13 601.623 591.973 624.42 574.876 479.784 195.632 165.521 154.776 150.897 161.768 153.809 151.503 160.685 162.849 148.08 145.764 146.958 124.585 101.719 257.345 331.354 190.238 214.584 171.081 439.742 559.949 598.136 557.798 578.584 383.181 157.664 195.204 152.297 163.567 148.079 155.951 139.86 173.042 161.181 153.401 160.046 155.085 144.306 141.15 153.416 161.796 159.997 147.303 136.421 132.206 0 
0 161.19 161.667 163.859 164.228 166.58 177.4 164.121 208.919 409.345 560.694 581.929 608.413 611.765 603.309 592.266 613.95 575.287 359.672 156.706 161.383 156.13 154.237 157.29 152.543 155.478 171.404 162.219 154.028 149.381 152.037 141.108 133.624 168.537 395.503 190.009 165.316 194.029 373.563 576.395 556.307 581.7 552.378 432.933 242.162 156.923 157.142 157.455 181.951 158.026 168.234 165.861 141.208 143.732 145.549 147.408 159.406 166.525 157.705 155.749 143.411 140.7 143.982 143.854 0 
0 156.096 156.378 167.024 169.306 174.195 170.841 160.404 204.404 446.06 578.919 588.223 603.54 607.043 597.883 601.742 595.139 576.972 276.782 150.815 163.125 161.205 156.568 152.768 157.919 158.416 169.995 160.424 153.329 147.923 159.305 143.88 148.328 148.941 356.429 282.723 132.806 143.68 324.708 570.466 598.61 563.182 544.949 511.735 202.592 160.603 185.683 170.32 166.636 155.387 166.239 139.952 158.18 168.475 158.923 157.305 154.504 151.668 144.566 143.94 143.513 142.657 137.98 135.174 0 
0 168.051 170.667 166.305 162.092 162.9 163.601 171.541 202.993 458.73 579.686 598.514 593.34 602.904 600.748 608.537 586.665 595.016 228.5 154.427 155.802 162.738 150.893 156.276 157.893 157.844 166.602 160.207 150.524 153.539 160.013 144.258 153.022 152.781 335.99 302.99 163.349 147.573 250.276 578.966 584.268 582.153 577.858 465.915 253.865 189.752 154.585 160.219 144.764 172.289 165.359 169.491 167.567 151.667 156.599 159.029 156.042 150.672 148.082 143.824 136.995 138.826 144.986 144.895 0 
0 168.246 162.201 167.613 166.817 167.654 166.092 176.146 175.863 466.891 569.924 587.735 608.316 619.109 595.793 598.207 588.308 595.891 267.829 158.202 154.77 161.362 149.036 160.411 156.769 157.118 164.205 163.433 148.404 161.064 161.946 146.438 160.231 149.58 338.202 281.427 155.039 164.777 244.823 534.5 602.806 577.299 550.248 521.96 268.746 141.546 153.045 160.792 174.884 169.16 159.406 179.086 150.896 152.331 153.454 167.99 154.534 145.646 145.873 152.47 155.178 155.018 151.585 144.469 0 
0 162.729 157.598 167.049 163.892 171.226 169.754 184.127 182.951 443.425 562.208 584.761 599.707 615.203 614.181 599.521 584.81 581.079 373.249 142.916 163.826 155.448 157.309 155.478 154.294 155.024 162.745 166.223 142.736 157.106 159.545 144.938 162.449 159.844 368.394 263.504 156.108 156.923 297.342 542.56 563.399 608.833 575.887 483.465 197.256 196.204 192.358 170.954 155.188 146.562 173.873 142.418 160.467 172.728 156.866 152.371 159.158 161.709 157.031 158.469 153.529 147.495 142.114 136.699 0 
0 158.398 163.32 165.503 162.861 163.299 163.714 179.821 187.192 409.904 571.395 591.302 596.281 601.074 610.705 611.328 600.223 564.525 477.719 180.8 156.423 156.965 160.691 155.086 156.317 154.181 166.379 169.612 140.052 159.88 159.901 151.084 158.568 198.016 391.076 209.562 158.194 157.579 348.788 582.401 586.135 555.693 535.06 493.227 247.34 168.755 142.809 144.334 159.018 177.233 155.649 164.647 159.803 156.578 167.368 162.775 154.27 163.109 159.649 145.288 140.752 146.103 143.837 139.655 0 
0 0 166.688 160.896 171.602 168.64 166.12 155.07 188.711 349.931 566.756 588.692 608.016 606.954 607.28 592.975 605.687 599.911 527.601 280.099 150.115 157.211 157.373 154.007 159.206 151.421 168.822 167.583 142.916 158.721 160.084 154.4 150.096 305.94 358.696 166.897 169.748 169.93 427.913 579.928 596.556 583.55 568.773 406.833 169.229 161.319 185.702 170.644 176.826 163.829 158.862 167.051 167.129 147.257 155.377 167.284 163.493 152.005 147.22 149.348 145.383 141.936 142.914 0 0 
0 0 164.284 168.658 170.461 169.401 171.901 168.358 174.1 294.877 542.827 571.24 596.941 605.332 604.814 605.978 600.429 597.852 595.799 443.885 202.712 154.542 157.774 150.438 151.888 151.236 168.417 164.099 141.471 161.6 167.462 142.248 218.51 397.108 241.471 151.358 158.918 238.73 545.934 582.634 571.376 561.169 521.579 359.763 204.591 201.717 166.551 173.482 139.1 159.104 164.211 147.9 158.114 165.469 159.468 150.514 152.585 146.152 144.006 148.501 152.194 151.48 142.285 0 0 
0 0 172.547 165.72 156.665 162.292 167.904 170.194 167.845 259.126 482.468 579.025 594.273 609.527 601.724 604.217 601.393 598.004 603.032 571.67 426.913 201.329 151.378 150.837 148.6 150.207 175.673 156.888 144.278 166.285 145.218 183.81 374.038 310.01 168.681 171.082 174.801 391.794 563.759 599.455 593.99 579.336 537.825 272.48 132.391 133.87 156.322 151.774 176.216 156.837 142.14 162.652 164.679 165.437 162.958 151.486 153.505 159.74 150.929 145.916 149.88 151.496 145.717 0 0 
0 0 160.111 163.314 163.892 168.911 157.968 162.382 166.289 200.764 400.326 562.065 584.445 600.838 605.29 607.019 599.227 602.726 603.668 594.587 578.123 500.166 284.187 186.866 151.467 147.826 181.987 148.734 137.7 152.922 225.153 366.789 335.117 169.75 173.489 152.907 278.36 538.554 573.635 579.294 551.175 526.451 430.474 209.277 178.817 177.629 167.86 187.995 167.705 154.913 168.365 167.709 149.643 144.405 155.515 162.723 152.928 154.103 156.798 152.567 141.252 141.832 143.135 0 0 
0 0 0 163.732 165.705 168.247 163.031 169.126 169.028 159.44 305.825 512.605 573.175 591.859 605.212 594.48 592.54 594.04 590.612 587.224 565.145 568.62 574.665 431.439 318.352 271.055 258.528 218.127 266.512 363.734 419.421 325.697 203.739 181.742 190.89 238.079 490.588 612.066 612.241 600.963 577.498 557.451 391.734 197.706 192.895 151.495 174.967 143.079 166.39 175.354 164.841 156.591 161.488 163.151 168.571 168.482 165.825 152.182 153.923 155.248 159.206 148.064 0 0 0 
0 0 0 162.845 164.391 158.778 168.631 168.735 165.711 166.451 195.074 411.916 548.521 575.639 591.098 591.871 588.333 588.521 574.6 584.504 566.931 554.414 544.465 571.634 529.943 486.605 471.951 401.463 402.788 347.637 247.582 189.727 183.511 172.689 262.885 463.731 595.878 600.386 615.179 606.812 586.357 484.32 245.26 166.255 181.654 176.435 170.678 197.154 175.81 178.189 171.518 185.942 190.182 178.1 166.188 165.818 166.968 167.007 159.124 157.878 160.269 160.341 0 0 0 
0 0 0 0 160.898 159.599 160.748 165.977 158.08 175.389 165.46 286.191 486.163 574.101 586.606 601.368 607.51 603.917 598.056 613.83 597.838 607.366 608.73 603.058 640.272 652.215 445.998 206.563 182.413 145.642 134.205 145.396 191.743 303.005 505.714 580 589.428 577.101 565.836 546.818 524.082 351.015 180.434 178.497 168.085 186.501 170.541 158.465 152.337 164.662 184.305 169.818 165.614 165.078 159.588 150.972 154.859 156.668 157.616 156.405 152.238 0 0 0 0 
0 0 0 0 171.021 167.539 170.314 162.862 163.725 178.877 176.153 188.585 343.582 509.661 581.077 580.27 604.503 605.838 597.384 608.07 599.196 598.786 600.024 608.842 580.508 580.123 573.117 401.627 334.011 299.35 302.454 338.44 446.266 546.354 608.003 607.054 620.405 628.429 606.145 587.039 470.817 243.63 189.656 177.186 179.297 154.166 162.606 175.018 185.03 163.445 164.509 168.593 157.556 169.527 174.958 170.343 164.102 165.374 163.37 158.495 153.601 0 0 0 0 
0 0 0 0 0 166.674 166.662 161.532 165.565 154.997 151.733 171.655 196.396 364.207 521.855 572.035 577.475 586.141 595.344 593.259 598.49 587.303 573.184 570.07 549.503 553.454 588.068 533.895 540.884 509.43 558.507 618.727 661.613 652.904 655.962 635.733 614.71 607.591 583.467 528.638 321.926 209.035 204.709 196.865 192.481 214.159 202.358 182.839 175.034 181.703 170.842 189.066 190.165 176.684 181.28 181.003 169.055 163.618 166.727 164.477 0 0 0 0 0 
0 0 0 0 0 164.222 164.232 164.733 169.301 165.208 163.961 174.67 155.951 203.446 367.455 504.237 580.235 572.474 595.221 589.02 599.257 590.716 604.233 596.4 577.497 589.208 625.233 572.353 625.164 606.249 615.919 592.243 615.738 611.223 628.561 620.383 600.981 590.724 516.996 341.789 199.004 191.335 184.875 198.274 189.382 170.912 170.24 190.976 195.527 195.186 189.761 171.463 178.82 167.305 162.495 165.562 169.194 165.14 165.384 163.657 0 0 0 0 0 
0 0 0 0 0 0 167.773 166.818 168.89 168.174 168.664 161.362 162.376 155.539 195.764 335.403 479.071 573.431 570.945 580.224 610.815 589.819 589.11 597.188 597.206 596.879 642.253 583.532 622.119 600.365 624.104 615.79 610.118 594.24 602.672 591.047 570.466 527.677 347.349 210.323 190.635 183.818 159.622 164.893 190.495 189.071 190.601 178.365 175.773 170.07 172.259 164.977 165.098 180.246 165.555 166.592 169.477 169.456 158.847 0 0 0 0 0 0 
0 0 0 0 0 0 0 162.514 157.083 163.089 166.019 150.037 173.555 182.419 166.332 190.824 268.263 404.741 543.162 559.181 578.595 578.026 589.752 585.566 590.001 600.249 642.488 589.679 620.159 597.117 602.757 601.356 603.325 575.12 569.433 558.946 480.688 327.516 191.003 186.162 185.163 194.794 193.826 164.742 175.976 162.757 157.301 169.01 165.402 179.907 169.86 173.109 164.615 166.711 172.245 159.509 166.781 169.452 0 0 0 0 0 0 0 
0 0 0 0 0 0 0 0 171.024 175.804 169.898 160.303 167.39 156.649 159.826 151.598 183.178 203.871 294.09 466.094 542.496 554.676 579.452 573.806 572.877 572.546 623.746 566.559 598.743 574.413 574.357 569.785 569.036 563.391 521.624 399.38 260.524 194.159 186.076 176.094 185.421 158.14 170.116 161.271 178.492 194.504 176.095 172.21 170.865 166.618 176.054 169.232 169.792 160.168 165.471 162.786 148.413 0 0 0 0 0 0 0 0 
0 0 0 0 0 0 0 0 165.889 168.244 155.673 161.636 168.537 161.192 160.024 158.623 175.494 175.405 183.697 181.675 299.125 412.31 466.043 510.409 550.168 549.796 603.436 542.936 559.665 553.851 546.557 546.076 479.297 377.612 281.15 197.975 161.919 163.023 169.022 175.896 183.798 178.136 177.756 171.646 163.521 166.026 166.589 156.149 161.31 148.181 154.7 156.65 154.796 157.211 148.865 156.763 151.478 0 0 0 0 0 0 0 0 
0 0 0 0 0 0 0 0 0 165.862 162.792 167.708 177.157 170.078 170.524 172.226 184.547 165.581 186.763 209.484 191.954 190.891 262.466 308.788 339.927 410.934 464.692 444.9 446.682 411.059 353.362 294.004 193.83 157.977 143.983 155.226 157.651 151.114 131.69 138.352 139.824 147.129 142.648 144.552 146.203 146.192 152.032 143.599 148.408 154.162 142.573 152.305 143.798 137.891 140.496 130.652 0 0 0 0 0 0 0 0 0 
0 0 0 0 0 0 0 0 0 0 168.716 175.632 179.144 176.562 174.32 176.41 182.632 176.96 187.881 199.378 193.121 211.667 191.497 187.29 257.839 323.056 258.515 184.409 183.477 171.988 148.178 138.743 132.271 133.373 125.578 117.593 125.516 128.913 131.552 118.907 127.382 139.783 136.854 131.544 136.246 130.981 133.649 139.474 129.509 137.963 134.836 134.59 145.943 134.768 133.716 0 0 0 0 0 0 0 0 0 0 
0 0 0 0 0 0 0 0 0 0 0 168.283 165.126 169.329 170.687 171.405 165.182 164.896 166.698 169.711 169.82 180.629 173.411 167.226 182.219 251.508 212.593 179.86 155.754 141.052 144.826 138.982 146.141 151.329 154.603 150.662 161.402 150.146 156.852 136.25 152.829 143.915 142.695 137.005 145.026 138.338 141.837 143.04 142.776 138.476 147.174 130.158 138.878 139.023 0 0 0 0 0 0 0 0 0 0 0 
0 0 0 0 0 0 0 0 0 0 0 0 0 163.95 170.771 168.576 166.148 166.596 165.571 166.38 167.981 166.573 164.107 180.458 182.685 251.381 206.773 151.293 144.917 167.343 167.478 157.939 158.139 144.82 139.465 138.197 150.688 146.9 157.817 150.421 169.158 156.473 148.851 152.397 153.243 151.892 146.697 149.321 151.217 142.741 147.272 146.229 0 0 0 0 0 0 0 0 0 0 0 0 0 
0 0 0 0 0 0 0 0 0 0 0 0 0 0 162.63 165.935 158.789 162.223 166.689 161.14 165.67 167.003 162.914 171.641 164.006 262.412 232.75 154.371 147.366 157.608 165.363 158.247 168.255 157.802 151.654 154.094 159.056 145.927 149.238 148.701 152.691 154.316 147.898 158.272 149.515 152.766 154.827 152.087 152.156 153.362 141.841 0 0 0 0 0 0 0 0 0 0 0 0 0 0 
0 0 0 0 0 0 0 0 0 0 0 0 0 0 0 161.049 168.487 169.164 160.576 160.262 160.53 167.324 168.832 162.905 154.806 256.223 234.167 145.523 159.485 151.744 155.253 146.711 166.751 162.927 163.381 158.025 155.947 157.452 153.661 153.313 152.156 151.555 148.65 151.421 155.106 149.304 149.104 147.149 151.565 151.941 0 0 0 0 0 0 0 0 0 0 0 0 0 0 0 
0 0 0 0 0 0 0 0 0 0 0 0 0 0 0 0 0 155.169 158.32 162.806 164.021 163.591 166.177 167.751 161.782 250.265 237.687 142.07 158.859 156.63 157.661 153.89 158.083 151.456 158.494 165.395 161.747 160.501 147.525 151.033 154.978 153.192 151.804 153.48 160.64 152.497 150.796 142.561 0 0 0 0 0 0 0 0 0 0 0 0 0 0 0 0 0 
0 0 0 0 0 0 0 0 0 0 0 0 0 0 0 0 0 0 0 157.947 163.389 159.341 165.467 165.819 166.813 254.186 240.208 143.995 161.202 158.744 157.371 160.131 156.236 152.202 151.673 153 164.375 162.812 154.549 155.849 159.23 152.38 156.578 152.018 154.629 152.85 0 0 0 0 0 0 0 0 0 0 0 0 0 0 0 0 0 0 0 
0 0 0 0 0 0 0 0 0 0 0 0 0 0 0 0 0 0 0 0 0 158.978 160.91 163.718 165.432 253.576 236.479 149.038 162.043 160.185 159.521 160.861 157.22 161.042 153.179 157.051 158.324 156.172 155.497 157.073 161.075 157.404 151.934 152 0 0 0 0 0 0 0 0 0 0 0 0 0 0 0 0 0 0 0 0 0 
0 0 0 0 0 0 0 0 0 0 0 0 0 0 0 0 0 0 0 0 0 0 0 0 0 246.894 247.422 140.8 155.92 163.815 154.965 157.512 155.594 160.34 149.756 161.542 161.679 152.434 148.107 159.948 0 0 0 0 0 0 0 0 0 0 0 0 0 0 0 0 0 0 0 0 0 0 0 0 0 
0 0 0 0 0 0 0 0 0 0 0 0 0 0 0 0 0 0 0 0 0 0 0 0 0 0 0 0 0 0 0 0 0 0 0 0 0 0 0 0 0 0 0 0 0 0 0 0 0 0 0 0 0 0 0 0 0 0 0 0 0 0 0 0 0 
